Date,Open,High,Low,Close,Volume,Adj Close
2018-05-07,3.1,3.3,3.1,3.13,1681,3.13
2018-05-04,3.3,3.3,3.3,3.3,00,3.3
2018-05-03,3.3,3.3,3.3,3.3,00,3.3
2018-05-02,3.175,3.3,3.175,3.3,1805,3.3
2018-05-01,3.25,3.25,3.25,3.25,00,3.25
2018-04-30,3.25,3.25,3.25,3.25,596,3.25
2018-04-27,3.15,3.25,3.05,3.25,3023,3.25
2018-04-26,3.3,3.3,3.205,3.25,5099,3.25
2018-04-25,3.108,3.25,3.108,3.18,959,3.18
2018-04-24,3.25,3.25,3.25,3.25,00,3.25
2018-04-23,3.15,3.25,3.15,3.25,1762,3.25
2018-04-20,3.1155,3.1155,3.1155,3.1155,580,3.1155
2018-04-19,3.15,3.15,3.15,3.15,366,3.15
2018-04-18,3.095,3.12,3.05,3.1,7895,3.1
2018-04-17,3.095,3.1,3.095,3.1,2947,3.1
2018-04-16,3.15,3.15,3.15,3.15,1006,3.15
2018-04-13,3.2,3.2,3.125,3.15,4376,3.15
2018-04-12,3.2437,3.2437,3.2,3.2,545,3.2
2018-04-11,3.22,3.35,3.22,3.2672,715,3.2672
2018-04-10,3.25,3.25,3.25,3.25,606,3.25
2018-04-09,3.3717,3.3717,3.15,3.3,3284,3.3
2018-04-06,3.4433,3.4433,3.35,3.35,959,3.35
2018-04-05,3.45,3.45,3.45,3.45,00,3.45
2018-04-04,3.439,3.45,3.216,3.45,743,3.45
2018-04-03,3.15,3.45,3.15,3.3,1847,3.3
2018-04-02,3.35,3.35,3.35,3.35,631,3.35
2018-03-29,3.1,3.3,3.1,3.3,819,3.3
2018-03-28,3.3,3.3,3.1,3.2,2254,3.2
2018-03-27,3.25,3.25,3.25,3.25,00,3.25
2018-03-26,3.25,3.25,3.25,3.25,00,3.25
2018-03-23,3.125,3.25,3.1,3.25,1107,3.25
2018-03-22,3.1,3.25,3.1,3.1,653,3.1
2018-03-21,3.25,3.25,3.1,3.25,1264,3.25
2018-03-20,3.25,3.25,3.25,3.25,00,3.25
2018-03-19,3.2,3.25,3.15,3.25,2962,3.25
2018-03-16,3.211,3.3,3.2,3.2,2809,3.2
2018-03-15,3.3,3.3,3.205,3.3,3556,3.3
2018-03-14,3.3,3.3,3.25,3.295,1921,3.295
2018-03-13,3.35,3.35,3.25,3.3,5738,3.3
2018-03-12,3.425,3.5,3.35,3.425,3280,3.425
2018-03-09,3.357,3.45,3.35,3.35,1461,3.35
2018-03-08,3.35,3.35,3.35,3.35,00,3.35
2018-03-07,3.5,3.5,3.35,3.35,2146,3.35
2018-03-06,3.4,3.4,3.3,3.3,2204,3.3
2018-03-05,3.2525,3.35,3.2525,3.35,2451,3.35
2018-03-02,3.395,3.395,3.395,3.395,00,3.395
2018-03-01,3.35,3.395,3.35,3.395,1084,3.395
2018-02-28,3.5,3.5,3.3,3.45,5313,3.45
2018-02-27,3.6,3.6,3.6,3.6,00,3.6
2018-02-26,3.6,3.6,3.6,3.6,267,3.6
2018-02-23,3.505,3.505,3.505,3.505,508,3.505
2018-02-22,3.47,3.47,3.47,3.47,00,3.47
2018-02-21,3.45,3.47,3.4,3.47,1348,3.47
2018-02-20,3.5,3.5,3.5,3.5,00,3.5
2018-02-16,3.45,3.9,3.45,3.5,7895,3.5
2018-02-15,3.35,3.35,3.35,3.35,00,3.35
2018-02-14,3.35,3.35,3.35,3.35,229,3.35
2018-02-13,3.2,3.3,3.2,3.25,1869,3.25
2018-02-12,3.25,3.25,3.25,3.25,174,3.25
2018-02-09,3.15,3.15,3.1,3.1,720,3.1
2018-02-08,3.3,3.3,3.1,3.1,7085,3.1
2018-02-07,3.35,3.35,3.35,3.35,00,3.35
2018-02-06,3.35,3.35,3.35,3.35,568,3.35
2018-02-05,3.5,3.5,3.3,3.3,8502,3.3
2018-02-02,3.6,3.6,3.4,3.4,1553,3.4
2018-02-01,3.75,3.75,3.75,3.75,00,3.75
2018-01-31,3.75,3.75,3.75,3.75,00,3.75
2018-01-30,3.75,3.75,3.75,3.75,1321,3.75
2018-01-29,3.6,3.85,3.6,3.8,8843,3.8
2018-01-26,3.6,3.6,3.6,3.6,00,3.6
2018-01-25,3.35,3.6,3.35,3.6,421,3.6
2018-01-24,3.45,3.45,3.45,3.45,1694,3.45
2018-01-23,3.5,3.5,3.5,3.5,1665,3.5
2018-01-22,3.4933,3.5,3.4933,3.5,3114,3.5
2018-01-19,3.4,3.5,3.4,3.4881,2888,3.4881
2018-01-18,3.3,3.35,3.3,3.35,2275,3.35
2018-01-17,3.3,3.345,3.25,3.345,2732,3.345
2018-01-16,3.25,3.35,3.25,3.3,5877,3.3
2018-01-12,3.3,3.35,3.3,3.35,3732,3.35
2018-01-11,3.3,3.35,3.3,3.345,1883,3.345
2018-01-10,3.35,3.35,3.325,3.35,1486,3.35
2018-01-09,3.35,3.4383,3.35,3.4,1969,3.4
2018-01-08,3.6,3.6,3.35,3.35,12794,3.35
2018-01-05,3.25,3.65,3.25,3.65,7551,3.65
2018-01-04,3.35,3.4,3.25,3.25,2754,3.25
2018-01-03,3.4935,3.4935,3.25,3.35,24341,3.35
2018-01-02,3.46,3.46,3.25,3.25,2331,3.25
2017-12-29,3.5936,3.5936,3.3,3.4,2435,3.4
2017-12-28,3.55,3.55,3.25,3.25,9867,3.25
2017-12-27,3.55,3.55,3.35,3.35,3386,3.35
2017-12-26,3.65,3.65,3.5,3.6,6321,3.6
2017-12-22,3.85,3.85,3.6,3.85,5695,3.85
2017-12-21,3.6,4,3.6,3.85,6287,3.85
2017-12-20,3.6,3.7,3.425,3.45,3102,3.45
2017-12-19,3.4,3.75,3.4,3.75,5145,3.75
2017-12-18,3.3,3.7,3.3,3.7,7959,3.7
2017-12-15,3.394,3.6,3.205,3.55,10724,3.55
2017-12-14,3.08,3.45,3.08,3.4,5930,3.4
2017-12-13,3.15,3.2,3,3.15,12964,3.15
2017-12-12,3.2,3.35,3.1,3.1,20459,3.1
2017-12-11,3.4,3.45,3.2,3.35,10036,3.35
2017-12-08,3.5,3.5,3.35,3.45,2077,3.45
2017-12-07,3.6,3.6,3.5,3.5,3822,3.5
2017-12-06,3.625,3.625,3.625,3.625,35713,3.625
2017-12-05,3.7381,3.7381,3.45,3.5,2174,3.5
2017-12-04,3.5,3.6,3.3,3.6,1643,3.6
2017-12-01,3.66,3.7,3.5,3.7,871,3.7
2017-11-30,3.755,3.7728,3.6,3.6,3251,3.6
2017-11-29,3.7,3.7,3.6903,3.7,7374,3.7
2017-11-28,3.63,3.63,3.63,3.63,633,3.63
2017-11-27,3.611,3.7,3.512,3.6,7493,3.6
2017-11-24,3.688,3.7,3.6,3.7,1177,3.7
2017-11-22,3.8,3.8,3.7,3.7,1159,3.7
2017-11-21,3.75,3.8,3.6,3.6,1371,3.6
2017-11-20,3.7,3.8,3.7,3.7898,3386,3.7898
2017-11-17,3.8,3.8,3.6,3.6,1511,3.6
2017-11-16,3.55,3.65,3.55,3.65,911,3.65
2017-11-15,3.8,3.8,3.65,3.65,962,3.65
2017-11-14,3.65,3.8,3.55,3.6,2326,3.6
2017-11-13,3.5,3.5,3.5,3.5,00,3.5
2017-11-10,3.65,3.65,3.5,3.5,1651,3.5
2017-11-09,3.5,3.5,3.5,3.5,631,3.5
2017-11-08,3.65,3.65,3.45,3.45,1350,3.45
2017-11-07,3.4,3.4,3.4,3.4,192,3.4
2017-11-06,3.6,3.65,3.6,3.6,8769,3.6
2017-11-03,3.65,3.65,3.512,3.6,1343,3.6
2017-11-02,3.65,3.65,3.08,3.65,4332,3.65
2017-11-01,3.7,3.8,3.55,3.8,9641,3.8
2017-10-31,3.55,3.55,3.55,3.55,00,3.55
2017-10-30,3.5,3.55,3.5,3.55,4130,3.55
2017-10-27,3.25,3.5,3.25,3.5,2687,3.5
2017-10-26,3.2,3.25,3.2,3.25,651,3.25
2017-10-25,3.25,3.25,3.04,3.1,12481,3.1
2017-10-24,3.4,3.4,3.3445,3.4,1776,3.4
2017-10-23,3.2,3.45,3.2,3.25,9005,3.25
2017-10-20,3.3,3.35,3.2,3.35,2692,3.35
2017-10-19,3.2472,3.2472,3.2472,3.2472,805,3.2472
2017-10-18,3.4,3.55,3.25,3.25,10487,3.25
2017-10-17,3.3,3.3,3.3,3.3,00,3.3
2017-10-16,3.35,3.4,3.25,3.3,2799,3.3
2017-10-13,3.25,3.4,3.25,3.4,1346,3.4
2017-10-12,3.37,3.45,3.25,3.25,5913,3.25
2017-10-11,3.4,3.4,3.25,3.3,2226,3.3
2017-10-10,3.4,3.4,3.3,3.34,2280,3.34
2017-10-09,3.4,3.4,3.4,3.4,00,3.4
2017-10-06,3.25,3.4,3.25,3.4,917,3.4
2017-10-05,3.4,3.45,3.25,3.4,13074,3.4
2017-10-04,3.255,3.35,3.255,3.35,3977,3.35
2017-10-03,3.35,3.35,3.25,3.25,4370,3.25
2017-10-02,3.25,3.35,3.25,3.3,11052,3.3
2017-09-29,3.25,3.25,3.15,3.25,5271,3.25
2017-09-28,3.2,3.2,3.2,3.2,1408,3.2
2017-09-27,3.2,3.2,3.15,3.2,2580,3.2
2017-09-26,3.3,3.3,3.25,3.25,960,3.25
2017-09-25,3.2436,3.25,3.2249,3.25,1468,3.25
2017-09-22,3.3,3.3,3.25,3.3,1306,3.3
2017-09-21,3.2,3.3,3.2,3.2,2390,3.2
2017-09-20,3.25,3.3,3.2146,3.3,2124,3.3
2017-09-19,3.3,3.3,3.25,3.25,1700,3.25
2017-09-18,3.25,3.3,3.2,3.3,6807,3.3
2017-09-15,3.3,3.3,3.2,3.25,2373,3.25
2017-09-14,3.3,3.35,3.2064,3.3,3911,3.3
2017-09-13,3.3,3.3,3.2,3.3,2915,3.3
2017-09-12,3.35,3.4,3.3,3.4,1391,3.4
2017-09-11,3.4,3.4,3.35,3.4,959,3.4
2017-09-08,3.35,3.45,3.35,3.45,1583,3.45
2017-09-07,3.45,3.45,3.4,3.45,4100,3.45
2017-09-06,3.35,3.45,3.35,3.45,1803,3.45
2017-09-05,3.35,3.45,3.3,3.4,4788,3.4
2017-09-01,3.388,3.4,3.3,3.3,2578,3.3
2017-08-31,3.4,3.4,3.25,3.25,6995,3.25
2017-08-30,3.362,3.4,3.3,3.3,1467,3.3
2017-08-29,3.4,3.4,3.3,3.3,4914,3.3
2017-08-28,3.4,3.4,3.25,3.25,2710,3.25
2017-08-25,3.4,3.4,3.3934,3.3934,535,3.3934
2017-08-24,3.4,3.4,3.305,3.4,1858,3.4
2017-08-23,3.4,3.4,3.4,3.4,402,3.4
2017-08-22,3.45,3.45,3.35,3.35,512,3.35
2017-08-21,3.4,3.45,3.35,3.35,520,3.35
2017-08-18,3.45,3.45,3.45,3.45,196,3.45
2017-08-17,3.45,3.45,3.45,3.45,149,3.45
2017-08-16,3.35,3.35,3.35,3.35,202,3.35
2017-08-15,3.35,3.45,3.35,3.3601,1650,3.3601
2017-08-14,3.4,3.4,3.25,3.25,1210,3.25
2017-08-11,3.5,3.5,3.2,3.2,1033,3.2
2017-08-10,3.55,3.55,3.35,3.4,1502,3.4
2017-08-09,3.526,3.55,3.4,3.4,2270,3.4
2017-08-08,3.505,3.55,3.505,3.55,1624,3.55
2017-08-07,3.4,3.6,3.4,3.55,609,3.55
2017-08-04,3.6,3.6,3.6,3.6,00,3.6
2017-08-03,3.6,3.6,3.6,3.6,00,3.6
2017-08-02,3.6,3.6,3.6,3.6,637,3.6
2017-08-01,3.65,3.65,3.5,3.5,512,3.5
2017-07-31,3.55,3.65,3.45,3.55,3816,3.55
2017-07-28,3.6,3.6,3.6,3.6,00,3.6
2017-07-27,3.5,3.65,3.5,3.6,939,3.6
2017-07-26,3.6,3.65,3.5,3.6,1496,3.6
2017-07-25,3.65,3.65,3.5,3.5,3090,3.5
2017-07-24,3.65,3.65,3.55,3.65,1207,3.65
2017-07-21,3.6,3.6,3.6,3.6,1410,3.6
2017-07-20,3.6,3.65,3.55,3.65,899,3.65
2017-07-19,3.5,3.65,3.5,3.65,374,3.65
2017-07-18,3.55,3.6,3.55,3.6,485,3.6
2017-07-17,3.6,3.6,3.5604,3.5604,740,3.5604
2017-07-14,3.555,3.65,3.555,3.65,1018,3.65
2017-07-13,3.35,3.65,3.35,3.65,2906,3.65
2017-07-12,3.7,3.7,3.65,3.65,2982,3.65
2017-07-11,3.7,3.7,3.55,3.55,750,3.55
2017-07-10,3.5553,3.595,3.5553,3.595,755,3.595
2017-07-07,3.55,3.75,3.5,3.6,5024,3.6
2017-07-06,3.675,3.75,3.6718,3.7,1046,3.7
2017-07-05,3.6,3.7288,3.6,3.7288,1174,3.7288
2017-07-03,3.75,3.75,3.75,3.75,606,3.75
2017-06-30,3.5,3.75,3.5,3.75,3876,3.75
2017-06-29,3.745,3.745,3.68,3.7,1183,3.7
2017-06-28,3.7,3.7,3.7,3.7,00,3.7
2017-06-27,3.7,3.75,3.65,3.7,1525,3.7
2017-06-26,3.7,3.7,3.65,3.7,974,3.7
2017-06-23,3.65,3.75,3.6,3.65,1933,3.65
2017-06-22,3.6,3.75,3.6,3.7,2260,3.7
2017-06-21,3.7,3.7,3.7,3.7,588,3.7
2017-06-20,3.7,3.7,3.65,3.65,937,3.65
2017-06-19,3.6,3.7,3.6,3.65,1523,3.65
2017-06-16,3.6,3.7,3.55,3.65,5442,3.65
2017-06-15,3.75,3.75,3.65,3.65,1186,3.65
2017-06-14,3.6,3.7,3.6,3.7,2817,3.7
2017-06-13,3.75,3.8,3.7,3.8,2038,3.8
2017-06-12,3.684,3.8,3.65,3.8,1306,3.8
2017-06-09,3.8,3.8,3.6,3.65,6847,3.65
2017-06-08,3.85,3.85,3.85,3.85,133,3.85
2017-06-07,3.825,3.85,3.8152,3.85,1202,3.85
2017-06-06,3.8,3.85,3.7613,3.85,3625,3.85
2017-06-05,3.783,3.8,3.75,3.8,1651,3.8
2017-06-02,3.75,3.8,3.75,3.8,689,3.8
2017-06-01,3.8,3.8,3.65,3.65,4658,3.65
2017-05-31,3.7,3.8,3.6,3.6,5840,3.6
2017-05-30,3.65,3.8,3.65,3.8,1307,3.8
2017-05-26,3.75,3.8,3.75,3.8,1019,3.8
2017-05-25,3.75,3.75,3.65,3.75,2062,3.75
2017-05-24,3.7,3.7,3.7,3.7,00,3.7
2017-05-23,3.605,3.7,3.605,3.7,920,3.7
2017-05-22,3.7,3.75,3.7,3.7,1031,3.7
2017-05-19,3.65,3.75,3.6,3.75,5025,3.75
2017-05-18,3.7,3.7,3.7,3.7,554,3.7
2017-05-17,3.7,3.7,3.7,3.7,00,3.7
2017-05-16,3.725,3.725,3.7,3.7,787,3.7
2017-05-15,3.6,3.6322,3.55,3.6,6815,3.6
2017-05-12,3.65,3.65,3.55,3.55,500,3.55
2017-05-11,3.65,3.70,3.65,3.65,2000,3.65
2017-05-10,3.75,3.75,3.75,3.75,000,3.75
2017-05-09,3.76,3.76,3.75,3.75,800,3.75
2017-05-08,3.80,3.80,3.80,3.80,000,3.80
2017-05-05,3.85,3.85,3.75,3.80,900,3.80
2017-05-04,3.75,3.75,3.70,3.73,6200,3.73
2017-05-03,3.70,3.70,3.70,3.70,200,3.70
2017-05-02,3.65,3.75,3.65,3.70,4800,3.70
2017-05-01,3.88,3.90,3.65,3.85,2800,3.85
2017-04-28,3.90,3.95,3.90,3.95,1000,3.95
2017-04-27,3.85,3.85,3.85,3.85,000,3.85
2017-04-26,3.86,3.86,3.85,3.85,1500,3.85
2017-04-25,3.75,3.75,3.75,3.75,000,3.75
2017-04-24,3.75,3.75,3.75,3.75,400,3.75
2017-04-21,3.85,3.85,3.85,3.85,1100,3.85
2017-04-20,3.70,3.95,3.65,3.80,3700,3.80
2017-04-19,3.70,3.70,3.70,3.70,000,3.70
2017-04-18,3.70,3.75,3.70,3.70,3900,3.70
2017-04-17,3.70,3.95,3.70,3.85,2700,3.85
2017-04-13,3.80,3.80,3.80,3.80,600,3.80
2017-04-12,3.80,4.00,3.80,3.80,1600,3.80
2017-04-11,4.00,4.03,3.80,3.80,5000,3.80
2017-04-10,3.95,4.00,3.95,3.98,1400,3.96
2017-04-07,4.00,4.00,3.95,3.98,3100,3.96
2017-04-06,3.90,4.00,3.90,3.90,3200,3.880402
2017-04-05,3.95,3.95,3.81,3.85,1200,3.830653
2017-04-04,4.00,4.00,3.85,3.85,2100,3.830653
2017-04-03,3.85,3.85,3.75,3.75,1400,3.731156
2017-03-31,4.00,4.03,3.95,4.00,8000,3.979899
2017-03-30,3.70,4.00,3.70,4.00,3800,3.979899
2017-03-29,3.85,3.85,3.85,3.85,2700,3.830653
2017-03-28,3.80,3.85,3.70,3.70,800,3.681407
2017-03-27,3.75,3.75,3.75,3.75,500,3.731156
2017-03-24,3.66,3.90,3.66,3.90,2900,3.880402
2017-03-23,3.66,3.90,3.66,3.90,900,3.880402
2017-03-22,3.80,3.80,3.70,3.70,1400,3.681407
2017-03-21,3.95,3.95,3.90,3.95,1700,3.930151
2017-03-20,3.85,3.85,3.75,3.75,900,3.731156
2017-03-17,3.95,4.00,3.90,4.00,2100,3.979899
2017-03-16,3.95,3.95,3.95,3.95,300,3.930151
2017-03-15,3.95,3.95,3.86,3.95,8100,3.930151
2017-03-14,3.65,3.65,3.65,3.65,000,3.631658
2017-03-13,3.70,3.75,3.65,3.65,2500,3.631658
2017-03-10,3.70,3.70,3.70,3.70,400,3.681407
2017-03-09,3.75,3.75,3.75,3.75,400,3.731156
2017-03-08,3.85,3.85,3.71,3.80,1800,3.780904
2017-03-07,3.70,3.70,3.70,3.70,300,3.681407
2017-03-06,3.75,3.75,3.40,3.60,9200,3.581909
2017-03-03,3.75,3.75,3.75,3.75,1300,3.731156
2017-03-02,3.75,3.75,3.70,3.75,4600,3.731156
2017-03-01,3.90,3.90,3.75,3.75,1500,3.731156
2017-02-28,3.85,3.85,3.85,3.85,400,3.830653
2017-02-27,4.10,4.10,3.95,4.00,6600,3.979899
2017-02-24,3.80,3.80,3.80,3.80,000,3.780904
2017-02-23,3.80,3.80,3.80,3.80,000,3.780904
2017-02-22,3.75,3.90,3.75,3.80,2700,3.780904
2017-02-21,3.75,3.95,3.60,3.63,8300,3.611759
2017-02-17,3.75,3.90,3.75,3.90,900,3.880402
2017-02-16,3.75,3.89,3.70,3.89,1500,3.870452
2017-02-15,3.85,4.00,3.85,3.90,21900,3.880402
2017-02-14,3.74,4.20,3.70,3.95,21700,3.930151
2017-02-13,3.71,3.71,3.71,3.71,200,3.691357
2017-02-10,3.75,4.00,3.70,3.75,4000,3.731156
2017-02-09,3.70,3.70,3.70,3.70,000,3.681407
2017-02-08,3.70,3.70,3.70,3.70,300,3.681407
2017-02-07,3.66,3.66,3.66,3.66,300,3.641608
2017-02-06,3.85,3.87,3.65,3.65,2300,3.631658
2017-02-03,3.85,3.85,3.85,3.85,1400,3.830653
2017-02-02,3.85,3.85,3.85,3.85,500,3.830653
2017-02-01,3.75,3.81,3.75,3.80,2900,3.780904
2017-01-31,3.65,3.75,3.65,3.75,3300,3.731156
2017-01-30,3.71,3.75,3.70,3.70,4500,3.681407
2017-01-27,3.70,3.70,3.70,3.70,2700,3.681407
2017-01-26,3.75,3.75,3.61,3.65,9500,3.631658
2017-01-25,3.88,3.88,3.88,3.88,000,3.860503
2017-01-24,3.85,3.95,3.85,3.88,10900,3.860503
2017-01-23,3.85,3.85,3.85,3.85,1300,3.830653
2017-01-20,3.93,4.03,3.75,3.75,14400,3.731156
2017-01-19,4.05,4.05,4.00,4.00,5400,3.979899
2017-01-18,3.95,3.98,3.95,3.98,2100,3.96
2017-01-17,4.00,4.05,3.95,4.00,13200,3.979899
2017-01-13,4.05,4.05,3.95,3.95,4800,3.930151
2017-01-12,3.90,3.90,3.85,3.85,1800,3.830653
2017-01-11,4.05,4.05,4.05,4.05,000,4.029648
2017-01-10,4.05,4.05,3.95,4.05,4900,4.029648
2017-01-09,4.20,4.35,3.95,3.95,6900,3.930151
2017-01-06,4.10,4.10,4.10,4.10,1000,4.079397
2017-01-05,4.17,4.17,3.85,3.85,7000,3.830653
2017-01-04,4.15,4.20,4.10,4.10,4600,4.079397
2017-01-03,4.05,4.20,4.05,4.10,9900,4.079397
2016-12-30,3.95,4.20,3.95,4.10,50400,4.079397
2016-12-29,3.95,3.95,3.93,3.93,700,3.910251
2016-12-28,3.75,3.80,3.75,3.80,500,3.780904
2016-12-27,3.90,3.90,3.75,3.75,1900,3.731156
2016-12-23,3.98,3.98,3.98,3.98,900,3.96
2016-12-22,3.95,3.95,3.67,3.67,1200,3.651558
2016-12-21,4.05,4.05,3.80,3.80,1400,3.780904
2016-12-20,4.05,4.05,3.99,3.99,2000,3.96995
2016-12-19,3.95,3.95,3.86,3.86,1000,3.840603
2016-12-16,3.95,4.05,3.90,3.90,1100,3.880402
2016-12-15,4.05,4.05,4.05,4.05,600,4.029648
2016-12-14,4.05,4.05,3.90,3.95,8600,3.930151
2016-12-13,3.75,3.90,3.75,3.90,1000,3.880402
2016-12-12,3.95,3.95,3.72,3.72,2900,3.701306
2016-12-09,3.90,4.00,3.75,3.95,1600,3.930151
2016-12-08,3.90,4.00,3.85,3.85,1600,3.830653
2016-12-07,3.95,4.00,3.85,4.00,1300,3.979899
2016-12-06,3.95,3.95,3.85,3.85,800,3.830653
2016-12-05,3.95,4.00,3.75,4.00,1700,3.979899
2016-12-02,3.95,3.95,3.95,3.95,500,3.930151
2016-12-01,4.00,4.00,3.75,3.76,4000,3.741105
2016-11-30,4.00,4.00,4.00,4.00,500,3.979899
2016-11-29,4.00,4.00,3.75,3.75,800,3.731156
2016-11-28,4.00,4.00,3.98,4.00,1100,3.979899
2016-11-25,3.90,3.90,3.90,3.90,000,3.880402
2016-11-23,3.70,4.00,3.70,3.90,19000,3.880402
2016-11-22,4.00,4.00,3.75,3.85,1000,3.830653
2016-11-21,4.00,4.00,4.00,4.00,600,3.979899
2016-11-18,3.65,3.80,3.65,3.80,500,3.780904
2016-11-17,3.85,3.85,3.85,3.85,200,3.830653
2016-11-16,3.75,3.81,3.75,3.81,4800,3.790854
2016-11-15,3.70,3.70,3.70,3.70,000,3.681407
2016-11-14,3.69,3.70,3.66,3.70,1000,3.681407
2016-11-11,3.60,3.65,3.50,3.65,1200,3.631658
2016-11-10,3.60,3.70,3.45,3.70,3300,3.681407
2016-11-09,4.35,4.35,3.80,4.00,1100,3.979899
2016-11-08,3.85,3.97,3.85,3.90,1100,3.880402
2016-11-07,3.80,3.80,3.80,3.80,000,3.780904
2016-11-04,3.80,3.80,3.80,3.80,500,3.780904
2016-11-03,3.60,4.30,3.60,4.20,1800,4.178894
2016-11-02,3.85,3.85,3.85,3.85,000,3.830653
2016-11-01,3.52,3.95,3.52,3.85,2600,3.830653
2016-10-31,4.15,4.25,3.70,4.05,4000,4.029648
2016-10-28,4.15,4.15,4.15,4.15,000,4.129146
2016-10-27,4.15,4.15,4.15,4.15,000,4.129146
2016-10-26,3.41,4.30,3.41,4.15,3800,4.129146
2016-10-25,4.15,4.30,4.15,4.25,4600,4.228643
2016-10-24,4.15,4.15,3.91,4.15,6800,4.129146
2016-10-21,4.10,4.10,3.86,3.86,1400,3.840603
2016-10-20,4.15,4.15,4.00,4.00,3000,3.979899
2016-10-19,3.81,4.05,3.80,3.95,3200,3.930151
2016-10-18,4.00,4.65,3.85,4.05,8600,4.029648
2016-10-17,3.90,4.65,3.65,3.75,14800,3.731156
2016-10-14,3.77,3.78,3.76,3.78,1100,3.761005
2016-10-13,3.50,3.84,3.50,3.58,8900,3.56201
2016-10-12,3.49,3.49,3.35,3.42,1800,3.402814
2016-10-11,3.35,3.50,3.35,3.49,9800,3.472462
2016-10-10,3.39,3.39,3.30,3.30,2700,3.283417
2016-10-07,3.35,3.35,3.33,3.33,3100,3.313266
2016-10-06,3.36,3.40,3.27,3.27,2400,3.253568
2016-10-05,3.39,3.39,3.26,3.26,2100,3.243618
2016-10-04,3.35,3.45,3.21,3.44,10100,3.422714
2016-10-03,3.30,3.31,3.24,3.30,2300,3.283417
2016-09-30,3.32,3.32,3.24,3.24,3400,3.223719
2016-09-29,3.42,3.42,3.06,3.26,6600,3.243618
2016-09-28,3.42,3.45,3.37,3.37,1800,3.353065
2016-09-27,3.42,3.46,3.34,3.44,4000,3.422714
2016-09-26,3.36,3.43,3.31,3.42,3300,3.402814
2016-09-23,3.37,3.43,3.37,3.43,2100,3.412764
2016-09-22,3.30,3.41,3.30,3.30,1500,3.283417
2016-09-21,3.37,3.42,3.31,3.31,1800,3.293367
2016-09-20,3.36,3.40,3.35,3.37,2400,3.353065
2016-09-19,3.26,3.44,3.25,3.25,17200,3.233668
2016-09-16,3.40,3.48,3.24,3.24,9400,3.223719
2016-09-15,3.44,3.45,3.40,3.40,3500,3.382915
2016-09-14,3.28,3.50,3.28,3.47,7200,3.452563
2016-09-13,3.38,3.50,3.35,3.49,2400,3.472462
2016-09-12,3.57,3.57,3.34,3.36,11700,3.343115
2016-09-09,3.44,3.57,3.37,3.57,28700,3.55206
2016-09-08,3.39,3.45,3.18,3.44,10600,3.422714
2016-09-07,3.45,3.45,3.35,3.35,2900,3.333166
2016-09-06,3.51,3.68,3.27,3.45,12700,3.432663
2016-09-02,3.43,3.67,3.41,3.64,4700,3.621709
2016-09-01,3.65,3.66,3.62,3.66,3700,3.641608
2016-08-31,3.42,3.62,3.42,3.62,8800,3.601809
2016-08-30,3.65,3.65,3.35,3.54,9000,3.522211
2016-08-29,3.56,3.56,3.34,3.54,2800,3.522211
2016-08-26,3.63,3.63,3.12,3.54,16700,3.522211
2016-08-25,3.55,3.70,3.35,3.49,17700,3.472462
2016-08-24,3.44,3.78,3.42,3.55,4200,3.532161
2016-08-23,3.50,3.72,3.26,3.48,74700,3.462513
2016-08-22,3.90,4.29,3.51,3.51,139100,3.492362
2016-08-19,3.75,3.75,3.75,3.75,000,3.731156
2016-08-18,3.75,3.75,3.75,3.75,000,3.731156
2016-08-17,3.75,3.75,3.75,3.75,000,3.731156
2016-08-16,3.75,3.75,3.75,3.75,000,3.731156
2016-08-15,4.01,4.01,3.75,3.75,3700,3.731156
2016-08-12,4.06,4.06,4.06,4.06,000,4.039598
2016-08-11,4.07,4.13,4.00,4.06,8500,4.039598
2016-08-10,4.10,4.15,4.10,4.10,800,4.079397
2016-08-09,4.10,4.16,4.10,4.14,600,4.119196
2016-08-08,4.14,4.14,4.14,4.14,500,4.119196
2016-08-05,4.10,4.16,4.08,4.16,1100,4.139095
2016-08-04,4.25,4.25,4.15,4.16,700,4.139095
2016-08-03,4.18,4.25,4.10,4.25,2200,4.228643
2016-08-02,4.17,4.25,4.10,4.25,300,4.228643
2016-08-01,4.22,4.22,4.22,4.22,000,4.198794
2016-07-29,4.10,4.22,4.10,4.22,600,4.198794
2016-07-28,4.30,4.30,4.20,4.20,700,4.178894
2016-07-27,3.96,3.96,3.96,3.96,000,3.9401
2016-07-26,3.95,3.96,3.95,3.96,600,3.9401
2016-07-25,4.20,4.25,3.96,4.00,5100,3.979899
2016-07-22,4.25,4.25,4.25,4.25,000,4.228643
2016-07-21,4.25,4.25,4.25,4.25,000,4.228643
2016-07-20,4.25,4.25,4.25,4.25,000,4.228643
2016-07-19,4.25,4.25,4.25,4.25,000,4.228643
2016-07-18,4.30,4.30,4.11,4.25,800,4.228643
2016-07-15,4.20,4.20,4.20,4.20,000,4.178894
2016-07-14,4.00,4.25,4.00,4.20,1100,4.178894
2016-07-13,4.10,4.10,4.10,4.10,000,4.079397
2016-07-12,4.10,4.10,4.10,4.10,000,4.079397
2016-07-11,4.10,4.10,4.10,4.10,000,4.079397
2016-07-08,4.15,4.15,4.07,4.10,2500,4.079397
2016-07-07,4.15,4.15,4.15,4.15,500,4.129146
2016-07-06,3.80,4.09,3.80,4.09,1300,4.069447
2016-07-05,3.93,3.93,3.93,3.93,700,3.910251
2016-07-01,3.87,4.00,3.87,3.93,3700,3.910251
2016-06-30,4.00,4.08,3.96,3.96,5500,3.9401
2016-06-29,3.96,4.46,3.96,3.99,1300,3.96995
2016-06-28,4.33,4.33,3.96,4.15,3500,4.129146
2016-06-27,4.00,4.18,3.95,4.18,5600,4.158995
2016-06-24,4.02,4.02,3.96,3.99,1700,3.96995
2016-06-23,4.02,4.04,3.96,3.96,1100,3.9401
2016-06-22,3.96,3.96,3.95,3.95,900,3.930151
2016-06-21,3.91,3.93,3.87,3.93,900,3.910251
2016-06-20,3.84,3.96,3.84,3.91,1000,3.890352
2016-06-17,3.94,3.94,3.83,3.83,1900,3.810754
2016-06-16,3.98,3.98,3.79,3.79,1300,3.770955
2016-06-15,3.53,3.73,3.51,3.64,3500,3.621709
2016-06-14,3.67,3.72,3.51,3.58,2000,3.56201
2016-06-13,3.68,3.68,3.52,3.67,1300,3.651558
2016-06-10,3.51,3.53,3.51,3.53,700,3.512261
2016-06-09,3.53,3.53,3.53,3.53,800,3.512261
2016-06-08,3.54,3.54,3.53,3.53,1000,3.512261
2016-06-07,3.59,3.59,3.51,3.54,2200,3.522211
2016-06-06,3.69,3.69,3.63,3.63,2200,3.611759
2016-06-03,3.61,3.64,3.61,3.64,2200,3.621709
2016-06-02,3.65,3.67,3.55,3.55,900,3.532161
2016-06-01,3.61,3.76,3.44,3.65,4200,3.631658
2016-05-31,3.56,3.69,3.56,3.68,3300,3.661508
2016-05-27,3.39,3.56,3.26,3.56,5800,3.54211
2016-05-26,3.36,3.57,3.36,3.44,5900,3.422714
2016-05-25,3.21,3.49,3.21,3.49,2000,3.472462
2016-05-24,3.22,3.44,3.22,3.35,4000,3.333166
2016-05-23,3.39,3.44,3.29,3.35,3100,3.333166
2016-05-20,3.36,3.44,3.25,3.32,3800,3.303316
2016-05-19,3.35,3.35,3.35,3.35,500,3.333166
2016-05-18,3.42,3.42,3.42,3.42,500,3.402814
2016-05-17,3.45,3.53,3.31,3.35,6000,3.333166
2016-05-16,3.96,3.96,3.53,3.53,12000,3.512261
2016-05-13,3.87,3.87,3.87,3.87,100,3.850553
2016-05-12,3.95,3.95,3.95,3.95,000,3.930151
2016-05-11,3.95,3.95,3.95,3.95,400,3.930151
2016-05-10,4.10,4.10,4.10,4.10,000,4.079397
2016-05-09,4.30,4.30,4.05,4.10,4200,4.079397
2016-05-06,4.17,4.17,4.11,4.11,700,4.089347
2016-05-05,4.09,4.20,4.05,4.18,1900,4.158995
2016-05-04,4.08,4.41,4.08,4.16,1900,4.139095
2016-05-03,3.84,4.12,3.78,4.12,900,4.099296
2016-05-02,4.18,4.18,4.18,4.18,000,4.158995
2016-04-29,4.12,4.18,3.86,4.18,2600,4.158995
2016-04-28,4.28,4.31,4.17,4.31,3700,4.288342
2016-04-27,4.40,4.40,4.17,4.24,1600,4.218693
2016-04-26,4.55,4.55,4.24,4.24,5000,4.218693
2016-04-25,4.63,4.63,4.63,4.63,300,4.606734
2016-04-22,4.46,4.62,4.42,4.62,1400,4.596784
2016-04-21,4.60,4.60,4.54,4.54,300,4.517186
2016-04-20,4.25,4.48,4.22,4.48,1100,4.457487
2016-04-19,4.43,4.56,4.35,4.41,3500,4.387839
2016-04-18,4.55,4.55,4.02,4.21,4400,4.188844
2016-04-15,4.57,4.76,4.54,4.54,2000,4.517186
2016-04-14,4.75,4.75,4.71,4.72,3600,4.696281
2016-04-13,4.71,4.71,4.71,4.71,000,4.686332
2016-04-12,4.71,4.71,4.70,4.71,400,4.686332
2016-04-11,4.61,4.81,4.56,4.56,5800,4.537085
2016-04-08,4.77,4.90,4.57,4.63,2900,4.606734
2016-04-07,4.86,4.86,4.78,4.83,900,4.805728
2016-04-06,4.91,4.91,4.86,4.90,500,4.855477
2016-04-05,4.88,5.00,4.77,4.85,2900,4.805932
2016-04-04,4.85,5.00,4.52,4.81,6100,4.766295
2016-04-01,4.45,4.93,4.45,4.90,6700,4.855477
2016-03-31,4.25,4.64,4.25,4.45,6900,4.409566
2016-03-30,4.04,4.29,4.04,4.18,2000,4.142019
2016-03-29,4.03,4.25,3.81,4.14,4900,4.102383
2016-03-28,4.01,4.10,3.76,3.92,9700,3.884382
2016-03-24,4.01,4.10,3.93,4.08,2600,4.042928
2016-03-23,4.02,4.02,3.66,3.93,9600,3.894291
2016-03-22,4.02,4.20,4.00,4.20,2300,4.161838
2016-03-21,4.13,4.34,3.99,4.21,13400,4.171747
2016-03-18,4.18,4.49,4.12,4.38,12600,4.340202
2016-03-17,4.15,4.17,4.03,4.16,4100,4.122201
2016-03-16,4.15,4.15,4.15,4.15,000,4.112292
2016-03-15,4.06,4.15,4.05,4.15,2600,4.112292
2016-03-14,4.22,4.23,4.22,4.23,200,4.191565
2016-03-11,4.26,4.26,4.07,4.26,2300,4.221293
2016-03-10,4.16,4.16,4.16,4.16,000,4.122201
2016-03-09,4.20,4.20,4.16,4.16,1600,4.122201
2016-03-08,4.16,4.16,4.16,4.16,000,4.122201
2016-03-07,4.02,4.19,4.02,4.16,1700,4.122201
2016-03-04,4.02,4.02,4.02,4.02,000,3.983473
2016-03-03,4.30,4.30,4.02,4.02,3600,3.983473
2016-03-02,4.30,4.30,4.15,4.28,4600,4.241111
2016-03-01,4.18,4.18,4.18,4.18,400,4.142019
2016-02-29,4.30,4.30,4.17,4.17,2200,4.13211
2016-02-26,4.27,4.30,4.20,4.20,8400,4.161838
2016-02-25,4.34,4.34,4.21,4.30,1800,4.260929
2016-02-24,4.33,4.33,4.33,4.33,000,4.290656
2016-02-23,4.33,4.33,4.33,4.33,1200,4.290656
2016-02-22,4.20,4.20,4.07,4.07,1300,4.033019
2016-02-19,4.00,4.11,3.80,4.05,16800,4.013201
2016-02-18,4.31,4.38,3.81,3.99,12400,3.953746
2016-02-17,4.38,4.38,4.38,4.38,100,4.340202
2016-02-16,4.30,4.40,4.00,4.19,14100,4.151929
2016-02-12,4.48,4.49,4.01,4.30,10700,4.260929
2016-02-11,4.49,4.50,4.49,4.50,2600,4.459112
2016-02-10,4.50,4.50,4.48,4.50,1200,4.459112
2016-02-09,4.48,4.48,4.28,4.40,2800,4.360021
2016-02-08,4.50,4.50,4.49,4.50,1200,4.459112
2016-02-05,4.50,4.50,4.50,4.50,1000,4.459112
2016-02-04,4.50,4.50,4.49,4.50,1300,4.459112
2016-02-03,4.50,4.50,4.50,4.50,200,4.459112
2016-02-02,4.49,4.50,4.49,4.49,1600,4.449203
2016-02-01,4.50,4.50,4.45,4.49,2200,4.449203
2016-01-29,4.49,4.50,4.36,4.36,3600,4.320384
2016-01-28,4.34,4.47,4.32,4.45,1400,4.409566
2016-01-27,4.39,4.39,4.03,4.27,1400,4.231202
2016-01-26,4.47,4.47,4.02,4.26,3500,4.221293
2016-01-25,4.50,4.50,4.33,4.33,1800,4.290656
2016-01-22,4.22,4.28,4.09,4.28,1400,4.241111
2016-01-21,4.12,4.31,4.00,4.22,3300,4.181656
2016-01-20,4.56,4.68,3.39,3.93,18600,3.894291
2016-01-19,4.67,4.67,4.61,4.61,1100,4.568113
2016-01-15,4.55,4.55,4.20,4.45,14200,4.409566
2016-01-14,4.37,4.48,4.37,4.42,3100,4.379839
2016-01-13,4.47,4.47,4.39,4.39,2200,4.350111
2016-01-12,4.17,4.40,4.17,4.28,900,4.241111
2016-01-11,4.50,4.50,4.26,4.26,1400,4.221293
2016-01-08,4.62,4.65,4.46,4.46,6400,4.419475
2016-01-07,4.66,4.66,4.41,4.58,1700,4.538385
2016-01-06,4.70,4.70,4.65,4.70,1900,4.657294
2016-01-05,4.80,4.89,4.57,4.57,4900,4.528476
2016-01-04,4.99,4.99,4.77,4.84,8300,4.796023
2015-12-31,4.96,4.99,4.87,4.99,4600,4.944659
2015-12-30,4.97,4.99,4.77,4.87,11100,4.82575
2015-12-29,4.75,4.98,4.75,4.98,5800,4.93475
2015-12-28,4.72,4.75,4.70,4.72,3300,4.677113
2015-12-24,4.68,4.75,4.68,4.74,1000,4.696931
2015-12-23,4.71,4.73,4.70,4.73,2600,4.687022
2015-12-22,4.72,4.72,4.52,4.72,9200,4.677113
2015-12-21,4.66,4.74,4.66,4.74,2100,4.696931
2015-12-18,4.69,4.74,4.61,4.74,3400,4.696931
2015-12-17,4.67,4.74,4.67,4.69,2400,4.647386
2015-12-16,4.69,4.74,4.69,4.74,500,4.696931
2015-12-15,4.67,4.75,4.67,4.74,2000,4.696931
2015-12-14,4.89,4.89,4.75,4.75,3000,4.70684
2015-12-11,4.66,4.77,4.63,4.74,3900,4.696931
2015-12-10,4.88,4.88,4.56,4.74,3800,4.696931
2015-12-09,4.99,4.99,4.84,4.90,7300,4.855477
2015-12-08,4.83,4.99,4.70,4.98,13000,4.93475
2015-12-07,4.73,4.78,4.66,4.77,2600,4.726659
2015-12-04,4.75,4.75,4.72,4.75,1500,4.70684
2015-12-03,4.74,4.76,4.65,4.75,4900,4.70684
2015-12-02,4.75,4.77,4.72,4.76,1900,4.71675
2015-12-01,4.77,4.77,4.62,4.75,3200,4.70684
2015-11-30,4.70,4.78,4.70,4.78,3000,4.736568
2015-11-27,4.74,4.80,4.72,4.78,1100,4.736568
2015-11-25,4.52,4.80,4.52,4.80,3600,4.756386
2015-11-24,4.58,4.63,4.52,4.60,1200,4.558203
2015-11-23,4.69,4.69,4.36,4.60,9100,4.558203
2015-11-20,4.88,4.89,4.51,4.69,1600,4.647386
2015-11-19,4.92,4.99,4.90,4.90,1700,4.855477
2015-11-18,4.99,5.00,4.83,4.87,10400,4.82575
2015-11-17,4.83,5.00,4.80,4.96,4000,4.914932
2015-11-16,4.90,4.90,4.76,4.89,7400,4.845568
2015-11-13,5.00,5.00,4.71,4.71,4900,4.667204
2015-11-12,4.90,4.98,4.76,4.94,2700,4.895114
2015-11-11,4.92,4.92,4.75,4.84,16300,4.796023
2015-11-10,5.00,5.00,4.84,4.91,4600,4.865386
2015-11-09,4.73,5.00,4.73,5.00,8100,4.954569
2015-11-06,4.75,4.75,4.75,4.75,1000,4.70684
2015-11-05,4.80,4.82,4.75,4.75,9700,4.70684
2015-11-04,4.65,4.86,4.65,4.82,23100,4.776204
2015-11-03,4.79,4.90,4.72,4.74,12900,4.696931
2015-11-02,4.44,4.87,4.41,4.82,16700,4.776204
2015-10-30,4.44,4.44,4.35,4.41,2600,4.369929
2015-10-29,4.36,4.44,4.36,4.44,4400,4.399657
2015-10-28,4.30,4.32,4.07,4.29,12300,4.25102
2015-10-27,4.25,4.36,4.23,4.30,4400,4.260929
2015-10-26,4.27,4.42,4.24,4.25,5100,4.211383
2015-10-23,4.38,4.38,4.28,4.30,2000,4.260929
2015-10-22,4.38,4.38,4.23,4.23,3200,4.191565
2015-10-21,4.27,4.36,4.25,4.30,10100,4.260929
2015-10-20,4.28,4.30,4.28,4.29,1400,4.25102
2015-10-19,4.28,4.28,4.27,4.28,5400,4.241111
2015-10-16,4.22,4.28,4.22,4.25,11400,4.211383
2015-10-15,4.25,4.25,4.23,4.25,4600,4.211383
2015-10-14,4.25,4.28,4.23,4.25,2800,4.211383
2015-10-13,4.22,4.25,4.19,4.25,3600,4.211383
2015-10-12,4.18,4.24,4.11,4.15,3000,4.112292
2015-10-09,4.27,4.30,4.11,4.13,9200,4.092474
2015-10-08,3.97,4.38,3.97,4.27,13000,4.231202
2015-10-07,4.09,4.09,3.98,3.98,3500,3.943837
2015-10-06,4.20,4.20,4.05,4.09,3300,4.052837
2015-10-05,4.05,4.21,3.76,4.05,18600,4.013201
2015-10-02,4.05,4.05,3.93,4.04,2400,4.003292
2015-10-01,4.04,4.05,3.86,4.05,4400,4.013201
2015-09-30,4.04,4.05,4.01,4.04,4600,4.003292
2015-09-29,4.00,4.05,3.98,4.05,8200,4.013201
2015-09-28,3.97,4.00,3.56,4.00,7100,3.963655
2015-09-25,3.95,4.00,3.89,4.00,7800,3.963655
2015-09-24,3.79,3.96,3.79,3.96,9200,3.924018
2015-09-23,3.76,3.80,3.58,3.80,8000,3.765472
2015-09-22,3.71,3.76,3.68,3.76,10000,3.725836
2015-09-21,3.72,3.72,3.54,3.69,11700,3.656472
2015-09-18,3.42,3.72,3.38,3.72,37100,3.686199
2015-09-17,3.49,3.52,3.30,3.36,20700,3.32947
2015-09-16,3.55,3.57,3.34,3.39,7200,3.359198
2015-09-15,3.51,3.57,3.41,3.45,8100,3.418652
2015-09-14,3.47,3.59,3.47,3.50,6800,3.468198
2015-09-11,3.55,3.59,3.50,3.59,6000,3.55738
2015-09-10,3.56,3.59,3.45,3.58,7100,3.547471
2015-09-09,3.52,3.55,3.34,3.42,5500,3.388925
2015-09-08,3.54,3.58,3.43,3.54,8300,3.507835
2015-09-04,3.52,3.55,3.43,3.50,3000,3.468198
2015-09-03,3.60,3.60,3.36,3.36,4900,3.32947
2015-09-02,3.60,3.60,3.47,3.52,3100,3.488016
2015-09-01,3.59,3.60,3.51,3.59,2000,3.55738
2015-08-31,3.65,3.65,3.47,3.60,1800,3.567289
2015-08-28,3.43,3.61,3.43,3.51,5500,3.478107
2015-08-27,3.60,3.60,3.48,3.52,4600,3.488016
2015-08-26,3.60,3.60,3.38,3.38,2600,3.349289
2015-08-25,3.58,3.60,3.53,3.53,1700,3.497926
2015-08-24,3.62,3.64,3.42,3.49,1800,3.458289
2015-08-21,3.62,3.64,3.42,3.58,2300,3.547471
2015-08-20,3.44,3.64,3.44,3.58,1800,3.547471
2015-08-19,3.53,3.60,3.50,3.60,4400,3.567289
2015-08-18,3.66,3.67,3.50,3.65,3800,3.616835
2015-08-17,3.64,3.65,3.54,3.63,1300,3.597017
2015-08-14,3.68,3.68,3.53,3.60,5500,3.567289
2015-08-13,3.58,3.66,3.53,3.65,4000,3.616835
2015-08-12,3.67,3.76,3.62,3.64,14100,3.606926
2015-08-11,3.67,3.68,3.64,3.68,800,3.646563
2015-08-10,3.66,3.68,3.66,3.68,700,3.646563
2015-08-07,3.68,3.71,3.68,3.71,1500,3.67629
2015-08-06,3.71,3.72,3.59,3.72,1400,3.686199
2015-08-05,3.70,3.70,3.70,3.70,000,3.666381
2015-08-04,3.66,3.70,3.52,3.70,4800,3.666381
2015-08-03,3.65,3.72,3.51,3.72,1500,3.686199
2015-07-31,3.70,3.72,3.70,3.72,9300,3.686199
2015-07-30,3.67,3.70,3.67,3.70,1200,3.666381
2015-07-29,3.70,3.70,3.58,3.67,3400,3.636654
2015-07-28,3.65,3.70,3.65,3.66,1100,3.626744
2015-07-27,3.70,3.70,3.70,3.70,900,3.666381
2015-07-24,3.65,3.65,3.65,3.65,1200,3.616835
2015-07-23,3.70,3.70,3.65,3.65,1500,3.616835
2015-07-22,3.67,3.70,3.67,3.67,3900,3.636654
2015-07-21,3.70,3.70,3.70,3.70,700,3.666381
2015-07-20,3.65,3.70,3.65,3.70,1100,3.666381
2015-07-17,3.70,3.70,3.70,3.70,1100,3.666381
2015-07-16,3.70,3.70,3.70,3.70,2100,3.666381
2015-07-15,3.70,3.70,3.65,3.70,5100,3.666381
2015-07-14,3.70,3.70,3.65,3.65,2700,3.616835
2015-07-13,3.69,3.70,3.66,3.67,1400,3.636654
2015-07-10,3.65,3.65,3.56,3.56,1700,3.527653
2015-07-09,3.66,3.70,3.65,3.65,2300,3.616835
2015-07-08,3.69,3.70,3.57,3.57,3200,3.537562
2015-07-07,3.58,3.71,3.58,3.64,2800,3.606926
2015-07-06,3.70,3.71,3.45,3.63,2800,3.597017
2015-07-02,3.71,3.71,3.71,3.71,200,3.67629
2015-07-01,3.71,3.71,3.71,3.71,2200,3.67629
2015-06-30,3.70,3.71,3.62,3.62,3400,3.587108
2015-06-29,3.69,3.71,3.63,3.63,2100,3.597017
2015-06-26,3.69,3.69,3.69,3.69,000,3.656472
2015-06-25,3.69,3.69,3.69,3.69,100,3.656472
2015-06-24,3.56,3.71,3.54,3.69,2800,3.656472
2015-06-23,3.55,3.71,3.55,3.69,3900,3.656472
2015-06-22,3.59,3.71,3.55,3.71,1500,3.67629
2015-06-19,3.68,3.72,3.63,3.70,18900,3.666381
2015-06-18,3.60,3.73,3.51,3.68,8500,3.646563
2015-06-17,3.65,3.70,3.50,3.67,6800,3.636654
2015-06-16,3.60,3.76,3.60,3.65,8600,3.616835
2015-06-15,3.42,3.77,3.42,3.73,37600,3.696108
2015-06-12,3.73,3.80,3.53,3.75,1300,3.715927
2015-06-11,3.86,3.86,3.53,3.67,9600,3.636654
2015-06-10,3.88,3.88,3.62,3.68,4300,3.646563
2015-06-09,3.88,3.88,3.74,3.77,3000,3.735745
2015-06-08,3.62,3.85,3.61,3.72,4100,3.686199
2015-06-05,3.82,3.82,3.67,3.82,4000,3.78529
2015-06-04,3.87,3.87,3.65,3.85,1600,3.815018
2015-06-03,3.63,3.88,3.63,3.87,2100,3.834836
2015-06-02,3.89,3.90,3.71,3.88,6100,3.844745
2015-06-01,3.81,3.88,3.67,3.78,3600,3.745654
2015-05-29,3.39,3.97,3.39,3.80,30800,3.765472
2015-05-28,3.20,3.38,3.20,3.30,16200,3.270015
2015-05-27,3.19,3.27,3.09,3.13,24300,3.10156
2015-05-26,3.40,3.40,3.16,3.27,12600,3.240288
2015-05-22,3.39,3.40,3.33,3.40,3800,3.369107
2015-05-21,3.48,3.48,3.30,3.40,6300,3.369107
2015-05-20,3.51,3.59,3.38,3.51,9300,3.478107
2015-05-19,3.62,3.65,3.60,3.60,2600,3.567289
2015-05-18,3.55,3.71,3.51,3.69,4900,3.656472
2015-05-15,3.81,3.81,3.57,3.61,4500,3.577199
2015-05-14,3.83,3.83,3.70,3.72,3100,3.686199
2015-05-13,3.79,3.82,3.75,3.79,2500,3.755563
2015-05-12,3.89,3.89,3.80,3.85,4700,3.815018
2015-05-11,3.80,3.93,3.79,3.80,5900,3.765472
2015-05-08,3.90,3.96,3.85,3.93,5800,3.894291
2015-05-07,3.89,3.96,3.89,3.96,1000,3.924018
2015-05-06,3.92,3.97,3.88,3.97,4000,3.933928
2015-05-05,3.96,3.96,3.88,3.96,5900,3.924018
2015-05-04,3.96,3.96,3.96,3.96,000,3.924018
2015-05-01,3.96,3.96,3.96,3.96,000,3.924018
2015-04-30,3.96,3.96,3.96,3.96,500,3.924018
2015-04-29,3.90,3.96,3.90,3.96,300,3.924018
2015-04-28,3.96,3.97,3.96,3.97,1200,3.933928
2015-04-27,3.96,3.97,3.96,3.97,1300,3.933928
2015-04-24,3.96,3.96,3.96,3.96,900,3.924018
2015-04-23,3.93,3.96,3.93,3.96,900,3.924018
2015-04-22,3.96,3.96,3.96,3.96,200,3.924018
2015-04-21,3.91,3.96,3.91,3.96,700,3.924018
2015-04-20,3.97,3.97,3.97,3.97,100,3.933928
2015-04-17,3.95,3.96,3.95,3.96,500,3.924018
2015-04-16,3.97,3.97,3.97,3.97,100,3.933928
2015-04-15,3.93,4.00,3.93,3.98,1800,3.943837
2015-04-14,4.00,4.00,4.00,4.00,000,3.963655
2015-04-13,4.00,4.00,3.95,4.00,2400,3.963655
2015-04-10,3.99,4.00,3.98,4.00,4400,3.963655
2015-04-09,3.96,3.99,3.96,3.99,900,3.953746
2015-04-08,3.94,3.99,3.94,3.99,3000,3.933928
2015-04-07,3.96,3.99,3.94,3.94,1500,3.88463
2015-04-06,3.96,3.96,3.96,3.96,300,3.904349
2015-04-02,3.96,3.96,3.96,3.96,100,3.904349
2015-04-01,3.96,3.98,3.96,3.98,700,3.924068
2015-03-31,4.05,4.05,4.02,4.03,7400,3.973366
2015-03-30,3.96,4.03,3.94,4.03,2600,3.973366
2015-03-27,3.96,3.96,3.96,3.96,100,3.904349
2015-03-26,3.98,4.02,3.97,4.02,900,3.963506
2015-03-25,4.05,4.05,3.94,3.94,1100,3.88463
2015-03-24,4.01,4.05,4.01,4.05,1900,3.993085
2015-03-23,3.94,4.05,3.94,4.05,2800,3.993085
2015-03-20,3.98,4.08,3.92,3.95,7500,3.89449
2015-03-19,4.00,4.04,3.98,4.03,5600,3.973366
2015-03-18,4.02,4.05,4.02,4.04,1000,3.983225
2015-03-17,4.00,4.02,4.00,4.02,8900,3.963506
2015-03-16,4.02,4.02,4.02,4.02,1000,3.963506
2015-03-13,4.02,4.02,4.02,4.02,1300,3.963506
2015-03-12,4.02,4.02,3.98,3.99,4100,3.933928
2015-03-11,4.02,4.05,3.90,3.92,4600,3.864911
2015-03-10,4.02,4.02,4.01,4.01,1200,3.953647
2015-03-09,3.97,4.02,3.97,4.01,1400,3.953647
2015-03-06,4.02,4.02,3.94,3.97,4100,3.914209
2015-03-05,3.99,3.99,3.98,3.98,1200,3.924068
2015-03-04,4.06,4.06,3.93,3.93,600,3.874771
2015-03-03,4.02,4.08,3.93,4.03,4000,3.973366
2015-03-02,4.02,4.02,3.97,4.02,1700,3.963506
2015-02-27,4.02,4.03,3.93,4.00,2600,3.943787
2015-02-26,3.95,4.02,3.91,4.02,2400,3.963506
2015-02-25,4.02,4.02,4.02,4.02,000,3.963506
2015-02-24,3.94,4.03,3.94,4.02,1200,3.963506
2015-02-23,3.99,4.01,3.99,4.01,1800,3.953647
2015-02-20,3.97,3.99,3.97,3.99,700,3.933928
2015-02-19,3.91,3.96,3.83,3.90,8300,3.845193
2015-02-18,3.86,3.99,3.86,3.99,800,3.933928
2015-02-17,3.97,4.01,3.86,3.91,5100,3.855052
2015-02-13,3.97,3.98,3.83,3.96,2300,3.904349
2015-02-12,3.98,3.98,3.97,3.97,1100,3.914209
2015-02-11,3.82,3.98,3.82,3.96,5400,3.904349
2015-02-10,3.98,3.98,3.98,3.98,000,3.924068
2015-02-09,3.97,3.98,3.88,3.98,3900,3.924068
2015-02-06,3.99,3.99,3.86,3.99,3400,3.933928
2015-02-05,4.00,4.02,3.99,3.99,1000,3.933928
2015-02-04,3.99,4.00,3.97,3.97,2500,3.914209
2015-02-03,3.90,3.99,3.90,3.91,500,3.855052
2015-02-02,3.97,3.99,3.97,3.99,500,3.933928
2015-01-30,3.79,3.99,3.79,3.99,4200,3.933928
2015-01-29,3.90,3.90,3.90,3.90,400,3.845193
2015-01-28,3.90,4.00,3.90,4.00,2600,3.943787
2015-01-27,3.97,3.99,3.97,3.99,700,3.933928
2015-01-26,3.96,3.99,3.87,3.87,1400,3.815614
2015-01-23,3.85,3.88,3.85,3.88,1300,3.825474
2015-01-22,3.82,4.00,3.82,4.00,6900,3.943787
2015-01-21,3.99,3.99,3.99,3.99,000,3.933928
2015-01-20,3.82,3.99,3.82,3.99,1100,3.933928
2015-01-16,3.98,4.00,3.81,4.00,1200,3.943787
2015-01-15,3.90,4.00,3.80,3.94,8500,3.88463
2015-01-14,3.89,4.00,3.89,4.00,200,3.943787
2015-01-13,3.91,4.00,3.91,4.00,1300,3.943787
2015-01-12,4.00,4.00,4.00,4.00,1000,3.943787
2015-01-09,3.95,4.01,3.94,4.00,3700,3.943787
2015-01-08,3.92,3.95,3.92,3.95,2200,3.89449
2015-01-07,3.90,3.92,3.87,3.92,1500,3.864911
2015-01-06,3.95,3.95,3.75,3.92,9700,3.864911
2015-01-05,3.90,4.01,3.90,4.01,13700,3.953647
2015-01-02,3.99,4.03,3.98,4.03,11400,3.973366
2014-12-31,3.95,4.05,3.95,4.03,6200,3.973366
2014-12-30,3.88,3.95,3.86,3.93,4800,3.874771
2014-12-29,3.86,3.90,3.78,3.90,3100,3.845193
2014-12-26,3.89,3.90,3.79,3.90,5500,3.845193
2014-12-24,3.86,3.90,3.86,3.90,1800,3.845193
2014-12-23,3.84,3.90,3.80,3.90,3600,3.845193
2014-12-22,3.88,3.90,3.88,3.90,2900,3.845193
2014-12-19,3.81,3.88,3.81,3.88,2800,3.825474
2014-12-18,3.83,3.88,3.83,3.87,6600,3.815614
2014-12-17,3.83,3.83,3.83,3.83,1100,3.776176
2014-12-16,3.82,3.83,3.82,3.83,3500,3.776176
2014-12-15,3.85,3.88,3.77,3.88,2700,3.825474
2014-12-12,3.88,3.88,3.80,3.88,1700,3.825474
2014-12-11,3.83,3.88,3.66,3.88,8100,3.825474
2014-12-10,3.82,3.88,3.81,3.87,4100,3.815614
2014-12-09,3.87,3.88,3.80,3.88,2100,3.825474
2014-12-08,3.88,3.88,3.78,3.88,2300,3.825474
2014-12-05,3.87,3.88,3.87,3.88,1700,3.825474
2014-12-04,3.84,3.88,3.75,3.88,6600,3.825474
2014-12-03,3.85,3.85,3.85,3.85,1100,3.795895
2014-12-02,3.79,3.85,3.66,3.85,7100,3.795895
2014-12-01,3.85,3.85,3.83,3.85,2400,3.795895
2014-11-28,3.82,3.85,3.82,3.85,4000,3.795895
2014-11-26,3.82,3.82,3.82,3.82,000,3.766317
2014-11-25,3.81,3.82,3.81,3.82,1600,3.766317
2014-11-24,3.69,3.82,3.68,3.82,8700,3.766317
2014-11-21,3.88,3.88,3.71,3.82,6100,3.766317
2014-11-20,3.82,3.86,3.72,3.86,3700,3.805754
2014-11-19,3.85,3.88,3.81,3.88,4800,3.825474
2014-11-18,3.85,3.87,3.85,3.87,1200,3.815614
2014-11-17,3.82,3.88,3.81,3.85,3000,3.795895
2014-11-14,3.81,3.88,3.81,3.88,1500,3.825474
2014-11-13,3.86,3.89,3.85,3.89,6400,3.835333
2014-11-12,3.86,3.89,3.79,3.89,3600,3.835333
2014-11-11,3.77,3.88,3.58,3.88,3400,3.805755
2014-11-10,3.70,3.88,3.70,3.77,6800,3.697859
2014-11-07,3.72,3.72,3.72,3.72,000,3.648816
2014-11-06,3.67,3.72,3.52,3.72,5700,3.648816
2014-11-05,3.77,3.82,3.50,3.80,20900,3.727285
2014-11-04,3.80,3.84,3.70,3.75,20100,3.678242
2014-11-03,3.87,3.91,3.72,3.84,15000,3.76652
2014-10-31,3.86,3.93,3.84,3.85,8800,3.776329
2014-10-30,3.94,3.95,3.85,3.86,5700,3.786137
2014-10-29,3.86,3.92,3.78,3.92,6200,3.844989
2014-10-28,3.85,3.95,3.85,3.95,1300,3.874415
2014-10-27,3.95,3.95,3.83,3.83,1300,3.756711
2014-10-24,3.83,3.95,3.83,3.95,2300,3.874415
2014-10-23,3.92,3.92,3.83,3.83,5100,3.756711
2014-10-22,3.93,3.95,3.83,3.95,3200,3.874415
2014-10-21,3.94,3.94,3.82,3.94,3200,3.864607
2014-10-20,3.92,3.94,3.81,3.94,1900,3.864607
2014-10-17,3.88,3.94,3.77,3.92,5700,3.844989
2014-10-16,3.84,3.97,3.78,3.94,2300,3.864607
2014-10-15,3.78,3.96,3.77,3.94,4200,3.864607
2014-10-14,3.85,3.88,3.72,3.88,2900,3.805755
2014-10-13,3.99,3.99,3.84,3.84,2500,3.76652
2014-10-10,4.00,4.00,3.99,4.00,1000,3.923458
2014-10-09,4.00,4.00,4.00,4.00,1200,3.923458
2014-10-08,3.90,4.00,3.86,4.00,4100,3.923458
2014-10-07,3.95,4.00,3.82,4.00,2600,3.923458
2014-10-06,4.00,4.00,4.00,4.00,000,3.923458
2014-10-03,4.00,4.00,3.87,4.00,2300,3.923458
2014-10-02,3.89,4.00,3.88,4.00,900,3.923458
2014-10-01,4.00,4.00,4.00,4.00,300,3.923458
2014-09-30,3.98,3.98,3.97,3.98,2100,3.903841
2014-09-29,3.94,3.98,3.82,3.98,9500,3.903841
2014-09-26,3.74,3.92,3.74,3.90,6900,3.825372
2014-09-25,3.82,3.83,3.78,3.79,3200,3.717477
2014-09-24,3.88,3.94,3.76,3.76,10900,3.688051
2014-09-23,3.82,3.96,3.76,3.79,4700,3.717477
2014-09-22,3.75,3.94,3.70,3.90,4100,3.825372
2014-09-19,3.88,3.90,3.63,3.63,8500,3.560539
2014-09-18,4.02,4.02,3.89,3.90,3700,3.825372
2014-09-17,3.95,4.02,3.95,4.02,1600,3.943076
2014-09-16,3.95,3.95,3.92,3.95,3600,3.874415
2014-09-15,3.96,3.99,3.88,3.94,5400,3.864607
2014-09-12,3.99,3.99,3.93,3.93,2300,3.854798
2014-09-11,4.06,4.07,3.93,3.99,2100,3.91365
2014-09-10,4.07,4.07,3.94,4.07,3400,3.992119
2014-09-09,3.94,4.07,3.94,4.07,2600,3.992119
2014-09-08,4.07,4.07,4.00,4.07,900,3.992119
2014-09-05,3.96,4.07,3.96,4.07,1900,3.992119
2014-09-04,4.06,4.06,4.03,4.03,1600,3.952884
2014-09-03,3.97,4.07,3.94,4.06,4700,3.98231
2014-09-02,4.05,4.09,3.97,4.02,7300,3.943076
2014-08-29,4.08,4.12,4.02,4.08,6600,4.001927
2014-08-28,4.13,4.14,4.13,4.14,1400,4.060779
2014-08-27,4.13,4.14,4.01,4.01,6600,3.933267
2014-08-26,4.13,4.15,4.12,4.12,3200,4.041162
2014-08-25,4.07,4.15,4.06,4.15,700,4.070588
2014-08-22,4.16,4.17,4.14,4.15,4100,4.070588
2014-08-21,4.16,4.17,4.07,4.17,5700,4.090205
2014-08-20,4.17,4.17,4.10,4.17,4900,4.090205
2014-08-19,4.15,4.17,4.09,4.17,6200,4.090205
2014-08-18,4.15,4.19,4.06,4.13,6900,4.050971
2014-08-15,4.11,4.20,3.95,4.16,17700,4.080397
2014-08-14,4.20,4.24,4.07,4.24,9900,4.158866
2014-08-13,4.19,4.25,4.10,4.21,19200,4.12944
2014-08-12,4.24,4.24,4.07,4.10,9000,4.021545
2014-08-11,4.19,4.25,3.94,4.25,7800,4.168674
2014-08-08,4.14,4.24,4.06,4.19,17400,4.109823
2014-08-07,4.14,4.25,4.14,4.25,800,4.168674
2014-08-06,4.31,4.37,3.96,4.22,12400,4.139248
2014-08-05,4.04,4.38,4.00,4.31,13100,4.227526
2014-08-04,4.08,4.08,3.91,3.97,8200,3.894032
2014-08-01,4.09,4.09,3.92,4.08,15200,4.001927
2014-07-31,4.05,4.09,4.05,4.09,10000,4.011736
2014-07-30,4.08,4.09,4.08,4.09,300,4.011736
2014-07-29,4.00,4.07,4.00,4.06,5800,3.98231
2014-07-28,3.96,4.07,3.96,4.07,10100,3.992119
2014-07-25,3.94,4.03,3.94,3.99,3200,3.91365
2014-07-24,3.93,4.07,3.93,4.04,10400,3.962693
2014-07-23,3.89,4.05,3.80,3.85,39800,3.776329
2014-07-22,3.86,3.97,3.77,3.86,6100,3.786137
2014-07-21,3.93,4.07,3.81,3.87,35300,3.795946
2014-07-18,3.97,4.00,3.88,4.00,8300,3.923458
2014-07-17,3.83,4.00,3.83,3.85,15800,3.776329
2014-07-16,3.92,3.92,3.78,3.82,17500,3.746903
2014-07-15,3.87,4.00,3.80,3.95,37800,3.874415
2014-07-14,3.90,4.00,3.88,4.00,20800,3.923458
2014-07-11,3.93,3.99,3.85,3.90,83200,3.825372
2014-07-10,3.92,4.00,3.92,3.97,2400,3.894032
2014-07-09,3.96,4.13,3.86,3.86,11800,3.786137
2014-07-08,3.86,3.96,3.85,3.96,9500,3.884224
2014-07-07,3.95,3.95,3.93,3.95,1900,3.874415
2014-07-03,3.96,3.96,3.86,3.96,3200,3.884224
2014-07-02,3.96,3.97,3.94,3.96,1400,3.884224
2014-07-01,3.97,3.97,3.97,3.97,3800,3.894032
2014-06-30,3.97,3.97,3.83,3.85,1300,3.776329
2014-06-27,3.94,3.94,3.93,3.94,2400,3.864607
2014-06-26,3.93,3.97,3.82,3.92,3500,3.844989
2014-06-25,3.96,3.96,3.87,3.93,4200,3.854798
2014-06-24,3.97,4.00,3.74,3.94,9500,3.864607
2014-06-23,3.95,4.00,3.74,3.93,22200,3.854798
2014-06-20,3.94,3.94,3.88,3.90,8300,3.825372
2014-06-19,3.98,4.02,3.93,3.94,5400,3.864607
2014-06-18,3.90,4.00,3.81,3.95,13100,3.874415
2014-06-17,3.90,3.90,3.80,3.84,6500,3.76652
2014-06-16,3.83,3.90,3.70,3.75,4600,3.678242
2014-06-13,3.90,3.90,3.70,3.84,6900,3.76652
2014-06-12,3.73,3.88,3.73,3.74,7500,3.668434
2014-06-11,3.63,3.73,3.63,3.70,5000,3.629199
2014-06-10,3.66,3.70,3.56,3.70,9900,3.629199
2014-06-09,3.63,3.70,3.63,3.68,12600,3.609582
2014-06-06,3.61,3.65,3.60,3.65,4600,3.580156
2014-06-05,3.63,3.63,3.55,3.63,25400,3.560539
2014-06-04,3.65,3.66,3.51,3.63,24800,3.560539
2014-06-03,3.63,3.65,3.51,3.63,11400,3.560539
2014-06-02,3.65,3.65,3.51,3.52,6600,3.452643
2014-05-30,3.61,3.65,3.50,3.60,8100,3.531112
2014-05-29,3.56,3.61,3.47,3.52,7200,3.452643
2014-05-28,3.54,3.61,3.47,3.60,10800,3.531112
2014-05-27,3.57,3.60,3.47,3.60,3300,3.531112
2014-05-23,3.60,3.61,3.47,3.59,1400,3.521304
2014-05-22,3.50,3.63,3.29,3.50,12800,3.433026
2014-05-21,3.50,3.57,3.33,3.48,6500,3.413409
2014-05-20,3.43,3.69,3.43,3.50,7200,3.433026
2014-05-19,3.48,3.50,3.46,3.48,4500,3.413409
2014-05-16,3.57,3.67,3.35,3.37,6200,3.305514
2014-05-15,3.53,3.56,3.40,3.56,2300,3.491878
2014-05-14,3.32,3.58,3.27,3.46,3900,3.393791
2014-05-13,3.48,3.55,3.48,3.50,5000,3.433026
2014-05-12,3.50,3.58,3.25,3.50,10600,3.433026
2014-05-09,3.50,3.67,3.50,3.50,4800,3.433026
2014-05-08,3.40,3.64,3.23,3.59,5600,3.521304
2014-05-07,3.46,3.49,3.30,3.48,8100,3.413409
2014-05-06,3.49,3.50,3.42,3.50,3500,3.433026
2014-05-05,3.48,3.48,3.48,3.48,000,3.413409
2014-05-02,3.52,3.52,3.48,3.48,2600,3.413409
2014-05-01,3.51,3.53,3.45,3.45,5000,3.383983
2014-04-30,3.51,3.57,3.50,3.50,4600,3.433026
2014-04-29,3.49,3.57,3.46,3.55,18000,3.482069
2014-04-28,3.48,3.50,3.43,3.50,4300,3.433026
2014-04-25,3.47,3.58,3.45,3.47,15900,3.4036
2014-04-24,3.51,3.57,3.48,3.50,9400,3.433026
2014-04-23,3.46,3.61,3.46,3.54,17600,3.472261
2014-04-22,3.63,3.68,3.48,3.54,25800,3.472261
2014-04-21,3.55,3.62,3.48,3.58,29000,3.511495
2014-04-17,3.54,3.54,3.47,3.47,10200,3.4036
2014-04-16,3.55,3.55,3.49,3.53,6200,3.462452
2014-04-15,3.50,3.54,3.50,3.54,4900,3.472261
2014-04-14,3.51,3.53,3.46,3.53,1000,3.462452
2014-04-11,3.53,3.53,3.47,3.52,16100,3.452643
2014-04-10,3.58,3.58,3.58,3.58,1300,3.511495
2014-04-09,3.58,3.66,3.52,3.59,35700,3.521304
2014-04-08,3.61,3.66,3.58,3.59,18800,3.521304
2014-04-07,3.67,3.67,3.65,3.67,3000,3.599773
2014-04-04,3.66,3.66,3.62,3.65,6400,3.580156
2014-04-03,3.69,3.70,3.61,3.69,11300,3.61939
2014-04-02,3.60,3.75,3.60,3.68,9900,3.609582
2014-04-01,3.62,3.72,3.62,3.63,12100,3.560539
2014-03-31,3.66,3.74,3.63,3.64,23700,3.570347
2014-03-28,3.66,3.70,3.64,3.66,30500,3.589964
2014-03-27,3.74,3.75,3.70,3.70,9700,3.629199
2014-03-26,3.68,3.75,3.68,3.70,13500,3.629199
2014-03-25,3.73,3.73,3.65,3.70,3100,3.629199
2014-03-24,3.71,3.75,3.71,3.73,6000,3.639008
2014-03-21,3.66,3.75,3.54,3.74,4700,3.648764
2014-03-20,3.55,3.67,3.55,3.65,3200,3.560959
2014-03-19,3.60,3.63,3.51,3.51,12600,3.424374
2014-03-18,3.50,3.60,3.50,3.58,1800,3.492667
2014-03-17,3.54,3.75,3.52,3.56,10100,3.473155
2014-03-14,3.69,3.74,3.56,3.58,10100,3.492667
2014-03-13,3.80,3.80,3.57,3.70,24200,3.609739
2014-03-12,3.87,3.92,3.78,3.82,9400,3.726812
2014-03-11,3.85,3.90,3.83,3.87,4000,3.775592
2014-03-10,3.96,3.96,3.85,3.85,10800,3.75608
2014-03-07,3.85,3.95,3.85,3.92,15200,3.824373
2014-03-06,3.86,3.89,3.82,3.85,6200,3.75608
2014-03-05,3.82,3.93,3.77,3.87,9000,3.775592
2014-03-04,3.91,3.92,3.77,3.77,21800,3.678032
2014-03-03,3.95,3.95,3.91,3.91,3600,3.814617
2014-02-28,3.92,3.98,3.87,3.94,10300,3.843885
2014-02-27,3.95,3.98,3.91,3.94,14400,3.843885
2014-02-26,3.92,3.96,3.91,3.95,12500,3.853641
2014-02-25,3.93,3.96,3.92,3.93,4400,3.834129
2014-02-24,3.93,3.97,3.92,3.93,3800,3.834129
2014-02-21,3.94,3.97,3.94,3.95,3600,3.853641
2014-02-20,3.93,3.97,3.93,3.94,9200,3.843885
2014-02-19,3.94,3.97,3.93,3.94,11200,3.843885
2014-02-18,3.94,3.97,3.93,3.95,26200,3.853641
2014-02-14,3.95,3.98,3.94,3.94,7000,3.843885
2014-02-13,3.93,3.97,3.93,3.96,4300,3.863397
2014-02-12,3.96,3.96,3.93,3.93,4200,3.834129
2014-02-11,3.93,3.95,3.93,3.94,2400,3.843885
2014-02-10,3.98,3.98,3.95,3.95,300,3.853641
2014-02-07,3.94,3.98,3.92,3.93,5500,3.834129
2014-02-06,3.94,3.97,3.94,3.96,5900,3.863397
2014-02-05,3.94,3.99,3.94,3.97,5500,3.873153
2014-02-04,3.95,3.98,3.94,3.95,5400,3.853641
2014-02-03,3.97,3.97,3.92,3.93,12300,3.834129
2014-01-31,4.00,4.00,3.91,3.97,11000,3.873153
2014-01-30,3.99,4.00,3.93,4.00,2000,3.902421
2014-01-29,3.99,4.00,3.90,3.97,7700,3.873153
2014-01-28,3.97,4.01,3.97,4.00,3000,3.902421
2014-01-27,3.99,4.03,3.99,3.99,7900,3.892665
2014-01-24,3.99,4.02,3.99,4.00,2700,3.902421
2014-01-23,4.00,4.04,3.91,4.00,20100,3.902421
2014-01-22,4.01,4.07,4.00,4.00,21600,3.902421
2014-01-21,4.02,4.05,3.94,4.03,12300,3.931689
2014-01-17,4.02,4.04,4.00,4.02,5300,3.921933
2014-01-16,3.93,4.04,3.84,4.04,17700,3.941445
2014-01-15,3.99,4.05,3.88,4.02,23200,3.921933
2014-01-14,4.02,4.06,4.02,4.05,7900,3.951201
2014-01-13,3.99,4.05,3.99,4.05,6100,3.951201
2014-01-10,4.04,4.06,3.99,4.02,14400,3.921933
2014-01-09,4.02,4.06,3.99,4.03,8300,3.931689
2014-01-08,4.05,4.06,3.92,4.01,20000,3.912177
2014-01-07,4.01,4.04,3.91,4.04,12000,3.941445
2014-01-06,4.05,4.05,4.02,4.03,11500,3.931689
2014-01-03,4.03,4.11,4.03,4.07,12500,3.970714
2014-01-02,4.09,4.13,3.98,3.98,20200,3.882909
2013-12-31,4.04,4.13,3.96,4.09,30700,3.990226
2013-12-30,4.05,4.05,3.84,3.90,14600,3.804861
2013-12-27,4.02,4.05,3.99,4.05,5000,3.951201
2013-12-26,3.99,4.04,3.70,4.01,6300,3.912177
2013-12-24,3.90,3.97,3.84,3.95,13600,3.853641
2013-12-23,3.96,3.97,3.64,3.92,29700,3.824373
2013-12-20,4.04,4.08,3.84,3.84,65900,3.746324
2013-12-19,3.98,4.05,3.98,4.01,25100,3.912177
2013-12-18,4.01,4.05,4.00,4.00,9900,3.902421
2013-12-17,4.02,4.04,3.95,3.98,6600,3.882909
2013-12-16,4.04,4.05,4.01,4.04,23000,3.941445
2013-12-13,4.03,4.04,4.00,4.04,6800,3.941445
2013-12-12,4.03,4.04,4.00,4.04,21300,3.941445
2013-12-11,4.00,4.04,4.00,4.04,8000,3.941445
2013-12-10,4.04,4.04,4.01,4.04,6400,3.941445
2013-12-09,4.00,4.03,4.00,4.03,4400,3.931689
2013-12-06,4.00,4.04,4.00,4.02,9600,3.921933
2013-12-05,4.04,4.04,4.00,4.00,4700,3.902421
2013-12-04,4.02,4.04,4.02,4.04,900,3.941445
2013-12-03,4.03,4.04,4.03,4.03,2500,3.931689
2013-12-02,4.00,4.04,4.00,4.01,1200,3.912177
2013-11-29,4.00,4.00,4.00,4.00,200,3.902421
2013-11-27,4.01,4.03,4.01,4.03,4900,3.931689
2013-11-26,4.01,4.05,4.01,4.02,2900,3.921933
2013-11-25,4.04,4.07,4.00,4.00,7200,3.902421
2013-11-22,4.03,4.05,4.03,4.04,1900,3.941445
2013-11-21,4.05,4.07,4.05,4.05,15900,3.951201
2013-11-20,4.05,4.05,4.04,4.05,6400,3.951201
2013-11-19,4.03,4.04,4.02,4.02,1800,3.921933
2013-11-18,4.03,4.07,4.01,4.03,6200,3.931689
2013-11-15,4.02,4.03,4.02,4.03,3600,3.931689
2013-11-14,4.04,4.07,4.01,4.03,17800,3.931689
2013-11-13,4.04,4.05,4.03,4.04,1100,3.941445
2013-11-12,4.03,4.06,4.00,4.04,14600,3.941445
2013-11-11,4.04,4.04,4.03,4.04,2100,3.941445
2013-11-08,3.77,4.04,3.77,4.02,800,3.921933
2013-11-07,3.94,4.04,3.94,4.02,3900,3.921933
2013-11-06,4.04,4.05,3.97,4.04,10000,3.941445
2013-11-05,4.05,4.06,4.05,4.05,5100,3.951201
2013-11-04,4.04,4.05,4.01,4.05,5400,3.951201
2013-11-01,4.05,4.05,4.05,4.05,000,3.951201
2013-10-31,4.03,4.05,4.03,4.05,2500,3.951201
2013-10-30,4.05,4.06,4.00,4.05,3700,3.951201
2013-10-29,4.05,4.07,4.03,4.06,11300,3.960957
2013-10-28,4.03,4.04,4.03,4.04,1200,3.941445
2013-10-25,4.00,4.04,4.00,4.04,2800,3.941445
2013-10-24,4.05,4.05,3.97,4.05,6000,3.951201
2013-10-23,4.04,4.06,4.04,4.06,2900,3.960957
2013-10-22,4.05,4.05,4.04,4.05,1900,3.951201
2013-10-21,3.99,4.05,3.99,4.05,5500,3.951201
2013-10-18,4.04,4.07,4.04,4.04,4700,3.941445
2013-10-17,4.05,4.07,4.03,4.04,12900,3.941445
2013-10-16,4.03,4.04,3.97,4.04,3200,3.941445
2013-10-15,4.05,4.05,3.99,4.03,10800,3.931689
2013-10-14,4.00,4.06,4.00,4.06,10900,3.960957
2013-10-11,3.90,4.04,3.90,4.03,5900,3.931689
2013-10-10,4.00,4.06,3.96,4.04,9100,3.941445
2013-10-09,4.04,4.04,4.01,4.04,29000,3.941445
2013-10-08,3.98,4.07,3.91,4.07,12700,3.970714
2013-10-07,3.96,4.04,3.96,3.97,17100,3.873153
2013-10-04,4.00,4.05,4.00,4.03,8500,3.931689
2013-10-03,4.00,4.00,3.90,4.00,4000,3.902421
2013-10-02,4.00,4.00,3.96,4.00,5000,3.902421
2013-10-01,4.03,4.04,3.96,4.00,13700,3.902421
2013-09-30,4.03,4.05,3.90,4.05,8300,3.951201
2013-09-27,4.04,4.05,4.03,4.05,8500,3.951201
2013-09-26,4.05,4.05,4.02,4.03,9000,3.931689
2013-09-25,4.03,4.05,4.01,4.01,7800,3.912177
2013-09-24,3.99,4.05,3.92,4.04,10400,3.941445
2013-09-23,4.00,4.04,3.90,4.03,15200,3.931689
2013-09-20,3.91,4.04,3.91,4.04,15200,3.941445
2013-09-19,4.03,4.03,3.95,4.01,5200,3.912177
2013-09-18,4.01,4.03,3.83,4.03,16800,3.931689
2013-09-17,3.93,4.02,3.93,4.01,17500,3.912177
2013-09-16,3.92,3.97,3.75,3.94,17100,3.843885
2013-09-13,3.90,3.96,3.87,3.93,4700,3.834129
2013-09-12,3.86,3.94,3.79,3.94,7600,3.843885
2013-09-11,3.86,3.96,3.86,3.89,18300,3.795105
2013-09-10,3.94,3.95,3.89,3.90,12700,3.804861
2013-09-09,3.83,3.94,3.75,3.94,24400,3.843885
2013-09-06,3.94,3.94,3.80,3.82,16500,3.726812
2013-09-05,3.94,3.94,3.81,3.89,5300,3.795105
2013-09-04,3.90,3.94,3.79,3.93,14400,3.834129
2013-09-03,3.87,3.94,3.87,3.94,600,3.843885
2013-08-30,3.93,3.94,3.80,3.90,8800,3.804861
2013-08-29,3.75,3.93,3.75,3.93,900,3.834129
2013-08-28,3.79,3.90,3.79,3.87,6600,3.775592
2013-08-27,3.89,3.90,3.77,3.82,8300,3.726812
2013-08-26,3.93,3.93,3.83,3.92,10200,3.824373
2013-08-23,3.88,3.94,3.57,3.91,42800,3.814617
2013-08-22,3.80,3.94,3.69,3.82,51700,3.726812
2013-08-21,3.71,3.80,3.71,3.80,1500,3.7073
2013-08-20,3.80,3.80,3.78,3.80,2000,3.7073
2013-08-19,3.80,3.82,3.57,3.82,2600,3.726812
2013-08-16,3.82,3.82,3.82,3.82,000,3.726812
2013-08-15,3.79,3.82,3.67,3.82,7200,3.726812
2013-08-14,3.88,3.90,3.64,3.82,11600,3.726812
2013-08-13,3.89,3.90,3.78,3.90,3000,3.804861
2013-08-12,3.92,3.93,3.59,3.92,11600,3.824373
2013-08-09,3.85,3.88,3.85,3.88,1000,3.785348
2013-08-08,3.80,3.85,3.80,3.85,2300,3.75608
2013-08-07,3.78,3.84,3.78,3.84,1100,3.746324
2013-08-06,3.85,3.85,3.75,3.83,1300,3.736568
2013-08-05,3.82,3.91,3.80,3.84,2100,3.746324
2013-08-02,3.89,3.89,3.63,3.87,4500,3.775592
2013-08-01,3.87,3.90,3.87,3.89,2900,3.795105
2013-07-31,3.85,3.89,3.85,3.88,3100,3.785348
2013-07-30,3.81,3.86,3.63,3.85,3500,3.75608
2013-07-29,3.78,3.86,3.75,3.85,3500,3.75608
2013-07-26,3.72,3.79,3.72,3.79,600,3.697544
2013-07-25,3.63,3.81,3.63,3.66,13000,3.570715
2013-07-24,3.71,3.74,3.65,3.65,3500,3.560959
2013-07-23,3.65,3.74,3.65,3.74,1700,3.648764
2013-07-22,3.62,3.84,3.62,3.69,6300,3.599983
2013-07-19,3.65,3.74,3.60,3.69,8900,3.599983
2013-07-18,3.64,3.70,3.62,3.70,6200,3.609739
2013-07-17,3.73,3.74,3.54,3.71,8300,3.619496
2013-07-16,3.76,3.76,3.70,3.75,8200,3.65852
2013-07-15,3.80,3.81,3.78,3.78,2800,3.687788
2013-07-12,3.77,3.77,3.77,3.77,500,3.678032
2013-07-11,3.80,3.80,3.72,3.75,4900,3.65852
2013-07-10,3.71,3.80,3.65,3.79,3300,3.697544
2013-07-09,3.81,3.81,3.70,3.80,3300,3.7073
2013-07-08,3.88,3.88,3.71,3.81,3500,3.717056
2013-07-05,3.71,3.74,3.70,3.74,3200,3.648764
2013-07-03,3.81,3.81,3.72,3.78,7900,3.687788
2013-07-02,3.81,3.89,3.80,3.87,2100,3.775592
2013-07-01,3.87,3.90,3.80,3.82,3200,3.726812
2013-06-28,3.89,3.91,3.83,3.90,8300,3.804861
2013-06-27,3.90,3.90,3.88,3.89,2600,3.795105
2013-06-26,3.85,3.91,3.85,3.91,2300,3.814617
2013-06-25,3.86,3.92,3.81,3.91,5200,3.814617
2013-06-24,3.83,3.96,3.82,3.96,6700,3.863397
2013-06-21,3.93,3.93,3.80,3.92,6300,3.824373
2013-06-20,3.91,3.92,3.90,3.92,4400,3.824373
2013-06-19,3.90,3.96,3.89,3.92,7500,3.824373
2013-06-18,3.93,3.93,3.90,3.91,2400,3.814617
2013-06-17,3.91,3.96,3.90,3.96,16800,3.863397
2013-06-14,3.93,3.95,3.93,3.95,500,3.853641
2013-06-13,3.96,3.97,3.90,3.97,6500,3.873153
2013-06-12,3.87,3.97,3.80,3.94,10500,3.843885
2013-06-11,3.90,3.90,3.82,3.82,2600,3.726812
2013-06-10,3.94,3.94,3.88,3.94,2700,3.843885
2013-06-07,3.95,3.96,3.94,3.94,3300,3.843885
2013-06-06,3.94,3.95,3.94,3.95,600,3.853641
2013-06-05,3.97,3.97,3.88,3.94,8800,3.843885
2013-06-04,3.95,3.97,3.95,3.96,5400,3.863397
2013-06-03,3.95,3.95,3.85,3.94,4300,3.843885
2013-05-31,3.93,3.96,3.85,3.94,9800,3.843885
2013-05-30,3.93,3.95,3.93,3.93,11400,3.834129
2013-05-29,3.85,3.93,3.85,3.93,9700,3.834129
2013-05-28,3.87,3.91,3.85,3.89,16700,3.795105
2013-05-24,3.69,3.86,3.65,3.86,31500,3.765836
2013-05-23,3.63,3.70,3.60,3.68,14100,3.590227
2013-05-22,3.59,3.75,3.57,3.62,32200,3.531691
2013-05-21,3.65,3.65,3.39,3.63,32300,3.541447
2013-05-20,3.71,3.79,3.63,3.63,12000,3.541447
2013-05-17,3.72,3.75,3.55,3.69,13300,3.599983
2013-05-16,3.75,3.79,3.50,3.69,8600,3.599983
2013-05-15,3.70,3.79,3.52,3.73,28500,3.639008
2013-05-14,3.62,3.75,3.50,3.72,24100,3.629252
2013-05-13,3.47,3.64,3.47,3.54,15700,3.453643
2013-05-10,3.51,4.19,3.31,3.45,62400,3.365838
2013-05-09,3.55,3.55,3.40,3.43,11900,3.346326
2013-05-08,3.48,3.56,3.41,3.55,4100,3.463399
2013-05-07,3.56,3.56,3.40,3.52,2900,3.43413
2013-05-06,3.55,3.55,3.55,3.55,100,3.463399
2013-05-03,3.43,3.57,3.43,3.55,1400,3.463399
2013-05-02,3.59,3.59,3.32,3.40,3100,3.317058
2013-05-01,3.59,3.59,3.35,3.40,27600,3.317058
2013-04-30,3.50,3.60,3.45,3.57,8000,3.482911
2013-04-29,3.52,3.62,3.52,3.55,10100,3.463399
2013-04-26,3.49,3.60,3.42,3.49,24200,3.404862
2013-04-25,3.45,3.50,3.40,3.48,11700,3.395106
2013-04-24,3.43,3.45,3.36,3.45,8500,3.365838
2013-04-23,3.41,3.43,3.40,3.40,6000,3.317058
2013-04-22,3.40,3.41,3.37,3.40,2800,3.317058
2013-04-19,3.40,3.41,3.40,3.40,3400,3.317058
2013-04-18,3.37,3.40,3.34,3.38,5100,3.297546
2013-04-17,3.38,3.39,3.12,3.34,7400,3.258521
2013-04-16,3.36,3.39,3.35,3.37,3200,3.28779
2013-04-15,3.33,3.40,3.23,3.39,6400,3.307302
2013-04-12,3.33,3.38,3.01,3.37,20300,3.28779
2013-04-11,3.40,3.40,3.26,3.28,19600,3.199985
2013-04-10,3.40,3.40,3.25,3.40,8100,3.317058
2013-04-09,3.36,3.39,3.26,3.39,3200,3.307302
2013-04-08,3.35,3.39,3.30,3.39,5500,3.307302
2013-04-05,3.33,3.39,3.25,3.39,2800,3.307302
2013-04-04,3.28,3.39,3.28,3.39,3800,3.307302
2013-04-03,3.27,3.39,3.26,3.39,3300,3.307302
2013-04-02,3.35,3.37,3.30,3.36,2300,3.278034
2013-04-01,3.35,3.40,3.30,3.36,7900,3.278034
2013-03-28,3.24,3.35,3.24,3.33,5400,3.248765
2013-03-27,3.25,3.30,3.25,3.30,4400,3.219497
2013-03-26,3.35,3.35,3.25,3.27,7600,3.190229
2013-03-25,3.39,3.39,3.35,3.35,3600,3.248765
2013-03-22,3.30,3.40,3.29,3.38,15700,3.277859
2013-03-21,3.30,3.33,3.30,3.30,1100,3.200276
2013-03-20,3.34,3.34,3.09,3.34,3000,3.239068
2013-03-19,3.35,3.35,3.10,3.34,2100,3.239068
2013-03-18,3.36,3.36,3.30,3.33,2200,3.22937
2013-03-15,3.40,3.40,3.35,3.37,1500,3.268161
2013-03-14,3.45,3.45,3.38,3.40,900,3.297255
2013-03-13,3.42,3.44,3.36,3.44,12300,3.336046
2013-03-12,3.39,3.40,3.39,3.40,1300,3.297255
2013-03-11,3.36,3.40,3.16,3.40,19100,3.297255
2013-03-08,3.45,3.45,3.14,3.40,8900,3.297255
2013-03-07,3.41,3.43,3.40,3.42,3300,3.31665
2013-03-06,3.45,3.45,3.40,3.40,4600,3.297255
2013-03-05,3.40,3.40,3.35,3.40,2600,3.297255
2013-03-04,3.42,3.42,3.35,3.40,22900,3.297255
2013-03-01,3.36,3.42,3.16,3.40,3300,3.297255
2013-02-28,3.38,3.38,3.33,3.38,1300,3.277859
2013-02-27,3.30,3.33,3.13,3.33,3800,3.22937
2013-02-26,3.22,3.33,3.02,3.23,8000,3.132392
2013-02-25,3.25,3.25,3.22,3.23,23100,3.132392
2013-02-22,3.23,3.25,3.23,3.25,400,3.151787
2013-02-21,3.42,3.42,3.03,3.20,5000,3.103298
2013-02-20,3.19,3.24,3.11,3.23,2200,3.132392
2013-02-19,3.11,3.30,3.11,3.21,28700,3.112996
2013-02-15,3.25,3.27,3.18,3.25,1300,3.151787
2013-02-14,3.22,3.35,3.19,3.29,1400,3.190579
2013-02-13,3.40,3.40,3.04,3.35,5500,3.248765
2013-02-12,3.38,3.42,3.38,3.42,3000,3.31665
2013-02-11,3.36,3.41,3.36,3.39,1500,3.287557
2013-02-08,3.40,3.42,3.27,3.42,2700,3.31665
2013-02-07,3.40,3.42,3.40,3.41,3600,3.306952
2013-02-06,3.35,3.45,3.35,3.40,5600,3.297255
2013-02-05,3.33,3.35,3.33,3.35,900,3.248765
2013-02-04,3.35,3.37,3.33,3.35,5600,3.248765
2013-02-01,3.35,3.37,3.31,3.35,6100,3.248765
2013-01-31,3.32,3.35,3.31,3.35,1500,3.248765
2013-01-30,3.35,3.35,3.29,3.32,4500,3.219672
2013-01-29,3.34,3.38,3.32,3.33,4400,3.22937
2013-01-28,3.22,3.39,3.22,3.33,6200,3.22937
2013-01-25,3.34,3.40,3.25,3.30,5400,3.200276
2013-01-24,3.28,3.40,2.52,3.40,34600,3.297255
2013-01-23,3.30,3.32,3.29,3.30,6200,3.200276
2013-01-22,3.29,3.30,3.29,3.30,2900,3.200276
2013-01-18,3.30,3.30,3.28,3.28,2200,3.180881
2013-01-17,3.28,3.29,3.25,3.29,1800,3.190579
2013-01-16,3.28,3.30,3.24,3.28,7400,3.180881
2013-01-15,3.25,3.30,3.23,3.25,3800,3.151787
2013-01-14,3.24,3.24,3.24,3.24,800,3.14209
2013-01-11,3.21,3.25,3.17,3.25,2000,3.151787
2013-01-10,3.20,3.25,3.20,3.22,4000,3.122694
2013-01-09,3.20,3.25,3.01,3.21,5100,3.112996
2013-01-08,3.20,3.22,3.17,3.20,3800,3.103298
2013-01-07,3.20,3.23,3.05,3.23,4700,3.132392
2013-01-04,3.15,3.25,3.15,3.20,3000,3.103298
2013-01-03,3.19,3.32,3.09,3.20,5500,3.103298
2013-01-02,3.09,3.24,3.09,3.20,3500,3.103298
2012-12-31,2.95,3.35,2.95,3.09,26900,2.996622
2012-12-28,2.90,2.96,2.90,2.95,5700,2.860853
2012-12-27,2.84,2.89,2.84,2.88,500,2.792969
2012-12-26,2.74,2.85,2.69,2.83,3500,2.744479
2012-12-24,2.76,2.84,2.76,2.80,2100,2.715386
2012-12-21,2.85,2.85,2.85,2.85,300,2.763875
2012-12-20,2.93,2.93,2.84,2.89,9500,2.802666
2012-12-19,2.90,2.92,2.88,2.92,2900,2.83176
2012-12-18,2.94,2.94,2.94,2.94,100,2.851155
2012-12-17,2.91,2.94,2.91,2.94,600,2.851155
2012-12-14,2.95,2.95,2.93,2.94,1300,2.851155
2012-12-13,2.92,2.95,2.92,2.95,2400,2.860853
2012-12-12,2.88,2.94,2.88,2.92,1300,2.83176
2012-12-11,2.90,2.94,2.90,2.94,1000,2.802666
2012-12-10,2.94,2.94,2.91,2.94,400,2.802666
2012-12-07,2.92,2.94,2.92,2.94,900,2.802666
2012-12-06,2.94,2.96,2.87,2.96,3000,2.821732
2012-12-05,2.94,2.94,2.89,2.93,3600,2.793133
2012-12-04,2.94,2.97,2.92,2.94,2800,2.802666
2012-12-03,2.94,2.94,2.94,2.94,100,2.802666
2012-11-30,2.95,2.95,2.87,2.95,2100,2.812199
2012-11-29,2.94,2.94,2.94,2.94,000,2.802666
2012-11-28,2.94,2.94,2.93,2.94,1400,2.802666
2012-11-27,2.93,2.94,2.93,2.94,300,2.802666
2012-11-26,2.93,2.93,2.93,2.93,100,2.793133
2012-11-23,2.93,2.93,2.93,2.93,300,2.793133
2012-11-21,2.94,2.94,2.93,2.93,2700,2.793133
2012-11-20,2.90,2.94,2.88,2.94,800,2.802666
2012-11-19,2.90,2.94,2.90,2.90,3500,2.764535
2012-11-16,2.91,2.94,2.88,2.94,4100,2.802666
2012-11-15,2.90,2.92,2.89,2.92,5000,2.783601
2012-11-14,2.92,2.92,2.88,2.92,1900,2.783601
2012-11-13,2.91,2.92,2.90,2.92,2200,2.783601
2012-11-12,2.90,2.92,2.89,2.92,2500,2.783601
2012-11-09,2.86,2.92,2.83,2.90,2900,2.764535
2012-11-08,2.92,2.92,2.81,2.92,2400,2.783601
2012-11-07,2.77,2.94,2.77,2.94,3600,2.802666
2012-11-06,2.90,2.94,2.87,2.94,2700,2.802666
2012-11-05,2.91,2.93,2.76,2.92,1400,2.783601
2012-11-02,2.90,2.93,2.86,2.93,1000,2.793133
2012-11-01,2.89,2.93,2.78,2.92,2400,2.783601
2012-10-31,2.90,3.00,2.85,2.86,6500,2.726403
2012-10-26,2.93,2.94,2.92,2.94,1100,2.802666
2012-10-25,2.87,2.95,2.87,2.95,2200,2.812199
2012-10-24,2.89,2.89,2.89,2.89,500,2.755002
2012-10-23,2.88,2.89,2.88,2.89,900,2.755002
2012-10-22,2.77,2.77,2.75,2.75,2700,2.621542
2012-10-19,2.78,2.80,2.68,2.75,4500,2.621542
2012-10-18,2.80,2.80,2.80,2.80,300,2.669206
2012-10-17,2.65,2.80,2.64,2.80,3700,2.669206
2012-10-16,2.75,2.82,2.63,2.80,5000,2.669206
2012-10-15,2.79,2.89,2.61,2.82,8400,2.688272
2012-10-12,2.78,2.80,2.78,2.79,1100,2.659673
2012-10-11,2.84,2.86,2.75,2.75,1600,2.621542
2012-10-10,3.00,3.00,2.64,2.88,20500,2.745469
2012-10-09,2.89,3.00,2.89,3.00,8600,2.859864
2012-10-08,2.77,2.94,2.71,2.94,36100,2.802666
2012-10-05,2.77,2.79,2.70,2.79,3100,2.659673
2012-10-04,2.75,2.77,2.72,2.77,2500,2.640607
2012-10-03,2.75,2.79,2.57,2.78,20900,2.65014
2012-10-02,2.71,2.79,2.63,2.79,12700,2.659673
2012-10-01,2.80,2.80,2.78,2.78,1800,2.65014
2012-09-28,2.75,2.80,2.61,2.74,11800,2.612009
2012-09-27,2.75,2.75,2.75,2.75,5400,2.621542
2012-09-26,2.75,2.75,2.75,2.75,100,2.621542
2012-09-25,2.64,2.75,2.59,2.75,13200,2.621542
2012-09-24,2.65,2.65,2.58,2.64,4400,2.51668
2012-09-21,2.62,2.73,2.60,2.65,7800,2.526213
2012-09-20,2.62,2.72,2.62,2.72,1600,2.592943
2012-09-19,2.74,2.75,2.61,2.75,5600,2.621542
2012-09-18,2.70,2.75,2.63,2.75,1100,2.621542
2012-09-17,2.72,2.75,2.56,2.75,5400,2.621542
2012-09-14,2.55,2.75,2.55,2.74,3300,2.612009
2012-09-13,2.70,2.70,2.63,2.63,3400,2.507147
2012-09-12,2.75,2.75,2.68,2.70,5800,2.573877
2012-09-11,2.66,2.74,2.66,2.74,4400,2.612009
2012-09-10,2.66,2.67,2.65,2.67,4200,2.545279
2012-09-07,2.69,2.70,2.67,2.67,2700,2.545279
2012-09-06,2.58,2.70,2.52,2.70,8800,2.573877
2012-09-05,2.69,2.70,2.66,2.70,3700,2.573877
2012-09-04,2.75,2.75,2.70,2.70,21100,2.573877
2012-08-31,2.73,2.75,2.70,2.75,1800,2.621542
2012-08-30,2.70,2.72,2.70,2.72,1200,2.592943
2012-08-29,2.68,2.72,2.66,2.72,20700,2.592943
2012-08-28,2.67,2.67,2.56,2.67,1400,2.545279
2012-08-27,2.69,2.69,2.64,2.64,800,2.51668
2012-08-24,2.70,2.70,2.54,2.69,10200,2.564344
2012-08-23,2.67,2.70,2.67,2.68,1500,2.554811
2012-08-22,2.63,2.70,2.57,2.65,36600,2.526213
2012-08-21,2.70,2.70,2.68,2.70,600,2.573877
2012-08-20,2.68,2.70,2.68,2.70,300,2.573877
2012-08-17,2.61,2.63,2.55,2.63,2100,2.507147
2012-08-16,2.54,2.67,2.54,2.65,7400,2.526213
2012-08-15,2.58,2.66,2.58,2.58,2500,2.459483
2012-08-14,2.51,2.70,2.51,2.55,34000,2.430884
2012-08-13,2.56,2.70,2.56,2.70,6200,2.573877
2012-08-10,2.55,2.70,2.53,2.70,700,2.573877
2012-08-09,2.66,2.72,2.66,2.70,5200,2.573877
2012-08-08,2.68,2.70,2.68,2.70,400,2.573877
2012-08-07,2.70,2.70,2.55,2.70,7900,2.573877
2012-08-06,2.69,2.70,2.65,2.70,1400,2.573877
2012-08-03,2.55,2.69,2.55,2.69,3500,2.564344
2012-08-02,2.62,2.70,2.55,2.70,3000,2.573877
2012-08-01,2.70,2.70,2.70,2.70,2000,2.573877
2012-07-31,2.75,2.75,2.75,2.75,600,2.621542
2012-07-30,2.70,2.70,2.70,2.70,000,2.573877
2012-07-27,2.70,2.70,2.68,2.70,2800,2.573877
2012-07-26,2.73,2.73,2.61,2.69,1200,2.564344
2012-07-25,2.77,2.77,2.62,2.70,1900,2.573877
2012-07-24,2.69,2.70,2.68,2.69,800,2.564344
2012-07-23,2.77,2.77,2.68,2.70,5200,2.573877
2012-07-20,2.77,2.80,2.61,2.80,2400,2.669206
2012-07-19,2.78,2.80,2.66,2.79,3900,2.659673
2012-07-18,2.62,2.80,2.62,2.75,6300,2.621542
2012-07-17,2.80,2.80,2.80,2.80,2800,2.669206
2012-07-16,2.77,2.80,2.70,2.80,52000,2.669206
2012-07-13,2.78,2.80,2.74,2.75,3400,2.621542
2012-07-12,2.77,2.78,2.66,2.77,2100,2.640607
2012-07-11,2.80,2.80,2.74,2.74,6400,2.612009
2012-07-10,2.78,2.78,2.78,2.78,200,2.65014
2012-07-09,2.74,2.80,2.74,2.80,500,2.669206
2012-07-06,2.75,2.76,2.62,2.72,6700,2.592943
2012-07-05,2.63,2.76,2.61,2.72,3000,2.592943
2012-07-03,2.71,2.76,2.64,2.74,7600,2.612009
2012-07-02,2.75,2.76,2.75,2.76,800,2.631074
2012-06-29,2.75,2.75,2.72,2.75,4200,2.621542
2012-06-28,2.70,2.75,2.61,2.75,5300,2.621542
2012-06-27,2.70,2.70,2.55,2.70,2300,2.573877
2012-06-26,2.69,2.70,2.68,2.70,600,2.573877
2012-06-25,2.71,2.71,2.68,2.70,3000,2.573877
2012-06-22,2.70,2.72,2.55,2.71,8800,2.58341
2012-06-21,2.71,2.72,2.70,2.72,5800,2.592943
2012-06-20,2.72,2.72,2.70,2.72,6200,2.592943
2012-06-19,2.70,2.72,2.60,2.72,9600,2.592943
2012-06-18,2.72,2.72,2.70,2.72,1600,2.592943
2012-06-15,2.70,2.72,2.67,2.72,10200,2.592943
2012-06-14,2.72,2.72,2.60,2.72,3800,2.592943
2012-06-13,2.69,2.72,2.61,2.65,2700,2.526213
2012-06-12,2.71,2.74,2.69,2.72,1600,2.592943
2012-06-11,2.72,2.74,2.63,2.74,2000,2.612009
2012-06-08,2.75,2.75,2.63,2.74,3100,2.612009
2012-06-07,2.78,2.78,2.77,2.77,600,2.640607
2012-06-06,2.79,2.80,2.78,2.79,7900,2.659673
2012-06-05,2.78,2.80,2.61,2.80,8400,2.669206
2012-06-04,2.55,2.78,2.55,2.78,13200,2.65014
2012-06-01,2.75,2.78,2.70,2.78,2200,2.65014
2012-05-31,2.77,2.78,2.75,2.77,2000,2.640607
2012-05-30,2.78,2.78,2.70,2.78,1800,2.65014
2012-05-29,2.73,2.80,2.67,2.80,4700,2.669206
2012-05-25,2.58,2.70,2.44,2.70,7100,2.573877
2012-05-24,2.61,2.80,2.50,2.62,17600,2.497614
2012-05-23,2.77,2.78,2.56,2.60,28000,2.478548
2012-05-22,2.80,2.85,2.75,2.75,7600,2.621542
2012-05-21,2.75,2.85,2.75,2.85,800,2.71687
2012-05-18,2.68,2.77,2.47,2.75,3300,2.621542
2012-05-17,2.75,2.75,2.66,2.73,3200,2.602476
2012-05-16,2.74,2.80,2.72,2.75,5300,2.621542
2012-05-15,2.80,2.80,2.63,2.75,4000,2.621542
2012-05-14,2.85,2.85,2.66,2.81,7700,2.678739
2012-05-11,2.88,2.90,2.82,2.87,900,2.735936
2012-05-10,2.90,2.90,2.87,2.90,900,2.764535
2012-05-09,2.88,2.90,2.88,2.90,1700,2.764535
2012-05-08,2.87,2.90,2.77,2.90,3700,2.764535
2012-05-07,2.85,2.90,2.81,2.89,500,2.755002
2012-05-04,2.82,2.89,2.78,2.89,1700,2.755002
2012-05-03,2.91,2.91,2.83,2.91,2600,2.774068
2012-05-02,2.96,2.96,2.96,2.96,500,2.821732
2012-05-01,2.94,2.96,2.94,2.96,2500,2.821732
2012-04-30,2.88,2.96,2.87,2.94,6000,2.802666
2012-04-27,2.89,2.90,2.86,2.89,2300,2.755002
2012-04-26,2.88,2.91,2.66,2.90,5400,2.764535
2012-04-25,2.86,2.94,2.85,2.93,4000,2.793133
2012-04-24,2.89,2.93,2.81,2.90,3700,2.764535
2012-04-23,2.96,2.96,2.96,2.96,100,2.821732
2012-04-20,2.84,2.95,2.84,2.95,3100,2.812199
2012-04-19,2.92,2.96,2.89,2.93,4300,2.793133
2012-04-18,2.94,2.94,2.86,2.92,2600,2.783601
2012-04-17,2.87,2.94,2.83,2.94,2400,2.802666
2012-04-16,2.92,2.92,2.62,2.90,6900,2.764535
2012-04-13,2.83,2.92,2.63,2.92,4100,2.783601
2012-04-12,2.87,3.00,2.85,2.93,10500,2.793133
