Date,Open,High,Low,Close,Volume,Adj Close
2016-11-25,21.65,21.74,21.139999,21.18,431800,21.18
2016-11-23,21.620001,21.83,21.299999,21.59,924100,21.59
2016-11-22,21.74,21.83,21.379999,21.469999,1059100,21.469999
2016-11-21,21.74,21.790001,21.129999,21.690001,1123300,21.690001
2016-11-18,22.00,22.17,21.49,21.610001,948900,21.610001
2016-11-17,21.879999,22.17,21.530001,21.90,758900,21.90
2016-11-16,21.77,21.90,21.16,21.75,1075100,21.75
2016-11-15,20.959999,21.83,20.459999,21.77,1124600,21.77
2016-11-14,20.98,21.92,20.84,21.16,1411500,21.16
2016-11-11,20.09,20.77,19.92,20.629999,1121400,20.629999
2016-11-10,18.82,20.34,18.75,20.190001,1806800,20.190001
2016-11-09,17.059999,18.639999,16.790001,18.32,741300,18.32
2016-11-08,16.780001,16.959999,16.51,16.77,318400,16.77
2016-11-07,16.440001,17.049999,16.379999,16.799999,734200,16.799999
2016-11-04,15.89,16.559999,15.64,15.93,931800,15.93
2016-11-03,16.50,17.02,15.39,15.71,1518100,15.71
2016-11-02,17.709999,17.809999,17.299999,17.459999,673800,17.459999
2016-11-01,18.08,18.08,17.389999,17.809999,403400,17.809999
2016-10-31,17.92,18.110001,17.799999,17.93,355600,17.93
2016-10-28,18.15,18.200001,17.709999,17.889999,331300,17.889999
2016-10-27,17.85,18.27,17.73,18.110001,442500,18.110001
2016-10-26,17.32,17.690001,17.190001,17.690001,389300,17.690001
2016-10-25,17.83,17.99,17.34,17.450001,286800,17.450001
2016-10-24,17.809999,18.84,17.629999,17.82,606000,17.82
2016-10-21,17.60,17.76,17.440001,17.65,287100,17.65
2016-10-20,18.040001,18.17,17.65,17.84,247700,17.84
2016-10-19,18.16,18.309999,18.030001,18.120001,232000,18.120001
2016-10-18,18.17,18.18,17.93,17.98,263700,17.98
2016-10-17,17.959999,18.07,17.76,17.860001,237100,17.860001
2016-10-14,17.879999,18.25,17.809999,17.870001,267300,17.870001
2016-10-13,17.889999,17.889999,17.309999,17.690001,479000,17.690001
2016-10-12,18.209999,18.48,18.110001,18.120001,452300,18.120001
2016-10-11,18.120001,18.40,18.02,18.18,474500,18.18
2016-10-10,17.99,18.25,17.82,18.17,337600,18.17
2016-10-07,17.98,18.01,17.549999,17.860001,473100,17.860001
2016-10-06,18.27,18.379999,17.780001,18.02,375400,18.02
2016-10-05,17.98,18.459999,17.82,18.24,543900,18.24
2016-10-04,17.59,18.02,17.49,17.780001,441100,17.780001
2016-10-03,17.540001,17.73,17.42,17.549999,464100,17.549999
2016-09-30,17.620001,17.83,17.32,17.73,571100,17.73
2016-09-29,18.02,18.24,17.43,17.459999,474700,17.459999
2016-09-28,17.780001,18.02,17.51,18.00,643000,18.00
2016-09-27,17.469999,17.77,17.219999,17.75,673700,17.75
2016-09-26,17.74,17.74,17.25,17.59,902900,17.59
2016-09-23,17.950001,18.110001,17.59,17.85,1035300,17.85
2016-09-22,18.129999,18.32,17.93,17.98,597400,17.98
2016-09-21,17.790001,18.15,17.690001,17.98,461500,17.98
2016-09-20,17.879999,17.92,17.530001,17.610001,362100,17.610001
2016-09-19,17.690001,18.00,17.58,17.690001,428900,17.690001
2016-09-16,17.65,17.690001,17.299999,17.530001,1476100,17.530001
2016-09-15,17.26,17.93,17.25,17.83,391200,17.83
2016-09-14,17.610001,17.620001,17.25,17.290001,658800,17.290001
2016-09-13,17.59,17.77,17.35,17.629999,423900,17.629999
2016-09-12,17.639999,17.969999,17.26,17.889999,540600,17.889999
2016-09-09,17.93,18.209999,17.799999,17.809999,543800,17.809999
2016-09-08,18.120001,18.219999,17.91,18.049999,383300,18.049999
2016-09-07,17.67,18.120001,17.66,18.120001,533300,18.120001
2016-09-06,17.85,17.98,17.35,17.629999,396200,17.629999
2016-09-02,17.73,17.98,17.690001,17.85,422500,17.85
2016-09-01,17.690001,17.870001,17.25,17.690001,453500,17.690001
2016-08-31,17.799999,17.90,17.48,17.620001,1015100,17.620001
2016-08-30,17.709999,17.959999,17.709999,17.83,550500,17.83
2016-08-29,17.40,17.870001,17.40,17.709999,365100,17.709999
2016-08-26,17.23,17.700001,17.08,17.42,800400,17.42
2016-08-25,16.700001,17.110001,16.700001,17.110001,489400,17.110001
2016-08-24,16.58,16.85,16.58,16.73,401500,16.73
2016-08-23,16.620001,16.799999,16.51,16.59,390300,16.59
2016-08-22,16.469999,16.530001,16.190001,16.51,457600,16.51
2016-08-19,16.219999,16.559999,16.15,16.559999,1050400,16.559999
2016-08-18,16.32,16.440001,16.030001,16.40,596700,16.40
2016-08-17,16.16,16.35,16.049999,16.35,434500,16.35
2016-08-16,16.049999,16.35,15.97,16.18,480200,16.18
2016-08-15,15.70,16.17,15.70,16.110001,437000,16.110001
2016-08-12,15.65,15.79,15.27,15.61,501800,15.61
2016-08-11,15.69,15.98,15.69,15.85,439700,15.85
2016-08-10,15.61,15.81,15.51,15.64,368600,15.64
2016-08-09,15.65,15.85,15.57,15.60,487300,15.60
2016-08-08,15.81,16.059999,15.56,15.58,452400,15.58
2016-08-05,15.33,15.77,15.21,15.75,735400,15.75
2016-08-04,16.059999,16.459999,15.07,15.12,941000,15.12
2016-08-03,15.67,16.200001,15.67,16.08,754900,16.08
2016-08-02,15.28,15.66,15.23,15.65,828600,15.65
2016-08-01,15.91,16.02,15.18,15.35,505500,15.35
2016-07-29,15.67,16.030001,15.65,15.93,803800,15.93
2016-07-28,15.75,15.92,15.63,15.77,378700,15.77
2016-07-27,15.84,15.99,15.64,15.84,381500,15.84
2016-07-26,15.81,16.02,15.69,15.86,504300,15.86
2016-07-25,16.129999,16.23,15.85,15.87,576200,15.87
2016-07-22,16.25,16.34,15.99,16.25,256900,16.25
2016-07-21,16.16,16.379999,16.01,16.26,514100,16.26
2016-07-20,16.02,16.27,15.87,16.219999,408300,16.219999
2016-07-19,15.86,16.02,15.79,16.00,310900,16.00
2016-07-18,15.85,16.08,15.75,15.99,291000,15.99
2016-07-15,16.17,16.23,15.66,15.86,425300,15.86
2016-07-14,15.87,16.32,15.87,16.01,455100,16.01
2016-07-13,15.81,15.88,15.37,15.87,499000,15.87
2016-07-12,15.48,15.80,15.41,15.58,665400,15.58
2016-07-11,14.88,15.33,14.88,15.21,590000,15.21
2016-07-08,14.14,14.81,14.12,14.77,689400,14.77
2016-07-07,13.75,14.33,13.47,13.76,563100,13.76
2016-07-06,13.44,13.71,13.24,13.64,548700,13.64
2016-07-05,14.13,14.14,13.07,13.54,834100,13.54
2016-07-01,14.13,14.54,14.13,14.34,433100,14.34
2016-06-30,13.93,14.26,13.68,14.25,916600,14.25
2016-06-29,13.81,13.92,13.54,13.83,886300,13.83
2016-06-28,13.89,14.03,13.40,13.62,776000,13.62
2016-06-27,14.67,14.68,13.43,13.60,903300,13.60
2016-06-24,15.68,15.70,14.52,14.81,1185100,14.81
2016-06-23,16.15,16.65,16.15,16.620001,623100,16.620001
2016-06-22,15.68,16.040001,15.64,15.83,496900,15.83
2016-06-21,15.81,15.81,15.44,15.64,368400,15.64
2016-06-20,15.88,16.110001,15.65,15.77,471200,15.77
2016-06-17,15.47,16.02,15.45,15.56,805200,15.56
2016-06-16,15.11,15.53,14.90,15.50,545500,15.50
2016-06-15,15.41,15.76,15.26,15.33,354300,15.33
2016-06-14,15.35,15.61,15.14,15.34,491000,15.34
2016-06-13,15.50,15.71,15.19,15.45,518500,15.45
2016-06-10,15.63,15.84,15.36,15.62,472800,15.62
2016-06-09,16.459999,16.459999,15.77,15.95,547900,15.95
2016-06-08,16.610001,16.73,16.530001,16.620001,417800,16.620001
2016-06-07,16.84,16.879999,16.52,16.610001,394100,16.610001
2016-06-06,16.379999,16.860001,16.280001,16.709999,781700,16.709999
2016-06-03,16.09,16.09,15.69,15.85,615800,15.85
2016-06-02,16.200001,16.459999,15.69,16.389999,481900,16.389999
2016-06-01,16.10,16.389999,15.62,16.280001,521300,16.280001
2016-05-31,16.25,16.35,16.02,16.209999,630100,16.209999
2016-05-27,15.89,16.15,15.82,16.15,622200,16.15
2016-05-26,16.09,16.15,15.72,15.90,483700,15.90
2016-05-25,15.83,16.190001,15.80,16.00,575500,16.00
2016-05-24,15.48,15.85,15.43,15.80,703800,15.80
2016-05-23,15.26,15.39,15.15,15.32,827500,15.32
2016-05-20,15.05,15.49,14.99,15.31,467700,15.31
2016-05-19,15.19,15.36,14.61,14.91,725000,14.91
2016-05-18,14.30,15.40,14.22,15.27,850700,15.27
2016-05-17,14.33,14.76,14.24,14.39,581600,14.39
2016-05-16,14.10,14.44,14.00,14.33,669400,14.33
2016-05-13,13.96,14.47,13.87,14.06,630600,14.06
2016-05-12,14.32,14.44,13.83,13.99,537200,13.99
2016-05-11,14.04,14.56,14.00,14.20,652200,14.20
2016-05-10,13.61,14.16,13.57,14.14,705300,14.14
2016-05-09,13.66,13.76,13.29,13.47,945500,13.47
2016-05-06,13.46,13.79,13.30,13.72,842600,13.72
2016-05-05,13.42,13.79,13.24,13.58,1227900,13.58
2016-05-04,13.20,13.78,13.11,13.29,1143500,13.29
2016-05-03,13.60,13.60,13.03,13.31,1641000,13.31
2016-05-02,14.19,14.24,13.73,13.90,1604300,13.90
2016-04-29,14.25,14.46,13.80,14.00,1571400,14.00
2016-04-28,15.53,15.53,13.72,14.33,2306200,14.33
2016-04-27,16.389999,16.73,16.290001,16.41,721900,16.41
2016-04-26,16.09,16.459999,15.98,16.450001,889700,16.450001
2016-04-25,16.10,16.129999,15.70,16.030001,482000,16.030001
2016-04-22,16.07,16.57,16.07,16.27,631600,16.27
2016-04-21,16.02,16.42,15.90,15.99,662300,15.99
2016-04-20,15.56,16.110001,15.56,16.00,911600,16.00
2016-04-19,15.25,15.88,15.25,15.58,620400,15.58
2016-04-18,15.04,15.22,14.68,15.18,820000,15.18
2016-04-15,15.11,15.42,15.08,15.09,1136800,15.09
2016-04-14,14.78,15.37,14.59,15.11,953500,15.11
2016-04-13,14.45,14.86,14.42,14.70,919700,14.70
2016-04-12,13.69,14.56,13.69,14.20,1861900,14.20
2016-04-11,13.06,14.05,12.97,13.69,2067300,13.69
2016-04-08,12.99,13.21,12.77,13.01,3245200,13.01
2016-04-07,13.88,13.95,12.82,12.88,3025600,12.88
2016-04-06,15.05,15.11,13.28,13.69,5544600,13.69
2016-04-05,16.24,16.42,16.02,16.17,581100,16.17
2016-04-04,16.85,16.93,16.41,16.42,545800,16.42
2016-04-01,16.59,16.959999,16.459999,16.889999,541100,16.889999
2016-03-31,16.73,16.93,16.700001,16.799999,902700,16.799999
2016-03-30,16.49,16.860001,16.32,16.73,850200,16.73
2016-03-29,15.94,16.42,15.48,16.360001,896500,16.360001
2016-03-28,15.78,16.120001,15.74,16.040001,559000,16.040001
2016-03-24,15.88,15.94,15.26,15.77,961000,15.77
2016-03-23,16.42,16.610001,15.98,16.059999,1405300,16.059999
2016-03-22,16.139999,16.59,16.059999,16.52,1118800,16.52
2016-03-21,16.459999,16.709999,16.09,16.34,1003200,16.34
2016-03-18,15.41,16.559999,15.33,16.540001,2714600,16.540001
2016-03-17,14.77,15.42,14.60,15.24,1084900,15.24
2016-03-16,14.70,15.10,14.52,14.80,730300,14.80
2016-03-15,15.49,15.49,14.47,14.75,943800,14.75
2016-03-14,15.37,15.79,15.23,15.66,945000,15.66
2016-03-11,14.10,15.52,14.09,15.29,1476800,15.29
2016-03-10,14.18,14.38,13.79,13.89,705100,13.89
2016-03-09,13.99,14.21,13.69,14.10,1089200,14.10
2016-03-08,14.12,14.52,13.71,13.93,1235800,13.93
2016-03-07,14.05,14.40,14.00,14.24,1453100,14.24
2016-03-04,14.56,14.68,13.87,14.10,1567600,14.10
2016-03-03,14.42,14.66,14.32,14.47,665300,14.47
2016-03-02,14.54,14.78,14.24,14.42,1288900,14.42
2016-03-01,13.75,14.57,13.74,14.55,766300,14.55
2016-02-29,13.87,13.89,13.60,13.60,800200,13.60
2016-02-26,13.65,13.95,13.54,13.91,550200,13.91
2016-02-25,13.65,13.74,13.37,13.65,693900,13.65
2016-02-24,13.84,13.89,13.47,13.59,825900,13.59
2016-02-23,14.36,14.53,14.04,14.04,861100,14.04
2016-02-22,14.30,14.68,14.20,14.46,1127900,14.46
2016-02-19,13.51,14.24,13.45,14.19,1197300,14.19
2016-02-18,13.70,13.87,13.42,13.54,1036900,13.54
2016-02-17,13.57,14.17,13.51,13.68,1160400,13.68
2016-02-16,13.31,13.50,12.74,13.47,962600,13.47
2016-02-12,12.81,13.48,12.75,13.15,1146600,13.15
2016-02-11,13.97,13.97,12.65,12.81,1395200,12.81
2016-02-10,14.18,14.65,13.95,14.10,971500,14.10
2016-02-09,14.37,14.46,13.73,14.03,1518000,14.03
2016-02-08,15.33,15.37,14.58,14.72,922700,14.72
2016-02-05,15.73,15.82,15.39,15.49,816200,15.49
2016-02-04,15.80,16.09,15.50,15.81,928400,15.81
2016-02-03,16.40,16.43,15.64,15.87,987000,15.87
2016-02-02,16.91,16.92,16.18,16.24,894300,16.24
2016-02-01,17.860001,18.10,16.950001,17.10,1327300,17.10
2016-01-29,17.60,18.190001,17.58,18.190001,1001400,18.190001
2016-01-28,17.360001,17.469999,17.040001,17.370001,523600,17.370001
2016-01-27,17.309999,17.639999,17.01,17.17,484300,17.17
2016-01-26,16.940001,17.51,16.90,17.309999,497000,17.309999
2016-01-25,17.60,17.68,16.74,16.77,616900,16.77
2016-01-22,17.25,17.83,17.25,17.719999,797200,17.719999
2016-01-21,17.58,17.76,16.969999,17.030001,811100,17.030001
2016-01-20,17.360001,17.83,16.92,17.60,915100,17.60
2016-01-19,18.959999,19.01,17.50,17.690001,947800,17.690001
2016-01-15,18.459999,18.85,18.290001,18.74,906700,18.74
2016-01-14,19.23,19.370001,18.559999,19.01,1184400,19.01
2016-01-13,19.90,20.620001,19.049999,19.10,880500,19.10
2016-01-12,21.00,21.209999,19.66,19.90,1003600,19.90
2016-01-11,21.299999,21.299999,20.49,20.790001,599700,20.790001
2016-01-08,21.299999,21.66,21.110001,21.15,670500,21.15
2016-01-07,21.610001,21.809999,21.110001,21.110001,493800,21.110001
2016-01-06,22.290001,22.379999,21.84,22.059999,348900,22.059999
2016-01-05,23.35,23.389999,22.68,22.719999,462800,22.719999
2016-01-04,23.549999,23.65,22.780001,23.34,691000,23.34
2015-12-31,24.120001,24.35,23.83,24.030001,382700,24.030001
2015-12-30,24.58,24.73,24.219999,24.27,355900,24.27
2015-12-29,24.629999,24.879999,24.49,24.610001,256900,24.610001
2015-12-28,24.549999,24.66,24.280001,24.43,518500,24.43
2015-12-24,24.67,24.889999,24.67,24.719999,156400,24.719999
2015-12-23,24.370001,24.780001,24.16,24.700001,489200,24.700001
2015-12-22,23.639999,24.209999,23.34,24.18,598300,24.18
2015-12-21,23.190001,23.549999,23.120001,23.540001,553000,23.540001
2015-12-18,23.549999,23.549999,22.790001,23.09,2280600,23.09
2015-12-17,24.26,24.280001,23.43,23.700001,538200,23.700001
2015-12-16,24.26,24.33,23.860001,24.24,395600,24.24
2015-12-15,23.90,24.18,23.639999,24.040001,383800,24.040001
2015-12-14,23.82,23.969999,23.389999,23.780001,715200,23.780001
2015-12-11,24.219999,24.34,23.66,23.84,587200,23.84
2015-12-10,24.889999,25.030001,24.620001,24.66,273700,24.66
2015-12-09,25.370001,25.690001,24.879999,24.90,352500,24.90
2015-12-08,25.780001,25.799999,25.379999,25.469999,308400,25.469999
2015-12-07,26.34,26.780001,25.82,26.030001,487600,26.030001
2015-12-04,25.969999,26.43,25.860001,26.280001,365400,26.280001
2015-12-03,27.049999,27.120001,25.93,25.969999,316400,25.969999
2015-12-02,27.34,27.860001,26.83,26.940001,441600,26.940001
2015-12-01,26.92,27.41,26.92,27.379999,1425700,27.379999
2015-11-30,27.00,27.07,26.74,26.809999,344500,26.809999
2015-11-27,26.540001,27.00,26.540001,26.870001,186400,26.870001
2015-11-25,26.60,26.73,26.389999,26.629999,369700,26.629999
2015-11-24,26.290001,26.879999,26.01,26.75,755000,26.53
2015-11-23,26.799999,27.120001,26.450001,26.52,551400,26.301892
2015-11-20,27.049999,27.389999,26.799999,26.889999,430700,26.668848
2015-11-19,26.860001,27.040001,26.59,26.90,277900,26.678766
2015-11-18,26.700001,26.950001,25.92,26.92,626300,26.698602
2015-11-17,27.75,27.75,26.540001,26.59,598300,26.371316
2015-11-16,27.01,27.73,27.00,27.709999,498700,27.482104
2015-11-13,26.49,27.18,26.49,27.09,1703700,26.867204
2015-11-12,27.360001,27.629999,26.639999,26.690001,423300,26.470494
2015-11-11,27.76,28.15,27.50,27.60,449100,27.373009
2015-11-10,27.42,27.68,27.18,27.639999,603000,27.41268
2015-11-09,28.110001,28.299999,27.280001,27.41,584300,27.184572
2015-11-06,26.610001,28.07,26.610001,28.040001,693800,27.809391
2015-11-05,26.32,26.84,26.030001,26.60,492500,26.381234
2015-11-04,26.370001,26.42,25.959999,26.200001,351500,25.984524
2015-11-03,26.48,26.60,25.82,26.290001,568700,26.073784
2015-11-02,25.719999,26.709999,25.68,26.549999,549300,26.331644
2015-10-30,26.10,26.27,25.59,25.68,2127000,25.4688
2015-10-29,25.799999,26.40,25.799999,26.110001,326800,25.895264
2015-10-28,25.27,26.030001,25.27,26.02,625900,25.806004
2015-10-27,25.74,25.799999,25.059999,25.23,360200,25.0225
2015-10-26,26.030001,26.290001,25.82,25.91,345700,25.696908
2015-10-23,25.639999,26.24,25.370001,26.16,432700,25.944852
2015-10-22,25.02,25.48,25.01,25.309999,329400,25.101842
2015-10-21,25.58,25.719999,24.74,24.790001,435900,24.58612
2015-10-20,25.26,25.629999,25.110001,25.450001,341500,25.240692
2015-10-19,25.07,25.559999,25.07,25.24,438800,25.032418
2015-10-16,25.190001,25.34,24.879999,25.200001,377300,24.992748
2015-10-15,24.68,25.10,24.540001,25.09,320400,24.883652
2015-10-14,24.639999,24.969999,24.27,24.51,482400,24.308422
2015-10-13,24.90,25.02,24.309999,24.370001,384900,24.169574
2015-10-12,25.110001,25.41,24.870001,24.98,392800,24.774556
2015-10-09,25.10,25.32,24.959999,25.08,476500,24.873734
2015-10-08,24.639999,25.17,24.49,25.09,436900,24.883652
2015-10-07,24.17,24.76,24.17,24.74,475100,24.53653
2015-10-06,23.700001,24.18,23.60,24.09,748800,23.891877
2015-10-05,23.42,23.90,23.16,23.74,354600,23.544755
2015-10-02,22.93,23.280001,22.549999,23.27,446200,23.078621
2015-10-01,23.280001,23.48,22.799999,23.280001,554700,23.088539
2015-09-30,23.43,23.639999,22.959999,23.309999,740500,23.118291
2015-09-29,22.92,23.200001,22.809999,23.15,508600,22.959607
2015-09-28,23.02,23.09,22.620001,22.92,633200,22.731499
2015-09-25,23.10,23.42,22.950001,23.209999,753900,23.019113
2015-09-24,22.709999,22.870001,22.360001,22.76,597100,22.572815
2015-09-23,23.15,23.209999,22.66,22.959999,508200,22.771169
2015-09-22,23.76,23.889999,22.91,23.040001,717700,22.850513
2015-09-21,23.889999,24.32,23.82,24.07,410600,23.872041
2015-09-18,23.959999,24.23,23.530001,23.629999,1108800,23.435659
2015-09-17,24.190001,24.82,24.15,24.219999,628800,24.020807
2015-09-16,24.35,24.530001,24.17,24.280001,442300,24.080314
2015-09-15,24.030001,24.48,23.91,24.35,507200,24.149738
2015-09-14,24.190001,24.32,23.92,23.959999,415200,23.762945
2015-09-11,23.860001,24.23,23.83,24.16,395500,23.961301
2015-09-10,23.889999,24.360001,23.879999,24.059999,483100,23.862123
2015-09-09,23.950001,24.26,23.639999,23.92,811600,23.723275
2015-09-08,23.709999,23.84,23.27,23.809999,837300,23.614179
2015-09-04,23.77,23.99,23.15,23.35,751400,23.157963
2015-09-03,24.530001,24.700001,24.120001,24.16,780000,23.961301
2015-09-02,24.18,24.370001,23.690001,24.370001,768300,24.169574
2015-09-01,23.77,24.280001,23.74,23.83,735600,23.634015
2015-08-31,24.50,24.549999,24.17,24.26,2538400,24.060479
2015-08-28,24.709999,24.860001,24.360001,24.74,729400,24.53653
2015-08-27,24.48,24.879999,24.139999,24.809999,973200,24.605954
2015-08-26,24.32,24.389999,23.450001,24.120001,1174500,23.921631
2015-08-25,24.98,25.09,23.790001,23.82,880500,23.624097
2015-08-24,24.360001,25.15,23.879999,24.299999,1145700,24.100149
2015-08-21,25.780001,25.870001,25.280001,25.450001,1049800,25.240692
2015-08-20,27.17,27.42,26.18,26.200001,983900,25.984524
2015-08-19,27.780001,27.98,27.42,27.50,482900,27.273832
2015-08-18,27.93,28.120001,27.809999,27.969999,425500,27.739965
2015-08-17,27.889999,28.290001,27.67,28.040001,556200,27.809391
2015-08-14,27.91,28.32,27.629999,28.07,520300,27.839143
2015-08-13,27.549999,28.290001,27.530001,27.98,556200,27.749883
2015-08-12,27.84,28.110001,27.25,27.540001,695300,27.313503
2015-08-11,27.15,28.389999,27.15,28.190001,1371400,27.958157
2015-08-10,26.719999,28.459999,26.389999,27.559999,2649000,27.333338
2015-08-07,25.40,26.129999,25.35,26.049999,6142800,25.835756
2015-08-06,28.120001,28.200001,25.90,26.01,1606100,25.796086
2015-08-05,29.309999,29.629999,27.66,28.07,761300,27.839143
2015-08-04,29.190001,29.559999,28.870001,29.18,364200,28.940015
2015-08-03,29.629999,29.879999,29.040001,29.17,502900,28.930097
2015-07-31,29.07,30.02,28.959999,29.540001,742000,29.297055
2015-07-30,27.01,29.639999,27.01,28.98,877900,28.741659
2015-07-29,26.200001,27.040001,26.07,26.58,478100,26.361398
2015-07-28,26.35,26.35,25.75,26.139999,478900,25.925016
2015-07-27,26.290001,26.290001,25.93,26.200001,373500,25.984524
2015-07-24,26.51,26.870001,26.459999,26.50,382500,26.282056
2015-07-23,26.93,26.950001,26.299999,26.33,293900,26.113454
2015-07-22,26.950001,27.139999,26.690001,26.91,428600,26.688684
2015-07-21,27.040001,27.59,26.93,27.08,315200,26.857286
2015-07-20,27.209999,27.209999,26.83,27.08,301700,26.857286
2015-07-17,27.549999,27.65,27.129999,27.15,295500,26.92671
2015-07-16,27.379999,27.690001,27.26,27.620001,307100,27.392845
2015-07-15,27.00,27.41,26.91,27.24,1265000,27.01597
2015-07-14,26.77,27.030001,26.59,27.01,423600,26.787862
2015-07-13,26.82,26.93,26.610001,26.700001,301800,26.480412
2015-07-10,26.59,26.84,26.48,26.65,418300,26.430822
2015-07-09,26.209999,26.27,25.879999,26.120001,399200,25.905182
2015-07-08,26.17,26.299999,25.700001,25.85,348800,25.637402
2015-07-07,26.530001,26.530001,26.030001,26.43,366500,26.212632
2015-07-06,26.389999,26.77,26.389999,26.57,206400,26.35148
2015-07-02,27.35,27.35,26.440001,26.68,288300,26.460576
2015-07-01,27.27,27.700001,27.16,27.219999,381100,26.996134
2015-06-30,26.82,27.09,26.67,26.98,483400,26.758108
2015-06-29,27.26,27.26,26.549999,26.60,347000,26.381234
2015-06-26,27.57,27.57,27.299999,27.440001,421300,27.214326
2015-06-25,27.74,27.74,27.40,27.450001,287500,27.224243
2015-06-24,27.59,27.780001,27.549999,27.65,362700,27.422597
2015-06-23,27.50,27.75,27.42,27.690001,835900,27.462269
2015-06-22,27.620001,27.629999,27.129999,27.450001,389100,27.224243
2015-06-19,27.33,27.700001,27.24,27.450001,721700,27.224243
2015-06-18,26.889999,27.35,26.73,27.33,354100,27.10523
2015-06-17,27.10,27.17,26.66,26.76,468900,26.539918
2015-06-16,26.290001,27.10,26.280001,26.99,649200,26.768026
2015-06-15,26.040001,26.389999,25.90,26.34,524300,26.123372
2015-06-12,26.459999,26.559999,26.219999,26.379999,189700,26.163042
2015-06-11,26.52,26.77,26.459999,26.51,218600,26.291974
2015-06-10,25.610001,26.639999,25.49,26.530001,510700,26.31181
2015-06-09,25.549999,25.719999,25.450001,25.48,296600,25.270444
2015-06-08,25.66,25.77,25.549999,25.549999,256100,25.339868
2015-06-05,25.67,25.799999,25.440001,25.66,483800,25.448964
2015-06-04,25.57,25.73,25.48,25.530001,265000,25.320034
2015-06-03,25.620001,25.889999,25.450001,25.73,489100,25.518388
2015-06-02,25.25,25.60,25.23,25.49,262700,25.280362
2015-06-01,25.450001,25.690001,25.23,25.280001,331600,25.07209
2015-05-29,25.469999,25.610001,25.23,25.41,267200,25.20102
2015-05-28,25.469999,25.629999,25.16,25.52,602400,25.310116
2015-05-27,25.42,25.629999,25.059999,25.48,565100,25.270444
2015-05-26,26.309999,26.48,25.280001,25.41,673200,25.20102
2015-05-22,26.90,26.92,26.450001,26.459999,222700,26.242384
2015-05-21,27.219999,27.389999,26.809999,26.889999,302000,26.668848
2015-05-20,27.00,27.309999,26.74,27.200001,591300,26.9763
2015-05-19,26.860001,27.129999,26.719999,27.02,322500,26.79778
2015-05-18,26.43,26.870001,26.370001,26.799999,366900,26.579588
2015-05-15,26.91,26.98,26.190001,26.379999,447800,26.163042
2015-05-14,27.10,27.23,26.799999,26.889999,407100,26.668848
2015-05-13,26.75,27.00,26.68,26.84,428700,26.61926
2015-05-12,26.549999,26.73,26.290001,26.65,570400,26.430822
2015-05-11,26.51,26.82,26.459999,26.639999,836500,26.420904
2015-05-08,27.059999,27.200001,26.299999,26.450001,524600,26.232468
2015-05-07,26.92,27.10,26.68,26.83,371100,26.609342
2015-05-06,27.24,27.379999,26.48,26.98,514100,26.758108
2015-05-05,27.60,27.83,26.93,27.10,364100,26.877122
2015-05-04,27.629999,27.83,27.440001,27.610001,359600,27.382927
2015-05-01,27.09,27.67,26.959999,27.60,531800,27.373009
2015-04-30,27.860001,28.110001,26.860001,26.950001,792700,26.728356
2015-04-29,28.219999,28.43,28.059999,28.290001,668300,28.057335
2015-04-28,28.35,28.879999,28.27,28.389999,575500,28.156511
2015-04-27,28.99,29.200001,28.280001,28.40,412700,28.166429
2015-04-24,29.42,29.48,28.950001,28.969999,290600,28.731741
2015-04-23,29.559999,29.75,29.32,29.440001,205900,29.197877
2015-04-22,29.57,29.82,29.139999,29.67,293100,29.425985
2015-04-21,29.76,29.90,29.08,29.58,422900,29.336725
2015-04-20,28.60,29.68,28.52,29.60,737900,29.356561
2015-04-17,28.52,28.629999,28.110001,28.42,307700,28.186265
2015-04-16,28.969999,29.059999,28.700001,28.73,393000,28.493715
2015-04-15,29.10,29.139999,28.92,29.00,320300,28.761495
2015-04-14,29.00,29.15,28.65,28.950001,338200,28.711907
2015-04-13,28.92,29.219999,28.879999,29.049999,452800,28.811083
2015-04-10,29.18,29.280001,28.91,28.969999,257800,28.731741
2015-04-09,29.309999,29.459999,28.85,29.07,555800,28.830919
2015-04-08,29.309999,29.559999,29.200001,29.35,331600,29.108617
2015-04-07,29.440001,29.540001,29.280001,29.299999,213500,29.059027
2015-04-06,28.860001,29.450001,28.75,29.440001,298600,29.197877
2015-04-02,29.09,29.309999,29.030001,29.120001,356300,28.880509
2015-04-01,29.040001,29.18,28.73,29.01,239800,28.771413
2015-03-31,29.08,29.34,28.84,29.129999,261500,28.890425
2015-03-30,28.65,29.23,28.620001,29.15,203600,28.910261
2015-03-27,28.59,28.66,28.299999,28.469999,203100,28.235853
2015-03-26,28.68,28.92,28.389999,28.60,317800,28.364785
2015-03-25,29.27,29.35,28.68,28.73,293200,28.493715
2015-03-24,29.35,29.42,29.09,29.299999,358300,29.059027
2015-03-23,28.969999,29.469999,28.969999,29.33,344600,29.088781
2015-03-20,28.709999,29.10,28.459999,28.940001,811900,28.701989
2015-03-19,28.790001,28.98,28.42,28.620001,254500,28.384621
2015-03-18,28.940001,29.059999,28.51,28.889999,318100,28.652399
2015-03-17,28.92,29.059999,28.82,28.969999,328400,28.731741
2015-03-16,28.92,29.10,28.809999,28.950001,486700,28.711907
2015-03-13,28.90,29.120001,28.60,28.92,433900,28.682153
2015-03-12,28.35,29.00,28.33,28.91,468400,28.672235
2015-03-11,28.209999,28.50,28.15,28.290001,267500,28.057335
2015-03-10,27.99,28.26,27.59,28.139999,360000,27.908567
2015-03-09,28.129999,28.370001,28.040001,28.200001,303900,27.968075
2015-03-06,28.059999,28.690001,28.059999,28.120001,303700,27.888733
2015-03-05,28.120001,28.41,27.93,28.139999,207700,27.908567
2015-03-04,28.469999,28.49,28.09,28.10,256700,27.868897
2015-03-03,28.610001,28.780001,28.41,28.629999,279600,28.394537
2015-03-02,28.49,28.85,28.440001,28.75,373100,28.513551
2015-02-27,28.889999,28.950001,28.48,28.49,342500,28.255689
2015-02-26,28.690001,29.10,28.690001,28.950001,247100,28.711907
2015-02-25,29.00,29.00,28.65,28.74,225200,28.503633
2015-02-24,28.709999,29.209999,28.610001,29.02,334300,28.781331
2015-02-23,29.139999,29.15,28.60,28.76,308800,28.523469
2015-02-20,29.209999,29.370001,28.83,29.18,452600,28.940015
2015-02-19,29.209999,29.48,29.07,29.389999,348100,29.148287
2015-02-18,29.459999,29.620001,29.200001,29.360001,306100,29.118535
2015-02-17,29.35,29.610001,29.17,29.51,553500,29.267301
2015-02-13,28.92,29.559999,28.57,29.15,580500,28.910261
2015-02-12,28.50,28.60,28.24,28.49,446500,28.255689
2015-02-11,28.200001,28.42,28.01,28.33,256100,28.097005
2015-02-10,28.110001,28.34,27.74,28.290001,304300,28.057335
2015-02-09,27.93,28.18,27.719999,27.92,315600,27.690377
2015-02-06,27.540001,28.200001,27.530001,27.99,344700,27.759801
2015-02-05,27.110001,27.620001,27.110001,27.42,303000,27.19449
2015-02-04,27.09,27.59,27.09,27.24,272800,27.01597
2015-02-03,26.67,27.370001,26.67,27.27,316400,27.045724
2015-02-02,25.530001,26.66,25.530001,26.530001,404300,26.31181
2015-01-30,26.049999,26.15,25.459999,25.51,452900,25.300198
2015-01-29,26.139999,26.389999,25.92,26.309999,264500,26.093618
2015-01-28,26.68,26.84,25.98,26.07,296500,25.855592
2015-01-27,26.51,26.76,26.33,26.540001,182900,26.321728
2015-01-26,26.60,26.969999,26.379999,26.84,313200,26.61926
2015-01-23,26.49,26.74,26.209999,26.60,366100,26.381234
2015-01-22,26.059999,26.629999,25.860001,26.559999,423200,26.341562
2015-01-21,25.91,26.07,25.74,25.889999,440900,25.677072
2015-01-20,26.58,26.700001,25.93,26.02,527900,25.806004
2015-01-16,26.09,26.57,26.08,26.50,703900,26.282056
2015-01-15,26.690001,26.84,26.08,26.190001,596300,25.974606
2015-01-14,26.98,27.17,26.48,26.690001,585700,26.470494
2015-01-13,27.459999,27.84,26.959999,27.280001,761400,27.055642
2015-01-12,27.91,28.08,27.15,27.25,520300,27.025888
2015-01-09,28.68,28.68,27.870001,27.959999,335200,27.730047
2015-01-08,28.24,28.780001,28.09,28.690001,779500,28.454045
2015-01-07,28.08,28.25,27.790001,27.99,384300,27.759801
2015-01-06,28.60,28.67,27.780001,27.940001,635900,27.710213
2015-01-05,28.68,28.860001,28.34,28.559999,363700,28.325113
2015-01-02,29.219999,29.360001,28.700001,28.879999,464400,28.642481
2014-12-31,29.58,29.75,29.190001,29.190001,316500,28.949933
2014-12-30,28.950001,29.51,28.879999,29.459999,299900,29.217711
2014-12-29,28.67,29.190001,28.67,29.09,300800,28.850755
2014-12-26,28.879999,28.91,28.629999,28.83,184300,28.592893
2014-12-24,28.60,28.879999,28.51,28.73,340200,28.493715
2014-12-23,28.65,28.950001,28.540001,28.610001,730600,28.374703
2014-12-22,28.34,28.50,28.17,28.48,741900,28.245771
2014-12-19,28.90,28.90,28.16,28.35,1324000,28.116841
2014-12-18,28.77,28.91,28.42,28.889999,661900,28.652399
2014-12-17,27.60,28.530001,27.459999,28.50,851100,28.265607
2014-12-16,27.24,27.700001,26.73,27.60,870200,27.373009
2014-12-15,27.77,27.77,27.02,27.34,819500,27.115148
2014-12-12,27.40,27.74,27.110001,27.73,854600,27.501939
2014-12-11,27.18,27.870001,26.889999,27.85,1048900,27.620953
2014-12-10,27.35,27.450001,26.93,27.00,339500,26.777944
2014-12-09,26.98,27.540001,26.93,27.450001,586700,27.224243
2014-12-08,27.51,27.67,27.040001,27.190001,362200,26.966382
2014-12-05,27.200001,27.950001,27.200001,27.51,359300,27.28375
2014-12-04,27.23,27.379999,27.09,27.17,306500,26.946546
2014-12-03,26.90,27.34,26.77,27.299999,365900,27.075476
2014-12-02,26.780001,27.27,26.74,26.870001,361400,26.649014
2014-12-01,26.860001,26.99,26.559999,26.74,425900,26.520082
2014-11-28,27.40,27.469999,26.98,27.00,154000,26.777944
2014-11-26,27.299999,27.43,26.98,27.34,375800,27.115148
2014-11-25,27.50,27.67,27.24,27.43,405300,27.006053
2014-11-24,27.07,27.48,27.030001,27.450001,329800,27.025744
2014-11-21,27.34,27.450001,26.91,26.959999,342100,26.543316
2014-11-20,26.709999,27.110001,26.639999,27.110001,332100,26.690999
2014-11-19,27.00,27.08,26.690001,26.889999,246400,26.474398
2014-11-18,27.09,27.379999,26.99,27.01,276100,26.592544
2014-11-17,27.129999,27.32,26.93,27.01,259300,26.592544
2014-11-14,27.129999,27.40,27.01,27.200001,461100,26.779608
2014-11-13,26.91,27.23,26.809999,27.110001,278100,26.690999
2014-11-12,26.98,27.10,26.790001,26.85,704100,26.435017
2014-11-11,27.379999,27.52,27.10,27.190001,692200,26.769763
2014-11-10,27.27,27.84,27.09,27.84,505400,27.409716
2014-11-07,26.120001,27.280001,25.709999,27.200001,1079300,26.779608
2014-11-06,25.76,25.889999,25.42,25.719999,653500,25.322481
2014-11-05,26.02,26.09,25.709999,25.790001,401800,25.391401
2014-11-04,25.68,26.01,25.65,25.90,507200,25.499699
2014-11-03,25.77,25.85,25.629999,25.709999,662500,25.312636
2014-10-31,25.950001,25.950001,25.60,25.809999,714800,25.41109
2014-10-30,25.02,25.85,25.02,25.51,517700,25.115728
2014-10-29,24.940001,25.09,24.860001,25.049999,503500,24.662836
2014-10-28,24.620001,25.07,24.57,25.00,748000,24.61361
2014-10-27,24.27,24.75,24.110001,24.50,810300,24.121338
2014-10-24,24.32,24.57,24.219999,24.379999,650300,24.003192
2014-10-23,23.98,24.360001,23.879999,24.24,534900,23.865356
2014-10-22,23.83,24.290001,23.67,23.780001,587800,23.412466
2014-10-21,23.709999,23.809999,23.52,23.74,878900,23.373084
2014-10-20,23.190001,23.51,23.09,23.51,797400,23.146639
2014-10-17,23.299999,23.59,23.18,23.299999,9076600,22.939884
2014-10-16,22.209999,23.18,22.190001,22.98,655500,22.62483
2014-10-15,22.49,22.66,21.780001,22.57,981600,22.221167
2014-10-14,22.52,23.08,22.42,22.83,939900,22.477148
2014-10-13,21.82,22.459999,21.799999,22.309999,1313400,21.965185
2014-10-10,21.379999,21.879999,21.379999,21.389999,434300,21.059404
2014-10-09,21.93,22.09,21.360001,21.450001,453800,21.118478
2014-10-08,22.15,22.219999,21.889999,22.00,875800,21.659977
2014-10-07,22.530001,22.60,22.209999,22.219999,300800,21.876576
2014-10-06,22.93,23.02,22.620001,22.690001,239600,22.339313
2014-10-03,23.030001,23.17,22.799999,22.870001,336400,22.516531
2014-10-02,22.780001,23.049999,22.620001,22.83,265200,22.477148
2014-10-01,22.879999,23.059999,22.68,22.83,375700,22.477148
2014-09-30,23.34,23.41,22.879999,22.879999,318200,22.526375
2014-09-29,23.15,23.530001,23.139999,23.33,252400,22.969421
2014-09-26,23.190001,23.50,23.129999,23.440001,426900,23.077721
2014-09-25,23.379999,23.440001,23.030001,23.18,231600,22.821739
2014-09-24,23.290001,23.540001,23.17,23.49,184900,23.126948
2014-09-23,23.15,23.620001,23.09,23.219999,339400,22.86112
2014-09-22,23.450001,23.60,23.16,23.24,197700,22.880812
2014-09-19,23.74,23.969999,23.50,23.60,412700,23.235248
2014-09-18,23.51,23.790001,23.469999,23.76,243400,23.392775
2014-09-17,23.65,23.700001,23.27,23.389999,193200,23.028493
2014-09-16,23.549999,23.76,23.459999,23.57,254900,23.205711
2014-09-15,23.90,23.959999,23.389999,23.540001,269100,23.176176
2014-09-12,24.00,24.139999,23.610001,23.870001,489600,23.501076
2014-09-11,23.75,24.049999,23.719999,23.98,195500,23.609374
2014-09-10,23.90,24.110001,23.780001,23.90,333200,23.530611
2014-09-09,24.35,24.469999,23.799999,23.90,413300,23.530611
2014-09-08,24.42,24.639999,24.33,24.440001,232700,24.062266
2014-09-05,24.35,24.469999,24.049999,24.450001,195400,24.072111
2014-09-04,24.49,24.709999,24.35,24.360001,136400,23.983502
2014-09-03,25.25,25.25,24.290001,24.50,380700,24.121338
2014-09-02,24.84,25.209999,24.76,25.110001,380200,24.72191
2014-08-29,24.450001,24.75,24.389999,24.74,197300,24.357628
2014-08-28,24.50,24.73,24.309999,24.450001,335000,24.072111
2014-08-27,24.27,24.58,24.200001,24.440001,297700,24.062266
2014-08-26,24.040001,24.34,23.92,24.25,305600,23.875202
2014-08-25,23.940001,24.139999,23.870001,24.01,301200,23.638911
2014-08-22,23.469999,23.940001,23.360001,23.74,273600,23.373084
2014-08-21,23.10,23.620001,22.84,23.51,227500,23.146639
2014-08-20,23.389999,23.59,23.030001,23.07,340700,22.713439
2014-08-19,23.540001,23.76,23.48,23.50,195900,23.136793
2014-08-18,23.219999,23.549999,23.209999,23.50,174200,23.136793
2014-08-15,23.24,23.27,22.540001,22.98,260900,22.62483
2014-08-14,22.77,23.16,22.700001,23.00,156500,22.644521
2014-08-13,22.82,22.969999,22.60,22.790001,249400,22.437768
2014-08-12,22.549999,22.809999,22.540001,22.73,169100,22.378694
2014-08-11,22.620001,23.00,22.48,22.68,226300,22.329467
2014-08-08,22.459999,22.76,22.450001,22.639999,330900,22.290085
2014-08-07,22.65,22.700001,22.27,22.469999,176700,22.122712
2014-08-06,22.32,22.700001,22.24,22.51,222600,22.162095
2014-08-05,22.48,22.690001,22.370001,22.50,306400,22.152249
2014-08-04,22.10,22.719999,22.07,22.60,450400,22.250704
2014-08-01,22.030001,22.41,21.690001,21.99,477600,21.650131
2014-07-31,22.719999,22.82,21.99,22.139999,375000,21.797812
2014-07-30,23.309999,23.40,23.059999,23.209999,231900,22.851275
2014-07-29,23.280001,23.40,23.15,23.17,165700,22.811894
2014-07-28,23.34,23.370001,23.030001,23.26,252700,22.900503
2014-07-25,23.299999,23.440001,23.129999,23.309999,291500,22.949729
2014-07-24,23.549999,23.719999,23.379999,23.450001,283900,23.087567
2014-07-23,23.33,23.59,23.209999,23.379999,148000,23.018647
2014-07-22,23.42,23.540001,23.25,23.35,206200,22.989112
2014-07-21,23.440001,23.540001,23.110001,23.360001,200200,22.998958
2014-07-18,23.10,23.68,23.10,23.57,357600,23.205711
2014-07-17,23.51,23.559999,23.08,23.09,329300,22.73313
2014-07-16,23.860001,23.889999,23.559999,23.620001,269800,23.254939
2014-07-15,23.809999,23.950001,23.49,23.700001,263400,23.333703
2014-07-14,23.91,24.139999,23.76,23.83,244400,23.461693
2014-07-11,23.809999,23.969999,23.51,23.719999,384500,23.353392
2014-07-10,23.65,24.02,23.549999,23.85,317200,23.481384
2014-07-09,24.18,24.360001,23.889999,24.059999,282300,23.688138
2014-07-08,24.440001,24.50,24.09,24.15,284700,23.776747
2014-07-07,24.879999,24.879999,24.440001,24.49,258200,24.111492
2014-07-03,24.629999,24.950001,24.629999,24.879999,163700,24.495464
2014-07-02,24.74,24.860001,24.469999,24.49,269200,24.111492
2014-07-01,24.67,25.200001,24.66,24.75,424600,24.367474
2014-06-30,24.42,24.68,24.27,24.60,350800,24.219793
2014-06-27,24.33,24.58,24.290001,24.379999,862300,24.003192
2014-06-26,24.469999,24.639999,24.049999,24.49,412800,24.111492
2014-06-25,24.360001,24.60,24.18,24.42,554600,24.042574
2014-06-24,24.719999,25.09,24.48,24.52,275500,24.141029
2014-06-23,24.799999,24.969999,24.57,24.799999,299500,24.4167
2014-06-20,24.90,25.07,24.690001,24.780001,1679200,24.397011
2014-06-19,24.959999,24.98,24.76,24.85,268700,24.465929
2014-06-18,24.92,24.98,24.65,24.93,374500,24.544692
2014-06-17,24.530001,25.15,24.360001,24.92,692700,24.534846
2014-06-16,23.91,24.620001,23.90,24.58,548300,24.200101
2014-06-13,23.620001,23.940001,23.40,23.91,353400,23.540456
2014-06-12,23.709999,23.940001,23.450001,23.57,292400,23.205711
2014-06-11,24.15,24.200001,23.67,23.799999,366800,23.432156
2014-06-10,24.25,24.34,23.91,24.190001,385700,23.816129
2014-06-09,23.83,24.379999,23.76,24.23,417500,23.85551
2014-06-06,23.76,23.950001,23.629999,23.77,442200,23.402621
2014-06-05,23.690001,23.790001,23.25,23.68,522000,23.314012
2014-06-04,23.299999,23.809999,23.299999,23.66,402800,23.29432
2014-06-03,22.690001,23.209999,22.59,23.18,415400,22.821739
2014-06-02,22.67,22.82,22.459999,22.74,475300,22.388539
2014-05-30,22.51,22.610001,22.290001,22.52,423700,22.17194
2014-05-29,22.52,22.620001,22.370001,22.51,193800,22.162095
2014-05-28,22.450001,22.610001,22.290001,22.51,335000,22.162095
2014-05-27,22.33,22.639999,22.139999,22.49,393700,22.142403
2014-05-23,22.030001,22.26,21.90,22.200001,421800,21.856886
2014-05-22,21.76,22.120001,21.719999,22.049999,278700,21.709203
2014-05-21,21.74,21.99,21.57,21.780001,290700,21.443378
2014-05-20,21.66,21.780001,21.34,21.629999,910600,21.295694
2014-05-19,21.360001,21.77,21.360001,21.74,266000,21.403995
2014-05-16,21.35,21.549999,21.139999,21.379999,383600,21.049558
2014-05-15,21.59,21.709999,20.969999,21.48,526800,21.148013
2014-05-14,22.360001,22.43,21.610001,21.709999,383600,21.374458
2014-05-13,22.49,22.610001,22.34,22.440001,304300,22.093177
2014-05-12,22.23,22.780001,22.139999,22.549999,482800,22.201475
2014-05-09,22.02,22.16,21.860001,22.10,318000,21.758432
2014-05-08,22.129999,22.559999,21.969999,22.10,371300,21.758432
2014-05-07,21.950001,22.209999,21.68,22.15,363000,21.807658
2014-05-06,22.35,22.42,21.889999,21.92,412800,21.581213
2014-05-05,22.49,22.57,22.16,22.459999,427000,22.112866
2014-05-02,22.41,22.799999,22.34,22.530001,342700,22.181786
2014-05-01,22.10,22.74,21.209999,22.360001,1222500,22.014413
2014-04-30,22.799999,23.440001,22.66,23.32,541800,22.959575
2014-04-29,22.629999,22.98,22.629999,22.75,492400,22.398385
2014-04-28,23.139999,23.139999,22.33,22.629999,579200,22.280239
2014-04-25,23.620001,23.709999,22.969999,23.110001,330400,22.752822
2014-04-24,23.74,23.83,23.290001,23.719999,314400,23.353392
2014-04-23,23.459999,23.860001,23.440001,23.60,323800,23.235248
2014-04-22,23.219999,23.67,23.15,23.469999,387800,23.107256
2014-04-21,23.200001,23.290001,22.90,23.209999,408500,22.851275
2014-04-17,22.82,23.32,22.82,23.129999,379200,22.772511
2014-04-16,22.85,23.139999,22.57,22.809999,1084000,22.457457
2014-04-15,22.379999,22.870001,22.24,22.75,633900,22.398385
2014-04-14,22.15,22.440001,22.059999,22.290001,662200,21.945495
2014-04-11,22.559999,22.559999,21.870001,21.99,681700,21.650131
2014-04-10,23.299999,23.389999,22.780001,22.790001,782600,22.437768
2014-04-09,23.16,23.450001,23.07,23.389999,339900,23.028493
2014-04-08,22.60,23.219999,22.51,23.07,620000,22.713439
2014-04-07,22.99,22.99,22.52,22.66,449400,22.309776
2014-04-04,23.99,24.08,23.00,23.07,742500,22.713439
2014-04-03,23.889999,24.129999,23.60,23.799999,406600,23.432156
2014-04-02,23.73,23.879999,23.51,23.83,606700,23.461693
2014-04-01,23.75,23.85,23.52,23.700001,743800,23.333703
2014-03-31,23.65,23.719999,23.459999,23.620001,988100,23.254939
2014-03-28,23.83,23.91,23.549999,23.639999,681400,23.274629
2014-03-27,24.32,24.32,23.73,23.879999,547100,23.510919
2014-03-26,24.940001,25.059999,24.309999,24.33,669300,23.953965
2014-03-25,25.15,25.299999,24.77,24.90,514100,24.515155
2014-03-24,25.09,25.18,24.790001,25.08,656200,24.692373
2014-03-21,24.879999,25.16,24.74,25.01,1562100,24.623456
2014-03-20,23.950001,24.66,23.950001,24.639999,505700,24.259173
2014-03-19,23.889999,24.15,23.809999,24.00,521600,23.629066
2014-03-18,23.959999,24.120001,23.780001,23.82,586900,23.451847
2014-03-17,23.459999,24.139999,23.459999,23.93,628600,23.560148
2014-03-14,23.139999,23.530001,23.049999,23.379999,556700,23.018647
2014-03-13,23.209999,23.42,22.93,23.219999,1043800,22.86112
2014-03-12,22.77,23.16,22.540001,23.16,309900,22.802048
2014-03-11,23.35,23.35,22.870001,22.940001,535500,22.585449
2014-03-10,23.42,23.459999,23.16,23.40,318000,23.038339
2014-03-07,23.139999,23.43,23.059999,23.41,597400,23.048184
2014-03-06,22.75,23.07,22.700001,23.00,526800,22.644521
2014-03-05,22.68,22.959999,22.52,22.75,3367100,22.398385
2014-03-04,22.049999,22.780001,22.040001,22.68,1104800,22.329467
2014-03-03,21.709999,21.940001,21.540001,21.82,444600,21.482758
2014-02-28,21.709999,22.01,21.709999,21.860001,504800,21.522141
2014-02-27,21.530001,21.73,21.25,21.66,450700,21.325231
2014-02-26,21.57,21.780001,21.389999,21.549999,320700,21.216931
2014-02-25,21.65,21.76,21.41,21.540001,409100,21.207087
2014-02-24,21.639999,22.00,21.639999,21.65,651900,21.315386
2014-02-21,21.799999,21.93,21.459999,21.639999,1022200,21.30554
2014-02-20,21.379999,21.85,21.209999,21.780001,1376300,21.443378
2014-02-19,20.91,21.190001,20.85,20.90,864000,20.576978
2014-02-18,20.559999,20.99,20.559999,20.92,485500,20.596669
2014-02-14,20.83,21.24,20.559999,20.559999,738700,20.242232
2014-02-13,20.059999,20.49,18.84,20.43,1217500,20.114242
2014-02-12,21.290001,21.379999,20.91,21.00,627300,20.675432
2014-02-11,21.209999,21.35,20.93,21.290001,541000,20.960951
2014-02-10,21.01,21.309999,20.940001,21.16,632100,20.832959
2014-02-07,20.58,21.120001,20.559999,21.01,889600,20.685278
2014-02-06,21.24,21.450001,20.57,20.639999,1348100,20.320996
2014-02-05,21.35,21.450001,20.889999,21.24,538100,20.911723
2014-02-04,21.42,21.709999,21.33,21.379999,647700,21.049558
2014-02-03,21.92,21.959999,21.16,21.360001,657800,21.029869
2014-01-31,21.940001,22.209999,21.85,21.950001,527100,21.61075
2014-01-30,22.059999,22.41,22.059999,22.26,497200,21.915958
2014-01-29,22.139999,22.32,21.92,21.950001,513000,21.61075
2014-01-28,22.299999,22.540001,22.17,22.280001,703100,21.93565
2014-01-27,22.690001,22.809999,22.120001,22.299999,593300,21.955339
2014-01-24,23.02,23.129999,22.49,22.719999,680300,22.368848
2014-01-23,23.35,23.50,22.889999,23.209999,872300,22.851275
2014-01-22,23.809999,24.059999,23.42,23.52,639400,23.156485
2014-01-21,24.639999,24.639999,23.620001,23.75,825100,23.382929
2014-01-17,24.74,24.940001,24.57,24.639999,358100,24.259173
2014-01-16,24.91,24.969999,24.709999,24.790001,295300,24.406856
2014-01-15,24.85,25.09,24.85,24.93,412700,24.544692
2014-01-14,24.620001,24.870001,24.620001,24.870001,318800,24.48562
2014-01-13,24.33,24.91,24.27,24.51,834500,24.131183
2014-01-10,24.860001,24.91,24.26,24.299999,980600,23.924428
2014-01-09,25.48,25.48,24.459999,24.75,1530300,24.367474
2014-01-08,26.219999,26.42,25.66,25.85,746400,25.450473
2014-01-07,26.10,26.32,26.00,26.24,686100,25.834445
2014-01-06,25.65,26.15,25.629999,26.139999,696000,25.73599
2014-01-03,25.549999,25.82,25.50,25.559999,651600,25.164954
2014-01-02,26.35,26.35,25.379999,25.57,1118800,25.1748
2013-12-31,26.059999,26.459999,26.059999,26.379999,662700,25.97228
2013-12-30,26.01,26.17,25.860001,26.02,383300,25.617846
2013-12-27,26.25,26.25,25.74,26.08,431300,25.676918
2013-12-26,25.85,26.07,25.709999,25.99,489700,25.588309
2013-12-24,25.49,25.719999,25.43,25.700001,176500,25.302792
2013-12-23,25.040001,25.540001,24.889999,25.49,591400,25.096036
2013-12-20,24.639999,25.120001,24.309999,24.879999,1274700,24.495464
2013-12-19,24.469999,24.76,24.40,24.59,426500,24.209947
2013-12-18,24.549999,24.66,24.01,24.48,962000,24.101646
2013-12-17,24.73,24.73,24.42,24.459999,572400,24.081955
2013-12-16,24.50,24.67,24.469999,24.67,646900,24.28871
2013-12-13,24.389999,24.540001,24.209999,24.440001,527000,24.062266
2013-12-12,24.52,24.709999,24.129999,24.309999,685500,23.934274
2013-12-11,24.67,24.76,24.50,24.57,541600,24.190256
2013-12-10,24.799999,24.93,24.58,24.690001,507100,24.308402
2013-12-09,24.690001,24.940001,24.51,24.76,579400,24.377319
2013-12-06,24.690001,24.959999,24.530001,24.620001,612100,24.239484
2013-12-05,24.219999,24.559999,24.059999,24.459999,633400,24.081955
2013-12-04,24.540001,24.91,24.139999,24.16,1030100,23.786592
2013-12-03,23.969999,24.66,23.91,24.559999,1258100,24.18041
2013-12-02,23.75,24.08,23.74,23.959999,612100,23.589683
2013-11-29,23.66,23.92,23.50,23.709999,206000,23.343547
2013-11-27,23.67,23.700001,23.49,23.559999,383900,23.195865
2013-11-26,23.870001,23.90,23.629999,23.799999,904900,23.254937
2013-11-25,23.92,24.049999,23.73,23.790001,500000,23.245168
2013-11-22,23.559999,24.030001,23.559999,23.860001,849000,23.313564
2013-11-21,22.870001,23.65,22.85,23.49,823900,22.952037
2013-11-20,22.59,22.969999,22.549999,22.809999,602200,22.28761
2013-11-19,22.60,22.700001,22.440001,22.549999,484500,22.033564
2013-11-18,22.51,22.84,22.370001,22.549999,575000,22.033564
2013-11-15,22.309999,22.440001,22.15,22.41,472100,21.896771
2013-11-14,22.24,22.50,22.049999,22.33,933200,21.818603
2013-11-13,21.65,22.17,21.58,22.16,584300,21.652497
2013-11-12,21.73,21.99,21.66,21.700001,613400,21.203032
2013-11-11,21.51,21.83,21.440001,21.73,806500,21.232344
2013-11-08,20.85,21.65,20.85,21.40,796600,20.909902
2013-11-07,21.25,21.40,20.90,20.91,818600,20.431124
2013-11-06,21.27,21.40,21.10,21.219999,829600,20.734024
2013-11-05,21.00,21.860001,20.92,21.10,3231500,20.616773
2013-11-04,20.60,20.76,20.01,20.280001,1667900,19.815553
2013-11-01,20.83,20.91,20.49,20.59,797900,20.118453
2013-10-31,21.08,21.129999,20.84,20.84,752800,20.362727
2013-10-30,21.209999,21.280001,20.969999,21.07,672700,20.587459
2013-10-29,21.15,21.309999,21.09,21.200001,2136300,20.714483
2013-10-28,21.17,21.280001,21.040001,21.110001,1436500,20.626544
2013-10-25,21.00,21.129999,20.940001,21.09,764800,20.607002
2013-10-24,20.879999,20.959999,20.790001,20.93,865000,20.450666
2013-10-23,21.10,21.10,20.549999,20.889999,1899400,20.411581
2013-10-22,21.49,21.639999,21.190001,21.40,1855200,20.909902
2013-10-21,21.459999,21.459999,21.360001,21.41,2243800,20.919673
2013-10-18,21.48,21.530001,21.35,21.459999,1139800,20.968527
2013-10-17,21.42,21.50,21.33,21.459999,1383500,20.968527
2013-10-16,21.370001,21.540001,21.370001,21.440001,1120000,20.948986
2013-10-15,21.48,21.60,21.360001,21.41,1290400,20.919673
2013-10-14,21.450001,21.549999,21.34,21.51,1019400,21.017383
2013-10-11,21.370001,21.50,21.26,21.49,997900,20.997841
2013-10-10,21.360001,21.469999,21.290001,21.450001,935100,20.958758
2013-10-09,20.90,21.219999,20.83,21.200001,964900,20.714483
2013-10-08,21.299999,21.459999,21.200001,21.209999,892700,20.724252
2013-10-07,21.290001,21.440001,21.290001,21.299999,639500,20.812191
2013-10-04,21.219999,21.48,21.209999,21.440001,764200,20.948986
2013-10-03,21.370001,21.42,21.10,21.209999,975200,20.724252
2013-10-02,21.25,21.40,21.200001,21.34,617600,20.851276
2013-10-01,21.27,21.360001,21.219999,21.33,1075700,20.841505
2013-09-30,20.91,21.26,20.860001,21.219999,759100,20.734024
2013-09-27,21.17,21.33,21.110001,21.139999,750200,20.655856
2013-09-26,21.280001,21.42,21.139999,21.23,746400,20.743795
2013-09-25,20.959999,21.34,20.93,21.219999,897000,20.734024
2013-09-24,20.799999,21.09,20.719999,20.959999,1149800,20.479978
2013-09-23,20.719999,20.92,20.700001,20.799999,1163600,20.323642
2013-09-20,20.85,21.00,20.77,20.77,1294600,20.294331
2013-09-19,21.10,21.18,20.60,20.84,1350400,20.362727
2013-09-18,21.15,21.35,21.059999,21.110001,860800,20.626544
2013-09-17,21.030001,21.25,20.90,21.18,718200,20.694941
2013-09-16,20.950001,21.190001,20.799999,21.059999,1694000,20.577688
2013-09-13,20.99,21.040001,20.610001,20.65,1348800,20.177078
2013-09-12,21.00,21.07,20.75,20.92,1266400,20.440895
2013-09-11,21.059999,21.23,20.940001,20.99,1132700,20.509292
2013-09-10,20.93,21.129999,20.82,21.120001,1760000,20.636315
2013-09-09,20.469999,20.77,20.42,20.77,965000,20.294331
2013-09-06,20.389999,20.50,20.10,20.41,1587100,19.942575
2013-09-05,20.280001,20.48,20.120001,20.25,1069300,19.786239
2013-09-04,20.209999,20.610001,20.200001,20.290001,1800500,19.825324
2013-09-03,20.00,20.41,19.790001,20.200001,1810300,19.737385
2013-08-30,20.040001,20.129999,19.75,19.809999,1291500,19.356315
2013-08-29,19.50,20.02,19.49,20.01,1654400,19.551736
2013-08-28,19.120001,19.52,19.030001,19.49,2132000,19.043644
2013-08-27,19.18,19.379999,19.049999,19.110001,2345900,18.672348
2013-08-26,19.85,20.32,19.33,19.41,10505700,18.965476
2013-08-23,19.879999,19.940001,19.639999,19.84,455400,19.385629
2013-08-22,19.620001,20.01,19.620001,19.84,548700,19.385629
2013-08-21,19.32,19.84,19.23,19.620001,1606200,19.170668
2013-08-20,19.15,19.42,19.01,19.35,1205800,18.906851
2013-08-19,19.379999,19.41,19.09,19.15,797200,18.711431
2013-08-16,19.24,19.459999,19.17,19.40,1069400,18.955705
2013-08-15,19.450001,19.50,19.25,19.27,942700,18.828683
2013-08-14,19.60,19.90,19.51,19.549999,765600,19.10227
2013-08-13,19.450001,19.540001,19.209999,19.51,1321400,19.063187
2013-08-12,19.360001,19.57,19.32,19.40,736200,18.955705
2013-08-09,19.35,19.610001,19.26,19.459999,720800,19.014331
2013-08-08,19.34,19.50,19.16,19.42,1200600,18.975248
2013-08-07,19.059999,19.290001,18.969999,19.209999,907800,18.770056
2013-08-06,18.98,19.139999,18.85,19.120001,881500,18.682119
2013-08-05,18.879999,19.00,18.799999,18.98,644100,18.545324
2013-08-02,18.84,19.00,18.68,18.90,883600,18.467156
2013-08-01,18.27,19.049999,18.120001,18.879999,1643600,18.447614
2013-07-31,18.23,18.469999,18.059999,18.200001,774200,17.783188
2013-07-30,18.25,18.309999,18.129999,18.24,890700,17.822271
2013-07-29,18.280001,18.33,18.129999,18.190001,695000,17.773417
2013-07-26,18.049999,18.41,18.01,18.299999,692500,17.880897
2013-07-25,18.09,18.26,18.02,18.16,574100,17.744104
2013-07-24,18.00,18.26,17.98,18.09,1382600,17.675707
2013-07-23,18.040001,18.139999,17.85,17.969999,741300,17.558454
2013-07-22,17.780001,18.110001,17.75,18.01,724000,17.597539
2013-07-19,17.629999,17.77,17.50,17.719999,664700,17.31418
2013-07-18,17.379999,17.719999,17.360001,17.67,1086500,17.265326
2013-07-17,17.209999,17.389999,17.120001,17.309999,765500,16.91357
2013-07-16,17.290001,17.299999,17.09,17.190001,644700,16.796319
2013-07-15,17.18,17.299999,17.07,17.24,868600,16.845173
2013-07-12,16.75,17.110001,16.73,17.049999,665900,16.659524
2013-07-11,16.620001,16.73,16.40,16.73,675300,16.346853
2013-07-10,16.370001,16.49,16.219999,16.440001,527000,16.063495
2013-07-09,16.42,16.51,16.280001,16.32,1069300,15.946243
2013-07-08,15.81,16.219999,15.80,16.129999,460100,15.760594
2013-07-05,15.95,16.09,15.75,15.79,688100,15.428381
2013-07-03,15.77,15.81,15.64,15.72,187200,15.359984
2013-07-02,15.92,15.94,15.72,15.79,590200,15.428381
2013-07-01,15.77,16.00,15.71,15.90,781900,15.535861
2013-06-28,15.74,15.78,15.61,15.70,966500,15.340442
2013-06-27,15.88,15.92,15.74,15.75,710900,15.389297
2013-06-26,15.94,15.98,15.69,15.75,569800,15.389297
2013-06-25,15.80,15.93,15.72,15.78,781400,15.41861
2013-06-24,15.85,15.85,15.47,15.70,731800,15.340442
2013-06-21,16.18,16.219999,15.90,16.01,1047600,15.643343
2013-06-20,16.200001,16.33,15.97,16.15,711600,15.780136
2013-06-19,16.48,16.540001,16.309999,16.34,852600,15.965785
2013-06-18,16.48,16.52,16.35,16.450001,534500,16.073267
2013-06-17,16.299999,16.549999,16.280001,16.41,658000,16.034182
2013-06-14,16.35,16.450001,16.09,16.209999,444900,15.838761
2013-06-13,16.120001,16.42,16.030001,16.34,281500,15.965785
2013-06-12,16.25,16.32,15.94,16.10,429300,15.731282
2013-06-11,16.200001,16.389999,16.120001,16.16,524500,15.789907
2013-06-10,16.50,16.549999,16.290001,16.48,490900,16.102578
2013-06-07,16.370001,16.52,16.27,16.41,410500,16.034182
2013-06-06,16.049999,16.27,15.86,16.27,307700,15.897389
2013-06-05,16.200001,16.34,15.99,16.02,753400,15.653114
2013-06-04,16.41,16.60,16.059999,16.23,475900,15.858304
2013-06-03,16.209999,16.440001,15.94,16.40,783800,16.024411
2013-05-31,16.190001,16.43,16.09,16.200001,661900,15.828992
2013-05-30,16.309999,16.440001,16.200001,16.299999,2534100,15.9267
2013-05-29,16.049999,16.280001,16.00,16.23,314700,15.858304
2013-05-28,15.93,16.219999,15.89,16.17,725400,15.799678
2013-05-24,15.71,15.76,15.55,15.75,287800,15.389297
2013-05-23,15.59,15.86,15.43,15.84,570800,15.477236
2013-05-22,15.82,16.030001,15.69,15.70,662700,15.340442
2013-05-21,15.83,15.88,15.69,15.84,294100,15.477236
2013-05-20,15.82,15.85,15.73,15.81,525600,15.447923
2013-05-17,15.89,16.030001,15.81,15.85,684400,15.487007
2013-05-16,15.95,16.00,15.76,15.87,456400,15.506549
2013-05-15,16.09,16.200001,15.98,16.00,760100,15.633572
2013-05-14,15.75,16.129999,15.73,16.10,806000,15.731282
2013-05-13,15.82,15.84,15.64,15.78,1105500,15.41861
2013-05-10,15.82,15.86,15.70,15.86,582700,15.496778
2013-05-09,15.89,15.99,15.70,15.83,516000,15.467465
2013-05-08,15.80,15.96,15.73,15.93,723100,15.565175
2013-05-07,15.51,15.82,15.49,15.82,939000,15.457694
2013-05-06,15.44,15.52,15.37,15.52,649200,15.164565
2013-05-03,15.27,15.58,15.25,15.39,943500,15.037542
2013-05-02,16.50,16.50,14.78,15.08,667000,14.734641
2013-05-01,15.22,15.25,14.84,14.99,737800,14.646702
2013-04-30,15.18,15.25,15.15,15.24,551900,14.890977
2013-04-29,15.18,15.19,15.07,15.15,495500,14.803038
2013-04-26,15.14,15.19,15.07,15.11,517400,14.763954
2013-04-25,15.00,15.19,15.00,15.16,731100,14.812809
2013-04-24,14.85,15.00,14.82,15.00,595000,14.656473
2013-04-23,14.55,14.87,14.46,14.84,782300,14.500138
2013-04-22,14.46,14.49,14.21,14.44,393200,14.109298
2013-04-19,14.37,14.43,14.21,14.43,441100,14.099528
2013-04-18,14.18,14.43,14.03,14.36,1032500,14.03113
2013-04-17,14.31,14.31,14.13,14.20,629800,13.874795
2013-04-16,14.28,14.38,14.21,14.38,421300,14.050673
2013-04-15,14.47,14.49,14.14,14.15,717300,13.82594
2013-04-12,14.62,14.66,14.38,14.52,430900,14.187467
2013-04-11,14.67,14.73,14.61,14.65,493500,14.314489
2013-04-10,14.46,14.73,14.46,14.66,675800,14.32426
2013-04-09,14.56,14.58,14.44,14.45,491700,14.119069
2013-04-08,14.42,14.60,14.27,14.59,416600,14.255863
2013-04-05,14.36,14.50,14.22,14.41,903000,14.079985
2013-04-04,14.55,14.64,14.44,14.61,630800,14.275405
2013-04-03,14.84,14.84,14.48,14.56,1782300,14.226551
2013-04-02,14.65,14.84,14.62,14.82,1664700,14.480595
2013-04-01,14.87,14.92,14.59,14.66,705500,14.32426
2013-03-28,14.99,14.99,14.80,14.89,686800,14.548993
2013-03-27,14.86,15.02,14.80,14.97,353100,14.627161
2013-03-26,14.88,15.03,14.83,14.99,444700,14.646702
2013-03-25,14.85,14.94,14.79,14.87,315100,14.529451
2013-03-22,14.84,14.86,14.74,14.85,342900,14.509909
2013-03-21,14.86,14.90,14.70,14.82,506500,14.480595
2013-03-20,14.88,14.98,14.88,14.93,375100,14.588077
2013-03-19,14.82,15.00,14.79,14.84,1585700,14.500138
2013-03-18,14.75,14.88,14.73,14.83,433300,14.490367
2013-03-15,14.88,14.92,14.83,14.90,505400,14.558763
2013-03-14,14.75,14.97,14.75,14.90,642400,14.558763
2013-03-13,14.61,14.78,14.61,14.73,448200,14.392656
2013-03-12,14.63,14.69,14.56,14.63,388500,14.294947
2013-03-11,14.45,14.65,14.43,14.62,419900,14.285176
2013-03-08,14.37,14.52,14.35,14.51,610700,14.177695
2013-03-07,14.19,14.34,14.14,14.29,351300,13.962734
2013-03-06,14.02,14.23,14.01,14.22,449600,13.894337
2013-03-05,13.88,14.10,13.83,14.02,380200,13.698918
2013-03-04,13.83,13.89,13.73,13.83,444700,13.513268
2013-03-01,13.80,13.91,13.64,13.86,670500,13.542581
2013-02-28,13.71,13.98,13.71,13.88,539400,13.562123
2013-02-27,13.66,13.81,13.53,13.74,1332800,13.425329
2013-02-26,13.79,13.83,13.60,13.65,583900,13.33739
2013-02-25,14.03,14.11,13.63,13.68,808500,13.366704
2013-02-22,14.03,14.16,13.90,13.98,762300,13.659833
2013-02-21,13.56,13.97,13.41,13.95,1465400,13.63052
2013-02-20,13.85,13.86,13.47,13.47,394100,13.161513
2013-02-19,13.76,13.88,13.71,13.86,675000,13.542581
2013-02-15,13.74,13.75,13.66,13.75,365400,13.435101
2013-02-14,13.70,13.74,13.60,13.74,362500,13.425329
2013-02-13,13.65,13.72,13.59,13.72,345500,13.405788
2013-02-12,13.54,13.67,13.53,13.66,391400,13.347162
2013-02-11,13.47,13.59,13.42,13.57,279800,13.259223
2013-02-08,13.39,13.50,13.36,13.45,358400,13.141971
2013-02-07,13.47,13.48,13.26,13.35,218500,13.044262
2013-02-06,13.34,13.48,13.26,13.45,341500,13.141971
2013-02-05,13.35,13.44,13.32,13.42,323300,13.112658
2013-02-04,13.46,13.51,13.23,13.29,625600,12.985635
2013-02-01,13.56,13.60,13.48,13.53,512300,13.220139
2013-01-31,13.37,13.51,13.32,13.48,797200,13.171284
2013-01-30,13.64,13.65,13.37,13.41,419900,13.102887
2013-01-29,13.71,13.72,13.59,13.65,301000,13.33739
2013-01-28,13.77,13.80,13.57,13.72,378500,13.405788
2013-01-25,13.61,13.77,13.52,13.74,357800,13.425329
2013-01-24,13.58,13.65,13.49,13.58,606000,13.268994
2013-01-23,13.48,13.57,13.43,13.56,288900,13.249452
2013-01-22,13.26,13.49,13.22,13.48,297600,13.171284
2013-01-18,13.30,13.36,13.22,13.28,732100,12.975864
2013-01-17,13.40,13.45,13.27,13.28,621500,12.975864
2013-01-16,13.01,13.33,13.00,13.31,664000,13.005178
2013-01-15,13.01,13.13,12.94,13.08,347400,12.780445
2013-01-14,13.11,13.15,13.02,13.10,188800,12.799987
2013-01-11,13.10,13.16,13.04,13.12,360800,12.819529
2013-01-10,13.03,13.09,12.91,13.08,837200,12.780445
2013-01-09,12.95,13.05,12.87,13.02,721600,12.721819
2013-01-08,12.87,12.93,12.83,12.91,494400,12.614338
2013-01-07,12.87,12.90,12.78,12.86,434600,12.565483
2013-01-04,12.70,12.96,12.67,12.92,886100,12.624109
2013-01-03,12.63,12.72,12.54,12.64,406900,12.350522
2013-01-02,12.39,12.68,12.33,12.67,721600,12.379835
2012-12-31,11.85,12.21,11.83,12.21,334800,11.930369
2012-12-28,11.80,11.93,11.70,11.87,1466300,11.598156
2012-12-27,11.98,11.99,11.81,11.83,572400,11.559072
2012-12-26,12.18,12.21,11.94,11.94,311600,11.666552
2012-12-24,12.24,12.29,12.17,12.18,96700,11.901057
2012-12-21,12.24,12.40,12.18,12.23,714400,11.949911
2012-12-20,12.20,12.39,12.16,12.33,482100,12.047621
2012-12-19,12.03,12.22,12.00,12.21,298400,11.930369
2012-12-18,12.00,12.13,11.94,12.02,485300,11.744721
2012-12-17,11.83,12.00,11.81,11.98,242500,11.705636
2012-12-14,11.69,11.90,11.63,11.83,414700,11.559072
2012-12-13,11.76,11.80,11.68,11.70,420600,11.432049
2012-12-12,11.85,11.87,11.73,11.73,363700,11.461362
2012-12-11,11.74,11.84,11.73,11.80,281700,11.529759
2012-12-10,11.72,11.75,11.67,11.69,297800,11.422278
2012-12-07,11.73,11.75,11.65,11.72,145500,11.451591
2012-12-06,11.76,11.84,11.64,11.69,157200,11.422278
2012-12-05,11.76,11.84,11.64,11.76,292600,11.490675
2012-12-04,11.58,11.73,11.54,11.70,417700,11.432049
2012-12-03,11.58,11.60,11.45,11.59,399100,11.324569
2012-11-30,11.59,11.60,11.45,11.53,530200,11.265942
2012-11-29,11.46,11.62,11.45,11.58,464800,11.314797
2012-11-28,11.32,11.57,11.21,11.57,308700,11.158461
2012-11-27,11.48,11.51,11.38,11.38,303900,10.97522
2012-11-26,11.39,11.53,11.37,11.53,433100,11.119884
2012-11-23,11.27,11.45,11.27,11.45,148400,11.04273
2012-11-21,11.17,11.26,11.12,11.25,197600,10.849844
2012-11-20,11.09,11.18,10.96,11.13,274800,10.734112
2012-11-19,10.90,11.15,10.87,11.14,273200,10.743757
2012-11-16,10.89,10.89,10.71,10.82,477100,10.435138
2012-11-15,10.66,10.96,10.63,10.93,806900,10.541226
2012-11-14,10.86,10.87,10.62,10.65,415500,10.271185
2012-11-13,10.72,10.89,10.65,10.81,560400,10.425495
2012-11-12,10.74,10.81,10.68,10.80,321400,10.41585
2012-11-09,10.67,10.77,10.56,10.73,555000,10.34834
2012-11-08,10.86,10.91,10.62,10.70,621200,10.319407
2012-11-07,11.15,11.20,10.87,10.90,715700,10.512293
2012-11-06,11.50,11.64,11.26,11.27,500900,10.869133
2012-11-05,11.51,11.58,11.40,11.57,241100,11.158461
2012-11-02,11.62,11.71,11.45,11.51,271300,11.100596
2012-11-01,11.52,11.71,11.47,11.61,928800,11.197039
2012-10-31,11.37,11.53,11.32,11.51,298200,11.100596
2012-10-26,11.51,11.53,11.29,11.39,287300,10.984865
2012-10-25,11.38,11.51,11.15,11.51,1242100,11.100596
2012-10-24,11.43,11.44,11.27,11.29,236200,10.888421
2012-10-23,11.39,11.43,11.29,11.37,269100,10.965575
2012-10-22,11.42,11.54,11.38,11.51,446800,11.100596
2012-10-19,11.60,11.63,11.36,11.46,605100,11.052374
2012-10-18,11.72,11.77,11.61,11.61,469300,11.197039
2012-10-17,11.52,11.72,11.52,11.70,430900,11.283837
2012-10-16,11.62,11.65,11.49,11.50,767400,11.090952
2012-10-15,11.60,11.64,11.46,11.62,383000,11.206683
2012-10-12,11.51,11.61,11.43,11.59,541900,11.17775
2012-10-11,11.72,11.73,11.48,11.52,622800,11.110241
2012-10-10,11.74,11.77,11.61,11.63,426600,11.216328
2012-10-09,11.79,11.82,11.61,11.76,437100,11.341704
2012-10-08,11.86,11.90,11.79,11.81,230400,11.389925
2012-10-05,11.93,12.04,11.86,11.91,466200,11.486368
2012-10-04,11.67,11.88,11.63,11.88,415000,11.457435
2012-10-03,11.71,11.71,11.54,11.59,334400,11.17775
2012-10-02,11.78,11.82,11.63,11.68,371800,11.264549
2012-10-01,11.68,11.85,11.67,11.75,391100,11.332059
2012-09-28,11.58,11.73,11.58,11.63,469800,11.216328
2012-09-27,11.58,11.65,11.46,11.65,330600,11.235616
2012-09-26,11.64,11.64,11.49,11.56,399400,11.148818
2012-09-25,11.93,11.99,11.62,11.62,508200,11.206683
2012-09-24,11.71,11.94,11.70,11.91,376900,11.486368
2012-09-21,11.99,11.99,11.63,11.76,672800,11.341704
2012-09-20,11.90,11.99,11.78,11.89,624200,11.46708
2012-09-19,12.00,12.01,11.92,11.97,540600,11.544234
2012-09-18,12.10,12.10,11.96,11.99,621200,11.563522
2012-09-17,12.29,12.32,11.99,12.08,994100,11.650321
2012-09-14,12.18,12.41,12.18,12.36,416400,11.920362
2012-09-13,12.12,12.21,11.98,12.20,573200,11.766053
2012-09-12,12.12,12.21,12.06,12.14,388500,11.708187
2012-09-11,11.90,12.12,11.89,12.10,294100,11.66961
2012-09-10,11.93,11.97,11.89,11.89,282500,11.46708
2012-09-07,11.75,11.94,11.71,11.91,369600,11.486368
2012-09-06,11.60,11.75,11.60,11.70,690700,11.283837
2012-09-05,11.65,11.67,11.58,11.58,470800,11.168106
2012-09-04,11.54,11.69,11.54,11.65,371900,11.235616
2012-08-31,11.60,11.79,11.49,11.56,428200,11.148818
2012-08-30,11.54,11.57,11.46,11.53,328100,11.119884
2012-08-29,11.59,11.62,11.50,11.58,268100,11.168106
2012-08-28,11.49,11.67,11.49,11.60,280300,11.187395
2012-08-27,11.61,11.66,11.49,11.52,219500,11.110241
2012-08-24,11.51,11.71,11.50,11.57,358500,11.158461
2012-08-23,11.65,11.66,11.47,11.55,306600,11.139173
2012-08-22,11.74,11.80,11.67,11.70,841200,11.283837
2012-08-21,11.75,11.82,11.70,11.75,621700,11.332059
2012-08-20,11.51,11.74,11.51,11.70,584500,11.283837
2012-08-17,11.45,11.60,11.45,11.51,362200,11.100596
2012-08-16,11.35,11.46,11.28,11.45,479200,11.04273
2012-08-15,11.35,11.41,11.34,11.38,249300,10.97522
2012-08-14,11.33,11.50,11.31,11.36,324100,10.955931
2012-08-13,11.20,11.31,11.19,11.30,349600,10.898066
2012-08-10,11.29,11.29,11.16,11.21,390100,10.811267
2012-08-09,11.23,11.37,11.23,11.30,398700,10.898066
2012-08-08,11.18,11.28,11.17,11.26,298000,10.859488
2012-08-07,11.24,11.31,11.17,11.22,396200,10.820911
2012-08-06,11.17,11.37,11.16,11.20,341500,10.801622
2012-08-03,11.16,11.40,10.97,11.19,541900,10.791978
2012-08-02,11.15,11.37,11.13,11.29,562900,10.888421
2012-08-01,11.71,11.71,11.21,11.22,472100,10.820911
2012-07-31,11.56,11.74,11.53,11.67,456500,11.254905
2012-07-30,11.41,11.80,11.41,11.58,677200,11.168106
2012-07-27,11.08,11.39,10.99,11.36,440000,10.955931
2012-07-26,10.89,11.02,10.85,11.02,710200,10.628025
2012-07-25,10.80,10.83,10.62,10.78,395900,10.396561
2012-07-24,10.83,10.83,10.65,10.72,623500,10.338696
2012-07-23,10.81,10.84,10.65,10.78,366800,10.396561
2012-07-20,11.31,11.32,10.96,10.97,225900,10.579804
2012-07-19,11.50,11.55,11.35,11.38,475600,10.97522
2012-07-18,11.41,11.53,11.39,11.43,336400,11.023442
2012-07-17,11.35,11.46,11.18,11.46,477500,11.052374
2012-07-16,11.29,11.34,11.20,11.27,220600,10.869133
2012-07-13,11.18,11.35,11.16,11.35,336400,10.946287
2012-07-12,11.14,11.20,10.92,11.16,330400,10.763045
2012-07-11,11.14,11.25,11.12,11.21,325100,10.811267
2012-07-10,11.36,11.36,11.07,11.13,289900,10.734112
2012-07-09,11.21,11.27,11.15,11.27,358900,10.869133
2012-07-06,11.06,11.24,11.05,11.22,428500,10.820911
2012-07-05,11.35,11.42,11.08,11.11,366800,10.714823
2012-07-03,11.13,11.38,11.11,11.36,881700,10.955931
2012-07-02,11.05,11.20,10.94,11.17,977600,10.77269
2012-06-29,10.89,11.03,10.80,11.01,594000,10.618381
2012-06-28,10.48,10.71,10.31,10.70,563000,10.319407
2012-06-27,10.56,10.63,10.34,10.62,605100,10.242253
2012-06-26,10.61,10.63,10.36,10.52,754500,10.14581
2012-06-25,10.65,10.65,10.50,10.57,478600,10.194031
2012-06-22,10.75,10.78,10.70,10.77,521600,10.386918
2012-06-21,11.06,11.10,10.64,10.71,606900,10.329051
2012-06-20,10.86,11.25,10.84,11.07,1112900,10.676246
2012-06-19,10.56,10.83,10.50,10.83,1067800,10.444783
2012-06-18,10.47,10.60,10.45,10.51,568100,10.136166
2012-06-15,10.63,10.65,10.42,10.53,666400,10.155454
2012-06-14,10.34,10.65,10.33,10.62,501400,10.242253
2012-06-13,10.42,10.55,10.30,10.36,448100,9.9915
2012-06-12,10.40,10.57,10.35,10.44,374600,10.068655
2012-06-11,10.70,10.74,10.38,10.38,397000,10.010789
2012-06-08,10.48,10.72,10.41,10.60,289600,10.222964
2012-06-07,10.60,10.74,10.52,10.52,571900,10.14581
2012-06-06,10.36,10.49,10.23,10.46,549000,10.087944
2012-06-05,10.07,10.30,10.07,10.25,373500,9.885413
2012-06-04,10.12,10.20,10.05,10.14,506700,9.779326
2012-06-01,10.40,10.46,10.00,10.05,838300,9.692527
2012-05-31,10.48,10.59,10.35,10.58,410200,10.203675
2012-05-30,10.58,10.61,10.48,10.50,525200,10.126521
2012-05-29,10.70,10.73,10.54,10.70,294200,10.319407
2012-05-25,10.73,10.79,10.55,10.62,285500,10.242253
2012-05-24,10.74,10.75,10.56,10.72,214700,10.338696
2012-05-23,10.60,10.75,10.45,10.70,527000,10.319407
2012-05-22,10.79,11.00,10.61,10.69,357400,10.309762
2012-05-21,10.75,10.90,10.65,10.82,281100,10.435138
2012-05-18,10.67,10.78,10.64,10.74,578900,10.357984
2012-05-17,10.76,10.88,10.63,10.69,537100,10.309762
2012-05-16,11.20,11.20,10.74,10.77,570100,10.386918
2012-05-15,11.35,11.38,11.12,11.13,686900,10.734112
2012-05-14,11.46,11.55,11.31,11.40,714900,10.994508
2012-05-11,11.43,11.70,11.35,11.58,697800,11.168106
2012-05-10,11.14,11.51,11.07,11.51,1009000,11.100596
2012-05-09,11.30,11.34,11.01,11.02,955200,10.628025
2012-05-08,11.30,11.49,11.25,11.41,1793800,11.004153
2012-05-07,11.44,11.47,11.30,11.34,774200,10.936643
2012-05-04,11.75,11.78,11.48,11.53,1005600,11.119884
2012-05-03,12.21,12.21,11.35,11.75,1568600,11.332059
2012-05-02,12.21,12.27,12.04,12.27,873800,11.833564
2012-05-01,12.28,12.60,12.17,12.25,334500,11.814274
2012-04-30,12.42,12.47,12.26,12.26,530000,11.823919
2012-04-27,12.39,12.47,12.26,12.46,535200,12.016805
2012-04-26,12.22,12.44,12.21,12.38,279300,11.939651
2012-04-25,12.05,12.27,12.00,12.25,509700,11.814274
2012-04-24,11.76,11.98,11.72,11.98,357200,11.553878
2012-04-23,11.46,11.79,11.41,11.75,416300,11.332059
2012-04-20,11.87,11.88,11.63,11.69,293100,11.274193
2012-04-19,11.89,11.93,11.60,11.71,286600,11.293482
2012-04-18,11.99,11.99,11.80,11.85,326400,11.428503
2012-04-17,12.00,12.20,11.98,12.04,469500,11.611744
2012-04-16,11.92,12.02,11.78,11.91,337400,11.486368
2012-04-13,12.14,12.15,11.87,11.87,223200,11.447791
2012-04-12,11.95,12.24,11.95,12.21,321100,11.775697
