Date,Open,High,Low,Close,Volume,Adj Close
2016-11-25,37.200001,37.540001,37.080002,37.529999,94400,37.529999
2016-11-23,37.00,37.441002,36.93,37.09,178400,37.09
2016-11-22,37.41,37.521,37.169998,37.380001,271300,37.380001
2016-11-21,37.259998,37.779999,37.18,37.240002,355600,37.240002
2016-11-18,37.27,37.509998,36.790001,37.029999,213800,37.029999
2016-11-17,37.220001,37.50,37.132,37.290001,274000,37.290001
2016-11-16,37.130001,37.209999,36.529999,37.07,339200,37.07
2016-11-15,36.720001,37.415001,36.326,37.009998,334100,37.009998
2016-11-14,36.450001,36.849998,35.77,36.490002,500300,36.490002
2016-11-11,36.43,37.150002,36.279999,36.540001,429500,36.540001
2016-11-10,37.529999,37.529999,36.240002,36.380001,558800,36.380001
2016-11-09,39.119999,39.119999,37.639999,37.669998,434600,37.669998
2016-11-08,39.209999,39.93,39.18,39.68,293700,39.68
2016-11-07,39.110001,39.360001,38.779999,39.330002,245800,39.330002
2016-11-04,39.25,39.529999,38.740002,38.740002,235900,38.740002
2016-11-03,38.599998,39.240002,38.539001,39.060001,294600,39.060001
2016-11-02,38.709999,38.799999,38.27,38.630001,290900,38.630001
2016-11-01,39.450001,39.50,38.59,38.720001,556800,38.720001
2016-10-31,38.990002,39.599998,38.93,39.41,225700,39.41
2016-10-28,38.419998,39.095001,38.419998,38.790001,1091300,38.790001
2016-10-27,38.34,38.529999,38.110001,38.389999,457000,38.389999
2016-10-26,37.919998,38.490002,37.791,38.369999,690900,38.369999
2016-10-25,38.240002,38.970001,37.00,38.41,1251500,38.41
2016-10-24,39.68,39.939999,39.560001,39.799999,346900,39.799999
2016-10-21,39.450001,39.740002,39.200001,39.650002,538700,39.650002
2016-10-20,40.09,40.369999,39.52,39.549999,598700,39.549999
2016-10-19,40.50,40.50,40.07,40.09,286000,40.09
2016-10-18,40.290001,40.591,40.07,40.470001,195400,40.470001
2016-10-17,40.009998,40.27,39.950001,40.110001,297500,40.110001
2016-10-14,40.299999,40.52,39.950001,40.00,239300,40.00
2016-10-13,39.889999,40.689999,39.790001,40.459999,292700,40.459999
2016-10-12,39.689999,39.959999,39.57,39.900002,272500,39.900002
2016-10-11,40.16,40.16,39.560001,39.599998,228700,39.599998
2016-10-10,39.779999,40.23,39.779999,40.209999,172400,40.209999
2016-10-07,39.98,40.058998,39.509998,39.549999,307500,39.549999
2016-10-06,39.580002,39.740002,39.095001,39.709999,501200,39.709999
2016-10-05,39.810001,39.98,39.360001,39.740002,439800,39.740002
2016-10-04,41.009998,41.029999,39.41,39.759998,1025900,39.759998
2016-10-03,41.880001,41.880001,41.049999,41.139999,344000,41.139999
2016-09-30,42.259998,42.560001,41.025002,41.779999,797500,41.779999
2016-09-29,42.959999,42.959999,41.919998,42.360001,331600,42.360001
2016-09-28,42.779999,42.919998,42.220001,42.790001,323300,42.790001
2016-09-27,43.07,43.389999,42.529999,42.720001,363100,42.720001
2016-09-26,42.849998,43.130001,42.740002,42.939999,230400,42.939999
2016-09-23,41.990002,43.389999,41.290001,42.990002,657500,42.990002
2016-09-22,43.169998,43.779999,43.139999,43.549999,373600,43.549999
2016-09-21,42.119999,43.209999,42.119999,43.169998,239100,43.169998
2016-09-20,41.889999,42.299999,41.860001,41.98,222900,41.98
2016-09-19,41.09,41.849998,41.009998,41.830002,445500,41.830002
2016-09-16,41.25,41.540001,41.07,41.200001,1063300,41.200001
2016-09-15,41.200001,41.470001,41.125,41.25,255100,41.25
2016-09-14,41.23,41.599998,41.00,41.139999,249200,41.139999
2016-09-13,41.00,41.459999,40.889999,41.32,452100,41.32
2016-09-12,40.880001,41.34,40.709999,41.130001,320000,41.130001
2016-09-09,42.110001,42.360001,40.900002,40.98,337500,40.98
2016-09-08,41.880001,42.580002,41.790001,42.330002,246100,42.330002
2016-09-07,41.880001,42.549999,41.720001,42.450001,386900,42.450001
2016-09-06,42.240002,42.549999,42.07,42.490002,230900,42.058001
2016-09-02,41.860001,42.459999,41.860001,42.209999,221700,41.780845
2016-09-01,41.75,41.889999,41.529999,41.720001,325400,41.295829
2016-08-31,41.959999,42.130001,41.439999,41.599998,338200,41.177046
2016-08-30,42.150002,42.560001,41.799999,41.889999,372500,41.464099
2016-08-29,42.009998,42.459,42.009998,42.299999,312300,41.86993
2016-08-26,43.16,43.389999,41.93,42.00,228500,41.572981
2016-08-25,43.299999,43.52,43.09,43.18,395400,42.740984
2016-08-24,43.290001,43.490002,42.93,43.23,420700,42.790475
2016-08-23,43.619999,43.862,43.400002,43.470001,348000,43.028036
2016-08-22,43.450001,43.759998,43.330002,43.50,139200,43.05773
2016-08-19,43.209999,43.529999,43.009998,43.360001,356500,42.919154
2016-08-18,43.259998,43.529999,43.235001,43.50,333600,43.05773
2016-08-17,42.959999,43.299999,42.450001,43.150002,470200,42.71129
2016-08-16,43.82,44.02,42.869999,42.950001,255600,42.513323
2016-08-15,44.07,44.290001,43.52,43.52,352700,43.077527
2016-08-12,43.84,44.330002,43.84,43.919998,395800,43.473458
2016-08-11,44.00,44.189999,43.77,43.880001,126500,43.433868
2016-08-10,44.00,44.330002,43.849998,43.939999,244400,43.493255
2016-08-09,44.00,44.400002,43.84,43.880001,420400,43.433868
2016-08-08,44.450001,44.849998,44.00,44.00,484000,43.552647
2016-08-05,45.060001,45.099998,44.369999,44.459999,332500,44.007969
2016-08-04,44.970001,45.310001,44.832001,44.950001,338600,44.492989
2016-08-03,44.860001,45.110001,44.700001,44.849998,354900,44.394003
2016-08-02,44.990002,45.189999,44.639999,44.990002,349900,44.532583
2016-08-01,45.07,45.257999,44.77,45.130001,479400,44.671159
2016-07-29,44.66,45.34,44.66,45.139999,408700,44.681056
2016-07-28,44.540001,44.73,44.360001,44.599998,461800,44.146545
2016-07-27,45.040001,45.32,44.240002,44.509998,340900,44.05746
2016-07-26,45.18,45.279999,44.860001,45.060001,390900,44.601871
2016-07-25,45.25,45.450001,44.950001,45.099998,450200,44.641461
2016-07-22,44.459999,45.362999,44.370998,45.130001,504900,44.671159
2016-07-21,44.43,44.700001,44.279999,44.549999,542800,44.097054
2016-07-20,45.240002,45.240002,44.310001,44.509998,698800,44.05746
2016-07-19,45.50,45.810001,44.884998,45.00,981700,44.54248
2016-07-18,46.119999,46.439999,45.75,45.91,479600,45.443227
2016-07-15,45.880001,46.099998,45.41,46.060001,331200,45.591704
2016-07-14,45.82,45.950001,45.549999,45.950001,254000,45.482822
2016-07-13,45.830002,45.959999,45.509998,45.82,538400,45.354142
2016-07-12,45.599998,45.990002,45.419998,45.459999,444400,44.997802
2016-07-11,45.779999,45.990002,45.383999,45.869999,329800,45.403633
2016-07-08,45.25,45.959999,45.040001,45.880001,459900,45.413534
2016-07-07,46.060001,46.505001,45.310001,45.580002,412800,45.116584
2016-07-06,46.150002,46.439999,45.91,46.34,539000,45.868856
2016-07-05,46.459999,46.529999,45.98,46.299999,472800,45.829262
2016-07-01,46.07,46.740002,45.720001,46.490002,615400,46.017332
2016-06-30,45.720001,46.490002,45.689999,46.060001,741300,45.591704
2016-06-29,45.470001,45.860001,45.240002,45.82,657800,45.354142
2016-06-28,44.52,45.259998,44.07,45.049999,632000,44.59197
2016-06-27,43.400002,44.720001,42.860001,44.57,465800,44.116851
2016-06-24,43.18,43.884998,42.73,43.549999,560300,43.107221
2016-06-23,43.48,43.82,43.00,43.810001,404500,43.36458
2016-06-22,44.41,44.41,43.259998,43.310001,511700,42.869663
2016-06-21,43.41,44.419998,43.040001,44.279999,520100,43.829799
2016-06-20,43.380001,43.470001,42.93,43.389999,431100,42.948848
2016-06-17,43.43,43.66,42.869999,43.439999,436900,42.998339
2016-06-16,42.84,43.43,42.75,43.400002,422100,42.958748
2016-06-15,43.459999,43.830002,42.880001,43.099998,676800,42.661796
2016-06-14,43.360001,43.700001,43.02,43.68,384400,43.2359
2016-06-13,43.50,43.785,43.040001,43.259998,284200,42.820169
2016-06-10,43.23,43.639999,43.02,43.599998,254300,43.156712
2016-06-09,43.16,43.529999,42.900002,43.380001,479800,42.938951
2016-06-08,43.349998,43.740002,43.16,43.290001,449700,42.849866
2016-06-07,44.099998,44.23,43.529999,43.950001,523200,43.075549
2016-06-06,43.630001,44.099998,43.439999,44.009998,693400,43.134353
2016-06-03,42.43,43.779999,42.43,43.75,473900,42.879528
2016-06-02,42.439999,42.740002,42.18,42.549999,434000,41.703403
2016-06-01,42.119999,42.540001,41.959999,42.490002,509600,41.644599
2016-05-31,41.720001,42.189999,41.439999,42.02,278600,41.183949
2016-05-27,41.50,41.73,41.110001,41.700001,139400,40.870316
2016-05-26,41.049999,41.560001,40.509998,41.439999,211300,40.615487
2016-05-25,41.470001,41.610001,40.75,41.049999,403100,40.233248
2016-05-24,40.650002,41.509998,40.619999,41.48,285900,40.654692
2016-05-23,40.580002,40.939999,40.518002,40.639999,200000,39.831405
2016-05-20,40.529999,40.852001,40.32,40.669998,185700,39.860807
2016-05-19,40.080002,40.68,39.950001,40.619999,307900,39.811803
2016-05-18,40.43,40.669998,39.91,40.060001,275200,39.262947
2016-05-17,41.209999,41.240002,40.380001,40.59,265800,39.782401
2016-05-16,41.200001,41.439999,40.830002,41.34,404700,40.517479
2016-05-13,40.709999,41.139999,40.450001,41.119999,520800,40.301855
2016-05-12,40.439999,40.689999,40.169998,40.59,453100,39.782401
2016-05-11,40.290001,40.529999,39.884998,40.380001,281300,39.57658
2016-05-10,40.459999,40.619999,39.73,40.209999,516600,39.409961
2016-05-09,40.419998,40.48,39.830002,40.25,274900,39.449166
2016-05-06,40.43,40.43,39.580002,40.32,279600,39.517773
2016-05-05,40.759998,41.389999,40.275002,40.389999,286900,39.586379
2016-05-04,40.16,41.23,40.16,40.849998,567400,40.037226
2016-05-03,40.68,40.919998,39.810001,40.310001,474500,39.507973
2016-05-02,40.380001,40.880001,40.25,40.68,236900,39.87061
2016-04-29,40.119999,40.50,39.380001,40.099998,320400,39.302149
2016-04-28,40.48,40.73,40.119999,40.360001,374500,39.556978
2016-04-27,39.200001,40.580002,39.00,40.459999,679000,39.654986
2016-04-26,38.990002,40.09,38.720001,39.040001,1264800,38.263241
2016-04-25,37.349998,38.290001,37.070999,38.200001,717100,37.439954
2016-04-22,37.540001,37.75,37.119999,37.549999,816000,36.802885
2016-04-21,37.799999,38.049999,37.200001,37.360001,477600,36.616667
2016-04-20,38.490002,38.810001,37.82,37.990002,276000,37.234133
2016-04-19,38.560001,38.84,38.169998,38.619999,314500,37.851596
2016-04-18,38.450001,38.799999,38.169998,38.450001,198600,37.68498
2016-04-15,38.200001,38.700001,38.169998,38.450001,186400,37.68498
2016-04-14,38.400002,38.700001,38.009998,38.310001,310600,37.547766
2016-04-13,38.450001,38.880001,37.740002,38.540001,565300,37.77319
2016-04-12,38.82,39.060001,38.41,38.459999,517500,37.694779
2016-04-11,38.98,39.07,38.709999,38.889999,233800,38.116224
2016-04-08,39.130001,39.174999,38.720001,38.919998,276700,38.145626
2016-04-07,39.09,39.400002,38.860001,39.080002,253100,38.302446
2016-04-06,39.439999,39.73,39.009998,39.240002,238500,38.459263
2016-04-05,39.959999,39.973999,39.27,39.459999,207900,38.674883
2016-04-04,39.529999,40.200001,39.41,40.009998,466100,39.213939
2016-04-01,39.950001,40.43,39.400002,39.630001,581700,38.841502
2016-03-31,40.130001,40.630001,40.080002,40.110001,289400,39.311952
2016-03-30,40.57,40.880001,40.23,40.279999,374300,39.478567
2016-03-29,40.00,40.709999,39.830002,40.599998,576700,39.7922
2016-03-28,40.52,40.889999,40.09,40.150002,291700,39.351157
2016-03-24,40.299999,40.833,40.215,40.509998,454000,39.703991
2016-03-23,40.310001,40.560001,40.02,40.279999,669000,39.478567
2016-03-22,39.860001,40.68,39.860001,40.310001,293500,39.507973
2016-03-21,39.900002,40.689999,39.610001,40.169998,508400,39.370756
2016-03-18,39.610001,40.73,39.330002,40.459999,3107400,39.654986
2016-03-17,39.209999,39.950001,39.16,39.68,989000,38.890507
2016-03-16,38.68,39.25,38.209999,39.150002,353800,38.371053
2016-03-15,38.669998,39.41,38.529999,38.599998,392100,37.831993
2016-03-14,38.25,38.959999,38.110001,38.84,603000,38.06722
2016-03-11,38.27,38.700001,38.09,38.32,256400,37.557566
2016-03-10,38.720001,39.009998,37.98,38.150002,575800,37.39095
2016-03-09,38.970001,39.040001,38.470001,38.689999,558300,37.920203
2016-03-08,38.560001,39.110001,38.445,38.59,259300,37.822194
2016-03-07,38.25,39.630001,38.25,39.200001,430200,37.996653
2016-03-04,38.490002,38.810001,38.240002,38.529999,716600,37.347219
2016-03-03,38.639999,39.220001,38.530998,38.580002,524700,37.395687
2016-03-02,38.689999,38.880001,38.00,38.779999,608600,37.589544
2016-03-01,39.18,39.400002,38.139999,38.580002,689300,37.395687
2016-02-29,38.849998,39.209999,38.73,38.790001,716400,37.599239
2016-02-26,38.75,39.200001,38.50,38.93,598600,37.734941
2016-02-25,39.50,39.59,38.68,39.029999,577400,37.83187
2016-02-24,37.400002,39.450001,37.060001,39.259998,952200,38.054809
2016-02-23,37.599998,38.470001,36.75,38.060001,1101000,36.891649
2016-02-22,38.00,39.23,37.540001,38.75,1560800,37.560466
2016-02-19,41.25,41.689999,40.715,41.560001,802100,40.284207
2016-02-18,41.490002,41.939999,41.139999,41.50,634800,40.226048
2016-02-17,41.549999,41.549999,40.50,41.310001,455200,40.041882
2016-02-16,40.98,41.00,40.200001,40.650002,607200,39.402142
2016-02-12,41.060001,41.060001,40.470001,40.59,413600,39.343983
2016-02-11,41.540001,41.540001,40.630001,40.93,603800,39.673546
2016-02-10,41.25,41.825001,40.830002,41.580002,225000,40.303594
2016-02-09,41.360001,42.084999,40.220001,41.240002,697900,39.974031
2016-02-08,41.990002,42.00,40.365002,41.470001,691600,40.19697
2016-02-05,40.669998,42.400002,40.09,42.009998,1030100,40.72039
2016-02-04,40.77,41.240002,40.290001,41.119999,733200,39.857712
2016-02-03,40.049999,40.799999,40.049999,40.560001,754500,39.314905
2016-02-02,38.84,39.75,38.720001,39.599998,491900,38.384372
2016-02-01,38.73,39.919998,38.25,38.990002,788800,37.7931
2016-01-29,38.040001,38.57,37.91,38.450001,366100,37.269676
2016-01-28,37.98,38.259998,37.689999,37.799999,283300,36.639628
2016-01-27,37.529999,38.205002,37.299999,37.799999,247900,36.639628
2016-01-26,37.450001,37.669998,37.139999,37.41,352000,36.261601
2016-01-25,38.09,38.189999,36.84,37.049999,447100,35.912652
2016-01-22,37.41,38.220001,36.740002,37.990002,406600,36.823798
2016-01-21,38.360001,38.689999,36.735001,37.09,831700,35.951425
2016-01-20,38.779999,38.830002,37.209999,37.470001,402400,36.31976
2016-01-19,38.040001,39.049999,37.580002,38.720001,589300,37.531388
2016-01-15,36.080002,37.869999,36.009998,37.610001,432000,36.455462
2016-01-14,36.68,37.360001,36.299999,37.200001,529500,36.058048
2016-01-13,37.23,37.599998,36.689999,36.720001,328200,35.592784
2016-01-12,37.650002,37.724998,37.07,37.27,302100,36.125899
2016-01-11,37.900002,38.299999,37.349998,37.389999,371900,36.242215
2016-01-08,38.00,38.150002,37.48,37.759998,321400,36.600855
2016-01-07,37.560001,38.099998,37.50,37.799999,504400,36.639628
2016-01-06,37.50,38.369999,37.50,38.049999,623900,36.881954
2016-01-05,37.939999,38.299999,37.529999,38.130001,680300,36.9595
2016-01-04,38.779999,38.779999,37.540001,37.849998,522300,36.688093
2015-12-31,38.310001,38.900002,38.009998,38.400002,609700,37.221212
2015-12-30,38.220001,38.73,37.529999,38.220001,1107100,37.046737
2015-12-29,36.599998,37.939999,36.599998,37.669998,967400,36.513618
2015-12-28,37.02,37.310001,36.52,36.599998,1196800,35.476465
2015-12-24,37.02,37.540001,37.02,37.450001,904600,36.300374
2015-12-23,35.099998,37.07,35.049999,36.959999,2195900,35.825414
2015-12-22,34.00,35.200001,33.759998,35.080002,3044800,34.003128
2015-12-21,34.029999,34.650002,33.439999,33.810001,3980200,32.772114
2015-12-18,36.50,36.52,32.450001,33.259998,10198600,32.238995
2015-12-17,38.75,38.75,36.119999,36.119999,1181500,35.0112
