Date,Open,High,Low,Close,Volume,Adj Close
2016-11-25,63.139999,63.650002,62.400002,62.84,1832000,62.84
2016-11-23,62.18,63.810001,62.00,63.650002,2335700,63.650002
2016-11-22,63.560001,63.970001,61.119999,62.470001,3294400,62.470001
2016-11-21,63.73,64.400002,62.599998,63.27,3434000,63.27
2016-11-18,61.599998,62.740002,61.349998,62.080002,2748900,62.080002
2016-11-17,63.48,63.740002,61.139999,61.400002,2972200,61.400002
2016-11-16,62.779999,63.619999,62.139999,62.450001,2993800,62.450001
2016-11-15,59.959999,63.50,59.959999,63.389999,6051000,63.389999
2016-11-14,57.529999,58.98,57.220001,58.93,2985800,58.93
2016-11-11,57.950001,58.98,56.970001,57.720001,3517400,57.720001
2016-11-10,58.040001,58.599998,57.23,58.32,3272300,58.32
2016-11-09,57.029999,59.080002,56.790001,58.02,3261900,58.02
2016-11-08,56.939999,57.639999,56.50,56.93,2337400,56.93
2016-11-07,57.599998,57.759998,56.189999,57.450001,4614500,57.450001
2016-11-04,55.200001,56.790001,54.610001,56.139999,6235500,56.139999
2016-11-03,58.459999,58.459999,54.73,55.52,8756000,55.52
2016-11-02,59.18,60.18,58.540001,59.459999,4962500,59.459999
2016-11-01,60.32,60.360001,58.380001,59.529999,2778800,59.529999
2016-10-31,60.419998,60.740002,59.389999,59.48,2590900,59.48
2016-10-28,61.630001,62.619999,60.200001,60.720001,3640800,60.720001
2016-10-27,61.990002,62.73,61.25,61.700001,2405200,61.700001
2016-10-26,60.02,61.98,59.91,61.68,3093700,61.68
2016-10-25,61.57,61.990002,60.389999,60.57,2162700,60.57
2016-10-24,62.25,62.529999,60.470001,61.580002,3019000,61.580002
2016-10-21,62.970001,63.130001,61.869999,62.189999,3176500,62.189999
2016-10-20,63.509998,63.84,62.599998,63.48,3449200,63.48
2016-10-19,63.50,64.910004,63.00,64.32,3624700,64.32
2016-10-18,62.439999,63.689999,62.419998,62.830002,4125700,62.580003
2016-10-17,61.639999,62.200001,60.630001,61.849998,3512000,61.603899
2016-10-14,62.619999,62.779999,61.619999,61.77,3580300,61.52422
2016-10-13,62.00,62.73,60.509998,62.07,4738700,61.823025
2016-10-12,62.709999,63.169998,61.830002,62.709999,3325800,62.460478
2016-10-11,63.900002,64.18,62.419998,62.869999,2971400,62.619841
2016-10-10,63.98,65.00,63.709999,64.160004,2357100,63.904713
2016-10-07,64.25,64.599998,62.77,63.330002,3922800,63.078014
2016-10-06,64.849998,65.169998,63.709999,64.089996,3369500,63.834984
2016-10-05,64.959999,65.709999,64.360001,64.650002,3451200,64.392761
2016-10-04,64.160004,65.809998,63.029999,63.790001,6327000,63.536183
2016-10-03,63.73,64.639999,62.889999,63.950001,2900000,63.695546
2016-09-30,64.330002,65.089996,63.75,63.869999,5292500,63.615862
2016-09-29,63.32,66.00,62.93,63.740002,7894800,63.486382
2016-09-28,60.07,64.059998,59.529999,63.700001,8111000,63.446541
2016-09-27,59.02,59.880001,58.110001,59.59,4282400,59.352893
2016-09-26,61.110001,61.209999,59.849998,59.939999,3945900,59.701499
2016-09-23,60.169998,61.439999,59.16,60.02,6190900,59.781183
2016-09-22,61.57,62.189999,60.779999,61.00,7239800,60.757283
2016-09-21,58.209999,60.939999,58.09,60.889999,7520900,60.64772
2016-09-20,57.580002,58.459999,57.330002,57.490002,3003100,57.261251
2016-09-19,59.09,59.25,57.759998,57.849998,3262000,57.619815
2016-09-16,57.73,58.860001,57.560001,58.560001,5098000,58.326993
2016-09-15,57.209999,58.740002,56.900002,58.700001,4947800,58.466435
2016-09-14,57.110001,58.810001,56.560001,56.75,5045300,56.524194
2016-09-13,58.599998,59.599998,57.200001,57.509998,7544600,57.281168
2016-09-12,59.080002,60.189999,58.299999,59.900002,6267900,59.661661
2016-09-09,58.490002,59.779999,58.34,59.400002,9468800,59.163651
2016-09-08,56.560001,59.330002,56.00,59.049999,10856900,58.815041
2016-09-07,56.970001,58.990002,54.779999,55.130001,14583600,54.910641
2016-09-06,51.380001,52.00,50.73,51.669998,2223800,51.464405
2016-09-02,50.34,51.540001,50.32,51.290001,2479300,51.08592
2016-09-01,49.349998,49.860001,48.529999,49.790001,3731000,49.591888
2016-08-31,51.889999,52.02,49.639999,49.700001,4318600,49.502246
2016-08-30,53.099998,53.830002,52.150002,52.43,1560000,52.221383
2016-08-29,52.049999,53.150002,51.849998,52.830002,1350700,52.619793
2016-08-26,52.790001,53.18,52.00,52.349998,1846000,52.1417
2016-08-25,52.580002,53.040001,51.959999,52.509998,1704600,52.301063
2016-08-24,52.970001,53.330002,52.599998,52.740002,1730200,52.530151
2016-08-23,53.07,53.48,52.509998,53.389999,2715300,53.177562
2016-08-22,52.580002,53.299999,52.32,53.150002,1926500,52.938519
2016-08-19,53.389999,53.700001,52.970001,53.490002,2046400,53.277167
2016-08-18,51.990002,53.75,51.77,53.599998,3315000,53.386726
2016-08-17,50.810001,51.939999,50.450001,51.630001,3073000,51.424567
2016-08-16,49.669998,51.34,48.869999,50.970001,3756900,50.767193
2016-08-15,49.369999,50.07,49.09,49.880001,2948700,49.68153
2016-08-12,49.700001,50.150002,48.900002,49.009998,2791200,48.814989
2016-08-11,49.34,50.279999,48.939999,49.59,3053500,49.392683
2016-08-10,50.400002,50.790001,48.709999,48.779999,3211800,48.585905
2016-08-09,50.66,50.84,49.82,50.23,3316500,50.030136
2016-08-08,50.150002,51.75,50.07,50.669998,4476900,50.468384
2016-08-05,49.900002,50.060001,48.049999,49.639999,5645700,49.442483
2016-08-04,51.18,52.900002,49.939999,50.18,5225800,49.980336
2016-08-03,50.150002,51.869999,49.400002,51.73,4234200,51.524168
2016-08-02,50.50,50.830002,48.82,49.939999,2556000,49.741289
2016-08-01,51.82,52.00,49.619999,49.869999,3433300,49.671568
2016-07-29,51.150002,52.740002,51.00,52.50,2493600,52.291104
2016-07-28,51.720001,52.490002,51.540001,51.84,1918700,51.63373
2016-07-27,52.82,53.889999,51.369999,51.759998,2393700,51.554047
2016-07-26,51.689999,52.869999,51.580002,52.75,1828500,52.540109
2016-07-25,53.040001,53.25,51.650002,51.970001,2741700,51.763214
2016-07-22,53.900002,54.25,53.169998,53.650002,2215500,53.43653
2016-07-21,54.75,55.93,53.27,53.400002,2785000,53.187525
2016-07-20,54.349998,55.060001,53.41,54.599998,2134900,54.382747
2016-07-19,56.110001,56.279999,54.91,55.110001,2228600,54.641715
2016-07-18,56.91,57.07,56.080002,56.330002,2407000,55.851349
2016-07-15,57.459999,57.639999,56.700001,57.119999,2633000,56.634633
2016-07-14,57.360001,57.73,56.799999,56.880001,1950700,56.396675
2016-07-13,57.540001,57.830002,56.040001,56.540001,2718000,56.059564
2016-07-12,56.400002,58.34,56.200001,57.540001,2963400,57.051066
2016-07-11,55.540001,56.25,55.040001,55.110001,2023500,54.641715
2016-07-08,55.700001,55.990002,54.68,55.169998,2592300,54.701202
2016-07-07,55.970001,56.669998,54.450001,54.900002,2323200,54.4335
2016-07-06,54.389999,55.470001,54.18,55.299999,2420500,54.830099
2016-07-05,55.41,56.130001,53.720001,54.669998,2374900,54.205451
2016-07-01,55.759998,57.380001,55.400002,56.669998,2583600,56.188456
2016-06-30,55.82,56.080002,55.09,55.669998,3052700,55.196954
2016-06-29,54.759998,56.23,54.599998,55.810001,2701700,55.335767
2016-06-28,53.419998,54.200001,52.950001,54.18,2438300,53.719617
2016-06-27,53.880001,54.16,51.380001,52.00,4043300,51.558141
2016-06-24,55.50,56.919998,54.799999,54.860001,6229100,54.393839
2016-06-23,57.139999,58.18,56.540001,58.16,3879800,57.665797
2016-06-22,56.619999,56.849998,55.75,56.43,2806700,55.950498
2016-06-21,54.82,57.00,54.27,56.630001,2897000,56.148799
2016-06-20,54.990002,55.619999,54.450001,55.32,2246000,54.849929
2016-06-17,53.77,54.470001,53.540001,53.869999,3163300,53.41225
2016-06-16,53.619999,53.619999,51.91,53.00,3027900,52.549643
2016-06-15,54.310001,55.41,53.77,54.529999,2548700,54.066641
2016-06-14,53.689999,55.369999,53.470001,54.759998,3349300,54.294686
2016-06-13,53.029999,54.549999,52.529999,53.84,3042500,53.382506
2016-06-10,55.16,55.59,53.029999,53.52,3236900,53.065225
2016-06-09,56.220001,56.959999,55.650002,55.830002,3068900,55.355598
2016-06-08,59.00,59.02,56.689999,57.00,3499000,56.515654
2016-06-07,56.220001,58.439999,56.130001,58.209999,4089200,57.715371
2016-06-06,55.470001,55.84,54.869999,55.619999,2460100,55.147379
2016-06-03,55.919998,56.34,54.169998,54.580002,2866300,54.116219
2016-06-02,55.509998,56.009998,54.860001,55.84,2684000,55.365511
2016-06-01,56.490002,56.860001,55.18,56.169998,3818400,55.692705
2016-05-31,58.259998,59.25,57.029999,57.139999,4071000,56.654464
2016-05-27,57.66,58.369999,57.00,58.290001,2511500,57.794693
2016-05-26,58.490002,58.82,57.450001,58.029999,2408500,57.536901
2016-05-25,58.810001,59.59,57.860001,57.91,3146400,57.417921
2016-05-24,58.139999,59.130001,57.07,58.25,4384700,57.755032
2016-05-23,56.759998,57.84,56.439999,57.599998,3111400,57.110554
2016-05-20,57.169998,57.610001,56.27,57.110001,3241400,56.62472
2016-05-19,55.82,57.209999,54.27,56.98,6359500,56.495824
2016-05-18,57.68,58.209999,55.209999,56.610001,12947400,56.128969
2016-05-17,54.860001,55.810001,54.119999,55.119999,4075700,54.651628
2016-05-16,54.380001,55.599998,54.380001,54.799999,4038100,54.334347
2016-05-13,53.580002,54.490002,52.470001,53.02,2973900,52.569474
2016-05-12,54.970001,55.599998,54.240002,54.299999,5065300,53.838596
2016-05-11,53.080002,54.82,51.790001,54.009998,5906700,53.551059
2016-05-10,52.610001,53.34,52.060001,53.09,4842300,52.638879
2016-05-09,53.450001,53.450001,51.689999,52.119999,4544500,51.67712
2016-05-06,53.950001,55.57,53.59,53.84,6559000,53.382506
2016-05-05,51.91,55.00,51.52,54.82,6807800,54.354178
2016-05-04,52.25,52.73,50.080002,50.73,4480400,50.298932
2016-05-03,53.049999,53.82,51.41,52.130001,5223300,51.687037
2016-05-02,54.610001,54.970001,53.169998,54.240002,4649900,53.779108
2016-04-29,55.889999,56.27,53.290001,54.400002,4700100,53.937749
2016-04-28,56.880001,57.630001,55.279999,55.43,2948400,54.958995
2016-04-27,56.43,58.060001,56.310001,57.540001,4883800,57.051066
2016-04-26,54.889999,56.009998,53.93,55.880001,3453700,55.405172
2016-04-25,55.66,55.98,53.990002,54.41,3504800,53.947662
2016-04-22,55.27,56.66,55.16,56.200001,2865100,55.722453
2016-04-21,54.939999,55.619999,54.330002,54.779999,3578700,54.314517
2016-04-20,54.48,55.439999,53.580002,54.68,3667100,54.215368
2016-04-19,53.98,55.50,53.209999,55.02,4722700,54.304602
2016-04-18,50.27,53.869999,50.07,53.439999,3279700,52.745144
2016-04-15,52.310001,52.639999,51.540001,52.049999,2999000,51.373218
2016-04-14,52.84,53.450001,52.349998,52.970001,1954500,52.281258
2016-04-13,53.099998,53.110001,51.52,52.459999,3769300,51.777887
2016-04-12,50.59,53.689999,50.139999,53.290001,5145000,52.597097
2016-04-11,51.18,51.66,49.919998,49.950001,3240300,49.300525
2016-04-08,50.75,51.639999,50.18,50.66,4125500,50.001292
2016-04-07,49.209999,50.009998,48.349998,49.189999,2617000,48.550405
2016-04-06,47.810001,49.900002,47.310001,49.759998,3655000,49.112993
2016-04-05,46.400002,48.18,46.150002,47.330002,2575400,46.714593
2016-04-04,47.540001,48.290001,46.619999,46.82,2956500,46.211222
2016-04-01,47.459999,48.630001,47.09,47.50,5578600,46.882381
2016-03-31,48.349998,49.18,48.02,48.810001,3922700,48.175349
2016-03-30,49.25,49.509998,48.07,48.639999,3004400,48.007557
2016-03-29,47.48,48.630001,47.049999,48.560001,3133300,47.928599
2016-03-28,48.98,49.080002,47.599998,48.41,3257300,47.780548
2016-03-24,47.009998,48.860001,46.59,48.849998,4460600,48.214826
2016-03-23,49.279999,49.73,47.650002,47.860001,5682500,47.2377
2016-03-22,49.060001,51.32,49.02,50.27,3916500,49.616364
2016-03-21,49.139999,50.75,48.740002,49.880001,3401800,49.231436
2016-03-18,51.27,51.810001,48.529999,49.630001,7009600,48.984686
2016-03-17,49.950001,51.02,49.48,50.470001,4978500,49.813764
2016-03-16,48.509998,49.98,48.110001,49.25,5663700,48.609626
2016-03-15,47.029999,48.02,46.830002,47.93,5146800,47.30679
2016-03-14,47.720001,48.900002,47.43,48.189999,4751900,47.563407
2016-03-11,47.380001,49.040001,47.369999,48.970001,6188200,48.333268
2016-03-10,45.900002,46.650002,44.75,46.25,5159900,45.648634
2016-03-09,47.25,47.689999,45.009998,46.23,6639800,45.628893
2016-03-08,50.32,50.419998,46.119999,46.169998,8107600,45.569672
2016-03-07,48.029999,51.110001,47.619999,51.02,10459600,50.356612
2016-03-04,45.630001,48.939999,45.16,48.040001,8779100,47.41536
2016-03-03,41.75,45.599998,41.75,45.09,10048500,44.503717
2016-03-02,38.330002,42.009998,38.16,41.970001,6606500,41.424286
2016-03-01,38.470001,38.68,36.259998,38.619999,5884700,38.117842
2016-02-29,39.490002,39.50,37.689999,38.279999,5330300,37.782263
2016-02-26,39.09,40.48,38.400002,39.470001,5546300,38.956792
2016-02-25,37.93,38.93,36.09,37.790001,7965100,37.298636
2016-02-24,36.950001,38.720001,36.209999,38.599998,7818000,38.098101
2016-02-23,38.889999,39.779999,37.860001,37.880001,5480500,37.387466
2016-02-22,38.34,39.75,38.34,39.610001,4702700,39.094971
2016-02-19,37.900002,37.970001,36.27,37.330002,5614400,36.844618
2016-02-18,40.77,40.889999,37.919998,38.799999,6684200,38.295502
2016-02-17,38.220001,40.34,37.91,40.060001,5128700,39.539121
2016-02-16,37.189999,37.880001,36.639999,37.470001,4274300,36.982797
2016-02-12,34.970001,36.939999,34.66,36.529999,5812300,36.055017
2016-02-11,34.349998,35.040001,33.23,34.380001,5881100,33.932975
2016-02-10,35.41,36.330002,35.009998,35.330002,5325100,34.870623
2016-02-09,36.529999,37.130001,34.290001,35.580002,7548000,35.117372
2016-02-08,38.200001,38.360001,36.869999,37.580002,6316300,37.091367
2016-02-05,40.299999,40.310001,38.459999,39.049999,6399300,38.542251
2016-02-04,42.060001,43.799999,40.490002,40.740002,7533600,40.210279
2016-02-03,39.73,41.299999,37.759998,41.240002,5386100,40.703778
2016-02-02,39.50,40.07,38.450001,38.549999,6275000,38.048752
2016-02-01,41.27,41.75,40.240002,40.82,5037400,40.289237
2016-01-29,40.98,42.540001,40.919998,42.540001,5464400,41.986874
2016-01-28,40.759998,40.98,38.98,40.599998,4289500,40.072096
2016-01-27,37.669998,40.259998,37.400002,38.630001,5722700,38.127714
2016-01-26,38.349998,38.810001,37.080002,38.029999,7572500,37.535513
2016-01-25,38.360001,40.639999,37.380001,37.43,5861400,36.943316
2016-01-22,38.990002,40.060001,37.639999,39.380001,7053600,38.867962
2016-01-21,34.330002,37.59,34.119999,37.240002,7468000,36.755788
2016-01-20,33.27,35.349998,32.200001,34.610001,8741800,34.159984
2016-01-19,35.50,35.689999,33.799999,34.48,8317500,33.784923
2016-01-15,35.240002,35.91,33.560001,35.330002,10096900,34.61779
2016-01-14,35.880001,37.639999,35.259998,37.029999,6544400,36.283517
2016-01-13,35.939999,37.220001,35.360001,35.599998,8597000,34.882344
2016-01-12,35.549999,35.689999,34.189999,35.419998,9004500,34.705973
2016-01-11,36.669998,36.860001,34.369999,35.060001,8342700,34.353233
2016-01-08,36.860001,37.59,35.07,36.650002,10451900,35.91118
2016-01-07,37.369999,38.630001,36.23,36.549999,7105900,35.813194
2016-01-06,42.099998,42.119999,38.450001,38.529999,7076700,37.753279
2016-01-05,43.50,44.029999,42.139999,43.529999,5435300,42.652485
2016-01-04,44.25,45.110001,43.75,44.43,4746800,43.534344
2015-12-31,44.50,45.09,44.389999,44.470001,2961700,43.573538
2015-12-30,44.59,45.639999,44.560001,44.810001,3942600,43.906684
2015-12-29,45.91,46.34,45.040001,45.450001,2969200,44.533782
2015-12-28,44.709999,45.299999,44.389999,44.919998,3611300,44.014464
2015-12-24,46.060001,46.560001,45.16,45.799999,1607600,44.876725
2015-12-23,43.869999,45.810001,43.52,45.709999,4673000,44.788539
2015-12-22,42.91,43.540001,42.349998,42.779999,5760900,41.917604
2015-12-21,42.669998,43.07,41.98,42.529999,4425600,41.672644
2015-12-18,42.799999,43.799999,42.560001,42.689999,5981100,41.829418
2015-12-17,44.700001,45.18,42.700001,42.950001,8073500,42.084179
2015-12-16,44.91,45.439999,44.25,44.799999,5097800,43.896884
2015-12-15,43.759998,45.369999,43.759998,45.27,5154500,44.35741
2015-12-14,42.50,44.18,41.599998,43.490002,5468200,42.613294
2015-12-11,45.25,45.509998,42.68,42.919998,6171300,42.054781
2015-12-10,44.59,46.540001,44.389999,46.189999,4579400,45.258862
2015-12-09,45.02,45.990002,44.52,44.950001,4485200,44.043861
2015-12-08,43.419998,45.32,42.919998,44.869999,5535500,43.965472
2015-12-07,44.73,45.09,43.599998,44.220001,7114000,43.328578
2015-12-04,44.959999,46.040001,43.740002,45.790001,4252800,44.866928
2015-12-03,47.740002,48.099998,45.560001,45.759998,5003100,44.83753
2015-12-02,48.77,49.279999,47.009998,47.32,3538300,46.366084
2015-12-01,49.34,49.73,48.630001,49.150002,2597300,48.159195
2015-11-30,49.759998,49.990002,48.849998,49.18,3373900,48.188589
2015-11-27,49.700001,50.189999,49.209999,49.419998,1317300,48.423749
2015-11-25,50.419998,50.939999,49.900002,50.349998,2455800,49.335002
2015-11-24,49.150002,51.439999,49.080002,50.91,4687400,49.883714
2015-11-23,48.849998,49.57,48.380001,48.849998,3041600,47.86524
2015-11-20,49.639999,50.00,48.810001,49.099998,2518500,48.1102
2015-11-19,49.650002,50.00,48.490002,49.540001,2994500,48.541333
2015-11-18,50.50,51.110001,48.68,50.099998,3659400,49.090041
2015-11-17,50.220001,50.810001,49.27,49.709999,3413500,48.707904
2015-11-16,49.099998,50.50,48.279999,50.490002,3795000,49.472182
2015-11-13,48.810001,49.849998,47.970001,48.970001,4233300,47.982823
2015-11-12,48.310001,50.060001,47.299999,48.900002,6250100,47.914235
2015-11-11,50.00,51.790001,48.830002,49.400002,7809000,48.404155
2015-11-10,53.779999,56.310001,51.869999,53.310001,10634900,52.235334
2015-11-09,53.50,55.02,52.040001,53.939999,15139900,52.852632
2015-11-06,48.889999,49.330002,46.889999,47.669998,5005200,46.709027
2015-11-05,48.330002,50.939999,48.07,49.27,5202300,48.276775
2015-11-04,50.07,50.66,48.66,49.389999,6189800,48.394355
2015-11-03,48.369999,50.200001,48.27,49.869999,5676600,48.864678
2015-11-02,46.740002,48.139999,46.549999,47.939999,4280000,46.973584
2015-10-30,46.849998,47.799999,46.220001,47.130001,4505400,46.179916
2015-10-29,45.709999,47.450001,45.580002,46.580002,3828500,45.641004
2015-10-28,44.220001,46.619999,43.759998,46.049999,3983300,45.121685
2015-10-27,44.41,44.41,42.639999,44.139999,6237900,43.250189
2015-10-26,46.349998,46.450001,45.189999,45.380001,3546100,44.465193
2015-10-23,45.529999,46.790001,45.099998,46.490002,3528500,45.552818
2015-10-22,45.41,46.34,44.91,45.970001,3550900,45.0433
2015-10-21,45.700001,46.07,44.98,45.080002,4119000,44.171242
2015-10-20,45.07,46.189999,44.82,45.919998,2850800,44.994305
2015-10-19,45.82,45.880001,45.009998,45.330002,4832500,44.171242
2015-10-16,46.970001,47.099998,45.91,46.52,3787600,45.330821
2015-10-15,45.459999,46.849998,45.23,46.75,4257300,45.554941
2015-10-14,44.509998,45.959999,44.189999,45.689999,3691100,44.522036
2015-10-13,44.419998,45.139999,43.619999,44.59,5280300,43.450157
2015-10-12,46.560001,46.560001,44.34,44.950001,4507300,43.800955
2015-10-09,47.459999,47.599998,45.970001,46.470001,4187700,45.2821
2015-10-08,45.849998,47.630001,45.669998,47.150002,5337000,45.944717
2015-10-07,46.759998,47.98,44.450001,45.93,6081400,44.755903
2015-10-06,44.09,46.310001,43.959999,46.119999,6342200,44.941044
2015-10-05,43.099998,44.400002,42.830002,43.98,4899700,42.855749
2015-10-02,39.189999,42.810001,39.099998,42.610001,5926300,41.520771
2015-10-01,39.919998,41.02,39.310001,39.720001,7269000,38.704648
2015-09-30,37.470001,39.290001,37.34,39.16,6992900,38.158962
2015-09-29,36.619999,37.16,35.790001,37.119999,5517200,36.171109
2015-09-28,37.630001,37.73,36.16,36.200001,5752900,35.274629
2015-09-25,38.279999,38.619999,37.630001,38.200001,4233300,37.223503
2015-09-24,37.029999,38.41,36.540001,37.880001,5795200,36.911684
2015-09-23,38.740002,38.91,37.099998,37.27,4393100,36.317276
2015-09-22,38.57,39.669998,38.369999,38.630001,5786700,37.642511
2015-09-21,40.02,40.23,39.209999,39.34,4781100,38.334361
2015-09-18,41.099998,41.380001,39.369999,39.650002,9085400,38.636438
2015-09-17,43.07,43.779999,41.889999,41.990002,7923700,40.916621
2015-09-16,40.790001,43.169998,40.75,43.040001,9020400,41.93978
2015-09-15,40.290001,41.139999,40.189999,40.43,5188300,39.396498
2015-09-14,40.099998,40.52,39.130001,40.240002,5373200,39.211356
2015-09-11,40.279999,40.310001,39.279999,40.200001,6136700,39.172378
2015-09-10,41.50,41.560001,40.150002,40.84,7537000,39.796017
2015-09-09,43.720001,44.540001,41.189999,41.290001,6141300,40.234514
2015-09-08,43.110001,43.799999,42.09,43.240002,4808300,42.134668
2015-09-04,42.41,42.799999,41.77,42.50,5170700,41.413583
2015-09-03,43.369999,45.110001,42.720001,43.220001,4587800,42.115179
2015-09-02,43.630001,43.860001,41.209999,43.220001,5301200,42.115179
2015-09-01,43.41,44.689999,42.549999,43.130001,5590800,42.027479
2015-08-31,44.09,45.669998,41.919998,45.240002,6963300,44.083542
2015-08-28,42.669998,45.400002,42.490002,44.860001,6493800,43.713255
2015-08-27,40.68,43.669998,40.439999,42.790001,7333200,41.69617
2015-08-26,40.209999,40.209999,38.400002,39.529999,8056400,38.519503
2015-08-25,42.310001,42.310001,38.900002,38.900002,6042700,37.90561
2015-08-24,40.669998,42.439999,39.049999,40.490002,7347900,39.454965
2015-08-21,44.41,45.209999,43.139999,43.23,5285700,42.124921
2015-08-20,45.93,46.490002,44.509998,44.560001,5395500,43.420925
2015-08-19,47.599998,47.779999,45.400002,45.810001,4196400,44.638971
2015-08-18,47.650002,48.43,47.34,48.07,2287100,46.841198
2015-08-17,46.810001,47.93,46.32,47.849998,2992600,46.62682
2015-08-14,47.950001,48.689999,46.900002,47.00,5017500,45.79855
2015-08-13,48.91,49.66,47.799999,47.900002,6749200,46.675545
2015-08-12,47.639999,49.68,47.220001,49.209999,6701800,47.952056
2015-08-11,46.990002,47.93,46.450001,47.689999,6142400,46.47091
2015-08-10,46.599998,48.540001,46.330002,48.450001,10337000,47.211485
2015-08-07,46.139999,47.310001,45.549999,46.110001,6478300,44.931302
2015-08-06,44.389999,46.900002,43.040001,46.599998,6176500,45.408774
2015-08-05,46.02,46.799999,44.34,44.439999,5789800,43.303989
2015-08-04,45.919998,46.23,45.009998,45.349998,5332600,44.190727
2015-08-03,45.049999,46.419998,44.299999,45.27,6496800,44.112774
2015-07-31,46.470001,46.639999,45.700001,45.860001,5070100,44.687692
2015-07-30,46.580002,47.18,45.959999,46.48,4823200,45.291842
2015-07-29,46.34,47.59,46.07,46.790001,6760600,45.593919
2015-07-28,44.799999,47.07,44.290001,46.470001,7655300,45.2821
2015-07-27,44.279999,45.290001,43.84,44.509998,5824100,43.3722
2015-07-24,47.200001,47.25,45.029999,45.080002,4703400,43.927632
2015-07-23,47.34,47.50,46.32,47.349998,4511100,46.139602
2015-07-22,47.32,47.700001,46.619999,47.32,4780900,46.11037
2015-07-21,48.900002,49.439999,47.369999,47.529999,5201800,46.315001
2015-07-20,50.299999,50.540001,48.50,48.619999,5746700,47.377137
2015-07-17,52.25,52.25,50.57,50.639999,4859200,49.101894
2015-07-16,53.849998,53.900002,52.52,52.669998,2780900,51.070235
2015-07-15,54.119999,54.349998,53.119999,53.48,3972400,51.855634
2015-07-14,53.00,54.529999,52.82,54.389999,3263100,52.737994
2015-07-13,52.900002,53.439999,52.50,53.259998,2953400,51.642315
2015-07-10,54.220001,54.740002,52.790001,52.939999,3178700,51.332034
2015-07-09,54.599998,54.970001,53.82,53.830002,2442500,52.195005
2015-07-08,55.16,55.939999,53.110001,53.459999,2863900,51.836241
2015-07-07,55.16,55.990002,53.75,55.700001,3716200,54.008206
2015-07-06,55.66,56.689999,55.150002,55.50,2878600,53.81428
2015-07-02,56.200001,56.990002,56.110001,56.779999,2303100,55.055401
2015-07-01,57.639999,58.849998,55.82,56.080002,3080500,54.376665
2015-06-30,57.790001,57.959999,57.150002,57.630001,2885600,55.879586
2015-06-29,57.43,57.970001,56.900002,57.209999,3474200,55.472341
2015-06-26,57.830002,58.529999,57.240002,58.48,3806900,56.703767
2015-06-25,58.779999,59.00,57.610001,57.799999,2640700,56.044421
2015-06-24,58.900002,59.400002,58.50,58.709999,2996600,56.926781
2015-06-23,57.709999,58.93,57.50,58.849998,3594300,57.062528
2015-06-22,56.75,57.630001,56.200001,57.529999,3742800,55.782621
2015-06-19,57.07,57.439999,56.060001,56.540001,4779200,54.822693
2015-06-18,58.029999,58.400002,57.130001,57.23,2297300,55.491734
2015-06-17,59.669998,60.130001,57.50,57.669998,3356400,55.918368
2015-06-16,57.779999,59.09,57.700001,59.049999,2198300,57.256454
2015-06-15,57.560001,59.029999,57.41,57.970001,2773800,56.209259
2015-06-12,57.799999,58.27,57.490002,58.18,3502000,56.41288
2015-06-11,58.91,59.130001,57.720001,58.150002,2996900,56.383792
2015-06-10,59.509998,59.610001,58.59,58.959999,3907100,57.169187
2015-06-09,58.950001,59.400002,58.560001,58.57,3578200,56.791033
2015-06-08,59.009998,59.400002,57.73,58.209999,2857700,56.441967
2015-06-05,57.919998,59.669998,57.830002,59.349998,3539700,57.547341
2015-06-04,58.560001,58.75,58.009998,58.25,3108700,56.480753
2015-06-03,59.349998,60.009998,58.82,58.950001,2292600,57.159493
2015-06-02,59.50,59.91,58.669998,59.599998,3734400,57.789748
2015-06-01,59.889999,60.029999,58.68,58.869999,4232600,57.081921
2015-05-29,60.200001,60.549999,59.700001,59.84,4057800,58.02246
2015-05-28,60.529999,60.709999,58.830002,59.790001,4110800,57.973979
2015-05-27,61.290001,61.849998,59.779999,60.77,3257600,58.924213
2015-05-26,61.630001,61.93,60.82,61.41,2742300,59.544773
2015-05-22,61.610001,62.98,61.50,62.529999,2537300,60.630754
2015-05-21,62.080002,62.619999,61.610001,62.169998,2890500,60.281688
2015-05-20,62.450001,62.50,61.200001,61.610001,2678100,59.738699
2015-05-19,63.080002,63.32,62.029999,62.169998,2475100,60.281688
2015-05-18,63.279999,63.900002,62.900002,63.779999,2398600,61.842788
2015-05-15,62.34,63.91,62.099998,63.419998,3334400,61.493721
2015-05-14,62.93,63.549999,62.419998,62.630001,2777700,60.727719
2015-05-13,64.18,64.290001,62.259998,62.700001,3599400,60.795593
2015-05-12,63.490002,64.110001,63.259998,63.639999,3657500,61.70704
2015-05-11,65.449997,65.449997,63.119999,63.130001,4614800,61.212532
2015-05-08,65.739998,65.860001,64.07,65.540001,3391100,63.549333
2015-05-07,66.199997,66.220001,64.150002,65.080002,4798600,63.103305
2015-05-06,68.400002,69.129997,66.860001,67.339996,4411600,65.294656
2015-05-05,69.260002,70.139999,67.480003,67.940002,6024900,65.876438
2015-05-04,68.50,69.169998,67.870003,68.550003,3206400,66.467911
2015-05-01,68.440002,68.879997,67.120003,68.480003,2764800,66.400037
2015-04-30,68.910004,69.239998,67.25,68.400002,2921300,66.322465
2015-04-29,66.730003,68.800003,66.629997,68.559998,5288000,66.477602
2015-04-28,66.690002,67.300003,66.209999,66.790001,2272900,64.761366
2015-04-27,66.949997,67.32,66.449997,66.720001,2544700,64.693492
2015-04-24,67.889999,68.00,65.82,66.32,2972100,64.30564
2015-04-23,68.129997,69.239998,68.050003,68.349998,2252800,66.273981
2015-04-22,68.830002,69.00,67.089996,67.800003,3090900,65.740691
2015-04-21,70.669998,70.800003,68.220001,68.370003,2401600,66.293378
2015-04-20,70.400002,71.580002,70.260002,70.669998,2366100,68.523515
2015-04-17,70.220001,70.82,69.690002,70.379997,2799900,67.999915
2015-04-16,70.860001,71.769997,70.330002,70.809998,3321300,68.415374
2015-04-15,70.089996,71.870003,70.00,71.400002,4533400,68.985426
2015-04-14,68.00,69.949997,67.980003,69.809998,3333900,67.449192
2015-04-13,68.029999,68.279999,67.019997,67.510002,3271100,65.226977
2015-04-10,66.800003,68.169998,66.610001,67.839996,3526000,65.545811
2015-04-09,65.470001,67.00,65.410004,66.470001,3848900,64.222146
2015-04-08,65.980003,66.589996,64.860001,65.25,4311200,63.043402
2015-04-07,64.760002,66.580002,64.349998,65.440002,4024600,63.226979
2015-04-06,61.849998,65.00,61.599998,64.839996,4577500,62.647264
2015-04-02,60.23,61.59,60.139999,61.439999,2275900,59.362246
2015-04-01,60.93,61.610001,60.540001,60.630001,2448600,58.579641
2015-03-31,59.860001,60.82,59.75,60.330002,2740800,58.289787
2015-03-30,60.299999,61.18,59.970001,60.830002,3159900,58.772878
2015-03-27,59.299999,60.049999,58.880001,59.41,3373800,57.400897
2015-03-26,60.98,61.400002,59.580002,59.810001,3517100,57.787371
2015-03-25,59.639999,60.259998,58.880001,59.830002,3069100,57.806695
2015-03-24,58.91,59.25,58.209999,59.029999,3564600,57.033747
2015-03-23,59.57,60.439999,58.669998,58.68,3309100,56.695584
2015-03-20,60.16,61.200001,59.549999,59.549999,6723800,57.536162
2015-03-19,60.099998,60.630001,59.380001,59.880001,2816200,57.855004
2015-03-18,58.650002,61.93,58.18,61.50,3217300,59.420218
2015-03-17,59.52,59.759998,58.650002,59.09,2412500,57.091719
2015-03-16,58.75,67.00,57.57,59.830002,3817700,57.806695
2015-03-13,59.459999,59.52,58.200001,59.360001,3565500,57.352588
2015-03-12,61.529999,61.549999,60.07,60.169998,3322300,58.135194
2015-03-11,60.189999,61.459999,59.830002,61.16,3452500,59.091716
2015-03-10,60.52,61.27,60.150002,60.150002,3293700,58.115873
2015-03-09,63.029999,63.209999,61.400002,61.41,3258700,59.333262
2015-03-06,64.709999,65.449997,62.689999,63.130001,6164700,60.995097
2015-03-05,66.660004,66.660004,65.150002,65.43,3790500,63.217315
2015-03-04,66.540001,66.779999,65.50,66.529999,2986700,64.280115
2015-03-03,66.099998,67.300003,65.889999,66.720001,3388200,64.463692
2015-03-02,65.459999,65.860001,64.540001,65.790001,3882700,63.565142
2015-02-27,66.00,66.309998,65.419998,65.839996,4080000,63.613446
2015-02-26,67.190002,67.190002,65.269997,65.739998,3952900,63.51683
2015-02-25,67.050003,68.00,66.480003,67.830002,2746200,65.536155
2015-02-24,66.910004,67.419998,66.400002,66.910004,2785900,64.647269
2015-02-23,65.269997,66.440002,64.839996,66.220001,4102500,63.9806
2015-02-20,66.68,67.25,65.809998,66.220001,4509000,63.9806
2015-02-19,63.529999,66.790001,63.23,66.629997,5818000,64.376731
2015-02-18,65.800003,67.230003,65.43,65.75,6854400,63.526494
2015-02-17,66.50,66.839996,65.50,66.790001,4554900,64.531324
2015-02-13,65.860001,67.089996,65.160004,67.050003,5850600,64.782534
2015-02-12,65.980003,67.57,63.82,64.580002,7348200,62.396062
2015-02-11,64.75,65.010002,63.200001,64.75,6323500,62.560311
2015-02-10,66.900002,66.900002,64.029999,66.25,7653300,64.009585
2015-02-09,68.699997,69.019997,67.18,67.220001,4410100,64.946783
2015-02-06,68.629997,68.82,67.360001,68.330002,5016200,66.019246
2015-02-05,68.010002,69.07,67.589996,68.370003,3797900,66.057894
2015-02-04,66.68,68.239998,66.010002,67.309998,6044700,65.033736
2015-02-03,67.389999,68.43,67.050003,68.059998,5681000,65.758373
2015-02-02,64.029999,66.230003,63.68,66.230003,4331900,63.990264
2015-01-30,60.299999,63.07,59.860001,62.57,5588200,60.454033
2015-01-29,61.720001,61.990002,59.73,61.23,4088100,59.159349
2015-01-28,64.040001,64.040001,60.93,61.119999,5693400,59.053068
2015-01-27,64.00,65.32,63.41,64.589996,3329300,62.405718
2015-01-26,63.439999,64.860001,62.41,64.470001,3501200,62.289781
2015-01-23,63.439999,65.150002,62.810001,62.880001,5481000,60.753551
2015-01-22,62.689999,63.77,61.41,63.759998,4532300,61.603789
2015-01-21,60.880001,62.630001,60.27,62.32,2716200,60.212488
2015-01-20,61.00,61.200001,59.169998,60.16,4361300,58.125534
2015-01-16,60.599998,62.599998,60.310001,62.25,4769400,59.903309
2015-01-15,61.02,61.200001,59.560001,60.00,5434300,57.738129
2015-01-14,57.459999,59.68,57.439999,59.529999,4500100,57.285846
2015-01-13,58.630001,59.32,57.900002,58.459999,4045900,56.256183
2015-01-12,59.599998,59.599998,57.77,58.459999,4840600,56.256183
2015-01-09,61.330002,61.389999,59.810001,60.689999,3585100,58.402116
2015-01-08,59.389999,61.400002,58.709999,60.869999,3655900,58.575331
2015-01-07,60.310001,60.419998,57.91,58.599998,4612100,56.390904
2015-01-06,59.740002,61.23,58.73,59.259998,4549300,57.026024
2015-01-05,62.169998,62.509998,59.599998,59.91,4813200,57.651522
2015-01-02,62.18,64.260002,61.509998,63.830002,3364400,61.423748
2014-12-31,62.330002,63.459999,61.349998,62.669998,3145800,60.307474
2014-12-30,63.310001,63.73,62.380001,62.970001,2521700,60.596167
2014-12-29,64.459999,64.949997,63.25,63.639999,3403000,61.240908
2014-12-26,64.629997,64.959999,63.52,63.959999,1682700,61.548845
2014-12-24,64.620003,64.639999,62.900002,64.050003,2009800,61.635456
2014-12-23,64.400002,65.720001,64.120003,65.43,3659500,62.96343
2014-12-22,63.689999,64.349998,62.639999,63.740002,5468100,61.337141
2014-12-19,62.880001,64.919998,62.23,64.82,6796700,62.376425
2014-12-18,62.32,62.599998,59.560001,62.150002,7964500,59.80708
2014-12-17,57.139999,61.139999,56.98,60.200001,6590200,57.93059
2014-12-16,54.34,59.09,54.34,56.709999,6710700,54.572154
2014-12-15,57.009998,57.459999,55.080002,55.200001,9217400,53.119079
2014-12-12,56.099998,57.970001,55.799999,56.439999,8017100,54.312332
2014-12-11,57.57,58.939999,56.860001,57.040001,5949000,54.889715
2014-12-10,57.419998,58.619999,56.799999,57.779999,10394300,55.601817
2014-12-09,57.099998,59.32,56.66,58.84,8808600,56.621859
2014-12-08,60.860001,60.900002,57.299999,57.43,7954600,55.265013
2014-12-05,62.490002,62.860001,60.119999,61.639999,7447300,59.316304
2014-12-04,63.360001,64.190002,62.779999,63.25,5596600,60.865611
2014-12-03,63.59,65.580002,63.119999,64.300003,6206500,61.876031
2014-12-02,62.639999,64.410004,62.639999,63.110001,7966700,60.730889
2014-12-01,63.41,63.93,62.00,63.810001,7309000,61.404501
2014-11-28,68.339996,68.389999,63.73,64.089996,5685100,61.673941
2014-11-26,73.089996,73.220001,71.949997,72.239998,2976300,69.516705
2014-11-25,76.00,76.150002,73.199997,73.360001,3868900,70.594486
2014-11-24,75.449997,75.93,74.440002,75.809998,5173500,72.952124
2014-11-21,75.800003,76.309998,74.730003,75.699997,4970700,72.84627
2014-11-20,72.239998,74.389999,71.919998,74.239998,4667500,71.441309
2014-11-19,72.400002,72.400002,71.410004,72.050003,4645100,69.333873
2014-11-18,71.790001,72.68,71.209999,72.07,3275100,69.353116
2014-11-17,73.00,73.019997,71.589996,72.089996,4765600,69.372358
2014-11-14,72.309998,73.639999,71.550003,73.349998,4153500,70.584861
2014-11-13,73.300003,73.57,70.940002,72.07,4141500,69.353116
2014-11-12,74.989998,75.360001,73.650002,73.699997,2730100,70.921665
2014-11-11,75.389999,75.720001,74.110001,75.410004,2557200,72.567209
2014-11-10,77.169998,77.57,74.559998,75.099998,3840500,72.26889
2014-11-07,75.800003,76.699997,75.160004,76.519997,4094100,73.635357
2014-11-06,73.980003,75.480003,72.739998,75.440002,4763900,72.596076
2014-11-05,75.660004,76.160004,74.269997,75.559998,3964700,72.711548
2014-11-04,75.419998,76.00,73.580002,74.209999,5463100,71.412442
2014-11-03,78.019997,78.650002,76.160004,76.400002,5192300,73.519886
2014-10-31,75.889999,77.279999,74.589996,77.199997,3613500,74.289723
2014-10-30,75.349998,76.400002,74.589996,75.809998,2754200,72.952124
2014-10-29,75.959999,77.230003,75.690002,76.389999,3288700,73.510261
2014-10-28,73.57,75.690002,72.900002,75.239998,4255700,72.403612
2014-10-27,74.519997,74.519997,72.470001,73.050003,4162700,70.296175
2014-10-24,75.839996,76.110001,74.589996,75.809998,2237800,72.952124
2014-10-23,74.809998,76.870003,74.629997,76.080002,4556800,73.211949
2014-10-22,75.480003,76.269997,73.82,73.870003,3857600,71.085262
2014-10-21,73.610001,75.650002,73.540001,75.529999,4278800,72.68268
2014-10-20,73.050003,73.32,71.760002,72.93,4547800,70.180696
2014-10-17,74.400002,75.309998,72.720001,72.849998,6391600,69.863135
2014-10-16,70.830002,74.529999,70.660004,73.230003,6222800,70.227559
2014-10-15,72.510002,72.889999,69.279999,72.669998,10104700,69.690515
2014-10-14,76.410004,77.269997,74.139999,74.400002,4403600,71.349588
2014-10-13,79.900002,80.720001,75.830002,75.93,5008100,72.816856
2014-10-10,81.480003,82.139999,79.309998,79.910004,4893200,76.633679
2014-10-09,84.800003,85.190002,81.790001,81.879997,3215200,78.522902
2014-10-08,83.769997,85.459999,82.970001,85.43,3927100,81.927354
2014-10-07,85.459999,86.550003,84.150002,84.209999,3126000,80.757373
2014-10-06,87.410004,87.410004,85.760002,86.190002,6632400,82.656196
2014-10-03,88.769997,89.059998,86.769997,86.949997,4516600,83.385031
2014-10-02,90.059998,90.129997,87.68,88.739998,5087400,85.101641
2014-10-01,93.589996,93.870003,90.769997,91.050003,4988000,87.316936
2014-09-30,94.410004,94.669998,92.839996,93.870003,3647300,90.021315
2014-09-29,93.330002,94.919998,92.980003,94.68,1823800,90.798103
2014-09-26,93.360001,95.169998,92.949997,94.620003,1507700,90.740565
2014-09-25,95.029999,95.139999,93.309998,93.309998,1892600,89.48427
2014-09-24,94.389999,95.529999,92.900002,94.849998,2817000,90.961131
2014-09-23,94.470001,95.970001,94.300003,95.059998,1647700,91.16252
2014-09-22,96.089996,96.419998,94.25,94.519997,2598500,90.644659
2014-09-19,97.550003,97.970001,96.510002,96.510002,2566000,92.553074
2014-09-18,97.879997,98.269997,96.540001,97.010002,1908700,93.032574
2014-09-17,98.269997,98.57,97.330002,97.50,3594900,93.502482
2014-09-16,97.269997,98.75,97.129997,97.82,2294600,93.809361
2014-09-15,95.919998,97.32,95.220001,97.120003,1858900,93.138064
2014-09-12,97.25,97.50,96.080002,96.239998,1621600,92.29414
2014-09-11,96.099998,97.669998,95.809998,97.629997,2088500,93.627149
2014-09-10,96.739998,97.360001,95.910004,97.279999,2609000,93.291501
2014-09-09,97.900002,98.589996,96.639999,97.110001,2749400,93.128472
2014-09-08,98.800003,98.860001,97.349998,97.93,2198600,93.914852
2014-09-05,98.260002,99.699997,98.260002,99.529999,2535200,95.44925
2014-09-04,100.209999,100.870003,98.099998,98.760002,2218300,94.710824
2014-09-03,101.330002,102.00,100.260002,100.360001,2137500,96.245222
2014-09-02,101.82,101.910004,99.559998,100.160004,2349900,96.053425
2014-08-29,100.809998,102.029999,100.809998,101.830002,3026100,97.654953
2014-08-28,101.449997,101.870003,101.040001,101.370003,2164000,97.213814
2014-08-27,101.660004,102.290001,101.019997,101.529999,1643100,97.36725
2014-08-26,101.50,102.550003,101.410004,101.550003,2037200,97.386434
2014-08-25,100.120003,101.660004,100.029999,101.43,1757600,97.271351
2014-08-22,100.949997,100.949997,99.709999,99.82,1657000,95.727361
2014-08-21,100.019997,101.419998,99.559998,101.129997,1883500,96.983648
2014-08-20,99.339996,100.470001,98.650002,100.339996,2446900,96.226038
2014-08-19,98.830002,99.889999,98.830002,99.269997,2441600,95.199908
2014-08-18,99.309998,99.870003,97.599998,98.50,2694500,94.461482
2014-08-15,98.440002,99.110001,97.870003,98.68,3567800,94.634102
2014-08-14,99.050003,99.339996,97.68,97.940002,2861700,93.924444
2014-08-13,98.790001,100.00,98.290001,98.599998,2302300,94.55738
2014-08-12,99.580002,99.860001,98.00,98.470001,2691100,94.432713
2014-08-11,100.400002,101.110001,99.709999,99.870003,1887500,95.775314
2014-08-08,98.989998,100.699997,98.639999,100.379997,1895300,96.264399
2014-08-07,100.440002,100.660004,97.910004,98.57,2902600,94.528611
2014-08-06,98.910004,101.669998,98.879997,99.949997,2386600,95.852028
2014-08-05,101.709999,101.709999,98.449997,99.379997,4064700,95.305399
2014-08-04,99.879997,102.599998,99.699997,102.290001,3956800,98.096092
2014-08-01,102.349998,102.690002,99.75,100.32,4280200,96.206861
2014-07-31,103.080002,104.57,101.900002,102.660004,6190300,98.450924
2014-07-30,102.190002,102.650002,100.75,101.290001,2321300,97.137092
2014-07-29,100.989998,101.959999,100.709999,101.32,1934600,97.165861
2014-07-28,101.389999,101.940002,100.639999,101.269997,1803300,97.117908
2014-07-25,102.239998,103.440002,101.160004,101.849998,1317300,97.674129
2014-07-24,103.360001,103.370003,102.379997,102.599998,3707600,98.393379
2014-07-23,102.980003,103.510002,101.470001,103.480003,3969900,99.237304
2014-07-22,103.720001,104.00,102.220001,103.120003,5865300,98.892063
2014-07-21,98.419998,98.690002,97.809998,98.559998,1441500,94.519019
2014-07-18,99.040001,99.239998,98.199997,98.580002,2143500,94.538203
2014-07-17,100.00,101.50,98.809998,98.910004,2912600,94.614923
2014-07-16,98.50,99.900002,98.459999,99.870003,2525900,95.533235
2014-07-15,97.989998,98.800003,97.32,97.940002,2603200,93.687043
2014-07-14,97.93,98.910004,97.919998,98.550003,1949200,94.270555
2014-07-11,98.720001,99.089996,97.370003,97.400002,2191900,93.170491
2014-07-10,98.419998,99.620003,97.879997,99.220001,2203000,94.911459
2014-07-09,98.50,99.75,98.470001,99.650002,1952700,95.322787
2014-07-08,98.589996,99.43,98.290001,98.459999,2621500,94.184459
2014-07-07,100.459999,100.459999,98.830002,99.050003,1945100,94.748843
2014-07-03,99.849998,100.220001,99.400002,100.029999,1086200,95.686283
2014-07-02,100.00,100.50,99.400002,99.849998,2020000,95.514099
2014-07-01,100.949997,101.440002,100.139999,100.510002,1955000,96.145443
2014-06-30,99.809998,101.980003,99.690002,100.620003,3727800,96.250667
2014-06-27,99.470001,99.849998,98.959999,99.760002,2011800,95.428011
2014-06-26,99.610001,99.699997,98.720001,99.690002,1947700,95.361051
2014-06-25,99.099998,99.550003,98.190002,99.379997,3205600,95.064507
2014-06-24,101.620003,101.720001,98.510002,98.849998,3273100,94.557523
2014-06-23,101.480003,102.339996,101.00,101.599998,3984800,97.188107
2014-06-20,100.190002,100.839996,99.730003,100.690002,4327900,96.317627
2014-06-19,99.129997,100.400002,98.980003,100.019997,3091000,95.676715
2014-06-18,98.040001,99.720001,97.900002,99.599998,3067200,95.274955
2014-06-17,97.739998,98.260002,97.32,98.00,3183000,93.744435
2014-06-16,97.900002,98.269997,97.519997,98.199997,2465800,93.935748
2014-06-13,96.870003,97.739998,96.510002,97.660004,2778300,93.419203
2014-06-12,95.779999,97.150002,95.75,96.309998,3204700,92.12782
2014-06-11,94.68,95.599998,94.510002,95.410004,2331300,91.266907
2014-06-10,94.459999,95.169998,94.160004,95.050003,2533300,90.922539
2014-06-09,94.290001,95.610001,93.889999,94.650002,4058700,90.539908
2014-06-06,92.849998,94.790001,92.75,94.309998,4109500,90.214668
2014-06-05,92.68,93.360001,92.309998,93.169998,1914200,89.124172
2014-06-04,91.93,92.860001,91.93,92.50,2189900,88.483268
2014-06-03,92.190002,92.519997,91.529999,92.00,3466400,88.00498
2014-06-02,93.089996,93.330002,92.43,92.639999,1865500,88.617188
2014-05-30,92.589996,93.400002,92.220001,93.220001,3762300,89.172004
2014-05-29,91.949997,93.239998,91.720001,93.059998,4409600,89.018948
2014-05-28,90.620003,91.959999,90.620003,91.760002,4467200,87.775404
2014-05-27,90.360001,90.790001,89.769997,90.360001,1929600,86.436196
2014-05-23,90.330002,90.610001,90.059998,90.18,3204100,86.264012
2014-05-22,90.260002,90.800003,89.860001,90.339996,2098500,86.417061
2014-05-21,90.040001,90.379997,89.440002,90.290001,1740100,86.369236
2014-05-20,89.00,90.300003,88.949997,89.730003,2314200,85.833556
2014-05-19,88.339996,89.849998,88.209999,89.330002,3648800,85.450924
2014-05-16,88.839996,89.150002,88.00,88.779999,4009900,84.924805
2014-05-15,89.860001,89.860001,88.18,88.919998,3450500,85.058725
2014-05-14,90.050003,90.32,89.790001,89.870003,2701000,85.967476
2014-05-13,90.309998,90.690002,89.809998,90.019997,2214000,86.110957
2014-05-12,89.199997,90.099998,88.900002,90.040001,3362000,86.130092
2014-05-09,88.50,89.589996,87.839996,88.889999,4973300,85.030029
2014-05-08,88.580002,89.970001,86.830002,88.029999,3996400,84.207373
2014-05-07,87.050003,88.129997,86.57,87.760002,3872400,83.9491
2014-05-06,87.019997,87.589996,86.419998,86.419998,3547500,82.667285
2014-05-05,86.529999,87.25,86.330002,86.959999,2573300,83.183837
2014-05-02,87.00,87.82,86.769997,86.959999,1834000,83.183837
2014-05-01,86.769997,87.230003,86.360001,87.040001,3636200,83.260365
2014-04-30,87.25,87.440002,86.449997,86.800003,3681300,83.030788
2014-04-29,87.50,88.690002,87.470001,87.830002,2486600,84.01606
2014-04-28,87.370003,87.550003,86.089996,86.809998,2862000,83.040349
2014-04-25,87.459999,87.870003,86.43,87.279999,3530400,83.489941
2014-04-24,87.790001,88.389999,87.379997,87.959999,2631400,84.140413
2014-04-23,86.139999,88.32,86.099998,87.580002,5507200,83.776916
2014-04-22,85.379997,86.400002,84.779999,86.199997,3000900,82.456837
2014-04-21,85.00,85.82,84.75,85.800003,3190400,82.074213
2014-04-17,83.970001,85.190002,83.739998,85.110001,4798000,81.414173
2014-04-16,84.089996,84.690002,83.160004,84.169998,3400800,80.275848
2014-04-15,82.650002,83.809998,82.239998,83.330002,3773900,79.474714
2014-04-14,82.919998,83.00,81.870003,82.57,3017600,78.749874
2014-04-11,82.43,83.110001,81.900002,82.089996,2919200,78.292078
2014-04-10,83.239998,84.080002,82.720001,82.720001,3384900,78.892935
2014-04-09,84.629997,84.75,82.589996,83.650002,4315200,79.779909
2014-04-08,84.43,85.50,84.00,85.18,2978100,81.239122
2014-04-07,85.00,85.190002,83.830002,84.089996,3069500,80.199547
2014-04-04,85.849998,86.32,85.160004,85.470001,3031600,81.515706
2014-04-03,84.309998,85.410004,84.199997,85.360001,2834600,81.410794
2014-04-02,83.470001,84.480003,83.269997,84.230003,2001200,80.333077
2014-04-01,82.790001,83.82,82.699997,83.760002,3550800,79.88482
2014-03-31,83.839996,83.900002,82.400002,82.949997,2506700,79.11229
2014-03-28,82.330002,83.360001,82.040001,83.019997,3210100,79.179051
2014-03-27,81.580002,82.480003,81.169998,82.080002,2516100,78.282546
2014-03-26,82.239998,82.489998,81.389999,81.459999,2575000,77.691227
2014-03-25,81.32,81.989998,81.209999,81.93,3133400,78.139484
2014-03-24,80.889999,81.389999,80.629997,80.769997,2203900,77.033148
2014-03-21,80.660004,81.389999,80.290001,80.709999,4360500,76.975926
2014-03-20,79.330002,80.209999,78.839996,80.050003,1806000,76.346465
2014-03-19,80.160004,80.239998,79.00,79.330002,1945500,75.659775
2014-03-18,79.349998,80.480003,79.230003,80.040001,2447800,76.336926
2014-03-17,79.50,79.760002,79.00,79.370003,1569400,75.697925
2014-03-14,79.029999,79.360001,78.400002,79.230003,2448600,75.564403
2014-03-13,79.220001,79.580002,78.580002,78.989998,2519500,75.335502
2014-03-12,78.940002,79.669998,78.699997,79.190002,2445000,75.526253
2014-03-11,80.489998,81.260002,79.360001,79.550003,2187700,75.869598
2014-03-10,79.849998,80.610001,79.550003,80.50,2781800,76.775643
2014-03-07,79.980003,80.260002,79.599998,80.050003,2125700,76.346465
2014-03-06,79.040001,79.849998,78.760002,79.519997,3457900,75.84098
2014-03-05,80.169998,80.370003,78.830002,79.010002,3976200,75.35458
2014-03-04,80.239998,80.769997,79.510002,80.480003,3578500,76.756572
2014-03-03,79.00,80.779999,78.980003,79.860001,4064800,76.165253
2014-02-28,79.709999,80.139999,79.050003,79.290001,5018700,75.621625
2014-02-27,79.610001,79.849998,79.080002,79.589996,4270800,75.907741
2014-02-26,83.010002,83.099998,79.779999,79.82,6759500,76.127103
2014-02-25,84.059998,84.059998,82.239998,83.089996,3982600,79.245812
2014-02-24,85.010002,85.830002,84.25,84.330002,3861200,80.428449
2014-02-21,84.910004,85.949997,84.529999,84.559998,3571100,80.647804
2014-02-20,84.169998,84.580002,83.739998,84.360001,2835100,80.45706
2014-02-19,83.260002,85.290001,82.809998,84.07,3748800,80.180476
2014-02-18,83.419998,83.760002,82.529999,83.32,3364600,79.465175
2014-02-14,81.150002,83.82,81.050003,83.389999,4383600,79.531936
2014-02-13,79.529999,81.169998,78.529999,80.959999,5583300,77.21436
2014-02-12,81.779999,81.980003,81.099998,81.279999,2317900,77.519555
2014-02-11,80.080002,81.800003,79.18,81.379997,2873900,77.614927
2014-02-10,81.459999,81.589996,80.279999,80.75,2164300,77.014077
2014-02-07,80.459999,81.620003,80.260002,81.400002,3512500,77.634006
2014-02-06,78.330002,80.089996,78.290001,79.919998,2431600,76.222475
2014-02-05,78.690002,78.830002,77.309998,78.019997,3694500,74.410378
2014-02-04,79.239998,79.550003,78.459999,78.50,3155300,74.868174
2014-02-03,80.260002,80.629997,78.690002,78.730003,3194400,75.087536
2014-01-31,80.300003,80.949997,79.839996,80.260002,2425500,76.546749
2014-01-30,81.690002,81.699997,80.669998,81.279999,1453300,77.519555
2014-01-29,81.330002,81.910004,80.800003,81.019997,2009800,77.271582
2014-01-28,81.019997,82.629997,81.00,81.989998,2213400,78.196706
2014-01-27,81.93,82.00,80.620003,81.18,3540800,77.424183
2014-01-24,83.400002,83.550003,82.129997,82.419998,3191400,78.606812
2014-01-23,84.169998,84.739998,83.230003,83.589996,2154400,79.72268
2014-01-22,84.760002,85.220001,83.360001,84.529999,2444800,80.619193
2014-01-21,84.779999,85.230003,84.309998,84.489998,2090700,80.581042
2014-01-17,85.900002,85.900002,84.279999,84.309998,2859100,80.40937
2014-01-16,84.25,85.949997,83.75,85.900002,3187600,81.735065
2014-01-15,85.849998,86.040001,84.260002,84.440002,2970000,80.345855
2014-01-14,84.50,85.82,84.50,85.690002,3453700,81.535248
2014-01-13,85.949997,86.410004,84.059998,84.290001,2583800,80.203126
2014-01-10,85.949997,86.459999,85.639999,86.199997,2389200,82.020515
2014-01-09,86.489998,87.00,85.43,86.089996,2141900,81.915848
2014-01-08,87.559998,87.580002,86.360001,86.650002,2712800,82.4487
2014-01-07,86.419998,87.910004,86.129997,87.900002,2812300,83.638093
2014-01-06,85.760002,86.470001,85.120003,86.309998,2316000,82.125182
2014-01-03,85.800003,86.730003,85.379997,85.540001,2259400,81.392519
2014-01-02,85.82,85.970001,85.160004,85.480003,2565400,81.335431
2013-12-31,86.150002,86.419998,85.50,85.940002,2331100,81.773126
2013-12-30,87.160004,87.830002,86.110001,86.160004,1635100,81.98246
2013-12-27,86.389999,87.040001,85.879997,86.68,1501400,82.477245
2013-12-26,86.50,86.75,85.900002,86.309998,1232100,82.125182
2013-12-24,86.099998,86.480003,85.809998,86.209999,822100,82.030032
2013-12-23,87.040001,87.629997,85.870003,85.959999,2217600,81.792153
2013-12-20,86.440002,87.150002,86.410004,86.410004,2967700,82.220339
2013-12-19,85.540001,86.800003,85.339996,86.589996,2217500,82.391605
2013-12-18,85.349998,86.00,84.150002,85.870003,2366100,81.706521
2013-12-17,85.690002,85.970001,85.239998,85.279999,3413100,81.145123
2013-12-16,86.129997,86.839996,85.650002,86.139999,2634300,81.963426
2013-12-13,85.779999,86.50,85.300003,86.160004,2618400,81.98246
2013-12-12,85.760002,86.480003,85.07,86.029999,3522200,81.858759
2013-12-11,87.879997,88.199997,86.139999,86.419998,2539200,82.229849
2013-12-10,88.550003,89.510002,87.68,87.879997,2483900,83.619059
2013-12-09,89.089996,90.029999,88.239998,88.980003,2662600,84.66573
2013-12-06,90.940002,91.050003,88.949997,89.019997,2363400,84.703784
2013-12-05,89.519997,90.82,89.110001,89.839996,2759200,85.484025
2013-12-04,90.650002,91.269997,89.540001,89.889999,2148200,85.531604
2013-12-03,91.279999,91.339996,89.900002,90.559998,2843900,86.169117
2013-12-02,91.220001,91.849998,90.699997,91.199997,2066800,86.778085
2013-11-29,91.940002,92.279999,90.870003,91.489998,1178300,87.054025
2013-11-27,93.419998,93.730003,91.510002,92.040001,2586400,87.577361
2013-11-26,93.239998,94.550003,92.669998,93.739998,2588600,89.194932
2013-11-25,93.849998,94.07,92.150002,93.239998,2012500,88.719175
2013-11-22,93.989998,94.769997,93.410004,94.419998,2104500,89.841962
2013-11-21,93.489998,94.839996,93.489998,93.989998,2546200,89.432811
2013-11-20,93.419998,93.989998,92.779999,93.18,2536700,88.662086
2013-11-19,91.830002,93.220001,91.620003,93.010002,3316900,88.500331
2013-11-18,91.419998,93.199997,91.419998,91.989998,2559900,87.529782
2013-11-15,92.260002,92.839996,91.599998,92.50,2634100,88.015057
2013-11-14,90.760002,92.440002,90.419998,92.129997,2914400,87.662994
2013-11-13,89.129997,90.889999,88.839996,90.849998,2395500,86.445057
2013-11-12,89.839996,90.110001,89.029999,89.709999,3456100,85.360331
2013-11-11,90.00,90.169998,89.419998,89.790001,2142900,85.436454
2013-11-08,88.779999,89.900002,88.589996,89.800003,3248100,85.445971
2013-11-07,89.370003,91.099998,88.129997,88.589996,4677800,84.294633
2013-11-06,89.50,89.889999,87.730003,88.449997,3189700,84.161421
2013-11-05,90.089996,90.089996,89.019997,89.129997,2527300,84.808451
2013-11-04,89.589996,90.400002,89.25,90.349998,1772800,85.9693
2013-11-01,88.889999,89.699997,88.349998,89.239998,2323200,84.913118
2013-10-31,89.110001,89.970001,88.529999,88.800003,1951800,84.494457
2013-10-30,90.639999,91.18,88.209999,88.93,2157700,84.618151
2013-10-29,90.550003,91.209999,90.410004,90.849998,1563900,86.445057
2013-10-28,90.529999,90.720001,90.00,90.360001,1757600,85.978817
2013-10-25,90.110001,90.529999,89.769997,90.449997,1705600,86.06445
2013-10-24,88.730003,90.239998,88.470001,89.769997,2026000,85.41742
2013-10-23,89.260002,89.589996,88.089996,88.739998,1981200,84.437361
2013-10-22,89.849998,90.599998,89.209999,89.699997,1799200,85.350814
2013-10-21,90.599998,91.129997,88.809998,89.589996,3557700,85.246147
2013-10-18,90.769997,91.650002,90.57,91.260002,2761400,86.835181
2013-10-17,90.00,90.639999,89.68,90.57,2231400,85.98833
2013-10-16,89.00,90.739998,89.00,90.230003,2965800,85.665533
2013-10-15,88.519997,89.589996,88.18,88.730003,2721700,84.241414
2013-10-14,87.239998,89.330002,87.129997,88.620003,1608600,84.136978
2013-10-11,86.879997,88.309998,86.800003,87.949997,1764400,83.500865
2013-10-10,86.620003,87.68,86.440002,87.620003,2005800,83.187565
2013-10-09,86.419998,86.480003,84.949997,85.919998,2162300,81.573558
2013-10-08,87.040001,87.449997,85.980003,86.099998,2614700,81.744453
2013-10-07,86.040001,87.160004,85.629997,86.82,1910500,82.428031
2013-10-04,85.559998,87.290001,85.360001,87.00,1982800,82.598926
2013-10-03,86.080002,86.459999,85.279999,85.629997,1662000,81.298228
2013-10-02,85.959999,86.459999,84.970001,86.07,2725300,81.715972
2013-10-01,84.760002,86.839996,84.760002,86.470001,2491700,82.095738
2013-09-30,85.43,85.589996,84.75,85.139999,2061300,80.833017
2013-09-27,86.239998,86.900002,86.059998,86.25,1849900,81.886866
2013-09-26,86.919998,87.00,86.029999,86.489998,2030300,82.114723
2013-09-25,87.279999,87.550003,86.589996,86.629997,2203500,82.247641
2013-09-24,87.50,87.879997,86.57,87.00,2072100,82.598926
2013-09-23,87.50,87.82,87.00,87.370003,1810800,82.950211
2013-09-20,88.540001,88.610001,87.599998,87.849998,4749900,83.405926
2013-09-19,89.00,89.110001,88.050003,88.470001,1658700,83.994564
2013-09-18,88.050003,89.169998,87.440002,88.93,2608000,84.431293
2013-09-17,87.82,88.739998,87.550003,88.25,3331200,83.785692
2013-09-16,87.779999,87.860001,86.910004,87.00,2793000,82.598926
2013-09-13,87.080002,87.419998,86.43,86.809998,1932800,82.418535
2013-09-12,87.029999,87.629997,86.760002,87.199997,2334100,82.788806
2013-09-11,86.620003,87.230003,86.230003,87.029999,3094800,82.627407
2013-09-10,87.650002,87.760002,86.849998,87.260002,3453300,82.845775
2013-09-09,86.059998,87.029999,86.010002,86.660004,2411800,82.276129
2013-09-06,86.190002,87.169998,85.809998,86.510002,2794200,82.133716
2013-09-05,85.980003,86.730003,85.760002,86.190002,3765300,81.829904
2013-09-04,84.559998,86.00,84.50,85.529999,3669500,81.203288
2013-09-03,86.50,86.690002,84.410004,84.790001,4539500,80.500724
2013-08-30,84.860001,85.989998,84.150002,85.68,13946800,81.345701
2013-08-29,78.910004,79.050003,78.419998,78.639999,1737300,74.661833
2013-08-28,78.720001,80.309998,78.639999,79.169998,2377800,75.165021
2013-08-27,78.220001,79.230003,78.160004,78.57,2879700,74.595375
2013-08-26,79.949997,80.800003,79.690002,79.730003,2306300,75.696697
2013-08-23,79.279999,79.919998,78.400002,79.800003,2466000,75.763156
2013-08-22,77.470001,79.339996,77.160004,78.989998,2402200,74.994126
2013-08-21,76.489998,77.870003,76.300003,77.220001,4464500,73.313669
2013-08-20,75.800003,76.989998,75.07,76.269997,4362300,72.411722
2013-08-19,78.419998,78.449997,75.279999,75.370003,6771700,71.557256
2013-08-16,80.050003,80.18,78.830002,78.989998,3453300,74.994126
2013-08-15,80.339996,80.419998,79.559998,80.269997,2642300,76.209374
2013-08-14,82.410004,82.559998,80.720001,80.739998,3349600,76.655599
2013-08-13,82.870003,83.00,82.139999,82.510002,1837100,78.336064
2013-08-12,82.559998,83.370003,82.400002,82.699997,1369100,78.516447
2013-08-09,83.040001,83.510002,82.379997,83.199997,1845200,78.991154
2013-08-08,82.00,83.510002,81.919998,83.18,2332000,78.972169
2013-08-07,82.120003,82.540001,81.349998,81.940002,3248600,77.794899
2013-08-06,82.290001,82.489998,81.620003,82.260002,3302600,78.098711
2013-08-05,81.970001,82.480003,81.459999,82.309998,2438000,78.146177
2013-08-02,81.25,82.290001,80.889999,82.00,3843100,77.851861
2013-08-01,81.849998,82.330002,80.519997,81.68,2916200,77.548049
2013-07-31,80.769997,81.949997,80.25,80.25,3034300,76.190389
2013-07-30,81.00,81.050003,79.989998,80.580002,2333500,76.503697
2013-07-29,81.800003,81.919998,80.489998,81.150002,2458500,77.044862
2013-07-26,82.290001,82.410004,81.730003,82.059998,1880800,77.908824
2013-07-25,82.540001,83.309998,81.900002,82.769997,2184700,78.582906
2013-07-24,83.309998,83.559998,81.860001,82.510002,2298500,78.336064
2013-07-23,83.889999,84.150002,83.300003,83.57,1917300,79.342439
2013-07-22,84.900002,84.970001,83.709999,83.900002,3147200,79.655747
2013-07-19,85.25,85.410004,83.889999,84.980003,5977400,80.681115
2013-07-18,82.510002,83.68,82.470001,83.599998,2929400,79.37092
2013-07-17,82.059998,82.519997,81.800003,82.510002,2763000,78.146181
2013-07-16,82.959999,83.220001,81.449997,82.029999,2830800,77.691564
2013-07-15,82.389999,83.209999,82.129997,82.970001,2733400,78.581851
2013-07-12,81.57,82.57,81.449997,82.410004,2286100,78.051471
2013-07-11,80.949997,81.940002,80.07,81.690002,4688100,77.369549
2013-07-10,81.400002,81.43,80.129997,80.330002,4649600,76.081477
2013-07-09,81.870003,82.190002,80.75,81.459999,3758600,77.151711
2013-07-08,82.519997,82.879997,81.32,81.449997,3257900,77.142237
2013-07-05,81.769997,83.010002,81.279999,82.169998,5102300,77.824159
2013-07-03,81.769997,81.93,79.50,80.230003,5293200,75.986767
2013-07-02,83.220001,84.330002,81.470001,82.129997,5069700,77.786274
2013-07-01,84.209999,84.32,83.029999,83.300003,4718400,78.8944
2013-06-28,83.610001,84.589996,83.290001,83.830002,3273100,79.396368
2013-06-27,83.550003,84.220001,83.300003,84.059998,2605600,79.614199
2013-06-26,83.209999,83.589996,82.849998,83.169998,2421500,78.771271
2013-06-25,82.870003,83.120003,82.300003,82.639999,3147400,78.269303
2013-06-24,83.720001,84.269997,81.669998,82.18,4594700,77.833632
2013-06-21,85.559998,85.639999,84.449997,85.040001,4977300,80.542372
2013-06-20,85.610001,85.849998,84.199997,84.93,4891000,80.438189
2013-06-19,87.230003,87.57,86.57,86.57,3405800,81.991451
2013-06-18,86.449997,87.57,86.260002,87.120003,2980400,82.512366
2013-06-17,85.339996,86.919998,85.290001,86.519997,3371800,81.944093
2013-06-14,85.440002,85.610001,84.489998,84.889999,2514400,80.400304
2013-06-13,84.139999,85.239998,83.900002,85.120003,2531000,80.618143
2013-06-12,85.00,85.360001,84.260002,84.449997,5127500,79.983572
2013-06-11,84.580002,84.93,84.150002,84.400002,3810600,79.936221
2013-06-10,84.93,85.82,84.370003,85.610001,3812800,81.082225
2013-06-07,85.75,86.099998,84.589996,84.730003,4017500,80.24877
2013-06-06,85.00,85.860001,84.220001,85.800003,3539900,81.262179
2013-06-05,84.989998,86.309998,84.68,84.739998,4577800,80.258236
2013-06-04,84.129997,84.919998,83.50,84.349998,2648600,79.888863
2013-06-03,82.709999,84.580002,82.120003,84.57,5404500,80.097228
2013-05-31,84.400002,85.290001,82.089996,82.129997,3875100,77.786274
2013-05-30,83.910004,85.150002,83.110001,84.75,3585100,80.267709
2013-05-29,81.709999,85.139999,81.540001,84.290001,4128500,79.832038
2013-05-28,82.709999,83.199997,81.410004,82.389999,3051700,78.032525
2013-05-24,81.449997,81.860001,80.970001,81.660004,1873100,77.341137
2013-05-23,81.269997,81.879997,80.739998,81.849998,4890200,77.521084
2013-05-22,84.330002,85.519997,83.120003,83.370003,3961000,78.960697
2013-05-21,83.959999,84.860001,83.68,84.360001,3206600,79.898336
2013-05-20,81.300003,84.199997,81.230003,84.080002,4728900,79.633146
2013-05-17,81.029999,81.690002,80.550003,81.300003,4376200,77.000177
2013-05-16,81.900002,81.940002,80.879997,80.889999,3029500,76.611857
2013-05-15,82.730003,82.809998,80.849998,81.889999,3303100,77.558969
2013-05-14,83.410004,83.800003,82.610001,83.029999,3521500,78.638676
2013-05-13,81.839996,83.50,81.839996,83.279999,4690000,78.875453
2013-05-10,81.07,83.410004,80.620003,83.330002,5826600,78.922812
2013-05-09,78.510002,81.849998,78.510002,81.470001,9767700,77.161184
2013-05-08,76.800003,77.830002,76.099998,77.760002,3702000,73.647401
2013-05-07,76.510002,77.580002,76.309998,76.699997,2844000,72.643457
2013-05-06,75.25,76.339996,75.010002,76.019997,2210800,71.999421
2013-05-03,74.300003,75.910004,74.300003,75.239998,2591500,71.260675
2013-05-02,73.68,73.970001,72.510002,73.800003,2391800,69.896839
2013-05-01,73.449997,73.879997,72.529999,73.419998,3278700,69.536932
2013-04-30,73.550003,73.940002,72.410004,73.879997,3337100,69.972603
2013-04-29,72.629997,73.669998,71.709999,73.160004,2172100,69.290689
2013-04-26,72.57,72.690002,71.400002,72.269997,2106200,68.447753
2013-04-25,71.610001,73.260002,71.120003,72.480003,3698600,68.646652
2013-04-24,70.82,71.489998,70.519997,71.339996,3159100,67.566939
2013-04-23,69.50,70.769997,69.169998,70.459999,3528400,66.733483
2013-04-22,69.120003,69.449997,67.910004,69.209999,3213200,65.549593
2013-04-19,71.25,71.300003,68.57,68.839996,5657300,65.19916
2013-04-18,70.18,71.050003,69.849998,70.82,4833900,67.074444
2013-04-17,71.410004,72.00,70.599998,71.449997,5052800,67.481701
2013-04-16,73.379997,74.00,70.519997,72.050003,5598000,68.048383
2013-04-15,74.339996,74.519997,72.589996,72.620003,3983400,68.586725
2013-04-12,75.949997,76.019997,74.989998,75.089996,3672500,70.919536
2013-04-11,75.889999,76.779999,75.690002,76.519997,2978100,72.270115
2013-04-10,75.75,76.120003,75.239998,75.629997,2509400,71.429546
2013-04-09,74.599998,75.870003,74.029999,75.489998,2359500,71.297322
2013-04-08,74.199997,74.769997,73.970001,74.639999,2176800,70.494532
2013-04-05,74.099998,74.790001,73.580002,74.199997,3406300,70.078967
2013-04-04,74.959999,75.650002,74.400002,75.00,2449900,70.834538
2013-04-03,76.07,76.089996,74.400002,74.849998,3144500,70.692868
2013-04-02,76.870003,76.870003,75.839996,76.160004,2567100,71.930116
2013-04-01,77.209999,77.25,75.699997,76.709999,2755400,72.449565
2013-03-28,75.93,78.080002,75.860001,77.160004,6026100,72.874577
2013-03-27,74.010002,75.980003,73.68,75.93,4444600,71.712887
2013-03-26,75.050003,75.209999,74.300003,74.400002,3880100,70.267863
2013-03-25,74.650002,75.150002,74.290001,74.629997,2806800,70.485085
2013-03-22,74.480003,75.25,74.230003,74.470001,2948300,70.333975
2013-03-21,74.910004,75.330002,74.120003,74.150002,2885600,70.031748
2013-03-20,75.269997,75.529999,74.349998,75.370003,2577700,71.183991
2013-03-19,75.779999,75.910004,74.139999,74.660004,2835800,70.513425
2013-03-18,74.68,76.339996,74.669998,75.720001,3283600,71.514551
2013-03-15,75.129997,76.239998,74.699997,75.68,4665500,71.476772
2013-03-14,75.449997,75.989998,75.230003,75.480003,2647200,71.287883
2013-03-13,75.18,75.599998,75.07,75.279999,1938800,71.098986
2013-03-12,75.529999,75.870003,75.160004,75.269997,2289400,71.08954
2013-03-11,75.43,75.730003,74.510002,75.510002,2730300,71.316215
2013-03-08,76.059998,76.169998,75.419998,75.650002,2494800,71.448439
2013-03-07,74.510002,76.480003,74.239998,75.650002,5420100,71.448439
2013-03-06,73.379997,73.769997,73.010002,73.550003,3099500,69.465073
2013-03-05,73.209999,73.440002,72.720001,72.849998,3305400,68.803947
2013-03-04,73.449997,73.849998,72.199997,72.730003,4528400,68.690616
2013-03-01,73.559998,74.120003,72.760002,73.75,3794200,69.653963
2013-02-28,74.260002,74.800003,73.849998,74.269997,3507000,70.145079
2013-02-27,73.349998,74.800003,73.349998,74.379997,3952600,70.24897
2013-02-26,73.690002,74.190002,72.620003,73.559998,4187600,69.474513
2013-02-25,76.040001,76.040001,73.25,73.25,3972400,69.181732
2013-02-22,75.419998,75.849998,74.779999,75.400002,2984000,71.212324
2013-02-21,75.199997,75.639999,74.480003,75.110001,4568900,70.93843
2013-02-20,77.220001,77.260002,75.410004,75.480003,5908600,71.287883
2013-02-19,76.839996,77.360001,76.269997,77.300003,5854800,73.0068
2013-02-15,80.080002,80.160004,76.610001,76.849998,10830300,72.581789
2013-02-14,83.720001,84.00,80.110001,80.330002,8654200,75.868515
2013-02-13,84.18,84.43,83.699997,84.330002,3167700,79.646357
2013-02-12,84.059998,84.43,83.330002,84.18,2735900,79.504686
2013-02-11,84.809998,85.470001,83.730003,83.809998,2207500,79.155233
2013-02-08,84.129997,85.18,84.110001,84.650002,2181700,79.948584
2013-02-07,85.099998,85.099998,83.519997,83.739998,2584600,79.089121
2013-02-06,84.540001,85.160004,84.099998,84.910004,2253300,80.194145
2013-02-05,83.949997,85.620003,83.900002,85.239998,2882700,80.505812
2013-02-04,84.760002,84.800003,83.360001,83.57,3097200,78.928565
2013-02-01,84.599998,85.50,83.870003,85.360001,3340600,80.61915
2013-01-31,84.129997,84.419998,83.50,83.760002,2939700,79.108014
2013-01-30,85.410004,86.349998,84.209999,84.360001,3304400,79.674689
2013-01-29,83.730003,85.580002,83.57,85.379997,3713400,80.638036
2013-01-28,84.449997,84.449997,83.099998,83.730003,2444800,79.079682
2013-01-25,83.510002,84.480003,83.50,84.150002,3382600,79.476353
2013-01-24,82.160004,83.769997,82.129997,83.239998,3445100,78.616891
2013-01-23,82.449997,82.949997,81.949997,82.059998,2269700,77.502427
2013-01-22,81.790001,82.599998,80.910004,82.580002,2724300,77.993551
2013-01-18,81.330002,82.00,81.25,81.82,2988300,77.275759
2013-01-17,80.959999,81.540001,80.400002,81.32,2163600,76.803528
2013-01-16,80.190002,80.970001,79.940002,80.830002,2106100,76.180185
2013-01-15,79.809998,80.440002,79.32,80.400002,1926200,75.774921
2013-01-14,80.360001,80.889999,79.919998,80.330002,1448600,75.708948
2013-01-11,80.599998,80.809998,79.949997,80.57,1942300,75.93514
2013-01-10,80.199997,80.720001,79.68,80.709999,2264600,76.067086
2013-01-09,80.43,80.510002,79.25,79.599998,2535000,75.020939
2013-01-08,80.169998,80.25,79.400002,79.910004,2721300,75.313111
2013-01-07,81.800003,81.989998,80.120003,80.349998,4713400,75.727795
2013-01-04,82.199997,83.720001,81.910004,83.199997,3094800,78.413844
2013-01-03,80.599998,82.440002,80.040001,81.82,3095200,77.113233
2013-01-02,80.00,80.75,79.529999,80.739998,3468800,76.095359
2012-12-31,76.669998,78.540001,76.489998,78.50,2460300,73.984219
2012-12-28,77.580002,77.870003,77.019997,77.050003,2195800,72.617634
2012-12-27,78.199997,78.480003,77.169998,78.239998,2124600,73.739174
2012-12-26,79.150002,79.339996,78.160004,78.239998,1779700,73.739174
2012-12-24,79.360001,79.50,78.589996,78.68,1362700,74.153865
2012-12-21,78.639999,80.00,78.110001,80.00,3985300,75.39793
2012-12-20,80.160004,80.480003,79.260002,79.970001,3098200,75.369657
2012-12-19,80.050003,80.970001,79.849998,79.879997,3973100,75.284831
2012-12-18,77.529999,80.330002,77.360001,80.160004,4382700,75.548729
2012-12-17,77.309998,77.769997,76.900002,77.459999,2223300,73.004045
2012-12-14,76.959999,77.489998,76.790001,77.019997,2383300,72.589354
2012-12-13,77.360001,78.379997,76.699997,77.400002,3197400,72.947499
2012-12-12,76.889999,78.510002,76.769997,77.809998,4809000,73.33391
2012-12-11,75.400002,76.360001,75.300003,76.349998,4049700,71.957898
2012-12-10,75.690002,75.959999,74.699997,75.07,4059100,70.751532
2012-12-07,76.620003,76.93,76.110001,76.510002,2448700,72.108697
2012-12-06,77.160004,77.449997,75.82,76.370003,3580600,71.976752
2012-12-05,76.580002,78.160004,76.510002,77.730003,3398500,73.258517
2012-12-04,76.300003,76.470001,75.629997,76.260002,2483800,71.873079
2012-12-03,77.720001,77.949997,76.32,76.360001,2632400,71.967325
2012-11-30,76.940002,77.599998,76.57,77.089996,2914200,72.655327
2012-11-29,78.279999,78.279999,76.760002,76.970001,2284500,72.542235
2012-11-28,76.510002,77.650002,76.139999,77.599998,2750500,73.135991
2012-11-27,76.230003,77.75,76.169998,77.230003,3643000,72.78728
2012-11-26,76.419998,76.720001,75.82,76.480003,4068900,72.080424
2012-11-23,76.610001,77.139999,76.370003,77.139999,1541200,72.702454
2012-11-21,75.800003,76.330002,75.379997,76.300003,2940400,71.910779
2012-11-20,77.010002,77.279999,75.57,75.800003,3415400,71.439542
2012-11-19,76.32,77.099998,75.879997,77.099998,3462400,72.664754
2012-11-16,76.07,76.230003,74.50,75.300003,5390800,70.968305
2012-11-15,76.239998,77.169998,75.50,75.650002,3968700,71.298169
2012-11-14,78.059998,78.610001,76.18,76.32,3501800,71.929625
2012-11-13,78.00,78.900002,77.290001,77.339996,2736700,72.890946
2012-11-12,78.860001,78.989998,78.019997,78.57,1896800,74.050192
2012-11-09,78.330002,79.290001,77.800003,78.559998,4276400,74.040765
2012-11-08,80.019997,80.580002,78.889999,78.889999,2701900,74.351783
2012-11-07,81.800003,82.00,79.82,79.889999,3842100,75.294257
2012-11-06,81.339996,82.900002,81.279999,82.82,3608800,78.055707
2012-11-05,81.120003,81.269997,80.209999,80.949997,2151900,76.293278
2012-11-02,82.470001,82.709999,80.980003,81.220001,2476800,76.54775
2012-11-01,82.650002,83.25,81.080002,81.849998,4388200,77.141506
2012-10-31,82.089996,82.919998,79.660004,82.720001,2839300,77.961461
2012-10-26,82.830002,83.099998,81.949997,82.360001,2393400,77.62217
2012-10-25,83.099998,83.150002,81.800003,82.809998,2373900,78.04628
2012-10-24,83.650002,83.970001,82.150002,82.25,2817400,77.518497
2012-10-23,83.949997,84.050003,82.720001,83.129997,2835300,78.347872
2012-10-22,86.669998,86.809998,84.599998,85.529999,2962600,80.609811
2012-10-19,88.730003,88.910004,86.709999,86.870003,2693100,81.87273
2012-10-18,88.07,89.080002,87.739998,88.720001,2690600,83.616306
2012-10-17,87.559998,88.860001,86.82,88.730003,2871300,83.465511
2012-10-16,86.00,87.419998,85.889999,87.089996,2218400,81.922808
2012-10-15,85.07,85.639999,84.690002,85.440002,3169600,80.370711
2012-10-12,85.709999,86.470001,84.739998,85.330002,2377400,80.267237
2012-10-11,86.300003,86.980003,85.940002,85.970001,1933100,80.869264
2012-10-10,86.760002,87.349998,85.379997,85.470001,2292600,80.39893
2012-10-09,86.610001,87.419998,85.93,86.949997,1880900,81.791115
2012-10-08,85.209999,86.559998,85.019997,86.43,1791200,81.30197
2012-10-05,86.900002,87.169998,85.449997,85.889999,1951600,80.794009
2012-10-04,86.940002,87.190002,85.790001,86.519997,2562000,81.386627
2012-10-03,86.550003,86.75,85.449997,86.50,3693800,81.367817
2012-10-02,86.980003,87.190002,86.099998,86.550003,2607500,81.414853
2012-10-01,86.949997,87.459999,86.089996,86.410004,2340800,81.28316
2012-09-28,86.68,87.410004,85.580002,86.470001,2592900,81.339598
2012-09-27,85.949997,87.230003,85.620003,86.839996,2348700,81.687641
2012-09-26,84.720001,86.00,84.50,85.239998,3093500,80.182573
2012-09-25,87.269997,87.790001,85.209999,85.279999,2878500,80.2202
2012-09-24,88.410004,88.410004,86.709999,86.949997,3101900,81.791115
2012-09-21,89.739998,89.989998,88.300003,88.589996,3740700,83.33381
2012-09-20,88.220001,89.699997,87.730003,89.169998,3598500,83.8794
2012-09-19,90.50,90.730003,88.480003,89.209999,4129800,83.917027
2012-09-18,91.910004,92.220001,89.919998,90.650002,2666200,85.271592
2012-09-17,92.410004,93.75,91.860001,92.099998,3092600,86.635559
2012-09-14,93.190002,94.870003,92.010002,92.480003,3858800,86.993017
2012-09-13,90.720001,93.360001,90.00,92.480003,3047600,86.993017
2012-09-12,90.129997,90.519997,89.330002,90.510002,1895500,85.139899
2012-09-11,89.940002,90.449997,89.50,89.790001,2347400,84.462617
2012-09-10,89.980003,90.589996,89.400002,89.580002,2090300,84.265077
2012-09-07,87.010002,89.910004,87.010002,89.900002,3400400,84.566091
2012-09-06,85.389999,87.589996,85.239998,86.550003,2483100,81.414853
2012-09-05,84.459999,84.739998,83.730003,84.470001,2581100,79.458261
2012-09-04,85.900002,85.940002,84.00,84.370003,2840800,79.364196
2012-08-31,85.690002,87.00,85.339996,85.75,2478100,80.662316
2012-08-30,85.889999,86.059998,84.610001,85.089996,2134300,80.041471
2012-08-29,86.959999,87.120003,86.389999,86.529999,1386500,81.396036
2012-08-28,86.989998,87.389999,86.32,87.019997,2797500,81.856961
2012-08-27,87.57,88.480003,87.040001,87.43,1558000,82.242639
2012-08-24,87.349998,87.75,86.370003,87.50,2115600,82.308485
2012-08-23,88.599998,88.93,87.43,87.550003,1538600,82.355522
2012-08-22,88.019997,89.010002,87.610001,88.699997,1730600,83.437285
2012-08-21,89.300003,89.639999,88.110001,88.389999,2381100,83.14568
2012-08-20,88.690002,89.900002,88.529999,89.059998,2465700,83.775926
2012-08-17,88.870003,89.18,88.279999,89.059998,1837900,83.775926
2012-08-16,88.040001,89.029999,87.580002,88.629997,2207200,83.371438
2012-08-15,88.25,88.269997,87.260002,87.730003,1285200,82.524842
2012-08-14,88.50,88.690002,87.730003,88.050003,1354800,82.825856
2012-08-13,87.690002,89.040001,87.639999,87.959999,2000600,82.741192
2012-08-10,87.93,88.099998,86.519997,87.860001,2314300,82.647127
2012-08-09,88.010002,89.260002,87.57,88.50,2135400,83.249154
2012-08-08,87.779999,89.330002,87.529999,88.330002,2220000,83.089242
2012-08-07,86.589996,88.400002,86.540001,88.029999,2737800,82.807038
2012-08-06,85.309998,86.480003,85.199997,86.019997,2654000,80.916293
2012-08-03,84.50,85.00,83.440002,84.849998,3558300,79.815713
2012-08-02,82.470001,83.82,81.580002,82.580002,5303900,77.680399
2012-08-01,86.709999,87.050003,85.269997,86.860001,3351200,81.706458
2012-07-31,87.209999,87.610001,85.889999,86.120003,3020100,81.010366
2012-07-30,87.690002,88.029999,86.970001,87.610001,2286200,82.411959
2012-07-27,85.589996,87.82,85.300003,87.57,2277000,82.374332
2012-07-26,85.010002,85.379997,83.940002,85.160004,2637100,80.107325
2012-07-25,83.459999,83.919998,82.440002,83.57,2592600,78.611658
2012-07-24,84.110001,84.57,81.550003,82.669998,2350400,77.765055
2012-07-23,82.870003,84.269997,82.720001,83.919998,3282100,78.940891
2012-07-20,85.559998,86.059998,84.760002,85.080002,3810700,80.03207
2012-07-19,85.860001,87.559998,85.690002,86.919998,3253000,81.762896
2012-07-18,85.529999,86.440002,85.18,85.68,2572600,80.436556
2012-07-17,83.879997,86.129997,82.940002,85.93,3439800,80.671256
2012-07-16,83.169998,83.43,81.870003,83.370003,4089500,78.267926
2012-07-13,83.169998,83.919998,82.660004,83.580002,2314200,78.465073
2012-07-12,83.129997,83.32,81.800003,82.720001,3975700,77.657703
2012-07-11,84.080002,85.389999,83.82,84.199997,2915400,79.047126
2012-07-10,86.089996,86.32,83.169998,83.68,2813800,78.558952
2012-07-09,85.470001,86.040001,84.330002,85.410004,2072100,80.183083
2012-07-06,86.620003,86.629997,84.699997,85.529999,2900100,80.295734
2012-07-05,89.75,89.940002,87.769997,87.889999,3004300,82.511308
2012-07-03,87.82,90.199997,87.690002,90.190002,2554400,84.670555
2012-07-02,87.510002,88.720001,86.220001,87.290001,2592700,81.948028
2012-06-29,87.639999,87.93,86.339996,87.889999,4090300,82.511308
2012-06-28,84.120003,85.470001,83.50,85.230003,3103500,80.014098
2012-06-27,82.940002,85.269997,82.940002,84.989998,3185900,79.78878
2012-06-26,81.709999,83.459999,80.800003,82.410004,3059400,77.366677
2012-06-25,80.650002,81.790001,80.099998,81.510002,3302900,76.521753
2012-06-22,81.800003,82.660004,80.669998,82.25,5670100,77.216465
2012-06-21,84.489998,84.489998,81.110001,81.330002,4231500,76.352769
2012-06-20,85.559998,85.809998,83.540001,84.269997,3332700,79.112842
2012-06-19,85.82,86.410004,85.050003,85.470001,3718500,80.239408
2012-06-18,87.099998,87.120003,85.00,85.370003,3914200,80.14553
2012-06-15,86.629997,87.849998,85.57,87.800003,6590300,82.426819
2012-06-14,83.230003,86.93,83.160004,86.010002,6255700,80.746362
2012-06-13,82.870003,84.099998,82.32,82.970001,2540200,77.892403
2012-06-12,82.379997,83.559998,81.900002,83.269997,2527600,78.17404
2012-06-11,84.220001,84.760002,81.75,81.830002,2284500,76.82217
2012-06-08,82.639999,83.050003,81.519997,82.970001,3140900,77.892403
2012-06-07,84.849998,85.470001,83.279999,83.480003,3489400,78.371194
2012-06-06,82.099998,83.599998,82.019997,83.589996,3225400,78.474456
2012-06-05,79.25,81.440002,78.900002,81.150002,2723700,76.183784
2012-06-04,79.139999,80.120003,77.93,79.559998,3269700,74.691085
2012-06-01,78.599998,80.949997,78.349998,79.370003,4238100,74.512718
2012-05-31,81.440002,82.169998,79.400002,81.379997,3532700,76.399704
2012-05-30,82.739998,82.989998,80.68,81.540001,2775000,76.549916
2012-05-29,83.370003,84.610001,82.82,84.040001,2982400,78.896921
2012-05-25,82.18,82.989998,82.18,82.379997,2005200,77.338506
2012-05-24,83.610001,83.669998,81.290001,82.089996,3018600,77.066253
2012-05-23,81.769997,82.889999,80.389999,82.889999,4244000,77.817298
2012-05-22,82.910004,84.32,82.019997,82.629997,3626700,77.573207
2012-05-21,80.800003,82.769997,80.239998,82.720001,2524300,77.657703
2012-05-18,82.129997,82.620003,80.139999,80.519997,3525500,75.592334
2012-05-17,82.300003,83.599998,81.629997,81.669998,3480400,76.671958
2012-05-16,82.00,85.050003,82.00,82.120003,3771900,77.094423
2012-05-15,85.010002,85.349998,82.370003,82.510002,3554400,77.460555
2012-05-14,86.300003,86.43,84.889999,85.050003,4041200,79.845113
2012-05-11,86.879997,88.93,86.639999,87.260002,2258700,81.919865
2012-05-10,88.459999,89.43,87.440002,87.870003,3155400,82.492535
2012-05-09,86.089996,87.900002,85.25,87.169998,3643600,81.835369
2012-05-08,87.18,87.709999,85.25,87.580002,4396400,82.220281
2012-05-07,89.160004,89.349998,86.919998,87.839996,4082700,82.464365
2012-05-04,90.730003,90.82,88.849998,89.059998,4412000,83.609704
2012-05-03,93.690002,94.029999,91.459999,91.959999,4715500,86.332231
2012-05-02,96.879997,97.220001,95.290001,95.540001,2953100,89.693144
2012-05-01,96.379997,98.199997,95.800003,97.769997,3208800,91.786669
2012-04-30,94.75,96.089996,94.449997,95.940002,2185000,90.068667
2012-04-27,94.919998,95.279999,94.370003,94.910004,2404200,89.101702
2012-04-26,92.769997,94.830002,92.550003,94.790001,2854100,88.989043
2012-04-25,92.209999,93.419998,91.919998,93.370003,3031900,87.655946
2012-04-24,91.150002,91.75,90.25,91.260002,2499800,85.675073
2012-04-23,90.599998,91.50,89.879997,90.959999,3096300,85.393429
2012-04-20,93.139999,93.860001,91.449997,91.470001,2315400,85.87222
2012-04-19,93.120003,93.57,91.519997,92.110001,2783400,86.473053
2012-04-18,94.07,94.440002,91.940002,92.300003,2804400,86.491829
2012-04-17,93.190002,94.75,92.900002,94.550003,2299900,88.600243
2012-04-16,94.160004,94.68,91.800003,92.269997,2961600,86.463711
2012-04-13,94.690002,94.870003,93.309998,93.650002,2499300,87.756876
2012-04-12,93.25,95.18,92.540001,94.900002,2079000,88.928217
