Date,Open,High,Low,Close,Volume,Adj Close
2017-11-03,5.85,5.9,5.6,5.8,332825,5.8
2017-11-02,5.5,5.85,5.45,5.75,591780,5.75
2017-11-01,5.4,5.55,5.1,5.4,534022,5.4
2017-10-31,5.05,5.45,5.05,5.35,455345,5.35
2017-10-30,5,5.25,5,5.05,550156,5.05
2017-10-27,4.8,5.05,4.75,5.05,543239,5.05
2017-10-26,5.1,5.15,4.75,4.85,637279,4.85
2017-10-25,5.1,5.25,5.05,5.15,389253,5.15
2017-10-24,5.2,5.35,5,5.1,699812,5.1
2017-10-23,5.5,5.6,5.15,5.25,885039,5.25
2017-10-20,5.8,5.8,5.45,5.5,443640,5.5
2017-10-19,5.45,5.8,5.3,5.7,1039537,5.7
2017-10-18,5.65,5.95,5.35,5.4,1860584,5.4
2017-10-17,6.7,6.745,5.45,5.5,2723974,5.5
2017-10-16,7.35,7.5,6.25,6.4,2412788,6.4
2017-10-13,7.6,7.75,7.2,7.275,3027115,7.275
2017-10-12,7.95,8.65,7.3,7.8,26120390,7.8
2017-10-11,5.4,5.6,5.25,5.4,2489108,5.4
2017-10-10,5.55,5.65,5.2,5.4,322516,5.4
2017-10-09,5.65,5.75,5.45,5.5,278078,5.5
2017-10-06,5.85,5.975,5.55,5.65,188308,5.65
2017-10-05,6.05,6.15,5.8,5.9,181580,5.9
2017-10-04,6.05,6.1,5.9,6.05,169127,6.05
2017-10-03,6.35,6.5,5.75,5.95,437677,5.95
2017-10-02,5.7,6.4,5.6,6.4,483037,6.4
2017-09-29,5.6,5.65,5.45,5.6,138247,5.6
2017-09-28,5.7,5.7,5.4,5.55,132596,5.55
2017-09-27,5.3,5.65,5.05,5.6,270956,5.6
2017-09-26,5.4,5.4,4.75,5.3,384914,5.3
2017-09-25,5.3,5.55,5.295,5.3,219246,5.3
2017-09-22,5.35,5.404,5.25,5.3,133201,5.3
2017-09-21,5.5,5.5,5.305,5.4,107917,5.4
2017-09-20,5.6,5.75,5.4,5.45,203960,5.45
2017-09-19,5.6,5.65,5.45,5.6,133937,5.6
2017-09-18,5.35,5.75,5.3,5.55,381705,5.55
2017-09-15,5.4,5.45,5.25,5.3,542946,5.3
2017-09-14,5.45,5.55,5.3,5.35,133867,5.35
2017-09-13,5.35,5.5,5.25,5.45,164321,5.45
2017-09-12,5.7,5.775,5.2,5.35,326195,5.35
2017-09-11,5.7,5.95,5.555,5.7,225201,5.7
2017-09-08,5.7,5.7,5.35,5.65,183855,5.65
2017-09-07,5.35,5.75,5.2,5.65,341177,5.65
2017-09-06,5.1,5.65,5.1,5.35,565456,5.35
2017-09-05,5.1,5.3,5.05,5.1,233698,5.1
2017-09-01,5.2,5.2,4.85,5.15,169387,5.15
2017-08-31,5,5.2,4.95,5.15,223640,5.15
2017-08-30,5,5.1,4.9,4.95,141863,4.95
2017-08-29,5.05,5.15,4.85,5,286797,5
2017-08-28,5.1,5.2,4.95,5.05,134925,5.05
2017-08-25,5.35,5.35,5,5.05,116575,5.05
2017-08-24,5.15,5.3,4.95,5.3,161486,5.3
2017-08-23,5.2,5.4169,5.05,5.1,183885,5.1
2017-08-22,5,5.35,4.95,5.3,236930,5.3
2017-08-21,4.65,5.1,4.575,5,776445,5
2017-08-18,4.4,4.75,4.4,4.7,179451,4.7
2017-08-17,4.7,4.7238,4.4,4.45,311382,4.45
2017-08-16,4.8,4.95,4.65,4.75,226398,4.75
2017-08-15,5.15,5.15,4.65,4.7,185582,4.7
2017-08-14,5.1,5.35,5,5.1,229278,5.1
2017-08-11,4.95,5.1,4.85,5.1,210830,5.1
2017-08-10,4.75,5.25,4.75,4.85,425918,4.85
2017-08-09,4.45,4.85,4.3,4.7,458723,4.7
2017-08-08,4.6,4.85,4.275,4.35,267388,4.35
2017-08-07,4.8,4.85,4.525,4.55,354209,4.55
2017-08-04,4.6,4.95,4.5,4.8,404651,4.8
2017-08-03,5,5.15,4.4,4.65,321845,4.65
2017-08-02,5.15,5.15,4.85,5,188395,5
2017-08-01,5.25,5.3,4.975,5.1,208782,5.1
2017-07-31,5.3,5.4,5.2,5.2,173848,5.2
2017-07-28,5.4,5.5,5.2,5.3,267045,5.3
2017-07-27,5.7,5.85,5.4,5.45,224609,5.45
2017-07-26,5.75,5.85,5.6,5.6,121071,5.6
2017-07-25,6,6.1,5.7,5.75,305945,5.75
2017-07-24,5.65,6.2,5.6,5.95,451250,5.95
2017-07-21,5.55,5.8,5.4,5.6,175321,5.6
2017-07-20,5.4,5.6,5.25,5.5,186347,5.5
2017-07-19,5.45,5.7,5.3,5.3,259060,5.3
2017-07-18,5.8,5.85,5.4,5.4,205759,5.4
2017-07-17,5.8,5.9,5.75,5.8,224752,5.8
2017-07-14,5.95,5.95,5.75,5.75,298240,5.75
2017-07-13,5.8,5.95,5.65,5.95,263130,5.95
2017-07-12,5.5,6.1,5.5,5.85,502379,5.85
2017-07-11,5.45,5.65,5.4,5.5,287191,5.5
2017-07-10,5.6,6,5.5,5.5,359746,5.5
2017-07-07,5.2,5.45,5.15,5.45,256378,5.45
2017-07-06,5.2,5.3,5,5.1,156374,5.1
2017-07-05,5.25,5.4,5.1,5.2,259492,5.2
2017-07-03,5.15,5.3,5,5.3,149011,5.3
2017-06-30,5.1,5.1,4.95,5.1,123744,5.1
2017-06-29,5.25,5.35,5,5.1,179997,5.1
2017-06-28,4.95,5.25,4.87,5.25,195176,5.25
2017-06-27,5.3,5.3,4.95,4.95,266287,4.95
2017-06-26,5.3,5.35,5.05,5.25,247056,5.25
2017-06-23,5.05,5.45,5,5.3,946163,5.3
2017-06-22,4.75,5.15,4.7,5,727046,5
2017-06-21,4.7,4.8,4.55,4.75,351734,4.75
2017-06-20,4.7,4.85,4.55,4.65,423403,4.65
2017-06-19,4.35,4.7,4.3,4.65,375824,4.65
2017-06-16,4.4,4.4513,4.2,4.35,666678,4.35
2017-06-15,4.6,4.65,4.35,4.55,465893,4.55
2017-06-14,4.65,4.7,4.35,4.65,386144,4.65
2017-06-13,4.75,4.8,4.55,4.65,486965,4.65
2017-06-12,4.5,4.925,4.4,4.7,958315,4.7
2017-06-09,4.25,4.7,4.25,4.5,491291,4.5
2017-06-08,4.3,4.35,4.25,4.275,236208,4.275
2017-06-07,4.6,4.65,4.05,4.3,918408,4.3
2017-06-06,4.6,4.73,4.5,4.55,363593,4.55
2017-06-05,4.65,4.775,4.5,4.65,416806,4.65
2017-06-02,4.75,5,4.55,4.65,1079843,4.65
2017-06-01,4.75,4.8,4.5,4.7,569399,4.7
2017-05-31,4.65,4.8,4.55,4.7,658290,4.7
2017-05-30,4.6,4.725,4.45,4.6,1232791,4.6
2017-05-26,5,5.7,4.55,4.6,1232807,4.6
2017-05-25,5.4,5.476,4.95,4.95,602120,4.95
2017-05-24,5.7,5.995,5.2,5.35,596903,5.35
2017-05-23,6.05,6.05,5.5,5.65,628298,5.65
2017-05-22,6.1,6.3665,5.9,6,749463,6
2017-05-19,6.4,6.4,6.05,6.075,544002,6.075
2017-05-18,7,7.1,6.3,6.4,919924,6.4
2017-05-17,7.25,7.25,7,7,712283,7
2017-05-16,7.5,7.6,7.2,7.2,618311,7.2
2017-05-15,7.65,7.945,7.4,7.5,913664,7.5
2017-05-12,7.75,8.80,7.30,7.45,4372300,7.45
2017-05-11,12.60,12.60,12.10,12.25,199800,12.25
2017-05-10,13.10,13.10,12.55,12.60,88500,12.60
2017-05-09,12.45,13.20,12.20,13.05,152300,13.05
2017-05-08,12.65,12.75,12.15,12.45,106300,12.45
2017-05-05,12.80,13.125,12.40,12.65,134300,12.65
2017-05-04,13.25,13.25,12.60,12.70,93400,12.70
2017-05-03,13.25,13.35,12.90,13.10,147100,13.10
2017-05-02,13.95,13.95,13.25,13.45,101800,13.45
2017-05-01,13.40,14.05,13.15,13.95,107000,13.95
2017-04-28,13.85,13.95,13.15,13.40,86500,13.40
2017-04-27,13.75,14.10,13.55,13.90,80300,13.90
2017-04-26,13.15,13.875,12.90,13.75,154800,13.75
2017-04-25,12.65,13.20,12.60,13.175,111300,13.175
2017-04-24,12.75,12.75,12.20,12.55,78600,12.55
2017-04-21,12.60,12.631,12.25,12.50,86500,12.50
2017-04-20,12.10,12.70,12.05,12.60,90100,12.60
2017-04-19,12.05,12.359,11.95,12.05,149100,12.05
2017-04-18,12.15,12.15,11.90,12.05,237800,12.05
2017-04-17,12.05,12.30,11.80,12.15,336500,12.15
2017-04-13,11.85,12.15,11.75,12.00,137000,12.00
2017-04-12,11.80,11.95,11.583,11.80,141300,11.80
2017-04-11,11.75,11.95,11.40,11.80,105500,11.80
2017-04-10,12.05,12.10,11.65,11.75,102600,11.75
2017-04-07,12.05,12.20,11.70,12.10,96300,12.10
2017-04-06,12.00,12.20,11.50,12.05,220700,12.05
2017-04-05,12.15,12.40,11.85,12.05,475600,12.05
2017-04-04,12.40,12.50,11.80,12.10,276900,12.10
2017-04-03,12.70,12.95,12.25,12.50,255700,12.50
2017-03-31,13.10,13.10,12.55,12.65,127800,12.65
2017-03-30,12.85,13.025,12.45,13.00,132700,13.00
2017-03-29,13.00,13.20,12.75,12.80,101100,12.80
2017-03-28,13.35,13.45,12.80,13.00,83400,13.00
2017-03-27,13.15,13.35,12.70,13.35,129100,13.35
2017-03-24,13.50,13.545,13.15,13.25,82500,13.25
2017-03-23,14.05,14.05,13.20,13.35,171000,13.35
2017-03-22,13.40,14.15,13.10,14.10,164100,14.10
2017-03-21,14.55,14.70,13.15,13.30,144800,13.30
2017-03-20,14.95,15.40,14.60,14.75,89200,14.75
2017-03-17,14.60,14.95,14.15,14.95,195700,14.95
2017-03-16,14.30,14.85,14.15,14.70,141100,14.70
2017-03-15,14.05,14.45,13.85,14.25,101900,14.25
2017-03-14,13.70,14.30,13.45,13.95,117200,13.95
2017-03-13,13.60,13.90,13.50,13.75,83200,13.75
2017-03-10,13.65,13.75,13.25,13.50,90900,13.50
2017-03-09,13.60,13.80,13.40,13.50,111900,13.50
2017-03-08,13.45,13.75,13.40,13.65,146200,13.65
2017-03-07,13.65,13.75,13.30,13.35,99000,13.35
2017-03-06,14.05,14.05,13.45,13.80,113300,13.80
2017-03-03,14.00,14.50,14.00,14.20,236300,14.20
2017-03-02,14.00,14.95,13.95,14.10,539200,14.10
2017-03-01,13.70,14.25,13.65,14.20,502100,14.20
2017-02-28,14.05,14.05,13.50,13.60,176800,13.60
2017-02-27,13.45,14.402,13.40,13.85,232100,13.85
2017-02-24,13.90,14.00,13.40,13.50,136800,13.50
2017-02-23,13.00,14.40,12.875,13.80,325500,13.80
2017-02-22,12.90,13.325,12.70,13.00,524800,13.00
2017-02-21,12.90,13.00,12.30,12.85,779900,12.85
2017-02-17,13.15,13.40,12.95,13.05,268500,13.05
2017-02-16,13.05,13.90,12.55,13.15,344200,13.15
2017-02-15,12.00,13.55,11.40,13.00,811100,13.00
2017-02-14,11.10,11.475,11.00,11.45,81700,11.45
2017-02-13,11.25,11.30,11.00,11.10,71700,11.10
2017-02-10,11.60,11.80,11.15,11.15,103600,11.15
2017-02-09,11.20,11.70,11.175,11.50,263600,11.50
2017-02-08,10.95,11.50,10.95,11.20,132700,11.20
2017-02-07,10.95,11.40,10.95,11.05,209900,11.05
2017-02-06,11.15,11.30,11.00,11.00,216900,11.00
2017-02-03,11.35,11.80,11.125,11.15,328900,11.15
2017-02-02,12.00,12.10,11.00,11.20,818300,11.20
2017-02-01,12.00,12.15,11.70,12.05,100100,12.05
2017-01-31,11.65,12.25,11.35,12.00,139200,12.00
2017-01-30,12.35,12.35,11.646,11.70,148700,11.70
2017-01-27,12.10,12.45,12.00,12.35,77600,12.35
2017-01-26,12.60,12.683,12.00,12.00,154100,12.00
2017-01-25,12.80,12.90,12.50,12.55,102100,12.55
2017-01-24,12.85,12.85,12.00,12.75,186500,12.75
2017-01-23,13.30,13.40,12.75,12.80,121300,12.80
2017-01-20,13.95,13.95,13.20,13.40,150800,13.40
2017-01-19,14.15,14.25,13.80,13.90,176800,13.90
2017-01-18,13.90,14.25,13.75,14.10,297600,14.10
2017-01-17,14.55,14.65,13.75,13.80,428600,13.80
2017-01-13,14.00,14.75,14.00,14.70,103300,14.70
2017-01-12,14.05,14.10,13.40,13.90,140700,13.90
2017-01-11,14.10,14.50,13.85,14.10,204700,14.10
2017-01-10,13.70,14.30,13.35,14.25,133500,14.25
2017-01-09,13.95,13.95,13.30,13.70,295700,13.70
2017-01-06,12.95,14.10,12.95,13.85,351700,13.85
2017-01-05,14.25,14.25,12.85,12.95,839100,12.95
2017-01-04,14.60,14.95,14.275,14.45,311000,14.45
2017-01-03,14.30,14.60,14.05,14.55,89800,14.55
2016-12-30,14.55,14.70,14.10,14.20,128600,14.20
2016-12-29,14.55,14.85,14.10,14.50,293000,14.50
2016-12-28,14.60,14.85,14.15,14.45,208100,14.45
2016-12-27,14.50,15.00,14.35,14.60,68300,14.60
2016-12-23,13.40,14.60,13.40,14.60,62500,14.60
2016-12-22,13.60,13.75,13.40,13.40,94900,13.40
2016-12-21,14.40,14.40,13.55,13.60,75000,13.60
2016-12-20,14.40,14.525,14.10,14.45,138900,14.45
2016-12-19,14.50,14.70,14.20,14.30,137000,14.30
2016-12-16,14.60,14.95,14.35,14.45,338700,14.45
2016-12-15,14.65,14.975,14.35,14.65,149600,14.65
2016-12-14,15.05,15.05,14.40,14.65,86500,14.65
2016-12-13,15.20,15.45,14.875,14.95,69600,14.95
2016-12-12,14.70,15.15,14.45,15.00,114200,15.00
2016-12-09,15.95,16.299999,14.70,14.95,200500,14.95
2016-12-08,15.35,15.90,14.95,15.90,131200,15.90
2016-12-07,15.85,15.95,15.20,15.40,117100,15.40
2016-12-06,15.15,16.25,15.15,16.049999,123800,16.049999
2016-12-05,15.00,15.30,14.55,15.25,138500,15.25
2016-12-02,14.05,15.05,13.40,14.80,95900,14.80
2016-12-01,14.80,15.30,13.65,14.10,142900,14.10
2016-11-30,15.95,16.049999,14.35,14.80,250500,14.80
2016-11-29,15.40,16.125,14.87,15.85,114300,15.85
2016-11-28,15.55,15.60,15.20,15.25,110800,15.25
2016-11-25,15.50,15.65,15.275,15.50,96700,15.50
2016-11-23,15.05,15.55,14.555,15.55,162700,15.55
2016-11-22,15.50,15.55,14.90,15.20,93100,15.20
2016-11-21,15.65,15.65,15.15,15.40,141400,15.40
2016-11-18,15.45,15.55,14.70,15.35,167500,15.35
2016-11-17,15.00,15.45,14.85,15.40,83200,15.40
2016-11-16,15.15,15.45,14.65,14.90,109600,14.90
2016-11-15,15.45,15.55,14.90,15.25,333200,15.25
2016-11-14,16.10,16.10,14.85,15.50,241400,15.50
2016-11-11,14.60,16.200001,14.20,15.95,467900,15.95
2016-11-10,14.45,14.90,13.95,14.45,523300,14.45
2016-11-09,13.45,14.595,13.45,14.05,392700,14.05
2016-11-08,12.80,13.25,12.80,13.05,105300,13.05
2016-11-07,13.00,13.175,12.725,12.95,109500,12.95
2016-11-04,12.25,12.75,12.15,12.70,123400,12.70
2016-11-03,12.10,12.75,10.55,12.35,135800,12.35
2016-11-02,12.55,12.80,11.85,11.90,80500,11.90
2016-11-01,12.35,13.00,12.35,12.70,88300,12.70
2016-10-31,12.65,12.75,12.30,12.30,80600,12.30
2016-10-28,12.90,13.20,12.60,12.65,66600,12.65
2016-10-27,13.60,13.95,12.95,13.05,90800,13.05
2016-10-26,13.70,14.00,13.45,13.45,96200,13.45
2016-10-25,13.80,14.00,13.70,13.75,98300,13.75
2016-10-24,13.40,14.15,13.255,13.90,146200,13.90
2016-10-21,13.45,13.80,13.10,13.20,113200,13.20
2016-10-20,13.35,13.65,12.85,13.60,81400,13.60
2016-10-19,13.20,13.45,13.00,13.35,113500,13.35
2016-10-18,12.85,13.40,12.80,13.25,196500,13.25
2016-10-17,12.85,12.95,12.50,12.65,116800,12.65
2016-10-14,13.78,14.16,12.81,12.83,139100,12.83
2016-10-13,13.57,14.15,13.13,13.63,133400,13.63
2016-10-12,14.90,14.98,13.61,13.74,172900,13.74
2016-10-11,14.57,15.24,14.131,14.91,397000,14.91
2016-10-10,13.62,14.90,13.62,14.75,282700,14.75
2016-10-07,13.74,13.845,13.22,13.49,91500,13.49
2016-10-06,13.73,14.13,13.63,13.77,195500,13.77
2016-10-05,13.10,13.88,12.98,13.83,255000,13.83
2016-10-04,12.92,13.19,12.85,13.02,128400,13.02
2016-10-03,12.79,12.97,12.18,12.92,150900,12.92
2016-09-30,12.49,13.00,12.42,12.94,494400,12.94
2016-09-29,12.90,12.98,12.398,12.53,180600,12.53
2016-09-28,13.02,13.14,12.75,12.90,282300,12.90
2016-09-27,12.23,13.29,12.218,13.02,367000,13.02
2016-09-26,12.23,12.42,12.14,12.27,152700,12.27
2016-09-23,11.84,12.54,11.69,12.31,123800,12.31
2016-09-22,12.00,12.00,11.41,11.83,117000,11.83
2016-09-21,11.43,11.99,11.35,11.97,171900,11.97
2016-09-20,11.34,11.64,11.29,11.42,165500,11.42
2016-09-19,11.23,11.335,11.04,11.22,105400,11.22
2016-09-16,11.24,11.30,11.00,11.20,417600,11.20
2016-09-15,10.86,11.29,10.71,11.24,168000,11.24
2016-09-14,10.53,10.96,10.36,10.85,122400,10.85
2016-09-13,10.67,10.88,10.21,10.47,139800,10.47
2016-09-12,10.48,10.81,10.21,10.77,119000,10.77
2016-09-09,11.13,11.22,10.50,10.52,140100,10.52
2016-09-08,10.86,11.32,10.70,11.30,139000,11.30
2016-09-07,10.64,10.87,10.55,10.87,113300,10.87
2016-09-06,10.29,10.73,10.19,10.65,109800,10.65
2016-09-02,10.32,10.41,9.971,10.23,208700,10.23
2016-09-01,9.93,10.41,9.765,10.32,250500,10.32
2016-08-31,10.52,10.60,9.57,9.97,864400,9.97
2016-08-30,10.26,10.60,10.26,10.50,103800,10.50
2016-08-29,10.35,10.40,10.07,10.31,180600,10.31
2016-08-26,10.06,10.42,9.89,10.35,216800,10.35
2016-08-25,9.64,10.29,9.64,10.06,200600,10.06
2016-08-24,10.03,10.46,9.47,9.61,268600,9.61
2016-08-23,10.18,10.199,9.81,10.00,179000,10.00
2016-08-22,9.98,10.28,9.86,10.06,112000,10.06
2016-08-19,10.40,10.40,9.85,9.90,124000,9.90
2016-08-18,10.27,10.54,10.27,10.42,56800,10.42
2016-08-17,10.36,10.48,9.995,10.34,112200,10.34
2016-08-16,10.35,10.57,10.235,10.35,273700,10.35
2016-08-15,10.15,10.44,10.15,10.35,94300,10.35
2016-08-12,10.06,10.15,10.00,10.08,69700,10.08
2016-08-11,9.94,10.16,9.774,10.05,72600,10.05
2016-08-10,10.26,10.34,9.66,9.90,109000,9.90
2016-08-09,10.18,10.30,9.95,10.20,93400,10.20
2016-08-08,10.39,10.618,10.20,10.29,77200,10.29
2016-08-05,10.34,10.49,10.23,10.27,133400,10.27
2016-08-04,10.47,10.587,10.24,10.29,62100,10.29
2016-08-03,10.44,10.48,10.25,10.44,71000,10.44
2016-08-02,10.55,10.69,10.28,10.44,58100,10.44
2016-08-01,10.80,10.90,10.46,10.50,107400,10.50
2016-07-29,10.58,10.75,10.38,10.68,109200,10.68
2016-07-28,10.80,10.86,10.54,10.62,106000,10.62
2016-07-27,10.69,10.89,10.505,10.80,129200,10.80
2016-07-26,10.35,10.70,10.177,10.66,323400,10.66
2016-07-25,10.61,10.71,10.19,10.38,191700,10.38
2016-07-22,10.71,10.86,10.46,10.60,202900,10.60
2016-07-21,10.07,11.07,10.05,10.55,248900,10.55
2016-07-20,9.76,9.97,9.50,9.93,45700,9.93
2016-07-19,9.96,10.26,9.478,9.73,212000,9.73
2016-07-18,10.00,10.14,9.62,9.97,199500,9.97
2016-07-15,8.89,10.89,8.85,9.99,722000,9.99
2016-07-14,9.12,9.12,8.67,8.75,86000,8.75
2016-07-13,9.49,9.52,8.94,8.96,36700,8.96
2016-07-12,9.47,9.57,9.322,9.39,46200,9.39
2016-07-11,9.33,9.50,9.17,9.35,35000,9.35
2016-07-08,9.06,9.35,8.97,9.26,66800,9.26
2016-07-07,8.89,9.08,8.89,9.05,45700,9.05
2016-07-06,8.46,8.90,8.44,8.88,41300,8.88
2016-07-05,8.81,8.82,8.42,8.59,55900,8.59
2016-07-01,8.68,8.99,8.66,8.93,61300,8.93
2016-06-30,8.46,8.75,8.45,8.73,66900,8.73
2016-06-29,8.43,8.55,8.25,8.45,107000,8.45
2016-06-28,7.94,8.42,7.73,8.27,95500,8.27
2016-06-27,7.89,8.13,7.71,7.78,104100,7.78
2016-06-24,7.76,8.22,7.75,8.04,754800,8.04
2016-06-23,8.04,8.30,7.89,8.27,85100,8.27
2016-06-22,8.13,8.25,7.65,7.88,128900,7.88
2016-06-21,8.47,8.47,7.96,8.13,61200,8.13
2016-06-20,8.31,8.53,8.20,8.46,90800,8.46
2016-06-17,8.66,8.66,7.98,8.13,210000,8.13
2016-06-16,8.35,8.66,8.22,8.64,126800,8.64
2016-06-15,8.77,9.01,8.35,8.40,99000,8.40
2016-06-14,8.71,9.04,8.51,8.76,74300,8.76
2016-06-13,8.23,8.99,8.08,8.69,129200,8.69
2016-06-10,8.52,8.71,8.04,8.23,113500,8.23
2016-06-09,9.10,9.42,8.61,8.66,79500,8.66
2016-06-08,9.03,9.32,8.776,9.19,74600,9.19
2016-06-07,9.66,9.81,8.98,9.01,133100,9.01
2016-06-06,9.06,9.60,8.98,9.59,185300,9.59
2016-06-03,9.26,9.26,8.72,9.03,83200,9.03
2016-06-02,9.13,9.37,9.01,9.27,62100,9.27
2016-06-01,9.07,9.18,8.97,9.16,84300,9.16
2016-05-31,8.96,9.23,8.86,9.15,128100,9.15
2016-05-27,8.78,9.04,8.70,8.85,55300,8.85
2016-05-26,8.78,8.875,8.55,8.70,60800,8.70
2016-05-25,8.45,8.83,8.33,8.80,75900,8.80
2016-05-24,8.48,8.48,8.04,8.38,73800,8.38
2016-05-23,7.85,8.32,7.78,7.96,59800,7.96
2016-05-20,7.59,7.90,7.517,7.86,67500,7.86
2016-05-19,7.63,7.85,7.35,7.52,55900,7.52
2016-05-18,7.13,7.73,7.10,7.67,65600,7.67
2016-05-17,7.28,7.56,7.09,7.17,93600,7.17
2016-05-16,6.87,7.32,6.87,7.30,84200,7.30
2016-05-13,6.46,6.79,6.39,6.79,88400,6.79
2016-05-12,7.06,7.06,6.36,6.48,171100,6.48
2016-05-11,7.23,7.37,6.93,6.99,68700,6.99
2016-05-10,7.15,7.40,6.85,7.25,159700,7.25
2016-05-09,7.24,7.78,7.123,7.66,65200,7.66
2016-05-06,7.63,7.71,7.23,7.27,82800,7.27
2016-05-05,7.86,7.865,7.545,7.64,88500,7.64
2016-05-04,8.18,8.22,7.72,7.75,107200,7.75
2016-05-03,8.08,8.93,8.08,8.31,106900,8.31
2016-05-02,7.94,8.27,7.79,8.18,84100,8.18
2016-04-29,8.00,8.25,7.92,8.01,94600,8.01
2016-04-28,8.22,8.31,8.00,8.05,124000,8.05
2016-04-27,8.41,8.54,8.11,8.24,79500,8.24
2016-04-26,8.70,8.754,8.26,8.37,86300,8.37
2016-04-25,8.90,9.04,8.50,8.65,73400,8.65
2016-04-22,8.76,8.859,8.45,8.85,93100,8.85
2016-04-21,8.12,8.69,8.05,8.68,134000,8.68
2016-04-20,8.09,8.24,7.85,8.05,44100,8.05
2016-04-19,8.29,8.37,7.80,8.07,94900,8.07
2016-04-18,8.21,8.63,8.137,8.23,71900,8.23
2016-04-15,8.19,8.38,8.01,8.23,74200,8.23
2016-04-14,8.09,8.59,8.05,8.26,84500,8.26
2016-04-13,7.82,8.17,7.66,8.08,105400,8.08
2016-04-12,7.80,8.00,7.575,7.74,81600,7.74
2016-04-11,8.02,8.15,7.70,7.76,78800,7.76
2016-04-08,8.07,8.20,7.79,7.95,146500,7.95
2016-04-07,7.99,8.31,7.59,7.96,261700,7.96
2016-04-06,7.43,8.09,7.42,8.08,143700,8.08
2016-04-05,7.73,7.94,7.39,7.42,208700,7.42
2016-04-04,7.85,8.27,7.78,7.83,187500,7.83
2016-04-01,7.67,8.08,7.57,7.78,175500,7.78
2016-03-31,7.87,8.02,7.41,7.77,312200,7.77
2016-03-30,7.60,8.103,7.32,7.54,193400,7.54
2016-03-29,6.91,7.79,6.90,7.50,298900,7.50
2016-03-28,7.40,7.79,6.88,6.98,496400,6.98
2016-03-24,7.10,7.48,6.90,7.35,160200,7.35
2016-03-23,7.85,8.00,7.101,7.19,121700,7.19
2016-03-22,7.66,8.26,7.66,7.85,160000,7.85
2016-03-21,7.14,7.86,7.08,7.44,151800,7.44
2016-03-18,6.94,7.467,6.88,7.17,299000,7.17
2016-03-17,7.45,7.45,6.84,6.88,175300,6.88
2016-03-16,7.82,7.93,7.32,7.45,90600,7.45
2016-03-15,8.11,8.25,7.84,7.89,241600,7.89
2016-03-14,8.19,8.525,8.12,8.24,83300,8.24
2016-03-11,8.05,8.88,7.81,8.19,101000,8.19
2016-03-10,8.53,8.74,7.575,7.96,214000,7.96
2016-03-09,8.83,9.27,8.13,8.58,172500,8.58
2016-03-08,9.46,9.60,8.50,8.51,224100,8.51
2016-03-07,9.01,9.81,9.01,9.54,145600,9.54
2016-03-04,10.18,10.847,9.03,9.14,207400,9.14
2016-03-03,10.88,10.955,9.95,10.06,143400,10.06
2016-03-02,10.20,10.97,9.305,10.54,206200,10.54
2016-03-01,9.74,10.28,9.48,10.25,210500,10.25
2016-02-29,9.91,9.91,9.29,9.66,273800,9.66
2016-02-26,9.91,10.22,9.68,9.94,120500,9.94
2016-02-25,10.01,10.20,9.62,9.84,122500,9.84
2016-02-24,9.80,10.51,9.76,10.09,138500,10.09
2016-02-23,10.82,11.08,10.01,10.04,227800,10.04
2016-02-22,11.00,11.165,10.81,10.89,112000,10.89
2016-02-19,10.42,11.02,10.11,10.85,159000,10.85
2016-02-18,11.29,11.47,10.37,10.45,133900,10.45
2016-02-17,10.70,11.55,10.53,11.26,194000,11.26
2016-02-16,10.36,10.69,10.12,10.59,118000,10.59
2016-02-12,9.49,10.26,9.20,10.22,141200,10.22
2016-02-11,9.12,9.44,9.03,9.38,176500,9.38
2016-02-10,9.26,10.00,9.02,9.40,150000,9.40
2016-02-09,8.96,9.44,8.87,9.16,173800,9.16
2016-02-08,9.67,9.68,8.86,9.10,289700,9.10
2016-02-05,9.94,10.03,9.65,9.82,212400,9.82
2016-02-04,9.80,10.56,9.61,10.10,135900,10.10
2016-02-03,9.84,9.98,9.13,9.87,344100,9.87
2016-02-02,10.32,10.46,9.65,9.87,145900,9.87
2016-02-01,10.40,10.78,10.19,10.57,181700,10.57
2016-01-29,10.16,10.74,9.91,10.41,1249800,10.41
2016-01-28,10.72,10.92,9.80,10.09,551100,10.09
2016-01-27,11.34,11.40,10.364,10.53,247100,10.53
2016-01-26,11.57,11.68,10.90,11.41,156400,11.41
2016-01-25,11.69,12.27,11.26,11.55,202900,11.55
2016-01-22,11.00,11.87,10.73,11.75,259900,11.75
2016-01-21,10.82,11.14,10.486,10.77,196400,10.77
2016-01-20,10.49,10.96,10.29,10.77,384000,10.77
2016-01-19,10.75,10.98,10.15,10.80,336800,10.80
2016-01-15,10.32,11.025,10.11,10.55,692400,10.55
2016-01-14,9.92,10.649,9.43,10.52,433500,10.52
2016-01-13,10.65,10.72,9.70,9.85,349700,9.85
2016-01-12,10.40,10.81,10.01,10.55,306700,10.55
2016-01-11,10.71,10.83,10.00,10.31,495700,10.31
2016-01-08,11.06,11.29,10.11,10.72,3255500,10.72
2016-01-07,12.36,12.36,9.17,10.09,1090000,10.09
2016-01-06,16.299999,16.33,14.80,14.96,190800,14.96
2016-01-05,17.90,17.90,16.27,16.459999,135200,16.459999
2016-01-04,17.58,17.77,16.75,17.219999,115300,17.219999
2015-12-31,19.09,19.690001,18.09,18.120001,82700,18.120001
2015-12-30,19.860001,20.18,19.17,19.200001,70700,19.200001
2015-12-29,18.860001,19.85,18.50,19.809999,129400,19.809999
2015-12-28,18.91,19.690001,18.35,18.77,64900,18.77
2015-12-24,19.00,19.190001,18.42,19.02,35600,19.02
2015-12-23,18.85,19.209999,18.07,18.93,45000,18.93
2015-12-22,20.129999,20.17,18.23,18.73,115500,18.73
2015-12-21,19.889999,20.73,19.52,19.889999,66800,19.889999
2015-12-18,19.51,20.299999,19.10,19.610001,970800,19.610001
2015-12-17,20.00,20.00,19.15,19.50,171400,19.50
2015-12-16,19.99,20.08,19.40,20.00,165800,20.00
2015-12-15,19.299999,20.50,19.299999,19.91,127000,19.91
2015-12-14,18.639999,19.42,18.392,19.18,116000,19.18
2015-12-11,17.860001,18.889999,17.860001,18.559999,70800,18.559999
2015-12-10,17.709999,18.190001,17.450001,18.040001,70600,18.040001
2015-12-09,18.440001,18.440001,17.27,17.690001,92300,17.690001
2015-12-08,17.75,18.709999,17.299999,18.50,60400,18.50
2015-12-07,19.02,20.17,17.790001,17.950001,102600,17.950001
2015-12-04,19.25,19.25,17.91,19.00,94600,19.00
2015-12-03,20.32,20.51,18.68,19.049999,63300,19.049999
2015-12-02,19.940001,20.98,19.49,20.360001,107800,20.360001
2015-12-01,19.68,20.540001,18.01,20.26,80800,20.26
2015-11-30,20.129999,20.15,17.370001,19.559999,143400,19.559999
2015-11-27,19.50,20.327999,17.99,19.92,116700,19.92
2015-11-25,18.379999,19.549999,18.379999,19.540001,59700,19.540001
2015-11-24,18.02,18.700001,18.02,18.48,39200,18.48
2015-11-23,17.17,18.33,17.049999,18.23,59400,18.23
2015-11-20,17.120001,17.790001,16.76,17.25,281200,17.25
2015-11-19,17.85,17.870001,16.92,17.01,103400,17.01
2015-11-18,17.92,18.030001,17.15,17.950001,116200,17.950001
2015-11-17,18.280001,18.59,17.700001,17.809999,86600,17.809999
2015-11-16,18.469999,18.469999,17.440001,18.16,86200,18.16
2015-11-13,19.879999,19.879999,18.09,18.42,74300,18.42
2015-11-12,16.90,19.99,15.125,18.10,214600,18.10
2015-11-11,19.25,19.450001,18.559999,19.27,70200,19.27
2015-11-10,19.08,19.370001,18.540001,19.25,68500,19.25
2015-11-09,19.00,19.40,18.52,19.120001,81200,19.120001
2015-11-06,17.959999,19.450001,17.25,19.120001,61100,19.120001
2015-11-05,18.190001,18.25,17.35,18.01,58800,18.01
2015-11-04,17.58,18.450001,17.370001,18.219999,84100,18.219999
2015-11-03,17.299999,17.93,17.129999,17.57,133300,17.57
2015-11-02,16.360001,17.629999,16.360001,17.309999,62700,17.309999
2015-10-30,16.799999,17.049999,16.27,16.379999,48900,16.379999
2015-10-29,17.49,17.90,16.82,16.93,90700,16.93
2015-10-28,16.49,17.620001,16.49,17.49,158000,17.49
2015-10-27,17.15,17.15,15.95,16.389999,166100,16.389999
2015-10-26,15.73,18.200001,15.15,17.18,279000,17.18
2015-10-23,17.209999,17.25,15.77,15.85,166000,15.85
2015-10-22,17.23,18.01,16.60,17.00,114100,17.00
2015-10-21,18.65,19.40,16.889999,17.18,246000,17.18
2015-10-20,19.32,19.57,18.15,18.530001,208300,18.530001
2015-10-19,19.27,19.75,18.450001,19.27,198200,19.27
2015-10-16,19.559999,19.67,18.99,19.40,72400,19.40
2015-10-15,18.559999,20.059999,18.333,19.43,182900,19.43
2015-10-14,20.26,20.438,18.41,18.629999,115000,18.629999
2015-10-13,20.450001,20.809999,19.969999,20.129999,97100,20.129999
2015-10-12,20.82,21.01,20.16,20.52,111500,20.52
2015-10-09,20.110001,21.27,20.110001,20.700001,460600,20.700001
2015-10-08,19.879999,20.440001,19.07,20.040001,96700,20.040001
2015-10-07,18.67,20.10,18.17,20.07,164200,20.07
2015-10-06,18.459999,18.82,17.105,18.52,177900,18.52
2015-10-05,18.90,19.41,18.120001,18.43,163200,18.43
2015-10-02,16.610001,18.66,16.465,18.65,148000,18.65
2015-10-01,17.23,17.610001,16.219999,16.790001,178600,16.790001
2015-09-30,16.940001,17.360001,16.24,17.280001,194600,17.280001
2015-09-29,17.530001,17.90,16.15,16.65,105600,16.65
2015-09-28,20.059999,20.059999,17.49,17.68,207500,17.68
2015-09-25,21.889999,21.99,19.969999,20.08,156300,20.08
2015-09-24,21.200001,21.66,20.450001,21.629999,122400,21.629999
2015-09-23,21.51,21.848,20.889999,21.290001,108200,21.290001
2015-09-22,21.40,22.00,20.969999,21.40,150700,21.40
2015-09-21,22.08,22.48,20.66,21.15,94000,21.15
2015-09-18,21.23,22.00,20.879999,21.99,207500,21.99
2015-09-17,20.940001,21.915001,20.469999,21.49,122500,21.49
2015-09-16,21.35,21.924,20.50,20.93,170200,20.93
2015-09-15,21.540001,22.15,20.879999,21.33,178200,21.33
2015-09-14,20.84,21.77,20.75,21.299999,150400,21.299999
2015-09-11,20.639999,21.280001,18.65,20.84,130500,20.84
2015-09-10,19.90,20.98,19.389999,20.65,202100,20.65
2015-09-09,20.82,20.92,19.67,19.879999,214300,19.879999
2015-09-08,19.16,20.992001,19.08,20.459999,291500,20.459999
2015-09-04,18.299999,19.65,18.299999,18.889999,119700,18.889999
2015-09-03,19.25,19.73,18.389999,18.58,131500,18.58
2015-09-02,18.860001,19.50,18.00,19.200001,129800,19.200001
2015-09-01,18.32,19.370001,17.969999,18.77,108500,18.77
2015-08-31,18.74,19.370001,18.07,18.98,124600,18.98
2015-08-28,17.459999,18.889999,17.40,18.75,106300,18.75
2015-08-27,17.85,17.85,17.200001,17.629999,142600,17.629999
2015-08-26,17.559999,18.92,17.190001,17.700001,158800,17.700001
2015-08-25,17.370001,17.91,17.10,17.129999,140900,17.129999
2015-08-24,16.719999,17.66,16.02,16.719999,131200,16.719999
2015-08-21,16.799999,17.90,16.60,17.41,112100,17.41
2015-08-20,18.030001,18.379999,17.27,17.290001,97500,17.290001
2015-08-19,18.99,19.299999,17.68,18.200001,111600,18.200001
2015-08-18,19.09,20.00,18.559999,19.360001,302700,19.360001
2015-08-17,18.950001,19.059999,18.58,18.870001,166100,18.870001
2015-08-14,18.129999,18.959999,17.75,18.91,75300,18.91
2015-08-13,18.209999,19.059999,17.82,18.209999,94600,18.209999
2015-08-12,19.50,19.50,17.74,18.25,148300,18.25
2015-08-11,18.00,18.99,17.83,18.709999,95700,18.709999
2015-08-10,18.32,18.76,18.00,18.110001,143900,18.110001
2015-08-07,18.25,18.549999,18.25,18.290001,81500,18.290001
2015-08-06,19.07,19.299999,18.24,18.41,96800,18.41
2015-08-05,19.860001,19.950001,19.01,19.23,104000,19.23
2015-08-04,19.860001,19.90,19.365,19.790001,57600,19.790001
2015-08-03,19.60,20.261,17.67,19.870001,91500,19.870001
2015-07-31,18.879999,19.76,18.73,19.719999,584300,19.719999
2015-07-30,19.309999,19.566,18.41,18.879999,249000,18.879999
2015-07-29,19.780001,19.860001,19.10,19.27,156600,19.27
2015-07-28,19.23,20.10,18.959999,19.629999,340300,19.629999
2015-07-27,17.799999,19.17,17.559999,19.139999,143200,19.139999
2015-07-24,18.10,18.139999,17.51,18.01,101000,18.01
2015-07-23,18.219999,18.858999,18.09,18.10,62900,18.10
2015-07-22,17.459999,18.59,17.07,18.09,119400,18.09
2015-07-21,17.15,17.73,16.969999,17.629999,314700,17.629999
2015-07-20,17.00,17.50,16.950001,17.25,93100,17.25
2015-07-17,17.09,17.17,16.879999,16.99,169500,16.99
2015-07-16,17.049999,17.40,16.74,16.99,82100,16.99
2015-07-15,17.790001,17.790001,16.66,16.889999,178500,16.889999
2015-07-14,17.200001,18.136999,17.01,17.67,194300,17.67
2015-07-13,17.52,17.77,17.01,17.290001,114900,17.290001
2015-07-10,16.700001,17.940001,16.624001,17.67,110300,17.67
2015-07-09,16.200001,16.75,15.89,16.459999,92000,16.459999
2015-07-08,16.948,16.948,15.717,15.94,54700,15.94
2015-07-07,16.85,16.85,16.120001,16.66,51600,16.66
2015-07-06,15.65,17.00,15.00,16.959999,116300,16.959999
2015-07-02,16.17,16.27,15.65,15.89,77100,15.89
2015-07-01,16.09,16.23,15.49,16.09,85900,16.09
2015-06-30,15.17,16.190001,14.71,15.97,191700,15.97
2015-06-29,15.75,16.33,14.77,14.92,188100,14.92
2015-06-26,15.97,16.32,15.55,15.89,975700,15.89
2015-06-25,16.00,16.40,15.59,16.049999,98100,16.049999
2015-06-24,16.809999,17.00,15.75,15.93,110900,15.93
2015-06-23,16.52,17.040001,16.34,16.870001,156000,16.870001
2015-06-22,16.379999,16.639999,15.92,16.43,99300,16.43
2015-06-19,16.48,16.799999,15.97,16.48,111100,16.48
2015-06-18,16.209999,17.01,16.209999,16.360001,122900,16.360001
2015-06-17,15.65,16.299999,15.38,16.049999,105800,16.049999
2015-06-16,17.610001,17.66,15.10,15.69,254500,15.69
2015-06-15,14.93,17.02,14.87,16.959999,559000,16.959999
2015-06-12,14.61,14.66,14.13,14.64,68200,14.64
2015-06-11,15.02,15.20,14.17,14.60,124500,14.60
2015-06-10,14.80,15.43,14.41,15.04,155100,15.04
2015-06-09,14.69,14.87,14.42,14.61,110100,14.61
2015-06-08,14.50,14.77,14.30,14.64,162200,14.64
2015-06-05,14.62,14.81,14.25,14.54,135900,14.54
2015-06-04,16.139999,16.139999,14.19,14.51,433600,14.51
2015-06-03,12.50,15.57,12.40,14.95,995200,14.95
2015-06-02,9.90,10.72,9.90,10.70,52400,10.70
2015-06-01,10.97,10.97,9.99,10.16,81200,10.16
2015-05-29,10.94,11.15,10.60,10.95,78500,10.95
2015-05-28,11.13,11.13,10.675,10.96,42400,10.96
2015-05-27,10.97,11.15,10.68,11.12,60700,11.12
2015-05-26,11.18,11.18,10.617,10.91,104600,10.91
2015-05-22,11.06,11.344,11.00,11.03,552300,11.03
2015-05-21,11.55,11.55,10.83,11.17,188300,11.17
2015-05-20,11.25,12.40,11.00,11.69,435300,11.69
2015-05-19,9.63,10.73,8.06,10.63,587000,10.63
2015-05-18,8.95,9.26,8.87,9.22,61700,9.22
2015-05-15,8.98,9.07,8.70,8.95,61200,8.95
2015-05-14,8.96,9.39,8.65,8.92,123200,8.92
2015-05-13,9.03,9.08,8.282,8.96,75000,8.96
2015-05-12,8.91,9.18,8.51,9.06,81300,9.06
2015-05-11,8.86,9.17,8.86,9.00,111400,9.00
2015-05-08,8.76,8.90,8.58,8.86,82100,8.86
2015-05-07,8.52,8.83,8.01,8.66,159800,8.66
2015-05-06,8.90,8.92,7.95,8.32,588800,8.32
2015-05-05,10.99,10.99,10.80,10.91,43100,10.91
2015-05-04,10.81,10.99,10.70,10.96,52800,10.96
2015-05-01,10.47,11.13,10.47,11.01,41600,11.01
2015-04-30,11.20,11.25,10.40,10.50,153700,10.50
2015-04-29,11.47,11.78,11.30,11.37,68300,11.37
2015-04-28,11.79,11.94,11.364,11.55,73500,11.55
2015-04-27,12.00,12.415,11.52,11.74,123700,11.74
2015-04-24,12.45,12.50,11.88,11.92,101900,11.92
2015-04-23,12.44,12.505,12.14,12.41,121700,12.41
2015-04-22,12.60,12.75,12.04,12.51,114400,12.51
2015-04-21,12.88,13.12,12.45,12.52,131800,12.52
2015-04-20,12.48,12.96,11.59,12.75,144200,12.75
2015-04-17,12.31,12.79,12.30,12.48,103600,12.48
2015-04-16,13.17,13.25,12.46,12.53,89100,12.53
2015-04-15,13.08,13.31,12.88,13.15,110100,13.15
2015-04-14,13.48,13.48,12.91,13.05,103200,13.05
2015-04-13,12.80,13.755,12.80,13.34,115400,13.34
2015-04-10,13.00,13.76,12.70,12.82,122400,12.82
2015-04-09,12.33,13.19,12.25,12.87,313200,12.87
2015-04-08,12.14,12.55,12.04,12.33,95100,12.33
2015-04-07,12.74,12.88,12.08,12.22,110200,12.22
2015-04-06,12.95,13.09,12.55,12.69,85500,12.69
2015-04-02,13.20,13.26,12.96,13.02,49800,13.02
2015-04-01,13.08,13.83,12.91,13.24,69100,13.24
2015-03-31,13.08,13.31,13.00,13.09,65400,13.09
2015-03-30,13.99,14.05,13.14,13.21,94300,13.21
2015-03-27,14.09,14.616,14.00,14.01,80700,14.01
2015-03-26,14.30,14.54,13.94,14.03,74500,14.03
2015-03-25,15.01,15.15,14.12,14.30,97400,14.30
2015-03-24,15.21,15.64,15.00,15.13,73100,15.13
2015-03-23,15.21,15.70,14.91,15.15,140500,15.15
2015-03-20,15.91,16.18,15.26,15.28,106500,15.28
2015-03-19,15.55,16.16,15.51,15.90,40500,15.90
2015-03-18,15.63,15.695,15.30,15.57,43300,15.57
2015-03-17,15.75,15.94,15.22,15.63,27200,15.63
2015-03-16,15.74,15.81,15.10,15.71,47400,15.71
2015-03-13,15.62,16.219999,15.33,15.50,54500,15.50
2015-03-12,15.32,15.595,14.82,15.53,58900,15.53
2015-03-11,15.43,15.60,15.05,15.35,41900,15.35
2015-03-10,15.20,15.60,14.81,15.33,54700,15.33
2015-03-09,15.31,15.56,14.90,15.13,93700,15.13
2015-03-06,15.95,15.98,15.49,15.66,53600,15.66
2015-03-05,15.57,16.219999,15.21,16.08,45600,16.08
2015-03-04,15.05,15.96,15.00,15.60,81000,15.60
2015-03-03,16.43,16.43,15.34,15.40,105200,15.40
2015-03-02,16.190001,16.784,15.50,16.459999,97600,16.459999
2015-02-27,16.00,16.40,15.74,15.745,72500,15.745
2015-02-26,16.219999,16.629999,14.78,16.01,116200,16.01
2015-02-25,16.889,17.43,16.299999,17.299999,34000,17.299999
2015-02-24,17.41,17.41,16.280001,16.879999,70400,16.879999
2015-02-23,17.049999,17.450001,16.450001,17.290001,37500,17.290001
2015-02-20,17.450001,17.49,16.549999,17.18,62500,17.18
2015-02-19,17.82,18.15,17.01,17.190001,56500,17.190001
2015-02-18,16.226999,17.67,16.139999,17.629999,65600,17.629999
2015-02-17,17.25,17.25,16.10,16.370001,49800,16.370001
2015-02-13,16.450001,17.190001,16.200001,17.139999,73900,17.139999
2015-02-12,16.00,16.629999,15.68,16.43,79700,16.43
2015-02-11,15.69,16.23,15.53,15.83,78700,15.83
2015-02-10,15.81,16.07,15.61,15.78,82100,15.78
2015-02-09,15.61,16.040001,15.61,15.89,82300,15.89
2015-02-06,15.94,16.200001,15.73,15.92,82600,15.92
2015-02-05,15.73,16.469999,15.46,15.95,167100,15.95
2015-02-04,16.00,17.18,15.60,15.78,288800,15.78
2015-02-03,18.700001,19.280001,15.34,15.54,450000,15.54
2015-02-02,25.639999,25.639999,18.301001,19.25,927000,19.25
2015-01-30,26.950001,27.74,26.690001,27.01,227700,27.01
2015-01-29,27.42,27.73,26.27,27.370001,133000,27.370001
2015-01-28,25.85,27.99,25.85,27.440001,113100,27.440001
2015-01-27,26.110001,27.00,25.379999,25.780001,37300,25.780001
2015-01-26,26.33,26.969999,25.299999,26.16,47200,26.16
2015-01-23,26.129999,27.059999,26.129999,26.620001,76600,26.620001
2015-01-22,25.129999,26.75,24.450001,26.309999,287300,26.309999
2015-01-21,25.51,25.85,24.311001,25.00,35900,25.00
2015-01-20,25.67,26.00,24.67,25.379999,111800,25.379999
2015-01-16,24.049999,25.93,24.049999,25.57,93000,25.57
2015-01-15,24.469999,24.469999,24.01,24.27,93100,24.27
2015-01-14,23.690001,24.709999,23.02,24.32,85800,24.32
2015-01-13,23.84,24.32,22.940001,23.790001,164400,23.790001
2015-01-12,24.07,24.139999,23.00,23.75,96700,23.75
2015-01-09,23.049999,24.42,23.049999,23.50,76200,23.50
2015-01-08,23.00,24.549999,23.00,23.549999,437500,23.549999
2015-01-07,22.75,23.48,22.52,23.33,47100,23.33
2015-01-06,22.190001,23.440001,22.10,23.02,79000,23.02
2015-01-05,20.26,21.962,20.129999,21.959999,66200,21.959999
2015-01-02,19.469999,20.299999,18.950001,20.26,73100,20.26
2014-12-31,18.860001,19.27,18.129999,18.889999,176000,18.889999
2014-12-30,19.639999,20.049999,18.75,19.030001,101000,19.030001
2014-12-29,20.65,21.200001,19.360001,20.23,115200,20.23
2014-12-26,21.60,22.440001,20.91,21.440001,32100,21.440001
2014-12-24,22.040001,22.535,20.67,20.969999,91800,20.969999
2014-12-23,23.639999,23.940001,22.00,22.709999,142200,22.709999
2014-12-22,23.50,24.049999,23.280001,23.90,64100,23.90
2014-12-19,23.110001,24.049999,23.110001,23.860001,95200,23.860001
2014-12-18,23.42,24.67,23.25,24.049999,57400,24.049999
2014-12-17,22.68,23.66,22.68,23.43,56900,23.43
2014-12-16,22.299999,23.964001,22.299999,23.32,152800,23.32
2014-12-15,26.00,28.219999,21.128,23.059999,332600,23.059999
2014-12-12,28.379999,31.52,28.379999,30.35,29400,30.35
2014-12-11,28.77,29.450001,28.459999,28.459999,24400,28.459999
2014-12-10,29.790001,29.790001,28.299999,28.75,24900,28.75
2014-12-09,30.129999,31.910999,28.379999,30.17,37000,30.17
2014-12-08,32.939999,33.490002,30.860001,30.870001,33800,30.870001
2014-12-05,32.650002,34.369999,32.354,32.830002,41900,32.830002
2014-12-04,33.400002,35.48,31.85,32.740002,70000,32.740002
2014-12-03,29.42,33.009998,29.00,32.889999,50000,32.889999
2014-12-02,27.85,29.99,27.85,29.200001,43000,29.200001
2014-12-01,27.059999,28.360001,26.719999,27.809999,32500,27.809999
2014-11-28,25.610001,27.24,25.610001,26.77,19200,26.77
2014-11-26,23.98,26.290001,23.98,26.27,15100,26.27
2014-11-25,23.950001,23.950001,23.17,23.92,10400,23.92
2014-11-24,23.530001,23.85,23.00,23.84,25500,23.84
2014-11-21,22.57,23.604,22.040001,22.809999,15100,22.809999
2014-11-20,20.860001,22.18,20.68,22.17,16800,22.17
2014-11-19,21.15,21.299999,20.370001,20.969999,15000,20.969999
2014-11-18,20.280001,21.35,20.17,21.33,14600,21.33
2014-11-17,21.629999,21.73,20.200001,20.26,19700,20.26
2014-11-14,21.93,21.93,21.190001,21.639999,10100,21.639999
2014-11-13,21.60,21.934999,20.900999,21.65,19600,21.65
2014-11-12,21.620001,23.58,21.43,21.60,21500,21.60
2014-11-11,22.51,22.51,21.50,21.91,25500,21.91
2014-11-10,23.24,23.700001,21.75,22.690001,45800,22.690001
2014-11-07,24.01,24.76,23.200001,23.49,31300,23.49
2014-11-06,22.549999,24.25,22.309999,24.01,32000,24.01
2014-11-05,23.290001,23.299999,21.549999,23.139999,15500,23.139999
2014-11-04,24.00,24.00,21.440001,22.42,27300,22.42
2014-11-03,21.799999,23.00,20.82,22.58,21000,22.58
2014-10-31,20.25,22.327999,20.25,21.93,91900,21.93
2014-10-30,20.358999,21.91,19.90,19.91,69700,19.91
2014-10-29,20.304001,21.17,19.82,20.389999,8500,20.389999
2014-10-28,19.85,20.315001,19.33,20.299999,30700,20.299999
2014-10-27,21.190001,24.246,19.43,20.09,27100,20.09
2014-10-24,23.08,24.49,21.059999,21.35,35800,21.35
2014-10-23,23.959999,24.690001,22.50,22.98,43900,22.98
2014-10-22,21.610001,24.219999,20.504999,23.50,82000,23.50
2014-10-21,20.030001,21.799999,20.030001,21.16,44700,21.16
2014-10-20,20.639999,22.610001,19.76,19.98,79300,19.98
2014-10-17,21.01,21.01,20.110001,20.790001,46700,20.790001
2014-10-16,19.00,21.200001,19.00,20.77,40600,20.77
2014-10-15,20.02,20.08,18.57,19.08,112600,19.08
2014-10-14,20.530001,20.84,19.51,20.00,70300,20.00
2014-10-13,19.389999,20.469999,19.200001,20.24,52800,20.24
2014-10-10,18.860001,20.35,18.860001,19.610001,58600,19.610001
2014-10-09,20.809999,21.280001,18.669001,19.01,158800,19.01
2014-10-08,22.450001,22.450001,20.49,21.00,70300,21.00
2014-10-07,24.00,24.00,22.021,22.450001,127000,22.450001
2014-10-06,22.50,25.23,22.50,24.129999,190400,24.129999
2014-10-03,19.379999,22.870001,18.91,22.48,204800,22.48
2014-10-02,19.00,19.93,18.67,19.379999,153200,19.379999
2014-10-01,15.40,20.00,15.10,19.00,908500,19.00
2014-09-30,14.15,14.40,13.80,14.21,516200,14.21
2014-09-29,14.05,14.52,13.92,14.39,32200,14.39
2014-09-26,13.99,14.20,13.79,14.14,35000,14.14
2014-09-25,13.92,14.10,13.66,13.95,22200,13.95
2014-09-24,14.01,14.35,13.63,14.08,28700,14.08
2014-09-23,12.89,14.39,12.65,14.01,30600,14.01
2014-09-22,13.17,13.71,12.54,12.89,28600,12.89
2014-09-19,13.92,14.00,12.71,12.71,81600,12.71
2014-09-18,13.01,14.16,13.01,13.24,12800,13.24
2014-09-17,13.35,13.70,12.96,13.04,28900,13.04
2014-09-16,13.96,14.45,13.43,13.69,55300,13.69
2014-09-15,12.82,14.016,12.76,13.91,30900,13.91
2014-09-12,12.98,13.72,12.62,12.70,36100,12.70
2014-09-11,13.74,14.09,12.31,12.98,47900,12.98
2014-09-10,14.78,14.78,13.75,13.76,23200,13.76
2014-09-09,14.54,14.55,13.495,13.75,38700,13.75
2014-09-08,14.25,14.58,14.17,14.32,28600,14.32
2014-09-05,13.98,14.30,13.98,13.98,18700,13.98
2014-09-04,14.06,14.75,13.99,14.175,14600,14.175
2014-09-03,14.12,14.49,13.98,14.37,15300,14.37
2014-09-02,14.54,14.62,13.91,14.62,13800,14.62
2014-08-29,14.93,15.00,14.772,14.96,5800,14.96
2014-08-28,13.96,14.99,13.64,14.93,19500,14.93
2014-08-27,13.50,14.23,13.40,13.90,18400,13.90
2014-08-26,13.28,13.45,12.61,13.44,12200,13.44
2014-08-25,12.75,13.69,12.75,13.24,29700,13.24
2014-08-22,12.16,12.75,12.00,12.60,15500,12.60
2014-08-21,11.876,13.00,11.83,12.46,30700,12.46
2014-08-20,12.499,12.90,12.30,12.885,24600,12.885
2014-08-19,12.38,12.48,12.02,12.46,10300,12.46
2014-08-18,11.95,12.47,11.78,12.24,17300,12.24
2014-08-15,11.79,12.245,11.37,11.65,56600,11.65
2014-08-14,12.10,12.10,11.522,11.99,38700,11.99
2014-08-13,12.21,12.59,11.82,12.09,4900,12.09
2014-08-12,11.90,12.18,11.68,11.97,7700,11.97
2014-08-11,11.75,12.28,11.63,11.86,19600,11.86
2014-08-08,11.56,12.30,11.56,11.70,12800,11.70
2014-08-07,12.60,12.60,11.37,12.03,17200,12.03
2014-08-06,12.35,13.00,12.13,12.36,16900,12.36
2014-08-05,13.35,13.38,12.46,13.02,24000,13.02
2014-08-04,13.26,13.75,12.80,13.39,28600,13.39
2014-08-01,14.53,14.53,12.97,13.23,25500,13.23
2014-07-31,15.06,15.06,14.37,14.46,31500,14.46
2014-07-30,15.53,15.54,15.15,15.20,8100,15.20
2014-07-29,15.26,15.90,15.16,15.65,5800,15.65
2014-07-28,15.58,15.80,15.20,15.37,9500,15.37
2014-07-25,15.61,15.78,15.16,15.69,55400,15.69
2014-07-24,15.94,16.440001,15.51,15.79,64200,15.79
2014-07-23,16.17,16.17,15.332,15.91,33700,15.91
2014-07-22,15.20,16.440001,15.161,16.25,6700,16.25
2014-07-21,16.059999,16.110001,15.20,15.20,22500,15.20
2014-07-18,16.379999,16.379999,15.85,16.200001,14800,16.200001
2014-07-17,16.290001,16.65,16.200001,16.24,31200,16.24
2014-07-16,16.469999,16.610001,16.09,16.389999,26300,16.389999
2014-07-15,16.549999,16.709999,16.030001,16.50,31500,16.50
2014-07-14,18.24,18.51,15.88,16.51,109200,16.51
2014-07-11,16.450001,18.01,16.450001,17.75,24400,17.75
2014-07-10,16.709999,17.200001,16.00,16.50,64600,16.50
2014-07-09,17.700001,18.969999,17.120001,17.92,29800,17.92
2014-07-08,19.10,19.84,17.40,17.700001,29000,17.700001
2014-07-07,20.629999,21.60,18.610001,19.00,67700,19.00
2014-07-03,19.49,20.50,19.462,20.440001,19500,20.440001
2014-07-02,17.860001,19.49,17.860001,19.440001,48300,19.440001
2014-07-01,16.00,18.00,15.984,17.74,45500,17.74
2014-06-30,15.85,16.00,15.51,15.97,20200,15.97
2014-06-27,15.63,16.00,15.59,15.96,12000,15.96
2014-06-26,15.45,15.95,15.23,15.73,40200,15.73
2014-06-25,15.67,15.93,15.35,15.45,30900,15.45
2014-06-24,15.20,16.00,15.20,15.81,50200,15.81
2014-06-23,14.36,15.88,14.36,15.15,99600,15.15
2014-06-20,14.06,14.54,14.05,14.31,74500,14.31
2014-06-19,14.50,14.88,14.09,14.11,1583100,14.11
