Date,Open,High,Low,Close,Volume,Adj Close
2016-11-25,17.799999,17.950001,17.469999,17.469999,19000,17.469999
2016-11-23,17.950001,18.15,17.00,17.60,246600,17.60
2016-11-22,18.049999,18.200001,18.00,18.10,48900,18.10
2016-11-21,17.50,18.40,17.50,18.120001,76800,18.120001
2016-11-18,16.674999,18.10,16.50,17.50,99100,17.50
2016-11-17,16.799999,17.15,16.504,16.85,25200,16.85
2016-11-16,16.75,16.75,16.40,16.549999,15100,16.349999
2016-11-15,16.799999,16.955999,16.65,16.75,29600,16.547583
2016-11-14,16.75,16.950001,16.75,16.90,52400,16.69577
2016-11-11,16.700001,17.200001,16.25,16.90,32000,16.69577
2016-11-10,15.35,17.25,15.35,16.85,131200,16.646375
2016-11-09,14.90,15.55,14.90,15.40,80500,15.213897
2016-11-08,15.15,15.50,15.00,15.35,16700,15.164502
2016-11-07,15.65,15.975,15.05,15.35,73900,15.164502
2016-11-04,15.60,15.95,15.05,15.50,80400,15.312689
2016-11-03,15.25,15.726,15.00,15.70,49100,15.510272
2016-11-02,16.299999,16.299999,14.75,15.15,87200,14.966918
2016-11-01,16.700001,16.844,16.10,16.15,41300,15.954833
2016-10-31,17.00,17.065001,16.200001,16.75,96700,16.547583
2016-10-28,17.15,17.200001,16.75,17.00,19600,16.794562
2016-10-27,16.85,17.299999,16.50,17.200001,35300,16.992146
2016-10-26,16.90,17.450001,16.75,16.75,45600,16.547583
2016-10-25,16.950001,17.299999,16.85,17.15,44400,16.942749
2016-10-24,17.15,17.299999,16.35,17.02,82200,16.814321
2016-10-21,16.950001,17.40,16.90,17.10,9000,16.893354
2016-10-20,17.35,17.523001,16.799999,17.10,48100,16.893354
2016-10-19,17.950001,18.15,16.85,17.50,82400,17.288519
2016-10-18,17.90,18.00,17.549999,17.90,20000,17.683685
2016-10-17,18.25,18.25,17.50,17.65,24500,17.436706
2016-10-14,18.950001,18.950001,18.00,18.00,21200,17.782477
2016-10-13,18.67,18.950001,18.08,18.950001,29500,18.720998
2016-10-12,18.65,18.82,18.219999,18.65,11300,18.424622
2016-10-11,18.51,19.040001,18.09,18.549999,23200,18.32583
2016-10-10,18.35,18.549999,18.17,18.549999,16200,18.32583
2016-10-07,18.85,19.004,17.91,18.360001,81800,18.138127
2016-10-06,18.34,19.08,18.059999,18.99,38900,18.760513
2016-10-05,18.07,18.52,18.049999,18.52,12300,18.296194
2016-10-04,18.10,18.355,17.82,18.059999,28400,17.841752
2016-10-03,17.50,18.200001,17.24,18.02,27400,17.802236
2016-09-30,18.549999,18.92,17.379999,17.41,75600,17.199607
2016-09-29,18.90,19.540001,18.059999,18.65,72100,18.424622
2016-09-28,18.700001,18.98,18.450001,18.950001,38100,18.720998
2016-09-27,18.808001,18.99,18.360001,18.60,20800,18.375227
2016-09-26,18.50,18.870001,18.50,18.870001,23100,18.641964
2016-09-23,18.690001,18.886999,18.389999,18.67,8900,18.444381
2016-09-22,18.42,18.790001,18.364,18.60,22400,18.375227
2016-09-21,19.15,19.15,18.10,18.42,24200,18.197402
2016-09-20,19.049999,19.200001,18.780001,19.200001,21500,18.967976
2016-09-19,18.82,19.00,18.59,19.00,20800,18.770393
2016-09-16,18.48,18.82,18.48,18.82,13500,18.592567
2016-09-15,18.709999,18.736,18.299999,18.60,14700,18.375227
2016-09-14,18.610001,18.870001,18.25,18.530001,38900,18.306073
2016-09-13,18.290001,18.93,18.25,18.75,43200,18.523414
2016-09-12,18.200001,18.52,18.00,18.52,28300,18.296194
2016-09-09,18.129999,18.24,18.00,18.24,24100,18.019577
2016-09-08,18.059999,18.40,17.85,18.32,50600,18.09861
2016-09-07,18.290001,18.549,18.00,18.10,37700,17.881269
2016-09-06,18.00,18.49,17.99,18.25,33800,18.029456
2016-09-02,19.08,19.139999,17.940001,18.110001,53300,17.891148
2016-09-01,18.16,18.99,18.16,18.92,48000,18.691359
2016-08-31,17.98,18.50,17.98,18.280001,60400,18.059094
2016-08-30,17.60,18.00,17.59,18.00,34900,17.782477
2016-08-29,17.629999,17.700001,17.221001,17.629999,18000,17.416948
2016-08-26,17.52,17.60,17.469999,17.49,5600,17.27864
2016-08-25,17.610001,17.719999,17.35,17.485001,17800,17.273701
2016-08-24,17.530001,17.73,17.329,17.549999,26800,17.337914
2016-08-23,17.57,17.780001,17.348,17.610001,23000,17.397191
2016-08-22,17.26,17.719999,17.110001,17.620001,41000,17.40707
2016-08-19,17.559999,17.82,17.32,17.32,25600,17.110694
2016-08-18,18.00,18.00,17.629999,17.85,54600,17.357674
2016-08-17,17.969999,18.00,17.59,17.91,40800,17.416018
2016-08-16,17.77,18.00,17.52,17.959999,16100,17.464638
2016-08-15,17.541,17.93,17.50,17.77,37500,17.27988
2016-08-12,17.139999,17.92,16.91,17.34,117700,16.86174
2016-08-11,17.127001,17.440001,16.969999,17.120001,47600,16.647808
2016-08-10,16.75,17.200001,16.75,17.040001,24200,16.570015
2016-08-09,17.75,17.75,16.860001,17.030001,36300,16.560291
2016-08-08,17.389999,17.610001,17.129999,17.129999,32700,16.657531
2016-08-05,17.35,17.492001,17.125,17.27,31200,16.793671
2016-08-04,17.120001,17.40,17.02,17.18,42400,16.706153
2016-08-03,16.945999,17.316999,16.799999,17.09,34900,16.618635
2016-08-02,17.246,17.362,16.681,16.860001,22700,16.394979
2016-08-01,17.309999,17.50,17.00,17.26,89900,16.783946
2016-07-29,17.299999,17.407,17.25,17.35,52900,16.871464
2016-07-28,17.09,17.32,17.049999,17.25,64700,16.774222
2016-07-27,17.35,17.49,17.10,17.200001,67000,16.725602
2016-07-26,16.610001,17.48,16.455999,17.35,71700,16.871464
2016-07-25,16.200001,17.40,16.01,16.60,172900,16.14215
2016-07-22,14.99,15.55,14.83,15.55,13200,15.12111
2016-07-21,14.79,15.00,14.61,14.96,21300,14.547383
2016-07-20,14.85,14.85,14.64,14.85,37400,14.440418
2016-07-19,15.18,15.18,14.80,14.90,13600,14.489038
2016-07-18,14.93,15.05,14.76,14.99,17300,14.576556
2016-07-15,14.88,15.17,14.66,15.00,17800,14.58628
2016-07-14,15.25,15.41,14.37,14.75,24600,14.343175
2016-07-13,15.06,15.38,14.85,15.22,33800,14.800212
2016-07-12,15.34,15.43,15.05,15.19,46500,14.771039
2016-07-11,15.26,15.48,15.16,15.42,29700,14.994696
2016-07-08,14.45,15.38,14.45,15.37,52600,14.946075
2016-07-07,14.39,14.81,14.20,14.77,62400,14.362624
2016-07-06,14.01,14.40,13.996,14.20,32000,13.808345
2016-07-05,14.00,14.35,13.81,14.12,105200,13.730551
2016-07-01,14.06,14.61,13.90,14.16,57000,13.769448
2016-06-30,13.69,14.18,13.25,14.09,54500,13.701379
2016-06-29,12.35,13.74,12.35,13.62,54100,13.244342
2016-06-28,12.36,12.68,12.08,12.25,76900,11.912129
2016-06-27,13.44,13.45,12.20,12.35,45600,12.009371
2016-06-24,13.33,13.588,13.254,13.44,34000,13.069306
2016-06-23,13.77,14.20,13.77,14.02,85300,13.63331
2016-06-22,13.94,13.98,13.61,13.70,39000,13.322136
2016-06-21,13.45,13.80,13.27,13.73,44300,13.351308
2016-06-20,13.41,13.505,13.21,13.29,13200,12.923444
2016-06-17,13.48,13.54,13.23,13.28,22200,12.91372
2016-06-16,13.40,13.64,13.20,13.31,24900,12.942893
2016-06-15,13.42,14.09,13.211,13.60,24600,13.224894
2016-06-14,13.69,13.86,13.26,13.38,16800,13.010962
2016-06-13,13.71,14.005,13.55,13.66,146800,13.283239
2016-06-10,13.56,14.03,13.40,13.91,21300,13.526343
2016-06-09,14.001,14.001,13.65,13.74,16600,13.361032
2016-06-08,14.20,14.76,13.90,13.97,62500,13.584689
2016-06-07,14.17,14.30,14.03,14.18,33000,13.788897
2016-06-06,14.00,14.28,14.00,14.26,61300,13.86669
2016-06-03,14.10,14.21,14.00,14.20,22800,13.808345
2016-06-02,14.09,14.41,14.09,14.21,57700,13.818069
2016-06-01,14.06,14.22,14.00,14.19,27300,13.79862
2016-05-31,14.21,14.42,14.10,14.10,25400,13.711104
2016-05-27,13.85,14.84,13.82,14.19,71500,13.79862
2016-05-26,14.21,14.33,13.87,13.87,33400,13.487447
2016-05-25,13.99,14.27,13.88,14.13,23800,13.740276
2016-05-24,14.18,14.20,13.71,13.93,26900,13.545792
2016-05-23,14.02,14.20,13.66,14.10,23500,13.711104
2016-05-20,13.77,14.22,13.67,14.07,30900,13.68193
2016-05-19,14.08,14.08,13.64,13.92,21900,13.390206
2016-05-18,13.56,14.16,13.39,14.00,29500,13.467161
2016-05-17,13.68,13.90,13.45,13.70,21100,13.178579
2016-05-16,13.72,13.81,13.34,13.50,23900,12.986191
2016-05-13,13.95,14.10,13.45,13.54,19200,13.024668
2016-05-12,14.00,14.18,13.90,13.90,14400,13.370966
2016-05-11,14.05,14.18,13.93,13.99,16800,13.457541
2016-05-10,14.06,14.20,14.025,14.14,19000,13.601833
2016-05-09,14.24,14.29,14.05,14.20,27400,13.659549
2016-05-06,14.16,14.20,14.01,14.15,12500,13.611451
2016-05-05,14.23,14.69,13.91,14.12,47100,13.582593
2016-05-04,14.57,14.84,14.051,14.21,33700,13.669168
2016-05-03,14.77,14.828,14.40,14.74,28200,14.178996
2016-05-02,14.63,14.92,14.46,14.92,24100,14.352146
2016-04-29,15.00,15.07,14.41,14.51,29000,13.95775
2016-04-28,15.39,15.74,14.95,15.06,34900,14.486818
2016-04-27,15.52,15.52,15.225,15.42,18300,14.833116
2016-04-26,15.43,15.60,15.41,15.54,29300,14.948548
2016-04-25,15.08,15.42,15.04,15.33,19900,14.746541
2016-04-22,15.22,15.96,15.00,15.03,110600,14.457959
2016-04-21,15.432,15.50,14.83,15.15,31900,14.573391
2016-04-20,15.35,15.57,15.26,15.50,18000,14.910071
2016-04-19,15.45,15.68,15.25,15.31,28300,14.727303
2016-04-18,15.00,15.49,14.92,15.44,30700,14.852354
2016-04-15,14.90,15.00,14.77,14.88,21700,14.313668
2016-04-14,14.71,14.85,14.66,14.79,28300,14.227093
2016-04-13,14.79,14.79,14.58,14.70,26900,14.140519
2016-04-12,14.72,14.85,14.55,14.82,23800,14.255951
2016-04-11,14.61,14.872,14.34,14.59,20900,14.034705
2016-04-08,14.56,14.67,14.52,14.66,17200,14.102041
2016-04-07,14.64,15.00,14.54,14.67,46300,14.111661
2016-04-06,15.01,15.15,14.52,14.52,14500,13.96737
2016-04-05,14.88,15.18,14.52,14.87,31200,14.304048
2016-04-04,15.30,15.50,14.99,15.09,34000,14.515676
2016-04-01,15.20,15.41,15.07,15.30,43800,14.717683
2016-03-31,15.15,15.40,15.015,15.40,62800,14.813876
2016-03-30,15.09,15.50,14.91,15.24,49900,14.659966
2016-03-29,14.29,15.15,14.08,15.08,40900,14.506056
2016-03-28,14.17,14.28,13.97,14.24,23100,13.698026
2016-03-24,13.65,14.38,13.44,14.14,57500,13.601833
2016-03-23,14.00,14.00,13.66,13.70,19200,13.178579
2016-03-22,13.98,14.30,13.832,14.07,25500,13.534496
2016-03-21,13.94,13.99,13.681,13.97,18400,13.438303
2016-03-18,13.97,14.00,13.72,13.86,22400,13.332489
2016-03-17,13.85,14.01,13.691,13.87,37400,13.342108
2016-03-16,13.86,14.235,13.76,13.76,66500,13.236295
2016-03-15,14.08,14.08,13.50,14.00,238700,13.467161
2016-03-14,13.72,14.43,13.60,14.19,61000,13.649929
2016-03-11,13.49,13.95,13.48,13.72,44400,13.197818
2016-03-10,12.83,13.60,12.70,13.31,79500,12.803422
2016-03-09,12.90,13.70,12.14,13.00,239600,12.312833
2016-03-08,12.71,12.86,11.97,12.27,100800,11.62142
2016-03-07,12.68,12.83,12.51,12.58,25800,11.915034
2016-03-04,12.45,12.89,12.27,12.71,40900,12.038162
2016-03-03,12.55,12.75,12.40,12.45,47700,11.791905
2016-03-02,12.25,12.61,12.115,12.48,71800,11.820319
2016-03-01,12.03,12.49,11.93,12.11,42300,11.469877
2016-02-29,12.20,12.23,11.74,11.90,37600,11.270977
2016-02-26,11.75,12.60,11.75,12.08,110600,11.441463
2016-02-25,11.50,11.67,11.39,11.62,27100,11.005778
2016-02-24,11.548,11.59,11.30,11.50,17600,10.892121
2016-02-23,11.68,11.765,11.34,11.47,69000,10.863707
2016-02-22,11.71,11.84,11.32,11.63,19800,11.01525
2016-02-19,11.90,11.90,11.59,11.59,59700,10.977364
2016-02-18,12.00,12.03,11.80,11.85,85000,11.223621
2016-02-17,12.00,12.05,11.81,11.96,70100,11.327806
2016-02-16,11.76,12.05,11.641,12.05,44500,11.413049
2016-02-12,10.98,11.68,10.957,11.68,19000,11.062607
2016-02-11,11.01,11.105,10.85,10.97,41700,10.390137
2016-02-10,11.03,11.52,10.76,10.93,16400,10.352251
2016-02-09,10.86,11.29,10.76,10.95,44400,10.371194
2016-02-08,11.04,11.07,10.87,11.07,86100,10.48485
2016-02-05,11.12,11.12,11.01,11.05,20100,10.465908
2016-02-04,11.10,11.208,11.09,11.14,35600,10.551151
2016-02-03,11.10,11.18,11.04,11.10,53500,10.513265
2016-02-02,11.26,11.26,10.88,11.09,60400,10.503794
2016-02-01,11.66,11.70,11.24,11.24,30200,10.645865
2016-01-29,11.77,12.084,11.68,11.76,50200,11.138378
2016-01-28,11.94,12.19,11.62,11.66,37800,11.043664
2016-01-27,11.73,12.08,11.73,11.93,34600,11.299392
2016-01-26,11.29,11.92,11.29,11.71,31700,11.091021
2016-01-25,11.58,11.60,11.23,11.35,44300,10.750051
2016-01-22,11.25,11.65,11.25,11.52,41400,10.911065
2016-01-21,11.409,11.655,11.06,11.11,113800,10.522736
2016-01-20,11.08,11.40,11.00,11.25,82100,10.655336
2016-01-19,11.00,11.24,11.00,11.21,74400,10.617451
2016-01-15,11.25,11.25,10.72,10.91,521400,10.333308
2016-01-14,11.44,11.50,11.09,11.25,591500,10.655336
2016-01-13,11.62,11.70,11.33,11.47,355200,10.863707
2016-01-12,11.88,11.92,11.27,11.47,102300,10.863707
2016-01-11,11.64,11.78,11.50,11.68,69600,11.062607
2016-01-08,11.88,11.98,11.57,11.72,44400,11.100493
2016-01-07,11.83,11.95,11.53,11.81,126100,11.185736
2016-01-06,12.55,12.677,11.91,11.98,106300,11.346749
2016-01-05,12.86,13.01,12.50,12.69,135400,12.019219
2016-01-04,12.73,12.89,12.52,12.81,48600,12.132877
2015-12-31,12.71,13.093,12.51,12.93,59500,12.246533
2015-12-30,12.67,13.00,12.67,12.91,59300,12.22759
2015-12-29,13.11,13.122,12.66,12.81,93300,12.132877
2015-12-28,12.95,13.17,12.86,13.00,117400,12.312833
2015-12-24,13.31,13.31,12.80,12.95,49900,12.265476
2015-12-23,13.07,13.51,13.07,13.34,101600,12.634861
2015-12-22,12.80,13.34,12.80,13.22,92600,12.521204
2015-12-21,12.67,12.918,12.67,12.87,40600,12.189704
2015-12-18,12.969,13.04,12.80,12.86,56000,12.180233
2015-12-17,12.73,13.03,12.73,12.96,98400,12.274947
2015-12-16,12.67,13.18,12.67,12.84,119000,12.16129
2015-12-15,12.46,12.82,12.33,12.66,129800,11.990805
2015-12-14,13.38,13.53,12.44,12.46,120500,11.801377
2015-12-11,13.85,13.85,13.54,13.55,75000,12.833761
2015-12-10,13.53,14.01,13.53,13.96,69600,13.222088
2015-12-09,13.84,14.22,13.50,13.50,72500,12.786403
2015-12-08,14.03,14.03,13.49,13.67,68500,12.947417
2015-12-07,13.85,13.92,13.51,13.62,76300,12.90006
2015-12-04,14.00,14.07,13.85,13.90,25400,13.165259
2015-12-03,14.15,14.355,13.98,13.98,117700,13.241031
2015-12-02,14.12,14.66,14.11,14.20,85600,13.449402
2015-12-01,14.06,14.25,14.05,14.10,95700,13.354688
2015-11-30,14.11,14.25,14.05,14.07,119900,13.326273
2015-11-27,14.19,14.195,14.05,14.11,119700,13.364159
2015-11-25,14.00,14.205,14.00,14.09,177900,13.345217
2015-11-24,13.99,14.16,13.815,13.97,216900,13.23156
2015-11-23,14.20,14.20,13.95,13.95,28400,13.212617
2015-11-20,13.94,14.20,13.82,14.00,147100,13.259974
2015-11-19,13.75,14.00,13.71,13.81,361300,12.956889
2015-11-18,14.11,14.158,13.56,13.73,99400,12.88183
2015-11-17,14.55,14.71,14.15,14.17,48300,13.29465
2015-11-16,14.66,14.75,14.28,14.46,243700,13.566735
2015-11-13,15.51,15.59,14.11,14.67,119800,13.763762
2015-11-12,16.129999,16.129999,15.45,15.61,43700,14.645693
2015-11-11,16.65,16.65,16.15,16.15,19900,15.152335
2015-11-10,16.389999,16.65,15.50,16.17,152200,15.1711
2015-11-09,16.32,16.766001,16.292,16.67,62800,15.640212
2015-11-06,16.02,16.459999,16.02,16.32,87700,15.311833
2015-11-05,15.91,16.200001,15.91,16.00,18100,15.011601
2015-11-04,16.34,16.469999,15.91,15.91,16500,14.927161
2015-11-03,16.280001,16.469999,16.16,16.18,42200,15.180482
2015-11-02,16.110001,16.459999,16.110001,16.17,42900,15.1711
2015-10-30,16.17,16.40,15.98,16.190001,24600,15.189865
2015-10-29,16.08,16.219999,15.94,16.059999,17100,15.067894
2015-10-28,16.290001,16.40,15.84,16.25,38200,15.246158
2015-10-27,15.83,16.389999,15.83,16.139999,285700,15.142952
2015-10-26,16.173,16.26,16.01,16.09,46500,15.096042
2015-10-23,16.08,16.40,16.049999,16.290001,77600,15.283688
2015-10-22,16.540001,16.540001,16.00,16.040001,42300,15.049131
2015-10-21,16.780001,16.780001,16.379999,16.530001,28500,15.508861
2015-10-20,16.50,17.040001,16.379999,16.77,40900,15.734035
2015-10-19,16.90,16.950001,16.57,16.76,24700,15.724653
2015-10-16,16.85,17.24,16.77,16.98,32300,15.931062
2015-10-15,16.639999,16.84,16.444,16.700001,64100,15.66836
2015-10-14,16.65,16.99,16.65,16.67,91200,15.640212
2015-10-13,17.190001,17.190001,16.77,16.93,21500,15.884151
2015-10-12,17.129999,17.360001,17.01,17.01,13100,15.959209
2015-10-09,17.24,17.469999,17.139999,17.18,20400,16.118707
2015-10-08,17.24,17.42,16.969999,17.33,152300,16.259441
2015-10-07,17.209999,17.339001,17.209999,17.334999,19100,16.264131
2015-10-06,17.559999,17.934,17.15,17.25,62500,16.184383
2015-10-05,17.049999,18.16,17.049999,17.559999,145300,16.475232
2015-10-02,17.559999,17.559999,16.76,17.395,234800,16.320426
2015-10-01,17.75,18.15,17.389999,17.719999,19500,16.625348
2015-09-30,17.870001,17.879999,17.48,17.48,149300,16.400174
2015-09-29,18.33,18.370001,17.25,17.969999,45900,16.859904
2015-09-28,17.85,18.309999,17.68,18.15,49800,17.028785
2015-09-25,18.629999,19.07,17.75,17.90,41200,16.794229
2015-09-24,19.309999,19.40,18.540001,18.870001,41600,17.704308
2015-09-23,18.48,19.459999,18.299999,19.459999,28700,18.257859
2015-09-22,18.75,18.85,17.83,18.27,33800,17.141373
2015-09-21,18.75,19.00,18.50,18.879999,71600,17.713689
2015-09-18,18.50,18.91,18.219999,18.76,53100,17.601103
2015-09-17,17.99,18.465,17.82,18.25,49300,17.122608
2015-09-16,17.60,18.07,17.389999,17.83,34700,16.728553
2015-09-15,17.35,17.75,17.00,17.700001,35200,16.606585
2015-09-14,17.09,17.464001,16.879999,17.389999,92700,16.315734
2015-09-11,16.85,17.370001,16.68,17.32,63200,16.250058
2015-09-10,16.83,17.59,16.83,17.059999,86500,16.00612
2015-09-09,17.110001,17.298,16.709999,17.030001,31900,15.977974
2015-09-08,17.10,17.23,16.700001,17.00,73500,15.949827
2015-09-04,16.969999,17.17,16.83,17.09,32500,16.034267
2015-09-03,16.719999,17.209999,16.719999,17.00,48100,15.949827
2015-09-02,16.940001,17.129999,16.700001,16.959999,57800,15.912297
2015-09-01,17.245001,17.26,16.26,16.91,72800,15.865386
2015-08-31,17.40,17.440001,17.120001,17.25,42700,16.184383
2015-08-28,17.10,17.49,16.959999,17.34,73300,16.268823
2015-08-27,16.700001,17.17,16.219999,16.74,88400,15.705888
2015-08-26,16.290001,16.52,16.00,16.299999,150200,15.293068
2015-08-25,17.610001,17.610001,16.174999,16.280001,133000,15.274305
2015-08-24,16.93,17.469999,15.12,16.82,112000,15.780946
2015-08-21,17.00,17.35,16.48,17.35,64400,16.278206
2015-08-20,18.506001,18.73,17.25,17.25,85100,15.940444
2015-08-19,18.629999,18.75,18.360001,18.440001,77200,17.040104
2015-08-18,18.50,18.75,18.35,18.559999,84300,17.150993
2015-08-17,18.719999,18.799999,18.42,18.50,46200,17.095549
2015-08-14,18.780001,18.98,18.50,18.690001,289000,17.271125
2015-08-13,18.879999,19.129999,18.42,18.790001,27100,17.363534
2015-08-12,18.879999,19.18,18.49,19.01,55000,17.566832
2015-08-11,18.549999,19.15,18.35,19.07,64500,17.622276
2015-08-10,19.209999,19.50,19.01,19.049999,18700,17.603794
2015-08-07,19.02,19.200001,18.66,19.040001,81900,17.594555
2015-08-06,18.700001,19.459999,18.51,19.00,130900,17.55759
2015-08-05,19.10,19.10,18.540001,18.60,28100,17.187957
2015-08-04,18.870001,19.370001,18.799999,19.219999,28900,17.760888
2015-08-03,19.07,19.07,18.370001,18.709999,24300,17.289605
2015-07-31,18.879999,19.059999,18.879999,18.98,13500,17.539108
2015-07-30,19.32,19.476999,18.889999,19.030001,46100,17.585314
2015-07-29,19.440001,19.540001,19.290001,19.40,7700,17.927224
2015-07-28,19.50,19.57,19.319,19.48,23400,18.00115
2015-07-27,19.92,19.92,19.26,19.450001,35600,17.973429
2015-07-24,20.00,20.00,19.60,19.940001,24400,18.42623
2015-07-23,19.65,20.00,19.42,19.690001,34600,18.195209
2015-07-22,19.959999,20.08,19.469999,19.540001,18500,18.056597
2015-07-21,19.84,20.129999,19.84,20.01,84900,18.490915
2015-07-20,19.10,19.950001,19.10,19.950001,22400,18.435471
2015-07-17,18.875,19.24,18.57,19.030001,44800,17.585314
2015-07-16,18.620001,19.10,18.530001,18.940001,37500,17.502146
2015-07-15,18.620001,18.73,18.35,18.50,57300,17.095549
2015-07-14,18.620001,18.82,18.35,18.540001,65100,17.132513
2015-07-13,18.75,19.08,18.459999,18.620001,50200,17.206439
2015-07-10,18.50,18.809999,18.370001,18.559999,45400,17.150993
2015-07-09,18.370001,18.690001,18.370001,18.50,39700,17.095549
2015-07-08,18.50,18.790001,18.35,18.360001,76900,16.966177
2015-07-07,18.809999,18.809999,18.549999,18.67,64800,17.252643
2015-07-06,19.17,19.17,18.775,19.00,28700,17.55759
2015-07-02,18.75,19.209999,18.629999,19.09,43100,17.640758
2015-07-01,18.690001,19.049999,18.459999,18.719999,11800,17.298846
2015-06-30,18.690001,19.33,18.09,18.50,105500,17.095549
2015-06-29,18.52,18.809999,18.27,18.540001,112100,17.132513
2015-06-26,18.75,18.98,18.629999,18.85,38300,17.418978
2015-06-25,19.17,19.41,18.49,18.780001,64600,17.354293
2015-06-24,19.32,19.90,18.450001,19.200001,171000,17.742408
2015-06-23,19.799999,19.799999,19.360001,19.51,31200,18.028873
2015-06-22,19.75,20.299999,19.43,19.559999,61800,18.075077
2015-06-19,20.030001,20.200001,19.59,19.950001,36300,18.435471
2015-06-18,20.25,20.799999,20.00,20.08,61200,18.555601
2015-06-17,20.59,20.59,19.924999,20.049999,55500,18.527878
2015-06-16,20.76,21.25,20.26,20.41,58900,18.860548
2015-06-15,20.389999,21.84,20.33,20.65,82900,19.082328
2015-06-12,20.09,21.65,19.82,20.42,267800,18.869789
2015-06-11,19.190001,20.879999,19.190001,20.209999,206600,18.675731
2015-06-10,19.030001,19.49,18.66,19.280001,78500,17.816335
2015-06-09,18.959999,19.18,18.82,18.99,18400,17.548349
2015-06-08,19.200001,19.219999,18.73,19.02,18400,17.576073
2015-06-05,19.129999,19.629999,18.950001,19.120001,108200,17.668481
2015-06-04,19.440001,19.76,18.959999,19.17,53400,17.714685
2015-06-03,19.25,19.40,19.129999,19.40,21200,17.927224
2015-06-02,19.73,19.75,19.370001,19.41,8000,17.936465
2015-06-01,19.549999,19.969,19.370001,19.75,57800,18.250653
2015-05-29,19.764,19.915001,19.240999,19.49,29100,18.010391
2015-05-28,19.549999,19.976999,19.299999,19.940001,23600,18.42623
2015-05-27,19.48,19.700001,19.48,19.700001,9900,18.20445
2015-05-26,19.67,19.67,19.219999,19.58,28000,18.093559
2015-05-22,19.66,19.732,19.440001,19.700001,7900,18.20445
2015-05-21,19.58,19.85,19.372999,19.84,31100,18.333821
2015-05-20,19.48,19.836,19.190001,19.49,68400,18.010391
2015-05-19,19.450001,19.48,19.110001,19.469999,35100,17.760888
2015-05-18,19.68,19.719999,19.139999,19.450001,12700,17.742645
2015-05-15,19.700001,19.870001,19.642,19.68,23500,17.952455
2015-05-14,19.34,19.700001,19.049999,19.700001,26300,17.970699
2015-05-13,19.00,19.309999,18.91,19.27,10600,17.578445
2015-05-12,18.799999,18.99,18.610001,18.870001,14100,17.213558
2015-05-11,18.84,19.00,18.77,19.00,17400,17.332146
2015-05-08,18.790001,18.91,18.59,18.83,42600,17.177069
2015-05-07,18.620001,18.790001,18.379999,18.74,18500,17.094969
2015-05-06,18.549999,18.73,18.451,18.60,19600,16.967259
2015-05-05,18.459999,18.719999,18.42,18.60,32200,16.967259
2015-05-04,18.200001,18.549999,18.200001,18.49,16300,16.866915
2015-05-01,18.139999,18.360001,17.959999,18.01,5400,16.42905
2015-04-30,18.049999,18.23,17.780001,18.110001,16200,16.520272
2015-04-29,17.889999,18.299999,17.889999,18.219999,13400,16.620615
2015-04-28,18.00,18.08,17.66,17.75,24400,16.191873
2015-04-27,18.66,18.695,17.799999,17.860001,31400,16.292218
2015-04-24,18.48,18.74,18.24,18.24,23300,16.63886
2015-04-23,17.610001,18.59,17.58,18.43,31300,16.812182
2015-04-22,17.559999,17.694,17.559999,17.620001,12200,16.073286
2015-04-21,17.52,17.725,17.40,17.67,18600,16.118896
2015-04-20,17.77,17.85,17.50,17.50,129800,15.963819
2015-04-17,17.860001,17.861,17.66,17.66,37400,16.109774
2015-04-16,17.959999,18.030001,17.860001,17.870001,24600,16.30134
2015-04-15,17.719999,17.959999,17.58,17.82,23000,16.255728
2015-04-14,18.23,18.23,17.48,17.629999,484300,16.082406
2015-04-13,18.00,18.15,17.959999,18.15,14500,16.55676
2015-04-10,17.719999,18.200001,17.719999,18.200001,24600,16.602372
2015-04-09,17.75,17.889999,17.41,17.719999,20100,16.164506
2015-04-08,17.879999,17.90,17.469999,17.76,17200,16.200996
2015-04-07,17.969999,18.02,17.77,17.91,9800,16.337828
2015-04-06,17.799999,18.440001,17.799999,17.91,25000,16.337828
2015-04-02,18.030001,18.25,17.84,18.059999,37100,16.47466
2015-04-01,18.58,18.58,18.110001,18.18,19700,16.584127
2015-03-31,18.370001,18.780001,18.25,18.540001,34300,16.912527
2015-03-30,18.24,18.488001,18.15,18.290001,25300,16.684472
2015-03-27,18.040001,18.200001,18.040001,18.120001,19500,16.529395
2015-03-26,18.190001,18.469999,18.00,18.129999,31500,16.538515
2015-03-25,18.299999,18.690001,18.040001,18.17,31900,16.575005
2015-03-24,18.35,18.450001,18.059999,18.35,32500,16.739205
2015-03-23,18.24,18.424999,18.10,18.35,50000,16.739205
2015-03-20,18.25,18.43,18.200001,18.27,31100,16.666227
2015-03-19,18.719999,18.870001,18.049999,18.10,28400,16.51115
2015-03-18,18.639999,18.799999,18.43,18.59,49200,16.958137
2015-03-17,18.110001,18.65,18.10,18.549999,61000,16.921647
2015-03-16,19.16,19.35,18.379999,18.379999,28800,16.76657
2015-03-13,19.200001,19.49,19.00,19.129999,47700,17.450734
2015-03-12,19.35,19.73,19.030001,19.27,35500,17.578445
2015-03-11,20.040001,20.139999,19.49,19.620001,8700,17.678791
2015-03-10,19.40,20.67,19.01,19.870001,38600,17.904056
2015-03-09,19.530001,19.85,19.34,19.60,52700,17.660769
2015-03-06,19.75,19.91,19.530001,19.66,15500,17.714832
2015-03-05,20.25,20.440001,19.549999,20.030001,44200,18.048225
2015-03-04,20.299999,20.486,20.212,20.379999,37400,18.363594
2015-03-03,20.620001,20.76,20.10,20.32,78800,18.309531
2015-03-02,20.530001,21.27,20.429001,20.57,134000,18.534796
2015-02-27,19.940001,20.48,19.860001,20.299999,35400,18.29151
2015-02-26,19.799999,19.92,19.219999,19.860001,10900,17.895045
2015-02-25,19.65,19.833,19.58,19.77,48700,17.813949
2015-02-24,19.60,19.74,19.48,19.65,67400,17.705821
2015-02-23,19.60,19.68,19.370001,19.60,29000,17.660769
2015-02-20,19.540001,19.700001,19.030001,19.700001,20400,17.750875
2015-02-19,19.299999,19.709999,19.25,19.540001,17300,17.606706
2015-02-18,19.719999,19.719999,19.15,19.43,31800,17.507589
2015-02-17,19.309999,19.860001,19.07,19.690001,33400,17.741865
2015-02-13,18.780001,19.440001,18.780001,19.35,24700,17.435504
2015-02-12,18.570999,18.788,18.570999,18.690001,13700,16.840805
2015-02-11,18.49,18.67,18.40,18.559999,11700,16.723666
2015-02-10,18.51,18.636999,18.42,18.540001,9600,16.705646
2015-02-09,18.41,18.84,18.41,18.50,39500,16.669603
2015-02-06,18.530001,18.709999,18.15,18.35,224600,16.534445
2015-02-05,18.74,18.889999,18.51,18.620001,37300,16.777731
2015-02-04,19.01,19.190001,18.809999,18.889999,20400,17.021016
2015-02-03,19.17,19.209999,19.01,19.120001,36300,17.228261
2015-02-02,19.280001,19.379999,18.620001,19.030001,56800,17.147165
2015-01-30,19.110001,19.188,18.82,18.99,26700,17.111122
2015-01-29,19.50,19.50,19.07,19.18,22600,17.282324
2015-01-28,19.48,20.00,19.24,19.35,55400,17.435504
2015-01-27,19.690001,19.73,19.07,19.51,52000,17.579674
2015-01-26,18.790001,19.915001,18.76,19.610001,201900,17.66978
2015-01-23,18.219999,18.870001,18.219999,18.75,259800,16.894868
2015-01-22,18.00,18.26,18.00,18.200001,68500,16.399286
2015-01-21,18.104,18.136999,17.985001,18.120001,21600,16.327201
2015-01-20,17.82,18.16,17.809999,18.16,45000,16.363243
2015-01-16,17.58,17.870001,17.43,17.870001,21900,16.101936
2015-01-15,17.51,17.598,17.41,17.559999,152500,15.822607
2015-01-14,17.469999,17.469999,17.309999,17.35,535300,15.633385
2015-01-13,17.389999,17.950001,17.389999,17.43,38100,15.70547
2015-01-12,17.93,17.99,17.379999,17.450001,72900,15.723491
2015-01-09,17.700001,17.91,17.51,17.719999,96600,15.966776
2015-01-08,16.879999,17.65,16.879999,17.559999,322100,15.822607
2015-01-07,16.530001,16.889999,16.280001,16.84,40700,15.173844
2015-01-06,16.67,16.719999,15.88,16.530001,151200,14.894516
2015-01-05,16.950001,16.950001,16.51,16.799999,44700,15.137801
2015-01-02,17.129999,17.129999,16.50,16.790001,46200,15.128792
2014-12-31,16.59,17.35,16.59,17.139999,70100,15.444161
2014-12-30,16.59,16.851,16.51,16.66,44500,15.011653
2014-12-29,16.620001,16.75,16.26,16.549999,39100,14.912536
2014-12-26,16.50,16.60,16.50,16.549999,21800,14.912536
2014-12-24,16.940001,16.940001,16.549999,16.549999,14900,14.912536
2014-12-23,17.49,17.65,17.040001,17.15,35100,15.453172
2014-12-22,17.18,17.690001,17.18,17.440001,58200,15.71448
2014-12-19,17.40,17.40,17.00,17.219999,695700,15.516246
2014-12-18,17.10,17.43,17.08,17.309999,72700,15.597342
2014-12-17,16.690001,16.870001,16.559999,16.860001,31400,15.191866
2014-12-16,16.450001,16.690001,16.360001,16.690001,35900,15.038686
2014-12-15,16.389999,16.658001,16.250999,16.65,101800,15.002642
2014-12-12,16.610001,16.687,16.25,16.50,57000,14.867484
2014-12-11,16.700001,16.860001,16.610001,16.790001,80300,15.128792
2014-12-10,16.85,16.870001,16.639999,16.84,22200,15.173844
2014-12-09,16.790001,16.83,16.610001,16.83,8700,15.164833
2014-12-08,16.799999,16.84,16.610001,16.780001,26100,15.119781
2014-12-05,16.459999,16.879999,16.40,16.84,46300,15.173844
2014-12-04,16.16,16.700001,16.16,16.59,494900,14.948579
2014-12-03,16.15,16.299999,16.118,16.17,67700,14.570134
2014-12-02,16.200001,16.280001,16.01,16.24,32100,14.633208
2014-12-01,16.23,16.389999,16.073999,16.26,33100,14.65123
2014-11-28,16.33,16.33,16.10,16.200001,11300,14.597167
2014-11-26,16.440001,16.440001,16.15,16.219999,34500,14.615187
2014-11-25,16.16,16.42,16.07,16.42,14400,14.795399
2014-11-24,16.110001,16.549999,16.110001,16.16,43100,14.561123
2014-11-21,16.40,16.40,16.055,16.16,21800,14.561123
2014-11-20,16.030001,16.32,16.00,16.23,26200,14.624197
2014-11-19,16.10,16.15,16.07,16.15,20900,14.335858
2014-11-18,16.48,16.58,16.09,16.10,75300,14.291476
2014-11-17,16.50,16.73,16.40,16.459999,33800,14.611035
2014-11-14,16.75,16.959,16.51,16.610001,45300,14.744187
2014-11-13,16.10,16.950001,16.082001,16.57,83200,14.708679
2014-11-12,15.64,16.110001,15.61,16.08,24400,14.273722
2014-11-11,15.65,15.74,15.56,15.60,58300,13.847641
2014-11-10,15.69,15.84,15.53,15.60,50300,13.847641
2014-11-07,15.44,15.59,15.30,15.59,45800,13.838764
2014-11-06,15.80,15.80,15.42,15.46,58400,13.723367
2014-11-05,15.88,15.91,15.36,15.62,93600,13.865394
2014-11-04,16.049999,16.049999,15.71,15.79,54700,14.016298
2014-11-03,15.96,16.25,15.96,16.10,71800,14.291476
2014-10-31,16.15,16.219999,15.71,15.88,94300,14.096188
2014-10-30,16.190001,16.48,16.030001,16.10,60900,14.291476
2014-10-29,16.40,16.40,16.10,16.120001,136000,14.309229
2014-10-28,16.41,16.41,15.99,16.35,98700,14.513393
2014-10-27,16.290001,16.445,16.049999,16.43,82800,14.584406
2014-10-24,16.24,16.35,16.10,16.26,45100,14.433502
2014-10-23,16.60,16.60,16.10,16.280001,31500,14.451256
2014-10-22,16.709999,16.870001,16.559999,16.559999,23600,14.699803
2014-10-21,16.700001,16.98,16.690001,16.780001,49300,14.895091
2014-10-20,16.68,16.799999,16.559999,16.719999,23000,14.84183
2014-10-17,16.83,16.917,16.51,16.780001,140100,14.895091
2014-10-16,16.48,16.790001,16.35,16.67,287100,14.797447
2014-10-15,16.33,16.66,16.18,16.58,18400,14.717556
2014-10-14,16.59,16.59,16.00,16.33,39800,14.495639
2014-10-13,16.74,16.77,16.10,16.41,59800,14.566653
2014-10-10,16.98,17.08,16.50,16.60,106800,14.73531
2014-10-09,17.445,17.445,16.91,17.09,51500,15.170268
2014-10-08,17.48,17.639999,17.26,17.41,20600,15.454322
2014-10-07,17.73,17.73,17.360001,17.49,133700,15.525335
2014-10-06,18.00,18.00,17.559999,17.66,25000,15.676239
2014-10-03,17.35,17.799999,17.35,17.57,28300,15.596349
2014-10-02,17.48,17.549999,17.10,17.23,38300,15.294541
2014-10-01,17.42,17.42,17.07,17.32,45600,15.374431
2014-09-30,17.719999,17.719999,17.50,17.50,22100,15.534212
2014-09-29,17.677999,18.00,17.677999,17.709999,35200,15.720622
2014-09-26,17.82,17.82,17.51,17.68,20300,15.693993
2014-09-25,17.790001,17.889999,17.51,17.76,37200,15.765006
2014-09-24,17.667999,17.879999,17.33,17.799999,59800,15.800512
2014-09-23,17.530001,17.889999,17.379999,17.66,36800,15.676239
2014-09-22,18.00,18.139999,17.620001,17.700001,39800,15.711747
2014-09-19,17.700001,17.950001,17.700001,17.940001,25100,15.924787
2014-09-18,17.700001,17.719999,17.26,17.700001,44000,15.711747
2014-09-17,17.60,17.76,17.309999,17.700001,82700,15.711747
2014-09-16,17.57,17.82,17.50,17.645,41400,15.662925
2014-09-15,17.818001,17.90,17.629999,17.780001,39000,15.78276
2014-09-12,17.870001,18.00,17.60,17.76,53500,15.765006
2014-09-11,17.860001,18.08,17.639999,17.90,25200,15.88928
2014-09-10,17.82,18.26,17.799999,17.940001,28600,15.924787
2014-09-09,17.99,18.139999,17.65,17.75,34000,15.756129
2014-09-08,18.16,18.34,18.02,18.02,58700,15.995801
2014-09-05,17.629999,18.190001,17.629999,18.09,38400,16.057937
2014-09-04,18.120001,18.120001,17.52,17.60,36800,15.622979
2014-09-03,18.200001,18.200001,17.77,18.077999,34700,16.047284
2014-09-02,18.17,18.33,17.92,18.110001,75800,16.075691
2014-08-29,17.780001,17.940001,17.50,17.879999,34700,15.871526
2014-08-28,17.879999,17.950001,17.27,17.85,216000,15.844897
2014-08-27,18.040001,18.040001,17.530001,17.969999,24500,15.951416
2014-08-26,18.110001,18.280001,17.709999,17.99,40700,15.96917
2014-08-25,18.10,18.450001,17.75,18.049999,85300,16.02243
2014-08-22,17.690001,17.799999,17.60,17.77,16700,15.773883
2014-08-21,17.700001,17.805,17.51,17.76,27900,15.765006
2014-08-20,17.719999,18.00,17.65,17.940001,132800,15.765006
2014-08-19,17.75,17.92,17.59,17.799999,34000,15.641978
2014-08-18,18.110001,18.280001,17.57,17.790001,49800,15.633192
2014-08-15,18.379999,18.450001,18.00,18.059999,169600,15.870456
2014-08-14,18.00,18.16,17.940001,17.950001,51800,15.773794
2014-08-13,17.99,18.299999,17.99,18.190001,80100,15.984697
2014-08-12,17.85,18.33,17.77,17.99,72700,15.808943
2014-08-11,17.690001,18.10,17.59,17.950001,84300,15.773794
2014-08-08,17.969999,18.139999,17.299999,17.58,58000,15.448651
2014-08-07,17.92,18.280001,17.790001,17.790001,75300,15.633192
2014-08-06,18.60,18.667999,17.639999,17.82,80900,15.659554
2014-08-05,18.75,19.00,18.68,18.690001,54200,16.424078
2014-08-04,19.10,19.219999,18.360001,18.709999,69700,16.441652
2014-08-01,19.40,19.610001,19.200001,19.200001,96100,16.872247
2014-07-31,19.48,19.48,19.280001,19.43,60100,17.074362
2014-07-30,19.83,19.85,19.50,19.559999,419100,17.188601
2014-07-29,19.40,19.85,19.40,19.85,49100,17.443443
2014-07-28,19.719999,20.049999,19.43,19.43,82200,17.074362
2014-07-25,19.75,19.90,19.200001,19.85,54900,17.443443
2014-07-24,19.68,20.48,19.530001,19.85,415000,17.443443
2014-07-23,19.620001,19.75,19.33,19.68,34800,17.294053
2014-07-22,19.209999,19.68,19.209999,19.620001,82000,17.241328
2014-07-21,19.235001,19.50,19.10,19.50,27700,17.135875
2014-07-18,19.00,19.370001,19.00,19.190001,53300,16.863459
2014-07-17,19.27,19.299999,19.02,19.02,31700,16.71407
2014-07-16,19.200001,19.299999,18.91,19.08,34100,16.766795
2014-07-15,19.18,19.23,18.923,19.15,97300,16.828308
2014-07-14,18.92,19.15,18.91,19.15,19600,16.828308
2014-07-11,18.85,19.200001,18.85,19.01,51000,16.705282
2014-07-10,19.01,19.190001,18.709999,19.190001,33100,16.863459
2014-07-09,19.209999,19.50,18.75,19.200001,109600,16.872247
2014-07-08,18.860001,19.25,18.57,19.25,95500,16.916185
2014-07-07,19.00,19.030001,18.75,18.969999,47200,16.67013
2014-07-03,18.889999,19.00,18.65,18.950001,18500,16.652557
2014-07-02,18.700001,18.987,18.65,18.790001,26000,16.511955
2014-07-01,18.860001,19.09,18.75,18.85,59100,16.56468
2014-06-30,18.860001,19.190001,18.52,19.18,81200,16.854672
2014-06-27,18.700001,18.860001,18.459999,18.860001,29800,16.573468
2014-06-26,18.639999,18.700001,18.540001,18.620001,31100,16.362565
2014-06-25,18.629999,18.75,18.502001,18.67,51700,16.406502
2014-06-24,18.68,18.860001,18.65,18.712,64900,16.44341
2014-06-23,18.65,18.85,18.51,18.790001,85200,16.511955
2014-06-20,18.65,18.75,18.469999,18.65,227700,16.388927
2014-06-19,18.360001,18.77,18.360001,18.645,241500,16.384534
2014-06-18,18.59,18.790001,18.450001,18.60,273100,16.344989
2014-06-17,18.60,18.764999,18.200001,18.450001,263500,16.213175
2014-06-16,18.440001,18.799999,18.35,18.60,114200,16.344989
2014-06-13,18.59,18.90,18.35,18.360001,52200,16.134086
2014-06-12,18.629999,18.790001,18.42,18.629999,58400,16.371351
2014-06-11,18.959999,18.959999,18.49,18.76,173800,16.485591
2014-06-10,18.65,18.917,18.48,18.57,160000,16.318626
2014-06-09,18.40,18.700001,18.24,18.700001,52800,16.432866
2014-06-06,18.309999,18.43,18.10,18.40,63900,16.169236
2014-06-05,18.879999,18.98,18.07,18.42,173900,16.186812
2014-06-04,18.85,18.99,18.51,18.799999,337100,16.520741
2014-06-03,18.809999,18.99,18.695,18.709999,93900,16.441652
2014-06-02,19.10,19.10,18.59,18.84,60500,16.555892
2014-05-30,18.85,19.10,18.60,19.00,417900,16.696494
2014-05-29,18.65,18.860001,18.34,18.799999,300000,16.520741
2014-05-28,18.450001,18.75,18.313999,18.690001,145200,16.424078
2014-05-27,18.290001,18.450001,17.959999,18.299999,284400,16.081359
2014-05-23,18.10,18.17,17.76,18.17,73600,15.967121
2014-05-22,18.02,18.120001,17.816,18.00,162800,15.817731
2014-05-21,17.90,18.120001,17.690001,17.90,663000,15.729855
2014-05-20,17.809999,18.00,17.40,17.940001,119000,15.765006
2014-05-19,17.74,18.200001,17.60,17.84,333800,15.677129
2014-05-16,17.50,17.870001,17.50,17.620001,100000,15.483802
2014-05-15,17.049999,17.940001,17.00,17.540001,267800,15.413501
2014-05-14,17.049999,17.379999,16.90,17.15,448900,15.070782
2014-05-13,17.209999,17.34,16.68,17.200001,452800,15.114722
2014-05-12,17.66,17.82,16.809999,17.209999,899700,15.123508
2014-05-09,17.76,17.870001,17.40,17.59,446000,15.457439
2014-05-08,17.60,18.450001,17.60,17.75,244300,15.59804
2014-05-07,18.469999,18.534,17.360001,17.73,748800,15.580465
2014-05-06,18.50,18.65,18.40,18.48,398400,16.239537
2014-05-05,18.440001,19.10,18.299999,18.60,611400,16.344989
2014-05-02,18.15,18.75,18.00,18.60,7698200,16.344989
