Date,Open,High,Low,Close,Volume,Adj Close
2018-04-20,6.2,6.3,6.15,6.3,126037,6.3
2018-04-19,6.2,6.2,6.15,6.15,64730,6.15
2018-04-18,6.15,6.2,6.15,6.175,118831,6.175
2018-04-17,6.15,6.2,6.15,6.2,83542,6.2
2018-04-16,6.25,6.25,6.15,6.2,83576,6.2
2018-04-13,6.15,6.2,6.15,6.175,34131,6.175
2018-04-12,6.2,6.2,6.15,6.175,75348,6.175
2018-04-11,6.15,6.2,6.15,6.175,39208,6.175
2018-04-10,6.2,6.2,6.15,6.175,45789,6.175
2018-04-09,6.15,6.2,6.15,6.175,42589,6.175
2018-04-06,6.175,6.2,6.15,6.175,45969,6.175
2018-04-05,6.2,6.2,6.15,6.2,46237,6.2
2018-04-04,6.2,6.21,6.15,6.2,53056,6.2
2018-04-03,6.25,6.25,6.155,6.2,26889,6.2
2018-04-02,6.15,6.25,6.15,6.175,75993,6.175
2018-03-29,6.25,6.25,6.15,6.175,71787,6.175
2018-03-28,6.2,6.25,6.15,6.25,69356,6.25
2018-03-27,6.25,6.25,6.2,6.25,102944,6.25
2018-03-26,6.3,6.3,6.2,6.25,54041,6.25
2018-03-23,6.2,6.25,6.2,6.2,29020,6.2
2018-03-22,6.3,6.3299,6.2,6.2,94395,6.2
2018-03-21,6.3,6.35,6.25,6.3,60136,6.3
2018-03-20,6.35,6.4,6.26,6.3,79748,6.3
2018-03-19,6.4,6.4,6.35,6.35,49316,6.35
2018-03-16,6.288,6.4,6.288,6.4,45407,6.4
2018-03-15,6.25,6.355,6.25,6.3,99963,6.3
2018-03-14,6.25,6.35,6.2,6.3,69387,6.3
2018-03-13,6.4,6.4,6.2,6.2,248658,6.2
2018-03-12,6.4,6.4,6.35,6.4,50120,6.4
2018-03-09,6.3,6.4,6.3,6.375,178632,6.375
2018-03-08,6.35,6.4,6.3,6.3,112263,6.3
2018-03-07,6.35,6.35,6.255,6.35,201239,6.35
2018-03-06,6.3,6.35,6.2431,6.3,73795,6.3
2018-03-05,6.25,6.35,6.205,6.25,132522,6.25
2018-03-02,6.2,6.3,6.15,6.25,55006,6.25
2018-03-01,6.23,6.25,6.15,6.15,48836,6.15
2018-02-28,6.2,6.25,6.155,6.2,110552,6.2
2018-02-27,6.2,6.241,6.15,6.15,33887,6.15
2018-02-26,6.2,6.225,6.15,6.225,89797,6.225
2018-02-23,6.2,6.25,6.19,6.2,37841,6.2
2018-02-22,6.2,6.25,6.15,6.2,92784,6.2
2018-02-21,6.25,6.25,6.15,6.25,69742,6.25
2018-02-20,6.25,6.25,6.2,6.225,54346,6.225
2018-02-16,6.25,6.25,6.2,6.25,96446,6.25
2018-02-15,6.2,6.25,6.175,6.25,95247,6.25
2018-02-14,6.2,6.2,6.1,6.15,73326,6.15
2018-02-13,6.167,6.2,6.1,6.1,58086,6.1
2018-02-12,6.15,6.2,6.07,6.2,53892,6.2
2018-02-09,6.15,6.15,6.05,6.075,69817,6.075
2018-02-08,6.15,6.15,6.1,6.15,76699,6.15
2018-02-07,6.1,6.15,6.05,6.15,73924,6.15
2018-02-06,6.05,6.1,6,6.1,216306,6.1
2018-02-05,6.1,6.15,6.05,6.05,72406,6.05
2018-02-02,6.15,6.175,6.075,6.15,70426,6.15
2018-02-01,6.2,6.25,6.15,6.25,79889,6.25
2018-01-31,6.2,6.25,6.1,6.15,226754,6.15
2018-01-30,6.05,6.15,6.01,6.125,87155,6.125
2018-01-29,6.1,6.1,5.95,6.05,207323,6.05
2018-01-26,6.15,6.15,6,6.05,108231,6.05
2018-01-25,6.2,6.2,6.05,6.1,150844,6.1
2018-01-24,6.25,6.25,6.15,6.2,154820,6.2
2018-01-23,6.2,6.25,6.1834,6.225,70201,6.225
2018-01-22,6.2,6.25,6.15,6.2,95656,6.2
2018-01-19,6.2,6.25,6.1,6.175,155677,6.175
2018-01-18,6.15,6.2,6.1,6.175,171228,6.175
2018-01-17,6.15,6.2,6.15,6.15,55275,6.15
2018-01-16,6.15,6.2,6.15,6.2,30048,6.2
2018-01-12,6.2,6.2,6.15,6.15,36142,6.15
2018-01-11,6.2,6.2,6.15,6.15,51269,6.15
2018-01-10,6.15,6.2,6.125,6.15,42181,6.15
2018-01-09,6.15,6.2,6.15,6.15,62058,6.15
2018-01-08,6.15,6.2,6.11,6.2,57584,6.2
2018-01-05,6.15,6.2,6.15,6.15,51044,6.15
2018-01-04,6.05,6.2,6.05,6.175,124044,6.175
2018-01-03,6,6.1,6,6.1,220275,6.1
2018-01-02,6.05,6.05,6,6,23286,6
2017-12-29,6,6.05,6,6.05,135842,6.05
2017-12-28,6.05,6.05,6,6.05,83339,6.05
2017-12-27,6.05,6.1,6.05,6.1,171203,6.1
2017-12-26,6.05,6.1,6.032,6.05,45506,6.05
2017-12-22,6,6.05,6,6.05,158006,6.05
2017-12-21,6.05,6.1,6,6.05,131428,6.05
2017-12-20,6.1,6.1,6,6.025,125020,6.025
2017-12-19,6.05,6.1,6,6.075,150718,6.075
2017-12-18,6,6.1,6,6.025,124015,6.025
2017-12-15,6.05,6.075,6.0144,6.05,167743,6.05
2017-12-14,6,6.05,6,6.025,66972,6.025
2017-12-13,6.05,6.05,6,6,89712,6
2017-12-12,6.1,6.1,6.05,6.05,85676,6.05
2017-12-11,6.05,6.2,6.05,6.05,93171,6.05
2017-12-08,6.05,6.15,6.05,6.125,46345,6.125
2017-12-07,6.1,6.15,6.1,6.1,60564,6.1
2017-12-06,6.1,6.11,6.05,6.1,38588,6.1
2017-12-05,6.15,6.15,6.05,6.1,29150,6.1
2017-12-04,6.1,6.145,6.055,6.1,23370,6.1
2017-12-01,6.15,6.2,6.05,6.1,48775,6.1
2017-11-30,6.15,6.2,6.1,6.15,79270,6.15
2017-11-29,6.15,6.2,6.05,6.15,102648,6.15
2017-11-28,6.1,6.19,6.0879,6.15,179565,6.15
2017-11-27,6,6.1,6,6.1,98755,6.1
2017-11-24,6.05,6.05,6,6,10218,6
2017-11-22,5.95,6.05,5.95,6.025,64965,6.025
2017-11-21,6,6.05,5.95,5.95,72936,5.95
2017-11-20,6,6.1,5.9719,6.05,105091,6.05
2017-11-17,6.1,6.1,6,6,61467,6
2017-11-16,6,6.095,6,6.05,53215,6.05
2017-11-15,6,6.05,5.95,6,126075,6
2017-11-14,6.05,6.0923,6,6.025,102967,6.025
2017-11-13,6.05,6.1,6.05,6.05,89778,6.05
2017-11-10,6.15,6.15,6.05,6.05,100279,6.05
2017-11-09,6.1,6.1,6.05,6.05,40055,6.05
2017-11-08,6.1,6.1,6.05,6.05,52288,6.05
2017-11-07,6.15,6.15,6.05,6.1,42968,6.1
2017-11-06,6.2,6.2,6.1,6.125,54785,6.125
2017-11-03,6.2,6.2,6.1,6.2,36498,6.2
2017-11-02,6.05,6.2,6.05,6.2,92292,6.2
2017-11-01,6.2,6.25,6.05,6.05,146844,6.05
2017-10-31,6.2,6.25,6.1,6.1,222441,6.1
2017-10-30,6.15,6.2,6.1,6.2,82236,6.2
2017-10-27,6.15,6.2,6.095,6.15,83000,6.15
2017-10-26,6.1,6.15,6.05,6.1,73046,6.1
2017-10-25,6.15,6.15,6,6.1,96225,6.1
2017-10-24,6.15,6.15,6.1,6.1,17014,6.1
2017-10-23,6.1,6.15,6.066,6.15,95570,6.15
2017-10-20,6.1,6.1,6.05,6.1,54928,6.1
2017-10-19,6,6.15,6,6.05,122745,6.05
2017-10-18,6,6.1,6,6.05,59841,6.05
2017-10-17,5.95,6.05,5.95,5.95,140942,5.95
2017-10-16,6.15,6.15,5.95,5.95,235996,5.95
2017-10-13,6.1,6.15,6.055,6.125,67754,6.125
2017-10-12,6.05,6.1,6,6.1,122427,6.1
2017-10-11,6.05,6.05,6,6.05,63345,6.05
2017-10-10,6.05,6.15,6,6,126568,6
2017-10-09,6.05,6.1,6.05,6.075,29619,6.075
2017-10-06,6.05,6.1,6.0375,6.1,83980,6.1
2017-10-05,6,6.2,6,6.05,156611,6.05
2017-10-04,6,6.09,6,6.025,71752,6.025
2017-10-03,6.1,6.1,5.9686,6,140387,6
2017-10-02,6.1,6.11,6.025,6.05,89977,6.05
2017-09-29,6.25,6.25,5.95,6.05,181864,6.05
2017-09-28,6.1,6.25,6.1,6.25,139819,6.25
2017-09-27,6.15,6.25,6.15,6.2,216581,6.2
2017-09-26,6.15,6.2,6.125,6.15,100835,6.15
2017-09-25,6.15,6.195,6.05,6.05,62809,6.05
2017-09-22,6.15,6.2,6.11,6.15,54250,6.15
2017-09-21,6.1,6.2,6.1,6.15,36992,6.15
2017-09-20,6.2,6.2,6.1,6.125,83517,6.125
2017-09-19,6.1,6.2,6.1,6.2,80150,6.2
2017-09-18,6.2,6.2,6.05,6.075,68674,6.075
2017-09-15,6.05,6.15,6.05,6.15,76018,6.15
2017-09-14,6.1,6.15,6,6.05,98508,6.05
2017-09-13,6.1,6.1,6.05,6.075,32526,6.075
2017-09-12,5.95,6.1,5.95,6.1,99212,6.1
2017-09-11,6,6.05,5.95,5.95,118761,5.95
2017-09-08,6.1,6.1,6,6,57497,6
2017-09-07,6,6.1,6,6.1,38026,6.1
2017-09-06,6.05,6.05,5.99,6,121875,6
2017-09-05,6.1,6.1,5.97,6.05,342135,6.05
2017-09-01,6.1,6.15,6,6.15,696591,6.15
2017-08-31,6.15,6.25,6.15,6.15,145777,6.15
2017-08-30,6.15,6.2,6.1,6.2,31625,6.2
2017-08-29,6.1,6.175,6.1,6.15,46955,6.15
2017-08-28,6.2,6.2,6.1,6.1,73091,6.1
2017-08-25,6.15,6.2,6.1161,6.15,89992,6.15
2017-08-24,6.15,6.2,6.1,6.15,66229,6.15
2017-08-23,6.05,6.15,6.05,6.15,116204,6.15
2017-08-22,6.1,6.15,6.05,6.05,104965,6.05
2017-08-21,6.2,6.2,6.05,6.1,102681,6.1
2017-08-18,6.05,6.2,6.05,6.15,100622,6.15
2017-08-17,6,6.15,6,6.15,79449,6.15
2017-08-16,6.05,6.1,6,6,122391,6
2017-08-15,6,6.1,6,6.05,69592,6.05
2017-08-14,6.1,6.1,6,6,56494,6
2017-08-11,6.05,6.1,6.035,6.05,31854,6.05
2017-08-10,6.05,6.1,6.05,6.1,132273,6.1
2017-08-09,6,6.15,6,6.05,89412,6.05
2017-08-08,6,6.1,6,6.05,314774,6.05
2017-08-07,6.05,6.1,6.0325,6.1,67380,6.1
2017-08-04,6.15,6.15,6.05,6.05,49604,6.05
2017-08-03,6.05,6.15,6,6.15,116669,6.15
2017-08-02,6.1,6.15,6.05,6.05,92973,6.05
2017-08-01,6.1,6.25,6.1,6.1,216820,6.1
2017-07-31,6.15,6.2,6.1,6.2,174165,6.2
2017-07-28,6.05,6.15,6,6.15,191311,6.15
2017-07-27,6.1,6.1,6.05,6.05,52303,6.05
2017-07-26,6.1,6.15,6.05,6.05,135753,6.05
2017-07-25,6.1,6.2,6.05,6.05,204526,6.05
2017-07-24,6.1,6.1,6,6.1,81525,6.1
2017-07-21,6.05,6.1,6.032,6.05,50863,6.05
2017-07-20,5.9,6.1,5.9,6.1,328001,6.1
2017-07-19,5.9,5.98,5.9,5.95,51919,5.95
2017-07-18,5.95,6,5.85,5.85,96749,5.85
2017-07-17,6,6,5.95,5.95,93507,5.95
2017-07-14,5.95,6,5.95,5.95,49660,5.95
2017-07-13,5.9,6,5.9,6,92551,6
2017-07-12,5.95,5.95,5.9,5.95,35068,5.95
2017-07-11,5.9,5.95,5.8691,5.9,133604,5.9
2017-07-10,5.95,5.95,5.9,5.95,34000,5.95
2017-07-07,6,6,5.9,5.95,45692,5.95
2017-07-06,5.95,6,5.9,5.9,74419,5.9
2017-07-05,5.9,6.05,5.9,6.05,65931,6.05
2017-07-03,5.9,6,5.9,5.9,26930,5.9
2017-06-30,6,6.05,5.9,5.95,43564,5.95
2017-06-29,5.95,6,5.9,5.95,76821,5.95
2017-06-28,5.95,5.975,5.9,5.95,41085,5.95
2017-06-27,6.05,6.05,6,6,95729,6
2017-06-26,6,6.05,6,6,61393,6
2017-06-23,6.045,6.1,5.95,5.95,370258,5.95
2017-06-22,6.05,6.05,5.95,6,44358,6
2017-06-21,6,6.05,5.975,6.05,66002,6.05
2017-06-20,6,6,5.95,6,71634,6
2017-06-19,5.95,6,5.95,6,45253,6
2017-06-16,5.945,6,5.9164,5.95,73949,5.95
2017-06-15,5.95,5.95,5.8761,5.95,112091,5.95
2017-06-14,5.9,5.95,5.825,5.95,94480,5.95
2017-06-13,5.95,5.95,5.85,5.9,43181,5.9
2017-06-12,5.9,6,5.9,5.9,26238,5.9
2017-06-09,5.95,6,5.9,5.95,70338,5.95
2017-06-08,5.95,6,5.9,5.95,131073,5.95
2017-06-07,5.95,6,5.9,5.95,74757,5.95
2017-06-06,5.9,5.95,5.9,5.95,51807,5.95
2017-06-05,5.95,6,5.85,5.85,93492,5.85
2017-06-02,5.95,5.975,5.9,5.95,81861,5.95
2017-06-01,5.85,5.95,5.825,5.95,63842,5.95
2017-05-31,5.85,5.9,5.75,5.85,221223,5.85
2017-05-30,5.8,5.85,5.775,5.85,141530,5.85
2017-05-26,5.8,5.85,5.8,5.8,33362,5.8
2017-05-25,5.85,5.89,5.8,5.8,77985,5.8
2017-05-24,5.8,5.9,5.8,5.8,81549,5.8
2017-05-23,5.8,5.85,5.8,5.8,43972,5.8
2017-05-22,5.85,5.85,5.8,5.85,77747,5.85
2017-05-19,5.9,5.95,5.8,5.9,124339,5.9
2017-05-18,5.85,5.95,5.8,5.85,98843,5.85
2017-05-17,5.85,5.85,5.75,5.85,102586,5.85
2017-05-16,5.85,5.9,5.8,5.825,154432,5.825
2017-05-15,5.85,5.9,5.8,5.8,86905,5.8
2017-05-12,5.80,5.85,5.77,5.85,98900,5.85
2017-05-11,5.80,5.85,5.75,5.80,55100,5.80
2017-05-10,5.75,5.85,5.70,5.85,64800,5.85
2017-05-09,5.75,5.83,5.75,5.75,124600,5.75
2017-05-08,5.75,5.79,5.70,5.75,49500,5.75
2017-05-05,5.70,5.80,5.70,5.70,44300,5.70
2017-05-04,5.70,5.80,5.70,5.80,63000,5.80
2017-05-03,5.70,5.75,5.69,5.70,29100,5.70
2017-05-02,5.70,5.80,5.70,5.75,80300,5.75
2017-05-01,5.90,5.90,5.74,5.75,159300,5.75
2017-04-28,5.80,5.90,5.78,5.90,218800,5.90
2017-04-27,5.70,5.80,5.62,5.80,215200,5.80
2017-04-26,5.75,5.80,5.70,5.70,56600,5.70
2017-04-25,5.70,5.80,5.70,5.75,104100,5.75
2017-04-24,5.75,5.75,5.70,5.75,44100,5.75
2017-04-21,5.75,5.75,5.65,5.75,77700,5.75
2017-04-20,5.70,5.75,5.68,5.70,91600,5.70
2017-04-19,5.70,5.75,5.70,5.70,45200,5.70
2017-04-18,5.70,5.75,5.68,5.70,68300,5.70
2017-04-17,5.70,5.75,5.68,5.75,120900,5.75
2017-04-13,5.60,5.75,5.60,5.75,190900,5.75
2017-04-12,5.60,5.70,5.60,5.65,48700,5.65
2017-04-11,5.65,5.65,5.60,5.65,48200,5.65
2017-04-10,5.60,5.65,5.55,5.65,106000,5.65
2017-04-07,5.65,5.65,5.55,5.60,96600,5.60
2017-04-06,5.65,5.70,5.60,5.65,36300,5.65
2017-04-05,5.55,5.70,5.55,5.70,166500,5.70
2017-04-04,5.65,5.65,5.55,5.60,114300,5.60
2017-04-03,5.60,5.65,5.60,5.65,52600,5.65
2017-03-31,5.60,5.65,5.60,5.60,63000,5.60
2017-03-30,5.70,5.70,5.60,5.65,53900,5.65
2017-03-29,5.65,5.70,5.63,5.70,106900,5.70
2017-03-28,5.65,5.75,5.65,5.75,139900,5.625
2017-03-27,5.65,5.70,5.60,5.70,132300,5.576087
2017-03-24,5.65,5.75,5.63,5.65,125900,5.527174
2017-03-23,5.70,5.73,5.60,5.70,171400,5.576087
2017-03-22,5.75,5.75,5.60,5.70,138500,5.576087
2017-03-21,5.70,5.75,5.66,5.70,87800,5.576087
2017-03-20,5.60,5.80,5.60,5.80,440300,5.673913
2017-03-17,5.65,5.75,5.55,5.60,334000,5.478261
2017-03-16,5.55,5.65,5.55,5.65,108600,5.527174
2017-03-15,5.60,5.65,5.55,5.55,107400,5.429348
2017-03-14,5.65,5.68,5.55,5.60,167700,5.478261
2017-03-13,5.70,5.75,5.65,5.65,55100,5.527174
2017-03-10,5.70,5.75,5.65,5.65,74300,5.527174
2017-03-09,5.70,5.75,5.62,5.75,153200,5.625
2017-03-08,5.60,5.70,5.57,5.65,76600,5.527174
2017-03-07,5.60,5.60,5.55,5.55,97000,5.429348
2017-03-06,5.70,5.70,5.55,5.65,117200,5.527174
2017-03-03,5.70,5.75,5.60,5.75,106800,5.625
2017-03-02,5.70,5.70,5.60,5.70,50300,5.576087
2017-03-01,5.60,5.75,5.60,5.75,83700,5.625
2017-02-28,5.70,5.74,5.60,5.60,115000,5.478261
2017-02-27,5.70,5.75,5.65,5.75,51400,5.625
2017-02-24,5.65,5.75,5.65,5.75,71300,5.625
2017-02-23,5.75,5.75,5.65,5.75,87100,5.625
2017-02-22,5.75,5.75,5.70,5.75,38400,5.625
2017-02-21,5.75,5.75,5.70,5.70,98000,5.576087
2017-02-17,5.65,5.70,5.65,5.65,43000,5.527174
2017-02-16,5.65,5.70,5.65,5.70,36900,5.576087
2017-02-15,5.65,5.70,5.60,5.65,154200,5.527174
2017-02-14,5.65,5.65,5.60,5.65,37600,5.527174
2017-02-13,5.65,5.65,5.60,5.60,138200,5.478261
2017-02-10,5.65,5.65,5.56,5.65,77400,5.527174
2017-02-09,5.60,5.60,5.55,5.55,92100,5.429348
2017-02-08,5.55,5.60,5.50,5.60,86200,5.478261
2017-02-07,5.45,5.60,5.45,5.55,78600,5.429348
2017-02-06,5.55,5.60,5.45,5.45,138400,5.331522
2017-02-03,5.45,5.55,5.40,5.55,56000,5.429348
2017-02-02,5.40,5.50,5.40,5.40,87400,5.282609
2017-02-01,5.60,5.60,5.45,5.45,114700,5.331522
2017-01-31,5.55,5.60,5.50,5.60,168800,5.478261
2017-01-30,5.55,5.55,5.45,5.50,184300,5.380435
2017-01-27,5.40,5.55,5.35,5.50,280300,5.380435
2017-01-26,5.40,5.50,5.40,5.40,88300,5.282609
2017-01-25,5.45,5.50,5.35,5.40,197100,5.282609
2017-01-24,5.40,5.54,5.40,5.40,94100,5.282609
2017-01-23,5.50,5.50,5.40,5.45,162300,5.331522
2017-01-20,5.50,5.55,5.50,5.50,101300,5.380435
2017-01-19,5.50,5.55,5.50,5.50,73400,5.380435
2017-01-18,5.50,5.60,5.50,5.50,129600,5.380435
2017-01-17,5.55,5.60,5.50,5.55,99300,5.429348
2017-01-13,5.55,5.60,5.48,5.50,96500,5.380435
2017-01-12,5.65,5.65,5.55,5.55,66000,5.429348
2017-01-11,5.55,5.65,5.45,5.65,102200,5.527174
2017-01-10,5.45,5.55,5.40,5.55,100400,5.429348
2017-01-09,5.60,5.60,5.40,5.43,120600,5.311956
2017-01-06,5.50,5.55,5.50,5.55,84400,5.429348
2017-01-05,5.60,5.60,5.50,5.55,72100,5.429348
2017-01-04,5.40,5.60,5.40,5.60,159600,5.478261
2017-01-03,5.35,5.45,5.30,5.40,187400,5.282609
2016-12-30,5.45,5.50,5.35,5.40,315400,5.282609
2016-12-29,5.30,5.48,5.28,5.35,260500,5.233696
2016-12-28,5.50,5.50,5.31,5.35,278800,5.233696
2016-12-27,5.50,5.65,5.50,5.65,174300,5.404892
2016-12-23,5.45,5.60,5.40,5.50,209900,5.261399
2016-12-22,5.35,5.50,5.35,5.45,148800,5.213568
2016-12-21,5.35,5.50,5.31,5.45,294500,5.213568
2016-12-20,5.30,5.30,5.15,5.30,559000,5.070075
2016-12-19,5.40,5.45,5.25,5.30,290200,5.070075
2016-12-16,5.25,5.45,5.10,5.35,701200,5.117906
2016-12-15,5.50,5.56,5.27,5.30,508700,5.070075
2016-12-14,5.60,5.65,5.50,5.55,209200,5.30923
2016-12-13,5.65,5.75,5.55,5.65,175200,5.404892
2016-12-12,5.80,5.80,5.65,5.65,100900,5.404892
2016-12-09,5.70,5.80,5.70,5.75,57700,5.500553
2016-12-08,5.70,5.80,5.65,5.80,70700,5.548384
2016-12-07,5.70,5.75,5.70,5.70,68700,5.452722
2016-12-06,5.60,5.75,5.55,5.70,119900,5.452722
2016-12-05,5.60,5.65,5.55,5.55,74100,5.30923
2016-12-02,5.55,5.65,5.50,5.55,135900,5.30923
2016-12-01,5.65,5.70,5.50,5.55,258200,5.30923
2016-11-30,5.75,5.75,5.60,5.70,117800,5.452722
2016-11-29,5.70,5.73,5.60,5.70,37400,5.452722
2016-11-28,5.75,5.80,5.65,5.65,54100,5.404892
2016-11-25,5.72,5.80,5.70,5.80,23300,5.548384
2016-11-23,5.70,5.80,5.65,5.75,201100,5.500553
2016-11-22,5.65,5.70,5.65,5.65,93300,5.404892
2016-11-21,5.70,5.70,5.65,5.65,86900,5.404892
2016-11-18,5.65,5.70,5.60,5.60,73400,5.35706
2016-11-17,5.75,5.75,5.63,5.65,106500,5.404892
2016-11-16,5.75,5.80,5.70,5.70,130600,5.452722
2016-11-15,5.75,5.80,5.70,5.70,54900,5.452722
2016-11-14,5.75,5.80,5.70,5.80,96900,5.548384
2016-11-11,5.75,5.79,5.65,5.75,96300,5.500553
2016-11-10,5.75,5.80,5.70,5.75,186800,5.500553
2016-11-09,5.55,5.80,5.50,5.75,226500,5.500553
2016-11-08,5.55,5.65,5.55,5.65,99100,5.404892
2016-11-07,5.75,5.75,5.55,5.60,314200,5.35706
2016-11-04,5.70,5.75,5.66,5.70,124800,5.452722
2016-11-03,5.70,5.80,5.70,5.70,59300,5.452722
2016-11-02,5.80,5.80,5.70,5.80,77300,5.548384
2016-11-01,5.85,5.90,5.75,5.80,232700,5.548384
2016-10-31,5.90,5.95,5.80,5.80,169400,5.548384
2016-10-28,5.82,5.86,5.78,5.85,88000,5.596215
2016-10-27,5.90,5.90,5.80,5.82,65900,5.567517
2016-10-26,5.86,5.94,5.85,5.89,138600,5.63448
2016-10-25,5.90,5.92,5.77,5.85,60900,5.596215
2016-10-24,5.78,5.94,5.77,5.89,178900,5.63448
2016-10-21,5.72,5.79,5.72,5.77,84100,5.519686
2016-10-20,5.78,5.79,5.71,5.75,104400,5.500553
2016-10-19,5.78,5.80,5.71,5.80,61700,5.548384
2016-10-18,5.81,5.81,5.73,5.75,101300,5.500553
2016-10-17,5.78,5.82,5.76,5.81,58900,5.55795
2016-10-14,5.74,5.78,5.73,5.76,91800,5.51012
2016-10-13,5.74,5.74,5.71,5.74,107900,5.490987
2016-10-12,5.72,5.76,5.70,5.73,81700,5.481421
2016-10-11,5.82,5.82,5.68,5.68,102000,5.43359
2016-10-10,5.79,5.82,5.76,5.80,144100,5.548384
2016-10-07,5.75,5.81,5.74,5.75,104100,5.500553
2016-10-06,5.69,5.79,5.68,5.73,179600,5.481421
2016-10-05,5.72,5.79,5.61,5.69,212100,5.443156
2016-10-04,5.85,5.90,5.68,5.75,239200,5.500553
2016-10-03,5.95,5.96,5.85,5.85,73400,5.596215
2016-09-30,5.99,6.01,5.90,5.90,186100,5.644046
2016-09-29,6.06,6.07,5.99,5.99,80100,5.730141
2016-09-28,6.01,6.08,6.00,6.08,101300,5.816237
2016-09-27,6.09,6.10,6.07,6.09,183800,5.706226
2016-09-26,6.10,6.10,6.06,6.08,124800,5.696856
2016-09-23,6.08,6.10,6.07,6.09,127800,5.706226
2016-09-22,6.08,6.10,6.05,6.05,93000,5.668747
2016-09-21,6.02,6.08,5.97,6.05,102200,5.668747
2016-09-20,6.06,6.08,6.00,6.04,189000,5.659377
2016-09-19,6.08,6.11,5.94,5.98,201500,5.603158
2016-09-16,6.09,6.09,6.05,6.09,152700,5.706226
2016-09-15,6.03,6.09,6.00,6.09,122000,5.706226
2016-09-14,5.95,6.09,5.91,6.03,210700,5.650007
2016-09-13,6.03,6.09,5.91,5.95,256200,5.575048
2016-09-12,5.87,6.10,5.87,6.09,157400,5.706226
2016-09-09,6.08,6.10,5.89,5.91,237300,5.537569
2016-09-08,6.03,6.09,6.02,6.06,204700,5.678117
2016-09-07,6.00,6.04,5.99,6.00,192900,5.621898
2016-09-06,6.00,6.00,5.98,6.00,120500,5.621898
2016-09-02,5.94,6.00,5.92,5.99,271600,5.612528
2016-09-01,5.90,5.92,5.87,5.92,189000,5.546939
2016-08-31,5.88,5.90,5.82,5.88,162200,5.50946
2016-08-30,5.86,5.90,5.83,5.88,236500,5.50946
2016-08-29,5.80,5.85,5.78,5.85,322100,5.48135
2016-08-26,5.77,5.80,5.71,5.75,239900,5.387652
2016-08-25,5.74,5.80,5.72,5.79,231800,5.425131
2016-08-24,5.72,5.74,5.70,5.74,92200,5.378282
2016-08-23,5.73,5.75,5.71,5.72,55500,5.359542
2016-08-22,5.69,5.71,5.68,5.71,69200,5.350173
2016-08-19,5.75,5.76,5.67,5.69,151200,5.331433
2016-08-18,5.73,5.75,5.71,5.72,190200,5.359542
2016-08-17,5.72,5.73,5.70,5.73,185200,5.368912
2016-08-16,5.74,5.74,5.69,5.72,113500,5.359542
2016-08-15,5.75,5.77,5.69,5.74,223200,5.378282
2016-08-12,5.69,5.75,5.69,5.70,177500,5.340803
2016-08-11,5.64,5.68,5.64,5.67,155100,5.312693
2016-08-10,5.64,5.67,5.62,5.62,76700,5.265844
2016-08-09,5.64,5.66,5.63,5.64,90500,5.284584
2016-08-08,5.59,5.66,5.58,5.65,134500,5.293954
2016-08-05,5.55,5.60,5.47,5.57,98200,5.218995
2016-08-04,5.46,5.57,5.46,5.54,125100,5.190885
2016-08-03,5.54,5.55,5.46,5.50,140800,5.153406
2016-08-02,5.65,5.67,5.48,5.56,236500,5.209625
2016-08-01,5.70,5.70,5.65,5.66,107500,5.303323
2016-07-29,5.67,5.69,5.66,5.66,185900,5.303323
2016-07-28,5.63,5.67,5.63,5.66,120500,5.303323
2016-07-27,5.65,5.66,5.60,5.64,104700,5.284584
2016-07-26,5.63,5.65,5.62,5.65,116000,5.293954
2016-07-25,5.61,5.64,5.59,5.64,153800,5.284584
2016-07-22,5.60,5.63,5.58,5.60,119900,5.247104
2016-07-21,5.60,5.61,5.58,5.60,55800,5.247104
2016-07-20,5.58,5.62,5.58,5.60,138800,5.247104
2016-07-19,5.57,5.60,5.57,5.58,55700,5.228365
2016-07-18,5.59,5.59,5.57,5.58,53600,5.228365
2016-07-15,5.56,5.59,5.56,5.59,44200,5.237735
2016-07-14,5.56,5.59,5.55,5.56,85500,5.209625
2016-07-13,5.59,5.59,5.56,5.58,112600,5.228365
2016-07-12,5.56,5.60,5.56,5.57,105900,5.218995
2016-07-11,5.56,5.60,5.56,5.57,92200,5.218995
2016-07-08,5.54,5.58,5.53,5.56,159700,5.209625
2016-07-07,5.53,5.56,5.53,5.54,101600,5.190885
2016-07-06,5.50,5.55,5.50,5.53,52100,5.181516
2016-07-05,5.50,5.55,5.47,5.54,154300,5.190885
2016-07-01,5.49,5.53,5.48,5.53,168600,5.181516
2016-06-30,5.44,5.50,5.42,5.48,178400,5.134666
2016-06-29,5.38,5.49,5.38,5.43,217700,5.087817
2016-06-28,5.40,5.45,5.35,5.38,203800,5.040968
2016-06-27,5.46,5.55,5.43,5.46,287100,4.998804
2016-06-24,5.43,5.54,5.40,5.51,216100,5.044581
2016-06-23,5.55,5.57,5.50,5.52,190100,5.053736
2016-06-22,5.54,5.59,5.50,5.54,228100,5.072046
2016-06-21,5.55,5.55,5.50,5.54,137300,5.072046
2016-06-20,5.55,5.57,5.51,5.55,93800,5.081202
2016-06-17,5.49,5.54,5.48,5.54,75100,5.072046
2016-06-16,5.51,5.53,5.45,5.53,137800,5.062891
2016-06-15,5.50,5.54,5.48,5.53,107500,5.062891
2016-06-14,5.47,5.50,5.43,5.47,99800,5.007959
2016-06-13,5.50,5.54,5.46,5.48,98300,5.017114
2016-06-10,5.46,5.57,5.46,5.50,242100,5.035425
2016-06-09,5.42,5.49,5.41,5.45,131500,4.989648
2016-06-08,5.47,5.50,5.41,5.48,109900,5.017114
2016-06-07,5.47,5.49,5.46,5.48,27100,5.017114
2016-06-06,5.45,5.50,5.43,5.46,98100,4.998804
2016-06-03,5.45,5.49,5.36,5.46,70400,4.998804
2016-06-02,5.45,5.48,5.41,5.44,61800,4.980493
2016-06-01,5.35,5.47,5.32,5.46,85800,4.998804
2016-05-31,5.38,5.42,5.34,5.35,77600,4.898095
2016-05-27,5.35,5.42,5.35,5.36,117900,4.907251
2016-05-26,5.31,5.35,5.27,5.35,313400,4.898095
2016-05-25,5.34,5.36,5.30,5.31,174200,4.861474
2016-05-24,5.37,5.38,5.31,5.33,184900,4.879784
2016-05-23,5.33,5.38,5.30,5.35,156400,4.898095
2016-05-20,5.37,5.39,5.32,5.33,76800,4.879784
2016-05-19,5.36,5.41,5.35,5.41,134100,4.953027
2016-05-18,5.38,5.42,5.35,5.37,73200,4.916406
2016-05-17,5.40,5.50,5.36,5.41,166300,4.953027
2016-05-16,5.39,5.44,5.34,5.41,93000,4.953027
2016-05-13,5.43,5.44,5.35,5.43,104000,4.971338
2016-05-12,5.40,5.46,5.33,5.44,163200,4.980493
2016-05-11,5.45,5.46,5.32,5.40,154400,4.943872
2016-05-10,5.49,5.50,5.41,5.45,69000,4.989648
2016-05-09,5.51,5.56,5.41,5.44,128000,4.980493
2016-05-06,5.53,5.59,5.46,5.49,114800,5.026269
2016-05-05,5.54,5.60,5.51,5.54,188100,5.072046
2016-05-04,5.48,5.54,5.47,5.54,168200,5.072046
2016-05-03,5.45,5.52,5.44,5.52,68300,5.053736
2016-05-02,5.50,5.50,5.40,5.49,130100,5.026269
2016-04-29,5.63,5.63,5.43,5.48,437500,5.017114
2016-04-28,5.33,5.40,5.32,5.35,119100,4.898095
2016-04-27,5.36,5.41,5.26,5.35,52500,4.898095
2016-04-26,5.33,5.42,5.32,5.37,200500,4.916406
2016-04-25,5.31,5.35,5.30,5.33,44400,4.879784
2016-04-22,5.29,5.38,5.29,5.34,83800,4.88894
2016-04-21,5.32,5.34,5.28,5.32,62600,4.870629
2016-04-20,5.27,5.34,5.27,5.33,69100,4.879784
2016-04-19,5.20,5.31,5.19,5.27,116200,4.824853
2016-04-18,5.20,5.22,5.12,5.21,77100,4.769921
2016-04-15,5.24,5.25,5.19,5.20,27300,4.760765
2016-04-14,5.24,5.27,5.17,5.23,96200,4.788231
2016-04-13,5.13,5.29,5.13,5.29,132100,4.843163
2016-04-12,5.13,5.24,5.13,5.20,130300,4.760765
2016-04-11,5.18,5.19,5.12,5.13,80200,4.696678
2016-04-08,5.15,5.19,5.13,5.15,118900,4.714989
2016-04-07,5.12,5.18,5.10,5.14,86400,4.705833
2016-04-06,5.16,5.23,5.10,5.13,196100,4.696678
2016-04-05,5.23,5.24,5.11,5.19,112500,4.75161
2016-04-04,5.21,5.25,5.14,5.24,127600,4.797386
2016-04-01,5.25,5.25,5.21,5.24,54300,4.797386
2016-03-31,5.24,5.31,5.22,5.25,64700,4.806542
2016-03-30,5.37,5.40,5.16,5.27,158500,4.824853
2016-03-29,5.23,5.38,5.16,5.38,102300,4.925561
2016-03-28,5.25,5.36,5.25,5.32,133000,4.756188
2016-03-24,5.31,5.34,5.24,5.24,86400,4.684666
2016-03-23,5.29,5.35,5.29,5.30,105100,4.738308
2016-03-22,5.23,5.33,5.23,5.30,122600,4.738308
2016-03-21,5.25,5.28,5.22,5.26,161200,4.702547
2016-03-18,5.23,5.25,5.18,5.24,72900,4.684666
2016-03-17,5.20,5.23,5.18,5.23,48500,4.675726
2016-03-16,5.20,5.23,5.16,5.23,64700,4.675726
2016-03-15,5.20,5.20,5.15,5.17,76700,4.622085
2016-03-14,5.20,5.24,5.13,5.21,100000,4.657846
2016-03-11,5.15,5.24,5.15,5.20,98700,4.648905
2016-03-10,5.11,5.20,5.11,5.17,65200,4.622085
2016-03-09,5.19,5.25,5.13,5.21,76700,4.657846
2016-03-08,5.18,5.24,5.10,5.20,184800,4.648905
2016-03-07,5.22,5.23,5.11,5.18,95000,4.631025
2016-03-04,5.06,5.26,5.06,5.26,153300,4.702547
2016-03-03,4.88,5.06,4.87,5.04,145400,4.505862
2016-03-02,4.86,4.92,4.85,4.91,39400,4.389639
2016-03-01,4.85,4.91,4.81,4.90,45900,4.380699
2016-02-29,4.85,4.93,4.76,4.79,46900,4.282357
2016-02-26,4.90,4.92,4.81,4.83,47600,4.318118
2016-02-25,4.93,4.94,4.70,4.90,83200,4.380699
2016-02-24,4.85,4.91,4.76,4.91,65100,4.389639
2016-02-23,4.87,4.92,4.84,4.92,58200,4.39858
2016-02-22,4.90,4.94,4.82,4.91,50000,4.389639
2016-02-19,4.88,4.89,4.81,4.86,25700,4.344939
2016-02-18,4.96,4.96,4.86,4.86,47600,4.344939
2016-02-17,4.89,4.95,4.86,4.91,64800,4.389639
2016-02-16,4.88,4.90,4.80,4.86,30700,4.344939
2016-02-12,4.78,4.85,4.68,4.84,21400,4.327058
2016-02-11,4.80,4.82,4.69,4.78,52800,4.273417
2016-02-10,4.91,4.93,4.81,4.82,73900,4.309178
2016-02-09,4.93,4.99,4.88,4.92,59000,4.39858
2016-02-08,4.98,4.98,4.87,4.95,68700,4.4254
2016-02-05,4.98,5.04,4.96,5.00,76700,4.470101
2016-02-04,5.00,5.03,4.96,5.02,89400,4.487982
2016-02-03,4.99,5.05,4.95,5.00,78900,4.470101
2016-02-02,4.91,4.99,4.86,4.95,113000,4.4254
2016-02-01,5.03,5.06,4.95,4.96,70700,4.434341
2016-01-29,4.86,5.10,4.85,4.98,373800,4.452221
2016-01-28,4.72,4.86,4.69,4.86,90000,4.344939
2016-01-27,4.71,4.76,4.68,4.71,37200,4.210835
2016-01-26,4.63,4.77,4.60,4.75,145500,4.246596
2016-01-25,4.72,4.74,4.52,4.56,117200,4.076732
2016-01-22,4.69,4.75,4.65,4.72,103100,4.219775
2016-01-21,4.53,4.64,4.45,4.60,196400,4.112493
2016-01-20,4.49,4.58,4.27,4.53,574100,4.049912
2016-01-19,4.74,4.77,4.41,4.51,436600,4.032032
2016-01-15,4.66,4.79,4.55,4.71,185200,4.210835
2016-01-14,4.59,4.79,4.47,4.73,362300,4.228716
2016-01-13,4.83,4.84,4.57,4.66,439400,4.166134
2016-01-12,4.92,4.97,4.68,4.82,408200,4.309178
2016-01-11,5.01,5.04,4.88,4.91,325900,4.389639
2016-01-08,5.04,5.07,5.00,5.01,83600,4.479042
2016-01-07,5.02,5.06,4.98,5.00,160200,4.470101
2016-01-06,5.07,5.12,5.02,5.05,109800,4.514802
2016-01-05,5.04,5.15,5.03,5.14,104800,4.595264
2016-01-04,5.02,5.08,5.00,5.07,112800,4.532683
2015-12-31,5.03,5.09,5.01,5.06,254100,4.523742
2015-12-30,5.09,5.12,5.02,5.03,244200,4.496922
2015-12-29,5.20,5.20,5.07,5.12,292400,4.577384
2015-12-28,5.26,5.29,5.22,5.27,233000,4.599734
2015-12-24,5.26,5.29,5.21,5.23,84800,4.564822
2015-12-23,5.24,5.27,5.13,5.24,173500,4.57355
2015-12-22,5.19,5.23,5.17,5.21,61100,4.547366
2015-12-21,5.08,5.22,5.07,5.19,184300,4.529909
2015-12-18,5.10,5.22,5.07,5.08,266300,4.4339
2015-12-17,5.15,5.17,4.98,5.12,558400,4.468812
2015-12-16,5.19,5.20,5.12,5.15,229600,4.494997
2015-12-15,5.12,5.20,5.10,5.17,310100,4.512453
2015-12-14,5.18,5.22,5.11,5.18,324900,4.521181
2015-12-11,5.28,5.28,5.17,5.21,219900,4.547366
2015-12-10,5.30,5.31,5.24,5.27,111600,4.599734
2015-12-09,5.30,5.36,5.27,5.30,139600,4.625919
2015-12-08,5.28,5.36,5.20,5.28,220700,4.608463
2015-12-07,5.33,5.36,5.27,5.29,178900,4.617191
2015-12-04,5.30,5.40,5.30,5.33,145400,4.652103
2015-12-03,5.32,5.39,5.30,5.31,126300,4.634647
2015-12-02,5.44,5.44,5.31,5.32,89400,4.643375
2015-12-01,5.45,5.45,5.39,5.43,97700,4.739385
2015-11-30,5.44,5.46,5.38,5.43,85600,4.739385
2015-11-27,5.39,5.47,5.38,5.42,60000,4.730657
2015-11-25,5.39,5.43,5.35,5.40,101600,4.713201
2015-11-24,5.36,5.41,5.31,5.41,191400,4.721928
2015-11-23,5.41,5.41,5.31,5.37,366200,4.687016
2015-11-20,5.41,5.45,5.36,5.39,113900,4.704472
2015-11-19,5.37,5.41,5.35,5.39,79100,4.704472
2015-11-18,5.41,5.43,5.35,5.38,136700,4.695744
2015-11-17,5.46,5.49,5.41,5.44,53800,4.748113
2015-11-16,5.47,5.47,5.40,5.44,48400,4.748113
2015-11-13,5.39,5.48,5.39,5.45,95400,4.756841
2015-11-12,5.45,5.55,5.41,5.48,128900,4.783026
2015-11-11,5.39,5.47,5.37,5.44,94300,4.748113
2015-11-10,5.36,5.43,5.33,5.35,87400,4.66956
2015-11-09,5.36,5.50,5.36,5.36,113700,4.678288
2015-11-06,5.35,5.42,5.34,5.37,149000,4.687016
2015-11-05,5.45,5.45,5.37,5.37,66300,4.687016
2015-11-04,5.45,5.50,5.45,5.45,33800,4.756841
2015-11-03,5.50,5.51,5.43,5.45,102200,4.756841
2015-11-02,5.46,5.51,5.45,5.48,131500,4.783026
2015-10-30,5.40,5.49,5.39,5.46,156300,4.765569
2015-10-29,5.35,5.39,5.30,5.39,79400,4.704472
2015-10-28,5.34,5.40,5.26,5.32,105300,4.643375
2015-10-27,5.36,5.41,5.32,5.35,126300,4.66956
2015-10-26,5.43,5.46,5.32,5.32,53000,4.643375
2015-10-23,5.41,5.49,5.34,5.41,140600,4.721928
2015-10-22,5.32,5.45,5.27,5.36,108900,4.678288
2015-10-21,5.35,5.40,5.30,5.35,102100,4.66956
2015-10-20,5.38,5.44,5.35,5.43,43700,4.739385
2015-10-19,5.42,5.47,5.36,5.36,81200,4.678288
2015-10-16,5.41,5.44,5.35,5.44,80000,4.748113
2015-10-15,5.34,5.49,5.32,5.45,117600,4.756841
2015-10-14,5.40,5.40,5.32,5.37,68800,4.687016
2015-10-13,5.39,5.45,5.30,5.41,92100,4.721928
2015-10-12,5.37,5.44,5.35,5.38,52600,4.695744
2015-10-09,5.34,5.41,5.34,5.34,92400,4.660832
2015-10-08,5.39,5.41,5.32,5.35,116100,4.66956
2015-10-07,5.35,5.43,5.34,5.37,184500,4.687016
2015-10-06,5.33,5.40,5.27,5.34,54900,4.660832
2015-10-05,5.26,5.38,5.25,5.31,81500,4.634647
2015-10-02,5.14,5.26,5.14,5.25,75100,4.582278
2015-10-01,5.21,5.22,5.14,5.14,97300,4.486268
2015-09-30,5.23,5.24,5.18,5.20,47000,4.538637
2015-09-29,5.25,5.25,5.12,5.18,115600,4.521181
2015-09-28,5.37,5.44,5.16,5.22,167700,4.556094
2015-09-25,5.56,5.56,5.45,5.49,116100,4.682652
2015-09-24,5.51,5.58,5.47,5.52,111000,4.70824
2015-09-23,5.55,5.58,5.52,5.52,81200,4.70824
2015-09-22,5.52,5.57,5.48,5.54,135500,4.725299
2015-09-21,5.52,5.57,5.48,5.52,81100,4.70824
2015-09-18,5.48,5.58,5.44,5.54,94000,4.725299
2015-09-17,5.48,5.55,5.42,5.52,94900,4.70824
2015-09-16,5.46,5.50,5.37,5.48,70100,4.674122
2015-09-15,5.46,5.49,5.38,5.46,58700,4.657064
2015-09-14,5.46,5.51,5.40,5.47,127400,4.665593
2015-09-11,5.29,5.46,5.26,5.46,115100,4.657064
2015-09-10,5.25,5.32,5.23,5.29,88100,4.512063
2015-09-09,5.30,5.32,5.25,5.26,56800,4.486475
2015-09-08,5.34,5.34,5.29,5.29,93600,4.512063
2015-09-04,5.29,5.35,5.29,5.35,31700,4.56324
2015-09-03,5.31,5.33,5.28,5.33,74900,4.546181
2015-09-02,5.36,5.38,5.30,5.33,43100,4.546181
2015-09-01,5.29,5.38,5.29,5.33,72300,4.546181
2015-08-31,5.25,5.40,5.19,5.38,137000,4.588828
2015-08-28,5.20,5.35,5.13,5.27,99000,4.495005
2015-08-27,5.20,5.20,5.11,5.18,82400,4.41824
2015-08-26,5.07,5.20,5.03,5.15,384400,4.392652
2015-08-25,5.11,5.27,5.05,5.08,304400,4.332946
2015-08-24,5.13,5.20,4.87,5.16,325800,4.401181
2015-08-21,5.23,5.42,5.20,5.23,186200,4.460887
2015-08-20,5.25,5.32,5.23,5.24,174200,4.469416
2015-08-19,5.30,5.33,5.25,5.27,108700,4.495005
2015-08-18,5.33,5.33,5.27,5.29,110300,4.512063
2015-08-17,5.35,5.37,5.30,5.33,87800,4.546181
2015-08-14,5.34,5.38,5.30,5.35,74400,4.56324
2015-08-13,5.37,5.42,5.28,5.33,109700,4.546181
2015-08-12,5.39,5.43,5.22,5.37,109000,4.580299
2015-08-11,5.32,5.40,5.17,5.37,281100,4.580299
2015-08-10,5.34,5.41,5.31,5.31,176800,4.529122
2015-08-07,5.47,5.47,5.36,5.38,118200,4.588828
2015-08-06,5.52,5.55,5.38,5.43,155400,4.631475
2015-08-05,5.57,5.59,5.51,5.51,78800,4.699711
2015-08-04,5.66,5.68,5.53,5.57,84600,4.750887
2015-08-03,5.68,5.69,5.62,5.65,126300,4.819123
2015-07-31,5.63,5.68,5.61,5.66,203400,4.827652
2015-07-30,5.57,5.63,5.54,5.61,108700,4.785005
2015-07-29,5.58,5.58,5.50,5.54,71000,4.725299
2015-07-28,5.54,5.58,5.50,5.57,97800,4.750887
2015-07-27,5.50,5.54,5.49,5.50,92700,4.691181
2015-07-24,5.57,5.58,5.49,5.51,72000,4.699711
2015-07-23,5.60,5.63,5.54,5.57,91500,4.750887
2015-07-22,5.50,5.68,5.50,5.61,87000,4.785005
2015-07-21,5.52,5.54,5.50,5.53,65400,4.71677
2015-07-20,5.55,5.57,5.52,5.54,45000,4.725299
2015-07-17,5.57,5.58,5.54,5.58,40000,4.759417
2015-07-16,5.58,5.60,5.53,5.56,64500,4.742358
2015-07-15,5.62,5.64,5.55,5.57,78400,4.750887
2015-07-14,5.63,5.63,5.48,5.60,131800,4.776475
2015-07-13,5.62,5.65,5.61,5.63,43800,4.802064
2015-07-10,5.65,5.65,5.58,5.65,24000,4.819123
2015-07-09,5.65,5.66,5.58,5.60,50000,4.776475
2015-07-08,5.55,5.68,5.55,5.65,91800,4.819123
2015-07-07,5.65,5.66,5.53,5.61,60400,4.785005
2015-07-06,5.55,5.65,5.55,5.65,34900,4.819123
2015-07-02,5.52,5.60,5.52,5.58,74500,4.759417
2015-07-01,5.55,5.57,5.53,5.55,38900,4.733829
2015-06-30,5.55,5.57,5.50,5.55,120500,4.733829
2015-06-29,5.60,5.60,5.55,5.56,67400,4.742358
2015-06-26,5.65,5.67,5.59,5.60,108600,4.776475
2015-06-25,5.74,5.76,5.71,5.73,43600,4.78074
2015-06-24,5.70,5.75,5.70,5.75,59500,4.797427
2015-06-23,5.72,5.76,5.69,5.72,72600,4.772397
2015-06-22,5.77,5.77,5.71,5.71,115500,4.764053
2015-06-19,5.73,5.80,5.69,5.76,80400,4.80577
2015-06-18,5.76,5.78,5.73,5.76,56300,4.80577
2015-06-17,5.71,5.78,5.67,5.76,108200,4.80577
2015-06-16,5.64,5.82,5.62,5.71,168200,4.764053
2015-06-15,5.58,5.63,5.58,5.60,39600,4.672276
2015-06-12,5.59,5.62,5.55,5.59,74100,4.663933
2015-06-11,5.57,5.67,5.56,5.57,98000,4.647247
2015-06-10,5.64,5.65,5.58,5.58,117700,4.65559
2015-06-09,5.63,5.66,5.61,5.62,75400,4.688963
2015-06-08,5.66,5.68,5.60,5.63,65000,4.697307
2015-06-05,5.67,5.68,5.65,5.65,95300,4.713993
2015-06-04,5.67,5.70,5.64,5.70,110500,4.75571
2015-06-03,5.63,5.73,5.63,5.64,101400,4.70565
2015-06-02,5.64,5.68,5.63,5.64,83900,4.70565
2015-06-01,5.69,5.74,5.63,5.64,150700,4.70565
2015-05-29,5.63,5.68,5.63,5.64,95200,4.70565
2015-05-28,5.65,5.68,5.63,5.65,71000,4.713993
2015-05-27,5.63,5.70,5.61,5.63,80200,4.697307
2015-05-26,5.65,5.70,5.60,5.67,107800,4.73068
2015-05-22,5.60,5.67,5.60,5.66,58800,4.722336
2015-05-21,5.62,5.66,5.60,5.63,133300,4.697307
2015-05-20,5.63,5.63,5.56,5.60,42200,4.672276
2015-05-19,5.63,5.63,5.58,5.61,85100,4.68062
2015-05-18,5.61,5.68,5.60,5.63,88900,4.697307
2015-05-15,5.58,5.64,5.56,5.61,48500,4.68062
2015-05-14,5.60,5.62,5.56,5.62,109500,4.688963
2015-05-13,5.62,5.67,5.57,5.62,94200,4.688963
2015-05-12,5.55,5.61,5.53,5.61,44400,4.68062
2015-05-11,5.53,5.68,5.52,5.57,49100,4.647247
2015-05-08,5.54,5.60,5.51,5.54,163900,4.622216
2015-05-07,5.55,5.57,5.50,5.56,109500,4.638903
2015-05-06,5.53,5.59,5.50,5.56,100300,4.638903
2015-05-05,5.56,5.59,5.50,5.53,87100,4.613873
2015-05-04,5.55,5.59,5.52,5.55,119500,4.63056
2015-05-01,5.58,5.62,5.53,5.58,70000,4.65559
2015-04-30,5.59,5.60,5.52,5.55,175500,4.63056
2015-04-29,5.54,5.71,5.52,5.55,105400,4.63056
2015-04-28,5.53,5.62,5.50,5.54,99000,4.622216
2015-04-27,5.53,5.57,5.53,5.56,108700,4.638903
2015-04-24,5.45,5.53,5.45,5.51,58400,4.597187
2015-04-23,5.55,5.55,5.45,5.46,126700,4.55547
2015-04-22,5.52,5.55,5.52,5.53,39500,4.613873
2015-04-21,5.56,5.57,5.50,5.54,148500,4.622216
2015-04-20,5.57,5.58,5.51,5.55,134600,4.63056
2015-04-17,5.54,5.55,5.51,5.54,53200,4.622216
2015-04-16,5.53,5.59,5.52,5.52,63000,4.60553
2015-04-15,5.54,5.57,5.52,5.55,100000,4.63056
2015-04-14,5.51,5.57,5.50,5.52,95600,4.60553
2015-04-13,5.52,5.56,5.48,5.48,102500,4.572156
2015-04-10,5.53,5.56,5.48,5.54,57600,4.622216
2015-04-09,5.54,5.55,5.50,5.51,69600,4.597187
2015-04-08,5.53,5.53,5.50,5.51,68300,4.597187
2015-04-07,5.55,5.57,5.48,5.49,115900,4.580499
2015-04-06,5.52,5.57,5.52,5.52,50700,4.60553
2015-04-02,5.47,5.58,5.47,5.53,52200,4.613873
2015-04-01,5.57,5.57,5.50,5.51,59600,4.597187
2015-03-31,5.52,5.60,5.51,5.57,111200,4.647247
2015-03-30,5.61,5.61,5.54,5.55,52800,4.63056
2015-03-27,5.59,5.63,5.53,5.60,137200,4.672276
2015-03-26,5.62,5.73,5.62,5.69,93000,4.643075
2015-03-25,5.72,5.72,5.61,5.65,88300,4.610435
2015-03-24,5.65,5.74,5.64,5.66,90000,4.618595
2015-03-23,5.66,5.73,5.66,5.68,126500,4.634915
2015-03-20,5.65,5.72,5.63,5.70,74400,4.651235
2015-03-19,5.65,5.70,5.63,5.65,71800,4.610435
2015-03-18,5.69,5.70,5.65,5.69,104800,4.643075
2015-03-17,5.63,5.70,5.63,5.70,58800,4.651235
2015-03-16,5.63,5.73,5.63,5.67,67700,4.626755
2015-03-13,5.65,5.68,5.59,5.64,101700,4.602274
2015-03-12,5.63,5.69,5.57,5.69,92100,4.643075
2015-03-11,5.65,5.67,5.55,5.62,200200,4.585954
2015-03-10,5.68,5.69,5.65,5.67,53600,4.626755
2015-03-09,5.73,5.75,5.63,5.70,83700,4.651235
2015-03-06,5.68,5.75,5.57,5.73,241600,4.675715
2015-03-05,5.75,5.75,5.68,5.71,160100,4.659395
2015-03-04,5.73,5.76,5.70,5.76,72900,4.700195
2015-03-03,5.73,5.77,5.73,5.75,163100,4.692035
2015-03-02,5.74,5.79,5.72,5.75,69100,4.692035
2015-02-27,5.75,5.77,5.71,5.77,104200,4.708355
2015-02-26,5.70,5.78,5.70,5.74,157700,4.683875
2015-02-25,5.74,5.75,5.66,5.67,83400,4.626755
2015-02-24,5.75,5.78,5.72,5.74,77800,4.683875
2015-02-23,5.78,5.79,5.66,5.75,185500,4.692035
2015-02-20,5.73,5.79,5.66,5.79,61200,4.724675
2015-02-19,5.71,5.73,5.67,5.72,64600,4.667555
2015-02-18,5.74,5.80,5.66,5.75,148800,4.692035
2015-02-17,5.62,5.74,5.57,5.74,231100,4.683875
2015-02-13,5.70,5.70,5.60,5.62,123700,4.585954
2015-02-12,5.56,5.70,5.55,5.67,142400,4.626755
2015-02-11,5.70,5.70,5.55,5.61,140400,4.577794
2015-02-10,5.73,5.73,5.67,5.68,93200,4.634915
2015-02-09,5.78,5.78,5.68,5.69,121300,4.643075
2015-02-06,5.81,5.81,5.66,5.71,137700,4.659395
2015-02-05,5.77,5.87,5.72,5.80,246600,4.732836
2015-02-04,5.83,5.85,5.76,5.76,91900,4.700195
2015-02-03,5.83,5.89,5.78,5.80,153700,4.732836
2015-02-02,5.83,5.86,5.78,5.83,179300,4.757316
2015-01-30,5.84,5.90,5.75,5.80,243900,4.732836
2015-01-29,5.77,5.84,5.75,5.84,90000,4.765476
2015-01-28,5.82,5.87,5.76,5.80,73400,4.732836
2015-01-27,5.76,5.83,5.76,5.79,125200,4.724675
2015-01-26,5.72,5.79,5.68,5.77,144600,4.708355
2015-01-23,5.77,5.78,5.68,5.72,69400,4.667555
2015-01-22,5.73,5.77,5.71,5.77,46400,4.708355
2015-01-21,5.74,5.80,5.68,5.74,131300,4.683875
2015-01-20,5.66,5.73,5.64,5.73,200100,4.675715
2015-01-16,5.56,5.64,5.53,5.64,48200,4.602274
2015-01-15,5.58,5.66,5.53,5.55,45400,4.528834
2015-01-14,5.54,5.60,5.46,5.58,132500,4.553314
2015-01-13,5.51,5.62,5.47,5.56,129100,4.536994
2015-01-12,5.45,5.54,5.42,5.52,224800,4.504354
2015-01-09,5.37,5.42,5.28,5.39,96500,4.398273
2015-01-08,5.38,5.41,5.29,5.33,157800,4.349313
2015-01-07,5.26,5.35,5.26,5.33,83400,4.349313
2015-01-06,5.32,5.32,5.20,5.24,183500,4.275872
2015-01-05,5.21,5.33,5.21,5.29,95100,4.316672
2015-01-02,5.30,5.34,5.23,5.25,136000,4.284032
2014-12-31,5.25,5.30,5.17,5.26,635500,4.292192
2014-12-30,5.35,5.36,5.22,5.25,364000,4.284032
2014-12-29,5.20,5.33,5.13,5.28,410100,4.308513
2014-12-26,5.18,5.44,5.18,5.42,323600,4.320752
2014-12-24,5.30,5.39,5.21,5.33,157400,4.249006
2014-12-23,5.53,5.58,5.20,5.27,390600,4.201174
2014-12-22,5.51,5.57,5.41,5.49,202900,4.376555
2014-12-19,5.61,5.62,5.51,5.57,84600,4.440331
2014-12-18,5.62,5.62,5.49,5.60,68200,4.464246
2014-12-17,5.38,5.63,5.38,5.58,128700,4.448302
2014-12-16,5.20,5.43,5.20,5.43,224400,4.328724
2014-12-15,5.44,5.52,5.22,5.24,323600,4.177259
2014-12-12,5.21,5.39,5.20,5.38,92100,4.288865
2014-12-11,5.13,5.32,5.11,5.21,174400,4.153343
2014-12-10,5.24,5.27,5.11,5.15,135000,4.105512
2014-12-09,5.10,5.29,4.94,5.27,504700,4.201174
2014-12-08,5.25,5.26,5.10,5.13,361400,4.089568
2014-12-05,5.33,5.39,5.24,5.27,408100,4.201174
2014-12-04,5.40,5.45,5.35,5.36,275700,4.272921
2014-12-03,5.55,5.55,5.43,5.45,186700,4.344668
2014-12-02,5.51,5.58,5.50,5.54,118000,4.416415
2014-12-01,5.55,5.57,5.50,5.51,135600,4.392499
2014-11-28,5.54,5.58,5.51,5.58,94000,4.448302
2014-11-26,5.57,5.59,5.53,5.55,143400,4.424387
2014-11-25,5.53,5.61,5.53,5.58,138500,4.448302
2014-11-24,5.60,5.61,5.55,5.55,112400,4.424387
2014-11-21,5.70,5.70,5.55,5.61,137200,4.472218
2014-11-20,5.69,5.70,5.65,5.69,85700,4.535993
2014-11-19,5.64,5.71,5.62,5.69,57200,4.535993
2014-11-18,5.72,5.74,5.63,5.67,84400,4.520049
2014-11-17,5.74,5.77,5.72,5.72,59000,4.559908
2014-11-14,5.74,5.82,5.66,5.74,124700,4.575852
2014-11-13,5.71,5.80,5.71,5.77,57200,4.599768
2014-11-12,5.79,5.84,5.73,5.75,142900,4.583824
2014-11-11,5.82,5.83,5.76,5.81,92900,4.631655
2014-11-10,5.74,5.82,5.74,5.78,100900,4.60774
2014-11-07,5.79,5.83,5.75,5.78,117800,4.60774
2014-11-06,5.80,5.88,5.75,5.81,123600,4.631655
2014-11-05,5.83,5.83,5.75,5.82,59000,4.639627
2014-11-04,5.79,5.83,5.75,5.82,111500,4.639627
2014-11-03,5.78,5.84,5.76,5.79,112000,4.615711
2014-10-31,5.84,5.84,5.75,5.82,164000,4.639627
2014-10-30,5.70,5.78,5.62,5.78,144800,4.60774
2014-10-29,5.75,5.75,5.68,5.70,163000,4.543965
2014-10-28,5.76,5.85,5.72,5.81,143800,4.631655
2014-10-27,5.73,5.77,5.66,5.71,139700,4.551937
2014-10-24,5.82,5.84,5.75,5.78,90700,4.60774
2014-10-23,5.85,5.87,5.80,5.82,86800,4.639627
2014-10-22,5.83,5.87,5.76,5.83,88700,4.647599
2014-10-21,5.85,5.88,5.68,5.83,275900,4.647599
2014-10-20,5.92,5.92,5.77,5.82,89800,4.639627
2014-10-17,5.74,5.89,5.70,5.89,257100,4.69543
2014-10-16,5.35,5.65,5.35,5.59,219500,4.456274
2014-10-15,5.32,5.41,5.22,5.41,239900,4.31278
2014-10-14,5.50,5.58,5.05,5.32,657000,4.241034
2014-10-13,5.60,5.65,5.51,5.53,216700,4.408443
2014-10-10,5.70,5.72,5.60,5.60,230000,4.464246
2014-10-09,5.82,5.83,5.69,5.72,139900,4.559908
2014-10-08,5.80,5.84,5.76,5.80,172800,4.623684
2014-10-07,5.78,5.90,5.57,5.78,240100,4.60774
2014-10-06,5.84,5.96,5.79,5.80,122100,4.623684
2014-10-03,5.82,5.90,5.82,5.87,125500,4.679486
2014-10-02,5.97,5.99,5.72,5.84,259600,4.655571
2014-10-01,5.96,5.96,5.88,5.92,135000,4.719346
2014-09-30,5.99,6.02,5.96,5.98,83900,4.767177
2014-09-29,5.90,6.00,5.87,6.00,181700,4.783121
2014-09-26,5.95,5.99,5.92,5.92,105700,4.719346
2014-09-25,6.01,6.02,5.98,6.01,57900,4.691445
2014-09-24,6.01,6.06,5.99,6.02,92200,4.69925
2014-09-23,6.00,6.01,5.98,5.98,81500,4.668026
2014-09-22,6.02,6.02,5.98,6.01,106600,4.691445
2014-09-19,6.05,6.08,6.00,6.00,81500,4.683638
2014-09-18,6.03,6.06,6.00,6.05,52000,4.722669
2014-09-17,5.96,6.02,5.96,6.00,38100,4.683638
2014-09-16,6.00,6.02,5.91,6.00,219500,4.683638
2014-09-15,6.05,6.05,6.02,6.03,53300,4.707057
2014-09-12,6.04,6.07,6.02,6.05,68500,4.722669
2014-09-11,6.01,6.05,6.00,6.02,71700,4.69925
2014-09-10,6.02,6.04,6.01,6.03,68200,4.707057
2014-09-09,6.04,6.04,6.00,6.01,94300,4.691445
2014-09-08,6.04,6.04,6.02,6.04,166200,4.714863
2014-09-05,6.00,6.04,5.99,6.04,129600,4.714863
2014-09-04,6.03,6.06,6.00,6.00,100100,4.683638
2014-09-03,6.08,6.08,5.99,5.99,70700,4.675832
2014-09-02,5.97,6.09,5.97,6.04,109000,4.714863
2014-08-29,6.01,6.04,6.00,6.03,54400,4.707057
2014-08-28,6.04,6.08,6.00,6.01,78200,4.691445
2014-08-27,6.03,6.09,6.02,6.08,81200,4.746087
2014-08-26,6.02,6.07,6.00,6.02,65000,4.69925
2014-08-25,6.06,6.08,5.95,5.98,161000,4.668026
2014-08-22,6.09,6.09,6.02,6.02,37600,4.69925
2014-08-21,6.05,6.09,6.01,6.05,89600,4.722669
2014-08-20,6.07,6.07,6.02,6.03,63300,4.707057
2014-08-19,6.05,6.07,6.01,6.02,77800,4.69925
2014-08-18,6.05,6.05,6.00,6.01,79900,4.691445
2014-08-15,6.01,6.05,5.98,6.04,49200,4.714863
2014-08-14,5.96,6.03,5.96,6.01,131300,4.691445
2014-08-13,5.97,5.98,5.96,5.96,69000,4.652414
2014-08-12,5.97,6.00,5.94,5.96,76600,4.652414
2014-08-11,5.96,5.98,5.90,5.96,51700,4.652414
2014-08-08,5.97,5.97,5.91,5.94,33100,4.636802
2014-08-07,5.93,5.98,5.91,5.93,41200,4.628996
2014-08-06,5.92,5.94,5.86,5.92,166400,4.62119
2014-08-05,5.95,6.00,5.85,5.88,177400,4.589966
2014-08-04,5.97,6.00,5.95,5.95,78300,4.644608
2014-08-01,6.01,6.01,5.96,5.97,128800,4.66022
2014-07-31,6.07,6.07,5.97,5.99,144600,4.675832
2014-07-30,6.00,6.05,6.00,6.03,108100,4.707057
2014-07-29,6.00,6.00,5.97,6.00,57500,4.683638
2014-07-28,6.03,6.05,5.98,5.99,86700,4.675832
2014-07-25,5.96,6.02,5.96,5.97,48400,4.66022
2014-07-24,5.96,6.00,5.93,5.99,109400,4.675832
2014-07-23,5.96,6.00,5.96,6.00,56000,4.683638
2014-07-22,6.02,6.02,5.93,5.98,152400,4.668026
2014-07-21,6.03,6.04,5.96,5.97,98800,4.66022
2014-07-18,5.95,6.05,5.95,6.00,87400,4.683638
2014-07-17,6.00,6.03,5.87,5.98,156800,4.668026
2014-07-16,5.97,5.98,5.90,5.98,75700,4.668026
2014-07-15,5.99,6.02,5.93,5.94,131800,4.636802
2014-07-14,5.99,6.02,5.97,5.97,39600,4.66022
2014-07-11,6.04,6.04,5.97,5.99,103800,4.675832
2014-07-10,6.03,6.05,6.03,6.05,43900,4.722669
2014-07-09,6.06,6.06,6.02,6.05,33600,4.722669
2014-07-08,6.06,6.07,6.00,6.07,133300,4.738281
2014-07-07,6.04,6.06,6.00,6.03,72800,4.707057
2014-07-03,6.08,6.08,6.04,6.05,16600,4.722669
2014-07-02,6.05,6.09,6.03,6.05,88800,4.722669
2014-07-01,6.00,6.08,6.00,6.06,59800,4.730475
2014-06-30,5.98,6.08,5.97,6.02,115100,4.69925
2014-06-27,5.98,6.05,5.98,6.01,83900,4.691445
2014-06-26,6.01,6.04,5.97,6.01,126800,4.691445
2014-06-25,6.10,6.12,6.07,6.09,59100,4.656317
2014-06-24,6.06,6.12,6.05,6.11,87900,4.671609
2014-06-23,6.00,6.08,6.00,6.05,125500,4.625734
2014-06-20,6.00,6.04,5.99,6.02,106500,4.602796
2014-06-19,6.00,6.02,5.97,5.99,279900,4.579858
2014-06-18,6.04,6.08,5.96,5.96,346800,4.556921
2014-06-17,6.05,6.06,6.02,6.04,96100,4.618088
2014-06-16,6.10,6.10,6.02,6.03,128100,4.610442
2014-06-13,6.03,6.10,6.02,6.07,97600,4.641025
2014-06-12,6.04,6.10,6.03,6.06,25300,4.633379
2014-06-11,6.00,6.10,5.99,6.03,78500,4.610442
2014-06-10,6.03,6.04,5.99,5.99,116000,4.579858
2014-06-09,6.07,6.09,6.03,6.03,100800,4.610442
2014-06-06,6.03,6.06,6.01,6.04,61000,4.618088
2014-06-05,6.00,6.08,5.97,6.03,105800,4.610442
2014-06-04,5.99,6.07,5.99,6.02,76200,4.602796
2014-06-03,6.00,6.12,5.99,6.01,152900,4.59515
2014-06-02,6.07,6.07,5.98,6.01,128300,4.59515
2014-05-30,6.01,6.05,5.95,6.03,99500,4.610442
2014-05-29,6.02,6.03,5.99,6.00,71900,4.587504
2014-05-28,6.04,6.07,6.00,6.00,125700,4.587504
2014-05-27,6.00,6.04,6.00,6.00,116900,4.587504
2014-05-23,6.00,6.08,5.96,6.01,102400,4.59515
2014-05-22,5.94,6.05,5.94,5.98,71900,4.572213
2014-05-21,6.01,6.01,5.94,5.94,96200,4.541629
2014-05-20,5.99,6.10,5.98,6.00,152900,4.587504
2014-05-19,5.95,6.03,5.95,6.03,39900,4.610442
2014-05-16,5.99,6.01,5.92,5.98,39800,4.572213
2014-05-15,5.98,6.00,5.92,5.96,94500,4.556921
2014-05-14,5.95,6.04,5.90,6.01,231100,4.59515
2014-05-13,6.03,6.03,5.96,5.96,139600,4.556921
2014-05-12,6.05,6.05,6.00,6.01,77500,4.59515
2014-05-09,6.00,6.05,5.99,6.01,120300,4.59515
2014-05-08,5.98,6.05,5.97,6.04,124200,4.618088
2014-05-07,6.03,6.03,5.96,6.00,91600,4.587504
2014-05-06,6.04,6.08,5.99,5.99,111900,4.579858
2014-05-05,6.05,6.05,5.99,6.01,52700,4.59515
2014-05-02,6.08,6.08,5.98,6.02,80400,4.602796
2014-05-01,6.00,6.08,5.98,6.01,144400,4.59515
2014-04-30,6.10,6.10,5.99,6.01,144900,4.59515
2014-04-29,5.98,6.07,5.97,6.07,343000,4.641025
2014-04-28,5.85,6.00,5.85,6.00,148100,4.587504
2014-04-25,5.93,5.95,5.85,5.86,175800,4.480463
2014-04-24,5.86,5.94,5.85,5.88,174800,4.495754
2014-04-23,5.91,5.95,5.90,5.91,80100,4.518692
2014-04-22,5.86,5.94,5.86,5.94,75300,4.541629
2014-04-21,5.85,5.92,5.85,5.91,119300,4.518692
2014-04-17,5.90,5.90,5.82,5.86,89100,4.480463
2014-04-16,5.87,5.90,5.83,5.86,83500,4.480463
2014-04-15,5.90,5.91,5.82,5.88,363700,4.495754
2014-04-14,5.90,5.96,5.90,5.93,115500,4.533983
2014-04-11,5.98,5.98,5.90,5.92,163100,4.526338
2014-04-10,6.00,6.00,5.93,5.96,144900,4.556921
2014-04-09,5.98,5.99,5.94,5.98,62200,4.572213
2014-04-08,5.95,5.99,5.92,5.97,142500,4.564567
2014-04-07,5.96,6.00,5.90,5.93,128500,4.533983
2014-04-04,6.02,6.03,5.95,5.96,191800,4.556921
2014-04-03,6.01,6.01,5.97,5.99,119200,4.579858
2014-04-02,5.99,6.05,5.99,6.02,89100,4.602796
2014-04-01,6.04,6.04,5.95,6.03,160700,4.610442
2014-03-31,6.00,6.04,5.94,6.04,129800,4.618088
2014-03-28,6.04,6.05,5.92,5.96,737100,4.556921
2014-03-27,6.05,6.05,5.88,6.00,744700,4.587504
2014-03-26,6.06,6.09,5.99,6.02,268600,4.507223
2014-03-25,6.04,6.12,6.00,6.05,175400,4.529684
2014-03-24,6.14,6.14,6.04,6.08,121800,4.552145
2014-03-21,6.14,6.15,6.06,6.07,140900,4.544658
2014-03-20,6.10,6.12,6.02,6.11,261600,4.574607
2014-03-19,6.01,6.09,6.01,6.05,195300,4.529684
2014-03-18,6.00,6.05,6.00,6.03,95800,4.51471
2014-03-17,6.02,6.07,5.99,5.99,142900,4.484762
2014-03-14,5.94,6.00,5.94,5.98,86100,4.477275
2014-03-13,5.99,6.01,5.93,5.95,112700,4.454813
2014-03-12,5.94,5.99,5.92,5.97,127400,4.469787
2014-03-11,5.86,5.96,5.84,5.94,199500,4.447326
2014-03-10,5.96,5.99,5.85,5.86,106900,4.38743
2014-03-07,6.03,6.04,5.93,5.93,187500,4.439839
2014-03-06,6.05,6.07,5.96,5.99,127700,4.484762
2014-03-05,6.00,6.04,5.90,6.02,138300,4.507223
2014-03-04,5.95,6.03,5.95,5.96,136400,4.4623
2014-03-03,5.99,6.05,5.92,5.96,202400,4.4623
2014-02-28,5.88,6.09,5.88,6.00,402900,4.492249
2014-02-27,5.90,5.96,5.86,5.91,296300,4.424865
2014-02-26,5.81,5.90,5.80,5.90,106300,4.417378
2014-02-25,5.93,5.94,5.77,5.84,372200,4.372456
2014-02-24,5.93,5.94,5.84,5.93,199900,4.439839
2014-02-21,5.90,5.90,5.82,5.89,130100,4.409891
2014-02-20,5.86,5.91,5.81,5.88,211800,4.402404
2014-02-19,5.90,5.90,5.87,5.87,267000,4.394917
2014-02-18,5.95,5.95,5.86,5.90,266700,4.417378
2014-02-14,5.96,5.97,5.88,5.95,364100,4.454813
2014-02-13,5.95,5.98,5.90,5.93,365800,4.439839
2014-02-12,5.94,5.96,5.88,5.93,551100,4.439839
2014-02-11,5.85,5.90,5.85,5.87,158300,4.394917
2014-02-10,5.86,5.90,5.85,5.88,192000,4.402404
2014-02-07,5.85,5.88,5.85,5.86,137300,4.38743
2014-02-06,5.79,5.87,5.76,5.85,252600,4.379942
2014-02-05,5.85,5.85,5.77,5.81,197400,4.349994
2014-02-04,5.86,5.90,5.81,5.85,259800,4.379942
2014-02-03,5.90,5.91,5.76,5.85,597200,4.379942
2014-01-31,5.88,5.89,5.82,5.86,435400,4.38743
2014-01-30,5.85,5.93,5.85,5.87,571700,4.394917
2014-01-29,5.82,5.93,5.82,5.87,1560900,4.394917
2014-01-28,5.90,5.95,5.85,5.86,8250300,4.38743
2014-01-27,6.34,6.38,6.32,6.34,167900,4.74681
2014-01-24,6.39,6.47,6.30,6.32,78600,4.731836
2014-01-23,6.40,6.60,6.35,6.36,100900,4.761784
2014-01-22,6.35,6.44,6.33,6.38,86600,4.776758
2014-01-21,6.39,6.39,6.32,6.38,54400,4.776758
2014-01-17,6.35,6.36,6.32,6.34,49400,4.74681
2014-01-16,6.35,6.35,6.31,6.31,79000,4.724348
2014-01-15,6.33,6.35,6.30,6.30,43300,4.716861
2014-01-14,6.34,6.35,6.30,6.30,102500,4.716861
2014-01-13,6.37,6.38,6.32,6.32,77200,4.731836
2014-01-10,6.34,6.38,6.32,6.37,86600,4.769271
2014-01-09,6.27,6.35,6.27,6.35,74700,4.754297
2014-01-08,6.37,6.37,6.27,6.30,79300,4.716861
2014-01-07,6.40,6.44,6.28,6.32,75700,4.731836
2014-01-06,6.35,6.40,6.30,6.37,72600,4.769271
2014-01-03,6.36,6.44,6.35,6.37,79100,4.769271
2014-01-02,6.26,6.35,6.25,6.31,120800,4.724348
2013-12-31,6.26,6.34,6.23,6.29,210100,4.709374
2013-12-30,6.30,6.35,6.22,6.32,172200,4.731836
2013-12-27,6.20,6.35,6.17,6.30,284000,4.716861
2013-12-26,6.31,6.40,6.30,6.37,141100,4.675682
2013-12-24,6.32,6.37,6.30,6.31,73100,4.631641
2013-12-23,6.36,6.37,6.30,6.36,262700,4.668342
2013-12-20,6.36,6.44,6.35,6.35,106500,4.661002
2013-12-19,6.41,6.41,6.32,6.36,101500,4.668342
2013-12-18,6.40,6.42,6.36,6.38,73600,4.683023
2013-12-17,6.41,6.49,6.36,6.40,184800,4.697703
2013-12-16,6.32,6.45,6.32,6.38,115800,4.683023
2013-12-13,6.38,6.45,6.35,6.35,159400,4.661002
2013-12-12,6.40,6.42,6.37,6.38,90100,4.683023
2013-12-11,6.40,6.40,6.31,6.40,109400,4.697703
2013-12-10,6.35,6.39,6.30,6.36,176900,4.668342
2013-12-09,6.44,6.47,6.30,6.39,149700,4.690363
2013-12-06,6.36,6.43,6.31,6.39,144100,4.690363
2013-12-05,6.33,6.46,6.30,6.36,210900,4.668342
2013-12-04,6.50,6.57,6.32,6.34,608600,4.653662
2013-12-03,6.53,6.55,6.50,6.51,255800,4.778445
2013-12-02,6.62,6.62,6.49,6.56,447200,4.815145
2013-11-29,6.49,6.65,6.46,6.63,217700,4.866527
2013-11-27,6.49,6.55,6.30,6.51,680900,4.778445
2013-11-26,6.17,6.41,6.15,6.39,7495600,4.690363
2013-11-25,6.69,6.78,6.62,6.70,223100,4.917907
2013-11-22,6.70,6.82,6.60,6.65,175600,4.881207
2013-11-21,6.86,6.87,6.35,6.65,606000,4.881207
2013-11-20,6.97,7.01,6.85,6.85,262900,5.02801
2013-11-19,7.06,7.10,7.01,7.03,44000,5.160133
2013-11-18,7.03,7.10,7.00,7.00,54000,5.138112
2013-11-15,7.08,7.09,7.02,7.03,42300,5.160133
2013-11-14,7.00,7.13,7.00,7.09,46600,5.204174
2013-11-13,7.08,7.11,7.01,7.03,45600,5.160133
2013-11-12,7.14,7.19,7.07,7.10,44100,5.211514
2013-11-11,7.14,7.23,7.00,7.13,58600,5.233535
2013-11-08,7.16,7.16,7.08,7.08,12700,5.196834
2013-11-07,7.05,7.22,7.00,7.18,67500,5.270235
2013-11-06,7.10,7.25,6.99,7.00,88200,5.138112
2013-11-05,7.22,7.22,7.07,7.07,26400,5.189494
2013-11-04,7.14,7.25,7.14,7.20,41400,5.284915
2013-11-01,7.18,7.25,7.12,7.17,30200,5.262895
2013-10-31,7.24,7.24,7.10,7.18,71100,5.270235
2013-10-30,7.11,7.15,7.10,7.14,46000,5.240875
2013-10-29,7.05,7.11,6.97,7.11,54900,5.218854
2013-10-28,7.00,7.04,6.95,7.04,55600,5.167473
2013-10-25,6.93,6.95,6.93,6.94,56200,5.094072
2013-10-24,7.02,7.03,6.94,6.98,37200,5.123432
2013-10-23,7.02,7.04,6.93,7.01,21100,5.145453
2013-10-22,7.08,7.10,7.00,7.02,55300,5.152793
2013-10-21,7.00,7.08,6.97,7.02,26600,5.152793
2013-10-18,7.00,7.00,6.93,7.00,37100,5.138112
2013-10-17,7.00,7.00,6.91,6.97,35900,5.116092
2013-10-16,6.92,7.00,6.91,6.98,26700,5.123432
2013-10-15,6.95,6.99,6.90,6.90,35500,5.064711
2013-10-14,6.90,7.00,6.90,7.00,22200,5.138112
2013-10-11,7.00,7.00,6.90,6.98,37900,5.123432
2013-10-10,6.95,7.00,6.90,6.99,30000,5.130772
2013-10-09,6.95,6.99,6.80,6.95,46400,5.101411
2013-10-08,7.04,7.04,6.95,6.96,44900,5.108752
2013-10-07,7.00,7.04,7.00,7.03,37400,5.160133
2013-10-04,6.79,6.99,6.79,6.99,80600,5.130772
2013-10-03,6.82,6.87,6.77,6.79,53900,4.983969
2013-10-02,6.89,6.89,6.79,6.79,114000,4.983969
2013-10-01,6.82,6.89,6.79,6.82,69500,5.00599
2013-09-30,6.85,6.89,6.81,6.83,55700,5.01333
2013-09-27,6.99,6.99,6.86,6.86,76400,5.03535
2013-09-26,7.02,7.05,6.93,6.93,44600,5.086731
2013-09-25,7.05,7.08,7.00,7.04,51900,5.075721
2013-09-24,7.00,7.07,6.98,7.02,64900,5.061302
2013-09-23,7.02,7.02,6.93,6.98,90600,5.032462
2013-09-20,7.05,7.05,6.96,7.00,37700,5.046882
2013-09-19,7.05,7.06,7.02,7.05,9000,5.082931
2013-09-18,7.07,7.07,7.00,7.07,18000,5.097351
2013-09-17,7.06,7.07,6.97,7.06,37000,5.090141
2013-09-16,7.04,7.07,7.00,7.03,31300,5.068512
2013-09-13,7.03,7.05,6.97,7.01,48500,5.054092
2013-09-12,7.00,7.04,6.93,7.04,35500,5.075721
2013-09-11,7.00,7.00,6.95,6.95,33600,5.010833
2013-09-10,6.91,7.00,6.91,6.94,76200,5.003623
2013-09-09,6.96,6.97,6.90,6.91,120600,4.981993
2013-09-06,7.02,7.05,6.96,6.98,148700,5.032462
2013-09-05,7.02,7.02,6.97,7.00,29900,5.046882
2013-09-04,6.98,7.01,6.94,7.01,41000,5.054092
2013-09-03,6.98,7.00,6.96,6.99,46300,5.039672
2013-08-30,6.99,6.99,6.94,6.96,40800,5.018043
2013-08-29,6.97,6.99,6.93,6.96,22100,5.018043
2013-08-28,6.96,7.01,6.90,6.97,51200,5.025252
2013-08-27,6.94,6.99,6.90,6.96,46700,5.018043
2013-08-26,6.94,7.00,6.93,6.98,36100,5.032462
2013-08-23,6.99,7.00,6.95,6.99,27400,5.039672
2013-08-22,6.95,7.06,6.91,6.91,39900,4.981993
2013-08-21,6.95,7.01,6.93,6.94,36100,5.003623
2013-08-20,7.00,7.03,6.94,7.01,68000,5.054092
2013-08-19,7.05,7.07,7.00,7.02,21800,5.061302
2013-08-16,6.88,7.07,6.88,7.00,94300,5.046882
2013-08-15,6.91,6.97,6.83,6.90,63100,4.974784
2013-08-14,6.98,6.99,6.87,6.91,56800,4.981993
2013-08-13,7.00,7.05,6.90,6.93,77000,4.996413
2013-08-12,7.09,7.09,6.96,7.00,60900,5.046882
2013-08-09,7.00,7.10,6.94,7.08,60000,5.104561
2013-08-08,7.05,7.05,6.92,6.98,88700,5.032462
2013-08-07,7.07,7.07,6.97,6.97,32000,5.025252
2013-08-06,7.01,7.07,6.91,7.04,61000,5.075721
2013-08-05,7.11,7.11,6.96,7.00,89800,5.046882
2013-08-02,7.00,7.11,6.95,7.02,181800,5.061302
2013-08-01,6.91,6.99,6.86,6.94,113300,5.003623
2013-07-31,6.90,6.95,6.79,6.93,117700,4.996413
2013-07-30,6.76,6.85,6.70,6.84,63300,4.931525
2013-07-29,6.83,6.83,6.65,6.73,75600,4.852217
2013-07-26,6.76,6.84,6.71,6.74,47300,4.859426
2013-07-25,6.70,6.81,6.67,6.75,99800,4.866636
2013-07-24,6.63,6.68,6.55,6.60,81000,4.758489
2013-07-23,6.61,6.80,6.60,6.66,48300,4.801748
2013-07-22,6.58,6.69,6.58,6.64,47100,4.787328
2013-07-19,6.61,6.65,6.57,6.61,56200,4.765699
2013-07-18,6.61,6.68,6.56,6.61,58900,4.765699
2013-07-17,6.72,6.72,6.64,6.64,55100,4.787328
2013-07-16,6.75,6.75,6.66,6.67,64200,4.808958
2013-07-15,6.77,6.80,6.67,6.73,60500,4.852217
2013-07-12,6.70,6.78,6.64,6.73,45200,4.852217
2013-07-11,6.71,6.74,6.62,6.70,74600,4.830587
2013-07-10,6.69,6.73,6.64,6.70,70100,4.830587
2013-07-09,6.66,6.75,6.66,6.74,32500,4.859426
2013-07-08,6.69,6.71,6.64,6.69,61000,4.823377
2013-07-05,6.75,6.75,6.62,6.64,81700,4.787328
2013-07-03,6.64,6.76,6.61,6.74,22900,4.859426
2013-07-02,6.68,6.70,6.52,6.70,57600,4.830587
2013-07-01,6.74,6.81,6.54,6.68,87800,4.816167
2013-06-28,6.65,6.80,6.65,6.76,58900,4.873846
2013-06-27,6.69,6.75,6.60,6.68,52900,4.816167
2013-06-26,6.63,6.82,6.50,6.68,143100,4.816167
2013-06-25,6.60,6.75,6.55,6.61,228700,4.675576
2013-06-24,6.78,6.79,6.70,6.74,180900,4.767531
2013-06-21,6.91,6.91,6.72,6.85,121100,4.845339
2013-06-20,6.79,6.91,6.71,6.86,86500,4.852413
2013-06-19,6.87,6.92,6.80,6.83,71200,4.831192
2013-06-18,6.85,6.95,6.85,6.86,88000,4.852413
2013-06-17,6.86,6.91,6.85,6.85,59900,4.845339
2013-06-14,6.88,6.90,6.76,6.87,43400,4.859486
2013-06-13,6.75,6.89,6.55,6.84,97300,4.838266
2013-06-12,6.85,6.90,6.75,6.78,83400,4.795825
2013-06-11,6.80,6.90,6.78,6.85,76200,4.845339
2013-06-10,6.75,6.79,6.60,6.79,99600,4.802898
2013-06-07,6.79,6.79,6.66,6.69,139100,4.732164
2013-06-06,6.62,6.78,6.62,6.71,75800,4.746311
2013-06-05,6.57,6.75,6.53,6.66,117300,4.710943
2013-06-04,6.78,6.78,6.55,6.63,289200,4.689723
2013-06-03,6.92,6.93,6.69,6.77,194300,4.788752
2013-05-31,7.01,7.05,6.91,6.92,61400,4.894854
2013-05-30,6.88,7.05,6.85,7.01,270600,4.958515
2013-05-29,6.98,6.98,6.85,6.92,92200,4.894854
2013-05-28,7.00,7.01,6.95,6.96,80200,4.923148
2013-05-24,6.90,7.00,6.86,6.97,209100,4.930221
2013-05-23,6.87,6.91,6.83,6.86,35200,4.852413
2013-05-22,6.90,7.00,6.86,6.87,83800,4.859486
2013-05-21,6.90,6.96,6.90,6.93,103800,4.901927
2013-05-20,6.85,6.90,6.78,6.90,120800,4.880707
2013-05-17,6.80,6.85,6.78,6.82,137900,4.824119
2013-05-16,6.64,6.84,6.61,6.76,182600,4.781678
2013-05-15,6.39,6.82,6.39,6.69,345300,4.732164
2013-05-14,6.57,6.64,6.31,6.51,738100,4.604841
2013-05-13,7.10,7.15,6.14,6.66,1420700,4.710943
2013-05-10,7.10,7.13,7.08,7.09,63700,5.015103
2013-05-09,7.09,7.15,7.08,7.10,54700,5.022177
2013-05-08,7.05,7.17,7.05,7.12,73400,5.036324
2013-05-07,7.17,7.21,7.04,7.05,159400,4.986809
2013-05-06,7.23,7.25,7.16,7.18,72500,5.078764
2013-05-03,7.14,7.23,7.14,7.23,66900,5.114132
2013-05-02,7.17,7.18,7.05,7.13,46100,5.043397
2013-05-01,7.19,7.23,7.03,7.11,70100,5.02925
2013-04-30,7.10,7.25,6.98,7.15,133700,5.057544
2013-04-29,6.96,7.05,6.96,7.01,80500,4.958515
2013-04-26,6.96,6.99,6.95,6.96,44500,4.923148
2013-04-25,7.00,7.05,6.96,6.99,81600,4.944368
2013-04-24,7.02,7.05,6.96,6.98,57700,4.937295
2013-04-23,7.00,7.07,6.96,7.00,55900,4.951442
2013-04-22,7.06,7.07,6.94,6.99,96200,4.944368
2013-04-19,6.93,7.07,6.93,7.04,87100,4.979736
2013-04-18,6.88,6.99,6.85,6.93,55800,4.901927
2013-04-17,7.00,7.01,6.88,6.91,69300,4.88778
2013-04-16,6.80,7.10,6.80,6.98,165400,4.937295
2013-04-15,6.95,7.00,6.70,6.75,289100,4.774605
2013-04-12,7.00,7.05,6.90,6.96,146600,4.923148
2013-04-11,7.05,7.05,7.01,7.01,100300,4.958515
2013-04-10,7.03,7.08,7.01,7.01,117400,4.958515
2013-04-09,7.12,7.12,7.02,7.02,109200,4.965589
2013-04-08,7.03,7.12,7.03,7.11,82400,5.02925
2013-04-05,7.00,7.05,7.00,7.03,170100,4.972662
2013-04-04,7.05,7.05,7.00,7.00,124700,4.951442
2013-04-03,7.08,7.10,7.01,7.01,132000,4.958515
2013-04-02,7.19,7.21,7.08,7.11,95400,5.02925
2013-04-01,7.09,7.21,7.09,7.16,69600,5.064617
2013-03-28,7.11,7.15,7.08,7.12,76900,5.036324
2013-03-27,7.17,7.17,7.09,7.12,67700,5.036324
2013-03-26,7.08,7.18,7.00,7.13,239200,5.043397
2013-03-25,7.20,7.23,7.16,7.19,66800,4.997419
2013-03-22,7.15,7.20,7.12,7.18,125900,4.990469
2013-03-21,7.10,7.19,7.10,7.16,117800,4.976568
2013-03-20,7.15,7.19,7.08,7.10,164800,4.934865
2013-03-19,7.20,7.20,7.15,7.15,45700,4.969617
2013-03-18,7.20,7.24,7.16,7.22,35600,5.018271
2013-03-15,7.20,7.21,7.15,7.20,57100,5.00437
2013-03-14,7.18,7.24,7.14,7.19,93700,4.997419
2013-03-13,7.17,7.23,7.10,7.11,93700,4.941815
2013-03-12,7.27,7.27,7.16,7.19,49400,4.997419
2013-03-11,7.24,7.27,7.19,7.23,73600,5.025221
2013-03-08,7.25,7.28,7.18,7.20,66100,5.00437
2013-03-07,7.28,7.29,7.18,7.21,59200,5.01132
2013-03-06,7.32,7.32,7.14,7.16,76800,4.976568
2013-03-05,7.16,7.32,7.13,7.32,81900,5.087776
2013-03-04,7.20,7.20,7.11,7.14,98200,4.962667
2013-03-01,7.09,7.20,7.09,7.14,45700,4.962667
2013-02-28,7.13,7.20,7.09,7.18,69500,4.990469
2013-02-27,7.10,7.14,7.08,7.09,48600,4.927914
2013-02-26,7.10,7.15,7.10,7.10,53200,4.934865
2013-02-25,7.18,7.18,7.10,7.11,63200,4.941815
2013-02-22,7.16,7.17,7.10,7.10,82400,4.934865
2013-02-21,7.14,7.18,7.10,7.10,44500,4.934865
2013-02-20,7.17,7.19,7.10,7.10,66900,4.934865
2013-02-19,7.20,7.21,7.10,7.13,142300,4.955716
2013-02-15,7.15,7.30,7.10,7.14,48100,4.962667
2013-02-14,7.11,7.24,7.08,7.16,111000,4.976568
2013-02-13,7.26,7.30,7.10,7.13,117200,4.955716
2013-02-12,7.18,7.29,7.18,7.22,33400,5.018271
2013-02-11,7.20,7.30,7.07,7.18,128700,4.990469
2013-02-08,7.19,7.22,7.16,7.20,33100,5.00437
2013-02-07,7.21,7.33,7.07,7.15,108200,4.969617
2013-02-06,7.02,7.30,7.02,7.21,108000,5.01132
2013-02-05,7.08,7.18,7.08,7.11,76600,4.941815
2013-02-04,7.10,7.11,7.06,7.08,108000,4.920964
2013-02-01,7.15,7.15,7.10,7.11,113900,4.941815
2013-01-31,7.17,7.17,7.10,7.10,87900,4.934865
2013-01-30,7.12,7.21,7.11,7.13,101300,4.955716
2013-01-29,7.10,7.22,7.10,7.14,69900,4.962667
2013-01-28,7.18,7.19,7.10,7.10,99600,4.934865
2013-01-25,7.17,7.20,7.10,7.10,65300,4.934865
2013-01-24,7.14,7.22,7.10,7.13,90600,4.955716
2013-01-23,7.34,7.34,7.10,7.17,176800,4.983518
2013-01-22,7.20,7.35,7.13,7.29,176000,5.066924
2013-01-18,7.11,7.21,7.08,7.16,45300,4.976568
2013-01-17,7.05,7.20,7.05,7.10,72700,4.934865
2013-01-16,7.14,7.20,7.01,7.05,72700,4.900112
2013-01-15,7.10,7.29,7.07,7.10,179700,4.934865
2013-01-14,7.08,7.08,7.00,7.06,69100,4.907063
2013-01-11,6.97,7.05,6.96,7.05,82000,4.900112
2013-01-10,7.06,7.06,6.93,7.00,83700,4.86536
2013-01-09,6.96,7.06,6.94,6.98,84300,4.851459
2013-01-08,7.00,7.04,6.93,6.95,88600,4.830607
2013-01-07,7.10,7.20,7.00,7.02,223000,4.879261
2013-01-04,7.01,7.18,6.92,7.10,84500,4.934865
2013-01-03,6.94,7.01,6.81,7.01,177400,4.87231
2013-01-02,6.90,7.04,6.77,6.94,224700,4.823657
2012-12-31,6.50,6.72,6.50,6.67,250400,4.635993
2012-12-28,6.45,6.73,6.43,6.72,186500,4.670745
2012-12-27,6.65,6.68,6.41,6.51,311800,4.524785
2012-12-26,6.77,6.87,6.70,6.70,210700,4.569962
2012-12-24,6.86,7.00,6.75,6.80,117800,4.638171
2012-12-21,6.76,6.99,6.76,6.91,149800,4.7132
2012-12-20,6.99,7.00,6.90,6.93,91700,4.726842
2012-12-19,7.00,7.00,6.89,6.95,206800,4.740483
2012-12-18,7.04,7.08,6.86,6.98,294700,4.760946
2012-12-17,7.00,7.07,6.98,7.00,247800,4.774588
2012-12-14,7.03,7.05,6.99,7.02,107900,4.788229
2012-12-13,6.98,7.09,6.98,7.00,176400,4.774588
2012-12-12,6.95,7.05,6.93,7.02,350200,4.788229
2012-12-11,7.00,7.10,6.94,6.97,307400,4.754125
2012-12-10,6.90,7.07,6.86,7.00,344400,4.774588
2012-12-07,6.85,6.98,6.83,6.98,170400,4.760946
2012-12-06,6.82,6.90,6.79,6.84,208000,4.665454
2012-12-05,6.81,6.90,6.75,6.84,291200,4.665454
2012-12-04,6.70,6.90,6.62,6.85,257100,4.672275
2012-12-03,6.94,6.99,6.67,6.68,343300,4.556321
2012-11-30,6.99,7.00,6.67,6.88,629000,4.692738
2012-11-29,6.53,7.10,6.37,6.88,1007400,4.692738
2012-11-28,6.43,6.56,6.36,6.44,153800,4.392621
2012-11-27,6.37,6.66,6.34,6.34,166000,4.324412
2012-11-26,6.26,6.42,6.22,6.37,65400,4.344875
2012-11-23,6.36,6.46,6.21,6.33,59800,4.317591
2012-11-21,6.29,6.34,6.17,6.31,119100,4.30395
2012-11-20,6.25,6.29,6.08,6.27,174500,4.276666
2012-11-19,6.06,6.20,6.05,6.18,76700,4.215279
2012-11-16,5.86,6.11,5.83,6.01,228800,4.099325
2012-11-15,6.00,6.15,5.81,5.89,290100,4.017474
2012-11-14,6.06,6.12,6.01,6.01,103300,4.099325
2012-11-13,6.05,6.12,6.01,6.05,88900,4.126608
2012-11-12,6.05,6.14,6.00,6.06,71900,4.133429
2012-11-09,6.17,6.24,6.05,6.11,95300,4.167533
2012-11-08,6.05,6.25,6.00,6.15,184600,4.194816
2012-11-07,6.07,6.15,5.97,6.01,181900,4.099325
2012-11-06,6.10,6.13,6.05,6.11,60900,4.167533
2012-11-05,6.14,6.15,6.04,6.11,93900,4.167533
2012-11-02,6.07,6.12,6.07,6.12,51500,4.174354
2012-11-01,6.11,6.14,6.04,6.09,98800,4.153891
2012-10-31,6.15,6.15,6.00,6.09,142800,4.153891
2012-10-26,6.02,6.08,5.99,6.00,76700,4.092504
2012-10-25,6.01,6.04,5.88,5.94,160000,4.051579
2012-10-24,6.06,6.07,6.01,6.01,53800,4.099325
2012-10-23,6.00,6.06,5.97,6.06,47700,4.133429
2012-10-22,6.00,6.07,5.97,5.97,85400,4.072041
2012-10-19,6.00,6.05,5.97,5.99,79500,4.085683
2012-10-18,6.05,6.05,5.98,6.01,105200,4.099325
2012-10-17,6.05,6.08,6.01,6.03,49600,4.112966
2012-10-16,6.03,6.05,5.95,6.01,194900,4.099325
2012-10-15,6.20,6.20,6.01,6.05,144100,4.126608
2012-10-12,6.15,6.19,6.12,6.18,86300,4.215279
2012-10-11,6.12,6.19,6.10,6.15,66300,4.194816
2012-10-10,6.15,6.16,6.10,6.14,106400,4.187995
2012-10-09,6.14,6.15,6.10,6.15,52500,4.194816
2012-10-08,6.13,6.20,6.06,6.14,73400,4.187995
2012-10-05,6.10,6.18,6.06,6.10,95500,4.160712
2012-10-04,6.00,6.17,5.98,6.10,175100,4.160712
2012-10-03,5.97,6.07,5.96,5.97,92600,4.072041
2012-10-02,6.00,6.03,5.97,6.01,102000,4.099325
2012-10-01,6.06,6.08,5.99,6.01,160800,4.099325
2012-09-28,6.00,6.09,6.00,6.00,140600,4.092504
2012-09-27,6.01,6.10,6.00,6.01,157700,4.099325
2012-09-26,6.00,6.10,6.00,6.03,108500,4.112966
2012-09-25,6.14,6.18,6.06,6.06,141500,4.048168
2012-09-24,6.09,6.19,6.07,6.10,196600,4.074889
2012-09-21,6.02,6.10,6.01,6.06,115300,4.048168
2012-09-20,5.96,6.02,5.96,5.98,66400,3.994727
2012-09-19,6.00,6.09,5.96,5.97,84000,3.988047
2012-09-18,6.03,6.09,5.96,6.00,209200,4.008088
2012-09-17,5.99,6.02,5.93,5.98,103500,3.994727
2012-09-14,5.90,6.04,5.87,6.02,253900,4.021448
2012-09-13,5.88,5.97,5.87,5.93,121600,3.961326
2012-09-12,5.89,5.90,5.80,5.87,99700,3.921246
2012-09-11,5.89,5.93,5.83,5.86,191000,3.914566
2012-09-10,5.87,5.90,5.87,5.89,100200,3.934606
2012-09-07,5.90,5.90,5.85,5.87,82700,3.921246
2012-09-06,5.87,5.90,5.84,5.88,89600,3.927926
2012-09-05,5.84,5.89,5.83,5.86,72500,3.914566
2012-09-04,5.85,5.86,5.80,5.80,146300,3.874485
2012-08-31,5.82,5.86,5.81,5.83,76400,3.894525
2012-08-30,5.81,5.86,5.80,5.81,110100,3.881165
2012-08-29,5.88,5.90,5.80,5.81,176000,3.881165
2012-08-28,5.83,5.90,5.83,5.87,130000,3.921246
2012-08-27,5.88,5.88,5.80,5.86,175000,3.914566
2012-08-24,5.81,5.87,5.79,5.85,192800,3.907885
2012-08-23,5.80,5.85,5.76,5.77,102000,3.854444
2012-08-22,5.84,5.85,5.78,5.79,274000,3.867804
2012-08-21,5.78,5.88,5.75,5.82,264300,3.887845
2012-08-20,5.78,5.79,5.73,5.76,109700,3.847764
2012-08-17,5.80,5.80,5.74,5.78,206300,3.861124
2012-08-16,5.78,5.80,5.75,5.77,248800,3.854444
2012-08-15,5.78,5.80,5.75,5.75,154400,3.841084
2012-08-14,5.80,5.80,5.74,5.75,230100,3.841084
2012-08-13,5.80,5.83,5.74,5.74,324300,3.834404
2012-08-10,5.75,5.77,5.74,5.74,163700,3.834404
2012-08-09,5.75,5.78,5.72,5.72,297700,3.821043
2012-08-08,5.75,5.77,5.71,5.76,175800,3.847764
2012-08-07,5.78,5.78,5.71,5.73,338000,3.827724
2012-08-06,5.78,5.79,5.70,5.70,650400,3.807683
2012-08-03,5.75,5.80,5.62,5.69,1686800,3.801003
2012-08-02,5.52,5.53,5.44,5.49,148700,3.6674
2012-08-01,5.48,5.57,5.42,5.49,216200,3.6674
2012-07-31,5.47,5.49,5.36,5.45,240400,3.640679
2012-07-30,5.40,5.42,5.33,5.40,313500,3.607279
2012-07-27,5.40,5.50,5.40,5.42,115000,3.620639
2012-07-26,5.41,5.44,5.36,5.40,136400,3.607279
2012-07-25,5.40,5.41,5.35,5.35,92000,3.573878
2012-07-24,5.45,5.45,5.40,5.40,78200,3.607279
2012-07-23,5.47,5.48,5.39,5.44,109600,3.633999
2012-07-20,5.40,5.49,5.36,5.49,72600,3.6674
2012-07-19,5.45,5.45,5.35,5.40,165300,3.607279
2012-07-18,5.43,5.45,5.41,5.44,133500,3.633999
2012-07-17,5.46,5.47,5.40,5.40,103900,3.607279
2012-07-16,5.38,5.46,5.36,5.41,236200,3.613959
2012-07-13,5.45,5.47,5.34,5.42,166500,3.620639
2012-07-12,5.35,5.45,5.34,5.38,175300,3.593919
2012-07-11,5.38,5.38,5.35,5.38,203100,3.593919
2012-07-10,5.36,5.38,5.31,5.35,107000,3.573878
2012-07-09,5.31,5.40,5.29,5.38,300800,3.593919
2012-07-06,5.31,5.31,5.29,5.31,130000,3.547157
2012-07-05,5.34,5.35,5.27,5.32,151400,3.553838
2012-07-03,5.34,5.35,5.25,5.33,132700,3.560518
2012-07-02,5.28,5.35,5.25,5.30,303600,3.540477
2012-06-29,5.23,5.34,5.23,5.28,241500,3.527117
2012-06-28,5.25,5.30,5.23,5.28,193300,3.527117
2012-06-27,5.14,5.29,5.14,5.27,229200,3.520437
2012-06-26,5.34,5.34,5.27,5.27,230600,3.436935
2012-06-25,5.36,5.36,5.28,5.29,167900,3.449978
2012-06-22,5.34,5.37,5.29,5.30,230500,3.4565
2012-06-21,5.40,5.40,5.31,5.34,191500,3.482587
2012-06-20,5.34,5.40,5.29,5.38,193400,3.508674
2012-06-19,5.32,5.39,5.28,5.29,407200,3.449978
2012-06-18,5.38,5.38,5.30,5.33,134900,3.476065
2012-06-15,5.35,5.41,5.28,5.33,151400,3.476065
2012-06-14,5.36,5.39,5.33,5.37,279100,3.502152
2012-06-13,5.26,5.36,5.24,5.32,394500,3.469544
2012-06-12,5.22,5.27,5.20,5.24,351000,3.41737
2012-06-11,5.19,5.25,5.17,5.19,378800,3.384761
2012-06-08,5.13,5.19,5.12,5.19,338200,3.384761
2012-06-07,5.11,5.14,5.09,5.14,401500,3.352153
2012-06-06,5.12,5.12,5.05,5.09,369100,3.319545
2012-06-05,5.07,5.14,5.06,5.10,618500,3.326066
2012-06-04,5.08,5.13,5.04,5.09,469900,3.319545
2012-06-01,5.02,5.07,5.00,5.05,700600,3.293458
2012-05-31,5.04,5.05,4.98,5.04,6503700,3.286936
2012-05-30,5.25,5.25,5.00,5.06,974700,3.299979
2012-05-29,5.58,5.68,5.50,5.56,99200,3.626064
2012-05-25,5.62,5.68,5.50,5.56,37100,3.626064
2012-05-24,5.72,5.77,5.55,5.62,108100,3.665194
2012-05-23,5.51,5.59,5.51,5.52,44000,3.599977
2012-05-22,5.56,5.62,5.50,5.51,43000,3.593456
2012-05-21,5.64,5.69,5.51,5.55,63200,3.619543
2012-05-18,5.73,5.77,5.57,5.68,87200,3.704324
2012-05-17,5.71,5.78,5.56,5.63,46900,3.671716
2012-05-16,5.81,5.83,5.73,5.73,62200,3.736933
2012-05-15,5.88,5.90,5.75,5.81,103000,3.789107
2012-05-14,5.88,5.88,5.80,5.83,80200,3.80215
2012-05-11,5.75,5.88,5.74,5.85,68200,3.815193
2012-05-10,5.84,5.88,5.71,5.76,29000,3.756498
2012-05-09,5.79,5.90,5.71,5.80,117000,3.782585
2012-05-08,5.85,5.90,5.73,5.79,151600,3.776063
2012-05-07,5.77,5.88,5.69,5.88,68000,3.834759
2012-05-04,5.75,5.88,5.75,5.80,34500,3.782585
2012-05-03,5.86,5.88,5.69,5.80,52000,3.782585
2012-05-02,5.73,5.90,5.71,5.83,36200,3.80215
2012-05-01,5.92,5.92,5.70,5.75,114000,3.749976
2012-04-30,5.89,5.93,5.74,5.86,179000,3.821715
2012-04-27,5.79,5.84,5.73,5.80,97000,3.782585
2012-04-26,5.67,5.77,5.67,5.73,98600,3.736933
2012-04-25,5.70,5.75,5.60,5.71,60400,3.72389
2012-04-24,5.63,5.69,5.62,5.68,36400,3.704324
2012-04-23,5.60,5.65,5.58,5.60,63400,3.652151
2012-04-20,5.61,5.70,5.58,5.60,45500,3.652151
2012-04-19,5.55,5.68,5.51,5.62,54200,3.665194
2012-04-18,5.58,5.58,5.47,5.58,69700,3.639108
2012-04-17,5.56,5.58,5.51,5.53,26200,3.606499
2012-04-16,5.53,5.60,5.50,5.53,50200,3.606499
2012-04-13,5.54,5.57,5.51,5.55,25700,3.619543
2012-04-12,5.51,5.54,5.46,5.51,27900,3.593456
