Date,Open,High,Low,Close,Volume,Adj Close
2016-11-25,16.10,16.23,15.90,15.98,435200,15.98
2016-11-23,15.95,16.200001,15.93,16.040001,1047400,16.040001
2016-11-22,15.86,15.98,15.70,15.96,1050700,15.96
2016-11-21,15.78,15.91,15.60,15.77,1207400,15.77
2016-11-18,15.70,16.16,15.63,15.67,1824200,15.67
2016-11-17,15.37,15.91,15.29,15.71,1858000,15.71
2016-11-16,15.00,15.45,14.96,15.37,2686700,15.37
2016-11-15,14.44,15.11,14.37,15.11,2297700,15.11
2016-11-14,13.91,14.76,13.85,14.49,2847000,14.49
2016-11-11,13.56,13.86,13.37,13.75,1934400,13.75
2016-11-10,13.27,14.00,13.27,13.45,2407100,13.45
2016-11-09,12.79,13.81,12.61,13.76,2454400,13.76
2016-11-08,13.69,13.81,13.40,13.74,2378500,13.74
2016-11-07,13.98,14.07,13.61,13.79,2088500,13.79
2016-11-04,13.38,13.94,12.85,13.65,4898600,13.65
2016-11-03,14.91,15.01,13.66,13.68,8349600,13.68
2016-11-02,16.940001,17.200001,16.50,16.610001,1267100,16.610001
2016-11-01,18.02,18.040001,16.85,17.059999,2376300,17.059999
2016-10-31,17.65,17.950001,17.57,17.92,1028400,17.92
2016-10-28,17.190001,17.67,17.030001,17.58,810300,17.58
2016-10-27,17.48,17.51,17.139999,17.360001,624700,17.360001
2016-10-26,17.10,17.719999,17.09,17.49,594800,17.49
2016-10-25,17.620001,17.74,17.040001,17.200001,754500,17.200001
2016-10-24,17.700001,17.889999,17.469999,17.690001,847800,17.690001
2016-10-21,17.459999,17.719999,17.41,17.52,615200,17.52
2016-10-20,17.85,17.91,17.57,17.74,502200,17.74
2016-10-19,17.459999,17.99,17.43,17.790001,1579900,17.790001
2016-10-18,17.969999,17.969999,17.27,17.469999,1073100,17.469999
2016-10-17,17.709999,17.93,17.67,17.75,724600,17.75
2016-10-14,17.959999,18.02,17.76,17.780001,592900,17.780001
2016-10-13,17.879999,17.889999,17.50,17.719999,1322400,17.719999
2016-10-12,17.90,18.25,17.610001,18.190001,1517500,18.190001
2016-10-11,17.860001,17.969999,17.709999,17.90,935900,17.90
2016-10-10,17.77,18.280001,17.73,17.98,1179400,17.98
2016-10-07,17.799999,17.93,17.559999,17.66,1061100,17.66
2016-10-06,17.52,17.83,17.17,17.799999,875700,17.799999
2016-10-05,17.139999,17.75,17.09,17.65,954200,17.65
2016-10-04,17.35,17.60,16.85,17.08,1585400,17.08
2016-10-03,17.120001,17.35,17.120001,17.27,736100,17.27
2016-09-30,16.57,17.33,16.469999,17.219999,1394800,17.219999
2016-09-29,16.719999,16.90,16.450001,16.459999,931100,16.459999
2016-09-28,16.43,16.76,16.280001,16.76,810500,16.76
2016-09-27,16.530001,16.610001,16.24,16.42,1056200,16.42
2016-09-26,16.98,17.02,16.40,16.58,1468200,16.58
2016-09-23,17.16,17.34,17.110001,17.18,877800,17.18
2016-09-22,16.950001,17.35,16.950001,17.27,846500,17.27
2016-09-21,16.620001,16.83,16.559999,16.75,758300,16.75
2016-09-20,16.860001,16.93,16.40,16.540001,571600,16.540001
2016-09-19,16.629999,16.950001,16.610001,16.719999,1113700,16.719999
2016-09-16,16.50,16.59,16.35,16.48,956700,16.48
2016-09-15,16.32,16.610001,16.219999,16.58,812800,16.58
2016-09-14,16.129999,16.450001,15.65,16.309999,1570700,16.309999
2016-09-13,16.299999,16.469999,16.00,16.17,1069000,16.17
2016-09-12,15.97,16.57,15.83,16.540001,1181200,16.540001
2016-09-09,16.75,16.84,16.07,16.10,1286900,16.10
2016-09-08,17.07,17.18,16.809999,16.90,603200,16.90
2016-09-07,17.139999,17.389999,17.01,17.139999,970400,17.139999
2016-09-06,17.43,17.629999,17.09,17.18,1070500,17.18
2016-09-02,16.92,17.48,16.66,17.40,1204800,17.40
2016-09-01,17.18,17.50,16.780001,16.809999,2255100,16.809999
2016-08-31,17.01,17.379999,17.00,17.139999,1468400,17.139999
2016-08-30,17.059999,17.43,17.030001,17.09,726200,17.09
2016-08-29,17.18,17.27,17.00,17.110001,886000,17.110001
2016-08-26,17.110001,17.49,17.01,17.18,945600,17.18
2016-08-25,17.49,17.629999,17.030001,17.110001,1206300,17.110001
2016-08-24,17.73,17.84,17.559999,17.60,452400,17.60
2016-08-23,17.620001,17.77,17.59,17.75,743100,17.75
2016-08-22,17.610001,17.65,17.43,17.540001,772300,17.540001
2016-08-19,17.40,17.780001,17.35,17.68,767900,17.68
2016-08-18,17.559999,17.860001,17.360001,17.52,822500,17.52
2016-08-17,17.719999,17.85,17.48,17.58,1071400,17.58
2016-08-16,17.92,17.940001,17.709999,17.75,723700,17.75
2016-08-15,17.959999,18.09,17.879999,18.00,987000,18.00
2016-08-12,17.860001,17.940001,17.690001,17.889999,549400,17.889999
2016-08-11,17.860001,18.059999,17.77,17.92,670000,17.92
2016-08-10,17.93,17.969999,17.690001,17.719999,828800,17.719999
2016-08-09,17.83,18.139999,17.690001,17.870001,1395100,17.870001
2016-08-08,17.700001,17.85,17.65,17.73,723000,17.73
2016-08-05,17.559999,17.93,17.559999,17.690001,906200,17.690001
2016-08-04,17.299999,17.49,17.219999,17.389999,1062400,17.389999
2016-08-03,16.92,17.280001,16.809999,17.18,1501300,17.18
2016-08-02,17.48,17.48,16.51,17.01,2640600,17.01
2016-08-01,17.35,17.700001,17.030001,17.51,1429100,17.51
2016-07-29,17.83,17.90,16.82,17.41,2418600,17.41
2016-07-28,16.879999,16.90,16.02,16.629999,2302700,16.629999
2016-07-27,17.33,17.50,17.120001,17.33,1080000,17.33
2016-07-26,17.15,17.389999,17.08,17.290001,1157300,17.290001
2016-07-25,16.93,17.16,16.83,17.07,775600,17.07
2016-07-22,16.99,17.00,16.709999,16.950001,749600,16.950001
2016-07-21,16.459999,17.07,16.459999,16.940001,1676000,16.940001
2016-07-20,15.79,16.440001,15.67,16.41,1325400,16.41
2016-07-19,15.86,16.389999,15.78,15.79,2107200,15.79
2016-07-18,15.99,16.379999,15.94,16.35,474100,16.35
2016-07-15,16.200001,16.200001,15.84,16.00,632000,16.00
2016-07-14,15.89,16.33,15.89,16.10,658300,16.10
2016-07-13,16.01,16.10,15.55,15.89,1093800,15.89
2016-07-12,15.78,16.16,15.70,15.87,940500,15.87
2016-07-11,15.39,15.85,15.39,15.56,1062900,15.56
2016-07-08,14.74,15.40,14.73,15.24,1440200,15.24
2016-07-07,14.58,14.98,14.34,14.49,1097100,14.49
2016-07-06,14.22,14.56,14.01,14.51,1353200,14.51
2016-07-05,14.80,14.80,14.15,14.32,1311400,14.32
2016-07-01,14.58,15.26,14.56,14.99,931200,14.99
2016-06-30,14.76,14.87,14.16,14.48,1368500,14.48
2016-06-29,14.20,14.85,14.09,14.80,2254600,14.80
2016-06-28,13.93,14.04,13.60,13.77,2126300,13.77
2016-06-27,14.42,14.43,13.70,13.76,1861100,13.76
2016-06-24,14.88,14.99,14.74,14.80,2234300,14.80
2016-06-23,15.64,15.87,15.54,15.80,848800,15.80
2016-06-22,15.35,15.64,15.25,15.37,1210300,15.37
2016-06-21,15.89,15.95,15.18,15.47,1982500,15.47
2016-06-20,16.34,16.74,16.34,16.440001,950000,16.440001
2016-06-17,16.059999,16.370001,15.94,16.07,1147500,16.07
2016-06-16,15.71,16.01,15.39,15.99,1016400,15.99
2016-06-15,15.69,16.25,15.65,15.92,1343800,15.92
2016-06-14,15.68,16.110001,15.49,15.65,1323300,15.65
2016-06-13,16.27,16.469999,15.74,15.78,1328800,15.78
2016-06-10,16.719999,16.879999,16.370001,16.459999,1054000,16.459999
2016-06-09,16.780001,17.02,16.620001,16.969999,1138300,16.969999
2016-06-08,16.870001,16.99,16.73,16.889999,1028800,16.889999
2016-06-07,16.530001,16.870001,16.43,16.85,872300,16.85
2016-06-06,16.26,16.58,16.10,16.49,1097300,16.49
2016-06-03,16.549999,16.549999,16.139999,16.16,1046700,16.16
2016-06-02,16.379999,16.73,16.379999,16.67,1013800,16.67
2016-06-01,16.67,16.67,16.049999,16.52,1828700,16.52
2016-05-31,16.84,16.91,16.469999,16.67,1684400,16.67
2016-05-27,16.370001,16.74,16.26,16.74,10887200,16.74
2016-05-26,16.620001,16.690001,16.24,16.35,2002600,16.35
2016-05-25,16.07,16.790001,16.049999,16.610001,3765700,16.610001
2016-05-24,15.03,15.45,14.94,15.30,1176900,15.30
2016-05-23,15.12,15.22,14.86,14.90,613200,14.90
2016-05-20,15.10,15.30,14.99,15.21,637600,15.21
2016-05-19,15.36,15.55,14.84,15.02,913900,15.02
2016-05-18,15.46,15.76,15.34,15.55,712700,15.55
2016-05-17,15.61,15.86,15.43,15.49,896800,15.49
2016-05-16,15.70,15.88,15.53,15.70,914100,15.70
2016-05-13,15.69,15.99,15.54,15.63,846500,15.63
2016-05-12,16.049999,16.219999,15.64,15.79,978800,15.79
2016-05-11,16.09,16.40,15.89,15.94,902500,15.94
2016-05-10,15.90,16.280001,15.74,16.120001,1420100,16.120001
2016-05-09,16.190001,16.190001,15.75,15.84,1592800,15.84
2016-05-06,15.83,16.50,15.60,16.190001,2285000,16.190001
2016-05-05,15.10,15.28,14.75,14.97,1679000,14.97
2016-05-04,14.93,15.21,14.75,14.89,1007000,14.89
2016-05-03,15.20,15.29,14.74,15.12,1026100,15.12
2016-05-02,15.58,15.66,15.09,15.36,1401000,15.36
2016-04-29,15.75,15.78,15.34,15.51,790100,15.51
2016-04-28,16.040001,16.139999,15.72,15.77,626500,15.77
2016-04-27,16.42,16.469999,15.91,16.120001,689400,16.120001
2016-04-26,15.64,16.42,15.64,16.379999,799700,16.379999
2016-04-25,15.78,15.78,15.34,15.54,1093500,15.54
2016-04-22,16.00,16.25,15.83,15.85,938900,15.85
2016-04-21,16.08,16.10,15.75,16.00,898300,16.00
2016-04-20,15.94,16.110001,15.78,15.96,607300,15.96
2016-04-19,15.64,16.040001,15.64,15.96,801500,15.96
2016-04-18,15.52,15.68,15.51,15.60,726700,15.60
2016-04-15,15.85,15.96,15.44,15.60,1234200,15.60
2016-04-14,15.40,15.87,15.40,15.86,1541000,15.86
2016-04-13,14.74,15.48,14.71,15.37,1363600,15.37
2016-04-12,14.36,14.67,14.27,14.56,841100,14.56
2016-04-11,14.37,14.73,14.30,14.32,862700,14.32
2016-04-08,14.30,14.49,14.14,14.26,908500,14.26
2016-04-07,14.40,14.52,14.02,14.15,857200,14.15
2016-04-06,14.43,14.65,14.14,14.55,1079800,14.55
2016-04-05,14.15,14.46,14.02,14.43,1221000,14.43
2016-04-04,14.91,14.91,14.10,14.36,969200,14.36
2016-04-01,15.20,15.25,14.72,14.95,1092100,14.95
2016-03-31,15.25,15.53,15.24,15.39,677600,15.39
2016-03-30,15.44,15.59,15.17,15.27,834300,15.27
2016-03-29,14.75,15.30,14.57,15.26,707100,15.26
2016-03-28,14.72,14.90,14.51,14.81,972500,14.81
2016-03-24,14.67,14.70,14.32,14.65,855100,14.65
2016-03-23,15.10,15.15,14.76,14.78,749400,14.78
2016-03-22,15.05,15.32,14.84,15.13,945700,15.13
2016-03-21,15.48,15.63,15.04,15.21,1243200,15.21
2016-03-18,15.77,16.030001,15.36,15.48,1220100,15.48
2016-03-17,15.34,15.74,15.22,15.67,1572600,15.67
2016-03-16,14.92,15.43,14.83,15.34,1097100,15.34
2016-03-15,14.85,14.99,14.56,14.98,942600,14.98
2016-03-14,14.98,14.98,14.58,14.94,1041500,14.94
2016-03-11,14.66,15.07,14.57,15.03,1217800,15.03
2016-03-10,15.06,15.16,14.14,14.48,1132800,14.48
2016-03-09,14.81,15.17,14.80,15.00,1163900,15.00
2016-03-08,15.41,15.51,14.64,14.77,1903300,14.77
2016-03-07,15.30,15.61,15.21,15.59,1596400,15.59
2016-03-04,15.77,15.91,15.26,15.43,1518200,15.43
2016-03-03,15.55,15.94,15.53,15.78,839100,15.78
2016-03-02,15.35,15.66,15.26,15.50,1289000,15.50
2016-03-01,14.87,15.41,14.55,15.40,2034800,15.40
2016-02-29,14.95,15.07,14.58,14.62,1252300,14.62
2016-02-26,14.80,14.93,14.59,14.83,1109500,14.83
2016-02-25,14.41,14.64,14.23,14.62,1172100,14.62
2016-02-24,14.23,14.44,13.95,14.41,1342300,14.41
2016-02-23,14.76,14.95,14.46,14.46,1322300,14.46
2016-02-22,14.67,14.85,14.51,14.81,1079400,14.81
2016-02-19,14.58,14.65,14.14,14.43,1112500,14.43
2016-02-18,15.12,15.12,14.51,14.73,1929300,14.73
2016-02-17,14.88,15.40,14.78,15.12,2092100,15.12
2016-02-16,14.12,14.82,13.91,14.68,2782200,14.68
2016-02-12,13.57,14.55,12.31,14.39,4743800,14.39
2016-02-11,11.71,12.21,11.44,11.75,3062500,11.75
2016-02-10,12.11,12.54,11.85,11.90,2441600,11.90
2016-02-09,11.86,12.26,11.66,11.95,2376000,11.95
2016-02-08,12.15,12.23,11.57,12.08,2358100,12.08
2016-02-05,12.19,12.85,12.12,12.36,2098000,12.36
2016-02-04,12.32,12.60,11.91,12.29,2171100,12.29
2016-02-03,12.38,12.43,11.49,12.16,1782100,12.16
2016-02-02,12.66,12.84,12.07,12.20,2359400,12.20
2016-02-01,12.65,13.11,12.37,13.04,1974300,13.04
2016-01-29,12.85,12.85,12.22,12.82,1790500,12.82
2016-01-28,13.04,13.08,12.39,12.60,1746200,12.60
2016-01-27,13.38,13.48,12.72,12.87,1777500,12.87
2016-01-26,12.69,13.47,12.69,13.39,2104000,13.39
2016-01-25,13.08,13.14,12.42,12.44,1612500,12.44
2016-01-22,13.37,13.71,13.14,13.21,2737800,13.21
2016-01-21,13.02,13.27,12.88,13.10,2120700,13.10
2016-01-20,13.00,13.08,12.57,12.95,2696900,12.95
2016-01-19,13.62,13.67,12.96,13.18,2858300,13.18
2016-01-15,12.93,13.54,12.81,13.43,3298000,13.43
2016-01-14,13.60,13.89,12.77,13.48,5081600,13.48
2016-01-13,16.35,16.35,13.32,13.58,7485700,13.58
2016-01-12,16.48,16.60,16.10,16.35,1752900,16.35
2016-01-11,15.98,16.35,15.91,16.25,1909000,16.25
2016-01-08,16.40,16.450001,15.82,15.86,2770800,15.86
2016-01-07,16.57,16.58,15.88,16.030001,1989500,16.030001
2016-01-06,17.33,17.360001,16.76,16.860001,1974000,16.860001
2016-01-05,18.60,18.610001,17.51,17.610001,2245300,17.610001
2016-01-04,18.74,18.799999,18.200001,18.52,1553000,18.52
2015-12-31,19.389999,19.40,18.77,18.940001,1207100,18.940001
2015-12-30,19.68,19.76,19.360001,19.389999,426800,19.389999
2015-12-29,19.559999,19.790001,19.440001,19.719999,699000,19.719999
2015-12-28,19.75,19.879999,19.370001,19.48,765800,19.48
2015-12-24,20.17,20.27,19.860001,19.870001,268400,19.870001
2015-12-23,19.780001,20.23,19.65,20.120001,701500,20.120001
2015-12-22,19.709999,19.85,19.35,19.639999,1199300,19.639999
2015-12-21,19.42,19.83,19.290001,19.719999,1202800,19.719999
2015-12-18,19.75,19.90,18.860001,19.23,2158500,19.23
2015-12-17,20.43,20.50,19.84,19.860001,786500,19.860001
2015-12-16,20.41,20.60,20.200001,20.389999,1092900,20.389999
2015-12-15,20.60,20.75,20.01,20.26,1572400,20.26
2015-12-14,20.950001,21.139999,20.629999,20.790001,749700,20.790001
2015-12-11,21.16,21.219999,20.73,20.879999,796600,20.879999
2015-12-10,20.940001,21.75,20.91,21.51,895700,21.51
2015-12-09,21.51,21.790001,20.82,20.959999,933800,20.959999
2015-12-08,21.50,21.66,21.299999,21.559999,701100,21.559999
2015-12-07,22.280001,22.40,21.66,21.77,861700,21.77
2015-12-04,22.15,22.40,21.940001,22.35,825300,22.35
2015-12-03,22.65,22.719999,22.00,22.059999,713100,22.059999
2015-12-02,22.52,22.67,22.299999,22.540001,720400,22.540001
2015-12-01,22.77,22.98,22.32,22.459999,1498400,22.459999
2015-11-30,22.75,22.92,22.440001,22.76,1032800,22.76
2015-11-27,22.67,22.889999,22.559999,22.629999,461600,22.629999
2015-11-25,22.459999,22.77,22.43,22.65,629700,22.65
2015-11-24,21.940001,22.49,21.76,22.48,874600,22.48
2015-11-23,21.950001,22.360001,21.950001,22.01,533300,22.01
2015-11-20,22.280001,22.290001,21.870001,22.08,854600,22.08
2015-11-19,22.25,22.360001,22.01,22.139999,519000,22.139999
2015-11-18,21.84,22.280001,21.719999,22.280001,798900,22.280001
2015-11-17,21.76,21.90,21.469999,21.67,768800,21.67
2015-11-16,21.530001,21.75,21.32,21.74,1010600,21.74
2015-11-13,22.059999,22.290001,21.52,21.530001,723500,21.530001
2015-11-12,22.42,22.49,21.950001,22.09,703800,22.09
2015-11-11,22.40,22.690001,22.26,22.610001,665600,22.610001
2015-11-10,22.309999,22.440001,22.10,22.389999,1057100,22.389999
2015-11-09,22.40,22.549999,22.09,22.370001,794500,22.370001
2015-11-06,22.440001,22.639999,22.33,22.40,548800,22.40
2015-11-05,22.27,22.530001,22.049999,22.41,740400,22.41
2015-11-04,22.58,22.809999,22.32,22.370001,837600,22.370001
2015-11-03,22.709999,22.889999,22.530001,22.549999,1040000,22.549999
2015-11-02,22.379999,23.00,22.030001,22.719999,1960200,22.719999
2015-10-30,21.290001,22.709999,21.129999,22.16,2715400,22.16
2015-10-29,21.84,22.030001,20.969999,21.309999,1542200,21.309999
2015-10-28,21.629999,21.98,21.459999,21.98,1511900,21.98
2015-10-27,21.360001,21.68,21.17,21.60,2026200,21.60
2015-10-26,20.98,21.549999,20.91,21.50,1136800,21.50
2015-10-23,20.77,21.08,20.67,21.040001,1272200,21.040001
2015-10-22,20.040001,20.85,19.91,20.540001,1454300,20.540001
2015-10-21,20.49,20.74,19.91,19.98,747700,19.98
2015-10-20,19.98,20.450001,19.92,20.299999,891400,20.299999
2015-10-19,19.709999,19.959999,19.48,19.959999,870700,19.959999
2015-10-16,20.18,20.23,19.700001,19.84,684300,19.84
2015-10-15,20.00,20.23,19.77,20.18,638700,20.18
2015-10-14,20.129999,20.219999,19.73,19.940001,910000,19.940001
2015-10-13,20.32,20.469999,20.10,20.129999,718000,20.129999
2015-10-12,20.309999,20.610001,20.309999,20.42,725700,20.42
2015-10-09,20.34,20.540001,20.16,20.33,772200,20.33
2015-10-08,19.879999,20.299999,19.82,20.299999,1230500,20.299999
2015-10-07,19.610001,20.110001,19.52,19.809999,1054300,19.809999
2015-10-06,19.309999,19.799999,19.25,19.51,872600,19.51
2015-10-05,18.84,19.33,18.690001,19.27,1683700,19.27
2015-10-02,19.309999,19.360001,18.290001,18.639999,2949700,18.639999
2015-10-01,20.07,20.110001,19.32,19.549999,1631800,19.549999
2015-09-30,19.690001,20.09,19.65,19.940001,1313700,19.940001
2015-09-29,19.299999,19.459999,19.110001,19.43,1167100,19.43
2015-09-28,19.25,19.33,18.969999,19.24,1108500,19.24
2015-09-25,19.540001,19.66,19.290001,19.370001,852300,19.370001
2015-09-24,19.00,19.40,18.49,19.33,1185900,19.33
2015-09-23,19.469999,19.469999,19.030001,19.219999,578100,19.219999
2015-09-22,19.639999,19.639999,19.26,19.40,1202600,19.40
2015-09-21,20.219999,20.379999,19.84,20.00,936500,20.00
2015-09-18,20.35,20.440001,19.99,20.200001,1451000,20.200001
2015-09-17,20.66,21.040001,20.52,20.68,1375000,20.68
2015-09-16,20.219999,20.77,20.16,20.74,924700,20.74
2015-09-15,19.700001,20.26,19.66,20.200001,688200,20.200001
2015-09-14,19.40,19.709999,19.35,19.629999,712900,19.629999
2015-09-11,19.379999,19.530001,19.27,19.379999,764600,19.379999
2015-09-10,19.41,19.629999,19.34,19.469999,1118900,19.469999
2015-09-09,19.450001,19.75,19.389999,19.43,1870000,19.43
2015-09-08,19.559999,19.57,19.209999,19.25,1221000,19.25
2015-09-04,19.00,19.33,18.90,19.209999,1021000,19.209999
2015-09-03,19.23,19.700001,19.200001,19.290001,1292300,19.290001
2015-09-02,19.35,19.49,18.76,19.16,1297800,19.16
2015-09-01,19.74,19.93,19.10,19.139999,1384700,19.139999
2015-08-31,20.190001,20.35,20.040001,20.200001,1102600,20.200001
2015-08-28,19.860001,20.32,19.60,20.299999,1082100,20.299999
2015-08-27,19.59,19.950001,19.27,19.879999,1223700,19.879999
2015-08-26,19.610001,19.620001,18.809999,19.290001,1160300,19.290001
2015-08-25,19.610001,19.74,19.059999,19.15,961100,19.15
2015-08-24,18.52,19.709999,17.450001,19.059999,1775500,19.059999
2015-08-21,19.92,20.059999,19.52,19.559999,1150900,19.559999
2015-08-20,21.049999,21.049999,20.24,20.27,892300,20.27
2015-08-19,21.09,21.209999,20.77,21.120001,677900,21.120001
2015-08-18,21.25,21.459999,21.049999,21.17,825600,21.17
2015-08-17,21.309999,21.41,21.049999,21.299999,862900,21.299999
2015-08-14,20.83,21.549999,20.790001,21.450001,1430500,21.450001
2015-08-13,20.879999,21.110001,20.690001,20.83,830000,20.83
2015-08-12,20.790001,20.799999,20.209999,20.77,1122500,20.77
2015-08-11,21.360001,21.360001,20.68,20.860001,1292100,20.860001
2015-08-10,20.879999,21.49,20.870001,21.389999,1269100,21.389999
2015-08-07,20.49,20.889999,20.49,20.719999,943100,20.719999
2015-08-06,20.92,20.940001,20.48,20.549999,1144300,20.549999
2015-08-05,20.98,21.18,20.790001,20.84,1170700,20.84
2015-08-04,20.82,21.209999,20.76,20.870001,1408800,20.870001
2015-08-03,19.969999,20.950001,19.639999,20.860001,3234300,20.860001
2015-07-31,21.50,21.85,19.549999,19.98,5436800,19.98
2015-07-30,20.83,21.200001,20.58,21.15,1815300,21.15
2015-07-29,20.620001,21.049999,20.50,21.02,1398800,21.02
2015-07-28,20.360001,20.75,20.120001,20.559999,1445600,20.559999
2015-07-27,20.129999,20.209999,19.84,20.129999,1268600,20.129999
2015-07-24,20.709999,20.85,20.190001,20.299999,1299300,20.299999
2015-07-23,20.49,21.219999,20.35,20.65,2162000,20.65
2015-07-22,20.040001,20.450001,20.040001,20.209999,1320800,20.209999
2015-07-21,20.25,20.57,20.09,20.129999,1318700,20.129999
2015-07-20,20.309999,20.370001,19.91,20.17,1895600,20.17
2015-07-17,19.91,20.35,19.76,20.32,2485800,20.32
2015-07-16,20.450001,20.450001,19.790001,20.00,1783200,20.00
2015-07-15,20.73,20.799999,20.27,20.35,1231800,20.35
2015-07-14,20.83,20.92,20.620001,20.700001,1529600,20.700001
2015-07-13,20.459999,20.940001,20.389999,20.92,1856800,20.92
2015-07-10,20.48,20.66,20.299999,20.389999,1425300,20.389999
2015-07-09,20.68,20.91,20.27,20.32,2081600,20.32
2015-07-08,20.860001,21.030001,20.15,20.24,1928600,20.24
2015-07-07,21.280001,21.309999,20.85,21.139999,1456600,21.139999
2015-07-06,21.00,21.219999,20.92,21.200001,1356800,21.200001
2015-07-02,21.139999,21.25,20.68,21.18,1584400,21.18
2015-07-01,21.15,21.34,20.82,21.129999,1243800,21.129999
2015-06-30,21.280001,21.379999,20.709999,20.91,2247000,20.91
2015-06-29,22.190001,22.190001,21.00,21.07,2012500,21.07
2015-06-26,22.290001,22.540001,22.200001,22.25,1379800,22.25
2015-06-25,22.40,22.530001,22.200001,22.25,802400,22.25
2015-06-24,22.639999,22.75,22.209999,22.290001,829900,22.290001
2015-06-23,22.379999,22.700001,22.379999,22.60,1341000,22.60
2015-06-22,22.27,22.58,22.190001,22.389999,1233800,22.389999
2015-06-19,21.940001,22.200001,21.799999,22.129999,1549200,22.129999
2015-06-18,21.799999,21.98,21.68,21.959999,820800,21.959999
2015-06-17,21.889999,21.940001,21.51,21.780001,981900,21.780001
2015-06-16,21.799999,21.959999,21.67,21.84,1059100,21.84
2015-06-15,22.09,22.110001,21.74,21.860001,1292300,21.860001
2015-06-12,22.15,22.32,21.77,22.26,1872200,22.26
2015-06-11,22.629999,22.68,22.25,22.290001,1178000,22.290001
2015-06-10,22.370001,22.870001,22.25,22.620001,1840300,22.620001
2015-06-09,22.459999,22.51,22.17,22.23,2152500,22.23
2015-06-08,22.08,22.82,21.799999,22.49,3432200,22.49
2015-06-05,23.629999,23.65,22.299999,22.49,4213500,22.49
2015-06-04,24.85,24.85,23.540001,23.65,2815300,23.65
2015-06-03,25.33,25.34,24.92,25.040001,1917600,25.040001
2015-06-02,25.200001,25.58,25.07,25.25,1325400,25.25
2015-06-01,25.389999,25.469999,24.969999,25.309999,961900,25.309999
2015-05-29,25.27,25.35,24.860001,25.110001,1177900,25.110001
2015-05-28,25.60,25.610001,25.190001,25.280001,821100,25.280001
2015-05-27,25.459999,25.700001,25.10,25.66,1055100,25.66
2015-05-26,25.52,25.60,25.16,25.360001,723700,25.360001
2015-05-22,25.450001,25.68,25.379999,25.629999,835200,25.629999
2015-05-21,25.48,25.67,25.290001,25.48,855100,25.48
2015-05-20,25.23,25.52,25.040001,25.440001,1363900,25.440001
2015-05-19,25.16,25.309999,24.860001,25.09,810200,25.09
2015-05-18,24.940001,25.34,24.84,25.209999,1194600,25.209999
2015-05-15,24.809999,24.969999,24.66,24.92,978000,24.92
2015-05-14,24.860001,24.950001,24.690001,24.84,992800,24.84
2015-05-13,24.52,24.76,24.34,24.639999,940300,24.639999
2015-05-12,24.299999,24.299999,23.98,24.280001,1281200,24.280001
2015-05-11,24.40,24.700001,24.34,24.40,1504100,24.40
2015-05-08,24.559999,24.75,24.360001,24.459999,1764200,24.459999
2015-05-07,24.00,24.51,23.91,24.51,1636200,24.51
2015-05-06,24.17,24.17,23.57,23.879999,1366800,23.879999
2015-05-05,24.459999,24.58,23.98,24.01,1141000,24.01
2015-05-04,24.200001,24.889999,24.129999,24.41,2100900,24.41
2015-05-01,25.66,26.07,23.74,23.959999,2837900,23.959999
2015-04-30,24.85,25.120001,24.66,24.93,1787800,24.93
2015-04-29,24.74,25.049999,24.629999,24.969999,1604700,24.969999
2015-04-28,24.459999,24.879999,24.459999,24.809999,1328300,24.809999
2015-04-27,24.280001,24.59,24.25,24.459999,1597000,24.459999
2015-04-24,24.530001,24.530001,24.209999,24.23,598800,24.23
2015-04-23,24.59,24.629999,24.370001,24.50,557000,24.50
2015-04-22,24.50,24.700001,24.389999,24.66,653300,24.66
2015-04-21,24.48,24.629999,24.190001,24.51,1193900,24.51
2015-04-20,24.82,24.93,24.360001,24.389999,865900,24.389999
2015-04-17,24.59,24.73,24.370001,24.700001,811300,24.700001
2015-04-16,24.66,24.99,24.540001,24.780001,711300,24.780001
2015-04-15,25.75,25.75,24.610001,24.84,2418000,24.84
2015-04-14,25.559999,25.68,25.280001,25.65,858100,25.65
2015-04-13,25.57,25.639999,25.360001,25.540001,628500,25.540001
2015-04-10,25.90,25.940001,25.40,25.57,734900,25.57
2015-04-09,25.75,25.99,25.690001,25.799999,855900,25.799999
2015-04-08,25.82,25.879999,25.639999,25.83,757600,25.83
2015-04-07,26.07,26.08,25.700001,25.73,733400,25.73
2015-04-06,25.809999,26.209999,25.74,26.040001,435800,26.040001
2015-04-02,25.68,26.10,25.66,25.93,586500,25.93
2015-04-01,25.889999,25.950001,25.450001,25.75,889600,25.75
2015-03-31,25.68,26.16,25.65,25.83,738800,25.83
2015-03-30,25.33,25.98,25.32,25.76,672700,25.76
2015-03-27,24.940001,25.34,24.68,25.32,936400,25.32
2015-03-26,24.82,25.139999,24.75,24.950001,754200,24.950001
2015-03-25,25.52,25.52,24.809999,24.85,688300,24.85
2015-03-24,25.73,25.84,25.51,25.540001,427900,25.540001
2015-03-23,25.82,25.959999,25.559999,25.700001,787700,25.700001
2015-03-20,25.67,25.940001,25.59,25.860001,1026100,25.860001
2015-03-19,25.549999,25.959999,25.440001,25.559999,1131800,25.559999
2015-03-18,25.120001,25.57,25.059999,25.34,717900,25.34
2015-03-17,25.09,25.379999,25.040001,25.219999,779200,25.219999
2015-03-16,25.059999,25.370001,24.969999,25.16,988900,25.16
2015-03-13,25.07,25.27,24.860001,24.940001,749200,24.940001
2015-03-12,24.77,25.10,24.700001,25.08,823300,25.08
2015-03-11,24.549999,24.66,24.280001,24.639999,789900,24.639999
2015-03-10,24.389999,24.629999,24.040001,24.559999,974100,24.559999
2015-03-09,24.26,24.74,24.26,24.610001,647500,24.610001
2015-03-06,24.549999,24.67,24.10,24.17,992900,24.17
2015-03-05,24.84,24.98,24.549999,24.700001,565500,24.700001
2015-03-04,25.26,25.26,24.799999,24.91,572100,24.91
2015-03-03,25.07,25.379999,25.01,25.32,1015300,25.32
2015-03-02,24.92,25.33,24.92,25.25,747300,25.25
2015-02-27,24.90,25.10,24.719999,24.92,941300,24.92
2015-02-26,24.93,25.209999,24.82,24.90,901900,24.90
2015-02-25,25.02,25.18,24.82,25.040001,1142700,25.040001
2015-02-24,25.110001,25.42,24.889999,24.98,950700,24.98
2015-02-23,25.73,25.93,24.68,25.030001,2988300,25.030001
2015-02-20,25.24,25.57,24.969999,25.57,1260700,25.57
2015-02-19,24.83,25.49,24.83,25.139999,1453600,25.139999
2015-02-18,24.719999,25.27,24.719999,24.940001,1262700,24.940001
2015-02-17,24.77,24.90,24.440001,24.690001,1554400,24.690001
2015-02-13,24.450001,24.77,24.290001,24.73,1200500,24.73
2015-02-12,24.74,25.040001,24.68,24.950001,939200,24.950001
2015-02-11,24.67,24.74,24.360001,24.559999,1167100,24.559999
2015-02-10,24.610001,24.860001,24.40,24.68,1420000,24.68
2015-02-09,24.530001,24.93,24.309999,24.360001,1457600,24.360001
2015-02-06,24.65,25.26,24.60,24.73,1878200,24.73
2015-02-05,25.40,25.469999,24.700001,24.77,2412100,24.77
2015-02-04,25.290001,25.73,25.10,25.27,1940800,25.27
2015-02-03,24.83,25.40,24.75,25.219999,2021800,25.219999
2015-02-02,24.459999,24.700001,24.07,24.690001,1016400,24.690001
2015-01-30,24.66,24.709999,24.040001,24.35,1122100,24.35
2015-01-29,24.34,24.870001,24.08,24.809999,717400,24.809999
2015-01-28,24.879999,24.90,24.07,24.18,888300,24.18
2015-01-27,24.719999,24.879999,24.48,24.73,903400,24.73
2015-01-26,24.76,25.040001,24.709999,24.98,1297400,24.98
2015-01-23,24.780001,24.92,24.200001,24.25,879900,24.25
2015-01-22,24.290001,24.74,24.09,24.690001,1297300,24.690001
2015-01-21,24.25,24.52,24.00,24.139999,1220600,24.139999
2015-01-20,24.07,24.41,23.959999,24.280001,1821700,24.280001
2015-01-16,23.469999,24.00,23.40,24.00,2298200,24.00
2015-01-15,23.639999,23.889999,23.030001,23.40,1785000,23.40
2015-01-14,22.16,23.48,22.15,23.459999,3017300,23.459999
2015-01-13,22.76,23.02,22.10,22.459999,2744200,22.459999
2015-01-12,23.049999,23.110001,22.450001,22.57,1200300,22.57
2015-01-09,22.84,23.040001,22.719999,22.98,697000,22.98
2015-01-08,22.950001,23.18,22.76,22.91,1365600,22.91
2015-01-07,22.51,22.790001,22.469999,22.790001,890200,22.790001
2015-01-06,22.34,22.48,22.00,22.32,1498900,22.32
2015-01-05,22.77,22.82,22.08,22.200001,1217800,22.200001
2015-01-02,22.74,23.030001,22.50,22.91,984100,22.91
2014-12-31,22.709999,22.959999,22.58,22.59,501200,22.59
2014-12-30,22.74,23.00,22.690001,22.700001,463700,22.700001
2014-12-29,22.65,22.879999,22.389999,22.790001,746500,22.790001
2014-12-26,22.76,22.85,22.58,22.690001,258900,22.690001
2014-12-24,22.51,22.74,22.35,22.65,853700,22.65
2014-12-23,22.469999,22.860001,22.469999,22.50,338300,22.50
2014-12-22,22.190001,22.719999,22.139999,22.379999,700000,22.379999
2014-12-19,21.75,22.299999,21.75,22.190001,1281900,22.190001
2014-12-18,22.10,22.10,21.700001,21.74,950400,21.74
2014-12-17,21.290001,21.879999,21.27,21.860001,811100,21.860001
2014-12-16,21.32,21.809999,21.120001,21.23,645600,21.23
2014-12-15,21.48,21.629999,21.15,21.32,715800,21.32
2014-12-12,21.389999,21.709999,21.280001,21.40,656500,21.40
2014-12-11,21.65,21.940001,21.469999,21.620001,655200,21.620001
2014-12-10,22.09,22.129999,21.469999,21.559999,978200,21.559999
2014-12-09,21.82,22.280001,21.559999,22.110001,1370500,22.110001
2014-12-08,22.33,22.549999,21.870001,22.040001,726000,22.040001
2014-12-05,22.120001,22.370001,22.10,22.26,812600,22.26
2014-12-04,21.98,22.41,21.690001,22.110001,1479100,22.110001
2014-12-03,21.43,22.00,21.43,21.90,958400,21.90
2014-12-02,21.16,21.50,21.10,21.43,771000,21.43
2014-12-01,21.32,21.42,20.99,21.139999,1060900,21.139999
2014-11-28,21.02,21.969999,20.93,21.34,1258400,21.34
2014-11-26,21.02,21.02,20.799999,20.959999,385900,20.959999
2014-11-25,20.940001,21.07,20.799999,20.950001,595600,20.950001
2014-11-24,20.940001,21.10,20.75,20.940001,622800,20.940001
2014-11-21,20.790001,20.959999,20.52,20.84,1254400,20.84
2014-11-20,20.129999,20.549999,20.09,20.48,866700,20.48
2014-11-19,20.41,20.459999,20.120001,20.290001,842300,20.290001
2014-11-18,20.360001,20.790001,20.360001,20.66,873000,20.66
2014-11-17,20.33,20.59,20.23,20.370001,1210500,20.370001
2014-11-14,20.200001,20.450001,20.120001,20.35,669200,20.35
2014-11-13,20.16,20.370001,20.129999,20.24,996700,20.24
2014-11-12,19.98,20.32,19.879999,20.200001,885000,20.200001
2014-11-11,19.91,20.18,19.77,19.98,1511600,19.98
2014-11-10,19.82,20.07,19.60,19.93,2177200,19.93
2014-11-07,20.059999,20.15,19.73,19.76,1840200,19.76
2014-11-06,19.83,20.18,19.83,20.110001,1333600,20.110001
2014-11-05,19.98,20.049999,19.66,19.85,1218400,19.85
2014-11-04,19.799999,19.98,19.459999,19.76,1692700,19.76
2014-11-03,19.43,19.940001,19.34,19.83,1874200,19.83
2014-10-31,18.93,19.469999,18.459999,19.33,4699300,19.33
2014-10-30,18.10,18.389999,17.92,18.24,1354800,18.24
2014-10-29,18.15,18.43,17.84,18.139999,768000,18.139999
2014-10-28,17.549999,18.15,17.549999,18.07,1267400,18.07
2014-10-27,17.700001,17.77,17.360001,17.469999,786100,17.469999
2014-10-24,17.92,17.940001,17.59,17.709999,1239300,17.709999
2014-10-23,17.639999,17.959999,17.60,17.83,882100,17.83
2014-10-22,17.73,17.85,17.43,17.459999,1204000,17.459999
2014-10-21,17.52,17.860001,17.50,17.719999,1438000,17.719999
2014-10-20,17.450001,17.83,17.379999,17.559999,941800,17.559999
2014-10-17,17.440001,17.77,17.27,17.42,1004400,17.42
2014-10-16,16.639999,17.24,16.610001,17.15,1394400,17.15
2014-10-15,17.07,17.24,16.450001,17.00,1633500,17.00
2014-10-14,16.969999,17.559999,16.92,17.34,2439700,17.34
2014-10-13,16.60,16.860001,16.360001,16.40,1346400,16.40
2014-10-10,16.530001,16.93,16.43,16.58,2009400,16.58
2014-10-09,17.17,17.26,16.59,16.66,947400,16.66
2014-10-08,17.07,17.360001,16.74,17.26,1284700,17.26
2014-10-07,17.469999,17.530001,17.07,17.120001,916800,17.120001
2014-10-06,17.83,17.99,17.60,17.610001,833700,17.610001
2014-10-03,17.49,17.75,17.40,17.74,1412600,17.74
2014-10-02,16.870001,17.469999,16.870001,17.35,2091100,17.35
2014-10-01,16.76,17.389999,16.639999,16.83,2081200,16.83
2014-09-30,16.969999,17.07,16.559999,16.77,2158900,16.77
2014-09-29,17.059999,17.25,16.889999,17.00,1183900,17.00
2014-09-26,17.33,17.440001,17.15,17.25,1052700,17.25
2014-09-25,17.42,17.530001,17.200001,17.290001,935200,17.290001
2014-09-24,17.549999,17.59,17.26,17.459999,1303600,17.459999
2014-09-23,17.50,17.76,17.469999,17.48,1015700,17.48
2014-09-22,17.75,17.75,17.530001,17.620001,882500,17.620001
2014-09-19,17.969999,18.00,17.66,17.77,997100,17.77
2014-09-18,17.92,17.98,17.85,17.90,471200,17.90
2014-09-17,17.889999,18.110001,17.82,17.879999,981400,17.879999
2014-09-16,18.059999,18.059999,17.799999,17.83,1105200,17.83
2014-09-15,18.50,18.549999,17.99,18.059999,1219100,18.059999
2014-09-12,18.52,18.690001,18.40,18.51,1317600,18.51
2014-09-11,18.26,18.68,18.23,18.559999,1924000,18.559999
2014-09-10,18.200001,18.41,18.049999,18.40,1078900,18.40
2014-09-09,18.27,18.42,18.17,18.219999,1385600,18.219999
2014-09-08,18.15,18.48,18.09,18.34,1461500,18.34
2014-09-05,18.129999,18.27,18.01,18.24,723000,18.24
2014-09-04,18.18,18.360001,17.959999,18.15,1221400,18.15
2014-09-03,18.35,18.43,18.10,18.120001,1081600,18.120001
2014-09-02,18.18,18.40,18.09,18.200001,675600,18.200001
2014-08-29,18.120001,18.15,17.969999,18.10,516200,18.10
2014-08-28,17.969999,18.25,17.90,18.120001,495200,18.120001
2014-08-27,18.139999,18.18,18.01,18.09,452700,18.09
2014-08-26,18.07,18.25,18.01,18.040001,728400,18.040001
2014-08-25,18.10,18.209999,18.00,18.00,482100,18.00
2014-08-22,17.99,18.129999,17.75,18.02,572800,18.02
2014-08-21,18.18,18.23,17.91,18.02,886100,18.02
2014-08-20,18.23,18.27,17.950001,18.209999,1291700,18.209999
2014-08-19,18.299999,18.469999,18.18,18.33,663300,18.33
2014-08-18,18.16,18.219999,18.030001,18.219999,978200,18.219999
2014-08-15,18.139999,18.17,17.700001,17.959999,832000,17.959999
2014-08-14,17.83,18.030001,17.709999,17.959999,649000,17.959999
2014-08-13,17.719999,18.030001,17.65,17.870001,863000,17.870001
2014-08-12,17.700001,17.879999,17.51,17.60,1076000,17.60
2014-08-11,17.84,17.93,17.68,17.73,670800,17.73
2014-08-08,17.41,17.67,17.35,17.639999,1149700,17.639999
2014-08-07,17.82,17.879999,17.25,17.34,2098900,17.34
2014-08-06,17.700001,17.950001,17.610001,17.74,1002600,17.74
2014-08-05,17.780001,18.10,17.67,17.879999,1604100,17.879999
2014-08-04,17.59,18.129999,17.59,17.99,2625700,17.99
2014-08-01,16.74,17.98,16.68,17.52,8209600,17.52
2014-07-31,18.620001,18.66,18.219999,18.389999,2327400,18.389999
2014-07-30,18.719999,18.85,18.530001,18.799999,955900,18.799999
2014-07-29,18.950001,19.07,18.559999,18.59,1775100,18.59
2014-07-28,19.25,19.25,18.91,18.91,969300,18.91
2014-07-25,19.219999,19.299999,19.08,19.16,988000,19.16
2014-07-24,19.809999,19.82,19.209999,19.23,1245100,19.23
2014-07-23,19.73,19.860001,19.530001,19.700001,833600,19.700001
2014-07-22,19.50,20.00,19.40,19.610001,1239600,19.610001
2014-07-21,19.25,19.34,18.969999,19.15,1000900,19.15
2014-07-18,19.27,19.41,19.17,19.32,941500,19.32
2014-07-17,19.40,19.67,19.190001,19.25,1484200,19.25
2014-07-16,19.799999,19.83,19.50,19.52,841900,19.52
2014-07-15,19.74,19.92,19.57,19.68,1072500,19.68
2014-07-14,19.67,20.00,19.540001,19.809999,1371600,19.809999
2014-07-11,19.379999,19.52,19.16,19.42,661200,19.42
2014-07-10,19.209999,19.90,19.16,19.40,1975600,19.40
2014-07-09,19.690001,20.08,19.610001,19.709999,1705400,19.709999
2014-07-08,19.51,19.82,19.200001,19.67,1670800,19.67
2014-07-07,19.68,19.790001,19.43,19.540001,1224200,19.540001
2014-07-03,19.530001,19.719999,19.450001,19.629999,508200,19.629999
2014-07-02,19.25,19.68,19.25,19.42,1093900,19.42
2014-07-01,18.98,19.52,18.98,19.23,1685500,19.23
2014-06-30,18.92,18.969999,18.700001,18.889999,568000,18.889999
2014-06-27,18.75,18.98,18.75,18.879999,1010500,18.879999
2014-06-26,18.780001,18.879999,18.49,18.85,624600,18.85
2014-06-25,18.50,18.82,18.450001,18.780001,1305700,18.780001
2014-06-24,18.799999,19.059999,18.559999,18.60,666200,18.60
2014-06-23,18.950001,19.24,18.780001,18.809999,1242200,18.809999
2014-06-20,19.190001,19.209999,18.889999,18.90,944800,18.90
2014-06-19,19.25,19.280001,19.030001,19.110001,612300,19.110001
2014-06-18,19.10,19.200001,18.940001,19.139999,660500,19.139999
2014-06-17,18.93,19.209999,18.85,19.139999,559300,19.139999
2014-06-16,18.870001,19.120001,18.84,19.02,677000,19.02
2014-06-13,18.73,18.98,18.59,18.950001,695900,18.950001
2014-06-12,19.379999,19.379999,18.610001,18.68,1262600,18.68
2014-06-11,19.40,19.459999,19.200001,19.379999,1179900,19.379999
2014-06-10,19.42,19.51,19.299999,19.48,837500,19.48
2014-06-09,19.379999,19.690001,19.26,19.459999,939800,19.459999
2014-06-06,19.33,19.440001,19.25,19.41,693900,19.41
2014-06-05,18.93,19.43,18.91,19.190001,1222400,19.190001
2014-06-04,18.65,18.90,18.530001,18.860001,720700,18.860001
2014-06-03,18.40,18.969999,18.40,18.700001,1450200,18.700001
2014-06-02,18.60,18.67,18.299999,18.540001,748000,18.540001
2014-05-30,18.540001,18.60,18.370001,18.540001,868700,18.540001
2014-05-29,18.620001,18.67,18.33,18.51,841800,18.51
2014-05-28,18.620001,18.700001,18.440001,18.49,933100,18.49
2014-05-27,18.549999,18.870001,18.530001,18.58,1105300,18.58
2014-05-23,18.10,18.549999,18.049999,18.51,957700,18.51
2014-05-22,18.27,18.40,17.93,18.030001,1594900,18.030001
2014-05-21,17.780001,18.25,17.76,18.23,1356000,18.23
2014-05-20,17.85,17.889999,17.379999,17.610001,1455900,17.610001
2014-05-19,17.67,17.98,17.67,17.85,792500,17.85
2014-05-16,17.620001,17.82,17.35,17.76,1262800,17.76
2014-05-15,17.389999,17.629999,17.129999,17.59,1277500,17.59
2014-05-14,17.780001,17.780001,17.459999,17.540001,800500,17.540001
2014-05-13,18.00,18.030001,17.709999,17.790001,839400,17.790001
2014-05-12,17.549999,18.08,17.450001,17.99,1018000,17.99
2014-05-09,17.299999,17.51,17.25,17.41,917100,17.41
2014-05-08,17.549999,17.98,17.360001,17.40,1472800,17.40
2014-05-07,17.85,17.93,17.370001,17.620001,1718300,17.620001
2014-05-06,18.110001,18.34,17.75,17.799999,1596200,17.799999
2014-05-05,18.68,18.68,18.08,18.34,1973200,18.34
2014-05-02,19.17,19.690001,18.67,18.780001,3186800,18.780001
2014-05-01,17.700001,18.379999,17.59,18.32,2754000,18.32
2014-04-30,17.25,17.690001,17.120001,17.65,1761800,17.65
2014-04-29,17.60,17.629999,17.309999,17.34,1524800,17.34
2014-04-28,17.780001,17.780001,17.190001,17.50,1611200,17.50
2014-04-25,17.969999,18.15,17.620001,17.690001,1077600,17.690001
2014-04-24,18.290001,18.32,17.959999,18.190001,1026600,18.190001
2014-04-23,18.17,18.24,17.91,18.07,1078400,18.07
2014-04-22,18.09,18.40,18.09,18.27,823800,18.27
2014-04-21,18.10,18.309999,17.92,18.10,1208800,18.10
2014-04-17,17.90,18.469999,17.82,18.200001,1096700,18.200001
2014-04-16,17.700001,18.07,17.48,17.90,1582600,17.90
2014-04-15,17.65,17.73,17.049999,17.440001,1590200,17.440001
2014-04-14,17.50,17.790001,17.43,17.60,1797900,17.60
2014-04-11,17.700001,17.76,17.120001,17.290001,2822800,17.290001
2014-04-10,18.700001,18.700001,17.799999,17.93,2384000,17.93
2014-04-09,18.60,18.85,18.60,18.68,1363600,18.68
2014-04-08,18.58,18.719999,18.110001,18.60,1671200,18.60
2014-04-07,18.969999,19.110001,18.440001,18.629999,1227400,18.629999
2014-04-04,19.65,19.709999,19.01,19.09,1107500,19.09
2014-04-03,19.620001,19.780001,19.32,19.530001,907900,19.530001
2014-04-02,19.40,19.77,19.33,19.610001,2165700,19.610001
2014-04-01,18.66,19.40,18.66,19.309999,2061000,19.309999
2014-03-31,18.09,18.57,17.98,18.52,1370700,18.52
2014-03-28,17.870001,18.200001,17.860001,17.91,731300,17.91
2014-03-27,17.879999,18.00,17.65,17.84,774800,17.84
2014-03-26,18.24,18.32,17.85,17.85,1860600,17.85
2014-03-25,18.469999,18.66,17.93,18.120001,1990000,18.120001
2014-03-24,18.889999,18.90,18.190001,18.209999,2190600,18.209999
2014-03-21,18.91,19.030001,18.790001,18.85,1734600,18.85
2014-03-20,18.49,18.83,18.25,18.82,2528800,18.82
2014-03-19,18.75,18.809999,18.299999,18.530001,2450200,18.530001
2014-03-18,18.35,18.73,18.280001,18.709999,1450800,18.709999
2014-03-17,18.360001,18.48,18.059999,18.280001,2666500,18.280001
2014-03-14,18.389999,18.690001,18.219999,18.24,2810100,18.24
2014-03-13,19.07,19.15,18.379999,18.450001,1496800,18.450001
2014-03-12,18.92,19.030001,18.719999,18.959999,881500,18.959999
2014-03-11,19.50,19.57,18.99,19.02,1771400,19.02
2014-03-10,19.629999,19.65,19.26,19.50,712900,19.50
2014-03-07,19.809999,19.940001,19.18,19.67,2784800,19.67
2014-03-06,19.780001,19.92,19.639999,19.700001,1362700,19.700001
2014-03-05,19.959999,19.98,19.469999,19.75,1772900,19.75
2014-03-04,19.959999,20.32,19.889999,19.959999,2262400,19.959999
2014-03-03,19.049999,19.77,18.950001,19.629999,1828000,19.629999
2014-02-28,19.469999,19.799999,19.030001,19.33,1428300,19.33
2014-02-27,18.99,19.860001,18.99,19.459999,2479100,19.459999
2014-02-26,19.25,19.41,18.969999,19.049999,1025900,19.049999
2014-02-25,19.60,19.620001,19.200001,19.24,749000,19.24
2014-02-24,19.60,19.799999,19.49,19.540001,829000,19.540001
2014-02-21,19.58,19.780001,19.299999,19.559999,885500,19.559999
2014-02-20,19.219999,19.59,19.129999,19.52,894400,19.52
2014-02-19,19.16,19.48,19.10,19.139999,1065900,19.139999
2014-02-18,19.379999,19.450001,18.950001,19.35,866100,19.35
2014-02-14,19.41,19.530001,19.17,19.299999,620500,19.299999
2014-02-13,19.10,19.49,18.950001,19.389999,1191700,19.389999
2014-02-12,19.389999,19.51,19.16,19.26,984800,19.26
2014-02-11,19.290001,19.41,18.92,19.32,1291700,19.32
2014-02-10,19.40,19.57,18.700001,19.299999,1850000,19.299999
2014-02-07,18.40,19.790001,18.33,19.18,3031700,19.18
2014-02-06,17.780001,18.450001,17.75,18.35,1591300,18.35
2014-02-05,17.85,17.950001,17.60,17.879999,1147300,17.879999
2014-02-04,17.879999,18.09,17.66,17.959999,1382200,17.959999
2014-02-03,18.530001,18.82,17.73,17.84,3033700,17.84
2014-01-31,18.639999,18.85,18.52,18.620001,1430000,18.620001
2014-01-30,19.200001,19.32,18.870001,19.02,868600,19.02
2014-01-29,18.799999,19.35,18.75,18.99,1138000,18.99
2014-01-28,19.10,19.32,18.91,19.00,1473500,19.00
2014-01-27,19.540001,19.549999,18.66,19.040001,1581100,19.040001
2014-01-24,20.209999,20.24,19.389999,19.549999,1626500,19.549999
2014-01-23,20.90,20.90,20.370001,20.440001,833700,20.440001
2014-01-22,20.75,21.059999,20.49,20.950001,933000,20.950001
2014-01-21,20.90,20.98,20.41,20.68,795700,20.68
2014-01-17,21.07,21.299999,20.690001,20.75,1123600,20.75
2014-01-16,20.90,21.18,20.719999,21.15,1055500,21.15
2014-01-15,20.10,21.48,19.91,20.99,3358100,20.99
2014-01-14,19.639999,20.360001,19.639999,20.299999,2228700,20.299999
2014-01-13,19.879999,20.049999,19.27,19.42,1690400,19.42
2014-01-10,20.059999,20.370001,19.959999,19.98,1119500,19.98
2014-01-09,19.85,20.110001,19.790001,20.00,872600,20.00
2014-01-08,19.549999,20.139999,19.549999,19.780001,1768200,19.780001
2014-01-07,19.440001,19.85,19.370001,19.50,1028600,19.50
2014-01-06,19.549999,19.59,19.02,19.299999,1845600,19.299999
2014-01-03,20.23,20.360001,19.450001,19.540001,2097000,19.540001
2014-01-02,20.379999,20.49,19.75,20.200001,901100,20.200001
2013-12-31,20.26,20.51,20.17,20.450001,776400,20.450001
2013-12-30,20.059999,20.34,20.01,20.18,753900,20.18
2013-12-27,20.40,20.50,20.02,20.08,578500,20.08
2013-12-26,20.370001,20.67,20.190001,20.27,678400,20.27
2013-12-24,20.030001,20.549999,20.030001,20.309999,561100,20.309999
2013-12-23,19.940001,20.15,19.860001,19.950001,918300,19.950001
2013-12-20,19.75,19.879999,19.60,19.860001,1247200,19.860001
2013-12-19,20.129999,20.209999,19.65,19.66,1083900,19.66
2013-12-18,19.809999,20.219999,19.639999,20.190001,1105000,20.190001
2013-12-17,19.85,20.120001,19.719999,20.059999,791700,20.059999
2013-12-16,19.629999,19.85,19.469999,19.799999,995200,19.799999
2013-12-13,19.25,19.57,19.190001,19.459999,955700,19.459999
2013-12-12,19.10,19.26,19.01,19.16,672600,19.16
2013-12-11,19.60,19.639999,19.030001,19.10,1100600,19.10
2013-12-10,19.370001,19.76,19.35,19.620001,849200,19.620001
2013-12-09,20.040001,20.26,19.450001,19.459999,2086600,19.459999
2013-12-06,20.27,20.32,19.98,20.00,805300,20.00
2013-12-05,19.90,20.10,19.74,20.02,1274900,20.02
2013-12-04,19.379999,20.129999,19.280001,19.84,1373500,19.84
2013-12-03,19.41,19.75,19.209999,19.459999,1086800,19.459999
2013-12-02,20.01,20.10,19.469999,19.469999,1162400,19.469999
2013-11-29,19.790001,20.190001,19.620001,20.00,475100,20.00
2013-11-27,19.549999,19.950001,19.440001,19.66,912600,19.66
2013-11-26,19.299999,19.67,19.290001,19.58,887000,19.58
2013-11-25,19.309999,19.450001,19.18,19.299999,616900,19.299999
2013-11-22,19.07,19.25,18.879999,19.190001,733900,19.190001
2013-11-21,18.75,19.15,18.74,19.00,960500,19.00
2013-11-20,18.799999,18.92,18.52,18.559999,593500,18.559999
2013-11-19,19.01,19.16,18.700001,18.74,1078300,18.74
2013-11-18,19.139999,19.60,18.98,19.030001,1478400,19.030001
2013-11-15,18.629999,19.02,18.540001,18.98,862900,18.98
2013-11-14,18.32,18.58,18.16,18.540001,1029500,18.540001
2013-11-13,18.10,18.469999,17.99,18.34,885600,18.34
2013-11-12,18.280001,18.280001,18.120001,18.25,952600,18.25
2013-11-11,17.99,18.299999,17.889999,18.280001,1042800,18.280001
2013-11-08,17.440001,18.07,17.43,18.049999,1551400,18.049999
2013-11-07,17.809999,17.940001,17.290001,17.41,1685600,17.41
2013-11-06,18.40,18.459999,17.709999,17.790001,2002900,17.790001
2013-11-05,17.790001,18.469999,17.790001,18.27,2181500,18.27
2013-11-04,18.09,18.209999,17.879999,18.00,3015000,18.00
2013-11-01,17.549999,18.58,17.540001,18.26,7337000,18.26
2013-10-31,18.40,18.83,18.08,18.610001,3065600,18.610001
2013-10-30,18.93,19.360001,18.370001,18.40,2863700,18.40
2013-10-29,18.99,19.01,18.299999,18.84,1983300,18.84
2013-10-28,18.690001,19.02,18.65,18.940001,1227100,18.940001
2013-10-25,18.60,19.139999,18.50,18.719999,2053400,18.719999
2013-10-24,18.889999,18.959999,18.00,18.440001,3018400,18.440001
2013-10-23,19.02,19.110001,18.65,18.73,832200,18.73
2013-10-22,19.10,19.23,18.790001,19.16,966900,19.16
2013-10-21,19.01,19.139999,18.700001,19.030001,1045800,19.030001
2013-10-18,19.040001,19.139999,18.799999,19.08,1414800,19.08
2013-10-17,18.84,18.950001,18.709999,18.85,1333900,18.85
2013-10-16,18.76,19.219999,18.75,18.91,1529700,18.91
2013-10-15,19.10,19.16,18.58,18.66,959200,18.66
2013-10-14,18.65,19.190001,18.52,19.129999,1000500,19.129999
2013-10-11,18.50,18.959999,18.43,18.799999,1187700,18.799999
2013-10-10,18.43,18.950001,18.40,18.559999,1443400,18.559999
2013-10-09,18.23,18.379999,17.879999,18.129999,1335900,18.129999
2013-10-08,18.57,18.57,17.98,18.190001,2812000,18.190001
2013-10-07,18.610001,18.780001,18.40,18.559999,2102700,18.559999
2013-10-04,18.969999,19.059999,18.809999,18.969999,1269400,18.969999
2013-10-03,19.42,19.50,18.41,18.92,3735600,18.92
2013-10-02,19.23,19.629999,19.139999,19.440001,1481500,19.440001
2013-10-01,19.799999,20.24,19.25,19.41,2203300,19.41
2013-09-30,19.41,19.860001,19.219999,19.719999,1640700,19.719999
2013-09-27,19.809999,20.02,19.75,19.780001,558500,19.780001
2013-09-26,20.309999,20.48,19.93,20.01,721300,20.01
2013-09-25,19.98,20.40,19.92,20.17,788500,20.17
2013-09-24,19.780001,20.43,19.67,19.969999,1138800,19.969999
2013-09-23,20.200001,20.200001,19.51,19.73,1146900,19.73
2013-09-20,20.469999,20.559999,20.049999,20.219999,937100,20.219999
2013-09-19,20.49,20.65,20.200001,20.370001,688000,20.370001
2013-09-18,20.280001,20.549999,19.92,20.360001,1158200,20.360001
2013-09-17,19.450001,20.34,19.33,20.209999,1930000,20.209999
2013-09-16,19.75,19.75,19.27,19.40,1717300,19.40
2013-09-13,19.65,19.77,19.35,19.40,1843800,19.40
2013-09-12,20.049999,20.129999,19.440001,19.610001,1847800,19.610001
2013-09-11,20.23,20.389999,20.07,20.27,1079200,20.27
2013-09-10,20.370001,20.82,20.209999,20.33,1708600,20.33
2013-09-09,19.99,20.299999,19.889999,20.16,1195400,20.16
2013-09-06,20.200001,20.24,19.469999,19.90,926100,19.90
2013-09-05,20.280001,20.50,20.040001,20.059999,1207800,20.059999
2013-09-04,19.52,20.43,19.49,20.209999,1774800,20.209999
2013-09-03,19.51,20.08,19.389999,19.469999,1534300,19.469999
2013-08-30,19.65,19.809999,19.16,19.23,1004500,19.23
2013-08-29,19.32,19.799999,19.32,19.719999,957800,19.719999
2013-08-28,18.92,19.440001,18.76,19.32,1478000,19.32
2013-08-27,19.41,19.42,18.90,19.01,1837500,19.01
2013-08-26,20.299999,20.389999,19.73,19.76,919700,19.76
2013-08-23,20.18,20.280001,20.02,20.219999,698700,20.219999
2013-08-22,19.74,20.459999,19.68,20.10,934200,20.10
2013-08-21,19.700001,19.889999,19.33,19.65,820000,19.65
2013-08-20,19.33,19.84,19.15,19.799999,855100,19.799999
2013-08-19,19.60,19.60,19.190001,19.33,1035600,19.33
2013-08-16,19.65,19.969999,19.549999,19.610001,692400,19.610001
2013-08-15,20.110001,20.120001,19.549999,19.74,1437300,19.74
2013-08-14,20.540001,20.620001,20.27,20.389999,816600,20.389999
2013-08-13,20.219999,20.620001,20.139999,20.50,915200,20.50
2013-08-12,20.139999,20.40,20.01,20.139999,1099100,20.139999
2013-08-09,20.049999,20.440001,20.049999,20.290001,727300,20.290001
2013-08-08,20.120001,20.50,19.90,20.059999,1239500,20.059999
2013-08-07,20.00,20.00,19.709999,19.90,1060000,19.90
2013-08-06,20.559999,20.74,19.879999,20.15,1490200,20.15
2013-08-05,21.190001,21.25,20.639999,20.67,1518500,20.67
2013-08-02,20.16,21.41,19.98,20.940001,3496700,20.940001
2013-08-01,19.719999,19.870001,18.83,19.790001,2931800,19.790001
2013-07-31,19.469999,19.65,19.42,19.450001,754400,19.450001
2013-07-30,19.370001,19.549999,19.16,19.469999,578000,19.469999
2013-07-29,19.360001,19.389999,19.02,19.209999,717700,19.209999
2013-07-26,18.68,19.42,18.65,19.35,1024800,19.35
2013-07-25,19.18,19.34,18.77,18.809999,1396800,18.809999
2013-07-24,19.440001,19.549999,19.049999,19.200001,756700,19.200001
2013-07-23,19.60,19.66,19.18,19.209999,679500,19.209999
2013-07-22,19.639999,19.74,19.459999,19.52,689000,19.52
2013-07-19,19.43,19.65,19.27,19.610001,641300,19.610001
2013-07-18,19.280001,19.549999,19.23,19.459999,806100,19.459999
2013-07-17,18.879999,19.219999,18.860001,19.139999,955900,19.139999
2013-07-16,19.549999,19.65,18.559999,18.65,2179700,18.65
2013-07-15,19.700001,19.780001,19.370001,19.59,660600,19.59
2013-07-12,19.68,19.809999,19.440001,19.620001,838600,19.620001
2013-07-11,19.41,19.66,19.290001,19.66,1375900,19.66
2013-07-10,19.40,19.440001,18.85,19.040001,1477700,19.040001
2013-07-09,19.379999,19.57,19.24,19.40,916900,19.40
2013-07-08,19.67,19.690001,19.129999,19.16,1174300,19.16
2013-07-05,19.360001,19.719999,19.16,19.620001,793500,19.620001
2013-07-03,18.889999,19.25,18.860001,19.08,576200,19.08
2013-07-02,19.129999,19.610001,18.889999,19.030001,1465200,19.030001
2013-07-01,18.790001,19.360001,18.66,19.08,1531600,19.08
2013-06-28,18.360001,19.17,18.35,18.629999,3249100,18.629999
2013-06-27,17.90,18.51,17.889999,18.41,1316700,18.41
2013-06-26,17.75,17.870001,17.57,17.780001,906900,17.780001
2013-06-25,16.83,17.610001,16.83,17.57,1974000,17.57
2013-06-24,16.879999,16.90,16.17,16.530001,2087300,16.530001
2013-06-21,17.67,17.709999,16.98,17.299999,2237500,17.299999
2013-06-20,17.98,18.07,17.41,17.559999,1815900,17.559999
2013-06-19,18.58,18.719999,18.360001,18.370001,935000,18.370001
2013-06-18,18.299999,18.700001,18.17,18.629999,1113500,18.629999
2013-06-17,18.67,18.73,18.16,18.299999,1182100,18.299999
2013-06-14,18.50,18.74,18.33,18.48,1020300,18.48
2013-06-13,17.610001,18.469999,17.40,18.43,1859300,18.43
2013-06-12,18.26,18.299999,17.540001,17.58,1402600,17.58
2013-06-11,18.01,18.33,17.75,18.00,1109100,18.00
2013-06-10,18.700001,18.719999,18.139999,18.309999,1172700,18.309999
2013-06-07,18.030001,18.66,17.790001,18.57,1125700,18.57
2013-06-06,17.40,17.700001,17.25,17.66,1286700,17.66
2013-06-05,17.889999,18.049999,17.370001,17.42,1301200,17.42
2013-06-04,18.190001,18.60,17.83,17.91,1927800,17.91
2013-06-03,17.90,18.27,17.42,18.139999,2435500,18.139999
2013-05-31,18.110001,18.360001,17.75,17.790001,1272400,17.790001
2013-05-30,17.629999,18.48,17.42,18.200001,1880600,18.200001
2013-05-29,17.700001,17.93,17.32,17.629999,3108900,17.629999
2013-05-28,16.92,17.93,16.91,17.870001,2921500,17.870001
2013-05-24,16.620001,16.799999,16.48,16.799999,826200,16.799999
2013-05-23,16.540001,16.889999,16.129999,16.790001,1221000,16.790001
2013-05-22,16.709999,17.370001,16.59,16.76,2257900,16.76
2013-05-21,16.610001,16.879999,16.530001,16.73,782300,16.73
2013-05-20,16.799999,16.879999,16.469999,16.639999,1350000,16.639999
2013-05-17,16.08,16.98,16.08,16.82,1852200,16.82
2013-05-16,15.95,16.42,15.87,15.92,1228300,15.92
2013-05-15,15.79,16.25,15.78,16.00,1247800,16.00
2013-05-14,15.64,15.90,15.58,15.85,824600,15.85
2013-05-13,15.75,15.75,15.28,15.64,1031300,15.64
2013-05-10,15.65,15.84,15.56,15.73,728900,15.73
2013-05-09,15.74,15.82,15.52,15.65,1050700,15.65
2013-05-08,15.89,15.94,15.61,15.73,1372200,15.73
2013-05-07,15.48,16.02,15.48,15.94,3502400,15.94
2013-05-06,15.00,15.46,14.86,15.42,2598700,15.42
2013-05-03,13.95,15.58,13.95,14.82,5678500,14.82
2013-05-02,13.52,13.93,13.40,13.74,1967100,13.74
2013-05-01,13.33,13.53,13.28,13.35,2256100,13.35
2013-04-30,13.60,14.06,13.27,13.37,2775800,13.37
2013-04-29,13.59,13.70,13.41,13.54,1115300,13.54
2013-04-26,13.29,13.58,13.18,13.48,1196100,13.48
2013-04-25,13.27,13.42,13.21,13.30,1262600,13.30
2013-04-24,12.88,13.28,12.84,13.21,1233600,13.21
2013-04-23,12.73,12.87,12.62,12.86,1241400,12.86
2013-04-22,12.47,12.62,12.14,12.57,1544700,12.57
2013-04-19,12.01,12.46,11.85,12.41,1355900,12.41
2013-04-18,12.09,12.22,11.88,11.94,1387100,11.94
2013-04-17,12.28,12.33,11.99,12.07,1950400,12.07
2013-04-16,12.79,12.87,12.21,12.46,2066400,12.46
2013-04-15,13.09,13.22,12.50,12.63,2216400,12.63
2013-04-12,13.26,13.49,13.17,13.23,1430800,13.23
2013-04-11,13.19,13.52,13.09,13.32,1395300,13.32
2013-04-10,12.88,13.23,12.86,13.13,1165800,13.13
2013-04-09,12.85,12.98,12.72,12.84,955000,12.84
2013-04-08,12.69,12.89,12.65,12.81,950600,12.81
2013-04-05,12.68,12.85,12.31,12.66,1699700,12.66
2013-04-04,12.96,13.06,12.73,12.95,900400,12.95
2013-04-03,13.40,13.45,12.85,12.94,2462800,12.94
2013-04-02,13.54,13.73,13.19,13.40,1934500,13.40
2013-04-01,13.62,13.92,13.40,13.49,1860000,13.49
2013-03-28,13.65,13.71,13.32,13.65,1830300,13.65
2013-03-27,12.75,13.72,12.73,13.72,3060500,13.72
2013-03-26,13.08,13.10,12.76,12.88,1084000,12.88
2013-03-25,13.09,13.25,12.88,12.98,1020000,12.98
2013-03-22,13.34,13.34,12.83,13.03,1763700,13.03
2013-03-21,13.49,13.65,13.27,13.27,1525900,13.27
2013-03-20,13.32,13.71,13.29,13.53,2689900,13.53
2013-03-19,12.99,13.38,12.98,13.22,1788000,13.22
2013-03-18,12.79,13.08,12.57,13.04,1030100,13.04
2013-03-15,13.13,13.20,12.88,12.99,1596400,12.99
2013-03-14,13.10,13.30,13.09,13.11,847100,13.11
2013-03-13,13.10,13.23,13.04,13.10,501300,13.10
2013-03-12,13.19,13.20,12.96,13.08,872000,13.08
2013-03-11,13.24,13.35,13.09,13.19,1087100,13.19
2013-03-08,12.94,13.37,12.94,13.26,2538300,13.26
2013-03-07,12.75,12.94,12.72,12.84,1829600,12.84
2013-03-06,12.60,12.75,12.45,12.71,1233600,12.71
2013-03-05,12.35,12.58,12.27,12.50,1260900,12.50
2013-03-04,12.45,12.57,12.00,12.23,2123400,12.23
2013-03-01,12.50,12.77,12.34,12.50,2156000,12.50
2013-02-28,12.70,12.81,12.57,12.65,2091200,12.65
2013-02-27,12.35,12.84,12.35,12.76,1564000,12.76
2013-02-26,12.21,12.46,11.98,12.39,1646300,12.39
2013-02-25,12.48,12.61,12.15,12.15,1611400,12.15
2013-02-22,12.26,12.38,12.19,12.36,901300,12.36
2013-02-21,12.28,12.32,11.91,12.17,2318400,12.17
2013-02-20,12.54,12.65,12.29,12.31,2666600,12.31
2013-02-19,12.37,12.65,12.37,12.53,2026000,12.53
2013-02-15,12.80,12.95,12.27,12.33,1980000,12.33
2013-02-14,12.65,12.86,12.55,12.76,1983800,12.76
2013-02-13,12.67,12.86,12.60,12.73,1872900,12.73
2013-02-12,12.40,12.66,12.27,12.66,2215300,12.66
2013-02-11,12.31,12.44,12.01,12.44,1988800,12.44
2013-02-08,11.82,12.37,11.50,12.24,5121100,12.24
2013-02-07,12.02,12.04,11.59,11.85,1896600,11.85
2013-02-06,11.91,12.04,11.85,11.95,784100,11.95
2013-02-05,11.88,12.12,11.87,12.00,819300,12.00
2013-02-04,11.90,12.08,11.78,11.81,1107300,11.81
2013-02-01,11.79,12.35,11.76,12.08,2743800,12.08
2013-01-31,11.56,11.69,11.40,11.68,1159800,11.68
2013-01-30,11.94,11.94,11.42,11.65,2199400,11.65
2013-01-29,11.99,12.04,11.84,12.00,1244000,12.00
2013-01-28,12.00,12.18,11.94,12.12,911400,12.12
2013-01-25,11.71,12.01,11.67,12.00,1497100,12.00
2013-01-24,11.50,11.90,11.50,11.68,1301100,11.68
2013-01-23,11.53,11.61,11.41,11.49,1853600,11.49
2013-01-22,11.03,11.61,11.02,11.60,3171400,11.60
2013-01-18,11.21,11.23,10.97,11.03,1161900,11.03
2013-01-17,11.20,11.27,11.11,11.26,1303400,11.26
2013-01-16,11.33,11.35,11.09,11.13,2381500,11.13
2013-01-15,10.99,11.54,10.94,11.44,1572200,11.44
2013-01-14,11.26,11.30,10.95,11.13,2627800,11.13
2013-01-11,11.67,11.69,11.23,11.28,1829800,11.28
2013-01-10,11.70,11.84,11.52,11.65,658900,11.65
2013-01-09,11.64,11.76,11.53,11.62,912400,11.62
2013-01-08,11.55,11.69,11.52,11.62,872100,11.62
2013-01-07,11.74,11.81,11.52,11.57,1003300,11.57
2013-01-04,11.80,11.80,11.60,11.78,968800,11.78
2013-01-03,11.66,12.27,11.51,11.72,3111700,11.72
2013-01-02,11.40,11.73,11.36,11.73,1735700,11.73
2012-12-31,10.86,11.23,10.75,11.20,1368400,11.20
2012-12-28,10.62,10.92,10.58,10.88,1466300,10.88
2012-12-27,10.70,10.77,10.46,10.75,1081400,10.75
2012-12-26,10.77,10.89,10.66,10.71,795700,10.71
2012-12-24,10.73,10.76,10.63,10.73,296100,10.73
2012-12-21,10.69,10.94,10.68,10.79,1333300,10.79
2012-12-20,10.75,10.97,10.71,10.97,898300,10.97
2012-12-19,10.50,10.87,10.45,10.75,2332800,10.75
2012-12-18,10.22,10.48,10.12,10.41,1649000,10.41
2012-12-17,10.27,10.31,10.13,10.19,1412900,10.19
2012-12-14,10.23,10.38,10.21,10.24,822300,10.24
2012-12-13,10.57,10.64,10.13,10.30,1665900,10.30
2012-12-12,10.60,10.73,10.54,10.65,1086900,10.65
2012-12-11,10.48,10.56,10.42,10.54,918300,10.54
2012-12-10,10.33,10.48,10.32,10.38,428400,10.38
2012-12-07,10.29,10.47,10.25,10.32,1219400,10.32
2012-12-06,10.11,10.21,9.98,10.21,695000,10.21
2012-12-05,10.26,10.30,10.03,10.04,1097200,10.04
2012-12-04,10.10,10.24,10.04,10.22,1006900,10.22
2012-12-03,10.50,10.55,10.02,10.12,1459600,10.12
2012-11-30,10.57,10.64,10.35,10.46,773800,10.46
2012-11-29,10.60,10.73,10.44,10.53,1367000,10.53
2012-11-28,10.38,10.52,10.22,10.48,570300,10.48
2012-11-27,10.50,10.63,10.37,10.43,717800,10.43
2012-11-26,10.39,10.56,10.25,10.55,787600,10.55
2012-11-23,10.25,10.58,10.20,10.46,870600,10.46
2012-11-21,10.21,10.30,10.02,10.11,787000,10.11
2012-11-20,10.10,10.27,9.84,10.21,1555200,10.21
2012-11-19,9.73,9.92,9.66,9.82,1229400,9.82
2012-11-16,9.49,9.67,9.27,9.55,1431800,9.55
2012-11-15,9.63,9.88,9.42,9.43,1737900,9.43
2012-11-14,10.11,10.14,9.60,9.63,2163700,9.63
2012-11-13,9.87,10.20,9.81,10.10,1282700,10.10
2012-11-12,10.31,10.34,9.95,10.03,1086100,10.03
2012-11-09,10.01,10.46,10.01,10.28,1231500,10.28
2012-11-08,10.52,10.52,10.02,10.03,1007100,10.03
2012-11-07,10.34,10.41,10.24,10.29,879000,10.29
2012-11-06,10.44,10.57,10.25,10.54,1210800,10.54
2012-11-05,10.53,10.59,10.19,10.32,1704500,10.32
2012-11-02,10.97,11.14,10.47,10.52,2277900,10.52
2012-11-01,10.85,11.02,10.57,10.90,2116500,10.90
2012-10-31,10.56,10.87,10.15,10.87,3295100,10.87
2012-10-26,10.52,11.29,10.25,10.38,8512400,10.38
2012-10-25,11.60,11.83,11.51,11.59,1306500,11.59
2012-10-24,11.83,11.87,11.42,11.52,1313600,11.52
2012-10-23,11.62,11.85,11.50,11.75,1722100,11.75
2012-10-22,11.90,12.03,11.76,11.84,1472100,11.84
2012-10-19,12.15,12.31,11.81,12.02,1451700,12.02
2012-10-18,12.12,12.35,12.05,12.25,1085800,12.25
2012-10-17,11.89,12.25,11.81,12.22,1485700,12.22
2012-10-16,11.86,11.90,11.63,11.82,1009500,11.82
2012-10-15,11.84,11.92,11.65,11.82,804800,11.82
2012-10-12,12.08,12.14,11.60,11.75,1238600,11.75
2012-10-11,12.16,12.28,12.00,12.07,690400,12.07
2012-10-10,11.96,12.02,11.78,11.98,951700,11.98
2012-10-09,12.19,12.31,11.73,11.97,1616400,11.97
2012-10-08,12.29,12.43,12.00,12.24,994800,12.24
2012-10-05,12.37,12.70,12.29,12.48,1986000,12.48
2012-10-04,11.77,12.39,11.77,12.25,2032400,12.25
2012-10-03,11.74,11.89,11.40,11.66,1891300,11.66
2012-10-02,11.68,11.78,11.05,11.33,2056300,11.33
2012-10-01,11.42,11.87,11.40,11.63,1343700,11.63
2012-09-28,11.11,11.62,11.04,11.27,1363600,11.27
2012-09-27,11.33,11.39,11.03,11.19,1424800,11.19
2012-09-26,11.03,11.89,10.85,11.10,2433500,11.10
2012-09-25,11.42,11.50,10.99,11.01,1505400,11.01
2012-09-24,11.42,11.60,11.29,11.33,1385700,11.33
2012-09-21,12.03,12.20,11.48,11.51,1892000,11.51
2012-09-20,11.95,11.97,11.63,11.86,1252900,11.86
2012-09-19,12.03,12.34,11.91,12.14,2275400,12.14
2012-09-18,12.29,12.34,11.85,12.00,1389800,12.00
2012-09-17,12.70,12.72,12.31,12.31,1084900,12.31
2012-09-14,12.64,12.94,12.58,12.80,2311700,12.80
2012-09-13,12.24,12.63,12.00,12.54,1408700,12.54
2012-09-12,11.87,12.29,11.86,12.23,1287000,12.23
2012-09-11,11.82,11.93,11.76,11.86,1066400,11.86
2012-09-10,12.15,12.16,11.76,11.86,992300,11.86
2012-09-07,12.00,12.51,11.94,12.15,1794700,12.15
2012-09-06,11.51,12.00,11.41,11.93,2290200,11.93
2012-09-05,11.11,11.41,11.02,11.39,1235600,11.39
2012-09-04,11.14,11.23,10.82,11.10,1571500,11.10
2012-08-31,11.22,11.30,11.04,11.17,980200,11.17
2012-08-30,10.99,11.15,10.88,11.07,948700,11.07
2012-08-29,10.92,11.21,10.85,11.05,1146600,11.05
2012-08-28,10.93,11.00,10.84,10.91,667000,10.91
2012-08-27,10.97,11.08,10.69,10.97,994400,10.97
2012-08-24,10.96,11.03,10.83,10.89,600700,10.89
2012-08-23,11.21,11.24,10.88,10.98,840500,10.98
2012-08-22,11.22,11.36,11.05,11.26,718000,11.26
2012-08-21,11.58,11.73,11.17,11.25,935100,11.25
2012-08-20,11.54,11.60,11.36,11.46,572400,11.46
2012-08-17,11.38,11.59,11.33,11.59,893800,11.59
2012-08-16,11.00,11.43,10.84,11.39,1661700,11.39
2012-08-15,10.83,11.01,10.73,10.98,1018200,10.98
2012-08-14,11.11,11.14,10.79,10.90,1196200,10.90
2012-08-13,10.86,11.06,10.74,11.05,1145200,11.05
2012-08-10,10.80,11.00,10.67,10.87,819800,10.87
2012-08-09,10.57,10.87,10.53,10.86,1010100,10.86
2012-08-08,10.58,10.76,10.44,10.61,872200,10.61
2012-08-07,10.75,10.92,10.60,10.60,1197400,10.60
2012-08-06,10.28,10.80,10.24,10.68,1116100,10.68
2012-08-03,10.18,10.37,10.10,10.26,1351400,10.26
2012-08-02,9.99,10.27,9.71,9.85,1742300,9.85
2012-08-01,10.90,10.94,10.07,10.12,2264900,10.12
2012-07-31,10.83,11.15,10.76,10.79,1514800,10.79
2012-07-30,10.65,10.98,10.43,10.85,2183300,10.85
2012-07-27,10.50,10.89,10.24,10.64,2490400,10.64
2012-07-26,10.02,10.41,9.99,10.38,2131000,10.38
2012-07-25,9.67,9.84,9.55,9.77,1477000,9.77
2012-07-24,10.05,10.08,9.45,9.55,1615900,9.55
2012-07-23,9.57,10.09,9.40,10.01,1279700,10.01
2012-07-20,10.00,10.19,9.81,9.86,1471500,9.86
2012-07-19,10.18,10.31,9.96,10.17,878100,10.17
2012-07-18,9.89,10.22,9.88,10.11,1299000,10.11
2012-07-17,10.06,10.26,9.62,10.02,2090800,10.02
2012-07-16,10.30,10.43,9.93,10.03,1385800,10.03
2012-07-13,10.12,10.46,9.96,10.36,1663400,10.36
2012-07-12,9.81,10.12,9.54,10.10,1698900,10.10
2012-07-11,10.10,10.13,9.80,9.92,968900,9.92
2012-07-10,10.48,10.71,9.90,10.06,1656200,10.06
2012-07-09,10.58,10.76,10.35,10.40,1076300,10.40
2012-07-06,10.74,10.96,10.50,10.65,1396200,10.65
2012-07-05,10.70,11.09,10.63,10.93,1476900,10.93
2012-07-03,10.45,10.91,10.41,10.75,1797200,10.75
2012-07-02,10.49,10.59,10.11,10.42,1115100,10.42
2012-06-29,10.51,10.60,10.19,10.49,1794300,10.49
2012-06-28,9.82,10.19,9.76,10.18,1585300,10.18
2012-06-27,9.80,9.95,9.68,9.87,1355000,9.87
2012-06-26,9.79,9.85,9.48,9.82,1221900,9.82
2012-06-25,9.82,9.90,9.46,9.75,1602700,9.75
2012-06-22,9.91,10.10,9.83,10.09,1554800,10.09
2012-06-21,10.33,10.44,9.76,9.87,1759300,9.87
2012-06-20,10.12,10.47,9.99,10.31,1064400,10.31
2012-06-19,9.79,10.20,9.76,10.11,1385600,10.11
2012-06-18,9.63,9.84,9.50,9.70,1357000,9.70
2012-06-15,9.54,9.76,9.42,9.71,1372900,9.71
2012-06-14,9.21,9.59,9.17,9.52,2221900,9.52
2012-06-13,9.35,9.47,9.14,9.17,1605100,9.17
2012-06-12,9.29,9.57,9.11,9.43,1316300,9.43
2012-06-11,9.82,9.92,9.16,9.18,1836800,9.18
2012-06-08,9.24,9.71,9.03,9.65,1412700,9.65
2012-06-07,9.64,9.67,9.17,9.20,1966000,9.20
2012-06-06,8.78,9.21,8.71,9.19,1847600,9.19
2012-06-05,8.27,8.73,8.27,8.70,1332200,8.70
2012-06-04,8.62,8.69,7.93,8.36,2082100,8.36
2012-06-01,8.95,9.15,8.56,8.60,1739400,8.60
2012-05-31,9.20,9.27,8.95,9.26,1297300,9.26
2012-05-30,9.75,9.77,9.09,9.19,1548400,9.19
2012-05-29,9.46,9.96,9.46,9.93,1878300,9.93
2012-05-25,9.43,9.47,9.21,9.32,1086800,9.32
2012-05-24,9.23,9.42,9.01,9.41,1324200,9.41
2012-05-23,8.88,9.26,8.86,9.19,914000,9.19
2012-05-22,9.02,9.29,8.93,9.03,1330600,9.03
2012-05-21,8.46,9.10,8.44,9.02,1541100,9.02
2012-05-18,8.63,8.73,8.19,8.40,1872400,8.40
2012-05-17,8.98,9.06,8.60,8.61,1290600,8.61
2012-05-16,9.18,9.46,8.97,8.98,972600,8.98
2012-05-15,9.42,9.45,9.11,9.16,896800,9.16
2012-05-14,9.37,9.54,9.34,9.42,1023100,9.42
2012-05-11,9.48,9.82,9.46,9.52,1322000,9.52
2012-05-10,9.65,9.82,9.52,9.55,1048100,9.55
2012-05-09,9.42,9.56,9.38,9.50,1018600,9.50
2012-05-08,9.51,9.61,9.31,9.61,1500900,9.61
2012-05-07,9.58,9.82,9.52,9.63,2331700,9.63
2012-05-04,9.69,9.74,9.50,9.50,2711800,9.50
2012-05-03,9.91,9.97,9.50,9.57,1598200,9.57
2012-05-02,9.89,10.03,9.76,9.95,1363000,9.95
2012-05-01,9.72,10.06,9.53,9.98,2087400,9.98
2012-04-30,10.11,10.11,9.44,9.69,3995600,9.69
2012-04-27,10.36,10.50,10.08,10.18,4119000,10.18
2012-04-26,10.58,10.79,10.46,10.77,1150500,10.77
2012-04-25,10.55,10.69,10.38,10.65,1195600,10.65
2012-04-24,10.30,10.54,10.28,10.37,772700,10.37
2012-04-23,10.20,10.37,10.10,10.25,913100,10.25
2012-04-20,10.73,10.73,10.42,10.44,1321100,10.44
2012-04-19,11.11,11.12,10.52,10.57,1651700,10.57
2012-04-18,10.86,11.20,10.77,11.13,1327500,11.13
2012-04-17,10.95,10.99,10.88,10.89,1099000,10.89
2012-04-16,10.97,11.01,10.75,10.81,899700,10.81
2012-04-13,11.16,11.19,10.81,10.86,1084800,10.86
2012-04-12,11.01,11.33,10.91,11.19,1197900,11.19
