Date,Open,High,Low,Close,Volume,Adj Close
2016-11-25,22.059999,22.08,21.98,21.99,2900,21.99
2016-11-23,21.969999,22.16,21.969999,22.15,6800,22.15
2016-11-22,21.950001,22.15,21.940001,22.15,7900,22.15
2016-11-21,21.379999,21.99,21.309999,21.99,8100,21.99
2016-11-18,21.10,21.450001,21.10,21.450001,13900,21.450001
2016-11-17,21.18,21.200001,20.950001,21.10,5500,21.10
2016-11-16,21.09,21.27,20.950001,21.129999,10300,21.129999
2016-11-15,20.969999,21.200001,20.84,21.200001,16100,21.200001
2016-11-14,21.049999,21.110001,20.77,21.10,26700,21.10
2016-11-11,20.799999,21.23,20.74,21.23,26000,21.23
2016-11-10,20.799999,20.799999,20.530001,20.799999,14100,20.799999
2016-11-09,20.200001,20.889999,20.200001,20.809999,38900,20.809999
2016-11-08,20.24,20.50,20.219999,20.50,1900,20.50
2016-11-07,20.280001,20.32,20.23,20.32,4700,20.32
2016-11-04,20.09,20.49,20.09,20.15,15100,20.15
2016-11-03,20.17,20.17,20.07,20.07,7200,20.07
2016-11-02,20.33,20.379999,20.049999,20.15,18900,20.15
2016-11-01,20.32,20.43,20.32,20.35,1000,20.35
2016-10-31,20.360001,20.540001,20.360001,20.360001,2600,20.360001
2016-10-28,20.299999,20.299999,20.299999,20.299999,600,20.299999
2016-10-27,20.23,20.559999,20.23,20.27,2600,20.27
2016-10-26,20.32,20.41,20.25,20.35,4500,20.35
2016-10-25,20.41,20.42,20.41,20.42,600,20.42
2016-10-24,20.50,20.530001,20.40,20.50,5200,20.50
2016-10-21,20.209999,20.50,20.209999,20.440001,1100,20.440001
2016-10-20,20.440001,20.49,20.299999,20.389999,13500,20.389999
2016-10-19,20.18,20.450001,20.18,20.360001,1600,20.360001
2016-10-18,20.219999,20.25,20.129999,20.25,1200,20.25
2016-10-17,20.33,20.35,20.27,20.33,1300,20.33
2016-10-14,20.440001,20.469999,20.10,20.370001,21900,20.370001
2016-10-13,20.01,20.09,20.01,20.040001,1300,20.040001
2016-10-12,20.049999,20.23,20.049999,20.139999,1700,20.139999
2016-10-11,20.07,20.08,20.01,20.08,8900,20.08
2016-10-10,19.969999,20.17,19.950001,20.10,8800,20.10
2016-10-07,20.16,20.18,19.98,20.040001,2300,20.040001
2016-10-06,20.58,20.58,20.58,20.58,000,20.58
2016-10-05,20.65,20.65,20.58,20.58,1600,20.58
2016-10-04,20.360001,20.66,20.360001,20.51,1600,20.51
2016-10-03,20.40,20.65,20.40,20.620001,2300,20.620001
2016-09-30,20.700001,20.709999,20.549999,20.629999,9900,20.629999
2016-09-29,20.15,20.700001,20.07,20.559999,22800,20.559999
2016-09-28,20.00,20.129999,19.969999,20.129999,13100,20.129999
2016-09-27,20.00,20.139999,19.950001,20.00,21100,20.00
2016-09-26,20.07,20.09,20.02,20.049999,4700,20.049999
2016-09-23,20.059999,20.110001,19.93,20.059999,5200,20.059999
2016-09-22,20.200001,20.200001,20.02,20.030001,7100,20.030001
2016-09-21,20.120001,20.360001,20.059999,20.10,5900,20.10
2016-09-20,20.23,20.370001,20.10,20.10,3500,20.10
2016-09-19,20.27,20.35,20.17,20.209999,10400,20.209999
2016-09-16,20.209999,20.27,20.049999,20.27,13400,20.27
2016-09-15,20.08,20.24,20.00,20.17,3800,20.17
2016-09-14,20.290001,20.290001,20.040001,20.049999,4700,20.049999
2016-09-13,20.049999,20.10,20.00,20.030001,3700,20.030001
2016-09-12,19.90,20.49,19.889999,20.24,22000,20.24
2016-09-09,19.83,20.040001,19.780001,19.889999,14600,19.889999
2016-09-08,20.02,20.08,19.959999,20.01,44500,20.01
2016-09-07,19.85,20.040001,19.85,19.950001,7400,19.950001
2016-09-06,19.93,19.93,19.799999,19.82,5500,19.82
2016-09-02,20.00,20.00,19.93,19.93,4300,19.93
2016-09-01,19.82,20.030001,19.82,19.940001,6000,19.940001
2016-08-31,19.83,19.959999,19.780001,19.83,13500,19.83
2016-08-30,20.08,20.08,19.780001,19.780001,9100,19.780001
2016-08-29,19.879999,19.92,19.82,19.879999,6500,19.879999
2016-08-26,19.870001,19.879999,19.76,19.82,6600,19.82
2016-08-25,19.85,19.959999,19.75,19.85,22100,19.85
2016-08-24,19.68,19.799999,19.68,19.77,6700,19.77
2016-08-23,19.84,19.91,19.68,19.82,14900,19.82
2016-08-22,19.700001,19.700001,19.700001,19.700001,500,19.700001
2016-08-19,19.870001,19.889999,19.75,19.809999,3600,19.809999
2016-08-18,19.90,19.90,19.780001,19.83,2300,19.83
2016-08-17,19.90,19.950001,19.790001,19.84,20200,19.84
2016-08-16,19.799999,19.91,19.620001,19.879999,15600,19.879999
2016-08-15,19.799999,19.799999,19.50,19.77,1500,19.77
2016-08-12,19.58,19.91,19.58,19.82,11300,19.82
2016-08-11,19.91,19.950001,19.68,19.709999,26900,19.709999
2016-08-10,19.90,19.90,19.66,19.700001,4800,19.700001
2016-08-09,19.75,19.950001,19.42,19.860001,24500,19.860001
2016-08-08,19.40,19.780001,19.40,19.65,9900,19.65
2016-08-05,19.620001,19.67,19.52,19.610001,10600,19.610001
2016-08-04,19.57,19.57,19.450001,19.469999,7300,19.469999
2016-08-03,19.42,19.50,19.34,19.50,12100,19.50
2016-08-02,19.379999,19.530001,19.33,19.33,24900,19.33
2016-08-01,19.34,19.41,19.32,19.33,31100,19.33
2016-07-29,19.09,19.50,19.09,19.34,47500,19.34
2016-07-28,18.18,19.860001,18.18,19.33,63600,19.33
2016-07-27,15.90,15.90,15.73,15.73,1000,15.73
2016-07-26,15.99,15.99,15.92,15.92,500,15.92
2016-07-25,15.76,15.95,15.76,15.90,2700,15.90
2016-07-22,15.57,15.97,15.55,15.91,1900,15.91
2016-07-21,15.49,15.49,15.40,15.43,800,15.43
2016-07-20,15.52,15.64,15.30,15.40,4500,15.40
2016-07-19,15.81,15.87,15.44,15.55,1800,15.55
2016-07-18,16.00,16.00,15.41,15.60,3600,15.60
2016-07-15,16.00,16.00,15.86,15.88,2400,15.88
2016-07-14,15.83,15.87,15.83,15.87,3300,15.87
2016-07-13,15.74,15.75,15.73,15.73,1100,15.73
2016-07-12,15.57,15.77,15.38,15.61,5700,15.61
2016-07-11,15.31,15.40,15.21,15.32,7700,15.32
2016-07-08,15.03,15.60,14.97,15.46,7300,15.46
2016-07-07,14.81,14.92,14.67,14.83,2200,14.83
2016-07-06,14.81,15.18,14.77,14.97,5100,14.97
2016-07-05,15.20,15.20,14.80,14.88,2800,14.88
2016-07-01,15.26,15.60,15.25,15.37,8700,15.37
2016-06-30,14.40,15.56,14.40,15.37,12600,15.37
2016-06-29,14.05,14.28,13.85,14.18,13000,14.18
2016-06-28,13.90,13.95,13.60,13.85,7200,13.85
2016-06-27,14.35,14.46,13.85,13.85,23000,13.85
2016-06-24,14.62,15.12,14.43,14.45,35500,14.45
2016-06-23,14.75,15.17,14.75,15.14,8400,15.14
2016-06-22,14.50,14.57,14.40,14.49,5200,14.49
2016-06-21,14.47,14.80,14.36,14.69,6700,14.69
2016-06-20,14.44,14.71,14.41,14.41,5800,14.41
2016-06-17,14.58,14.60,14.36,14.48,13000,14.48
2016-06-16,14.41,14.51,14.40,14.48,4500,14.48
2016-06-15,14.71,14.79,14.35,14.45,7500,14.45
2016-06-14,14.71,15.03,14.48,14.55,14700,14.55
2016-06-13,14.49,15.07,14.49,14.66,10300,14.66
2016-06-10,14.42,14.48,14.35,14.43,4000,14.43
2016-06-09,14.43,14.61,14.38,14.41,3800,14.41
2016-06-08,14.66,14.75,14.53,14.60,5100,14.60
2016-06-07,14.78,14.78,14.53,14.61,2100,14.61
2016-06-06,14.81,14.81,14.60,14.62,4300,14.62
2016-06-03,14.85,14.95,14.81,14.94,3400,14.94
2016-06-02,15.09,15.18,14.99,15.06,4100,15.06
2016-06-01,14.82,15.15,14.82,15.14,3300,15.14
2016-05-31,14.77,15.09,14.77,15.00,5200,15.00
2016-05-27,14.83,15.02,14.73,14.91,2600,14.91
2016-05-26,14.85,15.00,14.83,14.83,4300,14.83
2016-05-25,14.99,15.11,14.92,14.92,5200,14.92
2016-05-24,15.13,15.18,14.85,15.10,13800,15.10
2016-05-23,14.75,15.03,14.63,14.98,4400,14.98
2016-05-20,14.51,14.75,14.50,14.75,4900,14.75
2016-05-19,14.34,14.65,14.30,14.55,4200,14.55
2016-05-18,14.26,14.77,14.26,14.53,7000,14.53
2016-05-17,14.31,14.39,14.24,14.32,7700,14.32
2016-05-16,14.79,14.90,14.55,14.61,5800,14.61
2016-05-13,14.74,14.85,14.67,14.68,2800,14.68
2016-05-12,14.82,14.94,14.82,14.85,4100,14.85
2016-05-11,15.13,15.29,15.00,15.08,4600,15.08
2016-05-10,15.30,15.60,15.06,15.06,5300,15.06
2016-05-09,15.33,15.33,15.10,15.27,900,15.27
2016-05-06,15.30,15.41,15.18,15.19,8000,15.19
2016-05-05,15.11,15.37,15.10,15.26,3500,15.26
2016-05-04,14.74,15.15,14.52,15.05,7200,15.05
2016-05-03,15.01,15.13,14.95,15.05,6200,15.05
2016-05-02,15.20,15.40,15.10,15.30,7400,15.30
2016-04-29,15.45,15.46,15.15,15.42,7600,15.42
2016-04-28,15.22,15.71,15.17,15.39,6000,15.39
2016-04-27,15.38,15.73,15.22,15.42,10500,15.42
2016-04-26,15.15,15.42,14.99,15.27,3200,15.27
2016-04-25,15.10,15.26,14.77,15.23,5000,15.23
2016-04-22,15.39,15.39,15.10,15.18,6400,15.18
2016-04-21,15.65,15.65,14.77,15.29,10800,15.29
2016-04-20,15.40,15.70,15.31,15.36,7200,15.36
2016-04-19,15.60,15.74,15.34,15.48,3500,15.48
2016-04-18,15.63,15.63,15.33,15.51,1700,15.51
2016-04-15,15.64,15.71,15.42,15.58,4100,15.58
2016-04-14,15.59,15.70,15.43,15.54,14700,15.54
2016-04-13,15.56,15.59,15.49,15.52,7100,15.52
2016-04-12,15.38,15.65,15.34,15.54,4200,15.54
2016-04-11,15.38,15.54,15.30,15.41,3700,15.41
2016-04-08,15.02,15.31,15.02,15.30,3100,15.30
2016-04-07,14.92,15.01,14.59,15.01,19100,15.01
2016-04-06,14.87,15.11,14.87,15.10,2300,15.10
2016-04-05,15.15,15.36,14.88,15.05,6100,15.05
2016-04-04,15.99,15.99,14.98,15.09,9200,15.09
2016-04-01,16.25,16.309999,15.86,15.86,4500,15.86
2016-03-31,15.99,16.129999,15.93,15.96,4800,15.96
2016-03-30,15.27,16.18,15.09,16.02,9700,16.02
2016-03-29,15.16,15.35,15.08,15.27,7300,15.27
2016-03-28,14.94,15.49,14.94,15.15,7200,15.15
2016-03-24,15.20,15.34,15.02,15.17,3200,15.17
2016-03-23,15.33,15.50,15.08,15.09,11300,15.09
2016-03-22,15.15,15.57,15.09,15.21,12100,15.21
2016-03-21,15.82,15.82,15.26,15.32,11400,15.32
2016-03-18,15.75,15.96,15.51,15.80,8900,15.80
2016-03-17,15.40,15.97,15.40,15.81,9700,15.81
2016-03-16,16.00,16.00,15.43,15.57,7500,15.57
2016-03-15,15.32,16.219999,15.04,15.92,18300,15.92
2016-03-14,14.85,15.44,14.85,15.42,5800,15.42
2016-03-11,14.90,15.17,14.63,15.16,5000,15.16
2016-03-10,15.05,15.05,14.76,14.93,5300,14.93
2016-03-09,14.54,14.89,14.34,14.83,7200,14.83
2016-03-08,14.60,14.69,14.29,14.54,6600,14.54
2016-03-07,14.58,14.67,14.31,14.61,5300,14.61
2016-03-04,12.95,14.73,12.95,14.69,10900,14.69
2016-03-03,12.88,12.90,12.53,12.86,6200,12.86
2016-03-02,12.56,12.92,12.53,12.84,10900,12.84
2016-03-01,12.51,12.75,12.36,12.70,7600,12.70
2016-02-29,12.41,12.68,12.17,12.28,8700,12.28
2016-02-26,12.13,12.51,12.09,12.39,12100,12.39
2016-02-25,12.08,12.20,11.86,12.18,9300,12.18
2016-02-24,11.94,12.04,11.85,11.92,9100,11.92
2016-02-23,11.85,12.00,11.84,11.90,13800,11.90
2016-02-22,12.28,12.28,11.98,12.06,9000,12.06
2016-02-19,12.16,12.27,11.84,12.03,7200,12.03
2016-02-18,12.25,12.41,12.03,12.16,10900,12.16
2016-02-17,12.19,12.25,11.97,12.22,13200,12.22
2016-02-16,11.91,12.11,11.90,12.05,8900,12.05
2016-02-12,11.96,12.12,11.81,11.93,6500,11.93
2016-02-11,12.54,12.54,11.80,11.83,18100,11.83
2016-02-10,12.90,12.96,12.41,12.41,8700,12.41
2016-02-09,12.97,13.04,12.65,12.72,8000,12.72
2016-02-08,13.20,13.23,13.00,13.10,6700,13.10
2016-02-05,13.28,13.59,13.17,13.20,9300,13.20
2016-02-04,13.47,13.69,13.41,13.56,4900,13.56
2016-02-03,13.80,13.94,13.30,13.37,11600,13.37
2016-02-02,13.81,13.93,13.44,13.85,9000,13.85
2016-02-01,13.40,14.19,13.40,14.07,17000,14.07
2016-01-29,13.06,13.41,13.06,13.41,9000,13.41
2016-01-28,13.05,13.21,12.94,13.04,8600,13.04
2016-01-27,13.08,13.25,12.98,13.05,8500,13.05
2016-01-26,13.27,13.41,13.02,13.06,9200,13.06
2016-01-25,13.45,13.45,13.01,13.08,16400,13.08
2016-01-22,13.59,13.76,13.24,13.47,21700,13.47
2016-01-21,13.50,13.68,13.23,13.55,14600,13.55
2016-01-20,13.58,13.69,12.90,13.43,16800,13.43
2016-01-19,14.23,14.41,13.75,13.79,20400,13.79
2016-01-15,14.63,15.10,14.10,14.26,15000,14.26
2016-01-14,15.11,15.28,14.88,14.96,7700,14.96
2016-01-13,15.30,15.54,15.08,15.08,26500,15.08
2016-01-12,15.03,15.40,14.83,15.30,15700,15.30
2016-01-11,14.91,15.17,14.83,15.17,6100,15.17
2016-01-08,14.84,15.08,14.84,14.89,4900,14.89
2016-01-07,14.91,15.10,14.69,14.86,21900,14.86
2016-01-06,15.17,15.34,15.04,15.12,11800,15.12
2016-01-05,15.29,15.41,15.09,15.37,16700,15.37
2016-01-04,15.42,15.42,14.97,15.20,14400,15.20
2015-12-31,15.20,15.92,15.20,15.65,39600,15.65
2015-12-30,15.24,15.58,15.23,15.33,36800,15.33
2015-12-29,15.11,15.28,15.04,15.21,8300,15.21
2015-12-28,15.25,15.46,15.11,15.14,21800,15.14
2015-12-24,15.27,15.43,15.13,15.21,7800,15.21
2015-12-23,15.31,15.41,15.24,15.40,8600,15.40
2015-12-22,15.05,15.33,15.05,15.26,10200,15.26
2015-12-21,14.98,15.18,14.71,15.05,28600,15.05
2015-12-18,15.85,15.86,14.45,14.80,75000,14.80
2015-12-17,16.00,16.10,15.85,15.89,17900,15.89
2015-12-16,15.75,16.07,15.67,15.98,24000,15.98
2015-12-15,15.66,15.91,15.66,15.80,23900,15.80
2015-12-14,15.87,15.90,15.27,15.59,17900,15.59
2015-12-11,15.90,16.200001,15.66,15.82,16700,15.82
2015-12-10,16.25,16.309999,16.00,16.110001,17500,16.110001
2015-12-09,16.440001,16.50,16.26,16.299999,23700,16.299999
2015-12-08,16.43,16.57,16.43,16.51,10600,16.51
2015-12-07,16.950001,16.950001,16.60,16.60,9600,16.60
2015-12-04,16.809999,17.00,16.66,16.84,18200,16.84
2015-12-03,16.90,17.110001,16.66,16.809999,20200,16.809999
2015-12-02,17.040001,17.17,16.780001,16.790001,10200,16.790001
2015-12-01,17.120001,17.190001,16.860001,17.18,13000,17.18
2015-11-30,16.75,17.200001,16.60,17.049999,19500,17.049999
2015-11-27,16.950001,17.16,16.76,17.00,6300,17.00
2015-11-25,17.17,17.17,16.799999,17.030001,9400,17.030001
2015-11-24,17.309999,17.309999,16.799999,16.959999,11000,16.959999
2015-11-23,17.309999,17.59,17.16,17.52,11900,17.52
2015-11-20,17.25,17.469999,16.969999,17.42,18900,17.42
2015-11-19,16.959999,17.09,16.67,17.030001,23700,17.030001
2015-11-18,16.76,17.17,16.51,17.049999,16200,17.049999
2015-11-17,16.76,16.870001,16.040001,16.809999,26300,16.809999
2015-11-16,16.83,17.18,16.540001,17.08,13200,17.08
2015-11-13,17.00,17.209999,16.790001,17.16,11500,17.16
2015-11-12,17.00,17.24,16.860001,17.00,14200,17.00
2015-11-11,17.35,17.50,16.85,17.00,14900,17.00
2015-11-10,17.74,17.92,17.32,17.50,6900,17.50
2015-11-09,18.32,18.32,17.73,17.92,5200,17.92
2015-11-06,18.33,18.389999,18.129999,18.389999,4700,18.389999
2015-11-05,18.190001,18.360001,18.190001,18.290001,6100,18.290001
2015-11-04,18.280001,18.41,18.139999,18.32,15700,18.32
2015-11-03,18.440001,18.440001,18.190001,18.32,3700,18.32
2015-11-02,18.27,18.440001,18.030001,18.43,24100,18.43
2015-10-30,17.60,18.43,17.51,18.35,17500,18.35
2015-10-29,17.00,17.610001,17.00,17.549999,25400,17.549999
2015-10-28,16.870001,17.200001,16.870001,17.200001,7800,17.200001
2015-10-27,17.15,17.15,16.719999,16.93,5100,16.93
2015-10-26,17.049999,17.16,17.049999,17.16,3800,17.16
2015-10-23,17.10,17.200001,17.040001,17.17,15200,17.17
2015-10-22,17.059999,17.10,17.049999,17.10,9200,17.10
2015-10-21,17.030001,17.15,17.02,17.040001,4200,17.040001
2015-10-20,16.51,17.00,16.51,17.00,4700,17.00
2015-10-19,16.709999,16.709999,16.629999,16.66,2200,16.66
2015-10-16,16.639999,16.690001,16.610001,16.68,2500,16.68
2015-10-15,16.34,16.610001,16.290001,16.610001,3700,16.610001
2015-10-14,16.190001,16.290001,15.98,16.26,8500,16.26
2015-10-13,16.23,16.299999,16.049999,16.110001,4600,16.110001
2015-10-12,16.200001,16.299999,16.200001,16.299999,4100,16.299999
2015-10-09,16.24,16.290001,16.139999,16.290001,4500,16.290001
2015-10-08,16.17,16.290001,16.129999,16.290001,4800,16.290001
2015-10-07,16.209999,16.290001,16.209999,16.290001,5700,16.290001
2015-10-06,16.059999,16.219999,16.059999,16.110001,4200,16.110001
2015-10-05,16.280001,16.280001,16.209999,16.209999,10500,16.209999
2015-10-02,15.94,16.24,15.85,16.23,15600,16.23
2015-10-01,16.07,16.139999,15.93,16.059999,8300,16.059999
2015-09-30,15.80,16.129999,15.59,16.10,25500,16.10
2015-09-29,15.70,15.97,15.50,15.82,18400,15.82
2015-09-28,15.85,15.91,15.64,15.69,16200,15.69
2015-09-25,15.77,15.99,15.73,15.79,9900,15.79
2015-09-24,15.65,15.75,15.32,15.75,13300,15.75
2015-09-23,15.57,15.82,15.57,15.60,3600,15.60
2015-09-22,15.61,15.78,15.52,15.55,11000,15.55
2015-09-21,16.040001,16.08,15.89,15.92,4700,15.92
2015-09-18,15.86,16.09,15.71,15.81,31300,15.81
2015-09-17,15.90,16.17,15.89,16.01,7200,16.01
2015-09-16,16.08,16.09,15.94,15.94,3500,15.94
2015-09-15,16.200001,16.290001,16.129999,16.129999,2300,16.129999
2015-09-14,16.26,16.34,16.02,16.049999,3400,16.049999
2015-09-11,16.10,16.34,16.09,16.23,9200,16.23
2015-09-10,16.040001,16.129999,15.98,16.120001,4000,16.120001
2015-09-09,15.87,16.040001,15.87,16.01,13600,16.01
2015-09-08,15.85,15.94,15.63,15.79,19800,15.79
2015-09-04,15.91,16.00,15.50,15.51,16200,15.51
2015-09-03,15.80,15.98,15.77,15.79,6400,15.79
2015-09-02,15.81,15.90,15.63,15.89,7400,15.89
2015-09-01,15.97,16.030001,15.45,15.60,8500,15.60
2015-08-31,16.02,16.209999,15.88,16.200001,7400,16.200001
2015-08-28,15.95,16.24,15.95,16.17,6200,16.17
2015-08-27,16.00,16.129999,15.96,16.040001,15100,16.040001
2015-08-26,15.94,16.00,15.86,15.96,5300,15.96
2015-08-25,15.85,16.030001,15.56,15.85,13500,15.85
2015-08-24,15.75,15.84,15.70,15.74,19100,15.74
2015-08-21,15.75,16.00,15.75,15.80,15300,15.80
2015-08-20,15.85,15.91,15.80,15.85,9400,15.85
2015-08-19,15.96,15.96,15.85,15.91,5500,15.91
2015-08-18,16.01,16.01,15.90,15.92,4200,15.92
2015-08-17,15.93,16.139999,15.93,15.99,5900,15.99
2015-08-14,15.96,16.040001,15.95,16.01,5900,16.01
2015-08-13,15.87,16.030001,15.86,15.92,12000,15.92
2015-08-12,15.89,16.09,15.85,15.98,8800,15.98
2015-08-11,15.98,16.040001,15.95,15.97,5300,15.97
2015-08-10,16.09,16.09,15.95,16.02,6000,16.02
2015-08-07,15.88,16.07,15.88,16.00,5300,16.00
2015-08-06,16.50,16.50,15.86,15.87,8200,15.87
2015-08-05,16.09,16.42,15.95,16.42,9200,16.42
2015-08-04,16.110001,16.110001,15.93,16.00,11700,16.00
2015-08-03,16.07,16.17,15.90,15.98,6500,15.98
2015-07-31,16.120001,16.18,15.95,15.97,25800,15.97
2015-07-30,15.99,16.139999,15.98,16.129999,5800,16.129999
2015-07-29,16.00,16.08,15.63,16.040001,34900,16.040001
2015-07-28,15.97,16.07,15.76,16.049999,11000,16.049999
2015-07-27,15.90,16.059999,15.59,15.98,11800,15.98
2015-07-24,15.80,16.059999,15.75,15.86,11000,15.86
2015-07-23,16.17,16.17,15.64,15.76,15500,15.76
2015-07-22,15.80,16.24,15.80,16.120001,14500,16.120001
2015-07-21,15.83,16.10,15.70,16.02,10100,16.02
2015-07-20,16.07,16.110001,15.77,15.96,6400,15.96
2015-07-17,16.049999,16.27,15.85,16.01,13400,16.01
2015-07-16,16.09,16.389999,16.030001,16.10,17600,16.10
2015-07-15,16.290001,16.290001,16.00,16.030001,16800,16.030001
2015-07-14,16.10,16.309999,15.91,16.290001,12800,16.290001
2015-07-13,15.97,16.27,15.85,16.25,13900,16.25
2015-07-10,15.80,16.209999,15.80,16.01,17700,16.01
2015-07-09,16.059999,16.190001,15.91,16.040001,13700,16.040001
2015-07-08,15.91,16.09,15.75,16.02,19100,16.02
2015-07-07,16.10,16.120001,15.68,16.02,31700,16.02
2015-07-06,15.82,16.129999,15.79,16.07,24800,16.07
2015-07-02,16.42,16.42,15.89,16.059999,8400,16.059999
2015-07-01,16.290001,16.559999,16.290001,16.459999,11800,16.459999
2015-06-30,16.030001,16.25,15.98,16.24,10500,16.24
2015-06-29,16.27,16.309999,16.00,16.049999,28100,16.049999
2015-06-26,16.290001,16.379999,15.99,16.27,356400,16.27
2015-06-25,16.40,16.40,16.110001,16.200001,81000,16.200001
2015-06-24,16.84,16.84,16.280001,16.42,37500,16.42
2015-06-23,17.42,17.459999,16.73,16.82,39200,16.82
2015-06-22,17.35,17.889999,17.17,17.40,39100,17.40
2015-06-19,16.60,17.389999,16.540001,17.34,220900,17.34
2015-06-18,16.290001,16.59,16.290001,16.52,32400,16.52
2015-06-17,16.42,16.43,16.18,16.290001,26700,16.290001
2015-06-16,16.790001,16.790001,16.129999,16.309999,32800,16.309999
2015-06-15,15.95,16.84,15.95,16.780001,41800,16.780001
2015-06-12,16.00,16.10,15.80,16.02,16200,16.02
2015-06-11,16.139999,16.139999,15.97,16.10,23100,16.10
2015-06-10,16.110001,16.200001,15.93,16.09,58800,16.09
2015-06-09,16.02,16.139999,15.87,16.040001,31300,16.040001
2015-06-08,15.99,16.139999,15.81,16.01,49200,16.01
2015-06-05,16.059999,16.10,15.90,16.10,19200,16.10
2015-06-04,16.049999,16.190001,15.92,16.059999,36900,16.059999
2015-06-03,16.18,16.26,16.08,16.10,22300,16.10
2015-06-02,16.059999,16.200001,16.049999,16.15,42700,16.15
2015-06-01,16.030001,16.23,15.90,16.08,41700,16.08
2015-05-29,16.129999,16.129999,15.89,16.040001,45200,16.040001
2015-05-28,16.42,16.42,15.81,16.08,42300,16.08
2015-05-27,16.290001,16.48,16.049999,16.40,26500,16.40
2015-05-26,16.190001,16.280001,15.72,16.16,34200,16.16
2015-05-22,16.120001,16.209999,16.02,16.209999,52600,16.209999
2015-05-21,16.040001,16.190001,16.030001,16.09,21700,16.09
2015-05-20,16.110001,16.27,16.040001,16.120001,22400,16.120001
2015-05-19,15.82,16.15,15.51,16.07,27300,16.07
2015-05-18,16.10,16.190001,15.89,15.99,53400,15.99
2015-05-15,16.040001,16.17,16.030001,16.110001,17300,16.110001
2015-05-14,16.110001,16.26,16.00,16.01,27500,16.01
2015-05-13,15.98,16.23,15.85,16.110001,23700,16.110001
2015-05-12,15.75,16.139999,15.44,16.00,30900,16.00
2015-05-11,16.049999,16.73,15.78,15.80,29900,15.80
2015-05-08,15.68,16.50,15.39,16.35,104000,16.35
2015-05-07,16.379999,16.379999,15.65,15.71,46800,15.71
2015-05-06,16.51,16.58,16.07,16.27,82000,16.27
2015-05-05,16.719999,17.129999,16.32,16.40,86400,16.40
2015-05-04,17.26,17.26,16.280001,16.700001,130100,16.700001
2015-05-01,17.99,18.049999,16.90,17.299999,89500,17.299999
2015-04-30,17.26,18.33,16.75,18.33,105800,18.33
2015-04-29,17.620001,17.74,17.219999,17.40,43200,17.40
2015-04-28,17.209999,17.98,17.059999,17.709999,42400,17.709999
2015-04-27,18.120001,18.120001,16.780001,17.110001,103900,17.110001
2015-04-24,18.950001,19.18,18.90,19.139999,186100,19.139999
2015-04-23,18.959999,18.98,18.879999,18.92,152300,18.92
2015-04-22,18.99,18.99,18.870001,18.940001,48900,18.940001
2015-04-21,18.950001,19.00,18.870001,18.940001,116600,18.940001
2015-04-20,18.82,19.120001,18.73,18.85,237900,18.85
2015-04-17,18.59,18.799999,18.58,18.77,31200,18.77
2015-04-16,18.559999,18.74,18.26,18.68,35600,18.68
2015-04-15,18.74,18.83,18.620001,18.68,51300,18.68
2015-04-14,18.66,18.74,18.559999,18.709999,33900,18.709999
2015-04-13,18.639999,18.75,18.60,18.65,14700,18.65
2015-04-10,18.719999,18.74,18.610001,18.73,31800,18.73
2015-04-09,18.559999,18.75,18.43,18.690001,73600,18.690001
2015-04-08,18.35,18.629999,18.33,18.620001,59400,18.620001
2015-04-07,18.41,18.50,18.34,18.379999,46900,18.379999
2015-04-06,18.379999,18.469999,18.280001,18.360001,28900,18.360001
2015-04-02,18.58,18.60,18.459999,18.50,17200,18.50
2015-04-01,18.610001,18.610001,18.379999,18.59,30500,18.59
2015-03-31,18.549999,18.73,18.50,18.60,79400,18.60
2015-03-30,18.51,18.68,18.50,18.50,60300,18.50
2015-03-27,18.299999,18.49,18.200001,18.48,37000,18.48
2015-03-26,18.24,18.35,18.209999,18.290001,41700,18.290001
2015-03-25,18.200001,18.26,18.15,18.209999,54400,18.209999
2015-03-24,18.190001,18.610001,18.18,18.219999,63300,18.219999
2015-03-23,18.24,18.290001,18.16,18.26,73100,18.26
2015-03-20,18.309999,18.40,18.08,18.23,91800,18.23
2015-03-19,18.379999,18.379999,18.049999,18.190001,72000,18.190001
2015-03-18,18.459999,18.75,18.18,18.33,158600,18.33
2015-03-17,17.030001,18.790001,17.030001,18.50,440000,18.50
2015-03-16,14.25,14.25,13.58,13.63,20800,13.63
2015-03-13,14.26,14.45,14.11,14.35,10300,14.35
2015-03-12,13.62,14.45,13.62,14.44,22900,14.44
2015-03-11,13.54,13.54,13.37,13.43,10500,13.43
2015-03-10,13.65,13.65,13.46,13.52,11100,13.52
2015-03-09,14.00,14.01,13.51,13.74,30400,13.74
2015-03-06,14.20,14.24,13.79,13.90,15200,13.90
2015-03-05,14.03,14.42,13.26,14.34,27300,14.34
2015-03-04,14.48,14.50,13.94,14.11,10100,14.11
2015-03-03,14.54,14.70,14.39,14.55,16300,14.55
2015-03-02,14.27,14.74,14.27,14.73,19000,14.73
2015-02-27,14.18,14.45,14.03,14.30,8100,14.30
2015-02-26,14.10,14.26,13.95,14.25,17200,14.25
2015-02-25,14.06,14.20,13.90,14.17,12300,14.17
2015-02-24,14.20,14.20,13.99,14.06,11900,14.06
2015-02-23,14.51,14.51,14.05,14.24,17600,14.24
2015-02-20,15.19,15.19,14.49,14.60,17600,14.60
2015-02-19,14.50,15.29,14.50,15.17,31700,15.17
2015-02-18,14.53,14.53,14.40,14.52,7400,14.52
2015-02-17,14.48,14.77,14.44,14.53,12900,14.53
2015-02-13,14.43,14.53,14.24,14.29,7500,14.29
2015-02-12,14.47,14.63,14.40,14.52,6700,14.52
2015-02-11,14.71,14.73,14.03,14.29,14900,14.29
2015-02-10,14.49,14.69,14.28,14.61,10400,14.61
2015-02-09,14.67,14.75,14.48,14.50,11100,14.50
2015-02-06,14.67,15.55,14.41,14.87,28300,14.87
2015-02-05,14.15,14.55,14.05,14.40,24200,14.40
2015-02-04,14.16,14.48,14.00,14.06,7100,14.06
2015-02-03,14.10,14.48,13.94,14.27,45600,14.27
2015-02-02,14.14,14.14,13.75,14.10,26400,14.10
2015-01-30,14.44,14.48,14.06,14.14,27600,14.14
2015-01-29,14.26,14.63,14.12,14.61,12400,14.61
2015-01-28,14.25,14.45,14.25,14.26,16900,14.26
2015-01-27,14.20,14.40,14.20,14.21,16300,14.21
2015-01-26,14.40,14.40,14.13,14.18,8900,14.18
2015-01-23,14.84,14.84,14.49,14.53,13100,14.53
2015-01-22,14.09,14.93,13.99,14.89,15800,14.89
2015-01-21,14.36,14.41,13.81,14.10,11600,14.10
2015-01-20,15.00,15.26,14.03,14.41,18200,14.41
2015-01-16,14.76,14.99,14.76,14.95,12300,14.95
2015-01-15,15.31,15.31,14.68,14.72,13000,14.72
2015-01-14,15.33,15.56,15.23,15.30,4500,15.30
2015-01-13,15.46,15.51,15.04,15.39,14500,15.39
2015-01-12,15.70,15.99,15.32,15.37,21500,15.37
2015-01-09,16.10,16.16,15.79,15.87,17900,15.87
2015-01-08,15.58,16.200001,15.58,16.15,12400,16.15
2015-01-07,15.03,15.50,14.90,15.45,20100,15.45
2015-01-06,15.25,15.41,14.91,15.03,18100,15.03
2015-01-05,15.78,16.00,15.42,15.45,22000,15.45
2015-01-02,16.51,16.549999,15.63,16.10,23100,16.10
2014-12-31,16.629999,16.65,16.309999,16.450001,18600,16.450001
2014-12-30,16.530001,16.66,16.360001,16.559999,12800,16.559999
2014-12-29,16.299999,16.799999,16.299999,16.629999,16900,16.629999
2014-12-26,16.76,16.76,16.200001,16.290001,18000,16.290001
2014-12-24,16.75,17.040001,16.66,16.67,10800,16.67
2014-12-23,16.60,16.92,16.51,16.74,23600,16.74
2014-12-22,16.83,16.91,16.40,16.60,21600,16.60
2014-12-19,15.47,16.790001,15.47,16.75,121900,16.75
2014-12-18,13.56,15.91,13.45,15.54,80200,15.54
2014-12-17,12.28,13.41,11.80,13.36,83900,13.36
2014-12-16,14.91,14.91,12.41,12.42,148000,12.42
2014-12-15,16.23,16.559999,15.30,15.34,54800,15.34
2014-12-12,16.549999,16.690001,16.370001,16.540001,18100,16.540001
2014-12-11,16.639999,17.040001,16.540001,16.549999,13800,16.549999
2014-12-10,16.530001,16.67,16.379999,16.540001,21900,16.540001
2014-12-09,17.040001,17.23,16.74,16.77,72700,16.77
2014-12-08,17.639999,17.959999,17.26,17.280001,15700,17.280001
2014-12-05,17.41,17.959999,17.41,17.75,36600,17.75
2014-12-04,17.00,17.440001,16.799999,17.27,36500,17.27
2014-12-03,16.50,17.110001,16.50,17.00,27500,17.00
2014-12-02,16.40,16.66,16.299999,16.440001,19200,16.440001
2014-12-01,16.389999,16.49,16.27,16.33,11800,16.33
2014-11-28,16.58,16.719999,16.370001,16.49,18700,16.49
2014-11-26,16.33,16.76,16.33,16.530001,12500,16.530001
2014-11-25,16.52,16.629999,16.440001,16.620001,20300,16.620001
2014-11-24,16.440001,16.690001,16.40,16.60,17600,16.60
2014-11-21,16.360001,16.559999,16.23,16.370001,24700,16.370001
2014-11-20,16.07,16.25,16.00,16.059999,26900,16.059999
2014-11-19,16.51,16.51,16.08,16.120001,13000,16.120001
2014-11-18,16.83,16.93,16.559999,16.620001,16100,16.620001
2014-11-17,17.40,17.43,16.83,16.83,12900,16.83
2014-11-14,17.43,17.51,17.299999,17.40,23200,17.40
2014-11-13,17.219999,17.469999,17.219999,17.379999,25400,17.379999
2014-11-12,17.309999,17.469999,17.27,17.41,15500,17.41
2014-11-11,17.629999,17.75,17.389999,17.49,29000,17.49
2014-11-10,17.67,17.780001,17.309999,17.76,10600,17.76
2014-11-07,17.690001,17.93,17.389999,17.83,39500,17.83
2014-11-06,17.91,18.00,17.27,17.700001,57000,17.700001
2014-11-05,18.48,18.48,17.83,17.93,18900,17.93
2014-11-04,18.190001,18.48,18.190001,18.440001,22100,18.440001
2014-11-03,18.41,18.48,18.25,18.33,17800,18.33
2014-10-31,18.030001,18.50,17.969999,18.40,56400,18.40
2014-10-30,17.93,18.190001,17.530001,17.68,27800,17.68
2014-10-29,17.809999,17.99,17.639999,17.93,25000,17.93
2014-10-28,17.25,17.950001,17.25,17.809999,36900,17.809999
2014-10-27,17.24,17.33,17.190001,17.25,28800,17.25
2014-10-24,17.34,17.379999,16.92,17.309999,20000,17.309999
2014-10-23,17.17,17.459999,17.17,17.280001,17400,17.280001
2014-10-22,17.73,17.889999,17.040001,17.129999,23400,17.129999
2014-10-21,17.549999,17.83,17.16,17.76,27100,17.76
2014-10-20,17.26,17.57,16.969999,17.559999,28100,17.559999
2014-10-17,17.67,17.67,17.27,17.389999,18800,17.389999
2014-10-16,17.23,17.73,17.129999,17.549999,47900,17.549999
2014-10-15,17.43,17.719999,16.790001,17.33,44300,17.33
2014-10-14,16.58,17.52,16.559999,17.360001,53700,17.360001
2014-10-13,15.87,16.68,15.87,16.440001,35500,16.440001
2014-10-10,16.00,16.040001,15.53,15.80,40400,15.80
2014-10-09,17.110001,17.110001,15.81,15.96,41000,15.96
2014-10-08,16.610001,17.34,16.299999,17.139999,39300,17.139999
2014-10-07,17.120001,17.15,16.51,16.58,18800,16.58
2014-10-06,17.50,17.58,17.049999,17.17,26800,17.17
2014-10-03,17.379999,17.68,17.33,17.51,32100,17.51
2014-10-02,16.790001,17.49,16.57,17.26,38700,17.26
2014-10-01,17.52,17.52,16.780001,16.84,54900,16.84
2014-09-30,17.700001,17.879999,17.43,17.43,69600,17.43
2014-09-29,17.639999,17.950001,17.51,17.83,33300,17.83
2014-09-26,17.450001,17.82,17.450001,17.76,25500,17.76
2014-09-25,17.969999,17.969999,17.25,17.370001,32600,17.370001
2014-09-24,17.85,18.07,17.76,18.00,24000,18.00
2014-09-23,17.879999,18.110001,17.82,17.83,28400,17.83
2014-09-22,18.07,18.07,17.83,17.870001,27200,17.870001
2014-09-19,18.549999,18.549999,18.049999,18.08,76500,18.08
2014-09-18,18.639999,18.75,18.57,18.60,12100,18.60
2014-09-17,18.75,18.799999,18.52,18.629999,16700,18.629999
2014-09-16,18.799999,18.799999,18.51,18.68,23600,18.68
2014-09-15,18.76,18.799999,18.50,18.610001,24000,18.610001
2014-09-12,18.83,18.92,18.73,18.85,23100,18.85
2014-09-11,18.84,19.040001,18.65,18.77,28500,18.77
2014-09-10,18.66,19.00,18.629999,18.950001,21700,18.950001
2014-09-09,18.700001,18.889999,18.639999,18.75,24500,18.75
2014-09-08,18.77,18.77,18.639999,18.76,22300,18.76
2014-09-05,18.629999,19.030001,18.629999,18.719999,21000,18.719999
2014-09-04,19.040001,19.290001,18.620001,18.73,37200,18.73
2014-09-03,19.129999,19.129999,18.809999,18.940001,16700,18.940001
2014-09-02,18.799999,19.02,18.52,18.99,21800,18.99
2014-08-29,18.65,18.99,18.52,18.74,22900,18.74
2014-08-28,18.629999,18.959999,18.60,18.66,18800,18.66
2014-08-27,18.91,18.92,18.60,18.65,22400,18.65
2014-08-26,18.66,19.049999,18.629999,18.84,20700,18.84
2014-08-25,18.799999,18.93,18.60,18.690001,14000,18.690001
2014-08-22,18.629999,19.059999,18.389999,18.780001,28400,18.780001
2014-08-21,18.73,18.950001,18.59,18.74,19700,18.74
2014-08-20,18.969999,18.969999,18.540001,18.620001,22100,18.620001
2014-08-19,18.860001,19.049999,18.60,18.98,32000,18.98
2014-08-18,18.90,18.90,18.780001,18.90,25800,18.90
2014-08-15,18.90,18.90,18.360001,18.879999,33400,18.879999
2014-08-14,18.40,18.889999,18.35,18.860001,32600,18.860001
2014-08-13,18.85,18.91,18.299999,18.33,42300,18.33
2014-08-12,18.84,18.93,18.48,18.879999,36200,18.879999
2014-08-11,18.98,19.15,18.65,18.889999,23500,18.889999
2014-08-08,18.65,18.889999,18.299999,18.860001,26400,18.860001
2014-08-07,18.459999,18.879999,18.459999,18.719999,17800,18.719999
2014-08-06,18.709999,19.09,18.26,18.32,51600,18.32
2014-08-05,18.540001,19.290001,18.540001,18.73,34800,18.73
2014-08-04,18.379999,18.60,18.18,18.52,26200,18.52
2014-08-01,17.98,18.360001,17.75,18.360001,49600,18.360001
2014-07-31,17.77,18.15,17.709999,18.08,67700,18.08
2014-07-30,17.77,18.01,17.66,17.90,18800,17.90
2014-07-29,17.940001,18.059999,17.66,17.67,29700,17.67
2014-07-28,17.73,18.049999,17.57,17.90,18800,17.90
2014-07-25,17.809999,17.85,17.41,17.690001,34600,17.690001
2014-07-24,17.809999,18.040001,17.68,17.93,28600,17.93
2014-07-23,18.110001,18.209999,17.68,17.75,18300,17.75
2014-07-22,18.360001,18.360001,18.00,18.059999,15000,18.059999
2014-07-21,18.309999,18.60,18.15,18.24,15400,18.24
2014-07-18,17.99,18.51,17.780001,18.370001,33800,18.370001
2014-07-17,18.299999,18.639999,18.00,18.08,32400,18.08
2014-07-16,18.559999,18.57,18.209999,18.370001,35900,18.370001
2014-07-15,18.27,18.459999,18.25,18.41,36800,18.41
2014-07-14,18.52,18.84,18.25,18.280001,33700,18.280001
2014-07-11,18.93,18.93,18.26,18.43,33600,18.43
2014-07-10,18.700001,19.02,18.530001,18.92,23800,18.92
2014-07-09,18.610001,19.17,18.60,18.93,16600,18.93
2014-07-08,19.309999,19.309999,18.559999,18.790001,46300,18.790001
2014-07-07,19.290001,19.809999,19.040001,19.34,51400,19.34
2014-07-03,19.75,19.940001,19.17,19.35,26200,19.35
2014-07-02,19.42,19.950001,19.35,19.65,84600,19.65
2014-07-01,18.16,19.65,18.16,19.370001,85300,19.370001
2014-06-30,18.10,18.67,17.959999,18.00,338900,18.00
2014-06-27,18.26,18.629999,18.129999,18.40,145700,18.40
2014-06-26,18.040001,18.49,18.02,18.469999,26000,18.469999
2014-06-25,18.190001,18.43,17.879999,18.110001,72700,18.110001
2014-06-24,18.389999,18.75,18.10,18.309999,117400,18.309999
2014-06-23,18.620001,18.76,18.209999,18.360001,83200,18.360001
2014-06-20,18.940001,18.98,18.639999,18.690001,91000,18.690001
2014-06-19,19.120001,19.120001,18.809999,18.90,31400,18.90
2014-06-18,18.700001,19.219999,18.700001,19.09,24700,19.09
2014-06-17,19.629999,19.629999,19.23,19.280001,16300,19.280001
2014-06-16,19.08,19.52,19.08,19.280001,33700,19.280001
2014-06-13,19.41,19.59,18.950001,19.200001,33900,19.200001
2014-06-12,19.309999,19.43,19.059999,19.290001,15400,19.290001
2014-06-11,19.32,19.68,19.049999,19.209999,15500,19.209999
2014-06-10,19.540001,19.629999,19.040001,19.50,26200,19.50
2014-06-09,19.41,19.73,19.299999,19.51,30900,19.51
2014-06-06,19.450001,19.60,19.040001,19.41,23600,19.41
2014-06-05,19.049999,19.379999,18.379999,19.360001,34200,19.360001
2014-06-04,19.040001,19.120001,18.32,18.950001,97600,18.950001
2014-06-03,19.459999,19.469999,18.98,19.059999,37500,19.059999
2014-06-02,19.76,20.139999,19.40,19.51,29300,19.51
2014-05-30,19.950001,20.059999,19.549999,19.82,18300,19.82
2014-05-29,19.950001,20.129999,19.559999,19.879999,28300,19.879999
2014-05-28,20.07,20.190001,19.950001,20.02,11600,20.02
2014-05-27,20.440001,20.459999,19.950001,20.299999,25700,20.299999
2014-05-23,20.469999,20.48,20.299999,20.370001,21400,20.370001
2014-05-22,20.00,20.48,19.82,20.379999,24800,20.379999
2014-05-21,19.709999,20.110001,19.549999,19.73,29100,19.73
2014-05-20,19.809999,20.00,19.559999,19.719999,37000,19.719999
2014-05-19,20.00,20.17,19.450001,20.139999,50700,20.139999
2014-05-16,19.969999,20.469999,19.90,20.10,47100,20.10
2014-05-15,20.309999,20.440001,19.440001,19.91,80900,19.91
2014-05-14,19.639999,20.50,19.639999,20.450001,64000,20.450001
2014-05-13,19.23,19.959999,19.219999,19.77,60700,19.77
2014-05-12,19.110001,19.549999,18.75,19.290001,39700,19.290001
2014-05-09,18.559999,19.200001,18.559999,19.10,33600,19.10
2014-05-08,18.59,18.950001,18.280001,18.690001,54700,18.690001
2014-05-07,18.139999,18.99,18.01,18.719999,50100,18.719999
2014-05-06,18.049999,18.389999,17.709999,18.18,38400,18.18
2014-05-05,17.450001,18.27,17.450001,18.139999,33400,18.139999
2014-05-02,18.110001,18.25,17.65,18.08,47300,18.08
2014-05-01,18.65,18.65,17.879999,18.09,64400,18.09
2014-04-30,17.24,18.790001,17.15,18.73,62000,18.73
2014-04-29,17.290001,17.290001,17.110001,17.18,44500,17.18
2014-04-28,17.120001,17.67,17.07,17.209999,51800,17.209999
2014-04-25,17.120001,17.59,17.059999,17.24,62500,17.24
2014-04-24,17.360001,17.41,17.110001,17.25,29100,17.25
2014-04-23,17.280001,17.50,17.07,17.32,64000,17.32
2014-04-22,17.65,17.780001,17.219999,17.51,68900,17.51
2014-04-21,17.84,17.99,17.450001,17.58,40100,17.58
2014-04-17,17.75,17.99,17.35,17.92,50900,17.92
2014-04-16,17.35,18.07,17.24,17.68,53700,17.68
2014-04-15,17.60,18.00,17.18,17.73,46400,17.73
2014-04-14,18.02,18.02,17.49,17.620001,23000,17.620001
2014-04-11,17.610001,18.059999,17.49,17.799999,34200,17.799999
2014-04-10,18.40,18.40,17.690001,17.82,33300,17.82
2014-04-09,18.60,18.809999,18.120001,18.360001,24900,18.360001
2014-04-08,18.15,18.74,17.92,18.469999,34300,18.469999
2014-04-07,18.530001,18.559999,17.91,18.07,64000,18.07
2014-04-04,19.01,19.309999,18.07,18.540001,52400,18.540001
2014-04-03,19.120001,19.26,18.60,18.870001,27200,18.870001
2014-04-02,19.360001,19.40,18.969999,19.040001,43300,19.040001
2014-04-01,19.48,20.02,19.110001,19.26,53300,19.26
2014-03-31,19.16,19.709999,18.969999,19.450001,144400,19.450001
2014-03-28,18.99,19.40,18.82,19.16,63000,19.16
2014-03-27,18.309999,19.08,18.10,18.940001,34400,18.940001
2014-03-26,18.360001,19.040001,18.10,18.629999,51700,18.629999
2014-03-25,18.129999,18.469999,18.07,18.15,60900,18.15
2014-03-24,19.26,19.26,17.809999,18.15,71700,18.15
2014-03-21,20.32,20.32,19.030001,19.139999,90300,19.139999
2014-03-20,20.75,20.950001,20.26,20.299999,35700,20.299999
2014-03-19,21.07,21.290001,20.799999,21.01,15200,21.01
2014-03-18,21.360001,21.360001,20.42,21.18,31800,21.18
2014-03-17,21.440001,21.66,21.27,21.379999,20800,21.379999
2014-03-14,21.190001,21.469999,20.950001,21.370001,46700,21.370001
2014-03-13,21.57,21.60,21.15,21.200001,28900,21.200001
2014-03-12,21.700001,21.700001,21.25,21.58,25600,21.58
2014-03-11,21.74,21.959999,21.58,21.73,51900,21.73
2014-03-10,22.01,22.27,21.709999,22.08,41700,22.08
2014-03-07,21.639999,22.540001,21.639999,22.09,144800,22.09
2014-03-06,20.26,21.74,20.26,21.629999,133400,21.629999
2014-03-05,20.27,20.440001,20.16,20.27,23200,20.27
2014-03-04,20.23,20.450001,20.129999,20.27,55400,20.27
2014-03-03,19.17,20.139999,18.90,20.049999,44700,20.049999
2014-02-28,20.440001,20.440001,18.959999,19.34,63400,19.34
2014-02-27,18.48,20.32,18.48,20.01,71300,20.01
2014-02-26,17.790001,18.24,17.75,18.190001,33600,18.190001
2014-02-25,17.76,17.93,17.700001,17.709999,34800,17.709999
2014-02-24,16.50,17.83,16.50,17.620001,34100,17.620001
2014-02-21,16.200001,16.530001,16.200001,16.50,41500,16.50
2014-02-20,16.00,16.25,16.00,16.209999,49100,16.209999
2014-02-19,16.02,16.049999,16.00,16.00,12900,16.00
2014-02-18,15.95,16.18,15.80,16.040001,21600,16.040001
2014-02-14,15.92,15.98,15.77,15.89,15600,15.89
2014-02-13,15.70,15.96,15.65,15.88,29400,15.88
2014-02-12,15.03,15.71,15.03,15.69,62900,15.69
2014-02-11,14.72,15.09,14.62,15.07,18700,15.07
2014-02-10,14.51,14.76,14.27,14.72,21300,14.72
2014-02-07,14.31,14.49,14.22,14.47,13300,14.47
2014-02-06,14.45,14.54,14.29,14.31,22200,14.31
2014-02-05,14.27,14.59,14.27,14.40,18200,14.40
2014-02-04,14.49,14.58,14.23,14.30,17800,14.30
2014-02-03,14.66,14.79,14.29,14.35,30600,14.35
2014-01-31,14.78,14.94,14.61,14.66,19500,14.66
2014-01-30,14.48,15.19,14.45,15.05,39800,15.05
2014-01-29,14.27,14.53,14.27,14.47,21100,14.47
2014-01-28,14.20,14.55,14.18,14.55,33300,14.55
2014-01-27,14.41,14.55,14.26,14.29,22100,14.29
2014-01-24,14.64,14.74,14.22,14.41,20900,14.41
2014-01-23,14.85,15.07,14.72,14.76,22100,14.76
2014-01-22,15.05,15.05,14.87,14.96,29900,14.96
2014-01-21,15.15,15.23,14.81,15.09,12600,15.09
2014-01-17,14.83,15.09,14.72,15.02,21800,15.02
2014-01-16,15.33,15.49,14.67,14.89,13500,14.89
2014-01-15,15.35,15.50,15.33,15.44,7300,15.44
2014-01-14,15.57,15.72,15.35,15.37,14500,15.37
2014-01-13,15.99,15.99,15.46,15.57,17500,15.57
2014-01-10,15.90,15.96,15.82,15.93,12400,15.93
2014-01-09,15.97,15.97,15.82,15.85,11000,15.85
2014-01-08,15.84,15.90,15.66,15.90,26100,15.90
2014-01-07,15.77,15.98,15.72,15.89,14700,15.89
2014-01-06,15.72,15.72,15.41,15.64,33800,15.64
2014-01-03,15.40,15.84,15.40,15.71,19900,15.71
2014-01-02,15.62,15.62,15.40,15.42,15100,15.42
2013-12-31,15.61,15.62,15.52,15.60,32800,15.60
2013-12-30,15.53,15.61,15.52,15.54,9000,15.54
2013-12-27,15.55,15.62,15.43,15.58,12200,15.58
2013-12-26,15.61,15.68,15.45,15.47,21400,15.47
2013-12-24,15.50,15.68,15.50,15.59,12000,15.59
2013-12-23,15.44,15.60,15.35,15.54,36600,15.54
2013-12-20,15.34,15.64,15.20,15.35,68900,15.35
2013-12-19,15.70,15.73,15.26,15.33,26000,15.33
2013-12-18,15.52,15.73,15.34,15.66,41300,15.66
2013-12-17,15.65,15.65,15.40,15.55,28100,15.55
2013-12-16,15.21,15.69,15.10,15.60,51700,15.60
2013-12-13,14.20,15.18,14.20,15.01,81800,15.01
2013-12-12,13.78,14.19,13.78,14.17,25900,14.17
2013-12-11,13.42,13.79,13.33,13.73,38200,13.73
2013-12-10,13.56,13.64,13.21,13.37,26100,13.37
2013-12-09,13.49,13.70,13.42,13.68,54200,13.68
2013-12-06,13.65,13.69,13.37,13.45,20800,13.45
2013-12-05,13.73,13.83,13.42,13.55,14700,13.55
2013-12-04,13.72,13.90,13.70,13.71,11200,13.71
2013-12-03,13.58,13.63,13.46,13.60,13100,13.60
2013-12-02,13.60,13.70,13.52,13.57,11000,13.57
2013-11-29,13.75,13.75,13.52,13.57,24300,13.57
2013-11-27,13.51,13.77,13.48,13.69,22500,13.69
2013-11-26,13.44,13.53,13.37,13.51,18300,13.51
2013-11-25,13.51,13.61,13.34,13.41,12600,13.41
2013-11-22,13.56,13.68,13.41,13.54,11200,13.54
2013-11-21,13.33,13.64,13.33,13.52,10900,13.52
2013-11-20,13.38,13.43,13.30,13.31,5500,13.31
2013-11-19,13.39,13.55,13.21,13.39,9700,13.39
2013-11-18,13.55,13.63,13.40,13.43,9800,13.43
2013-11-15,13.38,13.60,13.38,13.52,16700,13.52
2013-11-14,13.37,13.50,13.17,13.48,26100,13.48
2013-11-13,13.47,13.52,13.26,13.41,6100,13.41
2013-11-12,13.35,13.37,13.13,13.37,6600,13.37
2013-11-11,13.43,13.59,13.30,13.42,10200,13.42
2013-11-08,13.27,13.60,13.27,13.50,6600,13.50
2013-11-07,13.52,13.56,13.17,13.21,9000,13.21
2013-11-06,13.33,13.46,13.30,13.44,13000,13.44
2013-11-05,13.11,13.29,13.10,13.29,13300,13.29
2013-11-04,13.18,13.22,13.12,13.21,14400,13.21
2013-11-01,13.16,13.19,13.05,13.18,21600,13.18
2013-10-31,13.21,13.28,13.06,13.19,29700,13.19
2013-10-30,13.45,13.45,13.21,13.22,8200,13.22
2013-10-29,13.44,13.59,13.29,13.41,13100,13.41
2013-10-28,13.42,13.59,13.36,13.44,6900,13.44
2013-10-25,13.75,13.75,13.44,13.50,8500,13.50
2013-10-24,13.77,13.79,13.71,13.72,5000,13.72
2013-10-23,13.67,13.83,13.50,13.75,10700,13.75
2013-10-22,13.89,14.07,13.57,13.65,12400,13.65
2013-10-21,13.86,14.06,13.78,13.88,13300,13.88
2013-10-18,14.19,14.19,13.76,13.89,33800,13.89
2013-10-17,14.05,14.19,13.99,14.13,13900,14.13
2013-10-16,13.81,14.10,13.81,14.09,20800,14.09
2013-10-15,13.75,13.82,13.66,13.79,15400,13.79
2013-10-14,13.74,13.82,13.39,13.82,20200,13.82
2013-10-11,13.28,13.76,13.28,13.75,17000,13.75
2013-10-10,13.72,14.03,13.14,13.35,27400,13.35
2013-10-09,13.29,13.85,13.29,13.68,26000,13.68
2013-10-08,13.50,13.53,13.26,13.33,24100,13.33
2013-10-07,13.36,13.49,13.34,13.40,23500,13.40
2013-10-04,13.12,13.35,13.12,13.33,13600,13.33
2013-10-03,13.45,13.45,12.97,13.11,25200,13.11
2013-10-02,13.77,13.85,13.44,13.51,15600,13.51
2013-10-01,14.36,14.36,13.70,13.80,41100,13.80
2013-09-30,13.07,14.75,12.98,14.37,408400,14.37
2013-09-27,13.19,13.19,13.02,13.02,8500,13.02
2013-09-26,13.21,13.29,13.09,13.27,7000,13.27
2013-09-25,13.46,13.58,13.09,13.17,23100,13.17
2013-09-24,13.27,13.52,13.22,13.50,38800,13.50
2013-09-23,13.04,13.30,12.98,13.30,30800,13.30
2013-09-20,13.36,13.36,13.03,13.10,23400,13.10
2013-09-19,13.06,13.29,13.02,13.29,21200,13.29
2013-09-18,13.10,13.15,12.99,13.07,17800,13.07
2013-09-17,13.00,13.03,12.97,13.00,9900,13.00
2013-09-16,13.02,13.11,12.97,13.04,11400,13.04
2013-09-13,13.11,13.11,12.91,12.98,4500,12.98
2013-09-12,12.96,13.09,12.96,13.06,8400,13.06
2013-09-11,13.00,13.15,12.90,13.05,12200,13.05
2013-09-10,13.00,13.18,12.95,13.07,14600,13.07
2013-09-09,12.68,13.11,12.68,13.08,22000,13.08
2013-09-06,12.79,13.06,12.65,12.68,27500,12.68
2013-09-05,12.75,12.79,12.57,12.79,7900,12.79
2013-09-04,12.91,12.99,12.71,12.76,18100,12.76
2013-09-03,12.75,13.15,12.61,12.94,16700,12.94
2013-08-30,12.71,12.71,12.07,12.66,31000,12.66
2013-08-29,12.60,12.72,12.49,12.72,18800,12.72
2013-08-28,12.68,12.84,12.64,12.71,7800,12.71
2013-08-27,12.79,13.16,12.70,12.71,10100,12.71
2013-08-26,12.90,13.24,12.90,12.95,5600,12.95
2013-08-23,13.08,13.08,12.90,12.92,10300,12.92
2013-08-22,12.85,13.13,12.85,13.06,6300,13.06
2013-08-21,12.95,13.00,12.75,12.86,11800,12.86
2013-08-20,12.84,13.18,12.83,13.08,13600,13.08
2013-08-19,12.84,12.98,12.80,12.81,10300,12.81
2013-08-16,12.99,13.05,12.63,12.91,14000,12.91
2013-08-15,13.31,13.40,13.06,13.11,16900,13.11
2013-08-14,13.52,13.64,13.45,13.48,12000,13.48
2013-08-13,13.78,13.78,13.36,13.63,10700,13.63
2013-08-12,13.74,13.90,13.54,13.89,15600,13.89
2013-08-09,13.92,13.93,13.76,13.82,15200,13.82
2013-08-08,13.65,14.11,13.65,14.00,18700,14.00
2013-08-07,13.71,13.85,13.47,13.76,22100,13.76
2013-08-06,14.04,14.05,13.86,13.95,6500,13.95
2013-08-05,13.90,14.21,13.75,14.14,28500,14.14
2013-08-02,13.84,14.02,13.46,13.96,15800,13.96
2013-08-01,14.21,14.29,13.82,13.98,41900,13.98
2013-07-31,14.46,14.47,14.09,14.19,23200,14.19
2013-07-30,14.70,14.74,14.33,14.37,21300,14.37
2013-07-29,14.96,15.05,14.55,14.74,25700,14.74
2013-07-26,14.94,15.25,14.75,14.93,18000,14.93
2013-07-25,14.99,15.23,14.57,15.05,46400,15.05
2013-07-24,14.78,15.18,14.78,15.12,55200,15.12
2013-07-23,14.37,14.83,14.37,14.69,36600,14.69
2013-07-22,14.00,14.30,14.00,14.30,32200,14.30
2013-07-19,13.59,14.04,13.59,14.01,36700,14.01
2013-07-18,13.30,13.65,13.25,13.62,52900,13.62
2013-07-17,13.14,13.35,13.07,13.35,33000,13.35
2013-07-16,13.04,13.15,13.00,13.13,38100,13.13
2013-07-15,13.02,13.10,12.93,13.09,22200,13.09
2013-07-12,12.98,13.06,12.85,13.00,19700,13.00
2013-07-11,12.90,13.03,12.89,13.02,23000,13.02
2013-07-10,13.01,13.16,12.82,12.90,29300,12.90
2013-07-09,13.08,13.19,13.02,13.04,17800,13.04
2013-07-08,13.16,13.18,13.01,13.07,24900,13.07
2013-07-05,13.20,13.20,13.07,13.20,18500,13.20
2013-07-03,12.82,13.03,12.77,13.03,15200,13.03
2013-07-02,12.85,13.04,12.79,12.90,37400,12.90
2013-07-01,12.90,12.97,12.52,12.79,39600,12.79
2013-06-28,13.00,13.18,12.76,12.91,467000,12.91
2013-06-27,12.90,13.17,12.90,13.14,36800,13.14
2013-06-26,12.81,12.91,12.73,12.90,23200,12.90
2013-06-25,12.49,12.80,12.48,12.80,16900,12.80
2013-06-24,12.37,12.49,12.22,12.48,44100,12.48
2013-06-21,12.62,12.78,12.42,12.43,27400,12.43
2013-06-20,12.60,12.89,12.51,12.67,30800,12.67
2013-06-19,12.85,12.91,12.70,12.80,11700,12.80
2013-06-18,12.80,12.91,12.46,12.88,17300,12.88
2013-06-17,12.58,12.75,12.49,12.75,17700,12.75
2013-06-14,12.70,12.75,12.60,12.65,10800,12.65
2013-06-13,12.55,12.89,12.48,12.79,28700,12.79
2013-06-12,12.46,12.50,12.39,12.50,12900,12.50
2013-06-11,12.44,12.47,12.30,12.38,6400,12.38
2013-06-10,12.18,12.49,12.08,12.43,18300,12.43
2013-06-07,12.29,12.31,11.98,12.13,12000,12.13
2013-06-06,12.24,12.33,11.92,12.32,31000,12.32
2013-06-05,12.42,12.50,12.19,12.28,9700,12.28
2013-06-04,12.35,12.50,12.33,12.43,18100,12.43
2013-06-03,12.35,12.35,12.19,12.35,10800,12.35
2013-05-31,12.12,12.35,12.12,12.35,22400,12.35
2013-05-30,12.27,12.34,12.06,12.26,24900,12.26
2013-05-29,12.36,12.45,11.83,12.34,37000,12.34
2013-05-28,12.70,12.70,12.27,12.51,46900,12.51
2013-05-24,12.56,12.70,12.47,12.68,16800,12.68
2013-05-23,12.63,12.68,12.34,12.61,10900,12.61
2013-05-22,12.66,12.79,12.51,12.69,36800,12.69
2013-05-21,12.45,12.75,12.45,12.71,25100,12.71
2013-05-20,12.21,12.50,12.21,12.36,41300,12.36
2013-05-17,12.75,12.95,12.06,12.33,104700,12.33
2013-05-16,12.75,12.84,12.61,12.71,42000,12.71
2013-05-15,13.12,13.20,12.80,12.93,37400,12.93
2013-05-14,12.91,13.23,12.91,13.19,54800,13.19
2013-05-13,13.10,13.24,12.92,13.10,43200,13.10
2013-05-10,13.05,13.25,12.81,13.23,70000,13.23
2013-05-09,13.30,13.43,13.01,13.03,52500,13.03
2013-05-08,13.54,13.58,13.24,13.35,112800,13.35
2013-05-07,12.76,13.10,12.70,13.08,77100,13.08
2013-05-06,12.21,12.72,12.11,12.70,65100,12.70
2013-05-03,12.20,12.70,12.12,12.20,51500,12.20
2013-05-02,11.74,12.31,11.73,12.25,49300,12.25
2013-05-01,11.97,11.97,11.33,11.63,130200,11.63
2013-04-30,12.54,12.84,12.00,12.00,173100,12.00
2013-04-29,11.60,12.36,11.55,12.28,118300,12.28
2013-04-26,10.85,11.77,10.85,11.62,93600,11.62
2013-04-25,10.80,11.01,10.60,10.91,75600,10.91
2013-04-24,10.48,10.95,10.47,10.82,119800,10.82
2013-04-23,9.89,10.45,9.87,10.42,74700,10.42
2013-04-22,9.72,9.90,9.64,9.85,28800,9.85
2013-04-19,9.30,9.77,9.30,9.72,49000,9.72
2013-04-18,9.18,9.50,9.18,9.42,49800,9.42
2013-04-17,9.10,9.40,8.97,9.26,25000,9.26
2013-04-16,8.90,9.24,8.84,9.11,27400,9.11
2013-04-15,8.85,8.98,8.77,8.94,24000,8.94
2013-04-12,8.82,8.99,8.82,8.85,19800,8.85
2013-04-11,8.70,8.94,8.64,8.84,16000,8.84
2013-04-10,8.40,8.80,8.38,8.79,51300,8.79
2013-04-09,8.34,8.45,8.31,8.38,13300,8.38
2013-04-08,8.17,8.49,8.17,8.27,13500,8.27
2013-04-05,8.18,8.32,8.17,8.24,8300,8.24
2013-04-04,8.31,8.32,8.25,8.30,7100,8.30
2013-04-03,8.29,8.50,8.27,8.29,18300,8.29
2013-04-02,8.20,8.46,8.16,8.24,32800,8.24
2013-04-01,8.25,8.25,8.10,8.22,9700,8.22
2013-03-28,8.07,8.25,8.07,8.25,18200,8.25
2013-03-27,8.10,8.11,8.00,8.11,7400,8.11
2013-03-26,8.10,8.15,8.06,8.11,7400,8.11
2013-03-25,8.01,8.10,8.01,8.10,11700,8.10
2013-03-22,8.00,8.07,7.94,7.96,8400,7.96
2013-03-21,7.97,8.03,7.94,8.03,6000,8.03
2013-03-20,8.09,8.10,8.05,8.10,16000,8.10
2013-03-19,8.02,8.09,8.02,8.08,14000,8.08
2013-03-18,7.86,8.03,7.82,8.02,12500,8.02
2013-03-15,7.99,8.11,7.80,8.00,56700,8.00
2013-03-14,7.96,8.08,7.93,8.05,21700,8.05
2013-03-13,8.02,8.13,7.93,8.11,9300,8.11
2013-03-12,8.00,8.07,7.95,8.06,6700,8.06
2013-03-11,8.05,8.10,7.99,8.03,17000,8.03
2013-03-08,8.08,8.09,7.94,8.03,24300,8.03
2013-03-07,8.12,8.19,8.11,8.11,4300,8.11
2013-03-06,8.12,8.20,8.08,8.20,10200,8.20
2013-03-05,8.05,8.18,7.87,8.15,17300,8.15
2013-03-04,7.90,8.05,7.90,8.05,13600,8.05
2013-03-01,8.04,8.13,7.80,8.04,17800,8.04
2013-02-28,8.19,8.19,7.88,8.08,15500,8.08
2013-02-27,7.90,8.25,7.90,8.15,23400,8.15
2013-02-26,7.81,7.93,7.81,7.89,10200,7.89
2013-02-25,7.89,7.89,7.77,7.77,33200,7.77
2013-02-22,7.93,7.96,7.75,7.85,27300,7.85
2013-02-21,7.81,7.96,7.81,7.87,26200,7.87
2013-02-20,8.02,8.10,7.92,7.92,21300,7.92
2013-02-19,8.19,8.19,7.96,8.02,33400,8.02
2013-02-15,8.07,8.14,7.11,8.14,53400,8.14
2013-02-14,7.76,8.19,7.76,8.05,53300,8.05
2013-02-13,7.96,8.00,7.75,7.89,163300,7.89
2013-02-12,8.10,8.10,7.82,7.92,84500,7.92
2013-02-11,7.75,8.25,7.75,8.05,94900,8.05
2013-02-08,7.78,7.88,7.67,7.79,39400,7.79
2013-02-07,7.78,7.85,7.61,7.71,38000,7.71
2013-02-06,7.76,7.98,7.76,7.83,23200,7.83
2013-02-05,7.98,8.00,7.79,7.80,31800,7.80
2013-02-04,7.89,8.00,7.86,7.98,20700,7.98
2013-02-01,7.83,7.92,7.79,7.89,15700,7.89
2013-01-31,7.70,7.85,7.62,7.76,22000,7.76
2013-01-30,7.60,7.79,7.60,7.68,45100,7.68
2013-01-29,7.63,8.00,7.59,7.64,61300,7.64
2013-01-28,7.60,7.74,7.57,7.59,33800,7.59
2013-01-25,7.57,7.64,7.38,7.62,40700,7.62
2013-01-24,7.57,7.64,7.50,7.55,47000,7.55
2013-01-23,7.47,7.65,7.31,7.56,67500,7.56
2013-01-22,7.48,7.61,7.37,7.57,26500,7.57
2013-01-18,7.50,7.58,7.48,7.54,22500,7.54
2013-01-17,7.65,7.65,7.53,7.53,35500,7.53
2013-01-16,7.55,7.59,7.51,7.58,32500,7.58
2013-01-15,7.28,7.63,7.27,7.50,48200,7.50
2013-01-14,7.20,7.43,7.19,7.43,16400,7.43
2013-01-11,7.15,7.25,7.15,7.24,22900,7.24
2013-01-10,7.15,7.24,7.13,7.17,18400,7.17
2013-01-09,7.11,7.15,7.11,7.13,12600,7.13
2013-01-08,7.09,7.17,6.80,7.14,30100,7.14
2013-01-07,7.12,7.13,7.04,7.04,7600,7.04
2013-01-04,7.16,7.16,7.02,7.11,15800,7.11
2013-01-03,6.91,7.19,6.91,7.13,27900,7.13
2013-01-02,6.72,7.02,6.72,6.95,32200,6.95
2012-12-31,6.53,6.74,6.53,6.70,17400,6.70
2012-12-28,6.85,6.88,6.45,6.63,20200,6.63
2012-12-27,6.96,7.04,6.75,6.88,13400,6.88
2012-12-26,6.91,7.03,6.91,7.02,5000,7.02
2012-12-24,6.91,6.96,6.91,6.91,11300,6.91
2012-12-21,6.98,7.02,6.92,6.92,68500,6.92
2012-12-20,6.97,7.05,6.93,7.00,37000,7.00
2012-12-19,7.03,7.07,6.99,7.07,19800,7.07
2012-12-18,7.03,7.12,6.97,7.05,33400,7.05
2012-12-17,6.92,7.05,6.85,7.05,27600,7.05
2012-12-14,6.90,6.95,6.86,6.95,12900,6.95
2012-12-13,6.91,6.91,6.70,6.86,57400,6.86
2012-12-12,6.91,7.01,6.87,6.96,9600,6.96
2012-12-11,7.00,7.04,6.92,7.00,19100,7.00
2012-12-10,7.11,7.15,6.99,7.04,28800,7.04
2012-12-07,7.25,7.25,7.11,7.12,14200,7.12
2012-12-06,6.99,7.19,6.99,7.19,24000,7.19
2012-12-05,6.96,7.00,6.90,6.95,59800,6.95
2012-12-04,6.99,7.03,6.87,7.00,20800,7.00
2012-12-03,7.21,7.23,6.80,6.95,39500,6.95
2012-11-30,7.17,7.23,7.06,7.23,28000,7.23
2012-11-29,7.01,7.24,7.00,7.13,93300,7.13
2012-11-28,6.60,7.11,6.56,7.01,144000,7.01
2012-11-27,6.56,6.69,6.56,6.65,21300,6.65
2012-11-26,6.54,6.62,6.48,6.58,6700,6.58
2012-11-23,6.57,6.60,6.53,6.59,17000,6.59
2012-11-21,6.54,6.59,6.53,6.57,4700,6.57
2012-11-20,6.56,6.58,6.44,6.57,14100,6.57
2012-11-19,6.58,6.70,6.45,6.60,16800,6.60
2012-11-16,6.27,6.70,6.27,6.58,44200,6.58
2012-11-15,6.42,6.55,6.22,6.48,67100,6.48
2012-11-14,6.55,6.55,6.34,6.41,19700,6.41
2012-11-13,6.55,6.56,6.51,6.56,4700,6.56
2012-11-12,6.43,6.69,6.39,6.55,19500,6.55
2012-11-09,6.37,6.49,6.35,6.44,7400,6.44
2012-11-08,6.47,6.49,6.35,6.40,16400,6.40
2012-11-07,6.49,6.51,6.35,6.46,16300,6.46
2012-11-06,6.50,6.58,6.39,6.52,7100,6.52
2012-11-05,6.56,6.59,6.43,6.59,6100,6.59
2012-11-02,6.59,6.65,6.41,6.62,10500,6.62
2012-11-01,6.53,6.64,6.49,6.63,19400,6.63
2012-10-31,6.35,6.54,6.35,6.54,17300,6.54
2012-10-26,6.36,6.44,6.35,6.39,17100,6.39
2012-10-25,6.38,6.49,6.35,6.40,18500,6.40
2012-10-24,6.41,6.46,6.27,6.42,14400,6.42
2012-10-23,6.59,6.60,6.51,6.52,4000,6.52
2012-10-22,6.74,6.75,6.66,6.66,6100,6.66
2012-10-19,6.70,6.75,6.70,6.74,8000,6.74
2012-10-18,6.50,6.72,6.49,6.72,46100,6.72
2012-10-17,6.47,6.53,6.43,6.48,21200,6.48
2012-10-16,6.38,6.53,6.38,6.50,13000,6.50
2012-10-15,6.37,6.49,6.37,6.49,5400,6.49
2012-10-12,6.46,6.51,6.42,6.42,4000,6.42
2012-10-11,6.45,6.52,6.43,6.50,3800,6.50
2012-10-10,6.39,6.49,6.39,6.48,2700,6.48
2012-10-09,6.50,6.52,6.37,6.45,20000,6.45
2012-10-08,6.46,6.54,6.45,6.47,6900,6.47
2012-10-05,6.40,6.48,6.38,6.44,1400,6.44
2012-10-04,6.55,6.55,6.38,6.38,19800,6.38
2012-10-03,6.47,6.55,6.40,6.54,6500,6.54
2012-10-02,6.49,6.52,6.48,6.50,3800,6.50
2012-10-01,6.50,6.50,6.37,6.45,7300,6.45
2012-09-28,6.39,6.49,6.39,6.46,4400,6.46
2012-09-27,6.53,6.53,6.39,6.47,13300,6.47
2012-09-26,6.56,6.59,6.23,6.51,25100,6.51
2012-09-25,6.52,6.60,6.52,6.60,8100,6.60
2012-09-24,6.38,6.59,6.31,6.54,24700,6.54
2012-09-21,6.40,6.45,6.31,6.45,53200,6.45
2012-09-20,6.19,6.39,6.19,6.38,17900,6.38
2012-09-19,6.30,6.31,6.19,6.25,27700,6.25
2012-09-18,6.24,6.35,6.22,6.28,14300,6.28
2012-09-17,6.29,6.33,6.10,6.31,24700,6.31
2012-09-14,6.31,6.40,6.30,6.38,26400,6.38
2012-09-13,6.22,6.35,6.20,6.34,47400,6.34
2012-09-12,6.27,6.28,6.21,6.28,11300,6.28
2012-09-11,6.23,6.29,6.23,6.28,11400,6.28
2012-09-10,6.08,6.29,6.08,6.28,21300,6.28
2012-09-07,6.21,6.29,6.20,6.20,15900,6.20
2012-09-06,6.11,6.25,6.11,6.21,14600,6.21
2012-09-05,6.17,6.28,6.09,6.17,14600,6.17
2012-09-04,6.19,6.27,6.17,6.22,12900,6.22
2012-08-31,6.25,6.32,6.24,6.25,18000,6.25
2012-08-30,6.20,6.32,6.20,6.26,35100,6.26
2012-08-29,6.27,6.29,6.21,6.27,8700,6.27
2012-08-28,6.21,6.31,6.21,6.30,60900,6.30
2012-08-27,6.22,6.33,6.10,6.30,28000,6.30
2012-08-24,6.15,6.32,6.11,6.29,14200,6.29
2012-08-23,6.19,6.36,6.19,6.36,28600,6.36
2012-08-22,6.30,6.32,6.25,6.29,15700,6.29
2012-08-21,6.23,6.32,6.19,6.29,33200,6.29
2012-08-20,6.25,6.30,6.25,6.25,6200,6.25
2012-08-17,6.31,6.32,6.18,6.30,10500,6.30
2012-08-16,6.30,6.30,6.22,6.29,9700,6.29
2012-08-15,6.26,6.31,6.20,6.29,21100,6.29
2012-08-14,6.29,6.29,6.18,6.25,11000,6.25
2012-08-13,6.30,6.30,6.21,6.26,4300,6.26
2012-08-10,6.29,6.30,6.21,6.29,3200,6.29
2012-08-09,6.25,6.38,6.11,6.33,15400,6.33
2012-08-08,6.37,6.38,5.78,6.30,26000,6.30
2012-08-07,6.23,6.44,6.23,6.38,55400,6.38
2012-08-06,6.00,6.28,5.97,6.25,3700,6.25
2012-08-03,6.03,6.36,5.97,6.04,35400,6.04
2012-08-02,6.26,6.30,5.80,5.94,34500,5.94
2012-08-01,6.23,6.50,6.05,6.33,67900,6.33
2012-07-31,5.94,6.15,5.90,6.04,48000,6.04
2012-07-30,5.88,5.96,5.86,5.96,17600,5.96
2012-07-27,5.82,5.93,5.76,5.85,7000,5.85
2012-07-26,5.81,5.90,5.81,5.83,9200,5.83
2012-07-25,5.90,5.95,5.63,5.91,11700,5.91
2012-07-24,5.89,5.96,5.89,5.91,8400,5.91
2012-07-23,5.90,5.95,5.82,5.92,13200,5.92
2012-07-20,5.92,5.98,5.90,5.95,16100,5.95
2012-07-19,5.74,5.99,5.74,5.96,22900,5.96
2012-07-18,5.79,5.87,5.72,5.74,15100,5.74
2012-07-17,5.69,5.85,5.65,5.84,15800,5.84
2012-07-16,5.64,5.69,5.63,5.65,11600,5.65
2012-07-13,5.63,5.64,5.54,5.64,9800,5.64
2012-07-12,5.51,5.69,5.49,5.59,9000,5.59
2012-07-11,5.57,5.61,5.50,5.53,4400,5.53
2012-07-10,5.56,5.66,5.46,5.61,8500,5.61
2012-07-09,5.52,5.70,5.43,5.61,27100,5.61
2012-07-06,5.61,5.61,5.34,5.50,11100,5.50
2012-07-05,5.45,5.71,5.40,5.66,24900,5.66
2012-07-03,5.42,5.45,5.36,5.44,6100,5.44
2012-07-02,5.47,5.51,5.36,5.44,8600,5.44
2012-06-29,5.52,5.56,5.42,5.49,19600,5.49
2012-06-28,5.35,5.50,5.35,5.49,8400,5.49
2012-06-27,5.48,5.48,5.35,5.40,15300,5.40
2012-06-26,5.57,5.57,5.38,5.44,8300,5.44
2012-06-25,5.59,5.59,5.40,5.51,18000,5.51
2012-06-22,5.52,5.66,5.43,5.66,32000,5.66
2012-06-21,5.66,5.66,5.42,5.46,10700,5.46
2012-06-20,5.63,5.75,5.63,5.69,11100,5.69
2012-06-19,5.89,5.90,5.66,5.70,47300,5.70
2012-06-18,5.85,5.90,5.74,5.90,16700,5.90
2012-06-15,5.91,5.93,5.80,5.90,51600,5.90
2012-06-14,5.52,5.92,5.44,5.86,62500,5.86
2012-06-13,5.04,5.50,4.98,5.50,84200,5.50
2012-06-12,4.88,4.90,4.75,4.78,37100,4.78
2012-06-11,4.79,4.80,4.72,4.78,13700,4.78
2012-06-08,4.74,4.89,4.66,4.89,9200,4.89
2012-06-07,4.75,4.81,4.69,4.80,23100,4.80
2012-06-06,4.77,4.77,4.65,4.76,4400,4.76
2012-06-05,4.68,4.77,4.66,4.73,10900,4.73
2012-06-04,4.82,4.91,4.60,4.64,53400,4.64
2012-06-01,4.76,4.97,4.76,4.87,15500,4.87
2012-05-31,4.88,4.93,4.80,4.91,17900,4.91
2012-05-30,5.15,5.15,4.81,4.85,55800,4.85
2012-05-29,5.14,5.24,5.14,5.19,16300,5.19
2012-05-25,5.08,5.16,5.06,5.12,13400,5.12
2012-05-24,5.03,5.11,5.01,5.11,19700,5.11
2012-05-23,4.97,5.06,4.88,5.02,11000,5.02
2012-05-22,5.10,5.18,4.97,5.03,23000,5.03
2012-05-21,4.99,5.26,4.96,5.17,11600,5.17
2012-05-18,5.11,5.18,4.77,5.01,69500,5.01
2012-05-17,5.31,5.33,5.15,5.19,71300,5.19
2012-05-16,5.30,5.37,5.25,5.26,22500,5.26
2012-05-15,5.30,5.43,5.26,5.28,22000,5.28
2012-05-14,5.09,5.25,5.09,5.25,40200,5.25
2012-05-11,4.97,5.18,4.97,5.13,17000,5.13
2012-05-10,5.01,5.01,4.99,5.00,20700,5.00
2012-05-09,4.90,5.09,4.88,4.97,16000,4.97
2012-05-08,4.92,4.94,4.83,4.92,47000,4.92
2012-05-07,5.04,5.05,4.93,4.96,33000,4.96
2012-05-04,5.18,5.18,4.99,5.06,52600,5.06
2012-05-03,5.30,5.33,5.22,5.24,7600,5.24
2012-05-02,5.39,5.46,5.00,5.34,87000,5.34
2012-05-01,5.54,5.58,5.40,5.41,23700,5.41
2012-04-30,5.62,5.68,5.46,5.61,65000,5.61
2012-04-27,5.75,5.78,5.51,5.65,19100,5.65
2012-04-26,5.78,5.86,5.72,5.76,34400,5.76
2012-04-25,5.79,5.88,5.72,5.82,40200,5.82
2012-04-24,5.77,5.77,5.57,5.68,53300,5.68
2012-04-23,5.81,5.81,5.55,5.77,100500,5.77
2012-04-20,6.35,6.35,5.84,5.94,159800,5.94
2012-04-19,6.42,6.46,6.10,6.26,139900,6.26
2012-04-18,6.48,6.49,6.00,6.44,240000,6.44
2012-04-17,6.00,6.67,5.99,6.49,487900,6.49
2012-04-16,5.44,5.96,5.37,5.94,186000,5.94
2012-04-13,5.34,5.43,5.20,5.39,72400,5.39
2012-04-12,4.84,5.50,4.82,5.34,217800,5.34
