Date,Open,High,Low,Close,Volume,Adj Close
2017-12-12,16,16.14,15.84,16,15655,16
2017-12-11,16.6,16.6,15.845,15.94,11594,15.94
2017-12-08,16.36,16.36,15.98,15.98,13491,15.98
2017-12-07,16.32,16.56,16.21,16.3,22127,16.3
2017-12-06,16.32,16.56,16.3,16.31,29268,16.31
2017-12-05,16.53,16.75,16.03,16.39,30394,16.39
2017-12-04,16.64,17,16.51,16.58,30425,16.58
2017-12-01,16.5,16.53,15.885,16.47,19759,16.47
2017-11-30,16.64,16.77,16.23,16.49,38344,16.49
2017-11-29,16.24,16.68,15.2723,16.59,22746,16.59
2017-11-28,16,16.28,15.94,16.23,22888,16.23
2017-11-27,15.86,16.01,15.85,15.89,22997,15.89
2017-11-24,15.93,16.16,15.83,15.85,19331,15.85
2017-11-22,15.79,15.96,15.77,15.85,36513,15.85
2017-11-21,15.71,15.86,15.63,15.8,17474,15.8
2017-11-20,15.47,15.65,15.47,15.63,14953,15.63
2017-11-17,15.34,15.54,15.12,15.45,18284,15.45
2017-11-16,15.35,15.5,14.79,15.5,34048,15.5
2017-11-15,15.33,15.45,15.12,15.3,23016,15.3
2017-11-14,15.27,15.44,15.1,15.36,22406,15.36
2017-11-13,15.25,15.39,15.02,15.36,24353,15.36
2017-11-10,15.52,15.54,15.155,15.29,20304,15.29
2017-11-09,15.05,15.25,14.97,15.18,22277,15.18
2017-11-08,14.92,15.18,14.85,15.14,34493,15.14
2017-11-07,15.67,15.67,14.99,15,29119,15
2017-11-06,15.85,15.95,15.66,15.67,18117,15.67
2017-11-03,15.99,15.99,15.79,15.86,30155,15.86
2017-11-02,15.87,16.11,15.87,16.04,20419,16.04
2017-11-01,15.95,16.06,15.82,15.84,14324,15.84
2017-10-31,15.86,15.875,15.7,15.84,26152,15.84
2017-10-30,16.31,16.34,15.78,15.8,21309,15.8
2017-10-27,16.72,16.72,16.27,16.42,26820,16.42
2017-10-26,16.61,16.61,16.36,16.46,19324,16.46
2017-10-25,16.52,16.7,16.4,16.61,10978,16.61
2017-10-24,16.45,16.74,16.39,16.53,20513,16.53
2017-10-23,16.25,16.56,16.18,16.43,26124,16.43
2017-10-20,16.36,16.36,16.2,16.29,14279,16.29
2017-10-19,16.06,16.25,16.06,16.21,13587,16.21
2017-10-18,16.3,16.34,16.17,16.19,14860,16.19
2017-10-17,16.4,16.5,16.13,16.19,27586,16.19
2017-10-16,16.33,16.56,16.29,16.41,25147,16.41
2017-10-13,16.33,16.33,16.19,16.32,16830,16.32
2017-10-12,16.58,16.72,16.3,16.32,25573,16.32
2017-10-11,16.29,16.705,16.27,16.59,59177,16.59
2017-10-10,16.35,16.47,16.15,16.35,65315,16.35
2017-10-09,16.22,16.2501,16.12,16.25,23906,16.25
2017-10-06,16,16.25,16,16.24,22375,16.24
2017-10-05,16.18,16.25,16.01,16.21,18965,16.21
2017-10-04,16.28,16.28,16.05,16.11,33792,16.11
2017-10-03,16.31,16.34,16.1401,16.25,57947,16.25
2017-10-02,15.9,16.26,15.855,16.25,50011,16.25
2017-09-29,15.99,15.99,15.76,15.89,29639,15.89
2017-09-28,15.46,16.17,15.45,16.02,65222,16.02
2017-09-27,16.2,16.89,16.2,16.63,65796,16.63
2017-09-26,16.15,16.16,15.92,16.16,30198,16.16
2017-09-25,16.07,16.1,15.9739,16.04,32141,16.04
2017-09-22,15.9,16.1,15.85,16.06,18226,16.06
2017-09-21,15.82,16,15.82,15.97,47015,15.97
2017-09-20,15.6,15.91,15.54,15.9,131832,15.9
2017-09-19,15.7,15.75,15.55,15.56,62718,15.56
2017-09-18,15.65,15.88,15.65,15.75,49341,15.75
2017-09-15,15.84,15.86,15.58,15.62,130888,15.62
2017-09-14,15.8,16.02,15.73,15.81,55431,15.81
2017-09-13,16,16,15.71,15.8,149920,15.8
2017-09-12,16.05,16.05,15.95,16,32021,16
2017-09-11,16.01,16.05,15.99,16.05,19470,16.05
2017-09-08,15.73,16.08,15.73,15.93,16204,15.93
2017-09-07,15.94,15.95,15.69,15.81,33048,15.81
2017-09-06,16.01,16.12,15.58,15.93,26191,15.93
2017-09-05,15.93,16.06,15.84,16.02,31299,16.02
2017-09-01,16.05,16.05,15.421,16.04,21528,16.04
2017-08-31,16.06,16.06,16.025,16.04,38090,16.04
2017-08-30,15.89,16,15.76,15.99,29694,15.99
2017-08-29,15.9,16.03,15.805,15.89,16300,15.89
2017-08-28,15.97,16.05,15.58,15.98,31905,15.98
2017-08-25,15.87,16.05,15.87,15.98,25052,15.98
2017-08-24,15.88,15.95,15.78,15.86,21749,15.86
2017-08-23,15.79,16.05,15.79,15.9,18370,15.9
2017-08-22,15.84,16.05,15.81,15.91,25848,15.91
2017-08-21,15.85,15.85,15.61,15.73,40822,15.73
2017-08-18,15.72,15.99,15.69,15.81,24690,15.81
2017-08-17,15.99,16.05,15.83,15.83,42099,15.83
2017-08-16,16.034,16.14,15.94,15.99,41637,15.99
2017-08-15,16,16.03,15.95,15.95,55734,15.95
2017-08-14,15.79,16.04,15.79,16,23809,16
2017-08-11,15.9,16.06,15.57,15.77,30991,15.77
2017-08-10,15.95,16.1,15.9,15.9,41885,15.9
2017-08-09,16.11,16.36,15.95,16,45310,16
2017-08-08,15.96,16.27,15.96,16.13,31821,16.13
2017-08-07,16.03,16.09,15.94,16.02,40281,16.02
2017-08-04,15.82,16.04,15.82,16,51836,16
2017-08-03,15.88,15.98,15.68,15.82,46201,15.82
2017-08-02,15.33,15.89,15.33,15.86,191077,15.86
2017-08-01,15.06,15.33,15.06,15.32,106979,15.32
2017-07-31,14.96,15.05,14.71,14.98,41329,14.98
2017-07-28,14.89,14.99,14.66,14.89,29495,14.89
2017-07-27,14.85,15.06,14.83,14.92,26696,14.92
2017-07-26,15.02,15.06,14.77,14.9,11799,14.9
2017-07-25,15.04,15.1,14.97,14.97,28789,14.97
2017-07-24,15.17,15.17,14.95,14.95,22994,14.95
2017-07-21,15.09,15.2773,15.03,15.16,47931,15.16
2017-07-20,15.03,15.05,14.88,14.99,28186,14.99
2017-07-19,15.02,15.09,14.9601,15.03,16574,15.03
2017-07-18,14.99,15.1,14.99,15.02,17155,15.02
2017-07-17,15.02,15.09,14.8607,15.02,28167,15.02
2017-07-14,15.02,15.09,15,15.04,17670,15.04
2017-07-13,15.03,15.1,14.94,15.09,23352,15.09
2017-07-12,14.97,15.04,14.88,15.04,15982,15.04
2017-07-11,14.92,15.04,14.68,14.94,24530,14.94
2017-07-10,14.96,15.01,14.84,14.88,21585,14.88
2017-07-07,14.9,15.05,14.8501,14.98,18879,14.98
2017-07-06,15.02,15.05,14.76,14.87,35304,14.87
2017-07-05,15.09,15.09,14.81,15.03,13546,15.03
2017-07-03,15,15.15,15,15.1,30539,15.1
2017-06-30,14.97,15.03,14.75,14.92,42451,14.92
2017-06-29,14.96,14.98,14.69,14.95,30403,14.95
2017-06-28,14.92,14.96,14.82,14.9,18117,14.9
2017-06-27,14.89,15.02,14.8,14.83,22637,14.83
2017-06-26,14.98,15,14.75,14.88,24605,14.88
2017-06-23,14.94,15,14.815,14.99,115849,14.99
2017-06-22,14.88,15.06,14.8,14.86,17070,14.86
2017-06-21,15.04,15.04,14.81,14.86,21820,14.86
2017-06-20,15.05,15.09,14.84,14.98,23609,14.98
2017-06-19,15.2,15.28,15,15.12,110147,15.12
2017-06-16,15.16,15.21,15,15.18,91300,15.18
2017-06-15,15.12,15.3,15.1,15.28,61506,15.28
2017-06-14,15.18,15.25,15,15.25,61630,15.25
2017-06-13,15.08,15.29,14.88,15.24,43371,15.24
2017-06-12,15.21,15.29,14.935,15.23,43917,15.23
2017-06-09,14.85,15.31,14.85,15.18,64847,15.18
2017-06-08,14.46,15,14.46,14.85,29836,14.85
2017-06-07,14.8,14.85,14.62,14.74,14189,14.74
2017-06-06,14.72,14.765,14.47,14.71,21491,14.71
2017-06-05,14.95,15.05,14.65,14.76,34206,14.76
2017-06-02,14.8,15.1,14.8,14.93,56012,14.93
2017-06-01,14.79,14.95,14.67,14.8,26031,14.8
2017-05-31,14.6,14.75,13.97,14.68,31050,14.68
2017-05-30,14.54,14.66,14.48,14.61,28254,14.61
2017-05-26,14.57,14.7,14.495,14.61,20857,14.61
2017-05-25,14.64,14.69,14.47,14.56,24029,14.56
2017-05-24,14.54,14.64,14.5,14.59,17728,14.59
2017-05-23,14.64,14.68,14.4,14.55,23124,14.55
2017-05-22,14.6,14.88,14.5,14.6,20749,14.6
2017-05-19,14.67,14.9,14.4996,14.52,35484,14.52
2017-05-18,14.83,14.95,14.63,14.66,21658,14.66
2017-05-17,14.8,14.95,14.66,14.75,41484,14.75
2017-05-16,14.925,15,14.86,14.99,44765,14.99
2017-05-15,14.9,15,14.88,14.93,26670,14.93
2017-05-12,14.80,15.00,14.67,14.85,17600,14.85
2017-05-11,14.92,15.00,14.71,14.90,27300,14.90
2017-05-10,15.09,15.09,14.95,14.96,54900,14.96
2017-05-09,15.19,15.19,15.01,15.10,23200,15.10
2017-05-08,15.01,15.20,14.97,15.13,36400,15.13
2017-05-05,15.19,15.22,14.95,15.13,54900,15.06
2017-05-04,15.22,15.25,15.01,15.04,35700,14.970416
2017-05-03,15.04,15.23,15.00,15.14,62900,15.069954
2017-05-02,15.00,15.15,15.00,15.12,41300,15.050046
2017-05-01,14.90,15.23,14.88,15.00,57400,14.930601
2017-04-28,14.84,14.85,14.70,14.78,35700,14.711619
2017-04-27,14.78,14.80,14.67,14.74,27100,14.671804
2017-04-26,14.76,14.94,14.60,14.83,39800,14.761388
2017-04-25,14.95,14.95,14.63,14.78,32100,14.711619
2017-04-24,14.82,15.01,14.70,14.83,42700,14.761388
2017-04-21,14.46,14.60,14.46,14.60,40300,14.532452
2017-04-20,14.45,14.52,14.45,14.49,29100,14.422961
2017-04-19,14.53,14.55,14.40,14.46,45400,14.3931
2017-04-18,14.37,14.61,14.37,14.49,19800,14.422961
2017-04-17,14.42,14.48,14.31,14.46,17300,14.3931
2017-04-13,14.35,14.44,14.28,14.33,40400,14.263701
2017-04-12,14.59,14.60,13.43,14.41,41900,14.343331
2017-04-11,14.40,14.58,14.38,14.56,19500,14.492638
2017-04-10,14.23,14.45,14.20,14.43,22100,14.363239
2017-04-07,14.15,14.40,14.15,14.32,19000,14.253747
2017-04-06,14.14,14.33,14.07,14.25,23400,14.184071
2017-04-05,14.49,14.58,14.12,14.17,50200,14.104442
2017-04-04,14.43,14.57,14.22,14.30,23600,14.23384
2017-04-03,14.60,14.60,14.43,14.45,32600,14.383146
2017-03-31,14.52,14.60,14.51,14.52,32600,14.452823
2017-03-30,14.40,14.59,14.37,14.56,35700,14.492638
2017-03-29,14.31,14.41,13.65,14.37,16400,14.303516
2017-03-28,14.32,14.39,14.15,14.37,26500,14.303516
2017-03-27,14.17,14.39,14.13,14.32,21900,14.253747
2017-03-24,14.29,14.42,14.10,14.29,48600,14.223886
2017-03-23,14.45,14.50,14.23,14.28,27300,14.213932
2017-03-22,14.45,14.48,14.29,14.41,38100,14.343331
2017-03-21,14.67,14.70,14.22,14.25,30200,14.184071
2017-03-20,14.79,14.79,14.48,14.56,35400,14.492638
2017-03-17,14.67,14.87,14.66,14.82,98200,14.751434
2017-03-16,14.73,14.77,14.56,14.76,30600,14.691712
2017-03-15,14.54,14.68,14.54,14.63,19400,14.562313
2017-03-14,14.52,14.79,14.50,14.53,21500,14.462776
2017-03-13,14.56,14.84,14.56,14.65,13000,14.58222
2017-03-10,14.68,14.77,14.50,14.62,33500,14.552359
2017-03-09,14.80,14.91,14.51,14.54,21900,14.47273
2017-03-08,14.94,14.99,14.72,14.75,35600,14.681758
2017-03-07,14.81,14.99,14.80,14.82,30100,14.751434
2017-03-06,14.79,14.89,14.72,14.81,25300,14.741481
2017-03-03,15.07,15.07,14.51,14.92,27400,14.850972
2017-03-02,14.73,14.87,14.60,14.82,25000,14.751434
2017-03-01,14.99,15.04,14.82,14.89,36900,14.821111
2017-02-28,14.66,14.90,14.65,14.87,69700,14.801203
2017-02-27,14.83,15.00,14.81,14.90,32800,14.831064
2017-02-24,14.69,15.00,14.69,14.97,25200,14.90074
2017-02-23,14.80,14.95,14.71,14.89,23700,14.821111
2017-02-22,14.80,14.88,14.72,14.82,14800,14.751434
2017-02-21,14.75,14.80,14.70,14.79,17600,14.721573
2017-02-17,14.75,14.84,14.72,14.76,23800,14.691712
2017-02-16,14.69,14.78,14.52,14.72,16400,14.651897
2017-02-15,14.70,14.72,14.00,14.68,41400,14.612082
2017-02-14,14.73,14.79,14.44,14.70,27400,14.631989
2017-02-13,14.39,14.72,14.26,14.52,23200,14.452823
2017-02-10,14.10,14.31,13.98,14.30,19500,14.23384
2017-02-09,13.70,14.15,13.17,13.98,25600,13.91532
2017-02-08,13.77,13.92,13.65,13.71,13300,13.64657
2017-02-07,13.89,13.99,13.85,13.86,11700,13.795875
2017-02-06,13.79,13.95,13.75,13.83,22700,13.766014
2017-02-03,13.88,13.96,13.79,13.88,10900,13.756061
2017-02-02,13.62,13.75,13.62,13.70,19900,13.577668
2017-02-01,13.62,13.82,13.60,13.64,16200,13.518205
2017-01-31,13.49,13.84,13.13,13.47,69700,13.349722
2017-01-30,13.81,14.00,13.41,13.50,17400,13.379454
2017-01-27,14.08,14.08,13.85,13.91,14800,13.785793
2017-01-26,14.18,14.30,13.93,13.97,10600,13.845258
2017-01-25,14.02,14.50,13.96,14.20,19500,14.073204
2017-01-24,13.88,14.03,13.23,13.91,13500,13.785793
2017-01-23,13.93,13.98,13.55,13.78,12500,13.656954
2017-01-20,14.07,14.52,13.80,13.84,37300,13.716418
2017-01-19,14.13,14.32,13.97,14.18,23100,14.053383
2017-01-18,14.26,14.31,13.28,14.19,19200,14.063293
2017-01-17,14.38,14.38,14.05,14.18,24100,14.053383
2017-01-13,14.46,14.63,14.31,14.54,16700,14.410168
2017-01-12,14.51,14.54,14.21,14.34,27500,14.211954
2017-01-11,14.62,14.65,14.40,14.56,20300,14.42999
2017-01-10,14.78,14.98,14.50,14.62,32400,14.489453
2017-01-09,14.93,15.01,14.46,14.88,19400,14.747132
2017-01-06,15.01,15.05,14.79,15.02,16200,14.885882
2017-01-05,15.06,15.24,14.88,14.91,15500,14.776864
2017-01-04,15.04,15.24,14.89,15.21,34900,15.074185
2017-01-03,14.99,15.08,14.37,14.98,28500,14.846238
2016-12-30,14.79,14.88,14.67,14.82,20600,14.687667
2016-12-29,14.99,14.99,14.75,14.79,23300,14.657935
2016-12-28,14.99,14.99,14.92,14.96,16400,14.826418
2016-12-27,14.87,15.00,14.87,14.93,15600,14.796686
2016-12-23,14.90,14.98,14.83,14.96,8100,14.826418
2016-12-22,15.12,15.12,14.82,14.94,30000,14.806596
2016-12-21,14.98,15.05,14.79,14.94,22900,14.806596
2016-12-20,15.00,15.11,14.56,14.96,45300,14.826418
2016-12-19,15.05,15.05,14.92,14.96,27000,14.826418
2016-12-16,14.81,15.05,14.80,14.97,196300,14.836328
2016-12-15,14.68,14.85,14.52,14.75,68100,14.618293
2016-12-14,14.66,14.88,14.42,14.62,49600,14.489453
2016-12-13,14.74,14.86,14.58,14.76,83800,14.628204
2016-12-12,14.83,14.95,14.54,14.59,21600,14.459721
2016-12-09,14.68,14.85,14.60,14.78,46300,14.648025
2016-12-08,14.59,14.64,14.50,14.62,34100,14.489453
2016-12-07,14.28,14.55,14.26,14.53,27600,14.400257
2016-12-06,14.35,14.41,14.19,14.26,42800,14.132668
2016-12-05,14.43,14.49,14.21,14.35,35700,14.221865
2016-12-02,14.48,14.50,14.20,14.29,11700,14.1624
2016-12-01,14.14,14.60,14.14,14.49,29700,14.360614
2016-11-30,14.36,14.53,14.04,14.10,16100,13.974097
2016-11-29,14.42,14.58,14.24,14.31,10600,14.182222
2016-11-28,14.53,14.59,14.31,14.34,23200,14.211954
2016-11-25,14.45,14.60,14.39,14.50,20900,14.370525
2016-11-23,14.41,14.41,14.17,14.40,22400,14.271418
2016-11-22,14.30,14.40,14.17,14.36,26900,14.231775
2016-11-21,14.45,14.45,14.27,14.30,45100,14.172311
2016-11-18,14.11,14.34,14.10,14.25,60700,14.122757
2016-11-17,13.99,14.19,13.97,14.14,37600,14.01374
2016-11-16,13.89,13.99,13.73,13.93,38200,13.805615
2016-11-15,13.73,13.92,13.54,13.87,42200,13.74615
2016-11-14,13.65,13.84,13.55,13.75,46500,13.627222
2016-11-11,13.48,13.62,13.45,13.52,77500,13.399276
2016-11-10,12.97,13.50,12.75,13.46,68800,13.339811
2016-11-09,12.87,12.94,12.81,12.94,55200,12.824454
2016-11-08,12.83,12.87,12.77,12.83,22100,12.715437
2016-11-07,12.80,12.91,12.71,12.85,46900,12.735259
2016-11-04,12.80,12.80,12.68,12.69,18500,12.517222
2016-11-03,12.45,12.80,12.39,12.80,26000,12.625725
2016-11-02,12.47,12.47,12.31,12.37,28300,12.201579
2016-11-01,12.60,12.60,12.37,12.45,20700,12.28049
2016-10-31,12.48,12.77,12.20,12.57,36600,12.398856
2016-10-28,12.35,12.76,12.35,12.47,13300,12.300218
2016-10-27,12.22,12.42,12.22,12.31,12600,12.142397
2016-10-26,12.22,12.41,12.15,12.17,24700,12.004302
2016-10-25,12.44,12.44,12.18,12.20,20400,12.033894
2016-10-24,12.53,12.65,12.43,12.45,8100,12.28049
2016-10-21,12.53,12.58,12.43,12.44,17300,12.270626
2016-10-20,12.75,12.75,12.60,12.60,11600,12.428448
2016-10-19,12.63,12.77,12.61,12.73,12300,12.556677
2016-10-18,12.66,12.66,12.57,12.59,7800,12.418584
2016-10-17,12.55,12.63,12.51,12.62,13300,12.448175
2016-10-14,12.49,12.57,12.43,12.54,57800,12.369265
2016-10-13,12.64,12.64,12.44,12.46,25000,12.290354
2016-10-12,12.57,12.73,12.45,12.65,15300,12.477767
2016-10-11,12.62,12.67,12.46,12.52,17700,12.349538
2016-10-10,12.61,12.65,12.55,12.61,11400,12.438311
2016-10-07,12.50,12.59,12.44,12.51,23200,12.339673
2016-10-06,12.46,12.60,12.38,12.53,22200,12.359401
2016-10-05,12.40,12.62,12.40,12.50,14700,12.329809
2016-10-04,12.49,12.56,12.33,12.39,18600,12.221307
2016-10-03,12.62,12.73,12.43,12.52,17400,12.349538
2016-09-30,12.70,12.75,12.58,12.70,43200,12.527086
2016-09-29,12.65,12.77,12.62,12.62,24200,12.448175
2016-09-28,12.65,12.77,12.60,12.66,21600,12.487631
2016-09-27,12.64,12.78,12.48,12.70,25700,12.527086
2016-09-26,12.57,12.76,12.50,12.51,24300,12.339673
2016-09-23,12.80,12.80,12.68,12.74,31500,12.566541
2016-09-22,12.72,12.80,12.69,12.78,29500,12.605997
2016-09-21,12.61,12.70,12.51,12.70,25400,12.527086
2016-09-20,12.65,12.77,12.58,12.60,42900,12.428448
2016-09-19,12.61,12.67,12.47,12.58,35100,12.40872
2016-09-16,12.29,12.70,12.28,12.61,112100,12.438311
2016-09-15,12.43,12.47,12.25,12.28,23500,12.112804
2016-09-14,12.43,12.58,12.28,12.31,31800,12.142397
2016-09-13,12.36,12.38,12.25,12.31,29000,12.142397
2016-09-12,12.28,12.49,12.24,12.47,37600,12.300218
2016-09-09,12.47,12.55,12.25,12.25,42500,12.083213
2016-09-08,12.55,12.60,12.47,12.49,24400,12.319945
2016-09-07,12.41,12.63,12.41,12.52,55100,12.349538
2016-09-06,12.55,12.58,12.34,12.48,38800,12.310081
2016-09-02,12.47,12.61,12.47,12.60,27900,12.428448
2016-09-01,12.25,12.55,12.22,12.38,34400,12.211443
2016-08-31,12.51,12.56,12.30,12.34,74100,12.171988
2016-08-30,12.41,12.58,12.41,12.51,28800,12.339673
2016-08-29,12.34,12.46,12.34,12.41,31100,12.241035
2016-08-26,12.28,12.43,12.28,12.39,24600,12.221307
2016-08-25,12.22,12.31,12.18,12.30,33600,12.132533
2016-08-24,12.31,12.46,12.23,12.28,40500,12.112804
2016-08-23,12.29,12.44,12.19,12.25,32500,12.083213
2016-08-22,12.17,12.25,12.11,12.22,35000,12.053622
2016-08-19,12.19,12.31,12.11,12.19,38600,12.02403
2016-08-18,12.35,12.38,12.18,12.24,36400,12.073349
2016-08-17,12.34,12.35,12.15,12.29,50400,12.122669
2016-08-16,12.07,12.34,12.07,12.30,52100,12.132533
2016-08-15,12.14,12.23,12.02,12.03,29700,11.866208
2016-08-12,12.05,12.20,12.03,12.14,22300,11.925392
2016-08-11,12.20,12.24,12.08,12.10,24700,11.886099
2016-08-10,12.10,12.21,12.04,12.11,38500,11.895922
2016-08-09,12.25,12.38,12.04,12.09,735300,11.876276
2016-08-08,12.19,12.28,12.19,12.21,18000,11.994154
2016-08-05,12.19,12.31,12.18,12.21,34600,11.994154
2016-08-04,12.18,12.19,12.04,12.05,27900,11.836983
2016-08-03,12.17,12.19,12.05,12.12,28300,11.905745
2016-08-02,12.22,12.29,12.07,12.07,34100,11.856629
2016-08-01,12.26,12.42,12.15,12.16,24100,11.945038
2016-07-29,12.45,12.53,12.20,12.20,68500,11.984331
2016-07-28,12.58,12.69,12.46,12.54,18100,12.318321
2016-07-27,12.67,12.69,12.55,12.60,22400,12.37726
2016-07-26,12.55,12.66,12.52,12.60,24300,12.37726
2016-07-25,12.54,12.66,12.51,12.59,15500,12.367437
2016-07-22,12.39,12.66,12.39,12.64,28400,12.416553
2016-07-21,12.51,12.54,12.24,12.37,30300,12.151326
2016-07-20,12.51,12.66,12.49,12.54,21600,12.318321
2016-07-19,12.62,12.72,12.51,12.54,28800,12.318321
2016-07-18,12.61,12.72,12.52,12.66,21900,12.436199
2016-07-15,12.70,12.72,12.46,12.64,17300,12.416553
2016-07-14,12.74,12.74,12.61,12.62,19300,12.396906
2016-07-13,12.63,12.75,12.51,12.68,47900,12.455846
2016-07-12,12.59,12.65,12.52,12.58,43800,12.357613
2016-07-11,12.41,12.65,12.41,12.52,33600,12.298675
2016-07-08,12.33,12.50,12.31,12.38,47000,12.161149
2016-07-07,12.17,12.35,12.05,12.21,34000,11.994154
2016-07-06,12.16,12.19,11.75,12.17,51900,11.954861
2016-07-05,11.90,12.02,11.90,12.00,32100,11.787867
2016-07-01,11.94,12.02,11.86,11.99,54100,11.778043
2016-06-30,11.92,12.00,11.74,11.99,53900,11.778043
2016-06-29,11.77,11.77,11.68,11.76,37200,11.552109
2016-06-28,11.56,11.73,11.43,11.67,56700,11.4637
2016-06-27,11.88,11.88,11.38,11.51,68600,11.306529
2016-06-24,12.08,12.21,11.70,12.09,288700,11.876276
2016-06-23,12.18,12.40,12.04,12.36,39500,12.141502
2016-06-22,12.28,12.33,12.10,12.11,28300,11.895922
2016-06-21,12.08,12.27,12.01,12.21,37400,11.994154
2016-06-20,12.17,12.31,12.02,12.08,22800,11.866452
2016-06-17,12.15,12.27,12.03,12.11,74400,11.895922
2016-06-16,11.97,12.16,11.97,12.13,22500,11.915569
2016-06-15,12.26,12.33,12.01,12.23,38300,12.0138
2016-06-14,12.19,12.30,12.19,12.24,33800,12.023624
2016-06-13,12.42,12.47,12.17,12.26,32000,12.043271
2016-06-10,12.30,12.52,12.27,12.45,29100,12.229911
2016-06-09,12.65,12.65,12.31,12.47,38300,12.249558
2016-06-08,12.53,12.67,12.47,12.64,19200,12.416553
2016-06-07,12.62,12.66,12.44,12.54,32200,12.318321
2016-06-06,12.59,12.75,12.48,12.64,33800,12.416553
2016-06-03,12.65,12.66,12.46,12.63,36600,12.40673
2016-06-02,12.72,12.80,12.65,12.69,51000,12.465669
2016-06-01,12.67,12.81,12.61,12.80,41700,12.573725
2016-05-31,12.75,12.76,12.67,12.71,139900,12.485315
2016-05-27,12.72,12.75,12.69,12.75,40900,12.524608
2016-05-26,12.71,12.80,12.69,12.70,26800,12.475492
2016-05-25,12.79,12.89,12.72,12.75,29200,12.524608
2016-05-24,12.68,12.85,12.66,12.81,68600,12.583548
2016-05-23,12.64,12.68,12.57,12.60,17300,12.37726
2016-05-20,12.54,12.65,12.54,12.61,47300,12.387083
2016-05-19,12.55,12.55,12.41,12.48,22400,12.259381
2016-05-18,12.33,12.60,12.33,12.56,58700,12.337967
2016-05-17,12.51,12.58,12.22,12.40,66600,12.180795
2016-05-16,12.57,12.69,12.50,12.56,32200,12.337967
2016-05-13,12.56,12.60,12.47,12.53,62300,12.308497
2016-05-12,12.63,12.65,12.50,12.53,45100,12.308497
2016-05-11,12.63,12.66,12.51,12.57,37900,12.34779
2016-05-10,12.59,12.71,12.58,12.59,51500,12.367437
2016-05-09,12.48,12.66,12.48,12.53,34800,12.308497
2016-05-06,12.60,12.68,12.42,12.60,84600,12.328144
2016-05-05,12.54,12.72,12.48,12.57,56000,12.298791
2016-05-04,12.35,12.53,12.34,12.44,54200,12.171596
2016-05-03,12.56,12.63,12.40,12.44,46400,12.171596
2016-05-02,12.43,12.79,12.20,12.72,86000,12.445555
2016-04-29,12.48,12.62,12.24,12.36,60200,12.093322
2016-04-28,12.64,12.76,12.47,12.54,70300,12.269439
2016-04-27,12.51,12.78,12.51,12.77,71200,12.494477
2016-04-26,12.48,12.63,12.38,12.61,79000,12.337928
2016-04-25,12.45,12.45,12.21,12.42,142600,12.152028
2016-04-22,12.14,12.49,12.14,12.44,45300,12.171596
2016-04-21,11.79,12.33,11.79,12.27,681200,12.005265
2016-04-20,11.80,11.89,11.75,11.80,303500,11.545405
2016-04-19,11.83,11.87,11.75,11.79,342600,11.53562
2016-04-18,11.81,11.92,11.76,11.79,198100,11.53562
2016-04-15,11.80,11.86,11.76,11.81,492400,11.555189
2016-04-14,11.92,11.94,11.83,11.85,260000,11.594326
2016-04-13,11.75,11.97,11.75,11.92,206000,11.662816
2016-04-12,11.66,11.85,11.66,11.76,81900,11.506268
2016-04-11,11.78,11.78,11.57,11.66,54900,11.408425
2016-04-08,11.75,12.35,11.56,11.73,47300,11.476915
2016-04-07,11.71,11.80,11.54,11.60,78300,11.34972
2016-04-06,11.75,11.83,11.71,11.77,97700,11.516052
2016-04-05,11.80,11.86,11.75,11.75,128200,11.496484
2016-04-04,11.80,11.86,11.79,11.82,38600,11.564973
2016-04-01,11.80,11.83,11.78,11.79,21200,11.53562
2016-03-31,11.84,11.86,11.80,11.82,97600,11.564973
2016-03-30,11.89,11.89,11.81,11.83,121100,11.574757
2016-03-29,11.81,11.88,11.80,11.86,84500,11.60411
2016-03-28,11.88,11.97,11.80,11.85,16500,11.594326
2016-03-24,11.91,11.99,11.80,11.83,186300,11.574757
2016-03-23,12.00,12.04,11.93,11.95,137900,11.692168
2016-03-22,12.01,12.05,11.96,11.99,20400,11.731305
2016-03-21,12.09,12.22,12.02,12.07,33400,11.809579
2016-03-18,12.14,12.31,11.90,12.07,110500,11.809579
2016-03-17,11.97,12.10,11.97,12.07,24000,11.809579
2016-03-16,11.98,12.09,11.93,11.99,30400,11.731305
2016-03-15,11.93,12.06,11.93,11.97,28500,11.711737
2016-03-14,11.98,12.01,11.95,11.95,23600,11.692168
2016-03-11,12.19,12.20,11.98,12.04,42200,11.780227
2016-03-10,12.11,12.22,11.97,12.15,23400,11.887853
2016-03-09,11.99,12.15,11.97,12.11,22600,11.848716
2016-03-08,12.20,12.24,11.97,11.97,29000,11.711737
2016-03-07,12.12,12.29,12.12,12.21,46300,11.946559
2016-03-04,12.04,12.23,11.97,12.14,35500,11.878069
2016-03-03,12.01,12.10,11.95,12.02,37600,11.760659
2016-03-02,12.00,12.02,11.88,12.00,33800,11.74109
2016-03-01,12.09,12.10,11.92,11.98,65100,11.721521
2016-02-29,12.28,12.34,12.01,12.04,52900,11.780227
2016-02-26,12.30,12.38,12.16,12.31,29800,12.044401
2016-02-25,12.04,12.25,12.00,12.13,37200,11.868285
2016-02-24,11.42,11.93,11.42,11.88,41500,11.623679
2016-02-23,12.04,12.08,11.48,11.49,62400,11.242093
2016-02-22,12.15,12.27,11.99,12.01,33100,11.750874
2016-02-19,12.10,12.20,11.68,12.04,29400,11.780227
2016-02-18,12.18,12.31,12.00,12.05,21200,11.790011
2016-02-17,12.29,12.34,12.12,12.19,27500,11.92699
2016-02-16,12.13,12.39,12.02,12.24,23000,11.975911
2016-02-12,12.13,12.19,12.02,12.06,31800,11.799795
2016-02-11,11.95,12.15,11.90,11.95,38600,11.692168
2016-02-10,12.02,12.13,11.96,12.00,44300,11.74109
2016-02-09,11.95,12.13,11.95,11.98,33100,11.721521
2016-02-08,11.90,12.18,11.90,12.07,38600,11.809579
2016-02-05,11.97,12.13,11.97,12.00,45200,11.692168
2016-02-04,11.95,12.08,11.95,12.04,11700,11.731142
2016-02-03,12.09,12.24,11.87,12.00,28600,11.692168
2016-02-02,11.94,12.36,11.89,12.00,32500,11.692168
2016-02-01,12.15,13.27,11.94,12.12,17800,11.80909
2016-01-29,12.12,13.29,12.05,12.27,55900,11.955242
2016-01-28,12.86,12.86,11.85,12.11,19200,11.799346
2016-01-27,11.97,12.22,11.80,11.81,40800,11.507043
2016-01-26,12.06,12.09,11.93,12.02,51300,11.711656
2016-01-25,12.02,12.02,11.70,11.71,41300,11.409608
2016-01-22,12.10,12.26,11.98,12.08,32000,11.770116
2016-01-21,12.08,12.16,11.87,12.01,37900,11.701912
2016-01-20,11.84,12.16,11.76,12.12,41200,11.80909
2016-01-19,12.03,12.13,11.90,11.97,34100,11.662938
2016-01-15,11.92,12.17,11.67,11.92,38000,11.614221
2016-01-14,12.25,12.39,12.15,12.18,36500,11.867551
2016-01-13,12.47,12.47,12.15,12.20,54400,11.887038
2016-01-12,12.41,12.63,12.30,12.45,33200,12.130624
2016-01-11,12.23,12.52,12.23,12.38,16000,12.06242
2016-01-08,12.53,12.56,12.18,12.19,23200,11.877294
2016-01-07,12.50,12.84,12.50,12.50,26600,12.179342
2016-01-06,12.63,12.90,12.57,12.72,20600,12.393699
2016-01-05,12.67,12.87,12.56,12.77,16400,12.442416
2016-01-04,12.52,12.63,12.49,12.59,80000,12.267033
2015-12-31,12.90,12.95,12.61,12.63,34400,12.306007
2015-12-30,13.03,13.03,12.87,12.90,154100,12.56908
2015-12-29,13.11,13.11,12.95,13.00,16500,12.666516
2015-12-28,12.96,13.05,12.87,13.00,10400,12.666516
2015-12-24,13.01,13.22,12.94,12.98,5700,12.647028
2015-12-23,12.95,13.07,12.89,12.99,9000,12.656772
2015-12-22,12.93,12.99,12.80,12.97,91200,12.637285
2015-12-21,12.86,12.92,12.71,12.90,14400,12.56908
2015-12-18,12.84,13.15,12.56,12.80,102600,12.471646
2015-12-17,13.19,13.19,12.89,12.92,18100,12.588568
2015-12-16,13.06,13.11,12.81,12.98,31400,12.647028
2015-12-15,12.86,13.06,12.62,12.93,18200,12.598312
2015-12-14,12.29,12.89,12.29,12.78,26900,12.452159
2015-12-11,12.59,12.82,12.40,12.46,27000,12.140368
2015-12-10,12.89,13.17,12.67,12.76,19000,12.432672
2015-12-09,12.89,12.97,12.75,12.90,15800,12.56908
2015-12-08,12.91,13.04,12.84,12.84,27600,12.51062
2015-12-07,12.89,12.98,12.81,12.91,25700,12.578824
2015-12-04,12.78,12.99,12.78,12.95,18900,12.617798
2015-12-03,13.05,13.05,12.70,12.79,40600,12.461903
2015-12-02,12.98,13.04,12.92,12.98,17700,12.647028
2015-12-01,12.89,13.03,12.89,12.99,14300,12.656772
2015-11-30,13.05,13.08,12.81,12.85,64000,12.520364
2015-11-27,12.98,13.08,12.93,13.04,24700,12.705489
2015-11-25,12.99,13.10,12.93,12.99,51200,12.656772
2015-11-24,12.90,13.04,12.81,13.01,38400,12.676259
2015-11-23,12.79,12.99,12.77,12.94,23600,12.608054
2015-11-20,12.78,12.90,12.71,12.86,27300,12.530107
2015-11-19,12.62,12.84,12.56,12.81,21000,12.48139
2015-11-18,12.43,12.59,12.37,12.59,52700,12.267033
2015-11-17,12.60,12.60,12.37,12.44,25500,12.120881
2015-11-16,12.45,12.53,12.31,12.46,24700,12.140368
2015-11-13,12.54,12.61,12.49,12.51,60500,12.189086
2015-11-12,12.68,12.73,12.55,12.61,21500,12.28652
2015-11-11,12.69,12.74,12.63,12.69,16600,12.364468
2015-11-10,12.61,12.74,12.58,12.67,24200,12.344981
2015-11-09,12.70,12.74,12.61,12.63,58500,12.306007
2015-11-06,12.45,12.72,12.45,12.65,30500,12.325494
2015-11-05,12.48,12.59,12.40,12.48,112600,12.12088
2015-11-04,12.36,12.50,12.29,12.44,24700,12.082031
2015-11-03,12.38,12.51,12.32,12.37,21200,12.014046
2015-11-02,12.33,12.65,12.32,12.41,20000,12.052895
2015-10-30,12.46,12.56,12.30,12.33,26600,11.975197
2015-10-29,12.58,12.81,12.15,12.47,30300,12.111169
2015-10-28,12.59,12.77,12.53,12.73,54900,12.363687
2015-10-27,12.55,12.67,12.39,12.56,65700,12.198579
2015-10-26,12.58,12.72,12.54,12.59,24800,12.227716
2015-10-23,12.75,12.84,12.59,12.66,57300,12.295701
2015-10-22,12.48,12.79,12.48,12.69,15700,12.324838
2015-10-21,12.71,12.72,12.41,12.42,14500,12.062607
2015-10-20,12.66,12.76,12.53,12.68,18900,12.315126
2015-10-19,12.53,12.72,12.53,12.69,22700,12.324838
2015-10-16,12.75,12.75,12.52,12.63,15300,12.266565
2015-10-15,12.52,12.72,12.49,12.71,19700,12.344263
2015-10-14,12.51,12.63,12.40,12.48,19900,12.12088
2015-10-13,12.72,12.82,12.57,12.57,21400,12.208291
2015-10-12,12.64,12.85,12.58,12.70,18300,12.33455
2015-10-09,12.70,12.76,12.57,12.58,69400,12.218003
2015-10-08,12.69,12.74,12.48,12.65,33300,12.285989
2015-10-07,12.75,12.80,12.64,12.69,97500,12.324838
2015-10-06,12.55,12.70,12.55,12.68,31700,12.315126
2015-10-05,12.46,12.79,12.39,12.70,49900,12.33455
2015-10-02,12.28,12.44,12.10,12.40,40700,12.043183
2015-10-01,12.48,12.71,12.37,12.43,34200,12.07232
2015-09-30,12.26,12.47,12.10,12.43,924700,12.07232
2015-09-29,12.21,12.26,12.15,12.19,12400,11.839225
2015-09-28,12.21,12.25,12.04,12.21,31500,11.85865
2015-09-25,12.32,12.40,11.95,12.26,23600,11.907212
2015-09-24,12.18,12.28,12.12,12.24,27500,11.887787
2015-09-23,12.33,12.40,12.18,12.24,21500,11.887787
2015-09-22,12.13,12.33,12.07,12.27,23900,11.916924
2015-09-21,12.07,12.32,12.07,12.24,29800,11.887787
2015-09-18,11.91,12.11,11.91,12.11,76800,11.761527
2015-09-17,12.18,12.23,12.03,12.05,33800,11.703255
2015-09-16,12.23,12.24,12.12,12.20,19000,11.848938
2015-09-15,12.19,12.27,12.13,12.21,21200,11.85865
2015-09-14,12.18,12.21,12.05,12.21,24500,11.85865
2015-09-11,12.13,12.25,12.13,12.20,15800,11.848938
2015-09-10,12.13,12.25,12.10,12.20,23700,11.848938
2015-09-09,12.21,12.24,12.05,12.15,65200,11.800376
2015-09-08,12.12,12.27,12.05,12.14,44200,11.790665
2015-09-04,12.02,12.13,11.98,12.05,17000,11.703255
2015-09-03,12.16,12.20,12.11,12.12,17100,11.77124
2015-09-02,12.20,12.25,12.06,12.20,32600,11.848938
2015-09-01,12.11,12.22,12.11,12.16,28900,11.810089
2015-08-31,12.03,12.33,12.02,12.30,31100,11.946061
2015-08-28,12.00,12.25,11.94,11.98,810500,11.635268
2015-08-27,11.99,12.12,11.75,12.08,27800,11.732391
2015-08-26,12.03,12.03,11.72,11.96,23800,11.615844
2015-08-25,12.03,12.03,11.62,11.80,42100,11.460448
2015-08-24,11.68,11.73,11.66,11.71,52500,11.373038
2015-08-21,11.77,12.23,11.77,12.01,39300,11.664406
2015-08-20,12.01,12.09,11.94,11.98,33300,11.635268
2015-08-19,12.10,12.19,12.01,12.11,14700,11.761527
2015-08-18,12.37,12.37,12.10,12.12,20300,11.77124
2015-08-17,12.22,12.48,12.21,12.42,12800,12.062607
2015-08-14,12.10,12.30,12.10,12.30,11800,11.946061
2015-08-13,11.99,12.24,11.99,12.12,15700,11.77124
2015-08-12,11.90,12.14,11.82,12.01,19500,11.664406
2015-08-11,11.93,12.02,11.88,11.97,15300,11.625557
2015-08-10,11.98,12.03,11.94,11.99,34200,11.644981
2015-08-07,11.89,12.01,11.89,11.98,21600,11.55757
2015-08-06,11.97,12.07,11.93,11.97,15400,11.547924
2015-08-05,12.07,12.18,11.95,11.98,12100,11.55757
2015-08-04,11.98,12.15,11.95,11.97,20800,11.547924
2015-08-03,12.09,12.13,11.90,11.98,26900,11.55757
2015-07-31,12.07,12.09,11.89,12.09,26700,11.663692
2015-07-30,11.87,12.06,11.80,11.99,14300,11.567218
2015-07-29,11.90,11.97,11.81,11.83,6600,11.41286
2015-07-28,11.79,12.01,11.79,11.94,11700,11.518981
2015-07-27,11.74,11.98,11.74,11.93,10100,11.509334
2015-07-24,11.86,12.04,11.74,11.79,19800,11.37427
2015-07-23,12.01,12.01,11.78,11.89,21100,11.470744
2015-07-22,11.98,12.10,11.90,11.95,16600,11.528628
2015-07-21,11.99,12.03,11.87,11.95,26500,11.528628
2015-07-20,11.98,12.07,11.86,12.03,23500,11.605807
2015-07-17,12.00,12.09,11.98,12.03,19200,11.605807
2015-07-16,12.10,12.14,11.96,11.99,11000,11.567218
2015-07-15,12.20,12.21,12.02,12.03,9700,11.605807
2015-07-14,12.07,12.19,12.06,12.10,18800,11.67334
2015-07-13,12.12,12.17,12.05,12.06,16500,11.63475
2015-07-10,12.00,12.26,11.89,12.10,78300,11.67334
2015-07-09,12.03,12.03,11.87,11.94,16100,11.518981
2015-07-08,11.92,12.05,11.80,11.90,23500,11.480391
2015-07-07,12.00,12.10,11.87,11.99,36700,11.567218
2015-07-06,11.87,12.10,11.81,12.00,24800,11.576865
2015-07-02,11.80,11.89,11.61,11.88,27300,11.461097
2015-07-01,11.80,11.91,11.78,11.79,64400,11.37427
2015-06-30,11.79,11.88,11.76,11.78,47500,11.364623
2015-06-29,11.79,11.86,11.75,11.75,71900,11.335681
2015-06-26,12.05,12.08,11.93,11.96,250500,11.538276
2015-06-25,12.03,12.29,11.99,11.99,47000,11.567218
2015-06-24,11.73,12.18,11.71,11.99,137300,11.567218
2015-06-23,11.70,11.75,11.62,11.69,170400,11.277796
2015-06-22,11.68,11.74,11.63,11.64,88900,11.22956
2015-06-19,11.64,11.74,11.59,11.65,71400,11.239206
2015-06-18,11.74,11.79,11.47,11.69,67000,11.277796
2015-06-17,11.75,11.81,11.60,11.65,29600,11.239206
2015-06-16,11.85,11.85,11.65,11.76,42600,11.345328
2015-06-15,11.67,11.96,11.50,11.91,26400,11.490039
2015-06-12,11.80,11.82,11.69,11.71,11900,11.297091
2015-06-11,11.85,11.96,11.81,11.86,9200,11.441802
2015-06-10,11.90,11.95,11.76,11.85,31700,11.432155
2015-06-09,11.80,11.88,11.76,11.79,15200,11.37427
2015-06-08,11.87,11.91,11.74,11.82,15100,11.403212
2015-06-05,11.78,11.93,11.68,11.92,41600,11.499686
2015-06-04,11.79,11.82,11.69,11.77,26900,11.354976
2015-06-03,11.81,12.03,11.73,11.90,35300,11.480391
2015-06-02,11.96,12.02,11.80,11.82,32000,11.403212
2015-06-01,11.74,11.94,11.70,11.88,24600,11.461097
2015-05-29,11.97,12.01,11.72,11.84,31400,11.422507
2015-05-28,12.07,12.07,11.88,11.90,237800,11.480391
2015-05-27,11.91,12.18,11.82,12.14,18900,11.711929
2015-05-26,11.88,11.91,11.74,11.90,37300,11.480391
2015-05-22,12.04,12.04,11.89,11.96,32000,11.538276
2015-05-21,12.01,12.10,12.00,12.08,17900,11.654044
2015-05-20,12.31,12.31,11.95,12.05,25000,11.625103
2015-05-19,12.30,12.37,11.90,12.25,68400,11.81805
2015-05-18,12.19,12.41,12.07,12.34,38600,11.904877
2015-05-15,12.37,12.37,12.01,12.24,26800,11.808403
2015-05-14,12.40,12.40,12.30,12.39,39800,11.953114
2015-05-13,12.38,12.56,12.33,12.35,53300,11.914524
2015-05-12,12.32,12.41,12.19,12.33,1337000,11.895229
2015-05-11,12.51,12.63,12.38,12.42,12800,11.982056
2015-05-08,12.69,12.69,12.41,12.49,14500,12.010998
2015-05-07,12.51,12.63,12.49,12.51,10900,12.030231
2015-05-06,12.51,12.63,12.40,12.54,25500,12.059081
2015-05-05,12.42,12.63,11.75,12.45,71400,11.972532
2015-05-04,12.65,12.70,12.37,12.52,23100,12.039848
2015-05-01,12.81,12.83,12.12,12.60,46600,12.11678
2015-04-30,12.87,13.05,12.78,12.80,37700,12.30911
2015-04-29,12.98,13.22,12.87,13.01,28400,12.511056
2015-04-28,12.84,13.15,12.81,13.09,25100,12.587988
2015-04-27,12.73,12.90,12.60,12.80,24400,12.30911
2015-04-24,12.67,12.82,12.60,12.77,13700,12.28026
2015-04-23,12.73,12.73,12.62,12.69,15100,12.203328
2015-04-22,12.62,12.74,12.47,12.72,42100,12.232178
2015-04-21,12.62,12.67,12.60,12.63,9500,12.145629
2015-04-20,12.61,12.75,12.59,12.62,138800,12.136013
2015-04-17,12.85,12.90,12.44,12.55,22700,12.068697
2015-04-16,12.82,12.94,12.77,12.94,6900,12.44374
2015-04-15,12.82,12.84,12.75,12.81,14800,12.318726
2015-04-14,12.82,12.82,12.69,12.82,13800,12.328342
2015-04-13,12.85,13.02,12.77,12.82,15600,12.328342
2015-04-10,13.03,13.03,12.85,12.87,6400,12.376425
2015-04-09,13.07,13.16,12.85,12.98,5900,12.482206
2015-04-08,13.21,13.26,12.92,13.05,18500,12.549522
2015-04-07,13.37,13.37,13.21,13.24,8500,12.732235
2015-04-06,13.46,13.62,13.27,13.35,15600,12.838017
2015-04-02,13.27,13.53,13.26,13.51,19700,12.991881
2015-04-01,13.05,13.31,12.96,13.28,59200,12.770701
2015-03-31,12.92,13.16,12.86,13.14,13300,12.636071
2015-03-30,12.86,13.00,12.86,12.98,16100,12.482206
2015-03-27,12.80,12.84,12.68,12.84,19300,12.347576
2015-03-26,12.51,12.81,12.51,12.75,17200,12.261027
2015-03-25,12.90,12.90,12.47,12.50,15200,12.020615
2015-03-24,12.76,12.90,12.73,12.85,11100,12.357192
2015-03-23,12.77,12.89,12.50,12.83,22800,12.337959
2015-03-20,12.51,12.74,12.51,12.74,43700,12.25141
2015-03-19,12.66,12.74,12.42,12.48,12200,12.001381
2015-03-18,12.70,12.77,12.60,12.74,14900,12.25141
2015-03-17,12.60,12.72,12.56,12.70,8500,12.212944
2015-03-16,12.70,12.70,12.53,12.57,10600,12.08793
2015-03-13,12.72,12.72,12.62,12.63,8800,12.145629
2015-03-12,12.39,12.78,12.39,12.69,55700,12.203328
2015-03-11,12.33,12.39,12.29,12.35,21000,11.876368
2015-03-10,12.26,12.36,12.23,12.31,21100,11.837902
2015-03-09,12.17,12.40,12.12,12.38,37700,11.905217
2015-03-06,11.99,12.21,11.99,12.11,37000,11.645571
2015-03-05,12.07,12.20,11.92,12.11,41300,11.645571
2015-03-04,11.90,12.07,11.90,12.02,50300,11.559024
2015-03-03,11.93,11.97,11.91,11.96,16200,11.501324
2015-03-02,11.94,11.99,11.90,11.97,10300,11.510941
2015-02-27,11.95,11.97,11.82,11.92,10700,11.462858
2015-02-26,11.89,11.98,11.84,11.98,10600,11.520557
2015-02-25,11.94,11.97,11.92,11.94,6200,11.482091
2015-02-24,11.98,11.99,11.90,11.91,5600,11.453242
2015-02-23,11.90,11.98,11.86,11.93,12900,11.472475
2015-02-20,11.96,11.98,11.79,11.97,14300,11.510941
2015-02-19,11.89,11.98,11.89,11.92,8200,11.462858
2015-02-18,11.79,11.94,11.78,11.93,12900,11.472475
2015-02-17,11.84,11.89,11.75,11.84,30000,11.385926
2015-02-13,11.71,11.81,11.71,11.75,24600,11.299378
2015-02-12,11.71,11.83,11.67,11.78,6500,11.289761
2015-02-11,11.74,11.81,11.65,11.66,8100,11.174755
2015-02-10,11.56,11.80,11.53,11.74,59300,11.251426
2015-02-09,11.65,11.81,11.38,11.42,12700,10.944743
2015-02-06,11.72,11.87,11.67,11.73,16700,11.241842
2015-02-05,11.64,11.82,11.63,11.69,16400,11.203506
2015-02-04,11.74,11.94,11.50,11.55,23600,11.069333
2015-02-03,11.61,11.89,11.61,11.83,23900,11.33768
2015-02-02,11.25,11.63,11.25,11.63,12300,11.146004
2015-01-30,11.52,11.71,11.22,11.31,25100,10.839321
2015-01-29,11.28,11.66,11.28,11.66,9700,11.174755
2015-01-28,11.39,11.48,11.15,11.40,27500,10.925575
2015-01-27,11.36,11.48,11.35,11.37,11700,10.896824
2015-01-26,11.43,11.49,11.22,11.46,11100,10.983078
2015-01-23,11.75,11.75,11.30,11.50,12100,11.021414
2015-01-22,11.35,11.73,11.27,11.72,16700,11.232258
2015-01-21,11.23,11.34,11.20,11.26,9000,10.791402
2015-01-20,11.36,11.70,11.20,11.22,10500,10.753066
2015-01-16,11.20,11.45,11.20,11.40,24300,10.925575
2015-01-15,11.38,11.44,11.09,11.26,23000,10.791402
2015-01-14,11.40,11.52,11.30,11.40,5600,10.925575
2015-01-13,11.51,11.66,11.38,11.49,10800,11.01183
2015-01-12,11.59,11.62,11.35,11.39,9100,10.915992
2015-01-09,11.69,11.70,11.54,11.57,11700,11.0885
2015-01-08,11.45,11.80,11.26,11.73,10700,11.241842
2015-01-07,11.24,11.39,11.07,11.36,85800,10.88724
2015-01-06,11.39,11.40,11.12,11.13,13900,10.666812
2015-01-05,11.56,11.68,11.43,11.51,14000,11.030998
2015-01-02,11.87,11.93,11.56,11.60,21400,11.117252
2014-12-31,11.94,11.94,11.77,11.86,14600,11.366432
2014-12-30,11.91,11.94,11.85,11.90,12500,11.404767
2014-12-29,11.92,11.94,11.88,11.89,27000,11.395184
2014-12-26,11.92,11.93,11.81,11.93,18300,11.433519
2014-12-24,11.88,11.92,11.54,11.92,7900,11.423935
2014-12-23,11.54,11.88,11.54,11.81,28400,11.318513
2014-12-22,11.86,11.87,11.71,11.84,22300,11.347264
2014-12-19,11.78,11.91,11.70,11.89,72100,11.395184
2014-12-18,11.94,11.94,11.72,11.81,40500,11.318513
2014-12-17,11.55,11.84,11.55,11.81,26200,11.318513
2014-12-16,11.12,11.62,11.12,11.49,17500,11.01183
2014-12-15,11.16,11.25,11.10,11.15,93800,10.685979
2014-12-12,11.26,11.43,11.15,11.16,24800,10.695563
2014-12-11,11.52,11.57,11.38,11.43,16300,10.954327
2014-12-10,11.61,11.74,11.43,11.44,14900,10.96391
2014-12-09,11.17,11.69,11.14,11.68,21800,11.193923
2014-12-08,11.38,11.51,11.24,11.31,9500,10.839321
2014-12-05,11.19,11.54,11.16,11.39,32900,10.915992
2014-12-04,11.06,11.33,11.06,11.19,13800,10.724314
2014-12-03,11.32,11.41,11.25,11.28,14500,10.810569
2014-12-02,11.49,11.49,11.19,11.31,26300,10.839321
2014-12-01,11.41,11.43,11.19,11.20,18500,10.733898
2014-11-28,11.66,11.69,11.36,11.39,11100,10.915992
2014-11-26,11.62,11.71,11.59,11.61,5400,11.126836
2014-11-25,11.80,11.80,11.64,11.66,10700,11.174755
2014-11-24,11.68,11.79,11.68,11.75,9900,11.26101
2014-11-21,11.74,11.90,11.61,11.62,12600,11.13642
2014-11-20,11.47,11.66,11.45,11.62,18000,11.13642
2014-11-19,11.47,11.61,11.47,11.56,21700,11.078917
2014-11-18,11.49,11.64,11.36,11.52,17600,11.040582
2014-11-17,11.37,11.51,11.26,11.43,12900,10.954327
2014-11-14,11.65,11.65,11.43,11.46,14500,10.954327
2014-11-13,11.75,11.81,11.66,11.67,25600,11.15506
2014-11-12,11.78,11.84,11.67,11.79,86100,11.269765
2014-11-11,11.80,11.85,11.70,11.79,27600,11.269765
2014-11-10,11.85,11.87,11.72,11.85,22200,11.327118
2014-11-07,11.83,11.87,11.65,11.87,10500,11.346235
2014-11-06,11.66,11.85,11.49,11.85,13800,11.327118
2014-11-05,11.71,11.81,11.62,11.69,11600,11.174177
2014-11-04,11.55,11.66,11.45,11.65,8200,11.135942
2014-11-03,11.99,11.99,11.52,11.62,86900,11.107266
2014-10-31,12.14,12.17,11.86,11.93,74300,11.403588
2014-10-30,11.50,11.86,11.44,11.86,44600,11.336676
2014-10-29,11.51,11.57,11.12,11.49,33400,10.983003
2014-10-28,11.17,11.46,10.86,11.46,44900,10.954327
2014-10-27,10.87,11.11,10.87,11.09,6800,10.600653
2014-10-24,10.98,10.98,10.85,10.94,28500,10.457271
2014-10-23,11.10,11.10,10.91,10.95,13400,10.46683
2014-10-22,11.24,11.24,10.91,10.91,10900,10.428595
2014-10-21,11.12,11.23,11.08,11.18,9600,10.686682
2014-10-20,11.01,11.13,10.96,11.11,13600,10.61977
2014-10-17,11.38,11.38,11.01,11.01,20600,10.524183
2014-10-16,10.90,11.23,10.90,11.19,20700,10.69624
2014-10-15,10.82,11.20,10.82,11.05,40500,10.562418
2014-10-14,11.04,11.25,10.83,11.00,33700,10.514624
2014-10-13,10.80,11.18,10.60,10.91,29900,10.428595
2014-10-10,10.64,10.96,10.59,10.75,22600,10.275655
2014-10-09,10.60,10.76,10.52,10.71,28700,10.23742
2014-10-08,10.55,10.97,10.43,10.92,31800,10.438154
2014-10-07,10.47,10.68,10.42,10.60,24200,10.132275
2014-10-06,10.59,10.64,10.43,10.60,23500,10.132275
2014-10-03,10.59,10.69,10.47,10.60,25700,10.132275
2014-10-02,10.72,10.72,10.36,10.46,51000,9.998452
2014-10-01,10.39,10.50,10.24,10.31,61900,9.855071
2014-09-30,10.42,10.59,10.32,10.38,47600,9.921982
2014-09-29,10.32,10.57,10.23,10.45,33600,9.988893
2014-09-26,10.41,10.51,10.30,10.40,21400,9.941099
2014-09-25,10.46,10.69,10.32,10.40,26700,9.941099
2014-09-24,10.49,10.66,10.49,10.61,26000,10.141833
2014-09-23,10.43,10.55,10.33,10.50,50000,10.017569
2014-09-22,10.47,10.56,10.38,10.43,18700,9.950786
2014-09-19,10.50,10.69,10.40,10.55,61900,10.065272
2014-09-18,10.45,10.54,10.40,10.46,17200,9.979407
2014-09-17,10.45,10.60,10.23,10.46,21600,9.979407
2014-09-16,10.35,10.49,10.30,10.45,21200,9.969867
2014-09-15,11.23,11.24,10.25,10.29,19900,9.817218
2014-09-12,10.85,10.85,10.51,10.54,15900,10.055732
2014-09-11,10.59,10.84,10.59,10.83,16700,10.332407
2014-09-10,10.59,10.72,10.53,10.67,11600,10.179759
2014-09-09,10.75,10.91,10.49,10.61,46100,10.122515
2014-09-08,10.84,10.87,10.75,10.79,13100,10.294245
2014-09-05,10.72,10.89,10.63,10.81,15100,10.313327
2014-09-04,10.88,11.01,10.70,10.71,10400,10.217921
2014-09-03,10.97,11.03,10.81,10.82,21300,10.322867
2014-09-02,10.82,11.00,10.80,10.94,23900,10.437353
2014-08-29,10.70,11.09,10.65,10.81,22100,10.313327
2014-08-28,10.51,10.70,10.51,10.65,21100,10.160677
2014-08-27,10.57,10.60,10.56,10.58,9000,10.093894
2014-08-26,10.42,10.75,10.42,10.69,22800,10.198839
2014-08-25,10.35,10.50,10.30,10.38,38500,9.903083
2014-08-22,10.29,10.35,10.24,10.31,23500,9.8363
2014-08-21,10.23,10.39,10.19,10.29,19500,9.817218
2014-08-20,10.32,10.33,10.19,10.26,76300,9.788597
2014-08-19,10.35,10.44,10.31,10.36,11200,9.884002
2014-08-18,10.40,10.40,10.25,10.37,19000,9.893542
2014-08-15,10.66,10.90,10.17,10.25,25200,9.779056
2014-08-14,10.47,10.63,10.47,10.52,8900,10.036651
2014-08-13,10.35,10.47,10.27,10.42,24900,9.941245
2014-08-12,10.31,10.34,10.18,10.34,190500,9.864921
2014-08-11,10.39,10.43,10.35,10.39,14300,9.912624
2014-08-08,10.24,10.44,10.24,10.43,16800,9.931705
2014-08-07,10.42,10.42,10.24,10.27,10500,9.779349
2014-08-06,10.18,10.48,10.18,10.42,92000,9.922182
2014-08-05,10.07,10.32,10.05,10.22,251500,9.731738
2014-08-04,10.29,10.49,10.05,10.11,40000,9.626992
2014-08-01,10.32,10.37,10.15,10.21,48000,9.722215
2014-07-31,10.45,10.45,10.20,10.22,61700,9.731738
2014-07-30,10.42,10.48,10.29,10.45,15600,9.950749
2014-07-29,10.37,10.43,10.02,10.40,82900,9.903137
2014-07-28,10.27,10.38,10.16,10.35,39800,9.855527
2014-07-25,10.17,10.35,10.04,10.31,28900,9.817438
2014-07-24,10.39,10.40,10.20,10.28,20900,9.788871
2014-07-23,10.35,10.52,10.25,10.35,13500,9.855527
2014-07-22,10.43,10.46,10.31,10.38,16500,9.884093
2014-07-21,10.34,10.57,10.27,10.36,25800,9.865049
2014-07-18,10.22,10.51,10.17,10.45,31600,9.950749
2014-07-17,10.53,10.59,10.21,10.29,94900,9.798393
2014-07-16,10.73,10.75,10.55,10.56,20600,10.055494
2014-07-15,10.77,10.77,10.62,10.71,37600,10.198328
2014-07-14,10.86,10.95,10.68,10.80,17800,10.284028
2014-07-11,10.75,10.90,10.72,10.81,18400,10.29355
2014-07-10,10.76,10.84,10.59,10.72,18500,10.20785
2014-07-09,10.65,11.15,10.65,11.00,13300,10.474473
2014-07-08,11.12,11.20,10.91,11.02,26100,10.493518
2014-07-07,11.28,11.28,11.05,11.13,21600,10.598262
2014-07-03,11.41,11.42,11.25,11.35,14700,10.807752
2014-07-02,11.35,11.48,11.26,11.33,70500,10.788707
2014-07-01,11.25,11.74,11.25,11.41,99000,10.864885
2014-06-30,11.02,11.20,10.91,11.16,33900,10.626829
2014-06-27,10.70,11.24,10.51,11.02,483000,10.493518
2014-06-26,10.67,10.78,10.60,10.76,60000,10.245939
2014-06-25,10.52,10.70,10.42,10.65,36400,10.141194
2014-06-24,10.57,10.73,10.49,10.60,57700,10.093583
2014-06-23,10.54,10.60,10.36,10.57,67500,10.065016
2014-06-20,10.40,10.55,10.24,10.54,91700,10.036449
2014-06-19,10.38,10.47,10.16,10.36,22400,9.865049
2014-06-18,10.14,10.33,9.95,10.30,29200,9.807916
2014-06-17,10.28,10.34,10.08,10.16,27800,9.674604
2014-06-16,10.24,10.32,10.13,10.24,34400,9.750782
2014-06-13,10.38,10.43,10.15,10.23,15300,9.741259
2014-06-12,10.33,10.50,10.27,10.31,35600,9.817438
2014-06-11,10.54,10.67,10.31,10.33,28300,9.836482
2014-06-10,10.79,10.80,10.49,10.56,29700,10.055494
2014-06-09,10.49,10.82,10.49,10.65,51100,10.141194
2014-06-06,10.29,10.49,10.24,10.44,50800,9.941226
2014-06-05,9.79,10.24,9.67,10.22,35700,9.731738
2014-06-04,9.75,9.82,9.67,9.75,69900,9.284192
2014-06-03,9.89,10.09,9.70,9.77,50600,9.303237
2014-06-02,10.00,10.00,9.75,9.98,35200,9.503203
2014-05-30,10.10,10.24,9.83,9.99,27000,9.512725
2014-05-29,10.14,10.23,9.97,10.06,21900,9.579382
2014-05-28,10.09,10.16,9.96,10.07,13700,9.588903
2014-05-27,9.99,10.17,9.94,10.16,28500,9.674604
2014-05-23,9.88,10.02,9.60,9.99,30600,9.512725
2014-05-22,9.65,9.90,9.65,9.84,31500,9.369892
2014-05-21,9.65,9.74,9.53,9.68,32700,9.217536
2014-05-20,9.59,9.87,9.45,9.60,70300,9.141358
2014-05-19,9.51,9.78,9.46,9.62,28800,9.160402
2014-05-16,9.45,9.57,9.45,9.56,42600,9.103269
2014-05-15,9.60,9.76,9.40,9.48,51500,9.027091
2014-05-14,9.90,10.10,9.60,9.60,68600,9.141358
2014-05-13,10.30,10.30,9.85,9.87,94100,9.398459
2014-05-12,9.92,10.38,9.90,10.34,62800,9.846004
2014-05-09,9.63,9.96,9.60,9.90,29700,9.427025
2014-05-08,9.62,9.72,9.60,9.60,25500,9.141358
2014-05-07,9.68,9.76,9.65,9.67,27100,9.208014
2014-05-06,9.60,9.76,9.60,9.70,61400,9.23658
2014-05-05,9.58,9.85,9.58,9.62,36200,9.160402
2014-05-02,9.89,9.89,9.61,9.70,21300,9.227058
2014-05-01,9.83,9.90,9.75,9.82,68500,9.341207
2014-04-30,9.83,9.98,9.83,9.84,36300,9.360232
2014-04-29,9.93,9.99,9.83,9.84,17300,9.360232
2014-04-28,9.90,9.95,9.80,9.86,28900,9.379257
2014-04-25,9.90,9.96,9.77,9.81,55200,9.331695
2014-04-24,9.97,9.97,9.90,9.91,7500,9.426819
2014-04-23,9.90,9.96,9.90,9.91,20700,9.426819
2014-04-22,9.94,9.95,9.90,9.92,15100,9.436332
2014-04-21,9.96,9.97,9.90,9.94,19900,9.455356
2014-04-17,9.90,9.99,9.90,9.96,14800,9.474381
2014-04-16,9.99,9.99,9.90,9.94,11700,9.455356
2014-04-15,9.95,9.95,9.90,9.93,17700,9.445844
2014-04-14,10.02,10.10,9.90,9.95,29200,9.464869
2014-04-11,9.90,9.96,9.90,9.91,36400,9.426819
2014-04-10,9.96,9.96,9.90,9.90,44400,9.417306
2014-04-09,9.91,10.05,9.90,9.96,23900,9.474381
2014-04-08,9.94,10.08,9.87,9.88,23000,9.398282
2014-04-07,9.90,10.13,9.88,9.89,20400,9.407795
2014-04-04,10.20,10.22,9.87,9.91,30800,9.426819
2014-04-03,10.22,10.24,10.05,10.10,15800,9.607556
2014-04-02,10.25,10.25,10.18,10.25,15800,9.750242
2014-04-01,10.03,10.24,10.03,10.22,28600,9.721705
2014-03-31,9.98,10.15,9.96,9.98,51300,9.493406
2014-03-28,9.90,10.13,9.89,9.96,28900,9.474381
2014-03-27,9.85,9.94,9.85,9.92,19100,9.436332
2014-03-26,10.09,10.10,9.92,9.92,29700,9.436332
2014-03-25,9.95,10.05,9.90,10.00,12100,9.512431
2014-03-24,9.95,10.02,9.84,9.88,15100,9.398282
2014-03-21,10.00,10.05,9.89,9.90,112000,9.417306
2014-03-20,9.92,10.04,9.88,9.92,7700,9.436332
2014-03-19,10.06,10.06,9.87,9.90,16400,9.417306
2014-03-18,10.06,10.11,10.02,10.11,23100,9.617067
2014-03-17,9.95,10.10,9.90,10.03,16300,9.540968
2014-03-14,9.82,9.90,9.82,9.89,12500,9.407795
2014-03-13,10.02,10.02,9.81,9.86,11900,9.379257
2014-03-12,9.81,10.02,9.81,9.99,16700,9.502918
2014-03-11,10.10,10.10,9.79,9.83,31200,9.35072
2014-03-10,10.08,10.20,10.01,10.12,19300,9.62658
2014-03-07,10.11,10.23,10.02,10.15,21600,9.655117
2014-03-06,10.04,10.19,9.99,10.01,7200,9.521944
2014-03-05,10.14,10.14,9.85,10.05,17400,9.559993
2014-03-04,9.81,10.26,9.81,10.20,77600,9.702679
2014-03-03,9.92,10.08,9.75,9.81,35000,9.331695
2014-02-28,10.19,10.23,9.96,9.98,46800,9.493406
2014-02-27,10.01,10.16,10.01,10.15,26300,9.655117
2014-02-26,9.98,10.16,9.94,10.07,23700,9.579018
2014-02-25,9.89,10.12,9.89,9.98,8900,9.493406
2014-02-24,10.07,10.26,9.63,10.16,19300,9.66463
2014-02-21,9.97,10.33,9.96,10.09,66600,9.598043
2014-02-20,9.64,9.92,9.64,9.90,22900,9.417306
2014-02-19,9.82,9.84,9.60,9.64,26100,9.169984
2014-02-18,9.77,9.90,9.54,9.88,29400,9.398282
2014-02-14,9.74,9.80,9.57,9.71,26000,9.236571
2014-02-13,9.60,9.73,9.56,9.72,11100,9.246083
2014-02-12,9.59,9.78,9.54,9.60,22600,9.131934
2014-02-11,9.28,9.59,9.25,9.55,74000,9.084372
2014-02-10,9.30,9.34,9.21,9.31,27200,8.856074
2014-02-07,9.27,9.35,9.20,9.35,40000,8.894123
2014-02-06,9.25,9.38,9.25,9.28,21400,8.827536
2014-02-05,9.26,9.37,9.19,9.25,25500,8.798999
2014-02-04,9.35,9.42,9.25,9.39,24500,8.932173
2014-02-03,9.14,9.35,9.10,9.31,58600,8.856074
2014-01-31,9.10,9.42,9.06,9.09,54400,8.6468
2014-01-30,9.41,9.47,9.25,9.30,28800,8.846561
2014-01-29,9.38,9.42,9.30,9.34,32600,8.884611
2014-01-28,9.36,9.49,9.28,9.45,58100,8.989247
2014-01-27,9.35,9.45,9.31,9.38,19700,8.92266
2014-01-24,9.35,9.41,9.29,9.36,24000,8.903635
2014-01-23,9.44,9.44,9.36,9.44,20900,8.979734
2014-01-22,9.45,9.45,9.39,9.45,12200,8.989247
2014-01-21,9.44,9.48,9.35,9.45,42000,8.989247
2014-01-17,9.52,9.66,9.30,9.40,17600,8.941685
2014-01-16,9.63,9.79,9.41,9.52,25500,9.055835
2014-01-15,9.66,9.79,9.63,9.68,39700,9.208034
2014-01-14,9.49,9.67,9.49,9.65,11400,9.179496
2014-01-13,9.55,9.59,9.30,9.48,42600,9.017784
2014-01-10,9.44,9.61,9.44,9.55,67100,9.084372
2014-01-09,9.41,9.49,9.37,9.41,15000,8.951197
2014-01-08,9.60,9.61,9.31,9.34,8100,8.884611
2014-01-07,9.59,9.60,9.46,9.59,13000,9.122421
2014-01-06,9.64,9.67,9.43,9.54,21000,9.074859
2014-01-03,9.36,9.61,9.36,9.56,16000,9.093884
2014-01-02,9.19,9.54,9.15,9.34,33700,8.884611
2013-12-31,9.27,9.42,9.12,9.16,18900,8.713387
2013-12-30,9.28,9.46,9.14,9.24,37000,8.789486
2013-12-27,9.66,9.67,9.28,9.33,21200,8.875098
2013-12-26,9.59,9.67,9.58,9.63,27400,9.160471
2013-12-24,9.46,9.59,9.46,9.58,9000,9.112909
2013-12-23,9.38,9.49,9.35,9.48,30400,9.017784
2013-12-20,9.18,9.39,9.18,9.34,92700,8.884611
2013-12-19,9.29,9.29,9.11,9.13,7500,8.68485
2013-12-18,9.22,9.40,9.07,9.29,30600,8.837048
2013-12-17,9.34,9.39,9.09,9.17,11500,8.722899
2013-12-16,9.20,9.40,9.08,9.37,24400,8.913148
2013-12-13,9.13,9.26,9.06,9.19,21400,8.741924
2013-12-12,9.02,9.15,9.02,9.13,13300,8.68485
2013-12-11,8.70,9.14,8.70,9.04,22500,8.599238
2013-12-10,9.32,9.39,8.95,9.25,30000,8.798999
2013-12-09,9.54,9.60,9.29,9.36,13400,8.903635
2013-12-06,9.45,9.74,9.41,9.73,14300,9.246083
2013-12-05,9.28,9.42,9.18,9.34,17000,8.87548
2013-12-04,9.36,9.56,9.18,9.48,12300,9.008516
2013-12-03,9.49,9.59,9.41,9.43,13700,8.961004
2013-12-02,9.73,9.73,9.50,9.53,12900,9.05603
2013-11-29,9.69,9.74,9.60,9.74,32800,9.255585
2013-11-27,9.65,9.72,9.46,9.72,23400,9.236581
2013-11-26,9.40,9.65,9.25,9.62,23800,9.141554
2013-11-25,9.31,9.43,9.20,9.36,6800,8.894484
2013-11-22,9.26,9.40,9.15,9.39,24000,8.922993
2013-11-21,9.12,9.30,9.09,9.29,20000,8.827966
2013-11-20,9.02,9.19,8.95,9.05,8800,8.599903
2013-11-19,9.04,9.05,8.89,9.00,5900,8.552389
2013-11-18,9.05,9.24,9.05,9.05,10300,8.599903
2013-11-15,9.10,9.10,9.00,9.08,14400,8.62841
2013-11-14,9.22,9.22,9.11,9.12,4200,8.666421
2013-11-13,9.05,9.25,9.05,9.25,12200,8.789956
2013-11-12,9.20,9.37,9.12,9.15,7700,8.694929
2013-11-11,9.34,9.38,9.25,9.26,9100,8.799458
2013-11-08,8.97,9.39,8.97,9.39,24900,8.922993
2013-11-07,9.17,9.30,8.91,8.96,17800,8.514379
2013-11-06,9.10,9.23,9.00,9.10,12700,8.647416
2013-11-05,8.93,9.14,8.80,9.05,10900,8.599903
2013-11-04,9.02,9.14,8.83,8.96,31500,8.514379
2013-11-01,9.26,9.35,8.86,9.03,54900,8.580897
2013-10-31,9.36,9.38,9.25,9.29,27700,8.827966
2013-10-30,9.39,9.39,9.30,9.33,18800,8.865977
2013-10-29,9.39,9.43,9.25,9.38,15300,8.91349
2013-10-28,9.16,9.36,9.16,9.34,13700,8.87548
2013-10-25,9.25,9.34,9.06,9.24,17000,8.77095
2013-10-24,9.12,9.27,9.01,9.20,24200,8.732981
2013-10-23,9.03,9.16,8.95,9.12,17500,8.657042
2013-10-22,9.20,9.22,9.01,9.09,21000,8.628565
2013-10-21,9.15,9.22,9.10,9.20,16800,8.732981
2013-10-18,9.20,9.22,8.93,9.16,36300,8.695011
2013-10-17,9.18,9.20,9.11,9.19,19500,8.723488
2013-10-16,9.30,9.30,9.14,9.21,9900,8.742473
2013-10-15,9.24,9.35,9.01,9.26,15400,8.789935
2013-10-14,9.23,9.37,9.22,9.30,28800,8.827905
2013-10-11,9.26,9.37,9.14,9.30,39300,8.827905
2013-10-10,9.25,9.38,9.15,9.32,25100,8.846889
2013-10-09,9.10,9.23,9.05,9.16,25600,8.695011
2013-10-08,9.15,9.20,9.03,9.07,18400,8.60958
2013-10-07,9.15,9.20,9.04,9.15,24300,8.685519
2013-10-04,8.98,9.24,8.88,9.23,15900,8.761458
2013-10-03,8.95,9.13,8.91,9.00,17200,8.543133
2013-10-02,8.98,9.16,8.91,9.00,38400,8.543133
2013-10-01,8.88,8.94,8.70,8.94,20400,8.486179
2013-09-30,8.77,8.99,8.75,8.84,23900,8.391256
2013-09-27,8.93,9.09,8.77,8.86,12200,8.41024
2013-09-26,9.04,9.15,8.92,9.02,13800,8.562119
2013-09-25,8.93,9.21,8.93,9.04,6300,8.581103
2013-09-24,9.24,9.25,9.07,9.21,21400,8.742473
2013-09-23,9.09,9.24,8.97,9.24,19600,8.77095
2013-09-20,9.14,9.17,9.02,9.14,46000,8.676027
2013-09-19,9.20,9.20,8.94,9.15,6400,8.685519
2013-09-18,9.09,9.20,8.95,9.19,14100,8.723488
2013-09-17,8.90,9.14,8.75,9.12,14400,8.657042
2013-09-16,8.86,9.00,8.78,8.93,13200,8.476687
2013-09-13,8.76,8.82,8.69,8.70,8800,8.258362
2013-09-12,8.74,8.85,8.53,8.64,8000,8.201408
2013-09-11,8.74,8.81,8.56,8.70,8300,8.258362
2013-09-10,8.50,8.79,8.50,8.79,7100,8.343794
2013-09-09,8.55,8.55,8.35,8.51,7600,8.078008
2013-09-06,8.47,8.47,8.18,8.38,11900,7.954607
2013-09-05,8.31,8.38,8.31,8.38,6700,7.954607
2013-09-04,8.41,8.41,8.26,8.26,19800,7.840698
2013-09-03,8.57,8.84,8.19,8.28,18200,7.859683
2013-08-30,8.79,8.79,8.25,8.40,27300,7.973591
2013-08-29,8.68,8.87,8.44,8.82,11100,8.37227
2013-08-28,8.44,8.88,8.43,8.68,7500,8.239378
2013-08-27,8.47,8.67,8.34,8.42,31200,7.992576
2013-08-26,8.71,8.75,8.43,8.62,4200,8.182423
2013-08-23,8.71,8.74,8.57,8.68,9800,8.239378
2013-08-22,8.42,8.73,8.30,8.71,7700,8.267855
2013-08-21,8.55,8.68,8.34,8.40,7000,7.973591
2013-08-20,8.59,8.82,8.54,8.61,19700,8.172931
2013-08-19,8.74,8.99,8.54,8.55,15600,8.115977
2013-08-16,8.66,8.83,8.66,8.68,12100,8.239378
2013-08-15,8.74,8.77,8.51,8.71,22700,8.267855
2013-08-14,9.01,9.05,8.82,8.87,8900,8.419733
2013-08-13,9.18,9.20,8.98,8.99,5200,8.533641
2013-08-12,8.95,9.23,8.91,9.21,13200,8.742473
2013-08-09,8.89,9.05,8.84,8.90,7300,8.448209
2013-08-08,8.87,8.94,8.80,8.90,5300,8.448209
2013-08-07,8.78,8.86,8.76,8.76,4100,8.315317
2013-08-06,8.93,8.97,8.85,8.87,7700,8.419733
2013-08-05,9.11,9.11,8.94,8.99,3200,8.533641
2013-08-02,8.96,9.19,8.96,9.16,16600,8.695011
2013-08-01,9.00,9.08,8.72,9.07,22400,8.60958
2013-07-31,8.82,8.82,8.55,8.60,30600,8.163439
2013-07-30,8.99,9.06,8.70,8.80,19400,8.353286
2013-07-29,9.10,9.10,8.90,8.90,10000,8.448209
2013-07-26,9.03,9.12,8.97,9.00,16600,8.543133
2013-07-25,9.07,9.19,9.05,9.13,39600,8.666534
2013-07-24,9.06,9.20,9.00,9.07,23700,8.60958
2013-07-23,9.10,9.10,8.96,9.01,14300,8.552626
2013-07-22,8.96,9.12,8.90,9.04,28700,8.581103
2013-07-19,9.24,9.24,8.84,9.03,29200,8.57161
2013-07-18,9.26,9.28,9.15,9.28,22400,8.80892
2013-07-17,9.32,9.40,9.24,9.27,33400,8.799428
2013-07-16,9.05,9.28,9.05,9.23,43000,8.761458
2013-07-15,8.90,9.05,8.82,9.04,11900,8.581103
2013-07-12,9.06,9.06,8.78,8.92,4800,8.467195
2013-07-11,9.00,9.11,8.83,9.10,22200,8.638058
2013-07-10,8.88,9.00,8.78,8.91,25300,8.457702
2013-07-09,8.92,8.92,8.77,8.91,17100,8.457702
2013-07-08,8.54,8.94,8.50,8.91,34400,8.457702
2013-07-05,8.46,8.54,8.27,8.54,49600,8.106484
2013-07-03,8.18,8.29,8.15,8.26,7900,7.840698
2013-07-02,8.36,8.38,8.21,8.28,23600,7.859683
2013-07-01,8.49,8.69,8.19,8.34,28000,7.916637
2013-06-28,8.00,8.54,7.94,8.50,265100,8.068515
2013-06-27,7.97,8.08,7.95,8.00,20500,7.593896
2013-06-26,8.13,8.46,7.92,7.93,9400,7.52745
2013-06-25,8.00,8.10,7.85,8.01,30700,7.603389
2013-06-24,7.85,7.95,7.77,7.91,53000,7.508465
2013-06-21,7.79,8.00,7.70,7.97,72400,7.565419
2013-06-20,7.85,7.85,7.67,7.76,18400,7.36608
2013-06-19,8.14,8.14,7.97,7.98,8900,7.574912
2013-06-18,8.01,8.21,8.01,8.15,19600,7.736282
2013-06-17,8.05,8.06,7.88,8.04,10400,7.622373
2013-06-14,8.07,8.07,7.87,7.96,11700,7.546529
2013-06-13,8.06,8.10,7.87,8.09,11400,7.669776
2013-06-12,8.43,8.43,8.07,8.07,8100,7.650815
2013-06-11,8.56,8.56,8.35,8.36,5600,7.925751
2013-06-10,8.56,8.71,8.50,8.71,20000,8.257571
2013-06-07,8.59,8.59,8.42,8.52,20800,8.077441
2013-06-06,8.41,8.59,8.40,8.57,49500,8.124843
2013-06-05,8.46,8.49,8.05,8.43,10400,7.992116
2013-06-04,8.52,8.64,8.32,8.46,42600,8.020557
2013-06-03,8.00,8.55,7.77,8.54,64500,8.096402
2013-05-31,8.44,8.44,7.60,7.98,32300,7.56549
2013-05-30,8.48,8.59,8.30,8.54,13700,8.096402
2013-05-29,8.40,8.50,8.22,8.42,9200,7.982635
2013-05-28,8.22,8.50,8.05,8.48,22700,8.039518
2013-05-24,8.06,8.08,7.91,8.08,9600,7.660296
2013-05-23,8.05,8.10,8.02,8.09,7000,7.669776
2013-05-22,8.24,8.50,8.05,8.12,20900,7.698218
2013-05-21,8.32,8.32,8.14,8.25,5600,7.821465
2013-05-20,8.08,8.39,7.99,8.34,17200,7.906791
2013-05-17,8.07,8.14,7.96,8.12,23700,7.698218
2013-05-16,8.04,8.07,7.93,8.03,5900,7.612893
2013-05-15,8.14,8.14,8.00,8.08,10400,7.660296
2013-05-14,8.07,8.15,8.02,8.14,13000,7.717179
2013-05-13,8.16,8.17,8.07,8.10,52400,7.679257
2013-05-10,8.19,8.27,8.09,8.26,119100,7.830946
2013-05-09,8.19,8.24,7.92,8.14,15000,7.717179
2013-05-08,8.16,8.23,8.12,8.23,6000,7.802504
2013-05-07,8.05,8.29,8.05,8.26,26000,7.830946
2013-05-06,7.95,8.06,7.90,8.06,54100,7.641335
2013-05-03,7.86,7.96,7.86,7.96,23100,7.546529
2013-05-02,7.58,7.72,7.50,7.72,31200,7.318995
2013-05-01,7.83,7.86,7.25,7.56,62600,7.167306
2013-04-30,7.89,7.91,7.82,7.89,10900,7.480165
2013-04-29,7.84,7.89,7.73,7.87,6600,7.461204
2013-04-26,7.86,7.89,7.77,7.78,18300,7.375879
2013-04-25,7.95,7.95,7.66,7.87,19500,7.461204
2013-04-24,7.77,7.93,7.77,7.91,7600,7.499126
2013-04-23,7.69,7.82,7.64,7.81,9600,7.39484
2013-04-22,7.67,7.73,7.51,7.60,6400,7.196003
2013-04-19,7.37,7.64,7.37,7.61,19000,7.205471
2013-04-18,7.44,7.71,7.32,7.35,22000,6.959292
2013-04-17,7.60,7.61,7.33,7.40,35300,7.006635
2013-04-16,7.39,7.72,7.39,7.66,18100,7.252813
2013-04-15,7.85,7.94,7.27,7.29,69900,6.902482
2013-04-12,7.82,7.88,7.50,7.84,17600,7.423245
2013-04-11,7.79,7.86,7.71,7.84,5900,7.423245
2013-04-10,7.72,7.84,7.62,7.82,22400,7.404308
2013-04-09,7.88,7.88,7.67,7.67,14900,7.262282
2013-04-08,7.87,7.90,7.74,7.85,18500,7.432713
2013-04-05,7.81,7.96,7.74,7.86,21300,7.442182
2013-04-04,7.84,7.98,7.78,7.98,12500,7.555803
2013-04-03,7.80,7.92,7.80,7.80,18200,7.385372
2013-04-02,7.99,8.10,7.86,7.94,28700,7.517929
2013-04-01,8.00,8.00,7.80,7.92,168800,7.498993
2013-03-28,8.08,8.13,7.90,8.09,18400,7.659956
2013-03-27,8.07,8.07,8.01,8.02,14200,7.593677
2013-03-26,8.07,8.16,8.00,8.16,15500,7.726235
2013-03-25,8.08,8.10,8.01,8.04,7700,7.612614
2013-03-22,8.12,8.12,7.96,8.06,2800,7.631551
2013-03-21,8.03,8.12,7.97,8.11,9300,7.678892
2013-03-20,7.93,8.08,7.90,8.07,15400,7.641019
2013-03-19,7.93,8.11,7.93,7.99,16400,7.565271
2013-03-18,7.67,8.05,7.67,7.93,30400,7.508461
2013-03-15,8.13,8.13,7.65,7.77,138500,7.356966
2013-03-14,8.04,8.13,8.00,8.11,19100,7.678892
2013-03-13,8.17,8.32,8.00,8.05,13000,7.622082
2013-03-12,8.34,8.34,8.18,8.19,5500,7.75464
2013-03-11,8.26,8.40,8.09,8.39,18400,7.944009
2013-03-08,8.35,8.35,8.24,8.32,14700,7.877729
2013-03-07,8.28,8.32,8.15,8.31,18500,7.868262
2013-03-06,8.26,8.27,8.07,8.25,10700,7.811451
2013-03-05,8.18,8.29,7.98,8.27,31500,7.830388
2013-03-04,8.01,8.21,7.99,8.19,102700,7.75464
2013-03-01,7.85,8.07,7.75,8.06,17700,7.631551
2013-02-28,8.03,8.03,7.84,7.98,13400,7.555803
2013-02-27,8.07,8.10,7.94,8.05,19500,7.622082
2013-02-26,8.10,8.10,7.98,8.06,81700,7.631551
2013-02-25,8.04,8.16,7.79,8.06,77100,7.631551
2013-02-22,7.92,8.04,7.74,8.02,84100,7.593677
2013-02-21,7.83,7.97,7.75,7.87,135000,7.45165
2013-02-20,7.99,8.01,7.76,7.83,46700,7.413777
2013-02-19,8.10,8.11,7.91,8.00,28300,7.57474
2013-02-15,7.97,8.16,7.76,8.11,58900,7.678892
2013-02-14,7.93,7.95,7.90,7.91,29600,7.489524
2013-02-13,7.66,7.99,7.52,7.78,25100,7.366435
2013-02-12,7.64,7.68,7.64,7.66,5200,7.252813
2013-02-11,7.33,7.66,7.33,7.57,15800,7.167598
2013-02-08,7.36,7.40,7.30,7.34,16000,6.949824
2013-02-07,7.46,7.49,7.32,7.47,6500,7.072913
2013-02-06,7.25,7.44,7.20,7.41,51700,7.016103
2013-02-05,7.26,7.31,7.19,7.26,515900,6.874077
2013-02-04,7.56,7.56,7.22,7.25,21400,6.864608
2013-02-01,7.60,7.70,7.47,7.62,230400,7.21494
2013-01-31,7.59,7.65,7.46,7.55,18800,7.148661
2013-01-30,7.84,7.84,7.47,7.58,14800,7.177066
2013-01-29,7.79,7.99,7.74,7.87,45000,7.45165
2013-01-28,7.50,7.74,7.30,7.74,17500,7.328561
2013-01-25,7.69,7.69,7.40,7.51,10800,7.110787
2013-01-24,7.70,7.70,7.57,7.64,4100,7.233877
2013-01-23,7.71,7.76,7.66,7.67,8800,7.262282
2013-01-22,7.69,7.75,7.53,7.74,14500,7.328561
2013-01-18,7.46,7.64,7.31,7.59,29800,7.186535
2013-01-17,7.43,7.49,7.43,7.49,5800,7.09185
2013-01-16,7.61,7.63,7.42,7.42,4700,7.025571
2013-01-15,7.46,7.66,7.32,7.63,7900,7.224408
2013-01-14,7.47,7.61,7.47,7.52,12300,7.120256
2013-01-11,7.56,7.65,7.48,7.53,6200,7.129724
2013-01-10,7.83,7.83,7.50,7.54,7300,7.139192
2013-01-09,7.74,7.89,7.72,7.79,11100,7.375903
2013-01-08,7.63,7.81,7.58,7.74,9400,7.328561
2013-01-07,7.76,7.77,7.61,7.61,11500,7.205471
2013-01-04,7.83,7.88,7.60,7.86,38200,7.442182
2013-01-03,7.67,7.70,7.37,7.68,24000,7.27175
2013-01-02,7.52,7.80,7.19,7.64,122600,7.233877
2012-12-31,7.15,7.49,7.11,7.42,33400,7.025571
2012-12-28,7.12,7.18,6.96,7.13,18300,6.750987
2012-12-27,7.13,7.20,7.03,7.17,28900,6.788861
2012-12-26,7.31,7.31,7.05,7.12,19000,6.741518
2012-12-24,7.19,7.25,7.17,7.25,4200,6.864608
2012-12-21,7.41,7.41,7.13,7.35,159900,6.959292
2012-12-20,7.35,7.35,7.12,7.28,33100,6.893014
2012-12-19,7.40,7.40,7.21,7.32,13800,6.930887
2012-12-18,7.37,7.47,7.28,7.40,49800,7.006635
2012-12-17,7.20,7.41,7.06,7.38,28800,6.987698
2012-12-14,6.98,7.15,6.97,7.15,19400,6.769924
2012-12-13,7.04,7.06,6.99,7.01,109000,6.637366
2012-12-12,7.06,7.09,7.00,7.05,21600,6.67524
2012-12-11,7.00,7.08,6.96,7.06,51100,6.684708
2012-12-10,7.21,7.21,6.96,7.00,33600,6.627897
2012-12-07,7.14,7.24,7.06,7.18,13400,6.798329
2012-12-06,7.09,7.09,6.98,7.09,4400,6.713113
2012-12-05,7.13,7.23,6.94,7.09,8900,6.713113
2012-12-04,6.88,7.14,6.77,7.08,10700,6.703645
2012-12-03,7.15,7.15,6.83,6.90,134800,6.533213
2012-11-30,7.37,7.46,7.03,7.08,19300,6.703645
2012-11-29,7.11,7.37,7.10,7.34,9900,6.949824
2012-11-28,6.99,7.08,6.93,7.04,15900,6.665771
2012-11-27,7.00,7.06,6.91,7.04,72400,6.665771
2012-11-26,7.04,7.04,6.89,6.92,19200,6.55215
2012-11-23,6.90,7.08,6.80,7.05,11200,6.67524
2012-11-21,6.82,6.98,6.80,6.91,9500,6.542681
2012-11-20,6.82,6.96,6.79,6.86,8200,6.49534
2012-11-19,6.95,7.11,6.77,6.85,24500,6.485871
2012-11-16,6.74,6.89,6.62,6.88,34600,6.514276
2012-11-15,6.86,6.98,6.67,6.78,49200,6.419592
2012-11-14,7.09,7.09,6.83,6.88,56200,6.514276
2012-11-13,7.21,7.28,7.07,7.10,9900,6.722582
2012-11-12,7.31,7.31,7.15,7.18,14900,6.798329
2012-11-09,7.18,7.38,7.02,7.30,9700,6.91195
2012-11-08,7.41,7.41,7.15,7.20,24600,6.817266
2012-11-07,7.94,7.94,7.27,7.27,28800,6.883545
2012-11-06,7.86,8.09,7.86,8.01,11900,7.584209
2012-11-05,7.84,7.89,7.74,7.81,10200,7.39484
2012-11-02,8.09,8.09,7.82,7.82,18500,7.404308
2012-11-01,8.06,8.12,7.85,8.05,23700,7.622082
2012-10-31,7.85,8.10,7.85,8.03,15500,7.603145
2012-10-26,7.83,7.95,7.73,7.82,5500,7.404308
2012-10-25,7.82,7.84,7.75,7.83,3400,7.413777
2012-10-24,7.83,7.83,7.72,7.73,9900,7.319092
2012-10-23,7.74,8.12,7.62,7.83,11200,7.413777
2012-10-22,7.69,8.16,7.69,7.79,11000,7.375903
2012-10-19,7.89,7.97,7.55,7.73,24900,7.319092
2012-10-18,8.22,8.22,7.96,7.96,25000,7.536866
2012-10-17,8.27,8.27,8.14,8.24,21100,7.801982
2012-10-16,8.30,8.30,8.06,8.24,10100,7.801982
2012-10-15,8.18,8.31,8.04,8.31,17600,7.868262
2012-10-12,8.06,8.14,8.06,8.11,22000,7.678892
2012-10-11,8.30,8.30,7.98,8.07,16700,7.641019
2012-10-10,8.17,8.33,8.14,8.25,36700,7.811451
2012-10-09,8.18,8.34,8.11,8.13,16500,7.69783
2012-10-08,8.61,8.63,8.10,8.20,17600,7.764108
2012-10-05,8.76,8.79,8.40,8.62,23800,8.161782
2012-10-04,8.62,8.72,8.60,8.70,29600,8.237529
2012-10-03,8.74,8.75,8.60,8.61,14700,8.152314
2012-10-02,8.78,8.85,8.62,8.70,18100,8.237529
2012-10-01,8.82,8.85,8.62,8.72,50300,8.256467
2012-09-28,8.86,8.90,8.79,8.79,17600,8.322745
2012-09-27,9.03,9.24,8.81,8.93,43400,8.455304
2012-09-26,8.95,9.15,8.94,9.04,31100,8.559456
2012-09-25,8.95,9.08,8.85,8.96,47700,8.47424
2012-09-24,8.93,9.13,8.39,8.89,40700,8.408036
2012-09-21,8.49,8.99,8.44,8.96,104300,8.47424
2012-09-20,8.38,8.48,8.36,8.36,9400,7.906769
2012-09-19,8.24,8.39,8.09,8.38,30100,7.925685
2012-09-18,8.15,8.27,7.79,8.21,25000,7.764901
2012-09-17,8.27,8.28,8.05,8.17,26000,7.72707
2012-09-14,8.40,8.44,8.15,8.29,49700,7.840564
2012-09-13,8.05,8.42,8.03,8.40,41300,7.9446
2012-09-12,7.99,8.05,7.78,8.05,52000,7.613576
2012-09-11,7.89,8.02,7.89,7.97,14000,7.537912
2012-09-10,8.04,8.04,7.90,7.91,14200,7.481165
2012-09-07,7.93,7.99,7.87,7.96,19700,7.528455
2012-09-06,7.90,7.99,7.78,7.87,41700,7.443334
2012-09-05,7.84,7.94,7.71,7.82,38000,7.396045
2012-09-04,7.69,7.90,7.58,7.81,28100,7.386587
2012-08-31,7.75,7.75,7.61,7.69,6100,7.273093
2012-08-30,7.66,7.74,7.65,7.67,6300,7.254177
2012-08-29,7.76,7.91,7.62,7.74,19300,7.320382
2012-08-28,7.56,7.73,7.56,7.73,18800,7.310924
2012-08-27,7.67,7.74,7.55,7.68,9500,7.263634
2012-08-24,7.64,7.73,7.58,7.65,10000,7.235261
2012-08-23,7.91,7.91,7.67,7.67,6600,7.254177
2012-08-22,7.96,8.01,7.83,7.83,7500,7.405502
2012-08-21,8.00,8.15,7.94,7.98,27800,7.54737
2012-08-20,7.82,7.99,7.80,7.95,19500,7.518997
2012-08-17,7.76,7.92,7.66,7.88,21200,7.452792
2012-08-16,7.58,7.81,7.40,7.81,16700,7.386587
2012-08-15,7.44,7.59,7.44,7.58,14500,7.169056
2012-08-14,7.62,7.66,7.41,7.48,9400,7.074478
2012-08-13,7.50,7.64,7.47,7.60,16800,7.187972
2012-08-10,7.73,7.83,7.60,7.66,5700,7.244719
2012-08-09,7.79,7.83,7.69,7.76,7100,7.339298
2012-08-08,7.66,7.85,7.65,7.78,19800,7.358213
2012-08-07,7.80,7.83,7.56,7.78,31200,7.358213
2012-08-06,7.81,7.85,7.76,7.78,13800,7.358213
2012-08-03,7.42,7.84,7.42,7.78,18300,7.358213
2012-08-02,7.48,7.72,7.32,7.37,23000,6.970441
2012-08-01,7.86,7.97,7.40,7.49,64100,7.083935
2012-07-31,7.83,7.98,7.83,7.86,23100,7.433876
2012-07-30,7.99,7.99,7.86,7.90,28000,7.471708
2012-07-27,7.94,8.01,7.88,7.99,43900,7.556828
2012-07-26,8.10,8.10,7.87,7.93,105900,7.500081
2012-07-25,7.96,8.06,7.95,7.95,9100,7.518997
2012-07-24,7.93,8.10,7.83,7.89,21700,7.46225
2012-07-23,8.06,8.10,7.55,7.87,48800,7.443334
2012-07-20,8.22,8.31,8.21,8.21,21200,7.764901
2012-07-19,8.40,8.40,8.28,8.29,8100,7.840564
2012-07-18,8.24,8.40,8.22,8.34,24400,7.887853
2012-07-17,7.99,8.25,7.90,8.24,24200,7.793274
2012-07-16,8.00,8.00,7.94,7.97,13400,7.537912
2012-07-13,7.80,8.14,7.80,8.04,29200,7.604117
2012-07-12,7.66,7.84,7.64,7.80,27300,7.377129
2012-07-11,7.64,7.74,7.60,7.70,24300,7.28255
2012-07-10,7.59,7.67,7.52,7.66,27000,7.244719
2012-07-09,7.37,7.54,7.36,7.52,12100,7.112309
2012-07-06,7.36,7.48,7.36,7.40,15200,6.998815
2012-07-05,7.43,7.48,7.41,7.46,7200,7.055562
2012-07-03,7.60,7.62,7.31,7.39,23100,6.989357
2012-07-02,7.45,7.56,7.35,7.56,38900,7.15014
2012-06-29,7.44,7.53,7.27,7.53,54700,7.121767
2012-06-28,7.28,7.30,7.16,7.27,17700,6.875862
2012-06-27,7.27,7.36,7.25,7.31,15100,6.913694
2012-06-26,7.39,7.42,7.24,7.25,48100,6.856947
2012-06-25,7.39,7.45,7.34,7.40,14200,6.998815
2012-06-22,7.39,7.56,7.27,7.55,163500,7.140683
2012-06-21,7.30,7.35,7.26,7.31,41200,6.913694
2012-06-20,7.18,7.31,7.06,7.29,24800,6.894778
2012-06-19,7.01,7.26,6.93,7.21,34400,6.819115
2012-06-18,7.12,7.18,6.95,6.98,35300,6.601585
2012-06-15,7.21,7.33,7.15,7.17,95000,6.771826
2012-06-14,7.06,7.33,7.00,7.27,32300,6.866273
2012-06-13,7.15,7.23,6.97,7.03,27800,6.639601
2012-06-12,7.08,7.17,6.97,7.15,24400,6.752937
2012-06-11,7.34,7.34,7.03,7.03,42800,6.639601
2012-06-08,7.04,7.24,7.02,7.24,17500,6.837938
2012-06-07,7.37,7.39,7.03,7.05,47500,6.65849
2012-06-06,7.10,7.35,7.04,7.28,35700,6.875717
2012-06-05,7.09,7.15,7.00,7.06,26500,6.667934
2012-06-04,6.95,7.14,6.95,7.11,69500,6.715158
2012-06-01,6.64,6.96,6.55,6.89,94600,6.507375
2012-05-31,7.02,7.13,6.71,6.78,177800,6.403484
2012-05-30,6.92,7.19,6.92,7.02,30600,6.630156
2012-05-29,6.98,7.07,6.97,7.01,21000,6.620711
2012-05-25,7.09,7.11,6.89,6.94,21600,6.554599
2012-05-24,6.90,7.10,6.89,7.07,45800,6.677379
2012-05-23,6.88,7.00,6.78,6.88,42800,6.497931
2012-05-22,7.25,7.26,6.87,6.95,38300,6.564043
2012-05-21,7.18,7.26,7.17,7.24,22900,6.837938
2012-05-18,7.02,7.27,6.93,7.17,37000,6.771826
2012-05-17,7.19,7.19,6.91,7.04,62800,6.649045
2012-05-16,7.23,7.28,7.08,7.20,51000,6.80016
2012-05-15,7.16,7.28,7.00,7.22,31100,6.819049
2012-05-14,7.17,7.28,7.16,7.18,18000,6.78127
2012-05-11,7.12,7.28,7.09,7.27,68400,6.866273
2012-05-10,7.11,7.23,7.06,7.21,25000,6.809605
2012-05-09,6.99,7.10,6.93,7.05,32600,6.65849
2012-05-08,6.80,7.10,6.80,7.08,20300,6.686824
2012-05-07,6.97,7.10,6.84,6.87,24800,6.488486
2012-05-04,6.90,7.00,6.80,6.98,52000,6.592377
2012-05-03,6.82,6.97,6.82,6.95,38400,6.564043
2012-05-02,6.74,6.91,6.74,6.86,32000,6.479041
2012-05-01,6.65,6.95,6.65,6.81,61000,6.431818
2012-04-30,6.80,6.81,6.63,6.66,35900,6.290148
2012-04-27,6.81,6.86,6.72,6.82,30000,6.441263
2012-04-26,6.76,6.81,6.69,6.81,58600,6.431818
2012-04-25,6.85,6.88,6.75,6.79,29100,6.412929
2012-04-24,6.49,6.79,6.48,6.79,58100,6.412929
2012-04-23,6.39,6.52,6.32,6.51,114100,6.148478
2012-04-20,6.54,6.60,6.44,6.52,76100,6.157923
2012-04-19,6.49,6.51,6.36,6.44,161400,6.082365
2012-04-18,6.37,6.51,6.22,6.51,119100,6.148478
2012-04-17,6.26,6.54,6.26,6.42,122100,6.063476
2012-04-16,5.94,6.23,5.94,6.23,110700,5.884027
2012-04-13,6.00,6.02,5.90,5.93,51200,5.600687
2012-04-12,5.83,6.25,5.83,6.04,186200,5.704579
