Date,Open,High,Low,Close,Volume,Adj Close
2016-11-25,18.33,18.65,18.01,18.51,49800,18.51
2016-11-23,18.48,18.790001,18.219999,18.530001,67300,18.530001
2016-11-22,18.07,19.280001,18.02,18.68,201400,18.68
2016-11-21,17.700001,17.99,17.60,17.90,122400,17.90
2016-11-18,18.09,18.15,17.58,17.58,94500,17.58
2016-11-17,17.92,18.219999,17.83,18.07,120100,18.07
2016-11-16,18.07,18.07,17.459999,17.610001,79900,17.610001
2016-11-15,17.84,18.370001,17.84,18.10,137600,18.10
2016-11-14,18.17,18.26,17.200001,17.75,179900,17.75
2016-11-11,18.299999,18.66,17.799999,18.17,206100,18.17
2016-11-10,19.209999,19.559999,18.50,19.00,199800,19.00
2016-11-09,18.57,19.469999,18.129999,19.209999,96100,19.209999
2016-11-08,19.15,19.35,19.040001,19.200001,31300,19.200001
2016-11-07,19.33,19.469999,19.200001,19.24,102200,19.24
2016-11-04,18.83,19.139999,18.75,18.90,41500,18.90
2016-11-03,18.950001,19.129999,18.73,18.879999,72700,18.879999
2016-11-02,19.10,19.200001,18.75,18.879999,112700,18.879999
2016-11-01,19.639999,19.799999,19.110001,19.23,129400,19.23
2016-10-31,20.219999,20.219999,19.610001,19.629999,46200,19.629999
2016-10-28,20.49,20.49,20.129999,20.16,61900,20.16
2016-10-27,20.860001,20.959999,20.450001,20.459999,48300,20.459999
2016-10-26,20.959999,21.00,20.559999,20.690001,60300,20.690001
2016-10-25,21.00,21.290001,20.98,21.129999,30500,21.129999
2016-10-24,21.84,21.879999,21.049999,21.049999,59800,21.049999
2016-10-21,21.51,21.90,21.309999,21.50,51300,21.50
2016-10-20,21.49,21.82,21.35,21.57,136700,21.57
2016-10-19,20.52,21.540001,20.379999,21.370001,168100,21.370001
2016-10-18,20.389999,20.60,20.18,20.450001,144200,20.450001
2016-10-17,19.940001,20.42,19.809999,20.139999,53300,20.139999
2016-10-14,20.25,20.450001,19.75,19.950001,80800,19.950001
2016-10-13,19.90,19.99,19.40,19.809999,57900,19.809999
2016-10-12,19.959999,20.17,19.860001,20.09,25500,20.09
2016-10-11,20.00,20.190001,19.809999,19.959999,75200,19.959999
2016-10-10,20.00,20.49,19.959999,20.120001,63600,20.120001
2016-10-07,20.299999,20.52,19.860001,19.879999,242500,19.879999
2016-10-06,20.459999,20.66,20.16,20.60,78200,20.60
2016-10-05,20.35,20.75,20.309999,20.610001,183200,20.610001
2016-10-04,19.73,20.35,19.690001,20.25,163100,20.25
2016-10-03,19.799999,19.90,19.540001,19.799999,91300,19.799999
2016-09-30,19.75,19.950001,19.709999,19.889999,87800,19.889999
2016-09-29,19.440001,19.959999,19.440001,19.790001,74400,19.790001
2016-09-28,19.58,19.709999,19.34,19.60,45200,19.60
2016-09-27,19.48,19.629999,19.190001,19.549999,40600,19.549999
2016-09-26,19.540001,19.790001,19.34,19.48,50800,19.48
2016-09-23,19.98,20.09,19.559999,19.790001,51200,19.790001
2016-09-22,19.50,20.139999,19.49,20.059999,105700,20.059999
2016-09-21,19.40,19.59,19.120001,19.49,78700,19.49
2016-09-20,19.469999,19.74,19.16,19.209999,38800,19.209999
2016-09-19,19.32,19.75,19.23,19.309999,95300,19.309999
2016-09-16,19.280001,19.559999,18.940001,19.049999,51000,19.049999
2016-09-15,19.049999,19.559999,18.91,19.43,66200,19.43
2016-09-14,19.09,19.610001,19.09,19.290001,72200,19.290001
2016-09-13,19.25,19.50,19.00,19.200001,106700,19.200001
2016-09-12,19.280001,19.84,19.10,19.610001,251500,19.610001
2016-09-09,20.10,20.40,19.639999,19.690001,59600,19.690001
2016-09-08,20.290001,20.450001,19.76,20.450001,119900,20.450001
2016-09-07,20.74,20.799999,20.209999,20.450001,79200,20.450001
2016-09-06,20.27,20.93,20.08,20.91,96300,20.91
2016-09-02,20.25,20.42,20.02,20.139999,50700,20.139999
2016-09-01,20.059999,20.459999,19.83,20.139999,66500,20.139999
2016-08-31,20.66,21.129999,20.040001,20.15,78700,20.15
2016-08-30,21.25,21.34,20.59,20.700001,91500,20.700001
2016-08-29,20.360001,20.790001,20.23,20.57,85900,20.57
2016-08-26,20.860001,20.860001,20.17,20.209999,65000,20.209999
2016-08-25,20.940001,20.940001,20.540001,20.75,49500,20.75
2016-08-24,20.34,20.92,20.26,20.75,82300,20.75
2016-08-23,19.950001,20.469999,19.870001,20.18,36100,20.18
2016-08-22,19.41,19.91,19.27,19.82,62200,19.82
2016-08-19,19.50,19.719999,19.24,19.59,68700,19.59
2016-08-18,19.459999,19.73,19.110001,19.57,72400,19.57
2016-08-17,19.469999,19.52,19.26,19.370001,50900,19.370001
2016-08-16,19.57,19.99,19.50,19.549999,72200,19.549999
2016-08-15,19.780001,19.799999,19.440001,19.74,60900,19.74
2016-08-12,20.15,20.15,19.74,19.85,43400,19.85
2016-08-11,20.280001,20.469999,19.620001,19.85,77300,19.85
2016-08-10,20.16,20.370001,19.82,20.26,44800,20.26
2016-08-09,20.02,20.360001,19.620001,20.26,42700,20.26
2016-08-08,20.030001,20.08,19.780001,20.08,48600,20.08
2016-08-05,20.200001,20.42,19.99,20.10,48100,20.10
2016-08-04,19.65,20.280001,19.35,20.16,109800,20.16
2016-08-03,19.49,20.00,19.360001,19.469999,163700,19.469999
2016-08-02,19.52,19.73,19.209999,19.41,75500,19.41
2016-08-01,20.00,20.16,19.549999,19.73,85700,19.73
2016-07-29,19.940001,20.469999,19.940001,20.110001,45000,20.110001
2016-07-28,20.139999,20.18,19.690001,20.00,52400,20.00
2016-07-27,20.559999,20.860001,20.07,20.27,106200,20.27
2016-07-26,20.639999,20.809999,20.459999,20.50,47200,20.50
2016-07-25,20.82,20.82,20.450001,20.50,47500,20.50
2016-07-22,20.85,21.09,20.48,20.82,38400,20.82
2016-07-21,20.84,21.190001,20.48,20.870001,78100,20.870001
2016-07-20,21.450001,21.700001,20.92,20.93,60000,20.93
2016-07-19,21.450001,21.959999,21.360001,21.469999,78900,21.469999
2016-07-18,21.09,21.82,21.030001,21.549999,111600,21.549999
2016-07-15,21.25,21.559999,20.940001,20.969999,112300,20.969999
2016-07-14,21.200001,21.299999,20.91,21.10,88900,21.10
2016-07-13,20.23,21.00,20.10,20.969999,138800,20.969999
2016-07-12,20.219999,20.42,20.040001,20.280001,151200,20.280001
2016-07-11,20.389999,20.530001,20.23,20.389999,78100,20.389999
2016-07-08,21.02,21.190001,20.370001,20.57,39100,20.237
2016-07-07,20.41,20.73,20.370001,20.59,52600,20.256676
2016-07-06,20.41,20.709999,20.23,20.389999,29700,20.059913
2016-07-05,20.309999,21.10,20.309999,20.73,139400,20.394409
2016-07-01,20.290001,20.98,20.290001,20.82,92800,20.482953
2016-06-30,21.09,21.16,20.459999,20.629999,101700,20.296028
2016-06-29,20.73,21.25,20.549999,21.01,130300,20.669877
2016-06-28,19.16,20.690001,19.049999,20.459999,185600,20.12878
2016-06-27,19.48,19.58,18.700001,18.940001,142300,18.633388
2016-06-24,20.25,20.84,19.41,19.620001,130500,19.30238
2016-06-23,21.110001,21.51,20.950001,21.16,76700,20.817449
2016-06-22,21.08,21.389999,21.049999,21.049999,83600,20.709229
2016-06-21,21.200001,21.370001,20.690001,20.870001,91200,20.532144
2016-06-20,21.219999,21.610001,21.049999,21.280001,123200,20.935507
2016-06-17,20.23,21.309999,20.23,20.98,119400,20.640362
2016-06-16,20.27,20.60,19.959999,20.27,79800,19.941857
2016-06-15,20.190001,20.90,20.15,20.59,85800,20.256676
2016-06-14,20.110001,20.34,19.92,20.16,92400,19.833637
2016-06-13,19.940001,20.110001,19.75,19.940001,56200,19.617199
2016-06-10,19.85,20.360001,19.549999,20.24,85200,19.912342
2016-06-09,20.370001,20.50,19.879999,20.34,69400,20.010724
2016-06-08,20.370001,20.92,20.32,20.469999,117800,20.138618
2016-06-07,19.66,20.51,19.66,20.27,168500,19.941857
2016-06-06,19.469999,19.76,19.23,19.66,82100,19.341732
2016-06-03,19.42,19.620001,19.25,19.469999,205900,19.154807
2016-06-02,18.92,19.719999,18.860001,19.42,117700,19.105617
2016-06-01,18.99,18.99,18.40,18.889999,88000,18.584196
2016-05-31,19.09,19.34,18.860001,18.940001,127700,18.633388
2016-05-27,18.690001,19.25,18.66,19.09,81600,18.780959
2016-05-26,18.34,18.860001,18.32,18.690001,82500,18.387435
2016-05-25,18.76,18.77,18.299999,18.34,52500,18.043101
2016-05-24,18.860001,19.049999,18.41,18.50,59800,18.200511
2016-05-23,18.469999,19.01,18.469999,18.68,142200,18.377597
2016-05-20,18.629999,18.879999,18.530001,18.620001,157700,18.318569
2016-05-19,18.74,18.74,18.32,18.42,212600,18.121806
2016-05-18,18.950001,19.290001,18.809999,18.959999,58900,18.653063
2016-05-17,19.00,19.74,18.92,19.10,120400,18.790798
2016-05-16,19.610001,19.91,18.83,19.030001,244600,18.721931
2016-05-13,20.02,20.35,19.549999,19.620001,126100,19.30238
2016-05-12,21.129999,21.280001,20.02,20.25,280600,19.92218
2016-05-11,21.08,21.370001,20.889999,21.24,43500,20.896153
2016-05-10,20.98,21.25,20.690001,21.07,93900,20.728905
2016-05-09,20.309999,20.99,19.83,20.75,149100,20.414086
2016-05-06,20.57,20.75,20.370001,20.549999,114600,20.217323
2016-05-05,20.450001,21.00,20.280001,20.690001,114000,20.355058
2016-05-04,20.219999,20.76,20.200001,20.41,126900,20.07959
2016-05-03,21.049999,21.16,20.440001,20.49,51500,20.158295
2016-05-02,21.049999,21.620001,21.049999,21.33,94400,20.984697
2016-04-29,21.93,22.07,21.10,21.10,98800,20.75842
2016-04-28,21.780001,22.049999,21.59,22.01,93000,21.653689
2016-04-27,21.700001,22.129999,21.620001,22.07,154400,21.712717
2016-04-26,21.620001,22.049999,21.459999,21.950001,103100,21.594661
2016-04-25,22.18,22.25,21.25,21.469999,282900,21.12243
2016-04-22,23.059999,23.209999,22.16,22.16,262000,21.80126
2016-04-21,23.00,23.25,22.50,23.10,186200,22.726043
2016-04-20,22.700001,23.16,22.67,22.799999,221500,22.430899
2016-04-19,21.85,22.66,21.75,22.610001,135300,22.243976
2016-04-18,21.52,21.91,20.889999,21.549999,75300,21.201134
2016-04-15,21.360001,21.91,21.360001,21.68,99800,21.329031
2016-04-14,21.15,21.60,20.73,21.540001,203700,21.191298
2016-04-13,19.879999,21.370001,19.879999,21.18,187600,20.837125
2016-04-12,18.83,19.84,18.83,19.65,104700,19.331893
2016-04-11,18.799999,19.42,18.66,18.719999,107300,18.416948
2016-04-08,18.42,18.90,18.16,18.790001,90500,18.485817
2016-04-07,18.51,18.52,17.90,18.299999,141200,18.003747
2016-04-06,19.23,19.25,18.459999,18.75,108300,18.446463
2016-04-05,19.809999,19.809999,19.219999,19.25,71900,18.938369
2016-04-04,19.709999,20.450001,19.40,20.16,173100,19.833637
2016-04-01,19.879999,20.09,19.620001,19.85,57200,19.528656
2016-03-31,20.15,20.42,19.85,19.969999,59200,19.646713
2016-03-30,20.299999,20.469999,20.049999,20.209999,68200,19.882827
2016-03-29,20.35,20.450001,20.049999,20.209999,94400,19.882827
2016-03-28,20.639999,20.959999,20.639999,20.700001,33700,20.364896
2016-03-24,20.59,20.860001,20.41,20.60,36100,20.266515
2016-03-23,21.10,21.24,20.549999,20.90,82800,20.561657
2016-03-22,20.959999,21.309999,20.85,21.309999,78900,20.96502
2016-03-21,21.290001,21.42,21.040001,21.15,59300,20.80761
2016-03-18,21.030001,21.370001,20.84,21.299999,49000,20.955182
2016-03-17,21.17,21.58,20.950001,20.98,48400,20.640362
2016-03-16,20.91,21.51,20.57,21.219999,120000,20.876477
2016-03-15,21.00,21.02,20.40,20.690001,66900,20.355058
2016-03-14,21.370001,21.51,21.00,21.290001,77600,20.800724
2016-03-11,21.030001,21.65,21.02,21.549999,78500,21.054747
2016-03-10,21.209999,21.59,20.83,20.889999,72500,20.409915
2016-03-09,21.059999,21.49,20.84,21.07,146700,20.585779
2016-03-08,20.49,21.18,20.469999,21.139999,159600,20.65417
2016-03-07,20.83,21.33,20.40,20.58,128500,20.10704
2016-03-04,21.940001,21.940001,20.74,21.17,195000,20.683481
2016-03-03,22.66,22.90,21.74,21.799999,142300,21.299002
2016-03-02,22.059999,22.940001,21.99,22.68,205200,22.158779
2016-03-01,22.84,22.84,21.48,21.879999,150000,21.377163
2016-02-29,22.92,23.74,22.24,22.52,182100,22.002457
2016-02-26,22.99,23.60,22.299999,22.860001,178500,22.334643
2016-02-25,21.83,22.879999,21.67,22.639999,282700,22.119698
2016-02-24,20.50,21.90,20.25,21.73,145500,21.230611
2016-02-23,20.860001,21.18,20.129999,21.09,140700,20.60532
2016-02-22,21.299999,21.76,20.219999,20.84,256000,20.361065
2016-02-19,21.09,21.09,20.41,20.700001,75800,20.224283
2016-02-18,20.52,21.34,20.52,21.299999,136800,20.810493
2016-02-17,20.190001,21.209999,20.190001,20.59,209700,20.116811
2016-02-16,19.450001,20.07,19.190001,20.01,201400,19.55014
2016-02-12,19.10,19.459999,17.969999,18.74,249000,18.309326
2016-02-11,19.540001,19.60,18.450001,18.690001,184900,18.260476
2016-02-10,19.780001,20.299999,19.299999,19.969999,108100,19.511058
2016-02-09,19.959999,20.15,19.50,19.790001,82800,19.335197
2016-02-08,20.059999,21.18,20.059999,20.440001,165500,19.970258
2016-02-05,20.059999,20.780001,19.77,20.440001,108800,19.970258
2016-02-04,18.860001,20.07,18.799999,20.059999,86400,19.59899
2016-02-03,19.77,19.799999,18.73,18.90,101300,18.465649
2016-02-02,19.610001,19.74,19.18,19.440001,87100,18.99324
2016-02-01,19.92,20.33,19.42,20.02,99000,19.55991
2016-01-29,19.57,20.23,19.07,20.18,93300,19.716233
2016-01-28,19.040001,19.27,18.629999,19.200001,86500,18.758755
2016-01-27,18.530001,19.42,18.530001,18.82,75600,18.387487
2016-01-26,18.040001,18.74,17.969999,18.67,95600,18.240935
2016-01-25,18.73,18.73,17.84,18.02,66900,17.605873
2016-01-22,18.01,18.84,17.959999,18.65,160200,18.221394
2016-01-21,17.24,18.02,16.92,17.620001,159200,17.215066
2016-01-20,17.309999,17.66,16.469999,17.299999,319700,16.902419
2016-01-19,18.92,18.93,18.07,18.120001,74600,17.703576
2016-01-15,19.01,19.309999,16.65,18.620001,213100,18.192085
2016-01-14,19.75,20.129999,19.299999,19.639999,247800,19.188642
2016-01-13,19.860001,20.469999,19.49,19.780001,165200,19.325426
2016-01-12,19.549999,19.950001,19.40,19.709999,106600,19.257033
2016-01-11,18.98,19.68,18.809999,19.15,96800,18.709903
2016-01-08,18.879999,19.030001,18.65,18.690001,82400,18.260476
2016-01-07,18.42,18.969999,18.049999,18.790001,130700,18.358178
2016-01-06,18.700001,19.110001,18.700001,18.91,111700,18.475419
2016-01-05,19.10,19.24,18.82,19.129999,104600,18.690363
2016-01-04,18.700001,19.200001,18.24,19.00,247000,18.563351
2015-12-31,19.59,19.610001,19.040001,19.08,83700,18.641512
2015-12-30,19.459999,19.799999,19.16,19.66,56900,19.208183
2015-12-29,19.48,19.799999,19.35,19.48,140900,19.032319
2015-12-28,19.34,19.57,18.82,19.50,128800,19.05186
2015-12-24,19.15,19.43,19.02,19.129999,46000,18.690363
2015-12-23,19.07,19.540001,19.030001,19.139999,194400,18.700133
2015-12-22,19.309999,19.32,18.950001,19.00,216300,18.563351
2015-12-21,19.33,19.639999,19.02,19.309999,349800,18.866226
2015-12-18,20.610001,21.059999,19.26,19.33,212300,18.885767
2015-12-17,19.76,21.440001,19.76,20.629999,268600,20.15589
2015-12-16,19.620001,19.92,19.370001,19.83,183200,19.374276
2015-12-15,19.469999,20.02,19.35,19.790001,129100,19.335197
2015-12-14,19.16,19.32,18.879999,19.120001,170300,18.680594
2015-12-11,19.620001,19.91,19.299999,19.309999,114200,18.866226
2015-12-10,20.32,20.43,19.950001,19.99,101000,19.530599
2015-12-09,19.85,20.889999,19.84,20.41,180700,19.940947
2015-12-08,19.790001,19.959999,19.50,19.700001,249800,19.247265
2015-12-07,19.98,20.219999,19.549999,19.82,157100,19.364506
2015-12-04,20.02,20.530001,19.690001,19.98,306400,19.520829
2015-12-03,21.290001,21.360001,20.01,20.15,210300,19.686922
2015-12-02,21.43,21.610001,20.90,21.02,491500,20.536929
2015-12-01,21.18,21.84,20.870001,21.389999,298000,20.898425
2015-11-30,21.23,22.07,20.860001,21.16,477600,20.673711
2015-11-27,21.209999,21.43,20.75,20.92,114500,20.439227
2015-11-25,22.059999,22.26,20.280001,20.91,381900,20.429456
2015-11-24,22.120001,23.09,21.41,22.15,289000,21.640959
2015-11-23,25.16,25.35,22.01,22.41,808400,21.894984
2015-11-20,23.99,25.32,23.450001,24.77,573300,24.200748
2015-11-19,23.50,23.99,23.24,23.66,241700,23.116257
2015-11-18,23.50,23.73,22.969999,23.440001,276600,22.901314
2015-11-17,23.469999,24.049999,23.26,23.50,225800,22.959934
2015-11-16,22.700001,23.49,22.67,23.309999,201400,22.7743
2015-11-13,22.559999,23.040001,22.41,22.610001,287200,22.090388
2015-11-12,22.559999,23.65,22.200001,22.82,545900,22.295561
2015-11-11,22.950001,23.24,22.02,22.959999,478300,22.432343
2015-11-10,22.530001,23.040001,22.23,22.92,199900,22.393264
2015-11-09,23.299999,23.950001,22.620001,22.90,409100,22.373723
2015-11-06,22.790001,23.559999,22.18,23.299999,257900,22.76453
2015-11-05,22.540001,23.08,22.219999,22.870001,396900,22.344413
2015-11-04,22.889999,23.00,22.200001,22.360001,224700,21.846134
2015-11-03,22.709999,22.959999,21.48,22.91,511300,22.383493
2015-11-02,22.889999,23.809999,22.440001,22.84,187400,22.315102
2015-10-30,23.129999,23.74,22.60,23.25,507100,22.71568
2015-10-29,24.049999,24.67,23.16,23.18,445100,22.647289
2015-10-28,21.00,24.110001,20.690001,24.040001,693700,23.487525
2015-10-27,20.76,21.58,20.209999,21.08,209600,20.595549
2015-10-26,22.469999,22.799999,20.25,20.77,755000,20.292674
2015-10-23,17.92,18.76,17.82,18.700001,207100,18.270246
2015-10-22,17.43,17.90,17.43,17.799999,210300,17.390928
2015-10-21,17.75,17.870001,17.09,17.200001,154400,16.804719
2015-10-20,17.360001,17.75,17.02,17.67,99400,17.263917
2015-10-19,17.58,17.780001,16.99,17.280001,82100,16.88288
2015-10-16,17.07,17.76,16.870001,17.58,218900,17.175985
2015-10-15,16.879999,17.309999,16.790001,17.129999,164300,16.736326
2015-10-14,16.790001,17.24,16.66,16.860001,62800,16.472532
2015-10-13,17.75,17.75,16.85,16.870001,108700,16.482303
2015-10-12,16.75,18.00,16.52,17.93,499400,17.517942
2015-10-09,16.629999,17.110001,16.49,16.799999,238800,16.41391
2015-10-08,16.200001,16.73,15.88,16.67,68700,16.286898
2015-10-07,15.20,16.030001,15.15,16.030001,143000,15.661607
2015-10-06,15.21,15.49,14.83,15.02,192600,14.674818
2015-10-05,15.03,15.91,14.98,15.16,88000,14.8116
2015-10-02,15.00,15.09,14.56,15.08,150000,14.733439
2015-10-01,15.51,15.78,15.03,15.09,60800,14.743209
2015-09-30,15.51,15.88,15.50,15.51,183700,15.153557
2015-09-29,15.26,15.87,15.25,15.32,67200,14.967923
2015-09-28,15.47,15.67,15.02,15.26,242300,14.909302
2015-09-25,15.54,15.90,15.17,15.68,144600,15.31965
2015-09-24,15.32,15.49,15.00,15.26,160700,14.909302
2015-09-23,15.71,15.99,15.29,15.54,96500,15.182867
2015-09-22,16.00,16.059999,15.62,15.80,266100,15.436892
2015-09-21,16.700001,16.790001,16.209999,16.219999,159700,15.847239
2015-09-18,16.700001,17.32,16.639999,16.68,136500,16.296668
2015-09-17,16.98,17.450001,16.82,16.90,155900,16.511612
2015-09-16,17.360001,17.50,16.879999,16.98,87100,16.589773
2015-09-15,17.01,17.440001,17.01,17.17,56500,16.775407
2015-09-14,17.57,17.75,16.860001,17.00,42200,16.609314
2015-09-11,17.43,17.73,17.17,17.610001,208900,17.205296
2015-09-10,17.32,17.450001,17.17,17.35,67600,16.951271
2015-09-09,17.25,17.690001,17.200001,17.35,129400,16.951271
2015-09-08,16.90,17.60,16.610001,17.16,241800,16.765637
2015-09-04,16.129999,16.700001,16.110001,16.629999,87700,16.247816
2015-09-03,16.09,16.549999,15.68,16.40,195200,16.023103
2015-09-02,16.219999,16.219999,15.57,15.92,250400,15.554134
2015-09-01,16.10,16.549999,15.80,15.99,137700,15.622525
2015-08-31,16.440001,16.90,16.030001,16.549999,164300,16.169655
2015-08-28,16.610001,17.200001,16.280001,16.83,173000,16.443221
2015-08-27,15.61,16.93,15.61,16.49,218500,16.111034
2015-08-26,15.03,15.60,14.99,15.41,110500,15.055855
2015-08-25,15.14,15.61,14.55,14.60,181400,14.26447
2015-08-24,13.35,14.60,12.51,14.60,452800,14.26447
2015-08-21,15.82,16.290001,15.25,15.79,519300,15.427122
2015-08-20,15.93,16.67,15.49,16.27,220200,15.896091
2015-08-19,17.33,17.719999,16.07,16.35,316400,15.974252
2015-08-18,17.629999,17.91,17.16,17.50,149600,17.097823
2015-08-17,17.809999,18.219999,17.52,17.74,57200,17.332308
2015-08-14,18.52,18.540001,17.65,17.93,175900,17.517942
2015-08-13,17.540001,18.50,17.49,18.49,195700,18.065071
2015-08-12,17.709999,17.75,17.16,17.65,189500,17.244376
2015-08-11,18.60,18.60,17.639999,17.950001,206200,17.537482
2015-08-10,17.700001,18.68,16.440001,18.629999,512200,18.201853
2015-08-07,16.42,17.50,16.00,17.42,375800,17.019662
2015-08-06,15.25,16.60,15.17,16.299999,277300,15.9254
2015-08-05,15.02,15.52,15.00,15.38,171200,15.026544
2015-08-04,15.32,15.32,14.86,15.10,77800,14.752979
2015-08-03,15.08,15.50,14.91,15.21,113900,14.860451
2015-07-31,15.26,15.41,14.88,14.94,106800,14.596656
2015-07-30,15.18,15.31,14.81,15.28,77800,14.928842
2015-07-29,15.19,15.42,14.94,15.17,72000,14.82137
2015-07-28,15.07,15.71,14.89,15.05,102500,14.704128
2015-07-27,15.46,15.55,14.88,14.99,144800,14.645507
2015-07-24,16.01,16.02,15.40,15.48,198200,15.124246
2015-07-23,16.17,16.309999,16.00,16.120001,241100,15.749539
2015-07-22,16.73,16.73,16.190001,16.32,138200,15.944941
2015-07-21,16.85,16.85,16.139999,16.74,186000,16.355289
2015-07-20,18.209999,18.209999,16.77,16.91,238800,16.521382
2015-07-17,17.969999,18.129999,17.639999,18.08,73200,17.664494
2015-07-16,17.66,18.65,17.66,18.110001,209900,17.693805
2015-07-15,17.26,17.809999,17.110001,17.49,165200,17.088053
2015-07-14,16.82,17.459999,16.41,17.34,179100,16.941501
2015-07-13,16.700001,16.959999,16.43,16.75,112800,16.365059
2015-07-10,16.360001,16.610001,16.200001,16.540001,117900,16.159886
2015-07-09,15.89,16.26,15.66,16.08,129000,15.710457
2015-07-08,15.95,16.18,15.37,15.48,96500,15.124246
2015-07-07,16.030001,16.200001,15.61,16.059999,56200,15.690916
2015-07-06,15.45,16.18,15.37,15.96,97300,15.593215
2015-07-02,15.81,15.94,15.43,15.74,130400,15.378271
2015-07-01,16.110001,16.110001,15.62,15.77,147100,15.407582
2015-06-30,16.01,16.35,15.87,15.88,139000,15.515054
2015-06-29,16.469999,16.51,15.71,15.93,173100,15.563905
2015-06-26,17.02,17.15,16.559999,16.66,138700,16.277128
2015-06-25,16.43,17.040001,16.139999,17.040001,249400,16.648396
2015-06-24,16.73,17.00,16.379999,16.42,150500,16.042643
2015-06-23,16.67,16.950001,16.15,16.73,277100,16.345519
2015-06-22,15.70,16.950001,15.70,16.610001,285700,16.228277
2015-06-19,15.33,16.139999,15.07,15.56,336000,15.202408
2015-06-18,15.70,15.92,15.33,15.39,324400,15.036315
2015-06-17,16.469999,16.469999,15.31,15.70,593000,15.33919
2015-06-16,16.780001,17.040001,16.51,16.57,270000,16.189196
2015-06-15,16.98,16.99,16.52,16.690001,84200,16.306439
2015-06-12,17.25,17.290001,16.799999,17.059999,79000,16.667935
2015-06-11,17.620001,17.870001,17.139999,17.40,75200,17.000121
2015-06-10,17.50,17.940001,17.129999,17.52,200100,17.117364
2015-06-09,17.200001,17.52,17.02,17.40,54400,17.000121
2015-06-08,17.610001,18.040001,17.129999,17.139999,114900,16.746096
2015-06-05,17.98,18.16,17.40,17.59,208600,17.185755
2015-06-04,17.42,18.40,17.209999,18.01,768200,17.596103
2015-06-03,18.139999,18.360001,16.950001,17.309999,519200,16.912189
2015-06-02,16.440001,18.309999,16.440001,18.219999,268100,17.801276
2015-06-01,16.34,16.50,15.77,16.450001,175500,16.071955
2015-05-29,16.93,16.950001,16.09,16.17,321400,15.798389
2015-05-28,16.82,17.049999,16.65,16.91,175700,16.521382
2015-05-27,17.25,17.370001,16.93,17.00,197200,16.609314
2015-05-26,17.60,17.60,17.16,17.309999,161500,16.912189
2015-05-22,17.530001,17.84,17.50,17.610001,156700,17.205296
2015-05-21,18.280001,18.280001,17.450001,17.950001,271500,17.537482
2015-05-20,18.469999,18.57,17.950001,18.24,145700,17.820817
2015-05-19,18.67,18.879999,18.15,18.43,122400,18.006451
2015-05-18,18.459999,18.889999,18.01,18.59,142800,18.162774
2015-05-15,18.629999,18.90,18.360001,18.459999,156100,18.03576
2015-05-14,19.07,19.290001,18.68,18.799999,127300,18.367947
2015-05-13,18.860001,19.129999,18.68,18.959999,138700,18.524269
2015-05-12,18.91,18.91,18.459999,18.74,117400,18.309326
2015-05-11,18.540001,18.950001,18.469999,18.91,80700,18.475419
2015-05-08,18.49,18.76,18.299999,18.66,177100,18.231165
2015-05-07,18.17,18.41,17.49,18.299999,121400,17.879437
2015-05-06,19.16,19.27,18.190001,18.43,139300,18.006451
2015-05-05,19.41,19.58,18.709999,18.950001,163400,18.514501
2015-05-04,19.92,20.10,18.870001,19.32,370200,18.875997
2015-05-01,19.290001,19.860001,19.059999,19.68,122500,19.227724
2015-04-30,19.82,20.200001,19.25,19.280001,175400,18.836917
2015-04-29,19.98,20.25,19.709999,19.860001,107500,19.403588
2015-04-28,20.059999,20.65,19.83,20.290001,164300,19.823706
2015-04-27,20.780001,21.280001,19.860001,20.030001,146700,19.569681
2015-04-24,21.10,21.370001,20.43,20.60,128300,20.126581
2015-04-23,20.040001,21.43,20.030001,21.049999,266000,20.566238
2015-04-22,19.370001,20.389999,19.370001,20.24,207900,19.774854
2015-04-21,19.00,19.459999,18.93,19.370001,296000,18.924849
2015-04-20,19.200001,19.200001,18.719999,18.940001,264500,18.50473
2015-04-17,19.450001,19.639999,19.209999,19.34,163900,18.895537
2015-04-16,19.57,19.700001,19.10,19.629999,143000,19.178872
2015-04-15,19.700001,19.700001,18.879999,19.629999,430900,19.178872
2015-04-14,20.16,20.32,19.50,19.860001,267300,19.403588
2015-04-13,20.700001,20.700001,19.91,20.15,211600,19.686922
2015-04-10,21.00,21.190001,20.459999,20.77,123000,20.292674
2015-04-09,20.85,21.120001,20.719999,21.01,129400,20.527158
2015-04-08,21.17,21.17,20.299999,20.82,198900,20.341524
2015-04-07,21.049999,21.459999,20.889999,20.959999,138500,20.478306
2015-04-06,20.74,21.15,20.66,21.02,172500,20.536929
2015-04-02,20.549999,21.16,20.34,20.719999,328400,20.243822
2015-04-01,20.01,20.74,20.00,20.60,237300,20.126581
2015-03-31,20.90,20.93,20.02,20.42,245100,19.950717
2015-03-30,20.75,21.200001,20.66,20.99,208800,20.507618
2015-03-27,20.549999,20.92,20.110001,20.469999,181400,19.999568
2015-03-26,21.18,21.18,20.00,20.65,210800,20.175431
2015-03-25,20.98,21.59,20.91,21.200001,305500,20.712792
2015-03-24,20.799999,21.17,20.43,20.950001,351600,20.468538
2015-03-23,22.35,22.75,20.870001,21.139999,494900,20.65417
2015-03-20,23.08,23.50,22.32,22.440001,407600,21.924295
2015-03-19,23.32,24.74,21.879999,23.08,937000,22.549586
2015-03-18,22.90,23.50,22.15,23.35,451400,22.813382
2015-03-17,21.84,23.280001,21.549999,23.02,644900,22.490966
2015-03-16,19.940001,21.75,19.93,21.42,404000,20.927736
2015-03-13,19.59,20.00,19.07,19.879999,289000,19.423126
2015-03-12,19.559999,19.85,19.110001,19.790001,227000,19.335197
2015-03-11,18.83,19.440001,18.82,19.290001,203900,18.846687
2015-03-10,18.209999,19.059999,18.209999,18.76,250700,18.328867
2015-03-09,17.719999,18.65,17.65,18.620001,305900,18.192085
2015-03-06,17.860001,18.200001,17.860001,17.889999,307200,17.47886
2015-03-05,17.02,17.98,17.00,17.85,259200,17.43978
2015-03-04,17.139999,17.48,16.74,17.120001,102700,16.726557
2015-03-03,17.25,17.52,16.940001,17.049999,231500,16.658164
2015-03-02,16.75,17.40,16.700001,17.360001,219700,16.961041
2015-02-27,17.00,17.450001,16.799999,16.860001,228000,16.472532
2015-02-26,18.639999,18.639999,16.76,17.00,827900,16.609314
2015-02-25,18.23,19.00,18.10,18.639999,241500,18.211624
2015-02-24,17.74,18.190001,17.200001,18.049999,278000,17.635183
2015-02-23,17.200001,17.879999,17.200001,17.530001,317100,17.127135
2015-02-20,17.07,17.50,16.889999,17.200001,137400,16.804719
2015-02-19,17.129999,17.16,16.57,17.16,109600,16.765637
2015-02-18,17.59,17.59,16.91,17.00,241700,16.609314
2015-02-17,16.66,17.58,16.540001,17.48,240700,17.078283
2015-02-13,16.209999,16.90,16.190001,16.65,185900,16.267357
2015-02-12,15.73,16.200001,15.57,16.15,194300,15.778848
2015-02-11,15.16,15.57,15.00,15.46,187000,15.104706
2015-02-10,14.71,15.16,14.71,15.10,142200,14.752979
2015-02-09,14.77,14.96,14.62,14.72,125600,14.381712
2015-02-06,14.52,14.83,14.52,14.74,86800,14.401252
2015-02-05,14.80,14.87,14.44,14.66,110400,14.323091
2015-02-04,14.47,14.96,14.47,14.75,175600,14.411023
2015-02-03,14.61,14.90,14.59,14.64,142200,14.303551
2015-02-02,14.34,14.41,14.14,14.39,253200,14.059296
2015-01-30,14.09,14.25,14.00,14.15,75400,13.824811
2015-01-29,14.58,14.58,14.21,14.41,48600,14.078836
2015-01-28,14.65,15.46,14.29,14.38,172000,14.049526
2015-01-27,14.63,14.91,14.52,14.74,105600,14.401252
2015-01-26,14.83,14.92,14.63,14.79,159700,14.450103
2015-01-23,14.75,14.86,14.44,14.63,219700,14.29378
2015-01-22,14.70,14.85,14.46,14.79,354700,14.450103
2015-01-21,14.69,15.10,14.58,14.75,290400,14.411023
2015-01-20,14.83,14.91,14.47,14.84,339300,14.498954
2015-01-16,14.00,14.88,13.77,14.79,296700,14.450103
2015-01-15,13.90,14.00,13.79,13.98,218400,13.658718
2015-01-14,13.60,13.89,13.42,13.89,81200,13.570787
2015-01-13,13.84,13.94,13.38,13.74,173800,13.424234
2015-01-12,13.47,13.47,13.18,13.45,129700,13.140898
2015-01-09,13.45,13.66,13.26,13.62,87700,13.306992
2015-01-08,13.47,13.58,13.31,13.54,80800,13.22883
2015-01-07,13.49,13.81,13.27,13.30,139200,12.994346
2015-01-06,13.16,13.20,12.97,13.16,67500,12.857563
2015-01-05,13.29,13.34,12.97,13.08,101900,12.779402
2015-01-02,13.72,13.72,13.28,13.48,75900,13.170209
2014-12-31,13.71,13.93,13.45,13.79,73600,13.473085
2014-12-30,13.93,13.96,13.54,13.75,99100,13.434004
2014-12-29,13.82,14.12,13.65,13.96,108400,13.639178
2014-12-26,14.18,14.31,13.84,13.93,51900,13.609868
2014-12-24,14.22,14.25,14.10,14.18,27200,13.854122
2014-12-23,13.73,14.23,13.56,14.22,148200,13.893203
2014-12-22,13.64,13.68,13.50,13.63,107300,13.316762
2014-12-19,13.30,13.66,12.97,13.64,329900,13.326532
2014-12-18,13.22,13.34,12.88,13.12,204200,12.818482
2014-12-17,12.54,13.16,12.35,12.84,305800,12.544917
2014-12-16,12.30,12.73,11.76,12.52,253700,12.232272
2014-12-15,13.45,13.55,12.50,12.63,296800,12.339743
2014-12-12,13.42,13.68,13.15,13.40,169000,13.092047
2014-12-11,13.23,13.89,13.03,13.56,205500,13.248371
2014-12-10,14.07,14.42,13.33,13.37,223900,13.062737
2014-12-09,14.49,14.55,13.72,14.20,311700,13.873662
2014-12-08,15.26,15.30,14.26,14.59,159600,14.2547
2014-12-05,14.98,15.36,14.83,15.26,309900,14.909302
2014-12-04,14.36,15.00,14.36,14.97,414600,14.625967
2014-12-03,14.15,14.60,13.99,14.50,269500,14.166768
2014-12-02,14.24,14.24,14.00,14.05,151800,13.72711
2014-12-01,14.23,14.23,13.85,14.14,246400,13.815042
2014-11-28,14.84,14.99,14.35,14.42,149400,14.088606
2014-11-26,14.74,14.97,14.56,14.94,166000,14.596656
2014-11-25,14.81,14.81,14.25,14.65,277700,14.31332
2014-11-24,14.67,14.89,14.43,14.60,381000,14.26447
2014-11-21,13.82,14.48,13.82,14.42,264900,14.088606
2014-11-20,13.86,13.98,13.61,13.73,172700,13.414463
2014-11-19,13.88,14.04,13.63,13.83,128100,13.512165
2014-11-18,13.74,14.05,13.73,13.77,258900,13.453545
2014-11-17,13.39,13.87,13.33,13.65,203200,13.336302
2014-11-14,13.42,13.56,12.96,13.46,167700,13.150669
2014-11-13,13.33,13.54,13.23,13.49,175400,13.179979
2014-11-12,13.43,13.59,13.25,13.40,172800,13.092047
2014-11-11,13.37,13.52,13.15,13.42,138000,13.111588
2014-11-10,13.43,13.55,13.28,13.42,141100,13.111588
2014-11-07,13.42,13.68,13.19,13.27,229100,12.965036
2014-11-06,13.35,13.56,12.77,13.50,282900,13.189749
2014-11-05,13.11,13.40,12.84,13.34,163600,13.033427
2014-11-04,13.44,13.59,12.71,13.11,483400,12.808712
2014-11-03,13.19,13.80,12.74,13.39,559000,13.082278
2014-10-31,12.48,13.29,12.48,13.22,487500,12.916185
2014-10-30,11.92,12.44,11.81,12.44,298400,12.154109
2014-10-29,12.23,12.23,11.71,11.77,182400,11.499508
2014-10-28,11.83,12.24,11.67,12.10,177400,11.821924
2014-10-27,11.53,11.78,10.89,11.50,270200,11.235712
2014-10-24,11.60,11.92,11.34,11.74,213600,11.470197
2014-10-23,11.06,11.66,11.06,11.55,214600,11.284564
2014-10-22,11.28,11.52,11.03,11.09,175100,10.835135
2014-10-21,11.24,11.59,10.64,11.17,282800,10.913296
2014-10-20,10.66,11.51,10.66,11.27,248700,11.010999
2014-10-17,10.30,11.16,10.30,10.81,338700,10.56157
2014-10-16,9.74,10.36,9.53,10.16,399900,9.926508
2014-10-15,9.81,10.08,8.99,9.88,329600,9.652943
2014-10-14,10.02,10.51,9.56,10.24,207300,10.004669
2014-10-13,10.09,10.37,9.97,10.03,135500,9.799495
2014-10-10,10.63,10.73,9.74,10.10,604600,9.867887
2014-10-09,11.06,11.16,10.52,10.63,191700,10.385707
2014-10-08,10.99,11.19,10.64,11.11,294800,10.854675
2014-10-07,11.19,11.34,10.89,10.91,266800,10.659271
2014-10-06,11.53,11.72,11.15,11.18,244200,10.923067
2014-10-03,11.75,11.76,11.20,11.25,292800,10.991458
2014-10-02,12.30,12.36,11.15,11.62,665300,11.352955
2014-10-01,12.79,13.11,12.18,12.31,389400,12.027098
2014-09-30,12.75,12.98,12.50,12.92,160600,12.623079
2014-09-29,13.10,13.14,12.70,12.78,223700,12.486296
2014-09-26,12.77,13.14,12.50,13.01,256900,12.711011
2014-09-25,12.83,12.91,12.62,12.71,218000,12.417905
2014-09-24,12.91,13.09,12.57,13.01,220100,12.711011
2014-09-23,12.93,13.04,12.70,12.86,198600,12.564457
2014-09-22,12.49,13.00,12.48,13.00,176100,12.70124
2014-09-19,12.87,13.00,12.49,12.65,247600,12.359283
2014-09-18,12.62,12.99,12.62,12.86,157700,12.564457
2014-09-17,13.24,13.24,12.43,12.68,345800,12.388595
2014-09-16,12.04,13.30,11.87,13.14,788800,12.838023
2014-09-15,12.69,12.75,12.01,12.04,374900,11.763302
2014-09-12,11.80,13.00,11.80,12.69,493800,12.398364
2014-09-11,11.79,12.04,11.76,11.88,166500,11.60698
2014-09-10,11.58,11.88,11.49,11.75,255900,11.479967
2014-09-09,11.45,11.66,11.25,11.58,236600,11.313874
2014-09-08,11.88,12.02,11.49,11.55,330500,11.284564
2014-09-05,11.25,11.90,11.21,11.75,275500,11.479967
2014-09-04,11.60,11.90,11.20,11.24,338900,10.981687
2014-09-03,10.92,11.80,10.70,11.64,593800,11.372495
2014-09-02,10.40,11.08,10.40,10.78,411300,10.532259
2014-08-29,10.42,10.74,10.37,10.59,276200,10.346626
2014-08-28,10.48,10.65,10.25,10.38,314200,10.141452
2014-08-27,10.17,10.64,10.03,10.49,405900,10.248924
2014-08-26,10.50,10.50,10.14,10.14,208900,9.906968
2014-08-25,10.35,10.72,10.15,10.50,288200,10.258694
2014-08-22,9.96,10.37,9.79,10.31,327700,10.073061
2014-08-21,10.35,10.49,10.07,10.11,294400,9.877656
2014-08-20,10.74,10.90,9.79,10.22,670300,9.985129
2014-08-19,11.27,11.27,10.77,10.94,207200,10.688582
2014-08-18,11.02,11.40,11.00,11.17,289300,10.913296
2014-08-15,11.23,11.23,10.55,11.00,694100,10.747203
2014-08-14,11.44,11.58,11.00,11.13,718600,10.874216
2014-08-13,11.42,11.58,10.92,11.44,444000,11.177091
2014-08-12,11.47,11.73,11.11,11.36,346900,11.09893
2014-08-11,11.96,11.98,11.44,11.45,181600,11.186861
2014-08-08,11.91,12.14,11.58,11.96,274700,11.685141
2014-08-07,11.70,12.22,11.30,11.90,463700,11.626519
2014-08-06,11.75,11.97,11.09,11.76,764900,11.489737
2014-08-05,12.57,12.80,11.51,11.69,449200,11.421346
2014-08-04,13.37,13.88,12.58,12.92,635100,12.623079
2014-08-01,12.75,13.30,12.02,13.11,784600,12.808712
2014-07-31,13.04,13.23,11.59,12.90,835800,12.603538
2014-07-30,13.34,14.85,13.23,13.93,1245600,13.609868
2014-07-29,11.99,12.66,11.37,12.40,746700,12.115029
2014-07-28,12.54,12.73,11.58,11.97,682900,11.694911
2014-07-25,13.18,13.22,12.30,12.48,388400,12.19319
2014-07-24,13.06,13.65,12.93,13.13,496200,12.828253
2014-07-23,13.28,13.28,12.64,12.85,380600,12.554688
2014-07-22,13.31,13.71,12.63,13.20,425300,12.896644
2014-07-21,14.19,14.20,13.25,13.39,307200,13.082278
2014-07-18,13.16,14.12,13.16,14.02,412000,13.697799
2014-07-17,13.33,13.49,12.81,12.94,209700,12.642619
2014-07-16,13.36,13.37,12.56,13.31,486700,13.004116
2014-07-15,13.92,13.95,13.19,13.29,343300,12.984576
2014-07-14,14.01,14.15,13.51,13.88,660800,13.561017
2014-07-11,13.91,14.16,13.50,13.96,360100,13.639178
2014-07-10,13.24,14.11,13.11,13.83,387000,13.512165
2014-07-09,12.69,13.70,12.64,13.49,389400,13.179979
2014-07-08,12.44,12.91,12.35,12.59,194200,12.300663
2014-07-07,12.45,12.62,12.21,12.50,248400,12.212731
2014-07-03,12.30,12.84,12.07,12.66,184600,12.369054
2014-07-02,12.10,12.36,11.71,12.28,195600,11.997787
2014-07-01,11.75,12.43,11.75,12.09,235500,11.812154
2014-06-30,11.80,11.80,11.14,11.64,504300,11.372495
2014-06-27,11.80,11.87,11.31,11.80,273000,11.528818
2014-06-26,12.00,12.08,10.95,11.79,724900,11.519048
2014-06-25,11.45,12.04,11.45,11.91,513700,11.63629
2014-06-24,11.71,11.95,11.39,11.45,555800,11.186861
2014-06-23,11.13,11.90,10.85,11.71,633700,11.440886
2014-06-20,9.80,11.19,9.72,10.98,544600,10.727662
2014-06-19,9.99,10.23,9.76,9.80,387800,9.574781
2014-06-18,10.08,10.32,9.41,10.18,746600,9.946048
2014-06-17,10.30,10.30,9.40,10.12,575700,9.887427
2014-06-16,10.88,10.99,9.66,9.82,985600,9.594321
2014-06-13,10.63,10.87,10.38,10.85,227800,10.600651
2014-06-12,10.72,11.14,10.39,10.59,344100,10.346626
2014-06-11,11.25,11.68,10.64,10.66,674300,10.415017
2014-06-10,10.86,11.55,10.85,11.33,738800,11.069619
2014-06-09,10.38,11.04,10.23,10.95,617500,10.698352
2014-06-06,10.35,10.65,10.13,10.26,260700,10.02421
2014-06-05,10.12,10.42,9.87,10.33,365900,10.092601
2014-06-04,9.87,10.00,9.66,10.00,224700,9.770185
2014-06-03,9.38,9.99,9.37,9.86,381200,9.633402
2014-06-02,9.75,9.76,9.20,9.41,278500,9.193744
2014-05-30,9.33,9.75,9.27,9.60,490300,9.379378
2014-05-29,9.06,9.70,9.06,9.36,591500,9.144893
2014-05-28,8.94,9.09,8.60,8.90,199600,8.695464
2014-05-27,9.06,9.20,8.62,8.91,286500,8.705234
2014-05-23,9.05,9.24,8.91,9.00,222500,8.793166
2014-05-22,8.89,9.10,8.88,8.99,149700,8.783396
2014-05-21,8.97,9.11,8.80,8.87,119600,8.666154
2014-05-20,8.90,9.08,8.71,8.96,130100,8.754086
2014-05-19,8.82,9.11,8.72,8.90,93200,8.695464
2014-05-16,8.83,9.06,8.73,8.92,104000,8.715005
2014-05-15,9.24,9.32,8.79,8.80,256600,8.597763
2014-05-14,9.55,9.69,9.25,9.25,134900,9.037421
2014-05-13,9.78,9.86,9.50,9.53,183800,9.310986
2014-05-12,9.71,9.99,9.55,9.63,190600,9.408688
2014-05-09,9.80,9.84,9.30,9.71,188400,9.486849
2014-05-08,10.04,10.27,9.51,9.78,150100,9.55524
2014-05-07,9.90,10.44,9.90,10.03,185500,9.799495
2014-05-06,10.13,10.20,9.85,9.90,101900,9.672483
2014-05-05,9.86,10.43,9.84,10.13,242600,9.897197
2014-05-02,9.69,9.97,9.69,9.88,135900,9.652943
2014-05-01,9.83,9.93,9.62,9.66,111100,9.437998
2014-04-30,9.35,9.84,9.07,9.80,183200,9.574781
2014-04-29,9.13,9.45,9.07,9.38,231100,9.164433
2014-04-28,9.12,9.57,8.88,9.08,274000,8.871328
2014-04-25,9.56,9.82,9.04,9.23,314000,9.01788
2014-04-24,9.53,9.83,9.52,9.65,208000,9.428228
2014-04-23,9.16,9.61,9.01,9.45,222400,9.232824
2014-04-22,8.82,9.55,8.82,9.32,245000,9.105812
2014-04-21,8.85,9.00,8.69,8.82,87000,8.617303
2014-04-17,8.91,9.05,8.65,8.84,67800,8.636843
2014-04-16,8.92,9.01,8.59,8.90,151600,8.695464
2014-04-15,9.07,9.07,8.51,8.88,249100,8.675924
2014-04-14,9.14,9.40,8.84,9.06,363100,8.851788
2014-04-11,9.42,9.42,8.87,9.06,297400,8.851788
2014-04-10,9.59,9.64,9.41,9.50,123500,9.281676
2014-04-09,9.70,9.73,9.43,9.59,244100,9.369607
2014-04-08,9.24,9.69,9.07,9.61,317900,9.389147
2014-04-07,9.10,9.28,8.89,9.23,169300,9.01788
2014-04-04,9.10,9.15,8.80,9.09,308500,8.881098
2014-04-03,8.84,8.97,8.68,8.97,309300,8.763856
2014-04-02,8.75,9.00,8.64,9.00,215800,8.793166
2014-04-01,8.46,8.69,8.26,8.67,219800,8.47075
2014-03-31,8.23,8.81,8.21,8.37,387800,8.177645
2014-03-28,7.81,8.23,7.81,8.09,255900,7.90408
2014-03-27,7.68,7.84,7.59,7.84,175800,7.659825
2014-03-26,7.72,7.78,7.51,7.61,125300,7.435111
2014-03-25,7.42,7.77,7.40,7.65,212200,7.474191
2014-03-24,7.46,7.51,7.32,7.42,71300,7.249477
2014-03-21,7.36,7.63,6.74,7.40,159000,7.229937
2014-03-20,6.60,7.47,6.60,7.30,168300,7.132235
2014-03-19,7.49,7.59,7.21,7.21,123800,7.044303
2014-03-18,7.30,7.64,7.23,7.56,275000,7.38626
2014-03-17,7.03,7.30,7.01,7.29,138000,7.122465
2014-03-14,6.98,7.21,6.94,7.01,73300,6.8489
2014-03-13,7.02,7.08,6.83,6.92,63900,6.760968
2014-03-12,7.07,7.13,6.85,6.95,100700,6.790278
2014-03-11,7.25,7.64,7.12,7.17,89400,7.005223
2014-03-10,7.46,7.46,7.10,7.20,116100,7.034533
2014-03-07,7.66,7.87,7.38,7.47,132100,7.298328
2014-03-06,7.40,7.77,7.36,7.66,235500,7.483961
2014-03-05,7.25,7.35,7.11,7.35,127900,7.181086
2014-03-04,7.03,7.25,7.01,7.22,158400,7.054073
2014-03-03,6.83,7.05,6.81,6.95,122000,6.790278
2014-02-28,7.11,7.13,6.92,7.00,152500,6.839129
2014-02-27,7.00,7.05,6.86,6.96,254300,6.800049
2014-02-26,7.00,7.16,6.85,6.97,136100,6.809819
2014-02-25,7.27,7.32,6.93,6.98,169300,6.819589
2014-02-24,7.09,7.29,6.89,7.25,208400,7.083384
2014-02-21,7.06,7.26,6.95,7.02,253200,6.85867
2014-02-20,7.03,7.20,6.93,7.06,301700,6.89775
2014-02-19,7.19,7.22,7.01,7.04,114600,6.87821
2014-02-18,7.38,7.49,7.00,7.18,484400,7.014992
2014-02-14,6.84,7.39,6.72,7.38,646700,7.210396
2014-02-13,6.37,6.85,6.23,6.70,189600,6.546024
2014-02-12,5.75,6.47,5.75,6.45,371400,6.301769
2014-02-11,5.79,5.86,5.52,5.78,365500,5.647167
2014-02-10,6.12,6.16,5.76,5.79,149800,5.656937
2014-02-07,5.88,6.16,5.88,6.09,174500,5.950043
2014-02-06,5.62,5.96,5.62,5.84,148700,5.705788
2014-02-05,5.64,5.75,5.50,5.56,232000,5.432223
2014-02-04,5.59,5.74,5.53,5.56,135100,5.432223
2014-02-03,5.75,5.75,5.47,5.56,280200,5.432223
2014-01-31,6.00,6.07,5.80,5.82,242800,5.686248
2014-01-30,6.38,6.42,6.03,6.09,152900,5.950043
2014-01-29,6.60,6.62,6.10,6.30,212100,6.155217
2014-01-28,6.80,7.00,6.51,6.62,266700,6.467862
2014-01-27,6.19,6.97,5.76,6.82,635800,6.663266
2014-01-24,6.14,6.47,5.78,6.30,602800,6.155217
2014-01-23,6.89,6.89,6.16,6.22,591900,6.077055
2014-01-22,6.98,7.02,6.75,6.80,239300,6.643726
2014-01-21,6.90,7.02,6.76,6.85,293100,6.692576
2014-01-17,6.55,6.75,6.53,6.64,112000,6.487403
2014-01-16,6.55,6.69,6.45,6.55,221900,6.399471
2014-01-15,6.53,6.67,6.49,6.57,385000,6.419012
2014-01-14,6.38,6.67,6.35,6.50,139100,6.35062
2014-01-13,6.82,6.84,6.38,6.43,328600,6.282229
2014-01-10,6.72,6.79,6.50,6.58,156700,6.428781
2014-01-09,6.60,6.83,6.50,6.67,181500,6.516713
2014-01-08,6.58,6.73,6.53,6.54,117800,6.389701
2014-01-07,6.39,6.71,6.36,6.60,154800,6.448322
2014-01-06,6.57,6.71,6.38,6.38,232400,6.233378
2014-01-03,6.72,6.75,6.57,6.57,88300,6.419012
2014-01-02,6.95,7.01,6.63,6.64,186000,6.487403
2013-12-31,6.86,7.10,6.83,6.96,194800,6.800049
2013-12-30,6.89,7.13,6.86,6.91,196700,6.751198
2013-12-27,7.08,7.11,6.84,6.93,257700,6.770738
2013-12-26,7.07,7.28,6.95,7.09,82100,6.927061
2013-12-24,7.34,7.49,7.05,7.08,202300,6.917291
2013-12-23,7.09,7.64,6.85,7.48,343400,7.308098
2013-12-20,7.50,7.73,7.13,7.15,175400,6.985682
2013-12-19,7.85,7.97,7.45,7.50,432900,7.327639
2013-12-18,7.46,7.73,7.31,7.69,304800,7.513272
2013-12-17,7.50,7.53,7.21,7.50,192800,7.327639
2013-12-16,7.09,7.76,7.06,7.38,330000,7.210396
2013-12-13,7.32,7.40,7.11,7.13,148300,6.966142
2013-12-12,7.23,7.33,7.07,7.22,137100,7.054073
2013-12-11,7.63,7.63,7.18,7.28,281600,7.112695
2013-12-10,7.86,7.86,7.52,7.63,129800,7.454651
2013-12-09,7.97,8.09,7.67,7.83,225900,7.650055
2013-12-06,8.44,8.44,7.76,7.92,245000,7.737986
2013-12-05,7.97,7.97,7.65,7.74,103200,7.562123
2013-12-04,8.24,8.24,7.72,7.95,225100,7.767297
2013-12-03,8.84,8.99,8.09,8.34,396700,8.148334
2013-12-02,9.16,9.21,8.60,8.88,490200,8.675924
2013-11-29,9.16,9.25,9.05,9.15,194700,8.939719
2013-11-27,8.92,9.09,8.62,9.02,354100,8.812707
2013-11-26,8.51,9.05,8.46,8.82,983200,8.617303
2013-11-25,8.30,8.72,8.08,8.44,440400,8.246036
2013-11-22,7.74,8.32,7.59,8.25,311800,8.060402
2013-11-21,7.47,7.84,7.40,7.71,196400,7.532812
2013-11-20,7.10,7.64,7.10,7.40,343300,7.229937
2013-11-19,7.40,7.42,6.98,7.01,183900,6.8489
2013-11-18,7.90,7.98,7.45,7.51,228900,7.337409
2013-11-15,7.44,7.98,7.27,7.85,351300,7.669595
2013-11-14,7.01,7.44,7.00,7.40,202200,7.229937
2013-11-13,6.95,7.24,6.92,7.02,137800,6.85867
2013-11-12,7.14,7.28,7.00,7.03,127300,6.86844
2013-11-11,6.91,7.34,6.88,7.18,243400,7.014992
2013-11-08,6.88,7.15,6.83,6.92,401900,6.760968
2013-11-07,7.09,7.29,6.86,6.90,214900,6.741428
2013-11-06,7.49,7.52,7.01,7.06,141800,6.89775
2013-11-05,6.94,7.54,6.88,7.42,376900,7.249477
2013-11-04,6.97,7.15,6.85,6.94,212100,6.780508
2013-11-01,7.21,7.27,6.87,6.97,245900,6.809819
2013-10-31,7.56,7.56,7.12,7.25,172600,7.083384
2013-10-30,7.19,7.69,7.12,7.47,331200,7.298328
2013-10-29,7.69,7.74,7.12,7.25,557000,7.083384
2013-10-28,8.02,8.30,7.70,7.76,316100,7.581664
2013-10-25,8.35,8.35,7.81,8.04,263600,7.855229
2013-10-24,7.93,8.44,7.63,8.31,574500,8.119024
2013-10-23,8.41,8.48,7.48,7.76,751000,7.581664
2013-10-22,9.10,9.29,8.12,8.48,618400,8.285116
2013-10-21,8.88,9.15,8.71,9.00,493100,8.793166
2013-10-18,8.26,8.92,8.12,8.60,545500,8.402359
2013-10-17,8.05,8.29,7.86,8.17,322400,7.982241
2013-10-16,8.40,8.61,7.41,8.12,903700,7.93339
2013-10-15,8.90,9.37,8.24,8.28,984000,8.089713
2013-10-14,7.96,8.99,7.90,8.95,596000,8.744315
2013-10-11,7.60,7.93,7.57,7.88,434900,7.698906
2013-10-10,7.54,7.69,7.42,7.54,423300,7.366719
2013-10-09,6.90,7.29,6.82,7.24,381100,7.073614
2013-10-08,6.88,7.07,6.80,6.90,397000,6.741428
2013-10-07,6.29,6.84,6.22,6.79,306900,6.633955
2013-10-04,6.56,6.67,6.35,6.42,139700,6.272459
2013-10-03,6.66,6.82,6.35,6.57,389800,6.419012
2013-10-02,6.70,6.89,6.64,6.66,133800,6.506943
2013-10-01,6.58,6.92,6.22,6.67,360700,6.516713
2013-09-30,6.58,6.67,6.05,6.63,358800,6.477633
2013-09-27,6.54,6.79,6.48,6.49,171100,6.34085
2013-09-26,6.20,6.84,6.14,6.63,299400,6.477633
2013-09-25,6.49,6.54,6.22,6.25,316500,6.106365
2013-09-24,6.56,6.87,6.48,6.52,359200,6.37016
2013-09-23,6.35,6.65,6.18,6.53,444100,6.379931
2013-09-20,6.36,6.38,6.15,6.30,225900,6.155217
2013-09-19,6.36,6.49,6.27,6.36,264300,6.213838
2013-09-18,6.28,6.42,6.02,6.38,170800,6.233378
2013-09-17,6.35,6.46,6.15,6.21,304500,6.067285
2013-09-16,6.12,6.38,6.12,6.31,266400,6.164987
2013-09-13,5.96,6.06,5.81,6.02,87500,5.881651
2013-09-12,6.10,6.21,5.83,5.96,262000,5.82303
2013-09-11,5.95,6.12,5.78,6.10,212900,5.959813
2013-09-10,5.87,6.22,5.81,6.08,566800,5.940272
2013-09-09,5.35,5.79,5.26,5.71,373900,5.578776
2013-09-06,5.15,5.30,4.99,5.23,154000,5.109807
2013-09-05,4.98,5.24,4.88,5.19,70200,5.070726
2013-09-04,4.91,5.05,4.83,4.93,87200,4.816701
2013-09-03,4.94,5.02,4.85,4.93,146500,4.816701
2013-08-30,4.99,4.99,4.83,4.87,34400,4.75808
2013-08-29,4.95,5.06,4.87,4.94,66800,4.826471
2013-08-28,4.89,5.14,4.85,4.93,351900,4.816701
2013-08-27,5.04,5.13,4.89,4.94,66100,4.826471
2013-08-26,5.27,5.35,5.07,5.13,220700,5.012105
2013-08-23,5.32,5.52,5.26,5.29,567300,5.168428
2013-08-22,4.92,5.39,4.90,5.32,299300,5.197738
2013-08-21,4.97,5.10,4.84,4.91,149600,4.797161
2013-08-20,4.95,5.10,4.83,4.93,140700,4.816701
2013-08-19,4.79,5.10,4.40,4.98,119600,4.865552
2013-08-16,5.14,5.14,4.80,4.89,255000,4.77762
2013-08-15,5.24,5.24,4.75,5.06,289900,4.943713
2013-08-14,4.76,5.15,4.76,5.15,503900,5.031645
2013-08-13,4.44,4.72,4.36,4.70,417400,4.591987
2013-08-12,4.32,4.49,4.30,4.40,172200,4.298881
2013-08-09,4.14,4.31,4.14,4.31,58700,4.21095
2013-08-08,4.18,4.38,4.12,4.15,40900,4.054627
2013-08-07,4.08,4.21,4.08,4.16,28200,4.064397
2013-08-06,4.15,4.26,4.12,4.14,26800,4.044856
2013-08-05,4.20,4.29,4.14,4.22,38800,4.123018
2013-08-02,4.19,4.30,4.17,4.25,60400,4.152329
2013-08-01,4.04,4.26,3.96,4.20,106300,4.103477
2013-07-31,4.00,4.13,3.95,4.05,116900,3.956925
2013-07-30,4.07,4.07,4.00,4.01,29100,3.917844
2013-07-29,4.06,4.14,3.96,4.10,31200,4.005776
2013-07-26,4.12,4.26,4.04,4.07,17100,3.976465
2013-07-25,4.10,4.18,4.10,4.18,6200,4.083937
2013-07-24,4.20,4.28,4.10,4.22,59300,4.123018
2013-07-23,4.09,4.22,4.04,4.21,61700,4.113248
2013-07-22,4.04,4.10,4.00,4.06,31600,3.966695
2013-07-19,4.15,4.15,4.00,4.04,9000,3.947155
2013-07-18,4.03,4.21,4.03,4.13,37000,4.035086
2013-07-17,4.10,4.17,4.00,4.07,54400,3.976465
2013-07-16,4.04,4.17,4.00,4.13,45300,4.035086
2013-07-15,3.90,4.05,3.88,3.99,35600,3.898304
2013-07-12,3.91,3.95,3.85,3.90,24600,3.810372
2013-07-11,3.94,3.99,3.87,3.96,13700,3.868993
2013-07-10,3.90,3.95,3.72,3.93,16000,3.839683
2013-07-09,3.99,4.00,3.90,3.96,11100,3.868993
2013-07-08,4.20,4.20,3.91,3.99,122400,3.898304
2013-07-05,3.95,3.95,3.75,3.82,12500,3.732211
2013-07-03,3.75,3.97,3.72,3.92,19500,3.829912
2013-07-02,3.62,3.82,3.61,3.78,48800,3.69313
2013-07-01,3.75,3.81,3.67,3.76,24500,3.673589
2013-06-28,3.78,3.78,3.65,3.72,18000,3.634509
2013-06-27,3.80,3.81,3.76,3.77,7100,3.68336
2013-06-26,3.72,3.82,3.65,3.73,29200,3.644279
2013-06-25,3.71,3.75,3.61,3.66,20300,3.575888
2013-06-24,3.76,3.80,3.53,3.71,60100,3.624739
2013-06-21,3.93,3.96,3.61,3.79,71600,3.7029
2013-06-20,3.95,4.00,3.90,3.93,10100,3.839683
2013-06-19,4.00,4.04,3.90,4.00,25800,3.908074
2013-06-18,4.02,4.05,3.92,4.04,32700,3.947155
2013-06-17,3.93,4.05,3.93,4.05,31200,3.956925
2013-06-14,4.12,4.16,3.96,3.98,19200,3.888534
2013-06-13,4.00,4.10,3.99,4.07,12100,3.976465
2013-06-12,4.09,4.14,4.00,4.05,41900,3.956925
2013-06-11,4.11,4.15,4.00,4.14,13300,4.044856
2013-06-10,4.08,4.20,4.03,4.20,56700,4.103477
2013-06-07,4.08,4.19,4.05,4.08,19200,3.986235
2013-06-06,4.12,4.16,4.04,4.11,13600,4.015546
2013-06-05,4.20,4.24,4.10,4.16,63200,4.064397
2013-06-04,4.13,4.17,4.09,4.17,26400,4.074167
2013-06-03,4.02,4.18,4.02,4.17,46600,4.074167
2013-05-31,4.11,4.11,4.04,4.07,18700,3.976465
2013-05-30,4.07,4.16,4.01,4.15,38300,4.054627
2013-05-29,4.04,4.09,3.97,4.09,27900,3.996006
2013-05-28,4.08,4.12,4.00,4.05,78800,3.956925
2013-05-24,4.06,4.11,4.03,4.07,52500,3.976465
2013-05-23,4.14,4.14,4.06,4.09,33500,3.996006
2013-05-22,4.22,4.23,4.15,4.16,30800,4.064397
2013-05-21,4.25,4.26,4.18,4.25,22500,4.152329
2013-05-20,4.16,4.26,4.16,4.24,31600,4.142558
2013-05-17,4.18,4.21,4.16,4.16,23800,4.064397
2013-05-16,4.23,4.25,4.16,4.19,32300,4.093707
2013-05-15,4.15,4.29,4.13,4.26,75500,4.162099
2013-05-14,4.25,4.25,4.14,4.16,24500,4.064397
2013-05-13,4.14,4.41,4.05,4.24,51600,4.142558
2013-05-10,4.22,4.22,4.15,4.15,22400,4.054627
2013-05-09,4.33,4.37,4.21,4.25,18400,4.152329
2013-05-08,4.26,4.36,4.26,4.28,26000,4.181639
2013-05-07,4.21,4.31,4.11,4.29,52700,4.191409
2013-05-06,4.08,4.26,4.00,4.25,79900,4.152329
2013-05-03,4.28,4.33,4.04,4.15,77600,4.054627
2013-05-02,4.36,4.36,4.12,4.29,54700,4.191409
2013-05-01,4.46,4.48,4.33,4.34,23300,4.24026
2013-04-30,4.41,4.50,4.30,4.49,37800,4.386813
2013-04-29,4.28,4.50,4.28,4.45,72600,4.347732
2013-04-26,4.24,4.34,4.24,4.29,50000,4.191409
2013-04-25,4.35,4.35,4.23,4.29,52700,4.191409
2013-04-24,4.15,4.32,4.15,4.32,50600,4.22072
2013-04-23,4.12,4.25,4.00,4.14,254800,4.044856
2013-04-22,3.90,4.05,3.90,4.04,25000,3.947155
2013-04-19,3.92,3.98,3.84,3.92,21600,3.829912
2013-04-18,3.92,3.95,3.85,3.92,33900,3.829912
2013-04-17,3.98,4.00,3.90,3.94,44900,3.849453
2013-04-16,4.03,4.08,3.98,4.06,46900,3.966695
2013-04-15,4.10,4.11,4.00,4.03,43700,3.937385
2013-04-12,4.21,4.21,4.10,4.12,23700,4.025316
2013-04-11,4.26,4.27,4.20,4.26,31400,4.162099
2013-04-10,4.34,4.39,4.24,4.28,40200,4.181639
2013-04-09,4.34,4.49,4.32,4.35,37300,4.25003
2013-04-08,4.04,4.33,4.02,4.27,56200,4.171869
2013-04-05,4.05,4.10,4.02,4.07,12200,3.976465
2013-04-04,4.13,4.20,4.11,4.16,36300,4.064397
2013-04-03,3.99,4.12,3.98,4.11,30900,4.015546
2013-04-02,4.07,4.07,3.98,4.04,80900,3.947155
2013-04-01,4.16,4.18,4.05,4.08,28500,3.986235
2013-03-28,4.27,4.27,4.15,4.15,45200,4.054627
2013-03-27,4.23,4.28,4.18,4.28,35800,4.181639
2013-03-26,4.30,4.33,4.22,4.22,45700,4.123018
2013-03-25,4.30,4.40,4.25,4.30,40900,4.20118
2013-03-22,4.36,4.43,4.21,4.27,79400,4.171869
2013-03-21,4.17,4.42,4.17,4.37,94800,4.269571
2013-03-20,4.30,4.36,4.20,4.25,36900,4.152329
2013-03-19,4.42,4.42,4.20,4.30,39300,4.20118
2013-03-18,4.36,4.45,4.31,4.41,37400,4.308651
2013-03-15,4.47,4.47,4.38,4.45,30300,4.347732
2013-03-14,4.35,4.45,4.32,4.44,28400,4.337962
2013-03-13,4.25,4.39,4.20,4.39,55200,4.289111
2013-03-12,4.35,4.45,4.25,4.30,87700,4.20118
2013-03-11,4.44,4.44,4.32,4.42,37400,4.318422
2013-03-08,4.48,4.53,4.38,4.45,28600,4.347732
2013-03-07,4.40,4.50,4.36,4.45,73400,4.347732
2013-03-06,4.42,4.47,4.34,4.45,22800,4.347732
2013-03-05,4.28,4.49,4.28,4.39,66000,4.289111
2013-03-04,4.13,4.28,4.09,4.27,58600,4.171869
2013-03-01,3.99,4.24,3.98,4.19,105500,4.093707
2013-02-28,4.34,4.34,3.97,4.04,252200,3.947155
2013-02-27,4.23,4.48,4.23,4.48,36200,4.377043
2013-02-26,4.29,4.38,4.19,4.24,100800,4.142558
2013-02-25,4.44,4.50,4.30,4.30,81700,4.20118
2013-02-22,4.31,4.61,4.25,4.43,209400,4.328192
2013-02-21,4.50,4.55,4.15,4.32,246500,4.22072
2013-02-20,4.65,4.69,4.50,4.50,77800,4.396583
2013-02-19,4.75,4.80,4.63,4.68,91000,4.572446
2013-02-15,4.85,4.85,4.67,4.81,42100,4.699459
2013-02-14,4.72,4.88,4.70,4.87,24000,4.75808
2013-02-13,4.83,4.90,4.70,4.77,57500,4.660378
2013-02-12,4.77,4.95,4.77,4.85,36400,4.73854
2013-02-11,4.70,4.84,4.70,4.79,47000,4.679918
2013-02-08,4.59,4.67,4.58,4.66,97000,4.552906
2013-02-07,4.60,4.65,4.50,4.60,120700,4.494285
2013-02-06,4.61,4.66,4.51,4.64,38800,4.533366
2013-02-05,4.61,4.69,4.56,4.68,72900,4.572446
2013-02-04,4.80,4.80,4.54,4.63,227100,4.523596
2013-02-01,4.72,4.89,4.72,4.88,73300,4.76785
2013-01-31,4.68,4.75,4.60,4.74,56800,4.631067
2013-01-30,4.87,4.99,4.66,4.73,80500,4.621297
2013-01-29,4.79,4.94,4.69,4.90,91300,4.787391
2013-01-28,4.91,5.00,4.75,4.80,122200,4.689689
2013-01-25,4.94,5.01,4.91,4.91,63100,4.797161
2013-01-24,5.00,5.02,4.92,4.97,23500,4.855782
2013-01-23,5.18,5.20,4.98,5.03,49000,4.914403
2013-01-22,4.90,5.14,4.90,5.11,96900,4.992565
2013-01-18,5.00,5.08,4.88,4.93,105200,4.816701
2013-01-17,5.02,5.11,4.98,5.08,46800,4.963254
2013-01-16,4.93,5.07,4.92,4.99,64600,4.875322
2013-01-15,5.05,5.07,4.91,4.94,47500,4.826471
2013-01-14,5.21,5.27,5.06,5.12,101900,5.002334
2013-01-11,5.12,5.25,4.89,5.21,243500,5.090266
2013-01-10,5.06,5.20,5.00,5.13,76500,5.012105
2013-01-09,5.13,5.13,5.05,5.09,48700,4.973024
2013-01-08,5.15,5.21,5.03,5.11,39900,4.992565
2013-01-07,5.14,5.27,5.11,5.19,85000,5.070726
2013-01-04,5.19,5.25,5.08,5.11,52500,4.992565
2013-01-03,5.23,5.38,5.15,5.21,106000,5.090266
2013-01-02,5.23,5.28,5.07,5.24,110200,5.119577
2012-12-31,4.88,5.05,4.82,5.03,89000,4.914403
2012-12-28,5.07,5.17,4.95,4.95,62800,4.836241
2012-12-27,5.02,5.18,5.02,5.17,73700,5.051186
2012-12-26,4.97,5.10,4.97,5.00,67200,4.885092
2012-12-24,4.75,4.99,4.72,4.93,47900,4.816701
2012-12-21,4.95,4.99,4.69,4.71,200900,4.601757
2012-12-20,5.08,5.14,5.00,5.00,166600,4.885092
2012-12-19,5.22,5.28,5.09,5.10,79800,4.982794
2012-12-18,5.06,5.30,5.06,5.26,93500,5.139117
2012-12-17,5.04,5.12,5.02,5.09,107000,4.973024
2012-12-14,4.79,5.04,4.79,5.02,90800,4.904633
2012-12-13,4.87,4.90,4.76,4.81,98000,4.699459
2012-12-12,4.61,4.92,4.61,4.89,72200,4.77762
2012-12-11,5.05,5.05,4.35,4.66,156600,4.552906
2012-12-10,4.36,5.12,4.32,5.05,224800,4.933943
2012-12-07,4.47,4.52,4.43,4.51,73900,4.406354
2012-12-06,4.61,4.67,4.41,4.49,116900,4.386813
2012-12-05,4.50,4.62,4.40,4.55,149500,4.445434
2012-12-04,4.15,4.56,4.15,4.54,193200,4.435664
2012-12-03,4.23,4.25,4.04,4.20,91900,4.103477
2012-11-30,4.26,4.26,4.14,4.25,65000,4.152329
2012-11-29,4.03,4.31,4.01,4.26,234500,4.162099
2012-11-28,3.81,4.05,3.76,4.05,127400,3.956925
2012-11-27,3.78,3.82,3.67,3.76,28700,3.673589
2012-11-26,3.68,3.83,3.68,3.83,28800,3.741981
2012-11-23,3.77,3.79,3.63,3.65,54900,3.566118
2012-11-21,3.80,3.82,3.69,3.80,16800,3.71267
2012-11-20,3.78,3.79,3.63,3.79,26200,3.7029
2012-11-19,3.74,3.80,3.60,3.75,35300,3.663819
2012-11-16,3.61,3.76,3.51,3.73,72100,3.644279
2012-11-15,3.63,3.68,3.55,3.63,41300,3.546577
2012-11-14,3.72,3.72,3.64,3.67,32900,3.585658
2012-11-13,3.72,3.73,3.55,3.65,36500,3.566118
2012-11-12,3.71,3.73,3.68,3.71,14800,3.624739
2012-11-09,3.62,3.82,3.60,3.72,81200,3.634509
2012-11-08,3.61,3.71,3.61,3.69,29300,3.605198
2012-11-07,3.61,3.68,3.61,3.64,24200,3.556347
2012-11-06,3.65,3.94,3.62,3.71,50800,3.624739
2012-11-05,3.70,3.77,3.51,3.66,99900,3.575888
2012-11-02,3.78,3.83,3.70,3.75,12200,3.663819
2012-11-01,3.67,3.76,3.66,3.74,19200,3.654049
2012-10-31,3.75,3.81,3.59,3.65,35100,3.566118
2012-10-26,3.85,3.87,3.77,3.80,26000,3.71267
2012-10-25,3.94,3.94,3.78,3.85,73300,3.761521
2012-10-24,3.99,4.00,3.85,3.90,55900,3.810372
2012-10-23,4.06,4.09,3.93,3.98,44800,3.888534
2012-10-22,4.08,4.18,4.00,4.18,59300,4.083937
2012-10-19,4.12,4.12,4.01,4.04,43800,3.947155
2012-10-18,4.16,4.28,4.08,4.16,32200,4.064397
2012-10-17,4.27,4.30,4.11,4.21,40300,4.113248
2012-10-16,4.04,4.27,4.04,4.20,31900,4.103477
2012-10-15,3.95,4.11,3.95,3.99,21800,3.898304
2012-10-12,3.95,4.03,3.95,3.98,41000,3.888534
2012-10-11,4.04,4.06,3.95,3.98,31100,3.888534
2012-10-10,4.16,4.16,3.97,4.01,49700,3.917844
2012-10-09,4.28,4.30,4.12,4.15,26200,4.054627
2012-10-08,4.36,4.50,4.23,4.28,75900,4.181639
2012-10-05,4.31,4.41,4.18,4.39,63700,4.289111
2012-10-04,4.23,4.29,4.15,4.29,20000,4.191409
2012-10-03,4.29,4.29,4.12,4.23,64500,4.132788
2012-10-02,4.12,4.29,3.99,4.29,71000,4.191409
2012-10-01,4.11,4.19,3.96,4.11,63000,4.015546
2012-09-28,4.15,4.20,3.98,4.10,62500,4.005776
2012-09-27,4.26,4.26,4.15,4.21,45900,4.113248
2012-09-26,4.31,4.31,4.03,4.18,152200,4.083937
2012-09-25,4.80,4.80,4.22,4.35,284100,4.25003
2012-09-24,4.31,4.88,4.26,4.76,300800,4.650608
2012-09-21,4.14,4.38,4.05,4.38,138300,4.279341
2012-09-20,4.01,4.13,3.98,4.12,49600,4.025316
2012-09-19,3.97,4.14,3.97,4.07,44400,3.976465
2012-09-18,3.94,4.04,3.89,4.01,36800,3.917844
2012-09-17,4.08,4.08,3.90,3.99,99000,3.898304
2012-09-14,4.01,4.18,3.89,4.08,118600,3.986235
2012-09-13,3.86,4.10,3.75,4.02,127700,3.927614
2012-09-12,3.56,3.82,3.56,3.82,55500,3.732211
2012-09-11,3.60,3.67,3.51,3.60,46700,3.517266
2012-09-10,3.65,3.75,3.61,3.63,51500,3.546577
2012-09-07,3.71,3.73,3.59,3.61,74800,3.527037
2012-09-06,3.52,3.73,3.44,3.71,82900,3.624739
2012-09-05,3.55,3.55,3.44,3.46,28400,3.380484
2012-09-04,3.55,3.55,3.49,3.55,57600,3.468416
2012-08-31,3.59,3.59,3.55,3.55,75900,3.468416
2012-08-30,3.55,3.59,3.55,3.57,31900,3.487956
2012-08-29,3.60,3.60,3.55,3.57,67000,3.487956
2012-08-28,3.56,3.60,3.56,3.60,36200,3.517266
2012-08-27,3.53,3.59,3.52,3.55,18500,3.468416
2012-08-24,3.58,3.58,3.49,3.52,60400,3.439105
2012-08-23,3.64,3.64,3.46,3.55,50800,3.468416
2012-08-22,3.72,3.72,3.60,3.62,28000,3.536807
2012-08-21,3.72,3.81,3.66,3.68,69500,3.595428
2012-08-20,3.75,3.79,3.68,3.70,10700,3.614968
2012-08-17,3.78,3.86,3.74,3.79,22300,3.7029
2012-08-16,3.72,3.83,3.61,3.81,54500,3.72244
2012-08-15,3.75,3.79,3.60,3.67,28600,3.585658
2012-08-14,3.80,3.94,3.71,3.72,104100,3.634509
2012-08-13,3.84,4.15,3.80,3.80,226100,3.71267
2012-08-10,3.71,3.85,3.70,3.79,113100,3.7029
2012-08-09,3.61,3.87,3.61,3.74,78600,3.654049
2012-08-08,3.49,3.69,3.49,3.63,55100,3.546577
2012-08-07,3.45,3.65,3.45,3.56,64800,3.478186
2012-08-06,3.25,3.49,3.25,3.47,35200,3.390254
2012-08-03,3.45,3.61,3.37,3.45,116300,3.370714
2012-08-02,3.35,3.54,3.25,3.33,54600,3.253471
2012-08-01,3.41,3.43,3.35,3.35,15900,3.273012
2012-07-31,3.48,3.48,3.34,3.41,20700,3.331633
2012-07-30,3.55,3.63,3.40,3.45,74800,3.370714
2012-07-27,3.38,3.57,3.37,3.55,85600,3.468416
2012-07-26,3.33,3.46,3.28,3.43,78900,3.351173
2012-07-25,3.30,3.35,3.22,3.29,84200,3.214391
2012-07-24,3.31,3.39,3.22,3.27,35300,3.19485
2012-07-23,3.30,3.35,3.22,3.30,33600,3.224161
2012-07-20,3.36,3.40,3.32,3.33,39700,3.253471
2012-07-19,3.34,3.51,3.34,3.43,77500,3.351173
2012-07-18,3.32,3.40,3.28,3.39,105700,3.312093
2012-07-17,3.35,3.40,3.31,3.31,65800,3.233931
2012-07-16,3.36,3.41,3.30,3.31,70700,3.233931
2012-07-13,3.35,3.43,3.31,3.41,62100,3.331633
2012-07-12,3.43,3.62,3.30,3.34,105800,3.263242
2012-07-11,3.23,3.47,3.23,3.40,83900,3.321863
2012-07-10,3.15,3.28,3.15,3.27,173200,3.19485
2012-07-09,3.20,3.28,3.14,3.15,118800,3.077608
2012-07-06,3.30,3.38,3.29,3.31,57200,3.233931
2012-07-05,3.66,3.66,3.28,3.37,259500,3.292552
2012-07-03,3.45,3.68,3.41,3.66,102200,3.575888
2012-07-02,3.36,3.55,3.33,3.52,92600,3.439105
2012-06-29,3.33,3.43,3.31,3.33,162600,3.253471
2012-06-28,3.09,3.27,3.09,3.21,147200,3.136229
2012-06-27,3.24,3.30,3.18,3.20,156400,3.126459
2012-06-26,3.24,3.32,3.19,3.29,111000,3.214391
2012-06-25,3.38,3.52,3.28,3.28,108500,3.204621
2012-06-22,3.27,3.52,3.26,3.48,222600,3.400024
2012-06-21,3.25,3.37,3.20,3.27,235800,3.19485
2012-06-20,3.31,3.35,3.25,3.28,261900,3.204621
2012-06-19,3.26,3.37,3.20,3.37,504300,3.292552
2012-06-18,3.11,3.24,3.05,3.22,499500,3.146
2012-06-15,3.19,3.70,3.09,3.09,2865700,3.018987
2012-06-14,3.23,3.42,3.18,3.24,513400,3.16554
2012-06-13,3.19,3.33,3.14,3.25,184400,3.17531
2012-06-12,3.10,3.32,3.06,3.24,184400,3.16554
2012-06-11,3.61,3.61,3.06,3.10,430200,3.028757
2012-06-08,3.43,3.48,3.25,3.42,217600,3.341403
2012-06-07,3.76,3.79,3.42,3.49,179600,3.409794
2012-06-06,3.51,3.75,3.51,3.67,158300,3.585658
2012-06-05,3.54,3.72,3.53,3.53,104700,3.448875
2012-06-04,3.70,3.72,3.50,3.60,118000,3.517266
2012-06-01,3.73,3.88,3.57,3.70,339100,3.614968
2012-05-31,3.88,3.96,3.78,3.85,57200,3.761521
2012-05-30,3.94,3.97,3.78,3.92,67100,3.829912
2012-05-29,3.96,4.08,3.96,4.00,41700,3.908074
2012-05-25,3.96,4.00,3.90,3.97,98300,3.878763
2012-05-24,3.95,4.06,3.86,4.00,63700,3.908074
2012-05-23,4.00,4.00,3.83,3.89,96000,3.800602
2012-05-22,3.85,4.04,3.85,3.95,64000,3.859223
2012-05-21,3.84,3.92,3.71,3.89,120800,3.800602
2012-05-18,4.23,4.23,3.88,3.90,111700,3.810372
2012-05-17,4.16,4.20,3.85,4.01,198600,3.917844
2012-05-16,4.31,4.33,4.16,4.18,122100,4.083937
2012-05-15,4.23,4.37,4.18,4.31,174000,4.21095
2012-05-14,4.51,4.58,4.20,4.28,144000,4.181639
2012-05-11,4.55,4.71,4.54,4.63,118000,4.523596
2012-05-10,4.59,4.70,4.52,4.54,111400,4.435664
2012-05-09,4.49,4.61,4.44,4.54,151000,4.435664
2012-05-08,4.34,4.69,4.24,4.60,302500,4.494285
2012-05-07,4.32,4.44,4.32,4.42,120000,4.318422
2012-05-04,4.46,4.52,4.30,4.40,178300,4.298881
2012-05-03,4.75,4.76,4.46,4.51,140200,4.406354
2012-05-02,4.82,4.87,4.75,4.75,126000,4.640838
2012-05-01,4.88,4.95,4.85,4.91,61600,4.797161
2012-04-30,4.80,4.91,4.75,4.87,213000,4.75808
2012-04-27,4.82,4.86,4.77,4.80,160400,4.689689
2012-04-26,4.95,4.95,4.78,4.87,106100,4.75808
2012-04-25,5.14,5.14,4.94,4.98,114400,4.865552
2012-04-24,4.79,5.07,4.79,5.03,225200,4.914403
2012-04-23,4.92,4.94,4.70,4.74,333600,4.631067
2012-04-20,5.10,5.10,4.87,4.93,281500,4.816701
2012-04-19,5.38,5.38,5.02,5.11,258900,4.992565
2012-04-18,5.25,5.46,5.24,5.35,324000,5.227049
2012-04-17,5.68,5.73,5.36,5.44,316400,5.314981
2012-04-16,5.83,5.87,5.54,5.67,180700,5.539695
2012-04-13,5.92,5.94,5.77,5.83,103200,5.696018
2012-04-12,5.82,5.99,5.82,5.92,196600,5.783949
