Date,Open,High,Low,Close,Volume,Adj Close
2018-05-08,23.96,24.47,23.96,24.38,1432970,24.38
2018-05-07,20.4731,24.39,20.4731,23.95,1697940,23.95
2018-05-04,24.12,24.77,24.1082,24.42,1634204,24.42
2018-05-03,24.38,24.51,24.07,24.27,998194,24.27
2018-05-02,24.55,24.91,24.38,24.47,1778771,24.47
2018-05-01,23.61,24.76,23.28,24.51,5488929,24.51
2018-04-30,24.06,24.29,23.66,23.66,1865570,23.66
2018-04-27,24.1,24.48,23.88,24.11,2279002,24.11
2018-04-26,24.5,24.51,23.79,23.99,5213899,23.99
2018-04-25,23.67,23.74,23.35,23.48,2252459,23.48
2018-04-24,23.75,23.98,23.49,23.68,1851098,23.68
2018-04-23,23.79,23.91,23.49,23.66,1109685,23.66
2018-04-20,23.65,23.86,23.38,23.71,1500826,23.71
2018-04-19,23.65,23.86,23.47,23.73,845924,23.73
2018-04-18,23.78,23.94,23.53,23.65,1309133,23.65
2018-04-17,23.71,23.97,23.5,23.66,1130935,23.66
2018-04-16,23.34,23.94,23.34,23.65,1795935,23.65
2018-04-13,23.29,23.54,22.61,23.3,3161397,23.3
2018-04-12,23.94,24.19,23.2,23.27,2418833,23.27
2018-04-11,24.27,24.7,23.72,23.92,1669580,23.92
2018-04-10,24.6,24.61,24.175,24.38,2521996,24.38
2018-04-09,24.91,24.91,24.23,24.32,1607002,24.32
2018-04-06,24.74,25,24.59,24.69,1261167,24.69
2018-04-05,24.82,24.9,24.4,24.8,1083408,24.8
2018-04-04,24.05,24.84,23.96,24.71,804655,24.71
2018-04-03,24.18,24.55,24.11,24.48,611812,24.48
2018-04-02,24.3,24.635,23.77,24.07,953866,24.07
2018-03-29,24.35,24.45,24.06,24.28,1176244,24.28
2018-03-28,24.08,24.61,24.03,24.32,695536,24.32
2018-03-27,24.51,24.749,24,24.11,1243920,24.11
2018-03-26,24.09,24.61,24.09,24.48,1795105,24.48
2018-03-23,23.72,24.37,23.56,23.82,1388319,23.82
2018-03-22,23.84,24.07,23.61,23.7,714809,23.7
2018-03-21,24.16,24.75,24.02,24.12,1205071,24.12
2018-03-20,24.11,24.85,24.11,24.16,1404316,24.16
2018-03-19,23.77,24.05,23.68,24,837217,24
2018-03-16,23.57,24.0425,23.48,23.85,1114758,23.85
2018-03-15,23.66,23.87,23.36,23.54,677597,23.54
2018-03-14,24.19,24.29,23.59,23.62,888779,23.62
2018-03-13,24.44,24.64,24.12,24.18,730628,24.18
2018-03-12,24.46,24.5,24.09,24.28,566540,24.28
2018-03-09,24,24.45,23.95,24.37,1108855,24.37
2018-03-08,24.09,24.12,23.78,23.99,1178046,23.99
2018-03-07,23.5,24.02,23.36,24,897162,24
2018-03-06,23.87,24.04,23.61,23.77,1053279,23.77
2018-03-05,23.78,24.05,23.72,23.89,1438251,23.89
2018-03-02,23.4,23.79,22.75,23.74,3006195,23.74
2018-03-01,22.75,23.42,22.33,23,2092400,23
2018-02-28,23.47,23.75,23.04,23.09,879090,23.09
2018-02-27,23.78,24,23.36,23.46,1195123,23.46
2018-02-26,23.9,24.1,23.1401,23.74,1650300,23.74
2018-02-23,24.23,24.435,23.7,24.105,1915540,24.105
2018-02-22,23.02,24.22,22.61,23.75,3583960,23.75
2018-02-21,20.89,22.37,20.85,22.02,2025902,22.02
2018-02-20,20.66,21.04,20.41,20.89,864671,20.89
2018-02-16,21.8,22,20.75,20.79,2661866,20.79
2018-02-15,21.35,22.06,21.31,21.89,778660,21.89
2018-02-14,20.69,21.33,20.68,21.24,778026,21.24
2018-02-13,20.66,20.82,20.465,20.74,625817,20.74
2018-02-12,20.82,21.15,20.36,20.73,827485,20.73
2018-02-09,20.95,20.95,20.13,20.73,833908,20.73
2018-02-08,21.18,21.29,20.74,20.74,609084,20.74
2018-02-07,21.06,21.65,21,21.16,1315041,21.16
2018-02-06,20.65,21.32,20.49,21.14,1087099,21.14
2018-02-05,21.77,22.11,21.02,21.02,777237,21.02
2018-02-02,22.24,22.37,21.8,21.91,372525,21.91
2018-02-01,21.98,22.39,21.9,22.36,375806,22.36
2018-01-31,22.12,22.22,21.96,22.03,445477,22.03
2018-01-30,22.32,22.33,21.85,22.1,751836,22.1
2018-01-29,22.42,22.5,22.24,22.37,800078,22.37
2018-01-26,22.08,22.47,22.07,22.4,719864,22.4
2018-01-25,22.06,22.23,21.85,21.94,500095,21.94
2018-01-24,21.96,22.3,21.66,22.02,683420,22.02
2018-01-23,21.74,21.94,21.633,21.83,582513,21.83
2018-01-22,21.9,21.97,21.36,21.7,683188,21.7
2018-01-19,21.13,21.99,20.82,21.9,1311934,21.9
2018-01-18,21.86,22.18,21.86,21.96,731285,21.96
2018-01-17,21.95,22.44,21.73,21.94,1191991,21.94
2018-01-16,22.45,22.59,21.72,21.83,1310834,21.83
2018-01-12,22.41,22.96,22.28,22.35,1174345,22.35
2018-01-11,21.87,22.47,21.79,22.33,750347,22.33
2018-01-10,21.81,22.01,21.65,21.83,388769,21.83
2018-01-09,21.96,22.155,21.77,21.86,505454,21.86
2018-01-08,21.84,22.05,21.48,21.94,851213,21.94
2018-01-05,22.21,22.3066,21.86,21.9,569227,21.9
2018-01-04,22.18,22.46,21.94,22.02,509624,22.02
2018-01-03,21.74,22.29,21.61,22.07,935884,22.07
2018-01-02,21.47,21.82,21.47,21.74,684847,21.74
2017-12-29,21.57,21.825,21.32,21.34,611107,21.34
2017-12-28,21.42,21.65,21.32,21.59,586863,21.59
2017-12-27,21.27,21.41,21.26,21.35,338762,21.35
2017-12-26,21.13,21.47,21.13,21.29,534263,21.29
2017-12-22,21.4,21.5,21.08,21.14,925007,21.14
2017-12-21,21,21.395,20.96,21.21,945969,21.21
2017-12-20,21.38,21.49,20.91,20.92,484717,20.92
2017-12-19,21.28,21.58,21.001,21.3,731435,21.3
2017-12-18,21.07,21.4,21,21.15,851549,21.15
2017-12-15,21,21.14,20.57,20.87,2128521,20.87
2017-12-14,21.27,21.355,20.87,20.95,994282,20.95
2017-12-13,21.45,21.67,21.21,21.28,850260,21.28
2017-12-12,21.4,21.5,21.18,21.37,1044704,21.37
2017-12-11,21.54,21.61,21.17,21.33,1432234,21.33
2017-12-08,21.76,21.76,21.31,21.58,951625,21.58
2017-12-07,21.82,22.01,21.63,21.71,797347,21.71
2017-12-06,21.66,22.18,21.57,21.73,1752818,21.73
2017-12-05,22.21,22.47,21.58,22.42,1635127,22.42
2017-12-04,21.62,22.46,21.555,22.15,1635597,22.15
2017-12-01,21.54,21.54,20.92,21.43,982169,21.43
2017-11-30,21.39,21.74,21.11,21.47,1297234,21.47
2017-11-29,20.83,21.64,20.71,21.37,1585885,21.37
2017-11-28,20.33,21,20,20.81,1993659,20.81
2017-11-27,20.5,20.64,20,20.11,1324569,20.11
2017-11-24,20.15,20.57,20.06,20.5,910090,20.5
2017-11-22,20.27,20.64,19.91,20.12,2324143,20.12
2017-11-21,20.56,20.93,20.04,20.83,3929661,20.83
2017-11-20,18.16,21,17.79,20.54,7568491,20.54
2017-11-17,17.78,18.3,17.77,18.27,1160500,18.27
2017-11-16,17.78,17.87,17.65,17.78,1170595,17.78
2017-11-15,17.7,17.81,17.43,17.76,2044330,17.76
2017-11-14,17.48,18.08,17.33,17.75,3612089,17.75
2017-11-13,16.86,17.18,16.82,17.11,930121,17.11
2017-11-10,16.86,17.11,16.78,16.98,911365,16.98
2017-11-09,16.92,17.11,16.8,17.02,1228373,17.02
2017-11-08,16.38,17.01,16.3,16.93,2818523,16.93
2017-11-07,16.85,17.01,16.475,16.53,2419761,16.53
2017-11-06,17.13,17.42,16.73,16.94,1891331,16.94
2017-11-03,17.5,18.49,17.21,17.3,3997840,17.3
2017-11-02,17.51,17.72,17.21,17.3,2159596,17.3
2017-11-01,17.85,17.95,17.56,17.6,1074135,17.6
2017-10-31,18.04,18.15,17.66,17.78,1290428,17.78
2017-10-30,17.92,18.06,17.66,17.95,1408450,17.95
2017-10-27,17.79,18.2,17.79,17.98,1137283,17.98
2017-10-26,17.54,17.93,17.54,17.78,848225,17.78
2017-10-25,17.6,17.6,17.19,17.52,862717,17.52
2017-10-24,17.47,17.72,17.4,17.67,848952,17.67
2017-10-23,18.02,18.07,17.51,17.53,833394,17.53
2017-10-20,18.2,18.44,17.97,18.01,1507092,18.01
2017-10-19,17.74,18.09,17.695,18.05,743089,18.05
2017-10-18,17.9,17.9,17.37,17.77,1118386,17.77
2017-10-17,17.46,18.16,17.44,17.96,883924,17.96
2017-10-16,17.57,17.77,17.31,17.51,1016319,17.51
2017-10-13,17.7,17.805,17.52,17.63,1129653,17.63
2017-10-12,17.4,17.72,17.18,17.71,1206047,17.71
2017-10-11,17.53,17.72,17.5,17.57,567842,17.57
2017-10-10,17.41,17.64,17.3,17.56,726854,17.56
2017-10-09,17.56,17.56,17.15,17.33,916576,17.33
2017-10-06,17.42,17.71,17.32,17.56,845627,17.56
2017-10-05,17.05,17.455,16.99,17.33,1121065,17.33
2017-10-04,17.2,17.42,16.96,16.99,1007045,16.99
2017-10-03,17.71,17.77,17.12,17.17,1236193,17.17
2017-10-02,17.56,17.66,17.36,17.64,591206,17.64
2017-09-29,17.55,17.81,17.38,17.6,850360,17.6
2017-09-28,17.44,17.65,17.275,17.51,728573,17.51
2017-09-27,17.29,17.53,17.09,17.42,1189728,17.42
2017-09-26,17.33,17.33,17.04,17.25,1310022,17.25
2017-09-25,17.22,17.51,17.07,17.39,1356843,17.39
2017-09-22,16.95,17.39,16.95,17.24,971502,17.24
2017-09-21,17.01,17.08,16.8,16.94,612740,16.94
2017-09-20,16.82,17.06,16.79,17.04,925640,17.04
2017-09-19,16.84,17.08,16.52,16.83,1462963,16.83
2017-09-18,17.27,17.31,16.75,16.8,2216619,16.8
2017-09-15,17.19,17.48,16.98,17.18,3984491,17.18
2017-09-14,17.48,17.48,17.04,17.14,1812190,17.14
2017-09-13,17.23,18.06,17.23,17.56,1469399,17.56
2017-09-12,16.86,17.3,16.81,17.25,856718,17.25
2017-09-11,16.88,17.165,16.76,16.87,1414251,16.87
2017-09-08,16.34,16.965,16.25,16.73,1307802,16.73
2017-09-07,16.52,16.61,16.11,16.37,2231541,16.37
2017-09-06,17.08,17.08,16.5,16.59,1895587,16.59
2017-09-05,17.17,17.18,16.785,17.13,1517205,17.13
2017-09-01,17.07,17.275,16.97,17.19,754041,17.19
2017-08-31,17.01,17.05,16.785,17.01,1320174,17.01
2017-08-30,16.86,17.04,16.68,16.91,1982765,16.91
2017-08-29,17.09,17.2,16.685,16.83,2104130,16.83
2017-08-28,17.37,17.37,16.88,17.13,1071960,17.13
2017-08-25,17.15,17.55,17.03,17.39,956857,17.39
2017-08-24,17.25,17.38,17.08,17.08,1577438,17.08
2017-08-23,17.15,17.295,16.97,17.19,2605934,17.19
2017-08-22,17.27,17.515,17.15,17.19,2275277,17.19
2017-08-21,17.75,17.75,17.21,17.27,798551,17.27
2017-08-18,17.5,17.88,17.5,17.74,1551974,17.74
2017-08-17,17.63,17.98,17.57,17.6,1091345,17.6
2017-08-16,17.49,18.005,17.49,17.72,1300675,17.72
2017-08-15,17.49,17.62,17.34,17.4,1179875,17.4
2017-08-14,17.48,17.57,17.18,17.46,972088,17.46
2017-08-11,17.36,17.57,17.15,17.43,742418,17.43
2017-08-10,17.27,17.51,17.25,17.31,1159134,17.31
2017-08-09,17.33,17.47,17.16,17.28,909764,17.28
2017-08-08,17.16,17.45,17.01,17.34,1856184,17.34
2017-08-07,17.01,17.32,17.01,17.22,1259964,17.22
2017-08-04,16.96,17.26,16.68,17.16,2102685,17.16
2017-08-03,17.26,17.555,16.95,16.95,1571373,16.95
2017-08-02,17.67,17.7,17.11,17.34,1828379,17.34
2017-08-01,17.51,17.74,17.24,17.68,2302620,17.68
2017-07-31,17.53,17.75,17.26,17.43,2125707,17.43
2017-07-28,18.24,18.25,17.22,17.58,2918819,17.58
2017-07-27,18.51,18.53,18.15,18.33,2543588,18.33
2017-07-26,20.03,20.5,18.16,18.53,6543033,18.53
2017-07-25,20.63,20.81,20.3,20.77,4035100,20.77
2017-07-24,21.14,21.32,20.605,20.61,2003120,20.61
2017-07-21,21.4,21.43,21.09,21.16,1346823,21.16
2017-07-20,21.23,21.59,21.165,21.29,870529,21.29
2017-07-19,20.86,21.6,20.86,21.26,1428100,21.26
2017-07-18,21.03,21.17,20.77,20.91,1190472,20.91
2017-07-17,21.03,21.19,20.91,21.05,953563,21.05
2017-07-14,21.41,21.53,21.09,21.11,809992,21.11
2017-07-13,21.37,21.57,21.07,21.42,752883,21.42
2017-07-12,21.44,21.7,21.32,21.39,755427,21.39
2017-07-11,21.1,21.39,21.03,21.33,746003,21.33
2017-07-10,21.2,21.26,20.87,21.1,647543,21.1
2017-07-07,21.16,21.31,21.015,21.16,968978,21.16
2017-07-06,21.21,21.38,21.04,21.14,959034,21.14
2017-07-05,21.4,21.49,20.9,21.23,1395647,21.23
2017-07-03,21.35,21.52,21.23,21.36,636797,21.36
2017-06-30,21.23,21.395,20.99,21.23,962095,21.23
2017-06-29,20.98,21.44,20.98,21.2,911850,21.2
2017-06-28,21.24,21.415,20.94,20.97,2133367,20.97
2017-06-27,20.97,21.25,20.96,21.16,1516819,21.16
2017-06-26,20.68,21.01,20.67,20.93,1696126,20.93
2017-06-23,20.9,20.9,20.63,20.7,1811487,20.7
2017-06-22,20.43,20.97,20.07,20.9,2518366,20.9
2017-06-21,20.61,20.7,20.2638,20.29,1550124,20.29
2017-06-20,21.11,21.22,20.47,20.56,1298965,20.56
2017-06-19,21.21,21.505,20.9,21.21,1126715,21.21
2017-06-16,20.55,21.16,20.43,21.13,2233861,21.13
2017-06-15,20.87,21.14,20.57,20.66,2247186,20.66
2017-06-14,21.22,21.55,20.995,21.06,2105081,21.06
2017-06-13,21.46,21.64,21.03,21.08,2262617,21.08
2017-06-12,21.25,21.66,21.18,21.62,2074375,21.62
2017-06-09,20.86,21.5,20.79,21.3,2060414,21.3
2017-06-08,20.5,21.07,20.3,20.82,1697647,20.82
2017-06-07,20.56,20.68,20.375,20.45,1515311,20.45
2017-06-06,20.4,20.67,20.25,20.55,1264893,20.55
2017-06-05,20.36,20.625,20.33,20.51,1231194,20.51
2017-06-02,20.42,20.72,20.41,20.48,1057952,20.48
2017-06-01,20.13,20.39,19.95,20.38,1455258,20.38
2017-05-31,20.07,20.11,19.86,20.03,1778598,20.03
2017-05-30,20.45,20.56,19.82,19.98,1502436,19.98
2017-05-26,20.22,20.88,20.15,20.44,959504,20.44
2017-05-25,20.36,20.52,20.2,20.26,1428806,20.26
2017-05-24,20,20.35,19.84,20.3,1007089,20.3
2017-05-23,20.24,20.245,19.94,19.97,1009139,19.97
2017-05-22,20.14,20.3,20.01,20.25,1106004,20.25
2017-05-19,20.01,20.42,19.7781,20.12,1809280,20.12
2017-05-18,20.91,20.91,20.495,20.59,1335122,20.59
2017-05-17,21.15,21.47,20.86,20.89,1186379,20.89
2017-05-16,21.5,21.5,21.145,21.22,1038256,21.22
2017-05-15,21.56,21.87,21.3,21.43,1800022,21.43
2017-05-12,21.889999,21.98,21.690001,21.719999,1041600,21.719999
2017-05-11,21.889999,22.059999,21.60,21.959999,1327900,21.959999
2017-05-10,21.43,22.129999,21.43,22.02,2023900,22.02
2017-05-09,21.200001,21.74,21.200001,21.51,1431900,21.51
2017-05-08,21.139999,21.40,21.139999,21.25,1410000,21.25
2017-05-05,21.65,21.74,21.040001,21.209999,1885800,21.209999
2017-05-04,21.76,21.76,21.41,21.59,1140700,21.59
2017-05-03,21.68,21.950001,21.549999,21.809999,1196900,21.729999
2017-05-02,21.74,22.08,21.549999,21.76,1379000,21.680183
2017-05-01,21.76,22.16,21.60,21.940001,2363300,21.859523
2017-04-28,20.65,21.690001,20.65,21.690001,2431500,21.61044
2017-04-27,21.299999,21.32,20.969999,21.07,1704400,20.992713
2017-04-26,20.32,21.299999,20.32,21.00,4401600,20.922971
2017-04-25,20.24,20.379999,19.809999,19.83,2136400,19.757262
2017-04-24,20.040001,20.26,19.67,20.09,2191400,20.016309
2017-04-21,19.700001,19.92,19.559999,19.780001,1554600,19.707446
2017-04-20,19.40,19.76,19.33,19.690001,1853900,19.617776
2017-04-19,19.309999,19.41,19.15,19.219999,1220900,19.149499
2017-04-18,18.860001,19.35,18.860001,19.209999,1314000,19.139535
2017-04-17,19.60,19.709999,18.84,18.98,2483200,18.91038
2017-04-13,19.709999,19.950001,19.450001,19.549999,1071800,19.478288
2017-04-12,19.709999,19.73,19.450001,19.65,515100,19.577922
2017-04-11,19.73,19.950001,19.48,19.75,644600,19.677556
2017-04-10,19.65,19.799999,19.459999,19.67,1137500,19.597849
2017-04-07,19.629999,19.75,19.530001,19.57,615900,19.498216
2017-04-06,19.49,19.780001,19.360001,19.719999,1094600,19.647665
2017-04-05,19.700001,19.860001,19.440001,19.48,1155800,19.408546
2017-04-04,19.76,19.799999,19.459999,19.549999,981300,19.478288
2017-04-03,19.360001,20.040001,19.01,19.75,1134700,19.677556
2017-03-31,19.65,19.860001,19.559999,19.73,938700,19.657629
2017-03-30,19.27,19.629999,19.040001,19.629999,1034000,19.557995
2017-03-29,19.18,19.530001,19.129999,19.200001,954400,19.129574
2017-03-28,18.790001,19.290001,18.700001,19.209999,1115500,19.139535
2017-03-27,19.139999,19.209999,18.60,18.790001,1297800,18.721078
2017-03-24,19.18,19.639999,19.18,19.309999,1834100,19.239169
2017-03-23,19.110001,19.549999,18.98,19.16,1823600,19.08972
2017-03-22,18.549999,19.08,18.51,19.049999,1393800,18.980123
2017-03-21,18.67,19.16,18.58,18.58,2566400,18.511847
2017-03-20,18.58,18.84,18.58,18.60,1566900,18.531774
2017-03-17,18.35,18.780001,18.35,18.60,2502400,18.531774
2017-03-16,18.280001,18.559999,18.16,18.309999,1242200,18.242837
2017-03-15,17.83,18.280001,17.719999,18.139999,1533300,18.073461
2017-03-14,17.65,17.790001,17.469999,17.690001,1222800,17.625112
2017-03-13,18.00,18.190001,17.639999,17.66,1241300,17.595222
2017-03-10,17.780001,18.049999,17.719999,18.00,1318100,17.933975
2017-03-09,17.27,17.860001,17.200001,17.77,1966200,17.704819
2017-03-08,17.219999,17.34,17.040001,17.190001,2218900,17.126946
2017-03-07,17.32,17.379999,17.049999,17.23,2121900,17.166799
2017-03-06,17.10,17.379999,16.92,17.32,1420900,17.256469
2017-03-03,17.17,17.389999,17.049999,17.139999,743900,17.077129
2017-03-02,17.10,17.299999,17.10,17.24,636100,17.176762
2017-03-01,17.26,17.389999,17.09,17.16,1480000,17.097056
2017-02-28,17.32,17.379999,17.07,17.09,1740700,17.027313
2017-02-27,17.280001,17.49,17.23,17.32,1179900,17.256469
2017-02-24,16.98,17.309999,16.940001,17.27,1601300,17.206653
2017-02-23,17.50,17.52,16.950001,17.09,3541400,17.027313
2017-02-22,18.66,18.879999,17.84,17.879999,2429500,17.734708
2017-02-21,18.50,18.99,18.370001,18.82,2379800,18.66707
2017-02-17,18.32,18.950001,17.77,18.860001,4059600,18.706746
2017-02-16,18.18,18.41,17.780001,17.91,1599000,17.764465
2017-02-15,17.99,18.200001,17.950001,18.18,1282300,18.032271
2017-02-14,18.08,18.299999,17.969999,18.049999,1734000,17.903327
2017-02-13,18.26,18.41,17.969999,18.00,1427700,17.853734
2017-02-10,17.950001,18.32,17.91,18.26,806800,18.111621
2017-02-09,18.139999,18.42,17.610001,17.950001,1521600,17.804141
2017-02-08,17.139999,17.66,17.040001,17.58,1124400,17.437147
2017-02-07,17.23,17.370001,17.10,17.17,811200,17.030478
2017-02-06,17.23,17.49,17.209999,17.25,718100,17.109828
2017-02-03,16.879999,17.27,16.85,17.18,963600,17.040397
2017-02-02,17.049999,17.209999,16.91,17.049999,695900,16.911453
2017-02-01,17.139999,17.290001,16.959999,16.99,1059300,16.851941
2017-01-31,16.969999,17.15,16.870001,17.110001,1268000,16.970966
2017-01-30,16.92,17.10,16.799999,17.040001,1145800,16.901536
2017-01-27,17.09,17.10,16.790001,16.99,1846400,16.851941
2017-01-26,16.98,17.219999,16.870001,17.059999,1373300,16.921372
2017-01-25,17.059999,17.27,16.940001,17.00,1230600,16.86186
2017-01-24,17.01,17.129999,16.790001,17.049999,1472700,16.911453
2017-01-23,17.15,17.940001,16.98,16.99,1038700,16.851941
2017-01-20,17.08,17.209999,16.809999,17.129999,2123700,16.990802
2017-01-19,16.58,17.07,16.58,16.84,1445200,16.70316
2017-01-18,16.940001,16.99,16.74,16.98,1087900,16.842022
2017-01-17,16.93,17.27,16.799999,16.90,1293300,16.762672
2017-01-13,17.83,17.99,17.290001,17.35,1450100,17.209016
2017-01-12,17.99,18.01,17.610001,17.790001,1204300,17.645441
2017-01-11,18.08,18.08,17.68,17.98,1096800,17.833896
2017-01-10,17.67,18.15,17.67,18.10,1751600,17.952922
2017-01-09,17.35,17.809999,17.35,17.67,1382400,17.526415
2017-01-06,17.59,17.84,17.389999,17.41,1942500,17.268528
2017-01-05,18.190001,18.190001,17.59,17.59,1530300,17.447066
2017-01-04,18.120001,18.57,18.120001,18.290001,1444900,18.141378
2017-01-03,18.190001,18.360001,18.049999,18.10,903000,17.952922
2016-12-30,18.15,18.280001,17.92,18.030001,1575300,17.883491
2016-12-29,18.129999,18.26,18.030001,18.25,421700,18.101702
2016-12-28,18.25,18.26,18.030001,18.120001,522700,17.97276
2016-12-27,18.27,18.440001,18.139999,18.24,454600,18.091783
2016-12-23,18.27,18.42,18.00,18.27,1054200,18.12154
2016-12-22,18.73,18.73,18.190001,18.309999,562600,18.161214
2016-12-21,18.57,18.83,18.530001,18.73,1001500,18.577801
2016-12-20,18.879999,19.09,18.610001,18.65,1135000,18.498452
2016-12-19,19.139999,19.24,18.84,18.90,793800,18.74642
2016-12-16,18.77,19.08,18.59,19.00,3924200,18.845608
2016-12-15,18.75,19.07,18.559999,18.67,1216200,18.518289
2016-12-14,18.75,18.83,18.41,18.65,1464500,18.498452
2016-12-13,18.85,18.98,18.40,18.790001,1111600,18.637315
2016-12-12,19.389999,19.389999,18.790001,18.82,1641200,18.66707
2016-12-09,19.60,19.60,18.969999,19.459999,1091500,19.301869
2016-12-08,19.690001,19.84,19.33,19.629999,1170200,19.470488
2016-12-07,19.17,19.559999,18.99,19.559999,1127500,19.401057
2016-12-06,18.82,19.129999,18.58,19.07,1050800,18.915039
2016-12-05,18.83,18.83,18.25,18.719999,2013600,18.567882
2016-12-02,18.809999,18.889999,18.540001,18.610001,1123700,18.458778
2016-12-01,18.66,18.860001,18.540001,18.85,988100,18.696827
2016-11-30,18.809999,18.889999,18.50,18.60,1269500,18.448859
2016-11-29,18.92,19.280001,18.709999,18.75,1544400,18.597639
2016-11-28,19.65,19.799999,18.73,18.790001,1928400,18.637315
2016-11-25,19.860001,19.870001,19.620001,19.66,477700,19.500245
2016-11-23,19.440001,19.92,19.219999,19.75,3202000,19.589513
2016-11-22,19.290001,19.700001,19.139999,19.49,1781000,19.331626
2016-11-21,18.92,19.26,18.92,19.190001,1300500,19.034064
2016-11-18,19.01,19.08,18.90,19.00,1233100,18.845608
2016-11-17,18.85,19.08,18.700001,18.950001,1253300,18.796015
2016-11-16,19.030001,19.200001,18.700001,18.77,2068000,18.617477
2016-11-15,19.25,19.34,18.879999,19.01,1184800,18.855527
2016-11-14,19.459999,19.83,19.08,19.139999,3022900,18.98447
2016-11-11,19.52,19.99,19.17,19.280001,3994000,19.123333
2016-11-10,18.60,19.60,18.450001,19.440001,2922800,19.282033
2016-11-09,17.049999,18.620001,16.68,18.57,1986200,18.419102
2016-11-08,17.17,17.469999,17.00,17.35,1248000,17.209016
2016-11-07,17.129999,17.35,17.09,17.219999,1533700,17.080071
2016-11-04,16.83,17.24,16.74,16.91,1421900,16.70316
2016-11-03,17.07,17.27,16.76,16.790001,1600600,16.584629
2016-11-02,17.110001,17.799999,16.93,17.10,2222800,16.890836
2016-11-01,17.35,17.969999,17.09,17.17,1723100,16.95998
2016-10-31,17.23,17.530001,17.07,17.299999,1388900,17.088389
2016-10-28,16.00,17.309999,15.82,17.290001,3757800,17.078513
2016-10-27,16.870001,17.040001,16.610001,16.92,2069000,16.713038
2016-10-26,16.99,17.25,16.76,16.799999,1418600,16.594505
2016-10-25,17.219999,17.440001,16.85,17.139999,1553200,16.930346
2016-10-24,17.459999,17.50,17.18,17.34,891100,17.1279
2016-10-21,16.969999,17.43,16.969999,17.34,916500,17.1279
2016-10-20,17.200001,17.200001,16.809999,17.120001,776300,16.910592
2016-10-19,17.190001,17.379999,17.16,17.290001,1192200,17.078513
2016-10-18,17.51,17.66,17.17,17.18,612800,16.969858
2016-10-17,17.18,17.57,17.16,17.18,1119100,16.969858
2016-10-14,17.01,17.40,16.969999,17.23,416500,17.019245
2016-10-13,17.219999,17.219999,16.91,17.00,968400,16.792059
2016-10-12,17.049999,17.219999,16.879999,17.16,645500,16.950102
2016-10-11,16.99,17.33,16.860001,17.030001,1009900,16.821693
2016-10-10,17.01,17.26,16.92,17.219999,1293000,17.009367
2016-10-07,16.629999,16.92,16.60,16.91,990000,16.70316
2016-10-06,16.76,16.780001,16.59,16.67,781000,16.466096
2016-10-05,16.860001,16.99,16.67,16.75,1010500,16.545117
2016-10-04,17.219999,17.379999,16.790001,16.860001,1026900,16.653772
2016-10-03,17.110001,17.219999,16.870001,17.10,923300,16.890836
2016-09-30,17.15,17.35,16.99,17.24,1259300,17.029123
2016-09-29,17.43,17.51,17.129999,17.17,1010800,16.95998
2016-09-28,17.700001,17.700001,17.27,17.41,850100,17.197044
2016-09-27,18.07,18.07,17.51,17.719999,1157300,17.503251
2016-09-26,18.48,18.57,18.02,18.030001,597500,17.809461
2016-09-23,18.18,18.66,18.09,18.60,731100,18.372488
2016-09-22,18.08,18.700001,18.040001,18.26,585000,18.036647
2016-09-21,17.92,18.49,17.690001,17.98,498000,17.760071
2016-09-20,18.200001,18.26,17.83,17.84,643600,17.621784
2016-09-19,18.25,18.76,17.92,18.09,572800,17.868726
2016-09-16,18.15,18.49,18.040001,18.110001,992200,17.888482
2016-09-15,18.059999,18.34,17.99,18.139999,726100,17.918114
2016-09-14,18.309999,18.469999,17.950001,18.120001,1044300,17.89836
2016-09-13,18.51,18.540001,18.110001,18.32,914900,18.095913
2016-09-12,18.52,18.76,18.469999,18.73,988900,18.500897
2016-09-09,19.030001,19.59,18.540001,18.540001,1005600,18.313223
2016-09-08,19.83,19.83,19.190001,19.209999,803100,18.975026
2016-09-07,19.639999,19.889999,19.469999,19.85,1017200,19.607199
2016-09-06,19.690001,19.879999,19.530001,19.719999,2510700,19.478788
2016-09-02,19.709999,19.879999,19.639999,19.73,850300,19.488666
2016-09-01,19.459999,19.68,19.33,19.58,910000,19.340501
2016-08-31,19.379999,19.73,19.280001,19.540001,1250300,19.300991
2016-08-30,19.26,19.51,19.25,19.32,734900,19.083681
2016-08-29,19.26,19.43,19.23,19.33,662200,19.093559
2016-08-26,19.40,19.59,19.01,19.209999,1034900,18.975026
2016-08-25,19.440001,19.59,19.370001,19.52,802900,19.281235
2016-08-24,19.41,19.66,19.41,19.52,833300,19.281235
2016-08-23,19.360001,19.52,19.299999,19.360001,907900,19.123192
2016-08-22,19.219999,19.51,19.200001,19.389999,1181100,19.152824
2016-08-19,19.309999,19.51,19.26,19.32,961600,19.083681
2016-08-18,19.18,19.459999,19.09,19.309999,1300800,19.073803
2016-08-17,19.200001,19.49,19.049999,19.200001,780200,18.96515
2016-08-16,19.18,19.559999,19.18,19.27,1392800,19.034293
2016-08-15,18.92,19.379999,18.889999,19.309999,1019000,19.073803
2016-08-12,18.969999,19.059999,18.799999,18.969999,1167700,18.737962
2016-08-11,18.610001,19.00,18.32,18.92,1725000,18.688574
2016-08-10,18.60,18.77,18.51,18.51,950400,18.283589
2016-08-09,18.42,18.84,18.379999,18.639999,1054000,18.411998
2016-08-08,18.280001,18.43,18.209999,18.41,1011900,18.184812
2016-08-05,18.16,18.540001,18.01,18.42,1160400,18.125546
2016-08-04,17.92,18.16,17.889999,18.040001,1078000,17.751622
2016-08-03,17.84,18.360001,17.84,17.950001,1187000,17.66306
2016-08-02,17.84,18.09,17.719999,18.00,1581100,17.71226
2016-08-01,17.870001,18.01,17.629999,17.959999,2041800,17.672899
2016-07-29,18.50,18.50,17.33,17.98,3350700,17.692579
2016-07-28,18.77,19.110001,18.48,18.950001,1460700,18.647075
2016-07-27,18.90,18.91,18.629999,18.75,856600,18.450271
2016-07-26,18.709999,18.99,18.540001,18.860001,1267900,18.558513
2016-07-25,18.620001,19.110001,18.530001,18.98,1207900,18.676594
2016-07-22,18.32,18.809999,18.209999,18.639999,581700,18.342029
2016-07-21,18.559999,18.700001,18.26,18.379999,700200,18.086185
2016-07-20,18.450001,18.59,18.34,18.540001,971500,18.243629
2016-07-19,18.299999,18.50,18.01,18.450001,720700,18.155067
2016-07-18,18.370001,18.50,18.219999,18.280001,699300,17.987785
2016-07-15,18.58,18.58,18.32,18.360001,662700,18.066506
2016-07-14,18.370001,18.60,18.23,18.440001,547200,18.145227
2016-07-13,18.639999,18.780001,18.190001,18.219999,644400,17.928743
2016-07-12,18.18,18.700001,18.01,18.59,1297700,18.292829
2016-07-11,17.68,18.049999,17.610001,18.00,1056800,17.71226
2016-07-08,17.370001,17.76,17.370001,17.629999,708100,17.348174
2016-07-07,17.49,17.639999,17.209999,17.290001,633000,17.013611
2016-07-06,17.290001,17.629999,17.219999,17.43,673400,17.151372
2016-07-05,17.860001,17.90,17.40,17.42,794500,17.141532
2016-07-01,17.91,18.059999,17.60,17.879999,792600,17.594178
2016-06-30,17.860001,17.969999,17.48,17.870001,1329800,17.584339
2016-06-29,17.52,17.91,17.52,17.90,1054200,17.613858
2016-06-28,17.629999,17.870001,17.34,17.389999,818700,17.112011
2016-06-27,18.309999,18.309999,17.32,17.42,1309600,17.141532
2016-06-24,17.969999,18.51,17.93,18.41,1049600,18.115706
2016-06-23,18.42,18.57,18.290001,18.559999,743100,18.263308
2016-06-22,18.60,18.60,18.26,18.280001,799000,17.987785
2016-06-21,18.780001,18.809999,18.559999,18.610001,764700,18.31251
2016-06-20,18.77,18.950001,18.629999,18.76,1018900,18.460111
2016-06-17,18.77,18.780001,18.42,18.629999,1353100,18.332188
2016-06-16,18.58,18.73,18.35,18.719999,837300,18.42075
2016-06-15,18.84,18.84,18.620001,18.620001,500400,18.32235
2016-06-14,18.77,18.879999,18.559999,18.84,701400,18.538832
2016-06-13,19.18,19.299999,18.75,18.790001,737000,18.489632
2016-06-10,19.59,19.610001,19.139999,19.26,745100,18.952119
2016-06-09,19.57,19.83,19.440001,19.74,975800,19.424445
2016-06-08,19.540001,19.83,19.33,19.60,1219400,19.286684
2016-06-07,19.60,19.60,19.34,19.48,603000,19.168601
2016-06-06,19.68,19.73,19.299999,19.639999,1290100,19.326043
2016-06-03,19.40,19.67,19.26,19.66,1060400,19.345724
2016-06-02,18.91,19.41,18.91,19.35,808800,19.04068
2016-06-01,19.01,19.370001,19.00,19.25,785600,18.942278
2016-05-31,19.200001,19.200001,18.940001,19.049999,795100,18.745475
2016-05-27,19.110001,19.42,19.030001,19.24,970100,18.932438
2016-05-26,19.17,19.370001,19.059999,19.09,543900,18.784836
2016-05-25,18.870001,19.25,18.68,19.17,987500,18.863557
2016-05-24,18.65,19.00,18.540001,18.879999,746000,18.578192
2016-05-23,18.52,18.690001,18.469999,18.559999,802200,18.263308
2016-05-20,18.59,18.68,18.030001,18.51,999700,18.214108
2016-05-19,18.389999,18.700001,18.34,18.49,688100,18.194427
2016-05-18,18.83,19.059999,18.360001,18.469999,960600,18.174746
2016-05-17,18.92,19.219999,18.77,18.879999,1123000,18.578192
2016-05-16,18.940001,19.17,18.459999,19.02,1674600,18.715955
2016-05-13,19.120001,19.24,18.77,18.969999,970200,18.666753
2016-05-12,19.139999,19.440001,19.049999,19.110001,886100,18.804517
2016-05-11,19.51,19.629999,19.030001,19.040001,1498400,18.735636
2016-05-10,19.709999,19.709999,19.389999,19.57,1708800,19.257163
2016-05-09,19.10,19.549999,18.17,19.459999,1579500,19.14892
2016-05-06,19.17,19.360001,18.85,19.07,1242200,18.765155
2016-05-05,19.200001,19.42,19.08,19.23,1166700,18.922597
2016-05-04,18.809999,19.309999,18.68,19.16,1407600,18.853717
2016-05-03,19.07,19.280001,18.90,18.93,1687700,18.558512
2016-05-02,18.84,19.26,18.639999,19.139999,1095500,18.76439
2016-04-29,18.82,18.84,18.549999,18.700001,1196000,18.333026
2016-04-28,18.98,19.219999,18.76,18.809999,1352100,18.440867
2016-04-27,19.00,19.290001,18.57,19.10,1765300,18.725176
2016-04-26,17.90,19.379999,17.549999,18.85,3473000,18.480082
2016-04-25,17.559999,17.65,17.309999,17.379999,1935200,17.038929
2016-04-22,17.41,17.60,17.389999,17.549999,1726300,17.205593
2016-04-21,17.530001,17.690001,17.360001,17.40,1155900,17.058537
2016-04-20,17.290001,17.76,17.00,17.60,2071200,17.254613
2016-04-19,17.85,17.950001,17.469999,17.549999,1609400,17.205593
2016-04-18,17.700001,18.07,17.620001,17.93,1131300,17.578137
2016-04-15,17.889999,17.959999,17.709999,17.780001,1209400,17.431081
2016-04-14,18.290001,18.290001,17.85,17.969999,1275100,17.617351
2016-04-13,18.27,18.450001,17.98,18.219999,983000,17.862445
2016-04-12,17.67,18.190001,17.66,18.18,1441600,17.823231
2016-04-11,17.77,17.969999,17.549999,17.690001,2206300,17.342847
2016-04-08,17.27,17.51,17.10,17.120001,1044400,16.784033
2016-04-07,17.10,17.35,17.02,17.17,1126900,16.833051
2016-04-06,16.90,17.219999,16.84,17.17,1179000,16.833051
2016-04-05,16.790001,17.139999,16.690001,16.879999,1506100,16.548741
2016-04-04,17.219999,17.219999,16.75,16.93,805400,16.597761
2016-04-01,16.700001,17.23,16.58,17.219999,975400,16.882069
2016-03-31,16.83,16.879999,16.40,16.870001,2242500,16.538939
2016-03-30,16.780001,17.00,16.65,16.690001,1028600,16.362471
2016-03-29,16.07,16.709999,16.01,16.65,1351400,16.323255
2016-03-28,16.530001,16.65,16.049999,16.17,737100,15.852675
2016-03-24,16.09,16.33,15.90,16.25,1113400,15.931105
2016-03-23,16.620001,16.67,16.09,16.09,1048300,15.774245
2016-03-22,16.389999,16.809999,16.18,16.66,1576800,16.333059
2016-03-21,17.219999,17.440001,16.469999,16.559999,1424500,16.235021
2016-03-18,17.26,17.50,17.09,17.299999,1529200,16.960499
2016-03-17,16.950001,17.41,16.83,17.15,2935000,16.813443
2016-03-16,17.139999,17.16,16.860001,16.91,1322300,16.578153
2016-03-15,17.360001,17.50,17.23,17.27,1016000,16.931089
2016-03-14,17.60,17.60,17.360001,17.40,1071400,17.058537
2016-03-11,17.360001,17.76,17.219999,17.620001,655500,17.274221
2016-03-10,17.700001,17.75,17.129999,17.26,769600,16.921285
2016-03-09,17.57,17.74,17.469999,17.58,702000,17.235005
2016-03-08,17.91,17.93,17.51,17.51,1060500,17.166379
2016-03-07,17.93,18.07,17.809999,17.99,1294300,17.636959
2016-03-04,18.02,18.09,17.860001,17.99,1194400,17.636959
2016-03-03,17.85,18.02,17.629999,17.969999,1319300,17.617351
2016-03-02,17.790001,17.969999,17.68,17.950001,1181600,17.597745
2016-03-01,17.370001,17.83,17.309999,17.799999,1873300,17.450687
2016-02-29,17.41,17.49,17.24,17.290001,1658400,16.950697
2016-02-26,17.18,17.57,16.76,17.48,1681400,17.136967
2016-02-25,16.93,17.219999,16.74,17.15,1735200,16.813443
2016-02-24,16.50,17.02,16.280001,16.90,2175300,16.499722
2016-02-23,15.97,17.219999,15.61,16.709999,3619400,16.314222
2016-02-22,15.77,16.10,15.60,15.88,2759000,15.503882
2016-02-19,15.25,15.84,14.97,15.55,2571100,15.181698
2016-02-18,15.13,15.47,14.91,15.30,3341600,14.937619
2016-02-17,17.219999,17.219999,15.08,15.10,6266600,14.742356
2016-02-16,16.77,17.049999,16.59,16.91,2860500,16.509486
2016-02-12,16.32,17.549999,16.280001,16.68,2700700,16.284934
2016-02-11,15.88,16.110001,15.54,16.07,1406600,15.689381
2016-02-10,15.84,16.51,15.69,16.110001,1516900,15.728435
2016-02-09,16.02,16.42,15.52,15.69,1124600,15.318381
2016-02-08,16.469999,16.57,15.75,16.23,1805400,15.845591
2016-02-05,17.309999,17.309999,16.58,16.620001,1198500,16.226355
2016-02-04,17.370001,17.57,17.17,17.41,1008900,16.997643
2016-02-03,17.299999,17.540001,16.85,17.379999,1169700,16.968353
2016-02-02,17.49,17.76,17.139999,17.24,637200,16.83167
2016-02-01,17.57,17.75,17.389999,17.57,1087900,17.153854
2016-01-29,17.33,17.67,17.00,17.66,1351300,17.241722
2016-01-28,17.25,17.27,16.93,17.18,665300,16.773091
2016-01-27,17.17,17.469999,16.91,17.08,1083200,16.675459
2016-01-26,16.85,17.360001,16.73,17.17,1064200,16.763328
2016-01-25,17.360001,17.469999,16.780001,16.860001,1263400,16.460671
2016-01-22,16.90,17.33,16.66,17.33,1302200,16.919538
2016-01-21,16.68,17.02,16.209999,16.719999,2470400,16.323985
2016-01-20,16.719999,16.940001,16.059999,16.620001,2405800,16.226355
2016-01-19,16.76,17.030001,16.379999,16.91,2272500,16.509486
2016-01-15,16.66,16.940001,16.48,16.639999,2326200,16.24588
2016-01-14,16.889999,17.219999,16.66,17.10,2429000,16.694986
2016-01-13,16.52,17.17,16.459999,16.889999,3519700,16.489959
2016-01-12,15.97,16.459999,15.86,16.43,2235400,16.040855
2016-01-11,15.81,15.94,15.48,15.92,1497200,15.542934
2016-01-08,15.79,15.96,15.69,15.71,1181100,15.337908
2016-01-07,16.059999,16.27,15.72,15.74,1276200,15.367197
2016-01-06,15.91,16.59,15.91,16.299999,1256500,15.913933
2016-01-05,16.700001,16.700001,16.299999,16.50,1534800,16.109197
2016-01-04,16.610001,16.66,16.299999,16.50,972000,16.109197
2015-12-31,16.959999,16.99,16.690001,16.889999,957300,16.489959
2015-12-30,17.190001,17.190001,16.91,17.00,681800,16.597354
2015-12-29,17.030001,17.18,16.940001,17.15,813300,16.743801
2015-12-28,17.110001,17.110001,16.68,17.01,1003700,16.607118
2015-12-24,17.049999,17.219999,16.90,17.10,684600,16.694986
2015-12-23,17.07,17.129999,16.93,17.120001,1834600,16.714513
2015-12-22,16.99,17.07,16.58,17.02,1998500,16.616881
2015-12-21,16.719999,16.91,16.32,16.91,2007300,16.509486
2015-12-18,16.58,16.91,16.41,16.709999,2724500,16.314222
2015-12-17,16.98,16.99,16.60,16.60,1432100,16.206829
2015-12-16,16.780001,16.92,16.50,16.90,1444600,16.499722
2015-12-15,16.18,16.67,16.18,16.620001,1892300,16.226355
2015-12-14,16.530001,16.60,16.15,16.209999,2237800,15.826065
2015-12-11,16.40,16.66,16.379999,16.48,2062500,16.08967
2015-12-10,16.780001,16.90,16.50,16.700001,2211500,16.304461
2015-12-09,16.77,17.17,16.690001,16.780001,1496500,16.382566
2015-12-08,16.719999,16.99,16.51,16.85,1882800,16.450907
2015-12-07,16.799999,17.110001,16.610001,17.08,1575500,16.675459
2015-12-04,16.950001,17.02,16.719999,16.870001,1307000,16.470434
2015-12-03,17.280001,17.34,16.74,16.90,1255900,16.499722
2015-12-02,17.32,17.42,17.24,17.27,1205500,16.86096
2015-12-01,17.35,17.51,17.26,17.32,892500,16.909775
2015-11-30,17.459999,17.59,17.27,17.309999,1492500,16.900011
2015-11-27,17.77,17.790001,17.51,17.51,334400,17.095275
2015-11-25,17.469999,17.790001,17.360001,17.68,852700,17.261249
2015-11-24,17.129999,17.57,17.129999,17.42,1667400,17.007407
2015-11-23,17.059999,17.48,17.059999,17.27,1312900,16.86096
2015-11-20,17.02,17.40,17.01,17.120001,1875800,16.714513
2015-11-19,16.530001,16.870001,16.50,16.82,1953700,16.421617
2015-11-18,16.379999,16.950001,16.34,16.92,2392900,16.519249
2015-11-17,16.23,16.639999,16.02,16.35,2402300,15.96275
2015-11-16,16.09,16.200001,15.98,16.110001,1161700,15.728435
2015-11-13,16.40,16.52,15.96,16.120001,2496500,15.738198
2015-11-12,16.690001,16.870001,16.42,16.530001,2626000,16.138487
2015-11-11,16.469999,16.790001,16.370001,16.719999,3128600,16.323985
2015-11-10,16.200001,16.379999,15.90,16.360001,3822800,15.972513
2015-11-09,16.559999,16.67,16.110001,16.25,2591500,15.80654
2015-11-06,16.700001,16.700001,16.42,16.540001,3092700,16.088626
2015-11-05,16.620001,16.77,16.549999,16.75,2352900,16.292895
2015-11-04,17.24,17.40,16.42,16.82,5913000,16.360984
2015-11-03,16.889999,17.969999,16.780001,17.51,3846700,17.032155
2015-11-02,17.299999,17.43,17.049999,17.23,2909800,16.759795
2015-10-30,17.290001,17.290001,16.49,16.969999,3288800,16.50689
2015-10-29,17.43,17.68,17.290001,17.34,1902500,16.866794
2015-10-28,17.57,18.08,17.389999,17.65,3548000,17.168333
2015-10-27,18.16,18.610001,17.559999,17.59,1509000,17.109971
2015-10-26,17.700001,18.299999,17.700001,18.190001,1400700,17.693598
2015-10-23,17.959999,17.959999,17.459999,17.67,2175300,17.187788
2015-10-22,18.139999,18.25,17.51,17.60,2564200,17.119699
2015-10-21,19.25,19.35,18.02,18.08,2212700,17.586599
2015-10-20,19.219999,19.440001,19.120001,19.18,1246600,18.656581
2015-10-19,19.139999,19.33,18.99,19.299999,1239300,18.773305
2015-10-16,19.24,19.360001,18.85,19.18,1534500,18.656581
2015-10-15,18.719999,19.27,18.59,19.23,2167200,18.705215
2015-10-14,18.709999,18.860001,18.549999,18.59,1734500,18.082682
2015-10-13,18.82,19.02,18.549999,18.65,1119200,18.141044
2015-10-12,18.889999,19.17,18.610001,18.99,2059200,18.471765
2015-10-09,18.309999,18.49,18.16,18.450001,1304800,17.946503
2015-10-08,18.030001,18.559999,18.030001,18.360001,1892400,17.858959
2015-10-07,17.92,18.35,17.75,18.15,2911100,17.654689
2015-10-06,18.200001,18.299999,17.92,17.959999,3447000,17.469873
2015-10-05,18.41,18.66,18.18,18.200001,1965500,17.703325
2015-10-02,17.91,18.49,17.77,18.459999,1933000,17.956228
2015-10-01,18.110001,18.309999,17.67,18.10,3714000,17.606054
2015-09-30,18.610001,18.82,18.15,18.18,3445300,17.683871
2015-09-29,18.50,18.690001,18.33,18.469999,1062600,17.965955
2015-09-28,19.32,19.370001,18.52,18.530001,1324000,18.024319
2015-09-25,19.50,19.610001,19.00,19.09,1144400,18.569037
2015-09-24,19.52,19.620001,19.16,19.40,1176800,18.870576
2015-09-23,19.860001,19.91,19.389999,19.59,1327400,19.055392
2015-09-22,19.91,20.34,19.82,19.91,1426900,19.366659
2015-09-21,20.030001,20.459999,19.950001,20.17,1373700,19.619563
2015-09-18,20.110001,20.16,19.76,19.950001,1929900,19.405568
2015-09-17,20.24,20.790001,20.129999,20.450001,1052700,19.891923
2015-09-16,20.290001,20.530001,20.10,20.34,1536100,19.784924
2015-09-15,20.41,20.629999,20.27,20.41,1180800,19.853014
2015-09-14,20.16,20.43,19.91,20.32,2361200,19.76547
2015-09-11,20.040001,20.34,19.950001,20.15,2620100,19.600109
2015-09-10,20.549999,20.809999,20.26,20.34,1368900,19.784924
2015-09-09,21.01,21.09,20.67,20.68,1604400,20.115646
2015-09-08,20.780001,20.940001,20.32,20.92,935500,20.349096
2015-09-04,20.360001,20.67,20.219999,20.440001,749200,19.882196
2015-09-03,20.780001,20.889999,20.52,20.629999,1069400,20.067009
2015-09-02,20.780001,20.91,20.450001,20.74,1261700,20.174008
2015-09-01,20.24,20.959999,20.24,20.57,2928300,20.008647
2015-08-31,20.51,20.969999,20.48,20.700001,2890200,20.1351
2015-08-28,20.00,20.58,20.00,20.51,2507700,19.950285
2015-08-27,19.77,20.32,19.700001,20.07,2417600,19.522292
2015-08-26,19.26,19.639999,18.91,19.57,2467700,19.035937
2015-08-25,19.889999,20.01,18.809999,18.82,2258500,18.306404
2015-08-24,19.24,19.59,18.00,19.33,2009900,18.802487
2015-08-21,20.440001,20.65,19.91,20.360001,2478400,19.804379
2015-08-20,21.450001,21.530001,20.780001,20.809999,1249400,20.242097
2015-08-19,21.690001,21.719999,21.360001,21.559999,1563800,20.97163
2015-08-18,21.83,22.110001,21.68,21.73,993600,21.136991
2015-08-17,21.540001,22.040001,21.459999,21.92,1313100,21.321806
2015-08-14,21.809999,21.92,21.65,21.66,1126100,21.068901
2015-08-13,21.57,22.07,21.35,21.91,2622300,21.253716
2015-08-12,21.540001,21.629999,21.08,21.49,3582700,20.846297
2015-08-11,21.709999,21.860001,21.58,21.65,2157200,21.001504
2015-08-10,23.200001,23.200001,21.889999,21.91,1893400,21.253716
2015-08-07,22.370001,22.450001,22.049999,22.41,1741400,21.73874
2015-08-06,23.02,23.10,22.24,22.530001,2120400,21.855146
2015-08-05,23.48,23.75,22.92,22.959999,2755800,22.272264
2015-08-04,23.24,23.83,22.82,23.299999,3737000,22.60208
2015-08-03,23.200001,23.33,22.690001,22.780001,3157000,22.097658
2015-07-31,22.90,23.379999,22.809999,23.290001,1604300,22.592382
2015-07-30,22.120001,22.99,22.120001,22.790001,2127000,22.107358
2015-07-29,22.00,22.40,21.92,22.26,1819600,21.593233
2015-07-28,22.200001,22.23,21.75,22.030001,1703800,21.370123
2015-07-27,22.139999,22.360001,21.940001,22.059999,1049900,21.399223
2015-07-24,22.73,22.75,22.120001,22.209999,1373800,21.54473
2015-07-23,23.110001,23.16,22.67,22.790001,1066800,22.107358
2015-07-22,23.01,23.32,22.91,22.98,1850100,22.291666
2015-07-21,22.99,23.10,22.709999,22.99,1071000,22.301367
2015-07-20,23.17,23.25,22.98,23.059999,957900,22.369269
2015-07-17,23.52,23.549999,22.99,23.08,760000,22.388671
2015-07-16,23.52,23.60,23.370001,23.43,1141300,22.728187
2015-07-15,23.610001,23.68,23.33,23.360001,1529600,22.660285
2015-07-14,23.60,23.76,23.459999,23.690001,1490700,22.9804
2015-07-13,23.299999,23.57,23.26,23.52,1195800,22.815492
2015-07-10,22.870001,23.23,22.74,23.17,1853300,22.475975
2015-07-09,22.629999,22.809999,22.51,22.639999,1145300,21.96185
2015-07-08,22.48,22.66,22.27,22.379999,1620000,21.709638
2015-07-07,22.280001,22.76,21.90,22.610001,1862100,21.93275
2015-07-06,21.85,22.280001,21.809999,22.15,1590500,21.486527
2015-07-02,21.709999,22.01,21.610001,22.00,1441500,21.341021
2015-07-01,22.219999,22.219999,21.540001,21.639999,2923000,20.991804
2015-06-30,21.18,21.389999,21.10,21.35,1511600,20.710491
2015-06-29,21.48,21.639999,21.030001,21.040001,1376100,20.409777
2015-06-26,21.309999,21.780001,21.309999,21.639999,7791600,20.991804
2015-06-25,21.75,21.780001,21.559999,21.67,1367800,21.020906
2015-06-24,21.790001,21.860001,21.58,21.68,1195700,21.030606
2015-06-23,22.049999,22.16,21.76,21.790001,1252900,21.137312
2015-06-22,21.99,22.110001,21.82,21.940001,1509300,21.282819
2015-06-19,21.75,22.040001,21.700001,21.809999,1648200,21.156711
2015-06-18,21.370001,22.049999,20.860001,21.68,1572200,21.030606
2015-06-17,21.969999,22.09,21.780001,21.84,1270200,21.185814
2015-06-16,22.549999,22.549999,21.65,21.879999,3108700,21.224614
2015-06-15,22.75,22.83,22.57,22.65,1413000,21.971551
2015-06-12,22.83,23.07,22.549999,22.799999,1187800,22.117057
2015-06-11,23.10,23.17,22.83,22.91,931500,22.223763
2015-06-10,22.780001,23.15,22.620001,23.01,1792900,22.320768
2015-06-09,22.76,22.799999,22.66,22.74,1300700,22.058855
2015-06-08,22.41,22.780001,22.41,22.74,1323500,22.058855
2015-06-05,22.34,22.559999,22.049999,22.49,1007000,21.816343
2015-06-04,22.48,22.67,22.35,22.379999,709700,21.709638
2015-06-03,22.280001,22.629999,22.110001,22.60,1223800,21.923049
2015-06-02,22.290001,22.40,22.07,22.27,1298400,21.602934
2015-06-01,22.52,22.60,22.17,22.389999,1247900,21.719338
2015-05-29,22.59,22.799999,22.280001,22.459999,1167900,21.787241
2015-05-28,22.860001,23.01,22.629999,22.639999,1958400,21.96185
2015-05-27,22.68,23.00,22.65,22.93,1609400,22.243164
2015-05-26,22.60,22.82,22.530001,22.57,1808700,21.893947
2015-05-22,22.82,23.00,22.549999,22.620001,1468600,21.94245
2015-05-21,22.629999,22.84,22.48,22.75,1192900,22.068556
2015-05-20,22.67,22.83,22.379999,22.58,842400,21.903648
2015-05-19,22.370001,22.66,22.219999,22.65,1205400,21.971551
2015-05-18,22.049999,22.43,22.01,22.34,1174400,21.670837
2015-05-15,22.00,22.309999,21.75,22.25,1801000,21.583532
2015-05-14,21.889999,22.09,21.809999,21.98,1487400,21.321619
2015-05-13,21.709999,21.98,21.620001,21.84,1284200,21.185814
2015-05-12,21.879999,22.120001,21.389999,21.889999,2119400,21.176112
2015-05-11,21.48,22.040001,21.41,22.02,3121400,21.301873
2015-05-08,21.90,22.190001,21.43,21.440001,2013700,20.740788
2015-05-07,21.33,21.82,21.030001,21.610001,3048200,20.905244
2015-05-06,21.60,22.00,21.25,21.389999,2553400,20.692418
2015-05-05,22.879999,23.129999,21.49,21.559999,6313000,20.856874
2015-05-04,22.91,23.32,22.75,23.00,2947500,22.249912
2015-05-01,22.66,23.26,22.48,22.889999,1756800,22.143499
2015-04-30,22.549999,22.83,22.379999,22.66,1799000,21.921001
2015-04-29,23.209999,23.41,22.16,22.629999,1980200,21.891978
2015-04-28,23.10,23.549999,22.90,23.370001,1633400,22.607847
2015-04-27,23.219999,23.370001,23.01,23.139999,2117100,22.385346
2015-04-24,23.049999,23.370001,22.90,23.08,1015100,22.327303
2015-04-23,22.690001,23.33,22.690001,22.959999,1360400,22.211216
2015-04-22,22.74,22.85,22.51,22.700001,665800,21.959697
2015-04-21,22.530001,23.030001,22.370001,22.709999,1342100,21.969369
2015-04-20,22.65,22.809999,22.25,22.60,1376500,21.862958
2015-04-17,22.610001,22.68,22.34,22.50,1148300,21.766219
2015-04-16,22.84,23.139999,22.719999,22.780001,1168500,22.037088
2015-04-15,22.969999,23.059999,22.450001,22.83,2461300,22.085456
2015-04-14,22.889999,23.110001,22.719999,22.92,1397200,22.172522
2015-04-13,23.709999,23.709999,22.82,22.950001,2055800,22.201544
2015-04-10,23.35,23.73,23.290001,23.610001,1425600,22.840019
2015-04-09,23.68,23.90,23.290001,23.35,1201100,22.588498
2015-04-08,22.709999,23.66,22.610001,23.66,1693500,22.888388
2015-04-07,23.65,23.709999,22.92,23.049999,2284000,22.298281
2015-04-06,23.93,24.219999,23.50,23.620001,1610000,22.849694
2015-04-02,24.00,24.209999,23.77,24.01,1446100,23.226974
2015-04-01,24.27,24.309999,23.799999,24.139999,1980900,23.352734
2015-03-31,24.23,24.469999,23.93,24.33,1071500,23.536538
2015-03-30,23.889999,24.530001,23.84,24.290001,1337900,23.497843
2015-03-27,23.85,24.24,23.639999,23.82,1752200,23.04317
2015-03-26,24.139999,24.139999,23.43,23.860001,2193200,23.081866
2015-03-25,25.00,25.219999,24.27,24.280001,1496800,23.488169
2015-03-24,25.27,25.309999,24.84,24.889999,985700,24.078274
2015-03-23,24.91,25.35,24.76,25.25,1210000,24.426534
2015-03-20,24.950001,25.33,24.82,25.00,2313300,24.184687
2015-03-19,24.59,24.940001,24.52,24.76,1367500,23.952515
2015-03-18,24.84,24.879999,24.280001,24.59,1468500,23.788059
2015-03-17,24.870001,24.940001,24.48,24.85,1789100,24.03958
2015-03-16,24.780001,24.969999,24.57,24.91,1646800,24.097622
2015-03-13,24.99,25.219999,24.50,24.559999,2787700,23.759036
2015-03-12,24.57,24.98,24.43,24.940001,2306900,24.126645
2015-03-11,25.030001,25.360001,24.35,24.459999,2253300,23.662297
2015-03-10,24.99,25.41,24.860001,25.040001,2408300,24.223384
2015-03-09,25.07,25.59,25.00,25.40,2806200,24.571642
2015-03-06,25.540001,25.690001,24.799999,24.799999,3398600,23.991209
2015-03-05,25.549999,25.93,25.40,25.690001,2141000,24.852185
2015-03-04,25.709999,25.77,25.17,25.549999,1988600,24.71675
2015-03-03,25.639999,25.969999,25.16,25.74,2592100,24.900554
2015-03-02,25.690001,26.25,25.68,26.16,5230800,25.306857
2015-02-27,25.68,26.25,25.549999,25.76,8832400,24.861859
2015-02-26,25.35,25.690001,25.26,25.360001,1001400,24.475805
2015-02-25,25.73,25.77,25.389999,25.48,1331400,24.591621
2015-02-24,25.18,25.950001,25.18,25.690001,1747100,24.7943
2015-02-23,25.440001,25.75,25.02,25.09,1024600,24.215219
2015-02-20,25.60,25.969999,25.33,25.40,1786500,24.51441
2015-02-19,24.92,25.889999,24.52,25.48,3480500,24.591621
2015-02-18,24.67,25.549999,24.35,25.450001,3373800,24.562668
2015-02-17,24.469999,24.790001,24.23,24.629999,1524300,23.771256
2015-02-13,24.690001,24.75,24.360001,24.450001,1238300,23.597533
2015-02-12,24.92,25.01,24.58,24.610001,1540400,23.751955
2015-02-11,24.440001,25.10,24.41,24.90,1578300,24.031843
2015-02-10,24.379999,24.67,24.309999,24.459999,1581000,23.607183
2015-02-09,24.559999,24.690001,24.190001,24.26,960900,23.414157
2015-02-06,24.52,24.92,24.42,24.700001,1320100,23.838817
2015-02-05,25.00,25.17,24.48,24.51,1457000,23.655441
2015-02-04,24.360001,25.00,24.280001,24.90,1466500,24.031843
2015-02-03,24.60,25.110001,24.42,24.57,1894800,23.713349
2015-02-02,24.65,24.780001,23.68,24.49,1925800,23.636138
2015-01-30,25.32,25.370001,24.52,24.719999,1934000,23.858118
2015-01-29,25.00,25.549999,24.790001,25.450001,1751300,24.562668
2015-01-28,25.49,25.639999,24.809999,24.84,1066800,23.973935
2015-01-27,25.280001,25.66,25.02,25.309999,1397700,24.427548
2015-01-26,24.99,25.49,24.93,25.32,1426300,24.437199
2015-01-23,25.059999,25.360001,24.809999,24.93,1325600,24.060797
2015-01-22,24.559999,25.27,24.49,25.01,2250500,24.138008
2015-01-21,25.10,25.309999,24.25,24.42,2839900,23.568579
2015-01-20,25.459999,25.559999,24.74,25.09,1711400,24.215219
2015-01-16,24.98,25.43,24.83,25.35,1479200,24.466154
2015-01-15,25.59,25.85,24.91,25.030001,1989700,24.157311
2015-01-14,25.219999,25.66,24.889999,25.58,1775200,24.688134
2015-01-13,25.290001,25.879999,25.07,25.49,2095900,24.601272
2015-01-12,25.040001,25.299999,24.950001,25.059999,1859800,24.186264
2015-01-09,24.90,25.33,24.549999,25.07,1983300,24.195916
2015-01-08,25.049999,25.24,24.67,24.90,2787000,24.031843
2015-01-07,23.889999,25.049999,23.84,24.98,2325100,24.109053
2015-01-06,23.540001,23.969999,22.91,23.709999,2413100,22.883332
2015-01-05,23.77,24.25,23.290001,23.450001,2054200,22.632399
2015-01-02,24.799999,24.98,23.549999,23.92,2256200,23.086012
2014-12-31,24.43,25.040001,24.34,24.76,2343800,23.896725
2014-12-30,24.200001,24.40,24.00,24.290001,1233200,23.443112
2014-12-29,23.83,24.360001,23.709999,24.209999,1306900,23.3659
2014-12-26,23.790001,23.91,23.66,23.75,504200,22.921939
2014-12-24,23.690001,23.91,23.65,23.790001,644200,22.960545
2014-12-23,23.82,23.98,23.57,23.610001,1746500,22.786821
2014-12-22,23.43,23.91,23.360001,23.82,1374100,22.989498
2014-12-19,23.67,23.98,23.25,23.50,2196300,22.680655
2014-12-18,24.040001,24.049999,23.190001,23.65,2373800,22.825425
2014-12-17,23.200001,23.690001,22.98,23.65,2896200,22.825425
2014-12-16,22.75,23.209999,22.280001,22.66,2917200,21.869942
2014-12-15,22.77,22.93,22.389999,22.799999,2358800,22.00506
2014-12-12,22.809999,23.030001,22.559999,22.610001,1748500,21.821686
2014-12-11,22.83,23.450001,22.83,22.969999,1873500,22.169133
2014-12-10,23.26,23.639999,22.780001,22.790001,2331300,21.995411
2014-12-09,23.49,23.50,22.60,23.32,4196600,22.506931
2014-12-08,22.82,23.059999,22.52,22.67,1166000,21.879594
2014-12-05,23.10,23.469999,22.799999,22.92,2870500,22.120877
2014-12-04,22.719999,23.07,22.59,23.02,1965000,22.217391
2014-12-03,22.57,22.92,22.52,22.799999,1405900,22.00506
2014-12-02,22.18,22.82,22.00,22.74,2576800,21.947153
2014-12-01,22.77,22.879999,22.01,22.09,2450000,21.319816
2014-11-28,22.08,22.889999,22.08,22.77,1733800,21.976108
2014-11-26,22.049999,22.34,21.52,21.93,1694100,21.165395
2014-11-25,22.459999,22.66,22.01,22.110001,1833000,21.339119
2014-11-24,22.200001,22.49,21.959999,22.459999,1433000,21.676915
2014-11-21,22.07,22.290001,21.780001,22.190001,1727500,21.41633
2014-11-20,21.709999,22.459999,21.559999,21.799999,2572500,21.039926
2014-11-19,21.809999,22.049999,21.60,21.82,1214000,21.059229
2014-11-18,21.99,22.18,21.620001,21.77,1847800,21.010973
2014-11-17,22.02,22.450001,21.690001,21.940001,3693400,21.175046
2014-11-14,21.809999,22.120001,21.709999,22.00,2196600,21.232954
2014-11-13,21.530001,21.90,21.360001,21.90,2538300,21.13644
2014-11-12,21.02,21.610001,21.02,21.50,3723900,20.750387
2014-11-11,20.49,21.34,20.49,21.110001,10186100,20.373985
2014-11-10,21.74,21.85,21.32,21.35,2376200,20.605617
2014-11-07,21.870001,21.870001,21.370001,21.690001,1958500,20.933763
2014-11-06,21.90,22.219999,21.780001,21.870001,2772500,21.107487
2014-11-05,20.85,22.10,20.83,21.860001,6641100,21.097836
2014-11-04,20.50,20.99,20.030001,20.43,5255200,19.717693
2014-11-03,18.93,18.98,18.50,18.629999,2814700,17.980451
2014-10-31,19.139999,19.24,18.90,18.91,1894400,18.250689
2014-10-30,18.780001,19.09,18.709999,18.889999,1297300,18.231386
2014-10-29,19.209999,19.23,18.709999,18.83,1300400,18.173478
2014-10-28,18.700001,19.200001,18.60,19.200001,1298200,18.530579
2014-10-27,18.40,18.73,18.25,18.59,934700,17.941846
2014-10-24,18.16,18.57,17.969999,18.469999,1413400,17.826029
2014-10-23,18.459999,18.74,18.02,18.08,1776200,17.449627
2014-10-22,18.25,18.74,18.25,18.48,1316900,17.835681
2014-10-21,18.690001,18.690001,18.200001,18.219999,1985700,17.584746
2014-10-20,18.360001,18.780001,18.129999,18.639999,1752700,17.990102
2014-10-17,18.50,18.58,18.25,18.360001,1311500,17.719866
2014-10-16,17.73,18.379999,17.450001,18.24,1714600,17.604049
2014-10-15,17.950001,18.18,17.450001,18.040001,2176300,17.411023
2014-10-14,18.16,18.610001,17.809999,18.190001,2191000,17.555793
2014-10-13,18.440001,18.52,17.860001,17.93,1638400,17.304858
2014-10-10,18.379999,18.709999,18.209999,18.389999,1547200,17.748819
2014-10-09,18.49,18.66,18.299999,18.34,1074100,17.700563
2014-10-08,17.84,18.559999,17.799999,18.530001,1086800,17.883939
2014-10-07,18.030001,18.16,17.83,17.879999,959400,17.2566
2014-10-06,18.620001,18.790001,18.15,18.15,703500,17.517187
2014-10-03,18.43,18.809999,18.280001,18.57,778300,17.922543
2014-10-02,18.10,18.40,17.99,18.25,796700,17.6137
2014-10-01,18.35,18.83,18.040001,18.120001,1276800,17.488234
2014-09-30,18.82,18.82,18.32,18.34,1307800,17.700563
2014-09-29,18.66,18.90,18.49,18.780001,2067600,18.125222
2014-09-26,18.610001,19.040001,18.50,18.879999,1445100,18.221734
2014-09-25,18.33,18.90,18.18,18.60,2483200,17.951498
2014-09-24,17.879999,18.530001,17.700001,18.17,976200,17.53649
2014-09-23,17.75,18.469999,17.68,17.82,1233100,17.198692
2014-09-22,17.93,17.959999,17.58,17.77,993400,17.150436
2014-09-19,17.790001,18.299999,17.57,18.01,2566600,17.382068
2014-09-18,17.290001,17.780001,17.290001,17.66,1202300,17.044271
2014-09-17,16.98,17.48,16.82,17.280001,829300,16.677521
2014-09-16,16.870001,17.049999,16.75,16.93,694800,16.339723
2014-09-15,17.129999,17.360001,16.90,16.959999,416200,16.368676
2014-09-12,17.190001,17.389999,17.00,17.120001,687400,16.523099
2014-09-11,16.91,17.299999,16.780001,17.139999,832000,16.542401
2014-09-10,16.860001,17.08,16.75,16.99,938700,16.397631
2014-09-09,16.940001,17.030001,16.700001,16.879999,807700,16.291466
2014-09-08,16.870001,17.059999,16.75,16.959999,615300,16.368676
2014-09-05,16.83,16.940001,16.620001,16.879999,558900,16.291466
2014-09-04,16.60,17.110001,16.540001,16.870001,1036300,16.281816
2014-09-03,16.76,16.76,16.24,16.57,1159600,15.992274
2014-09-02,16.690001,16.879999,16.49,16.67,670000,16.088788
2014-08-29,16.709999,16.75,16.389999,16.639999,656600,16.059834
2014-08-28,16.299999,16.709999,16.25,16.639999,939800,16.059834
2014-08-27,16.290001,16.389999,16.15,16.370001,740000,15.799249
2014-08-26,16.23,16.389999,16.120001,16.379999,1218600,15.808898
2014-08-25,16.280001,16.290001,15.97,16.190001,1098900,15.625524
2014-08-22,16.219999,16.299999,16.02,16.120001,762200,15.557965
2014-08-21,16.290001,16.389999,16.10,16.24,912700,15.67378
2014-08-20,16.25,16.299999,16.10,16.25,531600,15.683432
2014-08-19,16.379999,16.41,16.10,16.290001,771800,15.722038
2014-08-18,16.379999,16.60,16.24,16.35,952200,15.779946
2014-08-15,16.40,16.43,15.95,16.26,1944500,15.693083
2014-08-14,16.700001,16.700001,16.049999,16.280001,2934100,15.712386
2014-08-13,16.290001,16.74,16.120001,16.700001,1977600,16.117743
2014-08-12,16.07,16.299999,15.99,16.26,2191500,15.693083
2014-08-11,16.379999,16.43,16.02,16.09,2144100,15.52901
2014-08-08,16.08,16.370001,16.00,16.34,2314300,15.770294
2014-08-07,16.01,16.290001,15.90,16.08,3976600,15.519359
2014-08-06,15.06,16.09,15.05,15.98,5408600,15.422845
2014-08-05,17.25,17.50,15.01,15.06,16244000,14.534922
2014-08-04,19.43,19.83,19.27,19.809999,1553300,19.119309
2014-08-01,19.540001,19.83,19.18,19.43,1643600,18.752559
2014-07-31,19.549999,19.74,19.42,19.59,939000,18.90698
2014-07-30,20.24,20.540001,19.66,19.690001,1541600,19.003494
2014-07-29,19.90,20.110001,19.690001,20.01,1688500,19.312337
2014-07-28,20.200001,20.35,19.65,19.870001,4205600,19.177219
2014-07-25,20.059999,20.209999,19.82,20.190001,659700,19.486061
2014-07-24,20.120001,20.40,20.07,20.200001,951900,19.495713
2014-07-23,20.620001,20.629999,19.950001,20.07,1217300,19.370244
2014-07-22,20.450001,20.75,20.450001,20.58,709000,19.862463
2014-07-21,20.610001,20.85,20.34,20.360001,359300,19.650134
2014-07-18,20.49,20.959999,20.49,20.77,630800,20.045839
2014-07-17,20.809999,21.030001,20.440001,20.469999,1040300,19.756298
2014-07-16,21.02,21.120001,20.690001,20.91,1492600,20.180957
2014-07-15,21.23,21.41,20.879999,20.879999,1045800,20.152003
2014-07-14,21.360001,21.42,21.08,21.200001,804300,20.460847
2014-07-11,21.379999,21.610001,21.059999,21.209999,643600,20.470497
2014-07-10,21.08,21.690001,20.879999,21.440001,1152400,20.692479
2014-07-09,21.610001,21.889999,21.360001,21.389999,1361600,20.644221
2014-07-08,21.940001,22.07,21.549999,21.57,1102500,20.817946
2014-07-07,22.34,22.459999,21.940001,22.01,706100,21.242605
2014-07-03,22.17,22.530001,22.129999,22.440001,408600,21.657613
2014-07-02,22.280001,22.48,21.99,22.07,667500,21.300513
2014-07-01,22.459999,22.809999,22.16,22.290001,1083800,21.512844
2014-06-30,22.629999,22.67,22.299999,22.43,829200,21.647962
2014-06-27,22.50,22.98,22.360001,22.610001,3859800,21.821686
2014-06-26,23.00,23.129999,22.57,22.639999,966300,21.850639
2014-06-25,22.59,22.85,22.469999,22.809999,562200,22.014712
2014-06-24,22.719999,22.98,22.43,22.639999,946600,21.850639
2014-06-23,22.43,22.84,22.24,22.780001,940600,21.985759
2014-06-20,22.52,22.639999,22.24,22.48,1525900,21.696218
2014-06-19,22.24,22.48,22.030001,22.440001,908800,21.657613
2014-06-18,22.139999,22.440001,21.969999,22.219999,757800,21.445283
2014-06-17,22.00,22.41,21.82,22.190001,772400,21.41633
2014-06-16,21.68,22.049999,21.549999,22.049999,1565200,21.28121
2014-06-13,22.110001,22.219999,21.73,21.77,1087400,21.010973
2014-06-12,22.34,22.389999,21.91,22.040001,1134500,21.27156
2014-06-11,22.35,22.57,22.15,22.50,1316200,21.715521
2014-06-10,22.450001,22.549999,21.950001,22.48,2776500,21.696218
2014-06-09,22.24,22.77,22.07,22.700001,1064000,21.908549
2014-06-06,22.16,22.700001,22.10,22.32,1365600,21.541796
2014-06-05,21.52,21.969999,21.40,21.700001,958600,20.943414
2014-06-04,20.93,21.57,20.84,21.450001,832900,20.702131
2014-06-03,21.200001,21.35,20.889999,21.00,715300,20.26782
2014-06-02,20.93,21.389999,20.85,21.290001,1034100,20.547709
2014-05-30,20.77,20.969999,20.60,20.84,1196600,20.113398
2014-05-29,21.00,21.040001,20.299999,20.700001,2200800,19.97828
2014-05-28,21.219999,21.379999,20.959999,21.01,1914300,20.277471
2014-05-27,21.27,21.379999,21.02,21.27,1360100,20.528406
2014-05-23,21.059999,21.41,20.870001,21.209999,867700,20.470497
2014-05-22,21.10,21.23,20.65,21.01,1657900,20.277471
2014-05-21,21.049999,21.41,20.82,21.139999,887800,20.402938
2014-05-20,21.49,21.57,20.58,21.01,1327000,20.277471
2014-05-19,21.379999,21.719999,21.139999,21.40,592400,20.653873
2014-05-16,20.67,21.610001,20.469999,21.57,1565300,20.817946
2014-05-15,20.870001,21.18,20.16,20.57,1434500,19.852811
2014-05-14,21.27,21.48,20.879999,21.059999,801800,20.325727
2014-05-13,21.639999,21.700001,21.24,21.370001,848600,20.62492
2014-05-12,20.969999,21.73,20.83,21.59,1417300,20.837249
2014-05-09,20.879999,21.809999,20.65,20.889999,2053000,20.161654
2014-05-08,22.129999,22.34,20.889999,21.42,2113600,20.673176
2014-05-07,22.190001,22.440001,21.879999,22.280001,838100,21.503192
2014-05-06,22.059999,22.40,21.98,22.129999,540700,21.35842
2014-05-05,22.08,22.549999,22.07,22.120001,692400,21.348771
2014-05-02,22.120001,22.40,22.00,22.290001,948300,21.512844
2014-05-01,21.379999,22.02,21.190001,21.98,1035900,21.213651
2014-04-30,21.00,21.43,20.76,21.32,971700,20.576662
2014-04-29,21.040001,21.50,20.799999,21.01,1209100,20.277471
2014-04-28,21.639999,21.879999,20.549999,21.07,1631000,20.335379
2014-04-25,21.74,21.790001,21.41,21.51,702300,20.760038
2014-04-24,21.91,22.01,21.379999,21.780001,919700,21.020625
2014-04-23,22.50,22.530001,21.84,21.870001,718400,21.107487
2014-04-22,22.620001,22.82,22.389999,22.58,533400,21.792732
2014-04-21,22.530001,22.950001,22.139999,22.49,521600,21.705869
2014-04-17,22.85,23.17,22.530001,22.57,544900,21.78308
2014-04-16,23.10,23.280001,22.450001,22.90,753900,22.101574
2014-04-15,23.18,23.26,22.42,22.879999,632600,22.082271
2014-04-14,23.799999,24.00,22.90,23.09,899100,22.28495
2014-04-11,22.549999,22.860001,22.290001,22.450001,607700,21.667265
2014-04-10,23.549999,23.73,22.530001,22.82,908300,22.024364
2014-04-09,22.780001,23.60,22.780001,23.559999,826900,22.738563
2014-04-08,22.620001,23.280001,22.280001,22.809999,1478000,22.014712
2014-04-07,23.40,23.50,22.08,22.549999,1669200,21.763777
2014-04-04,24.24,24.35,23.33,23.469999,736000,22.6517
2014-04-03,24.290001,24.33,23.99,24.030001,566900,23.192177
2014-04-02,24.780001,24.959999,24.299999,24.360001,697000,23.510671
2014-04-01,24.110001,24.799999,24.08,24.76,948100,23.896725
2014-03-31,23.77,24.219999,23.48,24.10,859100,23.259736
2014-03-28,23.620001,24.26,23.52,23.690001,736300,22.864031
2014-03-27,23.360001,23.620001,23.17,23.48,760200,22.661352
2014-03-26,24.059999,24.299999,23.32,23.389999,800400,22.57449
2014-03-25,24.41,24.690001,23.889999,23.950001,881900,23.114966
2014-03-24,25.07,25.219999,23.82,24.290001,1300700,23.443112
2014-03-21,25.030001,25.209999,24.799999,25.08,1810000,24.205567
2014-03-20,24.959999,25.18,24.639999,24.85,859600,23.983587
2014-03-19,25.42,25.49,25.059999,25.110001,744100,24.234522
2014-03-18,25.219999,25.57,25.01,25.34,709300,24.456502
2014-03-17,25.07,25.49,24.860001,25.25,934500,24.36964
2014-03-14,24.639999,25.139999,24.48,24.969999,675500,24.099402
2014-03-13,24.950001,25.02,24.48,24.690001,817000,23.829165
2014-03-12,24.60,25.10,24.049999,24.969999,889100,24.099402
2014-03-11,24.969999,25.18,24.700001,24.790001,1257700,23.925679
2014-03-10,25.200001,25.25,24.860001,24.959999,1435900,24.08975
2014-03-07,24.73,25.40,24.68,25.27,1719900,24.388943
2014-03-06,24.549999,24.959999,24.35,24.92,2329700,24.051146
2014-03-05,24.209999,24.629999,24.110001,24.57,12452700,23.713349
2014-03-04,24.99,25.780001,24.620001,24.690001,1519900,23.829165
2014-03-03,24.870001,25.99,24.799999,25.639999,669700,24.746042
2014-02-28,25.209999,25.690001,25.049999,25.139999,764900,24.263475
2014-02-27,25.00,25.40,24.90,25.32,842200,24.437199
2014-02-26,26.16,26.450001,24.92,25.139999,1623000,24.263475
2014-02-25,23.799999,26.440001,23.75,26.209999,4003400,25.296168
2014-02-24,22.860001,23.09,22.32,22.959999,1764000,22.159482
2014-02-21,22.67,23.16,22.469999,22.77,1116100,21.976108
2014-02-20,22.440001,22.84,22.34,22.690001,831400,21.898897
2014-02-19,22.43,22.870001,22.17,22.459999,1302400,21.676915
2014-02-18,22.790001,23.00,22.299999,22.52,879500,21.734824
2014-02-14,23.040001,23.040001,22.530001,22.559999,741400,21.773428
2014-02-13,22.610001,23.209999,22.43,23.059999,332500,22.255996
2014-02-12,23.309999,23.459999,22.879999,22.91,463700,22.111226
2014-02-11,23.16,23.459999,22.950001,23.27,383700,22.458675
2014-02-10,23.450001,23.60,22.85,23.049999,681900,22.246344
2014-02-07,22.73,22.99,22.459999,22.77,610800,21.976108
2014-02-06,22.25,22.809999,22.25,22.709999,629200,21.918198
2014-02-05,22.25,22.280001,21.59,22.209999,416800,21.435631
2014-02-04,22.139999,22.65,22.01,22.32,434900,21.541796
2014-02-03,22.92,23.17,21.959999,22.09,1620000,21.319816
2014-01-31,22.639999,23.17,22.639999,22.969999,546100,22.169133
2014-01-30,23.129999,23.32,22.99,23.059999,400900,22.255996
2014-01-29,22.90,23.18,22.870001,23.00,901000,22.198088
2014-01-28,22.93,23.129999,22.75,22.98,330300,22.178785
2014-01-27,23.360001,23.639999,22.870001,22.90,846400,22.101574
2014-01-24,23.129999,23.50,23.00,23.360001,1157100,22.545537
2014-01-23,23.25,23.48,23.049999,23.35,782600,22.535885
2014-01-22,22.92,23.65,22.92,23.41,846000,22.593793
2014-01-21,22.98,23.66,22.49,22.74,943200,21.947153
2014-01-17,22.84,22.879999,21.91,21.940001,970300,21.175046
2014-01-16,22.57,23.58,22.57,22.940001,1127800,22.140181
2014-01-15,22.58,22.809999,22.42,22.57,463100,21.78308
2014-01-14,22.280001,22.98,22.17,22.51,626300,21.725172
2014-01-13,22.969999,23.00,22.00,22.280001,809300,21.503192
2014-01-10,23.549999,23.76,23.059999,23.08,502900,22.275299
2014-01-09,23.58,23.76,23.299999,23.51,684700,22.690307
2014-01-08,23.33,23.790001,23.309999,23.559999,704700,22.738563
2014-01-07,23.48,23.620001,23.209999,23.42,660800,22.603445
2014-01-06,23.799999,23.90,23.24,23.41,606000,22.593793
2014-01-03,23.879999,24.01,23.43,23.780001,346700,22.950893
2014-01-02,23.870001,24.049999,23.77,23.870001,580500,23.037756
2013-12-31,24.07,24.40,23.84,24.01,351400,23.172874
2013-12-30,24.040001,24.290001,23.85,24.01,423700,23.172874
2013-12-27,24.040001,24.290001,23.83,24.10,401300,23.259736
2013-12-26,23.969999,24.24,23.780001,23.940001,443800,23.105315
2013-12-24,24.33,24.459999,23.75,23.879999,378500,23.047405
2013-12-23,23.98,24.459999,23.870001,24.32,580500,23.472065
2013-12-20,23.35,23.99,23.23,23.879999,1598100,23.047405
2013-12-19,23.66,23.700001,23.17,23.35,812400,22.535885
2013-12-18,23.73,23.889999,23.540001,23.68,785600,22.85438
2013-12-17,24.10,24.10,23.58,23.65,445700,22.825425
2013-12-16,23.91,24.190001,23.52,24.059999,724800,23.22113
2013-12-13,23.77,24.08,23.530001,23.74,612800,22.912287
2013-12-12,24.280001,24.280001,23.459999,23.700001,943000,22.873683
2013-12-11,24.32,24.35,24.08,24.299999,613900,23.452762
2013-12-10,24.450001,24.629999,24.23,24.35,568600,23.50102
2013-12-09,24.42,24.67,24.16,24.50,551200,23.645789
2013-12-06,24.190001,24.700001,24.110001,24.34,771000,23.491368
2013-12-05,24.280001,24.299999,24.00,24.110001,553400,23.269388
2013-12-04,24.700001,24.860001,24.27,24.35,727100,23.50102
2013-12-03,25.139999,25.209999,24.51,24.74,1146800,23.877421
2013-12-02,26.09,26.40,25.33,25.360001,862300,24.475805
2013-11-29,26.42,26.65,26.08,26.200001,182000,25.286518
2013-11-27,26.709999,26.91,26.139999,26.32,394000,25.402334
2013-11-26,27.00,27.27,26.530001,26.709999,1028400,25.778735
2013-11-25,26.059999,26.950001,25.85,26.91,1837400,25.971763
2013-11-22,25.41,25.83,25.370001,25.450001,344300,24.562668
2013-11-21,25.139999,25.629999,24.790001,25.33,317500,24.446851
2013-11-20,25.700001,25.91,24.82,25.00,552300,24.128357
2013-11-19,25.620001,26.209999,25.49,25.67,541000,24.774997
2013-11-18,25.52,25.73,25.450001,25.59,351600,24.697786
2013-11-15,25.719999,25.85,25.35,25.469999,439100,24.581969
2013-11-14,25.450001,25.780001,25.33,25.620001,547800,24.726741
2013-11-13,25.200001,25.50,25.129999,25.450001,540500,24.562668
2013-11-12,25.629999,25.629999,25.219999,25.34,689400,24.456502
2013-11-11,25.59,25.690001,25.17,25.629999,414100,24.73639
2013-11-08,24.51,25.67,24.51,25.610001,1074000,24.717089
2013-11-07,25.379999,25.700001,24.50,24.540001,876200,23.684396
2013-11-06,25.25,26.49,24.549999,25.370001,1697500,24.485457
2013-11-05,25.049999,26.07,24.629999,25.59,1418300,24.697786
2013-11-04,25.309999,25.51,24.940001,25.16,872300,24.282778
2013-11-01,25.030001,26.209999,24.93,25.16,1348800,24.282778
2013-10-31,24.959999,25.07,24.49,25.030001,546500,24.157311
2013-10-30,24.90,25.23,24.60,25.030001,621300,24.157311
2013-10-29,24.26,25.34,24.26,24.959999,1337500,24.08975
2013-10-28,23.549999,24.18,23.280001,24.16,765900,23.317644
2013-10-25,22.90,23.51,22.50,23.49,470900,22.671004
2013-10-24,22.540001,23.049999,22.33,22.83,442500,22.034015
2013-10-23,22.43,22.620001,22.059999,22.469999,324400,21.686566
2013-10-22,22.52,22.969999,22.450001,22.459999,444100,21.676915
2013-10-21,22.629999,22.940001,22.40,22.48,412500,21.696218
2013-10-18,23.02,23.16,22.51,22.629999,431200,21.840988
2013-10-17,22.610001,22.93,22.50,22.85,473100,22.053318
2013-10-16,22.190001,22.940001,21.809999,22.700001,1050800,21.908549
2013-10-15,22.25,22.50,22.07,22.120001,337700,21.348771
2013-10-14,22.139999,22.450001,21.91,22.25,652900,21.474237
2013-10-11,21.75,22.25,21.74,22.24,325600,21.464586
2013-10-10,21.549999,21.90,20.91,21.74,879300,20.982019
2013-10-09,21.76,21.83,20.969999,21.299999,1342600,20.557359
2013-10-08,22.07,22.209999,21.450001,21.76,778400,21.001322
2013-10-07,22.219999,22.35,21.91,22.01,478900,21.242605
2013-10-04,22.41,22.719999,22.25,22.33,361700,21.551448
2013-10-03,23.02,23.35,22.25,22.469999,839100,21.686566
2013-10-02,23.25,23.459999,22.90,23.030001,550900,22.227043
2013-10-01,23.60,23.98,23.25,23.35,635500,22.535885
2013-09-30,23.67,23.889999,23.190001,23.610001,576200,22.786821
2013-09-27,23.389999,23.879999,23.120001,23.85,605900,23.018453
2013-09-26,23.389999,23.43,22.90,23.42,711800,22.603445
2013-09-25,23.190001,23.48,23.15,23.360001,454700,22.545537
2013-09-24,22.73,23.43,22.73,23.209999,545000,22.400765
2013-09-23,23.049999,23.110001,22.700001,22.73,383100,21.937501
2013-09-20,23.50,23.57,22.76,23.040001,691900,22.236694
2013-09-19,24.299999,24.299999,23.32,23.50,607900,22.680655
2013-09-18,24.530001,24.639999,23.66,24.33,665900,23.481717
2013-09-17,24.129999,24.57,24.129999,24.559999,338400,23.703697
2013-09-16,23.85,24.309999,23.700001,24.16,838100,23.317644
2013-09-13,23.49,23.67,23.25,23.57,261500,22.748214
2013-09-12,23.190001,23.450001,22.940001,23.389999,423800,22.57449
2013-09-11,23.52,23.799999,23.030001,23.209999,640300,22.400765
2013-09-10,23.48,23.860001,23.42,23.629999,370100,22.806122
2013-09-09,22.860001,23.469999,22.75,23.33,732500,22.516582
2013-09-06,22.90,23.41,22.49,22.860001,608200,22.06297
2013-09-05,22.780001,22.879999,22.469999,22.690001,333400,21.898897
2013-09-04,22.709999,22.870001,22.530001,22.780001,879700,21.985759
2013-09-03,22.58,23.059999,22.34,22.76,681300,21.966456
2013-08-30,22.42,22.690001,22.09,22.50,509000,21.715521
2013-08-29,22.120001,22.540001,22.07,22.48,393100,21.696218
2013-08-28,22.34,22.620001,22.120001,22.200001,267600,21.425981
2013-08-27,22.700001,22.82,22.360001,22.360001,297300,21.580403
2013-08-26,23.059999,23.190001,22.83,22.84,407200,22.043667
2013-08-23,23.01,23.23,22.959999,23.040001,451900,22.236694
2013-08-22,23.16,23.33,22.950001,23.030001,332400,22.227043
2013-08-21,23.309999,23.549999,23.01,23.17,540600,22.362161
2013-08-20,23.60,23.90,23.23,23.309999,692700,22.497279
2013-08-19,23.469999,23.790001,23.379999,23.379999,522700,22.564838
2013-08-16,23.99,24.24,23.40,23.469999,627100,22.6517
2013-08-15,24.190001,24.42,23.98,24.09,298500,23.250085
2013-08-14,24.25,24.57,24.25,24.389999,233200,23.539624
2013-08-13,24.219999,24.35,23.969999,24.309999,651500,23.462413
2013-08-12,24.74,24.82,24.219999,24.280001,319700,23.433461
2013-08-09,24.75,24.879999,24.450001,24.629999,470300,23.771256
2013-08-08,24.959999,24.99,24.530001,24.76,520700,23.896725
2013-08-07,24.85,25.059999,24.690001,24.83,958000,23.964284
2013-08-06,24.879999,25.059999,24.799999,24.870001,583900,24.00289
2013-08-05,24.85,25.00,24.639999,24.860001,897600,23.993238
2013-08-02,25.00,25.290001,24.889999,25.10,415900,24.22487
2013-08-01,24.99,25.49,24.00,24.99,1518900,24.118705
2013-07-31,23.50,24.23,23.17,23.60,1065000,22.777169
2013-07-30,23.42,23.67,23.35,23.51,577100,22.690307
2013-07-29,23.00,23.370001,22.940001,23.299999,544600,22.487628
2013-07-26,22.50,23.26,22.50,23.120001,724000,22.313905
2013-07-25,22.35,22.780001,22.00,22.690001,809600,21.898897
2013-07-24,22.129999,22.559999,21.73,22.40,931500,21.619007
2013-07-23,23.84,23.860001,22.18,22.290001,1671700,21.512844
2013-07-22,24.16,24.200001,23.440001,23.84,788000,23.008801
2013-07-19,24.15,24.49,24.10,24.15,758000,23.307992
2013-07-18,24.68,25.059999,24.629999,24.879999,508400,24.01254
2013-07-17,25.34,25.34,24.469999,24.559999,605000,23.703697
2013-07-16,24.700001,25.450001,24.219999,25.17,1805800,24.292429
2013-07-15,26.16,26.200001,24.860001,24.969999,1417300,24.099402
2013-07-12,26.379999,26.549999,25.73,26.10,409300,25.190005
2013-07-11,26.450001,26.709999,26.299999,26.41,733700,25.489196
2013-07-10,26.24,26.459999,25.91,26.18,654800,25.267215
2013-07-09,25.870001,26.52,25.639999,26.219999,545500,25.30582
2013-07-08,26.129999,26.299999,25.549999,25.690001,772300,24.7943
2013-07-05,26.00,26.139999,25.66,26.00,642500,25.093491
2013-07-03,25.65,25.75,25.42,25.60,256900,24.707438
2013-07-02,25.110001,26.00,25.030001,25.67,1128600,24.774997
2013-07-01,24.93,25.24,24.780001,24.99,1097100,24.118705
2013-06-28,24.940001,25.120001,24.67,24.879999,6113200,24.01254
2013-06-27,25.370001,25.48,24.530001,24.99,987300,24.118705
2013-06-26,25.00,25.379999,24.959999,25.209999,952800,24.331034
2013-06-25,25.309999,25.43,24.66,24.91,1474800,24.041494
2013-06-24,24.76,25.41,24.15,25.309999,982600,24.427548
2013-06-21,25.07,25.450001,24.459999,25.049999,1246300,24.176613
2013-06-20,25.01,25.50,24.68,25.049999,690200,24.176613
2013-06-19,25.42,26.08,25.299999,25.32,1040200,24.437199
2013-06-18,24.879999,25.32,24.549999,25.299999,1022700,24.417896
2013-06-17,24.07,24.860001,23.879999,24.73,1416100,23.86777
2013-06-14,23.51,23.99,23.43,23.690001,558200,22.864031
2013-06-13,23.18,23.51,22.969999,23.459999,341100,22.642049
2013-06-12,23.280001,23.719999,23.040001,23.280001,742300,22.468326
2013-06-11,23.41,23.41,22.959999,23.08,337000,22.275299
2013-06-10,23.82,23.940001,23.48,23.58,492400,22.757866
2013-06-07,23.450001,23.65,23.110001,23.59,640300,22.767517
2013-06-06,23.860001,24.15,22.74,23.27,1064500,22.458675
2013-06-05,24.059999,24.469999,23.65,23.780001,1081800,22.950893
2013-06-04,23.700001,23.99,23.49,23.950001,1068700,23.114966
2013-06-03,23.26,23.709999,23.049999,23.469999,1255000,22.6517
2013-05-31,22.950001,23.57,22.950001,23.26,1874100,22.449023
2013-05-30,22.60,23.27,22.450001,23.07,852000,22.265647
2013-05-29,22.75,22.90,22.40,22.639999,1030400,21.850639
2013-05-28,22.98,23.18,22.450001,23.00,1830300,22.198088
2013-05-24,21.85,22.440001,21.700001,22.309999,832200,21.532145
2013-05-23,21.059999,22.35,21.049999,22.15,6926000,21.377724
2013-05-22,21.15,21.67,20.83,21.52,1037800,20.76969
2013-05-21,21.49,21.620001,21.139999,21.200001,732800,20.460847
2013-05-20,21.75,22.280001,21.540001,21.58,510600,20.827597
2013-05-17,22.00,22.00,21.60,21.74,287200,20.982019
2013-05-16,21.73,22.07,21.65,21.92,261400,21.155743
2013-05-15,21.450001,21.860001,21.40,21.74,259500,20.982019
2013-05-14,21.549999,21.65,21.41,21.50,506700,20.750387
2013-05-13,21.85,21.85,21.33,21.50,139700,20.750387
2013-05-10,21.18,21.84,21.17,21.83,266200,21.068881
2013-05-09,21.35,21.60,21.10,21.219999,373600,20.480148
2013-05-08,21.709999,21.879999,21.049999,21.51,508200,20.760038
2013-05-07,22.40,22.50,22.10,22.26,499700,21.483889
2013-05-06,21.35,22.50,21.299999,22.459999,702900,21.676915
2013-05-03,20.469999,21.40,20.059999,21.32,1550600,20.576662
2013-05-02,20.91,21.040001,20.75,21.030001,755400,20.296774
2013-05-01,21.879999,21.90,20.60,20.790001,908500,20.065142
2013-04-30,21.52,21.84,21.040001,21.75,392600,20.99167
2013-04-29,21.459999,22.08,21.459999,21.559999,381400,20.808294
2013-04-26,21.530001,21.93,21.309999,21.639999,286500,20.885505
2013-04-25,21.02,21.65,20.98,21.59,283200,20.837249
2013-04-24,20.790001,21.08,20.73,20.91,236600,20.180957
2013-04-23,20.77,21.049999,20.030001,20.74,432500,20.016884
2013-04-22,20.959999,21.17,20.620001,20.74,312500,20.016884
2013-04-19,20.450001,20.91,20.450001,20.889999,315500,20.161654
2013-04-18,20.559999,21.049999,20.43,20.51,535800,19.794904
2013-04-17,21.370001,21.370001,20.620001,20.75,1003000,20.026536
2013-04-16,20.620001,21.709999,20.60,21.49,939200,20.740735
2013-04-15,20.799999,20.799999,20.440001,20.50,586500,19.785252
2013-04-12,19.950001,21.09,19.65,20.780001,880900,20.055491
2013-04-11,20.00,20.129999,19.51,20.120001,1360600,19.418502
2013-04-10,18.969999,20.00,18.92,19.809999,1322300,19.119309
2013-04-09,18.65,19.00,18.440001,18.91,701800,18.250689
2013-04-08,18.51,18.700001,18.15,18.66,426000,18.009405
2013-04-05,18.280001,18.50,18.049999,18.40,325600,17.75847
2013-04-04,18.15,18.50,17.959999,18.50,539400,17.854984
2013-04-03,17.639999,18.129999,17.530001,18.040001,304500,17.411023
2013-04-02,17.82,17.92,17.41,17.610001,465800,16.996015
2013-04-01,17.860001,17.93,17.59,17.75,378600,17.131133
2013-03-28,17.73,17.959999,17.620001,17.860001,347300,17.237299
2013-03-27,17.90,17.950001,17.51,17.639999,314500,17.024968
2013-03-26,18.00,18.10,17.77,18.00,202800,17.372417
2013-03-25,18.209999,18.25,17.93,18.00,355800,17.372417
2013-03-22,17.74,18.18,17.690001,18.18,656100,17.546141
2013-03-21,17.780001,17.90,17.549999,17.74,781700,17.121482
2013-03-20,17.57,17.940001,17.50,17.809999,499500,17.189041
2013-03-19,17.540001,17.690001,17.280001,17.51,737700,16.899501
2013-03-18,17.49,17.65,17.27,17.48,249400,16.870546
2013-03-15,17.93,17.950001,17.52,17.610001,727900,16.996015
2013-03-14,17.50,17.889999,17.450001,17.85,586100,17.227647
2013-03-13,17.51,17.66,17.379999,17.629999,526700,17.015316
2013-03-12,17.530001,17.68,17.389999,17.530001,449400,16.918804
2013-03-11,17.48,17.60,17.35,17.51,512200,16.899501
2013-03-08,17.41,17.58,17.27,17.50,564800,16.88985
2013-03-07,17.27,17.50,17.23,17.370001,561800,16.764383
2013-03-06,17.299999,17.389999,17.17,17.23,625800,16.629263
2013-03-05,17.110001,17.450001,16.959999,17.309999,622900,16.706474
2013-03-04,16.870001,17.07,16.75,17.030001,338700,16.436237
2013-03-01,17.129999,17.209999,16.82,16.950001,336300,16.359026
2013-02-28,17.68,17.68,17.139999,17.209999,517200,16.60996
2013-02-27,17.299999,17.84,17.139999,17.67,740500,17.053923
2013-02-26,17.58,17.629999,17.129999,17.40,953000,16.793336
2013-02-25,17.389999,17.74,17.32,17.52,513200,16.909153
2013-02-22,18.09,18.09,16.65,17.15,1261700,16.552052
2013-02-21,18.24,18.75,18.00,18.049999,773000,17.420673
2013-02-20,18.549999,18.74,18.17,18.219999,519900,17.584746
2013-02-19,18.219999,18.629999,17.90,18.610001,575500,17.961149
2013-02-15,18.49,18.549999,17.98,18.09,828000,17.459279
2013-02-14,18.440001,18.67,18.34,18.34,285900,17.700563
2013-02-13,18.66,18.67,18.35,18.530001,108400,17.883939
2013-02-12,18.32,18.620001,18.299999,18.620001,152800,17.970801
2013-02-11,18.25,18.60,18.10,18.49,161900,17.845332
2013-02-08,18.379999,18.719999,18.00,18.25,227000,17.6137
2013-02-07,18.440001,18.48,18.110001,18.33,338200,17.690911
2013-02-06,18.540001,18.719999,18.24,18.48,544800,17.835681
2013-02-05,18.700001,18.90,18.40,18.559999,323100,17.912891
2013-02-04,18.68,18.780001,18.33,18.60,655100,17.951498
2013-02-01,18.709999,18.99,18.459999,18.73,341600,18.076964
2013-01-31,18.530001,18.690001,18.32,18.57,517500,17.922543
2013-01-30,18.52,18.98,18.50,18.59,518900,17.941846
2013-01-29,18.50,18.629999,18.299999,18.48,542800,17.835681
2013-01-28,18.25,18.50,17.92,18.450001,532900,17.806728
2013-01-25,18.41,18.50,17.799999,18.280001,1121600,17.642655
2013-01-24,18.389999,18.66,18.27,18.40,260900,17.75847
2013-01-23,18.74,18.83,18.030001,18.42,488900,17.777773
2013-01-22,18.469999,18.700001,17.91,18.620001,568700,17.970801
2013-01-18,17.65,18.73,17.65,18.50,534000,17.854984
2013-01-17,17.059999,17.620001,17.00,17.559999,628800,16.947757
2013-01-16,17.01,17.23,16.459999,17.00,402400,16.407282
2013-01-15,16.969999,17.129999,16.709999,17.129999,286200,16.532749
2013-01-14,17.559999,17.58,16.60,17.00,511000,16.407282
2013-01-11,17.25,17.34,16.780001,17.00,383600,16.407282
2013-01-10,16.40,17.73,16.24,17.200001,1217400,16.60031
2013-01-09,16.530001,16.60,16.290001,16.48,511700,15.905412
2013-01-08,16.290001,16.549999,16.18,16.309999,329400,15.741339
2013-01-07,16.200001,16.440001,16.01,16.25,496200,15.683432
2013-01-04,16.35,16.540001,16.120001,16.309999,165700,15.741339
2013-01-03,16.440001,16.469999,15.99,16.219999,318400,15.654477
2013-01-02,16.00,16.780001,15.86,16.389999,454500,15.81855
2012-12-31,15.71,15.74,15.26,15.64,318200,15.0947
2012-12-28,15.66,15.88,15.51,15.69,210500,15.142956
2012-12-27,15.81,16.030001,15.59,15.73,77400,15.181562
2012-12-26,15.86,16.10,15.63,15.80,151100,15.249122
2012-12-24,15.72,15.88,15.40,15.78,22000,15.229818
2012-12-21,15.90,15.99,14.89,15.66,639300,15.114002
2012-12-20,16.639999,16.639999,16.040001,16.08,195800,15.519359
2012-12-19,16.610001,16.75,16.42,16.59,272500,16.011578
2012-12-18,16.540001,16.790001,16.51,16.57,207600,15.992274
2012-12-17,16.299999,16.790001,15.99,16.49,263000,15.915064
2012-12-14,15.97,16.639999,15.71,16.280001,293600,15.712386
2012-12-13,15.46,16.17,15.46,16.049999,272500,15.490404
2012-12-12,15.05,15.54,15.00,15.42,179500,14.88237
2012-12-11,15.25,15.41,14.81,14.98,277800,14.457711
2012-12-10,15.46,15.62,14.87,15.09,603800,14.563876
2012-12-07,15.44,15.51,15.28,15.43,158700,14.892022
2012-12-06,15.36,15.54,15.20,15.34,254900,14.80516
2012-12-05,15.55,15.73,15.36,15.40,250600,14.863067
2012-12-04,15.92,15.92,15.12,15.45,1060700,14.911324
2012-12-03,15.81,16.50,15.80,16.049999,310900,15.490404
2012-11-30,15.84,15.90,15.24,15.83,183900,15.278075
2012-11-29,15.63,15.88,15.61,15.78,82100,15.229818
2012-11-28,15.48,15.80,15.11,15.49,150000,14.94993
2012-11-27,15.96,15.96,15.50,15.56,128100,15.01749
2012-11-26,15.54,16.08,15.52,15.93,156800,15.374589
2012-11-23,15.30,15.70,15.30,15.55,35600,15.007838
2012-11-21,15.33,15.37,15.10,15.31,74900,14.776206
2012-11-20,15.26,15.47,14.99,15.32,79600,14.785857
2012-11-19,14.81,15.40,14.81,15.29,113300,14.756903
2012-11-16,14.65,14.81,14.11,14.70,505200,14.187473
2012-11-15,14.98,15.43,14.56,14.77,173300,14.255034
2012-11-14,15.18,15.24,15.00,15.00,208700,14.477014
2012-11-13,15.29,15.42,14.71,15.20,246300,14.670041
2012-11-12,15.41,15.52,15.25,15.38,201300,14.843765
2012-11-09,15.28,15.69,15.22,15.41,203400,14.872719
2012-11-08,14.70,15.90,14.70,15.46,1677100,14.920976
2012-11-07,13.90,13.97,13.44,13.73,587900,13.251293
2012-11-06,13.75,14.09,13.69,14.06,437500,13.569788
2012-11-05,13.53,13.76,13.30,13.73,177300,13.251293
2012-11-02,13.49,13.79,13.40,13.56,402300,13.087221
2012-11-01,13.72,13.90,13.07,13.48,327000,13.010009
2012-10-31,13.18,13.86,13.01,13.67,351200,13.193385
2012-10-26,13.16,13.33,13.01,13.13,183900,12.672213
2012-10-25,13.58,13.73,13.01,13.14,410000,12.681865
2012-10-24,13.99,14.23,13.45,13.50,344100,13.029313
2012-10-23,13.77,14.03,13.39,13.88,624900,13.396064
2012-10-22,14.65,14.65,13.63,13.88,511800,13.396064
2012-10-19,14.97,14.97,14.48,14.66,142500,14.148868
2012-10-18,14.75,15.15,14.62,15.12,152500,14.59283
2012-10-17,14.92,14.96,14.60,14.77,259500,14.255034
2012-10-16,14.77,15.06,14.77,14.86,85100,14.341895
2012-10-15,14.91,14.91,14.25,14.80,207000,14.283987
2012-10-12,15.15,15.30,14.80,14.89,141200,14.37085
2012-10-11,14.67,15.15,14.66,15.11,458900,14.583178
2012-10-10,14.87,15.02,14.17,14.31,569600,13.811072
2012-10-09,15.17,15.35,14.67,14.80,434500,14.283987
2012-10-08,15.28,15.58,15.12,15.21,288800,14.679692
2012-10-05,15.64,15.88,15.25,15.38,268700,14.843765
2012-10-04,15.70,15.89,15.40,15.63,373000,15.085049
2012-10-03,16.219999,16.24,15.39,15.68,467600,15.133306
2012-10-02,16.469999,16.98,16.18,16.219999,414000,15.654477
2012-10-01,16.60,16.65,16.059999,16.370001,442000,15.799249
2012-09-28,15.83,16.530001,15.50,16.450001,2946000,15.876459
2012-09-27,15.28,15.86,15.06,15.82,351500,15.268424
2012-09-26,15.20,15.30,14.50,14.99,734200,14.467362
2012-09-25,15.83,16.040001,15.10,15.22,429000,14.689344
2012-09-24,16.00,16.24,15.50,15.75,535900,15.200865
2012-09-21,15.40,16.18,15.15,15.97,729900,15.413194
2012-09-20,15.04,15.43,15.00,15.29,617400,14.756903
2012-09-19,15.30,15.30,14.97,15.10,390900,14.573528
2012-09-18,15.35,15.35,14.85,15.10,933900,14.573528
2012-09-17,15.65,15.84,14.70,15.05,1183300,14.525271
2012-09-14,14.35,14.59,14.02,14.40,485600,13.897933
2012-09-13,14.17,14.39,14.12,14.25,206700,13.753163
2012-09-12,14.47,14.50,14.10,14.45,192600,13.94619
2012-09-11,14.40,14.48,14.00,14.44,395600,13.936538
2012-09-10,14.49,14.50,14.27,14.42,158200,13.917236
2012-09-07,14.50,14.50,14.03,14.45,213400,13.94619
2012-09-06,14.16,14.58,13.94,14.41,292500,13.907585
2012-09-05,13.15,14.43,13.10,13.86,961600,13.376761
2012-09-04,13.05,13.49,12.90,13.45,574100,12.981056
2012-08-31,13.07,13.15,12.75,12.98,83500,12.527442
2012-08-30,12.92,13.11,12.60,13.05,290100,12.595002
2012-08-29,12.79,13.09,12.64,13.02,148800,12.566049
2012-08-28,12.75,12.84,12.50,12.84,137500,12.392324
2012-08-27,12.80,12.87,12.68,12.79,180400,12.344067
2012-08-24,13.00,13.00,12.65,12.89,408700,12.440581
2012-08-23,13.38,13.44,12.98,13.00,503600,12.546745
2012-08-22,13.22,13.45,13.00,13.33,299700,12.86524
2012-08-21,13.03,13.34,12.75,13.34,188500,12.874891
2012-08-20,13.10,13.10,12.90,13.00,137200,12.546745
2012-08-17,12.75,13.24,12.75,13.06,559400,12.604654
2012-08-16,12.76,12.95,12.60,12.77,301400,12.324765
2012-08-15,13.00,13.00,12.50,12.97,540600,12.517792
2012-08-14,13.05,13.06,12.86,12.93,490400,12.479186
2012-08-13,12.91,13.10,12.50,12.91,395100,12.459883
2012-08-10,14.00,14.00,12.80,12.86,1070500,12.411626
2012-08-09,12.53,13.67,12.51,13.49,1560700,13.019661
2012-08-08,11.60,13.08,11.57,12.41,10939900,11.977316
