Date,Open,High,Low,Close,Volume,Adj Close
2018-05-03,82.02,83.15,81.52,82.3,770010,82.3
2018-05-02,85.69,85.73,82.31,82.37,1647711,82.37
2018-05-01,83.47,86.3,83.185,86.16,1442839,86.16
2018-04-30,84.71,85.98,83.24,83.51,1775141,83.51
2018-04-27,82.47,84.7,82.3,84.31,1475396,84.31
2018-04-26,81.92,84.43,80.03,82.51,1641375,82.51
2018-04-25,81.02,82.16,80.305,81.53,1251465,81.53
2018-04-24,82.91,83.49,80.9,81.13,907032,81.13
2018-04-23,82.15,83.07,81.63,82.08,875622,82.08
2018-04-20,83.54,84.49,81.1,82.3,2278721,82.3
2018-04-19,84.06,85.82,82.96,83.62,1370290,83.62
2018-04-18,84.49,84.91,84.04,84.42,1112243,84.42
2018-04-17,83.25,85.395,82.78,84.45,1034086,84.45
2018-04-16,84.28,84.31,82.29,82.69,910833,82.69
2018-04-13,84.59,84.59,81.97,83.59,1402827,83.59
2018-04-12,79.85,84.31,78.99,83.89,2312913,83.89
2018-04-11,79.2,80.405,79.2,79.48,1399618,79.48
2018-04-10,79.45,80.68,78.7263,79.83,1224887,79.83
2018-04-09,77.53,79.78,76.77,78.65,1336870,78.65
2018-04-06,77.96,78.72,75.81,76.01,1284647,76.01
2018-04-05,80.05,80.05,78.68,78.7,778907,78.7
2018-04-04,76.44,79.29,76.35,79.14,863620,79.14
2018-04-03,77.93,78.24,76.27,77.42,1033840,77.42
2018-04-02,80.12,80.42,76.67,77.29,1494628,77.29
2018-03-29,79.69,81.6333,79.24,81.07,1098980,81.07
2018-03-28,78.19,80.1,77.29,79.62,1132103,79.62
2018-03-27,80.72,80.89,77.58,78.04,1192407,78.04
2018-03-26,80.29,80.62,77.285,80.3,1546220,80.3
2018-03-23,81.35,81.93,78.66,78.84,1604554,78.84
2018-03-22,84.94,85.73,81.28,81.36,1227932,81.36
2018-03-21,83.9,86.55,83.58,86.07,1366150,86.07
2018-03-20,83.82,84.42,83.05,84.25,894902,84.25
2018-03-19,83.54,84.18,82.69,83.82,1946816,83.82
2018-03-16,83.88,84.18,82.7,84.1,1732150,84.1
2018-03-15,86.06,86.06,83.29,83.57,1377415,83.57
2018-03-14,86.67,86.74,84.48,85.95,883897,85.95
2018-03-13,85.6,86.47,85.32,86.16,1517841,86.16
2018-03-12,83.61,85.6,82.4603,85.46,1193644,85.46
2018-03-09,82.39,83.94,81.81,83.81,1286363,83.81
2018-03-08,82.8,83.413,81.39,81.85,894000,81.85
2018-03-07,81.61,83.65,81,82.98,1318154,82.98
2018-03-06,81.2,82.62,80.63,82.37,1168664,82.37
2018-03-05,79.04,80.96,78.5,80.79,1126778,80.79
2018-03-02,77.32,80.36,77.3,79.86,1810704,79.86
2018-03-01,81.29,81.88,77.045,77.67,2762351,77.67
2018-02-28,82.96,83.18,81.15,81.17,1093743,81.17
2018-02-27,83.84,85.395,82.95,83.01,921295,83.01
2018-02-26,83.47,84.66,82.64,84.04,847518,84.04
2018-02-23,85.22,86.31,81.2,83.05,2125765,83.05
2018-02-22,84.58,84.83,83.4,84,1400088,84
2018-02-21,84.29,85.3335,84.07,84.21,782283,84.21
2018-02-20,81.77,85.034,81.77,83.85,823814,83.85
2018-02-16,85.3,85.97,84.35,84.98,779400,84.98
2018-02-15,85.02,85.6,83.87,85.12,779192,85.12
2018-02-14,80.98,84.79,80.98,84.54,1433617,84.54
2018-02-13,82.48,82.96,81.21,81.57,1148031,81.57
2018-02-12,81.1,84.195,81.01,83.28,1564937,83.28
2018-02-09,82.57,82.57,78.5,80.33,2215807,80.33
2018-02-08,84.84,86.19,82.11,82.16,1439842,82.16
2018-02-07,86.63,87.16,84.79,85,2069584,85
2018-02-06,86.43,87.45,84.7,86.93,1923695,86.93
2018-02-05,90.6,91.06,87.28,87.41,2174962,87.41
2018-02-02,92.19,92.24,90.31,90.82,1389187,90.82
2018-02-01,89.38,93.09,89.25,92.63,1865588,92.63
2018-01-31,90.02,90.7,89.62,90.23,1326950,90.23
2018-01-30,91.55,92.02,89.74,90.13,1294692,90.13
2018-01-29,91.53,92.61,91.14,92.23,1228340,92.23
2018-01-26,90.65,91.73,90.64,91.6,832127,91.6
2018-01-25,91.73,91.92,90.21,90.56,947499,90.56
2018-01-24,92.89,92.97,90.33,91.29,1447026,91.29
2018-01-23,92.53,93.29,92.07,92.39,1351518,92.39
2018-01-22,90,92.03,89,91.71,2399253,91.71
2018-01-19,89.55,90.04,88.98,89.12,984539,89.12
2018-01-18,89.69,90.619,88.88,89.78,1166909,89.78
2018-01-17,90.76,91.0899,88.475,89.64,1169050,89.64
2018-01-16,90.58,92,90.095,90.24,1427366,90.24
2018-01-12,91,91,89.6,90.22,874426,90.22
2018-01-11,88.51,90.47,88.105,89.98,1267473,89.98
2018-01-10,88.97,89,87.2,88.37,1431720,88.37
2018-01-09,89.31,89.63,88.26,89.14,1484997,89.14
2018-01-08,90.21,90.3,88.52,88.635,1434981,88.635
2018-01-05,91.18,91.31,89.575,90.27,789268,90.27
2018-01-04,92.84,93.14,89.8,90.32,1876058,90.32
2018-01-03,91.58,93.4392,90.6,92.08,1136434,92.08
2018-01-02,88.84,91.3,88.19,91.03,1298980,91.03
2017-12-29,90.08,90.455,88.92,89.17,799380,89.17
2017-12-28,90.98,90.99,88.68,90.48,952532,90.48
2017-12-27,90.9,91.43,90.01,90.72,592358,90.72
2017-12-26,90.05,90.9,89.4108,90.82,516803,90.82
2017-12-22,90.91,91.36,89.51,90.46,948775,90.46
2017-12-21,91.11,92.5,90.92,91.55,615730,91.55
2017-12-20,90.66,91.32,90.211,91.11,799126,91.11
2017-12-19,92.43,92.525,90.4,90.85,1082625,90.85
2017-12-18,93,93.74,91.785,92.6,1158118,92.6
2017-12-15,90.4,93.02,88.5,93.02,2958025,93.02
2017-12-14,90,90,88.22,88.53,1218602,88.53
2017-12-13,87.3,89.27,86.43,88.66,1367280,88.66
2017-12-12,87.5,89.55,86.36,87.38,1893345,87.38
2017-12-11,89.49,90.52,86.885,88.11,4137688,88.11
2017-12-08,81.48,83.14,81.2,81.99,1039099,81.99
2017-12-07,80.85,81.772,80.5,80.9,1232612,80.9
2017-12-06,80.87,81.69,80.1,80.82,1188770,80.82
2017-12-05,83.34,83.9,80.6,80.76,1211582,80.76
2017-12-04,85.32,86.46,83.52,83.62,736595,83.62
2017-12-01,85.16,87.075,84.725,85,1068421,85
2017-11-30,83.49,86.3,83.48,85.8,1098399,85.8
2017-11-29,82.44,84.77,82.34,83.27,879725,83.27
2017-11-28,82.98,82.98,81.5723,82.56,902798,82.56
2017-11-27,82.83,83.14,82.19,82.96,722561,82.96
2017-11-24,82.66,83.91,82.65,82.71,243750,82.71
2017-11-22,83.19,83.72,82.71,82.99,481784,82.99
2017-11-21,83.01,83.77,82.78,82.91,599845,82.91
2017-11-20,82.88,83.64,82.64,82.95,1124036,82.95
2017-11-17,82.56,83.36,82.13,82.88,970932,82.88
2017-11-16,81.87,82.96,81.62,82.56,848395,82.56
2017-11-15,81.82,81.97,80.579,81.81,1178694,81.81
2017-11-14,81.06,81.784,80.775,81.41,1473777,81.41
2017-11-13,82.02,82.03,81.05,81.06,1133223,81.06
2017-11-10,81.67,82.13,80.77,82.03,842161,82.03
2017-11-09,82.32,83.56,81.5,82.4,1821740,82.4
2017-11-08,83.83,83.83,82.4106,82.81,1054012,82.81
2017-11-07,83.4,83.94,82.25,83.77,1351182,83.77
2017-11-06,83.75,84.26,82.545,82.96,1512278,82.96
2017-11-03,82.52,84.22,82,84.13,1025434,84.13
2017-11-02,80.9,83.04,80.9,82.74,1443430,82.74
2017-11-01,82.57,82.875,80.6,80.92,1963978,80.92
2017-10-31,82.35,82.95,81.23,82.09,1438567,82.09
2017-10-30,82.73,83.73,81.73,81.97,1513997,81.97
2017-10-27,82.52,85.48,82.05,83.15,2491801,83.15
2017-10-26,85.07,85.07,81.72,82.53,2587207,82.53
2017-10-25,86.1,86.455,84.63,84.79,1215497,84.79
2017-10-24,86.63,86.74,85.03,86.29,1249089,86.29
2017-10-23,88.27,88.46,85.93,86.46,1460547,86.46
2017-10-20,87.77,88.74,86.77,87.75,1329665,87.75
2017-10-19,89.19,89.95,87.59,88.13,2016238,88.13
2017-10-18,93.4,94.755,86.9,88.62,3819599,88.62
2017-10-17,95.1,95.905,93.44,93.54,1099683,93.54
2017-10-16,95.13,96.05,94.56,94.66,747848,94.66
2017-10-13,95.23,95.857,93.74,95.12,657150,95.12
2017-10-12,94.96,95.89,94.06,95.13,1286640,95.13
2017-10-11,93.89,95.15,93.5842,94.93,1407795,94.93
2017-10-10,95.36,96.05,94.11,94.33,1007628,94.33
2017-10-09,94.76,95.86,94.385,95.02,718238,95.02
2017-10-06,94.36,95.7099,93.68,94.81,681301,94.81
2017-10-05,93.3,94.94,92.52,94.42,1189000,94.42
2017-10-04,93.03,93.47,92.48,93.2,629547,93.2
2017-10-03,93.91,94.39,92.78,93.21,929442,93.21
2017-10-02,93.52,94.62,92.94,93.73,1577523,93.73
2017-09-29,92.98,93.66,92.62,93.07,874743,93.07
2017-09-28,92.06,93.04,91.91,92.97,1166021,92.97
2017-09-27,93.35,93.9509,92.59,92.71,847992,92.71
2017-09-26,94.26,94.67,92.81,93.2,800698,93.2
2017-09-25,94.73,95.45,92.65,94.39,1696281,94.39
2017-09-22,93.18,95.02,92.66,94.95,1201911,94.95
2017-09-21,92.36,95.3199,92.07,93.42,2426153,93.42
2017-09-20,92.13,93.21,91.4,92.57,1153233,92.57
2017-09-19,92.06,93,91.69,92.1,881709,92.1
2017-09-18,91.83,92.985,91.53,91.98,1231539,91.98
2017-09-15,91.26,92.6,89.98,91.91,1764123,91.91
2017-09-14,92.59,93.3199,91.12,91.23,1552773,91.23
2017-09-13,91.84,93.32,91.29,92.75,1874333,92.75
2017-09-12,90.6,92.0874,90.05,91.91,1217515,91.91
2017-09-11,90.33,90.895,89.57,90.36,838083,90.36
2017-09-08,90.45,90.9,89.37,90.1,1227283,90.1
2017-09-07,89.7,90.69,89.35,90.43,1545618,90.43
2017-09-06,90.32,91.4,88.825,89.84,2297146,89.84
2017-09-05,90.3,91.2,89.701,90.49,1684341,90.49
2017-09-01,90.02,91.2,89.67,90.67,1633635,90.67
2017-08-31,88.27,90.22,88.07,90.19,2072421,90.19
2017-08-30,83.76,88.95,83.6183,87.65,2607963,87.65
2017-08-29,81.97,83.495,81.67,82.98,721394,82.98
2017-08-28,82.62,83.2322,81.91,82.58,852004,82.58
2017-08-25,82.67,82.83,81.735,81.88,1128089,81.88
2017-08-24,81.54,82.56,80.83,82.45,775193,82.45
2017-08-23,81.08,81.9,80.29,81.4,846164,81.4
2017-08-22,80.9,81.75,80.525,81.46,799590,81.46
2017-08-21,80.99,81.41,80.37,80.6,568273,80.6
2017-08-18,80.81,81.62,80.76,80.92,1115395,80.92
2017-08-17,83.18,83.18,80.81,80.98,1372459,80.98
2017-08-16,83.58,83.96,82.79,83.07,1300524,83.07
2017-08-15,83.43,83.83,82.575,83.08,998533,83.08
2017-08-14,83.18,83.39,82.62,83.17,957224,83.17
2017-08-11,81.76,83.43,80.89,82.4,1226111,82.4
2017-08-10,84.66,84.9725,81.83,81.96,1629746,81.96
2017-08-09,85.03,85.91,83.78,85.16,2041741,85.16
2017-08-08,86.41,86.75,84.64,85.46,3841671,85.46
2017-08-07,89.82,90.05,89.05,89.05,925632,89.05
2017-08-04,89.82,89.99,88.6,89.7,897663,89.7
2017-08-03,88,90.75,86.86,89.52,1709291,89.52
2017-08-02,87,87.79,85.9,87.64,1683375,87.64
2017-08-01,88.11,88.43,86.6,88.02,1517774,88.02
2017-07-31,88.3,88.72,87.37,87.73,745663,87.73
2017-07-28,87.43,88.6,87.025,88.34,731583,88.34
2017-07-27,89.14,89.77,86.75,87.32,1653994,87.32
2017-07-26,88.83,89.81,88.23,89.2,1031607,89.2
2017-07-25,90.5,90.5,88.33,88.63,1004926,88.63
2017-07-24,89.12,90.18,88.7,90.01,830785,90.01
2017-07-21,87.79,89.54,87.52,89.28,1137963,89.28
2017-07-20,87.51,88.19,86.85,87.74,1343552,87.74
2017-07-19,87.63,88.6,86.45,87.23,1203589,87.23
2017-07-18,87.03,87.81,86.01,86.67,1856370,86.67
2017-07-17,90.97,91.2,86.8401,86.98,2752586,86.98
2017-07-14,91.41,91.45,90.51,91,766620,91
2017-07-13,90.47,91.72,89.09,91.06,1504524,91.06
2017-07-12,91.46,91.49,88.6,89.57,1404484,89.57
2017-07-11,91.86,91.94,89.21,90.92,1794297,90.92
2017-07-10,90.59,91.48,89,89.8,1017252,89.8
2017-07-07,90.4,90.95,89.67,90.51,813631,90.51
2017-07-06,91.32,92.05,89.36,90.08,1261297,90.08
2017-07-05,90.52,92.06,89.72,92.01,1202787,92.01
2017-07-03,91.12,91.88,90.05,90.51,443183,90.51
2017-06-30,90.87,91.05,88.53,90.82,1276985,90.82
2017-06-29,92.27,92.27,88.55,90.02,1367187,90.02
2017-06-28,90.35,92.89,89.09,92.63,1841870,92.63
2017-06-27,93.31,94.17,89.5,89.63,1580857,89.63
2017-06-26,95.1,95.58,93.21,93.47,1040037,93.47
2017-06-23,96.6,97.03,94.5,95,2490366,95
2017-06-22,99.22,100.03,97,97.06,1837184,97.06
2017-06-21,92.72,98.92,92.57,98.82,2680692,98.82
2017-06-20,91.25,93.17,90.7,92.36,1462650,92.36
2017-06-19,89.28,91.58,88.46,91.35,1319171,91.35
2017-06-16,90,90,88,88.49,1825231,88.49
2017-06-15,91.92,92.05,89.78,90.47,1297393,90.47
2017-06-14,90.43,93.58,90.18,91.92,1224823,91.92
2017-06-13,88.86,90.95,88.34,90.39,818784,90.39
2017-06-12,89.92,91.49,88.04,89.08,990063,89.08
2017-06-09,90.02,91.5,89.46,90.23,1202059,90.23
2017-06-08,89.75,90.33,88.97,89.99,706980,89.99
2017-06-07,89.61,90.79,89.2,90.29,745622,90.29
2017-06-06,90.01,91.61,89.38,89.6,736484,89.6
2017-06-05,90.56,91.49,90.21,90.92,633049,90.92
2017-06-02,89.7,91.03,89.66,90.72,1079835,90.72
2017-06-01,87.53,90.3,87.53,90,1558958,90
2017-05-31,88.29,88.95,86.52,87.64,1734801,87.64
2017-05-30,88.18,88.51,87.5,87.89,869331,87.89
2017-05-26,87.65,88.65,87.65,88,933838,88
2017-05-25,89.15,89.15,87.15,87.33,835481,87.33
2017-05-24,88.38,88.54,87.15,88.03,1336637,88.03
2017-05-23,90.71,90.71,88.14,88.36,881456,88.36
2017-05-22,89.27,90.726,88.81,90.49,731641,90.49
2017-05-19,90.89,90.9,89.15,89.23,700160,89.23
2017-05-18,90.19,91.26,89.06,89.99,1192983,89.99
2017-05-17,91.73,92.49,89.61,89.77,709769,89.77
2017-05-16,91.5,92.94,90.88,92.45,929985,92.45
2017-05-15,89.62,92.01,89.55,91.5,1757616,91.5
2017-05-12,89.230003,90.459999,88.809998,89.849998,734800,89.849998
2017-05-11,90.00,90.220001,88.360001,89.309998,750900,89.309998
2017-05-10,91.120003,91.120003,89.669998,90.019997,750800,90.019997
2017-05-09,90.800003,91.489998,90.089996,91.150002,1262000,91.150002
2017-05-08,93.169998,94.349998,90.360001,90.720001,1914700,90.720001
2017-05-05,99.00,100.510002,94.050003,94.230003,2402800,94.230003
2017-05-04,96.360001,98.00,95.970001,97.779999,1247500,97.779999
2017-05-03,96.00,96.489998,94.760002,95.949997,1052000,95.949997
2017-05-02,96.739998,97.599998,95.150002,95.93,1149600,95.93
2017-05-01,96.029999,97.790001,95.720001,97.610001,948400,97.610001
2017-04-28,96.93,97.00,95.00,95.839996,1239600,95.839996
2017-04-27,95.720001,98.949997,95.010002,96.260002,2471300,96.260002
2017-04-26,94.650002,96.209999,93.959999,96.07,1350100,96.07
2017-04-25,94.00,94.93,92.690002,94.190002,1365600,94.190002
2017-04-24,90.480003,94.940002,90.239998,93.519997,2998600,93.519997
2017-04-21,90.309998,90.309998,87.379997,88.470001,1450400,88.470001
2017-04-20,90.610001,90.889999,89.449997,90.230003,825500,90.230003
2017-04-19,91.209999,91.699997,89.800003,90.169998,858000,90.169998
2017-04-18,92.449997,92.449997,90.059998,90.949997,940800,90.949997
2017-04-17,89.910004,90.989998,89.389999,90.699997,559300,90.699997
2017-04-13,88.720001,90.50,87.779999,89.910004,853400,89.910004
2017-04-12,88.940002,89.190002,87.839996,88.379997,741700,88.379997
2017-04-11,88.589996,88.879997,87.610001,88.529999,726000,88.529999
2017-04-10,87.639999,88.959999,87.339996,88.230003,968200,88.230003
2017-04-07,86.93,88.300003,86.599998,87.949997,942400,87.949997
2017-04-06,85.449997,86.959999,85.449997,86.889999,1250100,86.889999
2017-04-05,86.25,87.040001,85.800003,86.120003,1227800,86.120003
2017-04-04,86.629997,87.269997,85.489998,86.029999,998100,86.029999
2017-04-03,87.559998,88.690002,86.550003,86.620003,1053000,86.620003
2017-03-31,88.93,89.07,87.639999,87.779999,971700,87.779999
2017-03-30,89.760002,89.769997,87.199997,89.120003,978800,89.120003
2017-03-29,89.150002,89.849998,89.010002,89.580002,687900,89.580002
2017-03-28,88.18,89.589996,88.00,89.099998,919500,89.099998
2017-03-27,86.830002,88.360001,86.709999,88.230003,677600,88.230003
2017-03-24,87.519997,87.93,86.82,87.370003,1121400,87.370003
2017-03-23,87.309998,87.900002,86.690002,86.839996,792400,86.839996
2017-03-22,87.279999,88.00,86.279999,87.419998,986500,87.419998
2017-03-21,90.190002,90.50,86.860001,87.029999,1104500,87.029999
2017-03-20,90.970001,91.050003,89.440002,90.00,879300,90.00
2017-03-17,91.07,91.400002,89.800003,90.900002,1003400,90.900002
2017-03-16,92.769997,93.160004,90.18,90.959999,1783300,90.959999
2017-03-15,91.419998,92.599998,90.93,92.50,890800,92.50
2017-03-14,92.769997,92.769997,90.699997,91.650002,710400,91.650002
2017-03-13,92.68,93.459999,91.900002,93.120003,753600,93.120003
2017-03-10,91.089996,92.599998,90.57,92.529999,870500,92.529999
2017-03-09,90.18,91.160004,89.790001,90.959999,536400,90.959999
2017-03-08,89.239998,90.699997,89.00,90.400002,940900,90.400002
2017-03-07,90.559998,91.690002,89.040001,89.230003,1070400,89.230003
2017-03-06,93.32,93.910004,91.760002,91.900002,926100,91.900002
2017-03-03,93.190002,94.279999,91.82,93.949997,927900,93.949997
2017-03-02,93.50,95.790001,93.019997,93.419998,1229100,93.419998
2017-03-01,94.50,95.480003,92.839996,93.809998,1968600,93.809998
2017-02-28,91.599998,94.050003,91.209999,93.93,2345900,93.93
2017-02-27,87.260002,91.739998,87.260002,91.620003,1340800,91.620003
2017-02-24,87.989998,88.82,85.879997,87.510002,2390300,87.510002
2017-02-23,89.760002,90.620003,88.870003,89.290001,1175000,89.290001
2017-02-22,90.459999,90.959999,89.690002,89.790001,959500,89.790001
2017-02-21,90.239998,90.449997,89.419998,90.239998,1344800,90.239998
2017-02-17,90.50,91.290001,89.199997,89.870003,1290200,89.870003
2017-02-16,91.769997,92.419998,89.870003,90.529999,1706500,90.529999
2017-02-15,91.389999,91.739998,90.150002,91.480003,1036100,91.480003
2017-02-14,90.459999,91.599998,90.089996,91.190002,787200,91.190002
2017-02-13,90.330002,90.940002,90.029999,90.889999,486300,90.889999
2017-02-10,91.230003,91.269997,89.370003,90.129997,617500,90.129997
2017-02-09,90.889999,92.190002,90.620003,91.150002,810000,91.150002
2017-02-08,88.699997,91.230003,87.830002,90.900002,1037900,90.900002
2017-02-07,90.00,90.199997,88.120003,88.910004,857300,88.910004
2017-02-06,88.57,88.940002,87.980003,88.739998,893300,88.739998
2017-02-03,89.230003,89.809998,88.32,88.809998,954500,88.809998
2017-02-02,88.50,89.010002,87.379997,88.379997,1008800,88.379997
2017-02-01,87.790001,89.150002,87.449997,88.589996,1267400,88.589996
2017-01-31,84.900002,88.099998,84.00,87.629997,1128600,87.629997
2017-01-30,86.489998,86.889999,84.379997,85.540001,868900,85.540001
2017-01-27,85.989998,87.00,85.309998,86.559998,964400,86.559998
2017-01-26,84.00,85.480003,83.879997,85.279999,1198800,85.279999
2017-01-25,84.440002,84.980003,83.459999,83.849998,1110800,83.849998
2017-01-24,83.269997,84.419998,82.57,84.339996,819700,84.339996
2017-01-23,84.620003,85.410004,82.989998,83.300003,750200,83.300003
2017-01-20,86.699997,87.50,84.360001,84.620003,1026800,84.620003
2017-01-19,86.900002,87.339996,85.879997,86.150002,875600,86.150002
2017-01-18,86.190002,87.25,85.690002,87.160004,944700,87.160004
2017-01-17,86.339996,86.550003,84.43,85.209999,1152700,85.209999
2017-01-13,86.160004,88.129997,85.910004,86.919998,1037700,86.919998
2017-01-12,85.470001,87.57,84.449997,86.160004,1309600,86.160004
2017-01-11,89.839996,90.370003,84.660004,86.07,2062500,86.07
2017-01-10,91.309998,92.00,88.510002,90.400002,1146600,90.400002
2017-01-09,89.790001,92.199997,87.510002,91.029999,2091600,91.029999
2017-01-06,87.190002,87.970001,86.129997,86.849998,776500,86.849998
2017-01-05,87.00,87.669998,84.93,86.290001,1083800,86.290001
2017-01-04,86.959999,87.519997,85.510002,86.870003,1339100,86.870003
2017-01-03,83.300003,86.57,83.00,85.839996,1286900,85.839996
2016-12-30,83.349998,83.739998,81.50,82.839996,1258800,82.839996
2016-12-29,83.839996,84.709999,82.970001,83.349998,811400,83.349998
2016-12-28,85.080002,86.589996,83.739998,84.150002,927600,84.150002
2016-12-27,86.00,87.610001,85.010002,85.080002,655500,85.080002
2016-12-23,83.059998,86.00,83.059998,85.660004,715900,85.660004
2016-12-22,84.910004,85.209999,82.889999,83.540001,988000,83.540001
2016-12-21,85.089996,86.68,82.839996,85.050003,1712400,85.050003
2016-12-20,84.410004,85.419998,83.639999,84.980003,660200,84.980003
2016-12-19,85.150002,85.910004,83.970001,84.379997,925300,84.379997
2016-12-16,85.32,86.400002,84.75,85.360001,1977400,85.360001
2016-12-15,85.720001,86.099998,84.410004,85.349998,1285900,85.349998
2016-12-14,83.260002,85.610001,82.720001,85.589996,1402900,85.589996
2016-12-13,82.440002,84.360001,82.400002,83.440002,1130000,83.440002
2016-12-12,82.370003,82.75,80.669998,82.010002,1277900,82.010002
2016-12-09,84.669998,87.519997,82.580002,82.68,1843200,82.68
2016-12-08,81.699997,83.720001,80.50,83.510002,1121400,83.510002
2016-12-07,81.360001,82.339996,79.50,81.019997,1806500,81.019997
2016-12-06,82.989998,83.480003,81.889999,82.989998,1378000,82.989998
2016-12-05,82.510002,84.589996,81.860001,82.449997,1677100,82.449997
2016-12-02,83.389999,84.019997,81.889999,82.209999,1138300,82.209999
2016-12-01,85.970001,86.459999,82.510002,83.330002,1177600,83.330002
2016-11-30,86.639999,87.900002,85.529999,85.629997,1440300,85.629997
2016-11-29,87.459999,88.00,85.860001,86.699997,1112500,86.699997
2016-11-28,89.00,89.099998,87.010002,88.360001,1368400,88.360001
2016-11-25,88.059998,89.099998,86.519997,89.00,647500,89.00
2016-11-23,84.589996,88.389999,83.620003,88.099998,1299100,88.099998
2016-11-22,87.510002,88.300003,84.419998,85.43,1047000,85.43
2016-11-21,89.129997,89.989998,86.739998,87.50,1132400,87.50
2016-11-18,90.419998,91.209999,88.919998,89.00,805700,89.00
2016-11-17,89.150002,92.300003,88.699997,90.739998,1114100,90.739998
2016-11-16,91.610001,92.309998,89.309998,89.400002,912900,89.400002
2016-11-15,91.93,92.650002,89.400002,92.209999,1167100,92.209999
2016-11-14,91.779999,93.849998,90.129997,92.910004,1620400,92.910004
2016-11-11,93.279999,93.279999,90.120003,91.459999,1231200,91.459999
2016-11-10,92.800003,95.559998,91.459999,93.540001,2166200,93.540001
2016-11-09,89.00,98.339996,88.519997,91.830002,3867300,91.830002
2016-11-08,82.790001,84.459999,82.120003,83.43,1240200,83.43
2016-11-07,82.639999,84.07,81.639999,83.540001,1876800,83.540001
2016-11-04,79.650002,84.589996,78.75,82.00,2088500,82.00
2016-11-03,81.43,81.43,78.419998,78.620003,1471800,78.620003
2016-11-02,82.379997,82.709999,80.769997,80.900002,1223700,80.900002
2016-11-01,80.300003,82.879997,79.309998,82.709999,1182100,82.709999
2016-10-31,81.260002,81.260002,80.00,80.519997,1125300,80.519997
2016-10-28,79.730003,83.32,78.559998,81.129997,1921800,81.129997
2016-10-27,82.290001,83.389999,80.300003,81.019997,1291900,81.019997
2016-10-26,81.260002,82.599998,81.00,81.75,951300,81.75
2016-10-25,82.279999,82.279999,80.540001,80.959999,779700,80.959999
2016-10-24,82.669998,82.889999,81.440002,82.139999,892200,82.139999
2016-10-21,84.00,84.019997,81.849998,82.279999,1032400,82.279999
2016-10-20,84.410004,85.620003,83.709999,84.199997,1167800,84.199997
2016-10-19,85.349998,86.43,83.650002,84.32,747300,84.32
2016-10-18,86.150002,87.339996,85.199997,85.400002,1036300,85.400002
2016-10-17,84.830002,85.599998,82.190002,85.449997,1398900,85.449997
2016-10-14,87.580002,88.669998,84.580002,85.040001,1234400,85.040001
2016-10-13,86.309998,88.459999,86.00,86.870003,1914000,86.870003
2016-10-12,91.459999,92.199997,87.730003,87.949997,1013400,87.949997
2016-10-11,93.089996,93.660004,90.720001,91.669998,1094100,91.669998
2016-10-10,94.07,94.980003,92.419998,93.550003,661000,93.550003
2016-10-07,93.190002,93.919998,91.550003,93.510002,863700,93.510002
2016-10-06,95.129997,95.769997,92.120003,92.629997,1230400,92.629997
2016-10-05,94.690002,96.550003,94.32,95.919998,864900,95.919998
2016-10-04,94.589996,95.269997,94.040001,95.129997,799700,95.129997
2016-10-03,91.980003,94.489998,91.190002,94.339996,1119800,94.339996
2016-09-30,93.080002,93.330002,91.199997,92.519997,1463600,92.519997
2016-09-29,96.019997,96.169998,92.43,92.779999,1040300,92.779999
2016-09-28,98.190002,98.190002,94.419998,96.029999,1189700,96.029999
2016-09-27,95.43,97.190002,94.25,97.050003,1180800,97.050003
2016-09-26,96.860001,97.519997,95.43,95.870003,823800,95.870003
2016-09-23,96.629997,99.709999,96.629997,97.400002,810600,97.400002
2016-09-22,98.00,98.940002,95.690002,97.449997,1049600,97.449997
2016-09-21,97.970001,99.970001,95.00,97.57,1305300,97.57
2016-09-20,98.970001,99.400002,97.519997,97.949997,926700,97.949997
2016-09-19,96.620003,101.269997,95.230003,98.110001,2102800,98.110001
2016-09-16,94.82,97.220001,94.019997,96.860001,2249300,96.860001
2016-09-15,95.230003,96.940002,94.010002,95.379997,1014300,95.379997
2016-09-14,94.50,96.739998,93.790001,95.300003,1253300,95.300003
2016-09-13,95.599998,95.720001,92.849998,93.879997,1205800,93.879997
2016-09-12,93.330002,96.529999,93.00,96.239998,1082900,96.239998
2016-09-09,96.209999,97.50,94.019997,94.029999,1241200,94.029999
2016-09-08,96.080002,98.220001,95.040001,97.440002,1177200,97.440002
2016-09-07,94.949997,96.230003,93.599998,96.139999,1473500,96.139999
2016-09-06,95.959999,97.650002,94.919998,95.589996,1072500,95.589996
2016-09-02,95.300003,96.489998,93.860001,95.730003,801800,95.730003
2016-09-01,93.699997,95.489998,92.790001,95.190002,1008200,95.190002
2016-08-31,95.290001,95.949997,93.019997,93.889999,1264600,93.889999
2016-08-30,95.75,96.610001,94.839996,94.949997,710300,94.949997
2016-08-29,96.260002,96.790001,94.879997,95.739998,796300,95.739998
2016-08-26,95.089996,96.360001,94.419998,96.220001,1287700,96.220001
2016-08-25,95.75,96.970001,92.349998,94.970001,1629700,94.970001
2016-08-24,99.220001,102.059998,94.50,95.129997,2472900,95.129997
2016-08-23,99.110001,99.949997,97.440002,99.43,1691000,99.43
2016-08-22,95.669998,98.50,95.18,98.169998,3976800,98.169998
2016-08-19,93.07,93.400002,91.760002,91.989998,698600,91.989998
2016-08-18,92.849998,93.879997,92.019997,93.519997,963900,93.519997
2016-08-17,92.139999,94.059998,91.00,93.300003,1496600,93.300003
2016-08-16,92.75,93.230003,90.910004,91.739998,1477400,91.739998
2016-08-15,92.900002,94.220001,92.300003,93.110001,1833200,93.110001
2016-08-12,91.489998,92.489998,91.019997,92.440002,1338400,92.440002
2016-08-11,91.93,92.809998,90.660004,92.010002,1304900,92.010002
2016-08-10,94.889999,95.099998,90.919998,91.449997,2209700,91.449997
2016-08-09,94.620003,95.940002,93.739998,95.150002,5179500,95.150002
2016-08-08,99.290001,99.620003,97.699997,99.019997,1442200,99.019997
2016-08-05,100.879997,101.669998,98.50,98.940002,2088600,98.940002
2016-08-04,102.410004,102.489998,99.139999,99.620003,1458000,99.620003
2016-08-03,99.029999,101.699997,98.760002,101.459999,1684800,101.459999
2016-08-02,99.959999,100.900002,97.400002,99.07,1926600,99.07
2016-08-01,99.330002,101.300003,98.510002,100.25,2102100,100.25
2016-07-29,98.18,99.620003,96.169998,99.419998,1448300,99.419998
2016-07-28,98.800003,99.50,96.639999,98.199997,2503200,98.199997
2016-07-27,91.580002,98.709999,90.519997,98.089996,5832300,98.089996
2016-07-26,93.269997,93.43,91.209999,92.019997,2160800,92.019997
2016-07-25,94.019997,94.43,92.550003,92.790001,1162500,92.790001
2016-07-22,93.779999,95.489998,93.360001,93.580002,1235200,93.580002
2016-07-21,92.00,94.870003,91.910004,93.360001,1859500,93.360001
2016-07-20,91.57,94.019997,90.660004,93.760002,1506400,93.760002
2016-07-19,93.489998,94.00,90.199997,90.419998,1150700,90.419998
2016-07-18,92.230003,94.379997,89.57,92.860001,2381600,92.860001
2016-07-15,89.790001,94.75,89.190002,92.080002,2915900,92.080002
2016-07-14,88.190002,89.639999,86.160004,89.029999,1448500,89.029999
2016-07-13,88.440002,88.480003,85.860001,87.120003,1943900,87.120003
2016-07-12,88.830002,89.980003,87.43,87.480003,1724200,87.480003
2016-07-11,91.82,91.82,88.589996,88.589996,1884100,88.589996
2016-07-08,87.809998,93.040001,87.50,91.489998,3766700,91.489998
2016-07-07,86.580002,90.199997,86.139999,88.160004,6732200,88.160004
2016-07-06,80.339996,81.129997,77.980003,80.809998,1402500,80.809998
2016-07-05,80.639999,80.690002,79.230003,79.860001,1353900,79.860001
2016-07-01,77.589996,81.669998,77.040001,81.379997,1651500,81.379997
2016-06-30,78.709999,79.849998,76.269997,77.800003,1853500,77.800003
2016-06-29,80.519997,81.080002,78.199997,78.370003,2142100,78.370003
2016-06-28,76.230003,79.709999,76.019997,79.489998,1585100,79.489998
2016-06-27,75.870003,77.010002,73.449997,74.610001,2023000,74.610001
2016-06-24,79.559998,83.400002,76.760002,77.010002,2572500,77.010002
2016-06-23,82.870003,83.830002,81.699997,83.650002,1398800,83.650002
2016-06-22,80.809998,83.980003,80.339996,82.18,1233500,82.18
2016-06-21,84.050003,84.050003,80.550003,81.220001,1427900,81.220001
2016-06-20,82.769997,85.800003,82.760002,84.059998,1682200,84.059998
2016-06-17,84.300003,84.970001,82.010002,83.860001,3994700,83.860001
2016-06-16,83.190002,84.50,78.160004,80.800003,3145700,80.800003
2016-06-15,81.400002,85.529999,81.309998,84.010002,1912600,84.010002
2016-06-14,80.220001,82.660004,79.550003,81.050003,1143100,81.050003
2016-06-13,81.089996,83.980003,79.510002,80.110001,1253200,80.110001
2016-06-10,82.349998,82.480003,79.519997,81.099998,1081000,81.099998
2016-06-09,83.75,84.610001,82.709999,82.940002,897300,82.940002
2016-06-08,85.360001,85.639999,83.040001,84.099998,1026000,84.099998
2016-06-07,88.639999,89.300003,85.230003,85.50,1181600,85.50
2016-06-06,89.139999,90.050003,87.209999,89.519997,721800,89.519997
2016-06-03,91.150002,91.489998,88.019997,90.00,1107700,90.00
2016-06-02,89.040001,92.480003,87.169998,91.519997,1950500,91.519997
2016-06-01,88.690002,88.900002,86.010002,87.400002,1286800,87.400002
2016-05-31,89.349998,91.260002,88.940002,89.650002,1377200,89.650002
2016-05-27,87.57,89.230003,86.410004,89.089996,846300,89.089996
2016-05-26,88.040001,88.389999,86.209999,87.260002,877600,87.260002
2016-05-25,88.309998,89.849998,87.50,88.809998,1062600,88.809998
2016-05-24,86.32,88.879997,86.160004,87.949997,911800,87.949997
2016-05-23,86.849998,88.150002,85.349998,85.510002,831200,85.510002
2016-05-20,84.940002,86.629997,84.339996,86.449997,869100,86.449997
2016-05-19,86.459999,87.440002,83.400002,84.75,869200,84.75
2016-05-18,83.540001,87.510002,83.209999,87.160004,1190500,87.160004
2016-05-17,85.730003,87.50,82.889999,84.050003,1575300,84.050003
2016-05-16,82.82,86.800003,82.82,86.470001,1083800,86.470001
2016-05-13,79.790001,84.389999,79.790001,82.709999,1360800,82.709999
2016-05-12,82.510002,83.019997,78.199997,79.790001,992800,79.790001
2016-05-11,87.239998,87.239998,82.089996,82.220001,893800,82.220001
2016-05-10,84.550003,87.620003,82.730003,87.370003,1433700,87.370003
2016-05-09,81.099998,85.059998,80.57,83.980003,1035400,83.980003
2016-05-06,80.360001,82.349998,79.400002,80.800003,795300,80.800003
2016-05-05,82.160004,82.629997,79.32,80.739998,1074100,80.739998
2016-05-04,84.150002,84.739998,81.720001,82.139999,1512400,82.139999
2016-05-03,86.00,87.410004,84.910004,85.089996,1012400,85.089996
2016-05-02,85.709999,86.980003,83.919998,86.900002,1112100,86.900002
2016-04-29,83.440002,87.50,83.019997,84.68,1705800,84.68
2016-04-28,86.949997,87.379997,84.599998,85.099998,1476800,85.099998
2016-04-27,87.010002,88.610001,86.220001,87.720001,1011300,87.720001
2016-04-26,90.07,91.00,86.730003,88.709999,1228000,88.709999
2016-04-25,93.760002,93.760002,89.800003,90.220001,1741000,90.220001
2016-04-22,91.980003,94.080002,89.68,93.800003,2549700,93.800003
2016-04-21,89.25,92.050003,85.50,91.989998,2121800,91.989998
2016-04-20,92.00,92.809998,88.00,89.309998,3922400,89.309998
2016-04-19,87.260002,88.25,85.32,86.370003,1715600,86.370003
2016-04-18,86.089996,87.160004,83.900002,87.00,1191700,87.00
2016-04-15,89.610001,89.610001,85.040001,86.75,1550500,86.75
2016-04-14,89.93,89.980003,88.019997,88.849998,1421000,88.849998
2016-04-13,85.00,88.639999,85.00,88.519997,1732400,88.519997
2016-04-12,83.029999,85.389999,82.260002,85.00,1235700,85.00
2016-04-11,85.580002,86.279999,82.669998,83.199997,1145600,83.199997
2016-04-08,88.769997,89.349998,84.019997,85.209999,1401400,85.209999
2016-04-07,89.00,91.910004,86.660004,87.790001,1822000,87.790001
2016-04-06,83.010002,89.440002,82.949997,89.339996,1820700,89.339996
2016-04-05,83.989998,84.699997,82.480003,83.019997,808600,83.019997
2016-04-04,85.669998,87.169998,84.339996,84.470001,1040800,84.470001
2016-04-01,81.459999,86.720001,81.029999,84.660004,1599400,84.660004
2016-03-31,79.089996,84.120003,78.349998,82.480003,2165300,82.480003
2016-03-30,79.370003,81.50,77.099998,78.099998,936000,78.099998
2016-03-29,79.010002,79.93,76.419998,78.760002,1466500,78.760002
2016-03-28,81.349998,81.449997,78.870003,79.00,716900,79.00
2016-03-24,80.82,83.010002,78.419998,80.870003,1548000,80.870003
2016-03-23,83.18,85.32,80.339996,80.610001,2189300,80.610001
2016-03-22,77.459999,83.660004,77.459999,83.43,2620200,83.43
2016-03-21,76.129997,79.809998,75.900002,78.190002,2746400,78.190002
2016-03-18,77.809998,81.470001,77.080002,80.940002,2471000,80.940002
2016-03-17,80.400002,80.400002,74.669998,77.32,2967500,77.32
2016-03-16,82.809998,84.00,78.610001,80.339996,1471800,80.339996
2016-03-15,85.440002,85.550003,82.400002,83.43,1147000,83.43
2016-03-14,87.519997,88.760002,85.470001,85.980003,1453900,85.980003
2016-03-11,84.599998,88.540001,83.589996,88.269997,1301500,88.269997
2016-03-10,86.540001,86.540001,81.32,83.599998,1288300,83.599998
2016-03-09,85.860001,86.209999,82.510002,85.220001,1500600,85.220001
2016-03-08,89.360001,90.459999,85.290001,85.540001,1334200,85.540001
2016-03-07,87.699997,89.839996,86.18,88.220001,1761600,88.220001
2016-03-04,89.730003,89.830002,86.470001,86.669998,1745600,86.669998
2016-03-03,88.910004,90.989998,88.279999,89.57,2802800,89.57
2016-03-02,87.440002,90.339996,84.00,87.440002,2080500,87.440002
2016-03-01,82.50,88.040001,81.029999,87.57,2372900,87.57
2016-02-29,80.75,84.900002,80.620003,81.870003,2410200,81.870003
2016-02-26,76.639999,82.110001,74.800003,80.139999,2299000,80.139999
2016-02-25,76.919998,78.910004,74.639999,76.410004,1864100,76.410004
2016-02-24,74.309998,76.519997,72.959999,76.339996,1465100,76.339996
2016-02-23,78.110001,80.25,75.480003,75.610001,1765900,75.610001
2016-02-22,79.050003,81.900002,76.75,78.489998,1625600,78.489998
2016-02-19,74.550003,77.910004,73.279999,77.699997,1983100,77.699997
2016-02-18,78.360001,78.800003,74.449997,74.870003,1839000,74.870003
2016-02-17,75.160004,79.629997,73.610001,77.809998,2550600,77.809998
2016-02-16,72.110001,74.400002,71.489998,74.260002,2441300,74.260002
2016-02-12,68.00,71.25,67.07,70.080002,2156300,70.080002
2016-02-11,65.43,68.889999,65.029999,67.260002,1641700,67.260002
2016-02-10,65.959999,70.760002,65.57,67.019997,1861400,67.019997
2016-02-09,63.59,67.400002,62.119999,65.110001,2478200,65.110001
2016-02-08,68.169998,68.169998,63.709999,64.739998,1839000,64.739998
2016-02-05,70.75,71.580002,66.199997,68.410004,2239100,68.410004
2016-02-04,71.50,73.779999,69.57,71.150002,2231600,71.150002
2016-02-03,72.370003,74.690002,67.529999,71.910004,2201100,71.910004
2016-02-02,74.440002,76.00,71.779999,72.040001,1559000,72.040001
2016-02-01,73.809998,76.699997,73.269997,75.650002,2329500,75.650002
2016-01-29,73.839996,75.50,70.25,74.019997,3266300,74.019997
2016-01-28,80.720001,81.019997,72.529999,73.379997,2862700,73.379997
2016-01-27,86.18,87.93,79.150002,80.139999,1713700,80.139999
2016-01-26,84.620003,87.25,82.050003,86.040001,1244900,86.040001
2016-01-25,83.860001,87.519997,83.860001,85.010002,1530100,85.010002
2016-01-22,82.43,85.839996,81.07,84.660004,1739300,84.660004
2016-01-21,81.639999,83.379997,79.480003,80.82,1717200,80.82
2016-01-20,78.029999,82.669998,74.690002,81.379997,2422400,81.379997
2016-01-19,83.809998,84.040001,77.57,79.510002,2061200,79.510002
2016-01-15,81.120003,85.25,81.010002,83.139999,3447700,83.139999
2016-01-14,86.269997,86.860001,77.589996,84.43,6306900,84.43
2016-01-13,92.599998,93.839996,83.669998,84.120003,1824400,84.120003
2016-01-12,93.43,96.769997,89.349998,93.110001,1576800,93.110001
2016-01-11,95.870003,95.949997,89.400002,93.290001,1825100,93.290001
2016-01-08,97.709999,99.339996,94.300003,95.75,1333800,95.75
2016-01-07,99.440002,100.849998,97.089996,97.089996,1411100,97.089996
2016-01-06,101.870003,103.669998,99.529999,100.440002,1289800,100.440002
2016-01-05,105.019997,105.610001,101.239998,103.449997,899600,103.449997
2016-01-04,102.800003,104.989998,102.099998,104.919998,1611900,104.919998
2015-12-31,105.440002,105.919998,104.510002,104.760002,742200,104.760002
2015-12-30,106.300003,107.019997,105.120003,105.769997,849500,105.769997
2015-12-29,106.019997,106.32,105.00,106.07,555400,106.07
2015-12-28,105.910004,107.559998,104.400002,105.300003,635400,105.300003
2015-12-24,105.830002,106.459999,104.519997,105.839996,325500,105.839996
2015-12-23,104.400002,106.279999,104.400002,105.519997,761200,105.519997
2015-12-22,104.360001,105.889999,103.93,104.349998,969300,104.349998
2015-12-21,104.839996,104.879997,102.419998,104.139999,1214100,104.139999
2015-12-18,100.50,105.139999,99.940002,104.440002,3160900,104.440002
2015-12-17,101.800003,103.339996,99.389999,100.639999,1042900,100.639999
2015-12-16,99.709999,101.93,98.059998,101.709999,1050700,101.709999
2015-12-15,94.839996,99.209999,94.360001,99.139999,1206600,99.139999
2015-12-14,93.940002,95.25,91.209999,94.230003,1186400,94.230003
2015-12-11,95.25,97.330002,93.779999,93.790001,1028900,93.790001
2015-12-10,94.589996,97.019997,94.489998,96.650002,938300,96.650002
2015-12-09,95.360001,96.50,93.82,94.150002,947500,94.150002
2015-12-08,94.330002,97.510002,93.650002,95.519997,1154700,95.519997
2015-12-07,98.150002,98.50,94.889999,95.510002,1410000,95.510002
2015-12-04,93.970001,98.57,93.550003,98.110001,1079400,98.110001
2015-12-03,96.040001,96.50,93.120003,94.209999,1425700,94.209999
2015-12-02,98.00,98.50,95.489998,95.650002,1149800,95.650002
2015-12-01,96.230003,98.099998,95.010002,97.93,1234300,97.93
2015-11-30,96.309998,96.419998,94.00,95.370003,1523400,95.370003
2015-11-27,96.029999,97.629997,95.00,96.449997,661000,96.449997
2015-11-25,94.809998,98.059998,94.290001,96.059998,3782600,96.059998
2015-11-24,97.800003,97.800003,97.800003,97.800003,000,97.800003
2015-11-23,97.50,98.949997,96.529999,97.800003,1849600,97.800003
2015-11-20,95.150002,101.57,94.00,97.00,4810500,97.00
2015-11-19,107.610001,108.349998,102.099998,103.110001,2014500,103.110001
2015-11-18,107.839996,108.970001,104.809998,107.699997,1399300,107.699997
2015-11-17,105.279999,108.639999,104.68,107.32,1333600,107.32
2015-11-16,107.57,108.790001,102.870003,104.540001,1853100,104.540001
2015-11-13,106.220001,110.349998,105.739998,107.440002,875500,107.440002
2015-11-12,111.00,111.839996,106.550003,106.800003,891900,106.800003
2015-11-11,112.879997,113.330002,110.849998,111.150002,721000,111.150002
2015-11-10,110.790001,113.120003,110.080002,112.300003,1056100,112.300003
2015-11-09,113.699997,114.629997,110.57,111.360001,1373300,111.360001
2015-11-06,112.00,115.199997,110.919998,114.919998,1259400,114.919998
2015-11-05,112.949997,113.190002,108.209999,112.32,1053800,112.32
2015-11-04,116.00,116.720001,110.839996,112.720001,1263900,112.720001
2015-11-03,116.099998,116.550003,114.010002,115.290001,1288800,115.290001
2015-11-02,118.370003,118.370003,114.50,116.839996,1763300,116.839996
2015-10-30,111.660004,118.480003,110.010002,117.040001,2166500,117.040001
2015-10-29,112.690002,115.879997,112.099998,113.800003,1702800,113.800003
2015-10-28,110.879997,113.699997,109.879997,113.690002,1919500,113.690002
2015-10-27,105.239998,110.860001,104.709999,110.709999,1669900,110.709999
2015-10-26,103.870003,106.199997,102.199997,104.68,888300,104.68
2015-10-23,102.919998,105.00,102.019997,104.139999,1236900,104.139999
2015-10-22,103.93,105.809998,99.589996,101.599998,1541800,101.599998
2015-10-21,105.269997,105.980003,99.360001,103.940002,1311100,103.940002
2015-10-20,107.00,107.510002,103.25,103.919998,1445000,103.919998
2015-10-19,108.889999,111.480003,105.040001,107.279999,1566000,107.279999
2015-10-16,111.610001,112.410004,106.599998,108.839996,1682200,108.839996
2015-10-15,103.599998,111.830002,102.669998,111.50,1967000,111.50
2015-10-14,101.610001,106.720001,99.639999,103.769997,2346900,103.769997
2015-10-13,102.010002,105.50,99.110001,99.339996,1158100,99.339996
2015-10-12,103.279999,103.980003,101.449997,102.910004,793200,102.910004
2015-10-09,99.919998,104.199997,98.529999,102.690002,1010100,102.690002
2015-10-08,102.379997,102.760002,96.379997,100.720001,1480600,100.720001
2015-10-07,103.279999,103.790001,100.279999,102.129997,2791500,102.129997
2015-10-06,107.970001,108.870003,99.25,103.239998,2770100,103.239998
2015-10-05,114.769997,115.980003,109.120003,109.93,1635400,109.93
2015-10-02,108.410004,113.849998,106.010002,113.00,2048900,113.00
2015-10-01,103.75,110.059998,102.760002,109.790001,2597000,109.790001
2015-09-30,99.50,109.559998,99.50,105.32,3346800,105.32
2015-09-29,100.120003,104.650002,95.089996,96.82,2606400,96.82
2015-09-28,106.849998,107.379997,95.839996,99.379997,3346500,99.379997
2015-09-25,113.050003,114.959999,105.370003,108.690002,2270000,108.690002
2015-09-24,117.00,117.919998,111.080002,113.00,2088300,113.00
2015-09-23,118.68,120.610001,116.629997,117.82,911000,117.82
2015-09-22,119.269997,121.50,117.019997,117.970001,2255700,117.970001
2015-09-21,132.679993,132.800003,120.910004,122.089996,2085200,122.089996
2015-09-18,130.979996,132.820007,129.600006,130.649994,1581300,130.649994
2015-09-17,129.190002,133.789993,128.25,132.130005,751800,132.130005
2015-09-16,131.710007,132.789993,127.260002,129.089996,917100,129.089996
2015-09-15,131.639999,132.899994,130.559998,131.880005,646200,131.880005
2015-09-14,133.75,133.940002,130.320007,131.490005,547700,131.490005
2015-09-11,132.649994,133.820007,131.119995,132.880005,815900,132.880005
2015-09-10,129.830002,134.160004,129.399994,133.080002,974500,133.080002
2015-09-09,134.270004,134.710007,129.460007,129.869995,678500,129.869995
2015-09-08,129.190002,133.100006,126.82,132.589996,944900,132.589996
2015-09-04,124.599998,127.559998,124.199997,126.510002,698900,126.510002
2015-09-03,129.50,130.990005,126.239998,126.449997,854700,126.449997
2015-09-02,126.43,129.389999,124.43,129.259995,1079600,129.259995
2015-09-01,126.07,127.82,123.769997,124.629997,1305300,124.629997
2015-08-31,134.050003,136.850006,128.669998,129.240005,1156500,129.240005
2015-08-28,130.429993,133.279999,129.660004,133.179993,885100,133.179993
2015-08-27,129.50,132.509995,128.429993,130.889999,1078500,130.889999
2015-08-26,124.949997,128.259995,120.089996,128.100006,1335000,128.100006
2015-08-25,124.739998,126.419998,120.93,121.139999,1681000,121.139999
2015-08-24,115.010002,124.839996,114.949997,119.68,2060800,119.68
2015-08-21,126.800003,131.100006,125.540001,126.169998,1372600,126.169998
2015-08-20,134.529999,137.399994,128.960007,129.009995,1096700,129.009995
2015-08-19,135.960007,136.839996,133.50,135.699997,598200,135.699997
2015-08-18,139.389999,140.679993,136.660004,137.229996,555800,137.229996
2015-08-17,135.210007,139.759995,134.119995,139.440002,710400,139.440002
2015-08-14,135.029999,137.800003,132.529999,135.509995,750200,135.509995
2015-08-13,137.639999,139.020004,135.75,135.839996,662100,135.839996
2015-08-12,134.990005,138.00,131.699997,137.600006,969000,137.600006
2015-08-11,134.820007,136.990005,131.399994,136.020004,851500,136.020004
2015-08-10,134.410004,138.119995,134.289993,136.229996,1178200,136.229996
2015-08-07,134.509995,134.539993,128.949997,133.839996,2030700,133.839996
2015-08-06,143.570007,143.789993,134.529999,134.740005,1856100,134.740005
2015-08-05,144.759995,146.550003,142.809998,143.660004,792300,143.660004
2015-08-04,145.00,147.759995,141.919998,143.779999,1626000,143.779999
2015-08-03,146.679993,148.300003,144.529999,147.169998,1207000,147.169998
2015-07-31,145.440002,148.100006,144.020004,146.270004,1120600,146.270004
2015-07-30,143.830002,144.820007,140.179993,144.559998,951400,144.559998
2015-07-29,147.419998,147.419998,142.279999,144.320007,1005600,144.320007
2015-07-28,144.929993,146.210007,142.210007,145.940002,1227800,145.940002
2015-07-27,143.990005,145.070007,141.509995,144.320007,1399500,144.320007
2015-07-24,146.110001,148.919998,144.00,144.990005,5721100,144.990005
2015-07-23,146.869995,149.539993,146.020004,148.050003,2061200,148.050003
2015-07-22,142.809998,144.899994,141.169998,144.00,1333100,144.00
2015-07-21,149.770004,149.839996,143.710007,143.789993,1673400,143.789993
2015-07-20,150.00,151.75,148.880005,149.130005,1129600,149.130005
2015-07-17,148.009995,149.139999,146.320007,149.089996,912300,149.089996
2015-07-16,145.570007,148.490005,145.50,147.720001,972500,147.720001
2015-07-15,146.979996,148.899994,145.410004,146.300003,1508600,146.300003
2015-07-14,144.779999,147.50,144.520004,147.25,1062400,147.25
2015-07-13,142.919998,144.929993,142.809998,144.50,860500,144.50
2015-07-10,141.490005,142.339996,138.660004,141.669998,1118400,141.669998
2015-07-09,139.580002,140.940002,137.919998,140.130005,1286300,140.130005
2015-07-08,138.839996,139.009995,136.50,137.589996,1071300,137.589996
2015-07-07,140.389999,141.00,137.00,139.789993,1420300,139.789993
2015-07-06,136.070007,140.300003,135.520004,140.100006,1695200,140.100006
2015-07-02,136.369995,136.970001,135.089996,136.839996,786600,136.839996
2015-07-01,138.539993,138.710007,135.809998,136.729996,839300,136.729996
2015-06-30,134.289993,137.240005,133.470001,136.779999,1269000,136.779999
2015-06-29,133.699997,136.289993,131.570007,132.309998,1583400,132.309998
2015-06-26,135.520004,135.990005,132.850006,134.839996,1227500,134.839996
2015-06-25,136.660004,137.380005,133.779999,135.360001,932600,135.360001
2015-06-24,138.850006,139.869995,136.00,136.490005,1249800,136.490005
2015-06-23,141.039993,141.509995,137.160004,138.860001,1198500,138.860001
2015-06-22,138.789993,140.320007,137.279999,140.00,1253500,140.00
2015-06-19,137.210007,138.649994,135.070007,137.929993,2013100,137.929993
2015-06-18,132.270004,140.490005,132.210007,138.660004,5642100,138.660004
2015-06-17,121.800003,123.989998,121.580002,123.599998,1183700,123.599998
2015-06-16,122.00,122.980003,120.790001,121.099998,800300,121.099998
2015-06-15,121.300003,122.599998,120.010002,121.93,809200,121.93
2015-06-12,122.300003,122.790001,121.209999,122.029999,763100,122.029999
2015-06-11,122.809998,123.489998,121.800003,123.040001,678400,123.040001
2015-06-10,120.919998,122.410004,117.540001,122.269997,1030000,122.269997
2015-06-09,123.470001,124.480003,120.209999,120.660004,1300500,120.660004
2015-06-08,125.00,125.580002,122.959999,123.900002,834000,123.900002
2015-06-05,121.650002,124.25,119.660004,123.849998,1013200,123.849998
2015-06-04,122.610001,123.779999,118.980003,120.459999,1130800,120.459999
2015-06-03,124.120003,125.589996,122.959999,123.769997,781100,123.769997
2015-06-02,123.769997,125.209999,120.860001,124.010002,1082800,124.010002
2015-06-01,125.699997,126.919998,121.860001,124.029999,1181300,124.029999
2015-05-29,127.730003,127.82,124.199997,125.57,1650600,125.57
2015-05-28,129.429993,130.00,126.330002,127.389999,1184300,127.389999
2015-05-27,128.119995,131.539993,127.019997,129.539993,1718300,129.539993
2015-05-26,127.00,128.740005,125.459999,127.110001,1047700,127.110001
2015-05-22,126.260002,127.50,125.510002,127.190002,773300,127.190002
2015-05-21,127.589996,128.00,124.57,126.879997,874700,126.879997
2015-05-20,125.440002,128.220001,124.25,127.970001,1065800,127.970001
2015-05-19,126.230003,127.830002,124.07,124.989998,1013300,124.989998
2015-05-18,122.419998,126.150002,121.529999,126.019997,1142500,126.019997
2015-05-15,122.599998,123.309998,121.470001,122.779999,650500,122.779999
2015-05-14,122.379997,123.709999,120.040001,122.650002,1128700,122.650002
2015-05-13,122.139999,123.010002,120.620003,121.470001,936200,121.470001
2015-05-12,120.230003,121.349998,119.050003,121.089996,781700,121.089996
2015-05-11,122.279999,123.410004,120.559998,120.959999,959400,120.959999
2015-05-08,121.489998,124.32,120.629997,121.660004,1133900,121.660004
2015-05-07,119.75,120.779999,117.169998,120.360001,1276000,120.360001
2015-05-06,119.139999,122.50,116.00,119.699997,2505100,119.699997
2015-05-05,115.690002,116.260002,113.50,113.919998,994100,113.919998
2015-05-04,115.43,119.610001,114.639999,116.32,1056600,116.32
2015-05-01,114.849998,119.75,112.610001,115.919998,1862400,115.919998
2015-04-30,116.339996,118.650002,110.50,112.050003,1718900,112.050003
2015-04-29,113.940002,117.330002,113.400002,115.190002,968600,115.190002
2015-04-28,118.269997,118.839996,113.199997,115.650002,1746600,115.650002
2015-04-27,120.720001,124.949997,115.43,116.970001,2547800,116.970001
2015-04-24,122.379997,123.139999,120.209999,120.279999,821800,120.279999
2015-04-23,120.690002,124.050003,120.260002,122.949997,1004800,122.949997
2015-04-22,121.300003,123.150002,120.370003,121.080002,731200,121.080002
2015-04-21,120.940002,121.739998,119.699997,121.239998,979800,121.239998
2015-04-20,121.040001,121.510002,119.040001,120.129997,1026300,120.129997
2015-04-17,120.849998,121.709999,119.50,120.910004,1613900,120.910004
2015-04-16,121.400002,122.199997,119.800003,121.660004,795700,121.660004
2015-04-15,122.029999,122.099998,119.269997,120.800003,1193900,120.800003
2015-04-14,122.00,123.720001,119.379997,121.50,1136000,121.50
2015-04-13,121.879997,124.860001,121.860001,122.139999,953400,122.139999
2015-04-10,122.559998,124.00,121.400002,122.199997,1609000,122.199997
2015-04-09,124.50,126.660004,121.800003,122.080002,1964800,122.080002
2015-04-08,120.389999,124.809998,120.290001,123.639999,2056000,123.639999
2015-04-07,119.690002,123.50,119.110001,121.169998,1675700,121.169998
2015-04-06,120.110001,121.349998,118.169998,118.779999,1213800,118.779999
2015-04-02,120.919998,121.809998,117.550003,120.379997,1525900,120.379997
2015-04-01,124.610001,124.75,118.220001,120.949997,2104200,120.949997
2015-03-31,128.850006,129.330002,123.580002,124.620003,2412100,124.620003
2015-03-30,131.330002,133.440002,126.540001,129.139999,2828600,129.139999
2015-03-27,125.00,133.539993,123.050003,128.779999,6370700,128.779999
2015-03-26,112.629997,116.199997,111.00,115.550003,2241200,115.550003
2015-03-25,122.849998,123.260002,115.059998,115.620003,2544100,115.620003
2015-03-24,124.010002,126.00,122.730003,123.00,1579100,123.00
2015-03-23,125.25,125.25,121.449997,123.620003,1802200,123.620003
2015-03-20,128.509995,129.589996,124.82,125.169998,2290800,125.169998
2015-03-19,127.360001,129.419998,126.910004,127.489998,1644700,127.489998
2015-03-18,126.510002,127.540001,123.849998,126.110001,1766900,126.110001
2015-03-17,124.370003,127.900002,123.379997,127.269997,1716300,127.269997
2015-03-16,121.489998,124.989998,121.260002,124.370003,1722600,124.370003
2015-03-13,117.68,124.160004,117.629997,123.519997,3539900,123.519997
2015-03-12,114.50,115.849998,113.550003,115.589996,1223800,115.589996
2015-03-11,113.870003,115.82,111.809998,114.449997,1365300,114.449997
2015-03-10,112.089996,115.00,111.260002,113.160004,1132500,113.160004
2015-03-09,113.75,114.300003,111.169998,113.18,1392300,113.18
2015-03-06,113.440002,115.68,112.50,113.769997,1341400,113.769997
2015-03-05,111.050003,116.699997,111.050003,113.50,2779200,113.50
2015-03-04,107.489998,110.00,106.800003,109.790001,1097200,109.790001
2015-03-03,107.209999,108.529999,106.07,108.360001,1015600,108.360001
2015-03-02,107.00,108.879997,106.580002,108.419998,1138800,108.419998
2015-02-27,108.239998,108.980003,106.120003,107.07,921400,107.07
2015-02-26,108.25,111.889999,104.959999,108.839996,1953300,108.839996
2015-02-25,106.010002,108.199997,105.00,107.50,1117500,107.50
2015-02-24,108.040001,108.400002,104.419998,106.029999,1129600,106.029999
2015-02-23,107.639999,110.00,107.050003,107.830002,1356200,107.830002
2015-02-20,104.550003,107.989998,103.57,107.160004,1344000,107.160004
2015-02-19,103.389999,104.660004,102.449997,104.190002,893300,104.190002
2015-02-18,101.489998,103.449997,100.449997,103.360001,694400,103.360001
2015-02-17,100.800003,103.669998,100.260002,101.510002,1160900,101.510002
2015-02-13,98.57,100.800003,97.43,100.760002,1154100,100.760002
2015-02-12,97.00,99.419998,95.529999,98.779999,879000,98.779999
2015-02-11,94.57,97.040001,94.139999,95.800003,928300,95.800003
2015-02-10,95.389999,95.970001,94.309998,94.739998,1078800,94.739998
2015-02-09,94.00,96.099998,92.889999,94.00,589100,94.00
2015-02-06,95.93,96.769997,93.160004,93.849998,699300,93.849998
2015-02-05,93.830002,95.879997,93.389999,95.639999,960300,95.639999
2015-02-04,91.330002,95.290001,89.18,94.360001,1178800,94.360001
2015-02-03,96.080002,96.080002,90.669998,92.760002,2032700,92.760002
2015-02-02,97.720001,97.900002,93.870003,95.339996,1397600,95.339996
2015-01-30,99.139999,100.900002,96.889999,97.160004,2185200,97.160004
2015-01-29,98.349998,100.290001,96.379997,99.650002,1029000,99.650002
2015-01-28,100.580002,100.949997,97.169998,97.25,1288700,97.25
2015-01-27,99.00,100.43,98.010002,99.580002,968200,99.580002
2015-01-26,98.089996,100.480003,97.50,99.510002,1277000,99.510002
2015-01-23,96.029999,99.029999,95.849998,97.690002,1688000,97.690002
2015-01-22,93.50,96.43,92.00,95.849998,4661100,95.849998
2015-01-21,98.510002,99.080002,95.769997,96.139999,1210300,96.139999
2015-01-20,99.949997,100.370003,97.120003,99.160004,1184500,99.160004
2015-01-16,98.389999,99.879997,97.739998,99.449997,1664600,99.449997
2015-01-15,99.57,100.50,96.910004,97.779999,1532900,97.779999
2015-01-14,95.440002,100.25,95.43,98.940002,1509300,98.940002
2015-01-13,97.290001,100.32,96.040001,97.129997,1716500,97.129997
2015-01-12,95.309998,98.629997,93.230003,96.580002,1746300,96.580002
2015-01-09,94.440002,95.309998,92.620003,93.779999,903500,93.779999
2015-01-08,95.660004,97.93,93.269997,94.18,1181900,94.18
2015-01-07,91.720001,94.029999,91.089996,93.760002,951400,93.760002
2015-01-06,93.110001,94.879997,88.510002,90.279999,2115600,90.279999
2015-01-05,90.889999,93.410004,90.68,93.110001,1210000,93.110001
2015-01-02,91.239998,92.629997,90.709999,92.169998,722000,92.169998
2014-12-31,90.629997,92.690002,89.809998,90.400002,722400,90.400002
2014-12-30,91.809998,91.949997,89.510002,90.339996,731500,90.339996
2014-12-29,91.419998,92.459999,90.18,92.209999,592500,92.209999
2014-12-26,88.860001,91.739998,88.089996,91.529999,572700,91.529999
2014-12-24,87.150002,89.580002,86.720001,88.18,496800,88.18
2014-12-23,92.889999,93.239998,86.720001,87.290001,1308800,87.290001
2014-12-22,93.339996,93.889999,91.199997,92.800003,952600,92.800003
2014-12-19,92.440002,94.190002,91.099998,93.839996,1834700,93.839996
2014-12-18,89.00,91.849998,88.120003,91.830002,1422600,91.830002
2014-12-17,86.339996,87.830002,85.720001,87.209999,1573700,87.209999
2014-12-16,87.379997,88.790001,86.050003,86.059998,1508100,86.059998
2014-12-15,91.699997,92.00,86.25,87.230003,2018900,87.230003
2014-12-12,91.699997,93.959999,91.470001,91.519997,830600,91.519997
2014-12-11,92.860001,96.360001,91.349998,92.900002,1458900,92.900002
2014-12-10,95.00,95.309998,90.889999,91.400002,1137000,91.400002
2014-12-09,90.919998,94.959999,90.57,94.190002,1057900,94.190002
2014-12-08,90.940002,94.25,90.940002,92.720001,1363600,92.720001
2014-12-05,90.150002,90.93,89.510002,90.18,885100,90.18
2014-12-04,91.68,91.68,89.360001,89.959999,1030700,89.959999
2014-12-03,92.370003,92.959999,90.449997,91.099998,1328100,91.099998
2014-12-02,90.660004,92.989998,88.279999,92.269997,1606400,92.269997
2014-12-01,89.300003,90.900002,88.120003,90.160004,1440600,90.160004
2014-11-28,89.470001,90.830002,88.919998,89.720001,516300,89.720001
2014-11-26,89.550003,89.949997,88.010002,89.379997,920200,89.379997
2014-11-25,88.690002,91.400002,87.339996,89.449997,1957800,89.449997
2014-11-24,83.889999,88.370003,83.099998,87.940002,2935300,87.940002
2014-11-21,85.480003,86.339996,84.260002,85.830002,847400,85.830002
2014-11-20,84.529999,85.00,83.519997,84.43,690700,84.43
2014-11-19,85.18,85.980003,84.190002,85.080002,592700,85.080002
2014-11-18,83.260002,86.050003,82.809998,85.449997,847500,85.449997
2014-11-17,82.879997,84.18,82.32,83.099998,1007000,83.099998
2014-11-14,87.059998,87.870003,82.669998,82.849998,1457300,82.849998
2014-11-13,86.980003,88.150002,86.279999,87.919998,979300,87.919998
2014-11-12,85.379997,87.150002,84.830002,86.949997,692500,86.949997
2014-11-11,87.480003,87.50,85.769997,86.120003,1065500,86.120003
2014-11-10,85.779999,88.230003,85.779999,87.599998,1378700,87.599998
2014-11-07,83.599998,84.360001,82.459999,83.910004,727100,83.910004
2014-11-06,82.150002,84.139999,82.150002,84.029999,626300,84.029999
2014-11-05,84.129997,84.419998,81.720001,81.970001,729500,81.970001
2014-11-04,83.720001,84.879997,82.57,83.459999,830500,83.459999
2014-11-03,83.059998,86.800003,83.059998,84.580002,1620300,84.580002
2014-10-31,83.260002,84.300003,82.00,82.50,1183600,82.50
2014-10-30,80.32,83.68,79.889999,82.360001,1029200,82.360001
2014-10-29,81.309998,81.550003,79.639999,80.559998,1262500,80.559998
2014-10-28,81.43,83.32,81.43,82.050003,1379600,82.050003
2014-10-27,80.510002,82.400002,80.059998,82.360001,1038700,82.360001
2014-10-24,75.400002,81.830002,75.400002,81.029999,2399300,81.029999
2014-10-23,75.00,75.860001,74.220001,75.010002,1272500,75.010002
2014-10-22,74.360001,75.720001,73.599998,74.32,969800,74.32
2014-10-21,72.269997,75.260002,71.900002,74.709999,1559200,74.709999
2014-10-20,70.279999,71.760002,70.099998,71.00,855800,71.00
2014-10-17,71.330002,71.529999,70.029999,70.449997,1763700,70.449997
2014-10-16,66.440002,71.720001,66.440002,70.589996,1190400,70.589996
2014-10-15,66.139999,67.720001,65.910004,67.32,1230600,67.32
2014-10-14,68.589996,69.440002,66.110001,67.269997,1277600,67.269997
2014-10-13,70.720001,70.989998,68.019997,68.089996,1396500,68.089996
2014-10-10,71.269997,73.190002,70.610001,70.800003,1048000,70.800003
2014-10-09,72.860001,73.599998,71.540001,71.919998,1239000,71.919998
2014-10-08,70.209999,72.970001,69.949997,72.919998,1043900,72.919998
2014-10-07,70.529999,70.949997,69.449997,69.949997,1142000,69.949997
2014-10-06,71.169998,71.57,70.400002,71.050003,1090800,71.050003
2014-10-03,70.290001,71.00,69.800003,70.669998,1055300,70.669998
2014-10-02,70.019997,71.110001,69.099998,69.790001,1207300,69.790001
2014-10-01,71.93,72.18,70.300003,70.410004,1465900,70.410004
2014-09-30,73.220001,73.349998,72.089996,72.160004,1116400,72.160004
2014-09-29,71.669998,73.139999,71.440002,73.00,732200,73.00
2014-09-26,71.449997,72.559998,70.730003,72.360001,748000,72.360001
2014-09-25,72.43,73.230003,71.07,71.309998,869200,71.309998
2014-09-24,70.169998,72.660004,69.169998,72.610001,1319300,72.610001
2014-09-23,68.93,70.379997,68.669998,70.059998,806300,70.059998
2014-09-22,69.379997,69.769997,68.32,69.080002,1677200,69.080002
2014-09-19,69.75,69.959999,68.940002,69.849998,1761100,69.849998
2014-09-18,68.209999,69.610001,67.889999,69.599998,1340300,69.599998
2014-09-17,67.110001,68.660004,66.43,68.209999,762300,68.209999
2014-09-16,66.57,67.25,65.989998,66.889999,1218200,66.889999
2014-09-15,67.760002,68.010002,66.25,66.790001,1009400,66.790001
2014-09-12,68.900002,69.080002,67.610001,68.00,686700,68.00
2014-09-11,69.300003,69.339996,68.519997,68.800003,1140000,68.800003
2014-09-10,68.410004,69.739998,67.970001,69.480003,955400,69.480003
2014-09-09,69.389999,69.389999,68.019997,68.230003,1271000,68.230003
2014-09-08,66.910004,69.699997,66.910004,69.190002,1594800,69.190002
2014-09-05,68.75,69.00,66.339996,67.300003,1264300,67.300003
2014-09-04,70.470001,70.889999,68.260002,68.32,1079100,68.32
2014-09-03,70.43,71.330002,70.059998,70.489998,755500,70.489998
2014-09-02,71.449997,71.449997,69.18,70.389999,792100,70.389999
2014-08-29,69.75,71.730003,69.68,71.220001,678400,71.220001
2014-08-28,69.910004,71.099998,69.550003,69.620003,764700,69.620003
2014-08-27,71.279999,71.50,70.010002,70.800003,804900,70.800003
2014-08-26,71.07,72.00,71.00,71.550003,980400,71.550003
2014-08-25,70.959999,72.209999,70.029999,70.889999,1180000,70.889999
2014-08-22,68.510002,70.830002,68.459999,70.160004,832400,70.160004
2014-08-21,70.230003,70.82,68.879997,69.370003,1106800,69.370003
2014-08-20,68.470001,70.900002,68.120003,70.660004,1414200,70.660004
2014-08-19,68.309998,69.690002,67.309998,69.099998,1229400,69.099998
2014-08-18,67.849998,68.50,67.300003,67.989998,1051500,67.989998
2014-08-15,68.260002,68.410004,66.059998,67.239998,889500,67.239998
2014-08-14,65.589996,67.75,65.389999,67.669998,1151000,67.669998
2014-08-13,64.849998,66.400002,64.080002,65.809998,926400,65.809998
2014-08-12,65.099998,65.099998,64.110001,64.410004,597300,64.410004
2014-08-11,64.309998,65.339996,63.59,64.93,780700,64.93
2014-08-08,64.050003,64.489998,63.349998,63.990002,557500,63.990002
2014-08-07,65.279999,65.900002,63.00,63.66,1181400,63.66
2014-08-06,64.50,65.489998,64.18,65.110001,989900,65.110001
2014-08-05,63.91,65.50,63.740002,64.959999,1251400,64.959999
2014-08-04,61.959999,64.50,61.639999,64.279999,1339900,64.279999
2014-08-01,61.029999,62.93,61.029999,61.950001,1058400,61.950001
2014-07-31,64.800003,65.989998,61.200001,61.82,3994300,61.82
2014-07-30,61.75,62.93,60.759998,61.09,1083200,61.09
2014-07-29,59.66,61.75,59.66,61.029999,639800,61.029999
2014-07-28,60.799999,60.939999,59.099998,60.009998,894100,60.009998
2014-07-25,61.400002,61.59,60.080002,60.599998,955200,60.599998
2014-07-24,62.259998,62.259998,60.689999,61.459999,923900,61.459999
2014-07-23,61.48,63.049999,60.16,62.080002,1376200,62.080002
2014-07-22,60.139999,60.669998,59.459999,60.380001,1271700,60.380001
2014-07-21,58.57,59.43,57.880001,59.360001,850600,59.360001
2014-07-18,56.09,59.240002,55.799999,59.060001,1720800,59.060001
2014-07-17,56.16,57.360001,55.360001,55.779999,1850500,55.779999
2014-07-16,58.84,58.84,56.200001,56.34,1067200,56.34
2014-07-15,59.419998,60.00,57.330002,57.700001,1650000,57.700001
2014-07-14,59.799999,60.00,58.77,59.09,522900,59.09
2014-07-11,59.25,59.709999,58.869999,59.290001,432500,59.290001
2014-07-10,59.259998,59.959999,58.610001,59.060001,826400,59.060001
2014-07-09,59.689999,60.66,58.619999,60.240002,576000,60.240002
2014-07-08,61.490002,61.73,59.619999,59.919998,1184400,59.919998
2014-07-07,64.010002,64.699997,61.560001,61.650002,1187700,61.650002
2014-07-03,64.660004,65.050003,63.830002,64.589996,368500,64.589996
2014-07-02,63.48,65.790001,63.220001,64.279999,974800,64.279999
2014-07-01,62.700001,63.82,62.349998,63.669998,666400,63.669998
2014-06-30,62.669998,63.27,62.060001,62.209999,582700,62.209999
2014-06-27,62.66,62.939999,61.66,62.830002,892500,62.830002
2014-06-26,62.450001,62.939999,61.310001,62.689999,542000,62.689999
2014-06-25,63.48,63.990002,62.389999,62.560001,672200,62.560001
2014-06-24,64.830002,65.00,62.689999,62.790001,899600,62.790001
2014-06-23,65.360001,66.300003,64.040001,64.239998,1068300,64.239998
2014-06-20,62.740002,67.110001,62.610001,66.089996,2941600,66.089996
2014-06-19,62.799999,63.50,62.220001,62.41,980300,62.41
2014-06-18,60.529999,62.810001,60.529999,62.66,1456100,62.66
2014-06-17,60.540001,60.93,59.389999,60.529999,782200,60.529999
2014-06-16,60.799999,61.700001,60.200001,60.50,814900,60.50
2014-06-13,62.00,62.00,60.630001,61.09,560700,61.09
2014-06-12,62.029999,62.549999,61.27,61.779999,929500,61.779999
2014-06-11,61.25,62.43,60.900002,61.560001,1060500,61.560001
2014-06-10,61.650002,62.459999,60.689999,61.599998,950100,61.599998
2014-06-09,63.00,63.099998,61.41,61.509998,1885600,61.509998
2014-06-06,63.330002,64.199997,61.34,61.740002,3671300,61.740002
2014-06-05,63.099998,64.239998,62.529999,63.330002,1744600,63.330002
2014-06-04,61.689999,63.240002,60.93,63.099998,1662700,63.099998
2014-06-03,57.77,62.029999,57.259998,61.580002,2148800,61.580002
2014-06-02,58.119999,58.459999,57.080002,58.00,759000,58.00
2014-05-30,57.32,58.060001,56.720001,57.959999,1010000,57.959999
2014-05-29,57.48,58.380001,57.200001,57.50,1481000,57.50
2014-05-28,57.490002,57.990002,56.91,57.34,1351100,57.34
2014-05-27,57.00,57.400002,56.240002,57.119999,2103800,57.119999
2014-05-23,56.23,56.849998,55.860001,56.48,2098800,56.48
2014-05-22,56.169998,57.310001,56.00,56.200001,3745800,56.200001
2014-05-21,56.959999,57.00,55.68,56.169998,643400,56.169998
2014-05-20,57.799999,57.799999,56.09,56.150002,784500,56.150002
2014-05-19,57.369999,58.48,56.50,57.650002,829500,57.650002
2014-05-16,57.029999,57.84,56.00,57.59,1072400,57.59
2014-05-15,58.68,58.68,56.369999,57.439999,830000,57.439999
2014-05-14,57.299999,59.080002,56.369999,58.439999,1299800,58.439999
2014-05-13,59.189999,59.799999,57.279999,57.439999,1112900,57.439999
2014-05-12,58.50,60.099998,58.380001,59.299999,1042900,59.299999
2014-05-09,57.150002,59.040001,56.169998,58.540001,1362300,58.540001
2014-05-08,58.52,59.139999,56.490002,56.779999,993800,56.779999
2014-05-07,59.400002,59.400002,56.650002,58.490002,930000,58.490002
2014-05-06,59.73,60.369999,58.490002,58.799999,1014200,58.799999
2014-05-05,57.549999,60.23,57.220001,60.130001,1914200,60.130001
2014-05-02,58.00,60.200001,55.50,57.700001,3567800,57.700001
2014-05-01,57.889999,61.049999,57.02,60.310001,2227600,60.310001
2014-04-30,58.299999,58.400002,56.610001,58.23,1357600,58.23
2014-04-29,58.07,58.939999,57.169998,58.419998,1586200,58.419998
2014-04-28,57.610001,58.610001,55.799999,57.490002,1319900,57.490002
2014-04-25,58.57,59.82,56.669998,57.09,1261100,57.09
2014-04-24,60.139999,60.77,57.330002,59.23,1544000,59.23
2014-04-23,62.470001,62.959999,58.919998,59.189999,2023300,59.189999
2014-04-22,62.84,63.419998,61.810001,61.990002,2592300,61.990002
2014-04-21,60.970001,61.41,59.970001,61.34,1284600,61.34
2014-04-17,61.400002,62.610001,60.50,60.889999,1838800,60.889999
2014-04-16,58.740002,61.450001,58.290001,61.369999,2129800,61.369999
2014-04-15,57.439999,58.57,55.040001,58.209999,2091100,58.209999
2014-04-14,58.860001,59.880001,56.450001,57.369999,2113000,57.369999
2014-04-11,60.549999,61.990002,57.029999,57.25,2869300,57.25
2014-04-10,65.699997,65.790001,60.610001,61.290001,1768400,61.290001
2014-04-09,63.169998,66.040001,63.110001,65.800003,1532000,65.800003
2014-04-08,63.00,64.279999,61.740002,63.099998,1636600,63.099998
2014-04-07,63.299999,63.939999,61.759998,63.189999,2653600,63.189999
2014-04-04,66.720001,66.809998,62.349998,63.34,2062900,63.34
2014-04-03,67.860001,68.080002,65.349998,66.029999,1998900,66.029999
2014-04-02,69.239998,69.800003,67.410004,68.190002,927400,68.190002
2014-04-01,68.529999,70.419998,67.639999,68.610001,1190400,68.610001
2014-03-31,66.660004,68.220001,66.080002,68.209999,1615500,68.209999
2014-03-28,69.379997,69.690002,65.489998,66.260002,1901300,66.260002
2014-03-27,69.839996,69.910004,67.620003,68.910004,2466300,68.910004
2014-03-26,72.739998,73.239998,69.830002,69.989998,1536300,69.989998
2014-03-25,73.099998,74.510002,68.910004,72.050003,3210200,72.050003
2014-03-24,74.029999,74.800003,70.830002,73.709999,2240600,73.709999
2014-03-21,78.699997,78.809998,73.190002,73.93,3468500,73.93
2014-03-20,79.160004,79.989998,78.089996,78.57,1187600,78.57
2014-03-19,81.00,81.980003,79.580002,79.699997,1069400,79.699997
2014-03-18,79.07,82.00,78.699997,81.190002,1221700,81.190002
2014-03-17,78.07,79.669998,77.779999,78.699997,998800,78.699997
2014-03-14,77.370003,78.879997,76.870003,77.349998,1001700,77.349998
2014-03-13,78.260002,78.730003,77.190002,77.800003,1189600,77.800003
2014-03-12,77.230003,79.230003,76.860001,78.449997,982000,78.449997
2014-03-11,77.330002,78.330002,76.529999,77.449997,1090700,77.449997
2014-03-10,77.300003,77.43,75.040001,77.199997,852500,77.199997
2014-03-07,77.800003,78.050003,73.349998,77.239998,3003700,77.239998
2014-03-06,79.510002,79.900002,76.889999,77.209999,1854100,77.209999
2014-03-05,79.790001,79.900002,78.580002,79.279999,2512500,79.279999
2014-03-04,80.010002,82.150002,80.010002,80.82,954300,80.82
2014-03-03,80.190002,81.440002,79.169998,79.720001,1164700,79.720001
2014-02-28,83.300003,83.919998,79.699997,81.00,2353800,81.00
2014-02-27,82.309998,84.25,79.860001,83.279999,1668200,83.279999
2014-02-26,81.599998,83.309998,81.529999,82.559998,1032600,82.559998
2014-02-25,81.860001,82.889999,81.010002,82.18,1588600,82.18
2014-02-24,81.639999,82.980003,81.309998,82.07,2658200,82.07
2014-02-21,80.160004,82.089996,79.75,81.519997,2192600,81.519997
2014-02-20,76.639999,80.559998,76.529999,80.129997,4024600,80.129997
2014-02-19,76.50,76.889999,75.339996,76.349998,1269100,76.349998
2014-02-18,77.00,77.00,73.639999,76.389999,1798400,76.389999
2014-02-14,75.959999,77.00,74.110001,75.809998,1936400,75.809998
2014-02-13,72.57,75.980003,72.449997,75.93,1365100,75.93
2014-02-12,71.07,73.800003,70.709999,73.010002,1435200,73.010002
2014-02-11,70.07,71.550003,69.809998,70.830002,1329100,70.830002
2014-02-10,67.610001,70.120003,67.260002,70.07,1097400,70.07
2014-02-07,65.169998,67.559998,65.010002,67.330002,1227300,67.330002
2014-02-06,66.75,66.900002,64.610001,64.989998,1189600,64.989998
2014-02-05,67.940002,67.989998,65.309998,66.339996,1369700,66.339996
2014-02-04,67.400002,68.800003,67.25,68.139999,1016000,68.139999
2014-02-03,68.889999,69.589996,66.82,67.18,1179500,67.18
2014-01-31,68.449997,69.519997,68.230003,68.879997,1005100,68.879997
2014-01-30,68.449997,69.830002,67.949997,69.550003,1212400,69.550003
2014-01-29,67.489998,68.220001,66.720001,67.510002,860800,67.510002
2014-01-28,69.019997,69.589996,66.900002,68.290001,1668000,68.290001
2014-01-27,71.769997,71.769997,67.800003,69.010002,1095500,69.010002
2014-01-24,72.160004,73.139999,70.849998,70.849998,820400,70.849998
2014-01-23,72.860001,73.879997,71.739998,73.75,671400,73.75
2014-01-22,74.00,74.349998,72.610001,73.269997,704700,73.269997
2014-01-21,73.919998,74.00,72.260002,73.980003,691400,73.980003
2014-01-17,72.699997,73.93,72.580002,73.449997,1012000,73.449997
2014-01-16,71.75,72.900002,70.830002,72.660004,859900,72.660004
2014-01-15,71.370003,72.529999,71.120003,71.730003,1402400,71.730003
2014-01-14,69.889999,71.349998,68.510002,71.339996,915800,71.339996
2014-01-13,69.970001,71.889999,68.019997,68.639999,1386700,68.639999
2014-01-10,69.25,70.07,68.309998,69.82,938000,69.82
2014-01-09,69.989998,71.379997,69.269997,70.18,1140400,70.18
2014-01-08,68.75,69.900002,67.519997,69.790001,751300,69.790001
2014-01-07,67.860001,68.970001,67.25,68.540001,629200,68.540001
2014-01-06,69.75,69.75,66.720001,67.099998,1246800,67.099998
2014-01-03,69.589996,70.00,68.75,69.089996,458000,69.089996
2014-01-02,70.110001,70.199997,68.489998,69.269997,671400,69.269997
2013-12-31,69.470001,70.559998,68.870003,70.349998,595200,70.349998
2013-12-30,69.360001,69.610001,68.510002,69.32,393400,69.32
2013-12-27,69.849998,70.00,69.010002,69.25,375200,69.25
2013-12-26,69.32,69.940002,68.68,69.730003,542800,69.730003
2013-12-24,68.949997,69.360001,68.260002,69.199997,332200,69.199997
2013-12-23,69.449997,69.480003,68.57,69.209999,744200,69.209999
2013-12-20,68.25,69.199997,67.839996,68.860001,1456300,68.860001
2013-12-19,68.18,69.300003,67.970001,68.360001,597700,68.360001
2013-12-18,68.480003,69.059998,67.110001,68.760002,1085900,68.760002
2013-12-17,69.400002,69.830002,68.029999,68.089996,883500,68.089996
2013-12-16,69.760002,71.50,68.970001,69.209999,920600,69.209999
2013-12-13,68.610001,69.68,68.029999,69.529999,978900,69.529999
2013-12-12,67.93,68.730003,67.650002,68.220001,850200,68.220001
2013-12-11,69.019997,69.300003,67.639999,67.830002,973500,67.830002
2013-12-10,70.029999,70.230003,68.120003,69.019997,849900,69.019997
2013-12-09,70.00,70.900002,69.459999,70.00,811900,70.00
2013-12-06,70.190002,70.730003,69.099998,70.160004,657600,70.160004
2013-12-05,70.080002,70.160004,69.32,69.620003,991600,69.620003
2013-12-04,69.379997,70.32,69.010002,70.029999,810900,70.029999
2013-12-03,69.830002,70.75,69.25,70.029999,1158000,70.029999
2013-12-02,70.529999,70.75,69.790001,70.169998,1176000,70.169998
2013-11-29,70.839996,70.839996,70.139999,70.43,554400,70.43
2013-11-27,71.00,71.089996,69.050003,70.730003,962900,70.730003
2013-11-26,70.919998,71.129997,70.099998,70.529999,1860400,70.529999
2013-11-25,71.260002,71.870003,70.57,70.610001,1526200,70.610001
2013-11-22,71.029999,72.07,70.730003,71.040001,1706700,71.040001
2013-11-21,69.50,71.00,69.339996,70.82,1494600,70.82
2013-11-20,70.00,71.760002,68.50,69.139999,4402400,69.139999
2013-11-19,66.910004,66.910004,66.910004,66.910004,000,66.910004
2013-11-18,69.349998,70.139999,66.099998,66.910004,2062900,66.910004
2013-11-15,63.990002,70.169998,63.869999,69.290001,4856400,69.290001
2013-11-14,64.68,65.480003,63.880001,64.330002,2004700,64.330002
2013-11-13,61.560001,64.629997,61.060001,64.190002,3077800,64.190002
2013-11-12,61.040001,62.029999,59.560001,61.970001,2837000,61.970001
2013-11-11,61.529999,62.959999,60.959999,62.00,2284600,62.00
2013-11-08,61.00,61.720001,60.040001,61.470001,2349900,61.470001
2013-11-07,60.43,61.099998,58.650002,59.299999,1978100,59.299999
2013-11-06,62.849998,62.950001,59.869999,60.189999,2370300,60.189999
2013-11-05,62.970001,63.00,61.650002,62.209999,1183400,62.209999
2013-11-04,62.220001,63.43,62.029999,62.869999,1380200,62.869999
2013-11-01,63.16,63.299999,61.59,62.279999,1670300,62.279999
2013-10-31,63.709999,63.959999,61.830002,62.880001,2290600,62.880001
2013-10-30,65.629997,65.919998,63.099998,63.50,1846000,63.50
2013-10-29,66.980003,67.059998,65.269997,65.599998,1279200,65.599998
2013-10-28,66.449997,67.00,65.970001,66.949997,1596700,66.949997
2013-10-25,67.580002,68.00,65.599998,66.239998,3105900,66.239998
2013-10-24,67.809998,69.510002,67.809998,68.959999,1816500,68.959999
2013-10-23,66.870003,67.830002,66.849998,67.669998,1790300,67.669998
2013-10-22,67.099998,67.519997,66.400002,67.330002,1637200,67.330002
2013-10-21,66.279999,67.029999,65.690002,66.690002,1314000,66.690002
2013-10-18,68.160004,68.220001,65.089996,66.360001,2042600,66.360001
2013-10-17,68.550003,68.75,67.699997,68.18,1193400,68.18
2013-10-16,66.989998,68.970001,66.889999,68.970001,1879200,68.970001
2013-10-15,68.269997,68.300003,66.339996,66.389999,1318600,66.389999
2013-10-14,66.760002,68.440002,66.349998,68.080002,1099900,68.080002
2013-10-11,68.650002,68.690002,66.800003,67.730003,1562600,67.730003
2013-10-10,66.059998,68.870003,65.669998,68.550003,4681200,68.550003
2013-10-09,68.029999,69.199997,65.00,65.00,3817500,65.00
2013-10-08,71.949997,71.949997,67.25,67.25,3050900,67.25
2013-10-07,73.160004,73.779999,72.239998,72.330002,812000,72.330002
2013-10-04,73.809998,74.790001,73.660004,73.82,665200,73.82
2013-10-03,74.709999,75.080002,72.769997,73.699997,1263200,73.699997
2013-10-02,75.089996,75.540001,74.309998,75.089996,1109300,75.089996
2013-10-01,72.410004,76.019997,72.410004,75.919998,2023300,75.919998
2013-09-30,73.660004,73.889999,72.089996,72.169998,1329300,72.169998
2013-09-27,74.379997,74.599998,73.650002,74.089996,1255100,74.089996
2013-09-26,73.489998,75.220001,73.260002,74.129997,1294900,74.129997
2013-09-25,73.589996,73.809998,72.68,72.720001,966700,72.720001
2013-09-24,73.699997,74.629997,73.269997,73.610001,1192900,73.610001
2013-09-23,76.75,77.190002,73.120003,73.699997,2260300,73.699997
2013-09-20,78.529999,78.900002,76.660004,76.949997,2545200,76.949997
2013-09-19,80.290001,80.669998,78.209999,78.389999,8144100,78.389999
2013-09-18,77.25,78.830002,75.080002,77.489998,3190400,77.489998
2013-09-17,73.599998,76.300003,73.389999,75.959999,2843100,75.959999
2013-09-16,72.540001,73.43,72.230003,73.400002,2136600,73.400002
2013-09-13,71.300003,71.370003,69.730003,70.769997,1731100,70.769997
2013-09-12,71.339996,71.989998,70.970001,71.349998,1504500,71.349998
2013-09-11,74.639999,74.639999,70.169998,71.440002,2359000,71.440002
2013-09-10,76.25,76.339996,72.910004,74.43,3373300,74.43
2013-09-09,72.50,76.160004,72.489998,76.080002,2759600,76.080002
2013-09-06,70.879997,72.940002,70.099998,72.699997,1746900,72.699997
2013-09-05,69.550003,70.849998,69.480003,70.800003,1566000,70.800003
2013-09-04,68.160004,69.559998,68.07,69.459999,2412100,69.459999
2013-09-03,66.50,68.07,66.050003,68.059998,1071300,68.059998
2013-08-30,65.610001,65.849998,65.099998,65.470001,982000,65.470001
2013-08-29,64.720001,66.050003,64.510002,65.849998,493600,65.849998
2013-08-28,64.00,64.93,63.630001,64.720001,548100,64.720001
2013-08-27,64.889999,65.330002,63.790001,64.18,634300,64.18
2013-08-26,65.18,66.669998,64.860001,65.629997,789600,65.629997
2013-08-23,65.470001,65.489998,64.139999,64.739998,352500,64.739998
2013-08-22,64.699997,65.650002,64.010002,65.25,452300,65.25
2013-08-21,63.740002,65.139999,63.619999,64.510002,447600,64.510002
2013-08-20,62.84,63.990002,62.459999,63.849998,912100,63.849998
2013-08-19,63.099998,64.050003,62.419998,62.779999,466500,62.779999
2013-08-16,63.790001,64.18,63.049999,63.330002,501300,63.330002
2013-08-15,65.410004,65.889999,63.509998,63.830002,742200,63.830002
2013-08-14,64.980003,67.040001,64.779999,65.940002,2189600,65.940002
2013-08-13,64.610001,64.879997,63.84,64.769997,622500,64.769997
2013-08-12,64.25,64.940002,63.830002,64.610001,718500,64.610001
2013-08-09,63.400002,64.980003,63.380001,64.25,816800,64.25
2013-08-08,64.099998,64.290001,62.919998,63.299999,627000,63.299999
2013-08-07,62.330002,64.010002,62.27,63.34,880100,63.34
2013-08-06,64.400002,64.43,62.610001,62.619999,743300,62.619999
2013-08-05,64.43,64.699997,64.07,64.43,707800,64.43
2013-08-02,64.639999,64.940002,64.019997,64.459999,581000,64.459999
2013-08-01,64.650002,65.160004,63.959999,64.669998,875600,64.669998
2013-07-31,64.660004,65.029999,63.849998,64.650002,1018900,64.650002
2013-07-30,62.950001,65.50,61.709999,64.129997,2036500,64.129997
2013-07-29,63.400002,64.150002,62.32,62.41,794000,62.41
2013-07-26,62.959999,64.779999,62.009998,63.91,843800,63.91
2013-07-25,63.27,64.220001,62.060001,63.82,989800,63.82
2013-07-24,63.400002,64.629997,62.59,63.259998,586600,63.259998
2013-07-23,64.660004,64.989998,63.00,63.169998,769600,63.169998
2013-07-22,64.470001,65.220001,63.860001,64.639999,738200,64.639999
2013-07-19,62.689999,65.059998,62.689999,64.730003,1068200,64.730003
2013-07-18,63.02,63.52,62.459999,63.119999,709500,63.119999
2013-07-17,62.869999,63.389999,62.419998,62.639999,566500,62.639999
2013-07-16,63.810001,64.089996,62.09,62.830002,1579500,62.830002
2013-07-15,64.970001,64.970001,62.869999,64.019997,1220400,64.019997
2013-07-12,60.290001,65.75,60.240002,64.809998,3210600,64.809998
2013-07-11,61.209999,61.310001,59.59,60.299999,1171400,60.299999
2013-07-10,59.619999,60.650002,59.049999,60.549999,910400,60.549999
2013-07-09,58.91,59.740002,58.360001,59.439999,848000,59.439999
2013-07-08,59.75,60.009998,58.41,58.639999,728000,58.639999
2013-07-05,59.48,59.860001,58.880001,59.630001,790500,59.630001
2013-07-03,59.419998,59.939999,58.27,59.34,822700,59.34
2013-07-02,59.200001,60.209999,58.540001,59.720001,1095500,59.720001
2013-07-01,56.689999,61.209999,56.310001,59.439999,2859600,59.439999
2013-06-28,56.59,56.810001,55.650002,55.740002,2063600,55.740002
2013-06-27,57.43,57.669998,56.240002,56.709999,787400,56.709999
2013-06-26,56.330002,57.34,55.860001,57.09,1458800,57.09
2013-06-25,55.23,55.830002,54.50,55.720001,925100,55.720001
2013-06-24,54.880001,55.400002,53.529999,54.720001,1157800,54.720001
2013-06-21,55.610001,56.439999,55.279999,55.599998,2576500,55.599998
2013-06-20,56.41,56.860001,54.889999,55.169998,1815800,55.169998
2013-06-19,58.299999,58.599998,57.16,57.209999,652700,57.209999
2013-06-18,58.049999,58.779999,57.209999,58.310001,835900,58.310001
2013-06-17,58.75,59.200001,57.889999,58.169998,1000100,58.169998
2013-06-14,58.790001,59.34,58.07,58.139999,1112700,58.139999
2013-06-13,57.259998,59.040001,57.009998,58.970001,846900,58.970001
2013-06-12,59.150002,59.380001,57.439999,57.48,1030400,57.48
2013-06-11,57.880001,58.98,57.060001,58.790001,1222800,58.790001
2013-06-10,59.220001,59.25,57.75,58.040001,972700,58.040001
2013-06-07,59.02,59.880001,58.77,58.93,1106300,58.93
2013-06-06,57.830002,59.00,57.029999,59.00,1901300,59.00
2013-06-05,59.529999,60.16,57.610001,57.669998,1457600,57.669998
2013-06-04,60.43,62.73,59.080002,59.82,3221700,59.82
2013-06-03,62.00,62.02,56.540001,59.779999,4431400,59.779999
2013-05-31,63.669998,63.990002,62.09,62.700001,7295400,62.700001
2013-05-30,63.98,64.309998,63.150002,63.849998,1505100,63.849998
2013-05-29,65.209999,65.720001,63.450001,64.459999,974600,64.459999
2013-05-28,65.139999,65.949997,64.639999,65.610001,1721000,65.610001
2013-05-24,65.709999,65.709999,64.099998,64.389999,954200,64.389999
2013-05-23,64.669998,66.400002,63.099998,65.760002,962200,65.760002
2013-05-22,65.669998,69.790001,64.940002,65.550003,2177900,65.550003
2013-05-21,63.369999,65.110001,62.709999,65.00,1806200,65.00
2013-05-20,63.91,64.470001,62.419998,62.43,1345300,62.43
2013-05-17,64.580002,65.300003,63.299999,64.010002,1459700,64.010002
2013-05-16,67.959999,68.260002,63.349998,64.50,2813300,64.50
2013-05-15,69.989998,70.300003,67.410004,67.809998,1863700,67.809998
2013-05-14,68.760002,71.559998,68.550003,70.300003,1702400,70.300003
2013-05-13,67.849998,69.989998,67.68,68.849998,1354300,68.849998
2013-05-10,66.580002,67.720001,66.190002,67.68,767800,67.68
2013-05-09,65.199997,66.720001,65.07,66.410004,1161900,66.410004
2013-05-08,65.220001,66.160004,64.849998,65.32,875100,65.32
2013-05-07,67.150002,67.169998,65.080002,65.410004,1442400,65.410004
2013-05-06,66.779999,67.150002,66.059998,66.620003,1028600,66.620003
2013-05-03,66.690002,67.959999,66.260002,66.709999,1581900,66.709999
2013-05-02,63.900002,65.790001,63.689999,65.790001,968400,65.790001
2013-05-01,65.00,65.389999,63.639999,63.68,1144700,63.68
2013-04-30,63.290001,65.620003,63.25,65.599998,1108600,65.599998
2013-04-29,63.130001,65.470001,63.130001,64.419998,1139600,64.419998
2013-04-26,62.099998,64.699997,62.099998,63.18,1325200,63.18
2013-04-25,62.939999,64.970001,62.259998,62.869999,1910300,62.869999
2013-04-24,64.389999,64.68,62.259998,62.299999,1466900,62.299999
2013-04-23,65.809998,66.629997,64.57,65.019997,924200,65.019997
2013-04-22,65.209999,66.129997,64.769997,65.529999,932100,65.529999
2013-04-19,63.139999,65.440002,62.779999,65.440002,1311300,65.440002
2013-04-18,64.82,64.82,62.34,62.790001,822100,62.790001
2013-04-17,63.959999,64.209999,63.150002,63.68,888400,63.68
2013-04-16,63.939999,64.839996,63.470001,64.660004,1291700,64.660004
2013-04-15,64.510002,64.980003,63.110001,63.209999,1235200,63.209999
2013-04-12,63.41,64.949997,63.330002,64.709999,896100,64.709999
2013-04-11,63.970001,64.860001,63.50,63.68,1322600,63.68
2013-04-10,62.68,64.269997,62.450001,64.269997,1134700,64.269997
2013-04-09,62.209999,62.880001,61.93,62.50,739600,62.50
2013-04-08,61.599998,62.23,60.84,62.150002,668500,62.150002
2013-04-05,60.110001,62.00,60.00,61.720001,990500,61.720001
2013-04-04,61.830002,61.990002,60.27,60.900002,852200,60.900002
2013-04-03,63.450001,63.470001,60.779999,61.240002,977500,61.240002
2013-04-02,62.040001,63.349998,62.02,62.990002,1303400,62.990002
2013-04-01,62.470001,63.57,61.150002,61.59,1220700,61.59
2013-03-28,60.439999,62.349998,60.43,62.259998,1606300,62.259998
2013-03-27,60.209999,60.619999,59.84,60.360001,977700,60.360001
2013-03-26,60.759998,61.360001,60.369999,60.599998,790700,60.599998
2013-03-25,60.779999,61.099998,59.950001,60.700001,1192800,60.700001
2013-03-22,60.040001,60.720001,59.830002,60.349998,2444700,60.349998
2013-03-21,61.040001,61.189999,59.50,59.849998,1855500,59.849998
2013-03-20,61.439999,61.470001,60.00,61.080002,1558900,61.080002
2013-03-19,61.50,62.279999,60.380001,60.759998,1207900,60.759998
2013-03-18,61.00,62.029999,60.630001,61.48,1073000,61.48
2013-03-15,62.09,62.959999,61.040001,61.25,2093100,61.25
2013-03-14,61.43,62.709999,61.43,62.389999,1081100,62.389999
2013-03-13,62.00,62.00,60.830002,61.470001,1102300,61.470001
2013-03-12,61.400002,62.099998,61.23,62.060001,1502500,62.060001
2013-03-11,61.459999,62.07,60.959999,61.049999,1011700,61.049999
2013-03-08,61.98,62.009998,61.169998,61.459999,1334200,61.459999
2013-03-07,61.549999,62.00,61.119999,61.779999,661100,61.779999
2013-03-06,61.080002,61.639999,60.299999,61.25,1095000,61.25
2013-03-05,60.119999,60.889999,60.09,60.630001,1240300,60.630001
2013-03-04,59.540001,60.59,59.110001,60.369999,1769700,60.369999
2013-03-01,57.900002,59.939999,57.900002,59.610001,1902500,59.610001
2013-02-28,56.549999,58.330002,56.50,57.970001,1289900,57.970001
2013-02-27,55.509998,57.41,55.509998,56.439999,1209800,56.439999
2013-02-26,55.259998,56.139999,54.959999,55.919998,1454100,55.919998
2013-02-25,55.889999,56.490002,55.049999,55.189999,1280300,55.189999
2013-02-22,53.349998,56.209999,53.349998,56.099998,2646800,56.099998
2013-02-21,54.919998,55.34,53.139999,53.27,1795700,53.27
2013-02-20,56.299999,56.610001,55.119999,55.169998,1010000,55.169998
2013-02-19,56.27,57.66,56.130001,56.509998,1355400,56.509998
2013-02-15,54.950001,56.439999,54.700001,56.279999,1428000,56.279999
2013-02-14,54.790001,55.060001,54.200001,54.970001,1153600,54.970001
2013-02-13,54.900002,55.23,54.490002,54.860001,642900,54.860001
2013-02-12,55.119999,55.169998,54.68,54.82,600200,54.82
2013-02-11,55.25,55.959999,54.41,54.84,614400,54.84
2013-02-08,55.009998,55.25,54.650002,55.009998,615200,55.009998
2013-02-07,55.84,55.98,54.200001,54.790001,638100,54.790001
2013-02-06,55.75,56.400002,55.040001,55.68,633300,55.68
2013-02-05,55.439999,56.459999,55.279999,55.990002,472400,55.990002
2013-02-04,55.540001,56.16,55.509998,55.599998,868500,55.599998
2013-02-01,54.889999,56.709999,54.889999,56.00,1658000,56.00
2013-01-31,53.82,55.459999,53.82,54.889999,1197700,54.889999
2013-01-30,54.650002,55.32,53.93,54.16,595900,54.16
2013-01-29,55.060001,55.169998,53.580002,54.799999,2675100,54.799999
2013-01-28,55.369999,55.700001,54.93,55.150002,1250800,55.150002
2013-01-25,54.610001,55.509998,54.610001,55.400002,890500,55.400002
2013-01-24,54.560001,55.080002,53.830002,54.880001,1115000,54.880001
2013-01-23,55.220001,55.490002,54.34,54.580002,1237000,54.580002
2013-01-22,55.00,55.450001,54.200001,55.220001,1406900,55.220001
2013-01-18,53.16,54.09,52.630001,54.080002,1941600,54.080002
2013-01-17,52.599998,53.830002,52.029999,53.560001,1250500,53.560001
2013-01-16,53.529999,53.830002,51.779999,52.32,1500000,52.32
2013-01-15,52.59,53.84,52.259998,53.759998,1062000,53.759998
2013-01-14,51.259998,53.00,51.259998,52.98,1264900,52.98
2013-01-11,51.669998,52.00,51.330002,51.560001,1043400,51.560001
2013-01-10,52.07,52.18,51.419998,51.790001,686800,51.790001
2013-01-09,52.07,52.290001,51.740002,51.93,726200,51.93
2013-01-08,52.119999,52.200001,51.619999,51.84,1096400,51.84
2013-01-07,52.029999,52.41,51.259998,52.139999,1551500,52.139999
2013-01-04,51.93,52.66,51.73,52.540001,1081700,52.540001
2013-01-03,52.200001,53.450001,51.25,52.169998,1222000,52.169998
2013-01-02,50.00,52.669998,49.709999,51.919998,1654400,51.919998
2012-12-31,47.790001,49.330002,47.720001,49.200001,497400,49.200001
2012-12-28,48.150002,48.849998,47.93,47.939999,676600,47.939999
2012-12-27,47.950001,49.560001,47.950001,48.630001,769800,48.630001
2012-12-26,48.57,48.82,48.040001,48.16,413500,48.16
2012-12-24,48.919998,49.00,48.110001,48.93,216700,48.93
2012-12-21,48.59,49.00,48.259998,48.889999,1134400,48.889999
2012-12-20,48.77,49.040001,48.529999,49.02,794700,49.02
2012-12-19,49.419998,49.43,48.419998,48.700001,858700,48.700001
2012-12-18,49.48,49.91,49.139999,49.27,1097100,49.27
2012-12-17,49.43,49.709999,49.130001,49.700001,767600,49.700001
2012-12-14,49.25,49.91,48.84,49.41,523900,49.41
2012-12-13,49.91,50.040001,49.00,49.369999,720200,49.369999
2012-12-12,49.57,50.48,49.450001,50.169998,1304400,50.169998
2012-12-11,48.389999,49.73,48.049999,49.580002,1255000,49.580002
2012-12-10,47.049999,48.369999,47.049999,48.299999,627700,48.299999
2012-12-07,47.939999,48.130001,46.529999,46.959999,1646500,46.959999
2012-12-06,47.810001,48.25,47.349998,47.860001,994400,47.860001
2012-12-05,48.189999,48.419998,47.68,47.889999,641200,47.889999
2012-12-04,48.580002,48.66,47.599998,48.09,819300,48.09
2012-12-03,48.950001,49.189999,48.220001,48.689999,902600,48.689999
2012-11-30,49.00,49.279999,48.34,48.50,805100,48.50
2012-11-29,49.23,49.470001,48.720001,49.049999,1048000,49.049999
2012-11-28,48.16,49.18,47.509998,49.130001,730300,49.130001
2012-11-27,48.77,48.810001,48.119999,48.240002,654200,48.240002
2012-11-26,48.799999,48.990002,48.32,48.59,597800,48.59
2012-11-23,49.169998,49.169998,48.740002,49.080002,272100,49.080002
2012-11-21,49.02,49.509998,48.740002,48.900002,555400,48.900002
2012-11-20,48.25,49.419998,48.25,49.27,1419900,49.27
2012-11-19,48.400002,49.00,47.740002,48.279999,1124700,48.279999
2012-11-16,47.630001,48.48,47.32,47.900002,1863300,47.900002
2012-11-15,47.599998,52.959999,47.02,47.599998,2456000,47.599998
2012-11-14,48.349998,49.189999,47.57,47.84,998500,47.84
2012-11-13,47.939999,48.599998,47.57,48.439999,1515900,48.439999
2012-11-12,48.169998,48.799999,47.93,48.130001,984400,48.130001
2012-11-09,47.580002,48.700001,47.450001,48.09,1618600,48.09
2012-11-08,46.25,47.98,46.25,47.759998,2382400,47.759998
2012-11-07,47.82,48.00,46.25,46.50,3573500,46.50
2012-11-06,48.52,49.18,48.209999,48.639999,3887800,48.639999
2012-11-05,46.00,49.52,45.990002,49.07,13121300,49.07
2012-11-02,36.810001,37.599998,36.279999,37.41,2267800,37.41
2012-11-01,37.290001,37.650002,36.599998,36.779999,2068800,36.779999
2012-10-31,38.810001,38.91,36.799999,37.009998,1623700,37.009998
2012-10-26,39.84,40.00,38.400002,38.849998,3215500,38.849998
2012-10-25,38.43,38.900002,37.779999,38.150002,2133300,38.150002
2012-10-24,38.709999,39.130001,38.060001,38.32,2021800,38.32
2012-10-23,40.689999,40.849998,38.34,38.540001,4274400,38.540001
2012-10-22,42.25,42.75,41.150002,41.209999,3711300,41.209999
2012-10-19,42.720001,42.889999,42.07,42.290001,2509300,42.290001
2012-10-18,43.07,43.529999,42.720001,42.82,1419900,42.82
2012-10-17,42.279999,43.209999,42.18,43.080002,1334300,43.080002
2012-10-16,42.330002,43.459999,42.110001,42.220001,2441100,42.220001
2012-10-15,41.73,42.84,41.639999,42.380001,1618800,42.380001
2012-10-12,41.240002,41.66,41.139999,41.57,664400,41.57
2012-10-11,41.560001,41.849998,41.049999,41.299999,993100,41.299999
2012-10-10,41.389999,41.560001,41.00,41.400002,932500,41.400002
2012-10-09,41.490002,41.720001,41.099998,41.50,1205300,41.50
2012-10-08,41.700001,42.07,41.029999,41.73,1340800,41.73
2012-10-05,40.900002,41.720001,40.619999,41.68,1397500,41.68
2012-10-04,40.669998,41.119999,40.59,40.869999,588800,40.869999
2012-10-03,41.00,41.099998,40.450001,40.75,860300,40.75
2012-10-02,40.16,41.18,39.889999,40.970001,1365900,40.970001
2012-10-01,40.34,40.34,39.450001,39.869999,948700,39.869999
2012-09-28,40.00,40.360001,39.830002,40.259998,653700,40.259998
2012-09-27,40.200001,40.23,39.740002,40.200001,1243700,40.200001
2012-09-26,40.110001,40.490002,39.650002,39.799999,675700,39.799999
2012-09-25,40.669998,40.959999,40.23,40.25,923700,40.25
2012-09-24,41.049999,41.23,40.25,40.369999,622000,40.369999
2012-09-21,40.419998,41.220001,40.240002,41.16,1714400,41.16
2012-09-20,39.490002,40.509998,39.490002,40.130001,1050300,40.130001
2012-09-19,38.990002,39.799999,38.84,39.630001,807900,39.630001
2012-09-18,38.380001,39.029999,38.279999,39.009998,1260500,39.009998
2012-09-17,37.990002,38.580002,37.990002,38.41,1231700,38.41
2012-09-14,38.349998,38.380001,37.650002,38.07,1379700,38.07
2012-09-13,38.630001,38.830002,38.00,38.27,784700,38.27
2012-09-12,38.919998,39.25,38.400002,38.66,954200,38.66
2012-09-11,38.66,38.889999,38.360001,38.580002,703700,38.580002
2012-09-10,38.619999,39.360001,38.389999,38.610001,1387400,38.610001
2012-09-07,38.959999,39.029999,38.18,38.360001,1199300,38.360001
2012-09-06,37.77,39.02,37.259998,38.889999,1397700,38.889999
2012-09-05,37.50,37.73,37.150002,37.450001,1638200,37.450001
2012-09-04,37.450001,38.099998,37.299999,37.93,1130800,37.93
2012-08-31,37.799999,37.900002,36.849998,37.34,4719800,37.34
2012-08-30,37.59,38.16,37.580002,37.619999,703700,37.619999
2012-08-29,38.32,38.490002,37.619999,37.700001,535300,37.700001
2012-08-28,37.849998,38.57,37.689999,38.349998,1602400,38.349998
2012-08-27,37.84,38.459999,37.18,37.900002,1183800,37.900002
2012-08-24,38.080002,39.130001,38.02,38.700001,1213000,38.700001
2012-08-23,37.810001,38.16,37.75,37.939999,697700,37.939999
2012-08-22,37.50,38.110001,37.200001,37.860001,1006000,37.860001
2012-08-21,37.049999,37.82,36.970001,37.48,1412800,37.48
2012-08-20,37.919998,37.919998,36.50,37.02,1614300,37.02
2012-08-17,38.23,38.560001,37.880001,37.950001,999000,37.950001
2012-08-16,38.490002,38.689999,37.950001,38.16,881100,38.16
2012-08-15,38.509998,39.00,38.43,38.66,943800,38.66
2012-08-14,38.509998,38.959999,38.439999,38.630001,712300,38.630001
2012-08-13,37.330002,38.619999,37.110001,38.540001,1380800,38.540001
2012-08-10,37.799999,37.919998,37.290001,37.610001,651000,37.610001
2012-08-09,38.279999,38.380001,37.84,38.009998,821400,38.009998
2012-08-08,38.139999,38.700001,37.599998,38.220001,1852700,38.220001
2012-08-07,38.009998,38.580002,37.650002,38.360001,1222300,38.360001
2012-08-06,37.740002,38.029999,37.18,37.470001,909000,37.470001
2012-08-03,37.639999,38.369999,37.57,38.110001,1230500,38.110001
2012-08-02,38.439999,39.189999,36.91,37.240002,1677900,37.240002
2012-08-01,39.490002,39.75,37.869999,38.02,1256000,38.02
2012-07-31,39.990002,40.009998,39.25,39.290001,1302700,39.290001
2012-07-30,39.549999,39.939999,39.43,39.560001,558100,39.560001
2012-07-27,39.75,40.169998,39.360001,39.529999,1682500,39.529999
2012-07-26,39.860001,40.439999,39.240002,39.360001,1368300,39.360001
2012-07-25,38.98,39.57,38.720001,39.540001,1209800,39.540001
2012-07-24,39.50,39.709999,38.549999,38.869999,1365500,38.869999
2012-07-23,39.880001,40.02,38.990002,39.389999,1553000,39.389999
2012-07-20,40.689999,40.790001,39.880001,40.25,873500,40.25
2012-07-19,41.18,41.27,40.330002,40.720001,1010900,40.720001
2012-07-18,41.52,42.360001,40.889999,40.98,2136700,40.98
2012-07-17,42.669998,42.68,40.75,41.529999,2736200,41.529999
2012-07-16,43.18,43.709999,42.310001,42.400002,2336900,42.400002
2012-07-13,43.330002,43.560001,42.52,43.299999,1743200,43.299999
2012-07-12,41.720001,44.18,41.139999,42.389999,2926100,42.389999
2012-07-11,41.950001,42.130001,40.790001,41.459999,1775300,41.459999
2012-07-10,42.48,42.970001,41.950001,41.959999,2212900,41.959999
2012-07-09,40.759998,42.50,40.52,42.32,2836900,42.32
2012-07-06,41.080002,41.310001,40.490002,40.77,1069900,40.77
2012-07-05,41.830002,41.830002,40.880001,41.299999,1468400,41.299999
2012-07-03,41.549999,42.369999,41.18,41.639999,937900,41.639999
2012-07-02,39.889999,41.700001,39.599998,41.689999,2699200,41.689999
2012-06-29,38.389999,39.639999,37.98,39.580002,1840800,39.580002
2012-06-28,37.68,39.09,37.060001,37.66,2125200,37.66
2012-06-27,37.200001,38.00,36.93,37.889999,910100,37.889999
2012-06-26,36.98,37.59,36.790001,37.189999,737900,37.189999
2012-06-25,36.849998,37.209999,35.990002,37.040001,722700,37.040001
2012-06-22,36.889999,37.34,36.459999,37.310001,1638000,37.310001
2012-06-21,37.689999,37.689999,36.490002,36.650002,1029000,36.650002
2012-06-20,37.470001,38.189999,37.110001,37.669998,1364900,37.669998
2012-06-19,36.990002,37.880001,36.810001,37.200001,1723000,37.200001
2012-06-18,37.07,37.73,36.509998,36.889999,1297700,36.889999
2012-06-15,36.75,37.169998,36.439999,37.040001,2058000,37.040001
2012-06-14,36.27,37.580002,35.970001,36.77,1793500,36.77
2012-06-13,36.549999,36.619999,35.939999,36.049999,2130700,36.049999
2012-06-12,36.34,37.009998,35.57,36.27,3721600,36.27
2012-06-11,36.77,36.889999,35.57,35.650002,1665000,35.650002
2012-06-08,36.369999,36.779999,35.869999,36.34,1445500,36.34
2012-06-07,38.110001,39.009998,36.299999,36.349998,3927400,36.349998
2012-06-06,36.880001,38.080002,36.650002,37.990002,2165300,37.990002
2012-06-05,35.98,36.849998,35.75,36.619999,1533800,36.619999
2012-06-04,36.099998,37.07,35.360001,36.00,2568000,36.00
2012-06-01,35.259998,35.75,34.299999,35.529999,3402500,35.529999
2012-05-31,36.049999,36.50,35.119999,35.639999,5687000,35.639999
2012-05-30,38.759998,38.779999,38.110001,38.290001,905000,38.290001
2012-05-29,38.77,39.290001,38.389999,39.060001,1035900,39.060001
2012-05-25,38.610001,38.799999,38.16,38.639999,792300,38.639999
2012-05-24,38.189999,38.560001,37.84,38.509998,1372100,38.509998
2012-05-23,37.900002,38.150002,37.209999,38.040001,1061100,38.040001
2012-05-22,37.700001,38.41,37.48,37.98,1246800,37.98
2012-05-21,36.860001,37.790001,36.110001,37.700001,1553300,37.700001
2012-05-18,37.540001,37.540001,36.50,36.599998,1148800,36.599998
2012-05-17,38.41,38.619999,37.150002,37.18,1255200,37.18
2012-05-16,39.00,39.200001,38.040001,38.459999,1223900,38.459999
2012-05-15,38.32,38.889999,38.189999,38.779999,1413100,38.779999
2012-05-14,37.91,38.68,37.27,38.509998,1616000,38.509998
2012-05-11,37.07,38.50,37.040001,38.00,1476300,38.00
2012-05-10,36.68,37.740002,36.630001,37.490002,1200000,37.490002
2012-05-09,37.299999,37.549999,36.48,36.50,1523200,36.50
2012-05-08,36.50,37.52,36.220001,37.459999,1602500,37.459999
2012-05-07,35.75,36.779999,35.50,36.650002,888000,36.650002
2012-05-04,36.650002,36.650002,35.619999,35.790001,989300,35.790001
2012-05-03,36.009998,37.099998,36.009998,36.740002,2107200,36.740002
2012-05-02,34.880001,36.41,34.650002,36.130001,1292100,36.130001
2012-05-01,34.740002,35.349998,34.450001,34.939999,576000,34.939999
2012-04-30,35.110001,35.119999,34.650002,34.700001,455900,34.700001
2012-04-27,34.66,35.360001,33.75,35.060001,943600,35.060001
2012-04-26,35.400002,35.450001,35.00,35.299999,667700,35.299999
2012-04-25,35.049999,35.549999,34.75,35.48,636300,35.48
2012-04-24,34.919998,35.060001,34.580002,34.639999,485200,34.639999
2012-04-23,34.540001,34.93,34.25,34.900002,982500,34.900002
2012-04-20,34.23,35.110001,34.220001,34.939999,1144800,34.939999
2012-04-19,32.950001,34.52,32.950001,34.209999,1643800,34.209999
2012-04-18,33.139999,33.540001,32.959999,33.049999,849000,33.049999
2012-04-17,32.990002,33.68,32.759998,33.43,1238500,33.43
2012-04-16,32.849998,33.18,32.200001,32.73,816400,32.73
2012-04-13,33.02,33.040001,32.529999,32.740002,1071800,32.740002
2012-04-12,32.869999,33.27,32.549999,33.00,956500,33.00
