Date,Open,High,Low,Close,Volume,Adj Close
2016-11-25,8.83,8.93,8.69,8.75,352900,8.75
2016-11-23,8.67,8.81,8.62,8.73,400700,8.73
2016-11-22,8.70,8.80,8.63,8.67,298000,8.67
2016-11-21,8.74,8.81,8.63,8.68,395100,8.68
2016-11-18,8.69,8.69,8.55,8.62,192300,8.62
2016-11-17,8.68,8.77,8.59,8.65,202400,8.65
2016-11-16,8.63,8.77,8.54,8.60,315700,8.60
2016-11-15,8.71,8.82,8.64,8.80,312800,8.60
2016-11-14,8.61,8.66,8.46,8.63,299000,8.433864
2016-11-11,8.67,8.67,8.48,8.62,136000,8.424091
2016-11-10,8.56,8.78,8.56,8.70,217200,8.502273
2016-11-09,8.27,8.61,8.26,8.55,265300,8.355682
2016-11-08,8.16,8.29,8.13,8.20,219500,8.013636
2016-11-07,8.18,8.22,8.11,8.20,135100,8.013636
2016-11-04,8.17,8.18,8.06,8.06,153700,7.876819
2016-11-03,8.29,8.33,8.19,8.19,129800,8.003863
2016-11-02,8.39,8.39,8.19,8.27,256000,8.082046
2016-11-01,8.50,8.56,8.45,8.46,209100,8.267727
2016-10-31,8.68,8.68,8.48,8.50,162900,8.306818
2016-10-28,8.79,8.82,8.68,8.73,148800,8.531591
2016-10-27,8.95,8.97,8.73,8.80,189300,8.60
2016-10-26,8.87,8.89,8.79,8.87,153000,8.668409
2016-10-25,8.96,8.97,8.88,8.91,156300,8.7075
2016-10-24,8.93,8.98,8.88,8.95,178200,8.746591
2016-10-21,8.93,8.95,8.87,8.92,123200,8.717273
2016-10-20,8.90,8.93,8.83,8.91,100100,8.7075
2016-10-19,8.90,8.95,8.86,8.92,150200,8.717273
2016-10-18,8.82,8.83,8.71,8.82,177300,8.619545
2016-10-17,8.82,8.82,8.68,8.72,132200,8.521819
2016-10-14,8.86,8.88,8.74,8.83,173800,8.629318
2016-10-13,8.82,8.88,8.72,8.85,159200,8.648864
2016-10-12,8.87,8.92,8.80,8.90,126600,8.697727
2016-10-11,9.04,9.04,8.83,8.94,199300,8.736818
2016-10-10,9.00,9.06,8.93,9.04,179600,8.834546
2016-10-07,8.90,8.91,8.84,8.90,153700,8.697727
2016-10-06,8.98,8.98,8.81,8.88,199300,8.678182
2016-10-05,8.91,8.94,8.87,8.94,134800,8.736818
2016-10-04,8.96,8.96,8.75,8.84,111100,8.639091
2016-10-03,8.99,9.03,8.90,8.97,164700,8.766137
2016-09-30,8.92,8.99,8.81,8.96,166000,8.756364
2016-09-29,8.98,9.00,8.80,8.86,208900,8.658636
2016-09-28,8.77,8.94,8.64,8.90,192100,8.697727
2016-09-27,8.70,8.70,8.57,8.67,143300,8.472955
2016-09-26,8.91,8.91,8.72,8.72,259700,8.521819
2016-09-23,8.87,8.91,8.83,8.86,208800,8.658636
2016-09-22,8.86,8.90,8.81,8.85,136100,8.648864
2016-09-21,8.60,8.72,8.53,8.72,174900,8.521819
2016-09-20,8.54,8.59,8.48,8.50,80000,8.306818
2016-09-19,8.55,8.63,8.51,8.54,121500,8.345909
2016-09-16,8.29,8.46,8.19,8.44,211000,8.248182
2016-09-15,8.48,8.48,8.30,8.30,268500,8.111364
2016-09-14,8.39,8.60,8.34,8.43,240000,8.23841
2016-09-13,8.62,8.62,8.37,8.44,192000,8.248182
2016-09-12,8.79,8.79,8.66,8.74,167400,8.541364
2016-09-09,8.90,8.92,8.75,8.79,332600,8.590227
2016-09-08,8.94,9.05,8.94,8.95,195800,8.746591
2016-09-07,8.80,8.91,8.80,8.88,180100,8.678182
2016-09-06,8.69,8.83,8.69,8.77,161500,8.570682
2016-09-02,8.60,8.72,8.60,8.70,59400,8.502273
2016-09-01,8.59,8.66,8.48,8.53,126900,8.336136
2016-08-31,8.72,8.72,8.50,8.60,157000,8.404546
2016-08-30,8.82,8.84,8.63,8.68,174800,8.482728
2016-08-29,8.82,8.85,8.72,8.76,163600,8.56091
2016-08-26,8.77,8.87,8.74,8.84,367000,8.639091
2016-08-25,8.70,8.81,8.64,8.71,113500,8.512046
2016-08-24,8.94,8.94,8.67,8.73,169000,8.531591
2016-08-23,8.93,8.99,8.84,8.96,243300,8.756364
2016-08-22,8.89,8.89,8.80,8.87,116000,8.668409
2016-08-19,9.11,9.11,8.91,8.94,111900,8.736818
2016-08-18,9.07,9.11,9.00,9.08,206700,8.873636
2016-08-17,9.03,9.05,8.88,8.97,186100,8.766137
2016-08-16,9.08,9.18,9.02,9.17,221900,8.766137
2016-08-15,8.97,9.08,8.94,9.05,214400,8.651422
2016-08-12,8.84,9.00,8.83,8.88,284100,8.488909
2016-08-11,8.73,8.82,8.70,8.74,106000,8.355074
2016-08-10,8.80,8.80,8.62,8.66,192500,8.278598
2016-08-09,8.81,8.85,8.67,8.73,139500,8.345515
2016-08-08,8.71,8.86,8.69,8.73,175900,8.345515
2016-08-05,8.62,8.75,8.62,8.67,70900,8.288158
2016-08-04,8.56,8.71,8.49,8.65,145200,8.269038
2016-08-03,8.39,8.53,8.39,8.53,135300,8.154323
2016-08-02,8.42,8.47,8.21,8.36,148700,7.99181
2016-08-01,8.63,8.63,8.33,8.37,109800,8.00137
2016-07-29,8.50,8.66,8.50,8.65,54300,8.269038
2016-07-28,8.55,8.64,8.53,8.54,88900,8.163883
2016-07-27,8.60,8.73,8.60,8.62,138900,8.240359
2016-07-26,8.69,8.76,8.57,8.61,133700,8.2308
2016-07-25,8.89,8.91,8.71,8.73,102700,8.345515
2016-07-22,8.92,8.98,8.85,8.93,95000,8.536707
2016-07-21,8.89,9.02,8.82,8.87,233400,8.479349
2016-07-20,8.76,8.90,8.70,8.90,144600,8.508028
2016-07-19,8.80,8.80,8.69,8.75,152900,8.364634
2016-07-18,8.70,8.78,8.64,8.76,119000,8.374194
2016-07-15,8.82,8.83,8.68,8.71,204200,8.326396
2016-07-14,8.84,8.86,8.78,8.79,208900,8.402872
2016-07-13,8.86,8.92,8.68,8.77,290600,8.383754
2016-07-12,8.70,8.90,8.70,8.83,221400,8.441111
2016-07-11,8.70,8.72,8.59,8.60,170100,8.221241
2016-07-08,8.64,8.65,8.47,8.62,144800,8.240359
2016-07-07,8.59,8.74,8.47,8.52,95200,8.144764
2016-07-06,8.41,8.52,8.35,8.49,108700,8.116085
2016-07-05,8.54,8.57,8.37,8.52,146900,8.144764
2016-07-01,8.65,8.72,8.61,8.61,154100,8.2308
2016-06-30,8.60,8.70,8.50,8.65,169100,8.269038
2016-06-29,8.44,8.66,8.44,8.59,119300,8.211681
2016-06-28,8.32,8.53,8.25,8.38,224700,8.01093
2016-06-27,8.35,8.35,8.00,8.11,214300,7.752821
2016-06-24,8.50,8.79,8.32,8.43,168200,8.058728
2016-06-23,8.78,8.89,8.66,8.85,134400,8.46023
2016-06-22,8.68,8.72,8.53,8.61,144700,8.2308
2016-06-21,8.48,8.65,8.38,8.61,152300,8.2308
2016-06-20,8.52,8.57,8.44,8.48,161800,8.106525
2016-06-17,8.45,8.49,8.29,8.37,136800,8.00137
2016-06-16,8.28,8.41,8.17,8.39,134600,8.02049
2016-06-15,8.24,8.47,8.19,8.37,161200,8.00137
2016-06-14,8.37,8.45,8.18,8.36,125300,7.99181
2016-06-13,8.53,8.64,8.41,8.46,122800,8.087406
2016-06-10,8.91,8.91,8.60,8.63,109500,8.249919
2016-06-09,9.03,9.03,8.92,8.97,186200,8.574945
2016-06-08,9.11,9.20,9.02,9.07,313300,8.67054
2016-06-07,8.92,9.05,8.89,9.01,216400,8.613183
2016-06-06,8.75,8.92,8.73,8.91,240900,8.517587
2016-06-03,8.77,8.86,8.63,8.67,208200,8.288158
2016-06-02,8.70,8.80,8.67,8.74,158800,8.355074
2016-06-01,8.38,8.79,8.34,8.79,211800,8.402872
2016-05-31,8.51,8.66,8.37,8.49,244100,8.116085
2016-05-27,8.41,8.50,8.33,8.49,343200,8.116085
2016-05-26,8.59,8.59,8.35,8.40,142200,8.030048
2016-05-25,8.39,8.60,8.39,8.50,199100,8.125645
2016-05-24,8.46,8.47,8.32,8.34,312300,7.972691
2016-05-23,8.25,8.39,8.22,8.38,204000,8.01093
2016-05-20,8.18,8.32,8.05,8.29,131800,7.924893
2016-05-19,7.92,8.12,7.83,8.08,243500,7.724142
2016-05-18,8.21,8.22,7.96,7.98,179900,7.628546
2016-05-17,8.25,8.43,8.16,8.36,183400,7.800618
2016-05-16,8.08,8.25,8.08,8.19,175300,7.641993
2016-05-13,8.01,8.13,7.90,7.94,136400,7.408722
2016-05-12,7.98,8.13,7.94,8.03,234200,7.492699
2016-05-11,7.79,7.99,7.61,7.91,141600,7.380729
2016-05-10,7.74,7.89,7.70,7.73,182900,7.212773
2016-05-09,7.80,7.83,7.46,7.65,178000,7.138126
2016-05-06,7.71,7.90,7.71,7.82,96900,7.296751
2016-05-05,7.90,8.00,7.78,7.83,102800,7.306082
2016-05-04,7.72,7.82,7.48,7.67,170200,7.156788
2016-05-03,7.79,7.82,7.53,7.61,190500,7.100803
2016-05-02,8.09,8.09,7.80,7.94,136200,7.408722
2016-04-29,7.99,8.08,7.91,8.06,139800,7.520693
2016-04-28,7.99,8.14,7.86,7.89,266500,7.362067
2016-04-27,7.80,8.10,7.80,8.03,326800,7.492699
2016-04-26,7.76,7.76,7.63,7.76,149800,7.240766
2016-04-25,7.87,7.87,7.60,7.67,207300,7.156788
2016-04-22,7.82,7.88,7.73,7.84,253300,7.315413
2016-04-21,7.77,7.90,7.69,7.72,265400,7.203442
2016-04-20,7.40,7.85,7.40,7.70,307200,7.18478
2016-04-19,7.19,7.53,7.19,7.50,252500,6.998163
2016-04-18,6.68,7.16,6.59,7.13,120900,6.65292
2016-04-15,7.03,7.07,6.88,6.89,114500,6.428979
2016-04-14,7.19,7.19,7.02,7.08,121400,6.606266
2016-04-13,7.08,7.15,6.97,7.11,174000,6.634258
2016-04-12,6.79,7.05,6.77,7.00,339100,6.531619
2016-04-11,6.78,6.95,6.71,6.74,157800,6.289015
2016-04-08,6.78,6.88,6.67,6.71,186100,6.261023
2016-04-07,6.54,6.63,6.44,6.53,161400,6.093067
2016-04-06,6.54,6.62,6.48,6.57,306000,6.130391
2016-04-05,6.55,6.57,6.42,6.42,97600,5.990427
2016-04-04,6.81,6.81,6.56,6.60,101400,6.158383
2016-04-01,6.77,6.85,6.72,6.78,166200,6.326339
2016-03-31,6.87,7.03,6.84,6.99,118200,6.522287
2016-03-30,6.72,6.89,6.69,6.87,248700,6.410317
2016-03-29,6.37,6.61,6.37,6.56,152600,6.12106
2016-03-28,6.68,6.68,6.51,6.55,123100,6.111729
2016-03-24,6.70,6.81,6.58,6.65,123600,6.205038
2016-03-23,6.99,7.04,6.79,6.84,210800,6.382325
2016-03-22,6.90,7.09,6.86,7.06,126000,6.587604
2016-03-21,7.07,7.07,6.91,6.96,128200,6.494295
2016-03-18,7.24,7.28,7.04,7.10,257500,6.624927
2016-03-17,7.04,7.25,6.93,7.16,160500,6.680913
2016-03-16,6.57,6.91,6.57,6.88,140700,6.419648
2016-03-15,6.48,6.53,6.39,6.50,130500,6.065074
2016-03-14,6.45,6.64,6.45,6.63,119800,6.186376
2016-03-11,6.64,6.77,6.56,6.56,288600,6.12106
2016-03-10,6.55,6.58,6.42,6.45,120300,6.01842
2016-03-09,6.67,6.72,6.55,6.55,143600,6.111729
2016-03-08,6.95,6.99,6.52,6.58,221800,6.139721
2016-03-07,6.72,7.00,6.71,6.99,148600,6.522287
2016-03-04,6.75,7.02,6.67,6.77,194800,6.317008
2016-03-03,6.56,6.82,6.46,6.69,232400,6.242361
2016-03-02,6.15,6.58,6.15,6.58,205500,6.139721
2016-03-01,6.31,6.34,6.18,6.26,173000,5.841133
2016-02-29,6.10,6.32,6.03,6.21,291700,5.794479
2016-02-26,6.28,6.31,5.96,6.03,288900,5.626523
2016-02-25,5.84,5.91,5.68,5.90,160400,5.505221
2016-02-24,5.57,5.95,5.49,5.91,150400,5.514552
2016-02-23,6.18,6.18,5.81,5.81,263700,5.421243
2016-02-22,5.84,6.22,5.84,6.15,296600,5.738494
2016-02-19,5.68,5.74,5.56,5.66,148700,5.28128
2016-02-18,5.94,5.97,5.71,5.75,217100,5.365258
2016-02-17,5.50,5.90,5.50,5.81,217200,5.421243
2016-02-16,5.26,5.64,5.26,5.62,170500,5.057339
2016-02-12,4.89,5.22,4.76,5.14,235300,4.625395
2016-02-11,4.98,5.06,4.63,4.77,339900,4.292439
2016-02-10,5.16,5.31,5.00,5.01,159600,4.508411
2016-02-09,5.43,5.58,5.06,5.10,301900,4.5894
2016-02-08,6.21,6.26,5.66,5.75,245600,5.174324
2016-02-05,6.56,6.57,6.30,6.39,295500,5.750248
2016-02-04,6.43,6.72,6.25,6.60,190600,5.939224
2016-02-03,6.28,6.40,6.03,6.33,225900,5.696255
2016-02-02,6.20,6.25,6.00,6.20,232600,5.579271
2016-02-01,6.64,6.64,6.35,6.42,238200,5.777245
2016-01-29,6.63,6.93,6.57,6.76,463600,6.083205
2016-01-28,6.23,6.59,6.23,6.55,539000,5.89423
2016-01-27,6.03,6.21,5.79,5.97,436700,5.372298
2016-01-26,5.80,6.22,5.79,6.11,627300,5.498281
2016-01-25,5.80,6.16,5.67,5.74,250500,5.165325
2016-01-22,5.29,5.99,5.29,5.87,771000,5.282309
2016-01-21,4.98,5.17,4.80,4.95,860400,4.454418
2016-01-20,5.26,5.39,4.58,4.83,618200,4.346432
2016-01-19,6.05,6.05,5.40,5.50,516600,4.949353
2016-01-15,5.95,6.09,5.78,5.92,344200,5.327304
2016-01-14,6.00,6.32,5.82,6.29,442700,5.66026
2016-01-13,6.55,6.69,5.88,5.94,323600,5.345301
2016-01-12,6.79,6.97,6.19,6.45,322700,5.804241
2016-01-11,7.31,7.31,6.64,6.71,372800,6.038211
2016-01-08,7.40,7.43,7.21,7.26,289400,6.533146
2016-01-07,7.59,7.70,7.26,7.36,194700,6.623134
2016-01-06,8.25,8.29,7.63,7.78,700500,7.001085
2016-01-05,8.42,8.58,8.28,8.48,426500,7.631002
2016-01-04,8.04,8.48,8.04,8.43,401100,7.586009
2015-12-31,7.57,8.31,7.55,8.19,770400,7.370036
2015-12-30,7.63,7.80,7.56,7.65,801900,6.8841
2015-12-29,7.94,8.10,7.75,7.79,1220800,7.010084
2015-12-28,8.44,8.44,7.69,7.79,992100,7.010084
2015-12-24,8.40,8.60,8.35,8.53,183300,7.675996
2015-12-23,7.55,8.46,7.55,8.36,859100,7.523016
2015-12-22,6.87,7.63,6.85,7.37,776500,6.632133
2015-12-21,6.64,6.86,6.57,6.82,635000,6.137198
2015-12-18,6.69,6.79,6.51,6.64,664900,5.975219
2015-12-17,6.96,6.98,6.72,6.74,523200,6.065207
2015-12-16,6.80,7.05,6.74,6.90,592500,6.209188
2015-12-15,6.79,6.98,6.70,6.87,569100,6.182192
2015-12-14,6.91,7.06,6.65,6.70,626900,6.029212
2015-12-11,7.55,7.60,7.08,7.11,544600,6.398164
2015-12-10,7.81,8.19,7.60,7.76,515400,6.983087
2015-12-09,7.77,8.30,7.69,7.84,784100,7.055078
2015-12-08,7.54,8.17,7.41,7.66,623100,6.893099
2015-12-07,8.48,8.48,7.61,7.97,1064600,7.172062
2015-12-04,8.98,9.02,8.53,8.63,630700,7.765985
2015-12-03,9.25,9.32,9.02,9.03,322300,8.125938
2015-12-02,9.64,9.64,9.26,9.26,315000,8.332911
2015-12-01,9.93,9.99,9.75,9.75,577200,8.773853
2015-11-30,10.34,10.40,9.87,9.93,317800,8.935832
2015-11-27,10.18,10.41,10.17,10.33,196700,9.295785
2015-11-25,9.94,10.22,9.88,10.18,332700,9.160803
2015-11-24,9.82,10.16,9.81,10.04,645100,9.034819
2015-11-23,10.01,10.20,9.70,9.77,426200,8.791851
2015-11-20,10.29,10.38,9.95,10.01,555000,9.007823
2015-11-19,10.23,10.36,10.06,10.29,570700,9.25979
2015-11-18,10.45,10.52,10.13,10.30,325300,9.268789
2015-11-17,10.98,11.01,10.49,10.60,314600,9.264289
2015-11-16,10.65,11.07,10.63,10.98,216900,9.596405
2015-11-13,10.48,10.95,10.28,10.71,342100,9.360428
2015-11-12,10.72,10.80,10.48,10.53,238500,9.203109
2015-11-11,11.12,11.13,10.75,10.88,273900,9.509006
2015-11-10,11.19,11.29,10.81,11.12,294800,9.718763
2015-11-09,11.25,11.44,11.03,11.25,276800,9.832382
2015-11-06,11.45,11.54,11.16,11.33,223700,9.902301
2015-11-05,11.79,11.98,11.47,11.52,269900,10.06836
2015-11-04,12.10,12.19,11.66,11.90,588300,10.400475
2015-11-03,11.76,12.15,11.76,12.06,299700,10.540314
2015-11-02,11.65,11.97,11.61,11.67,265300,10.199458
2015-10-30,11.41,11.76,11.17,11.71,325400,10.234417
2015-10-29,10.97,11.45,10.95,11.32,358100,9.893561
2015-10-28,10.41,11.04,10.38,10.91,418000,9.535226
2015-10-27,10.60,10.60,10.20,10.41,222500,9.098231
2015-10-26,10.98,10.98,10.66,10.71,217400,9.360428
2015-10-23,11.20,11.25,10.84,10.99,332200,9.605145
2015-10-22,11.31,11.58,11.10,11.22,329400,9.806163
2015-10-21,11.55,11.64,11.26,11.28,365200,9.858602
2015-10-20,11.47,11.70,11.42,11.55,231000,10.094579
2015-10-19,11.44,11.62,11.34,11.54,307100,10.085839
2015-10-16,11.50,11.79,11.40,11.53,438900,10.077099
2015-10-15,11.37,11.44,11.12,11.38,319100,9.946001
2015-10-14,11.40,11.60,11.22,11.36,353100,9.928521
2015-10-13,11.60,11.85,11.40,11.42,362000,9.98096
2015-10-12,12.21,12.22,11.59,11.78,472500,10.295596
2015-10-09,11.81,12.30,11.81,12.18,254900,10.645193
2015-10-08,11.56,11.94,11.48,11.77,297200,10.286857
2015-10-07,11.80,11.92,11.38,11.59,395400,10.129539
2015-10-06,10.94,11.68,10.87,11.67,388700,10.199458
2015-10-05,10.75,11.09,10.75,10.83,274100,9.465306
2015-10-02,9.80,10.64,9.74,10.64,330800,9.299249
2015-10-01,9.71,10.12,9.65,9.89,296200,8.643757
2015-09-30,9.60,9.89,9.26,9.59,406100,8.38156
2015-09-29,10.06,10.07,9.50,9.51,418900,8.311641
2015-09-28,10.48,10.48,9.96,10.12,278000,8.844774
2015-09-25,10.57,10.60,10.35,10.55,278800,9.22059
2015-09-24,10.58,10.65,10.12,10.41,486400,9.098231
2015-09-23,11.08,11.24,10.64,10.71,269600,9.360428
2015-09-22,11.18,11.21,11.00,11.00,208000,9.613885
2015-09-21,11.30,11.40,11.25,11.25,189400,9.832382
2015-09-18,11.20,11.36,11.11,11.30,173200,9.876082
2015-09-17,11.22,11.42,11.18,11.35,174100,9.919781
2015-09-16,11.08,11.27,11.08,11.20,325400,9.788682
2015-09-15,10.93,11.11,10.90,11.03,162900,9.640104
2015-09-14,11.17,11.17,10.91,10.99,229100,9.605145
2015-09-11,11.41,11.45,11.23,11.24,222900,9.823642
2015-09-10,11.57,11.72,11.45,11.48,240200,10.033399
2015-09-09,12.12,12.13,11.47,11.48,329800,10.033399
2015-09-08,12.11,12.22,11.98,12.06,133700,10.540314
2015-09-04,11.75,12.07,11.75,12.04,212300,10.522834
2015-09-03,11.87,12.08,11.78,11.85,210900,10.356776
2015-09-02,12.18,12.23,11.75,11.78,365000,10.295596
2015-09-01,11.83,12.07,11.74,12.07,238000,10.549053
2015-08-31,12.08,12.38,11.91,12.01,276100,10.496614
2015-08-28,11.67,12.31,11.60,12.15,232700,10.618972
2015-08-27,11.33,11.92,11.28,11.69,404900,10.216937
2015-08-26,11.20,11.26,10.98,11.22,374900,9.806163
2015-08-25,11.13,11.21,10.51,11.06,630900,9.666324
2015-08-24,10.50,11.31,10.25,10.70,372900,9.351688
2015-08-21,11.60,11.73,11.38,11.50,350200,10.05088
2015-08-20,11.96,12.12,11.70,11.74,284200,10.260637
2015-08-19,12.59,12.64,12.00,12.07,382900,10.549053
2015-08-18,12.68,12.74,12.56,12.74,270300,10.868059
2015-08-17,12.75,12.79,12.50,12.64,278400,10.782753
2015-08-14,12.80,12.94,12.67,12.75,261500,10.87659
2015-08-13,12.88,12.93,12.66,12.79,156100,10.910713
2015-08-12,12.33,12.88,12.24,12.88,297000,10.987489
2015-08-11,12.24,12.35,12.07,12.33,199600,10.518303
2015-08-10,12.32,12.64,12.03,12.35,491900,10.535364
2015-08-07,11.70,12.05,11.64,11.99,323100,10.22826
2015-08-06,11.81,11.98,11.48,11.75,431700,10.023524
2015-08-05,12.60,12.74,11.92,12.01,313600,10.245322
2015-08-04,12.65,12.74,12.40,12.57,188600,10.723038
2015-08-03,13.00,13.00,12.66,12.68,166000,10.816876
2015-07-31,13.03,13.12,12.98,13.04,260400,11.123979
2015-07-30,13.32,13.40,12.99,13.03,349300,11.115449
2015-07-29,12.97,13.47,12.94,13.30,314600,11.345777
2015-07-28,12.55,13.15,12.53,13.03,321100,11.115449
2015-07-27,12.38,12.63,12.32,12.57,244200,10.723038
2015-07-24,12.30,12.51,12.24,12.47,278900,10.637732
2015-07-23,12.40,12.59,12.25,12.28,391100,10.475649
2015-07-22,12.81,12.83,12.41,12.46,362500,10.629201
2015-07-21,13.10,13.18,12.77,12.81,243100,10.927775
2015-07-20,13.40,13.45,13.03,13.07,208200,11.149571
2015-07-17,13.65,13.72,13.38,13.40,183800,11.431083
2015-07-16,13.95,13.99,13.62,13.63,189100,11.627288
2015-07-15,14.10,14.18,13.90,13.92,179000,11.874678
2015-07-14,14.09,14.34,14.07,14.13,139500,12.053821
2015-07-13,14.05,14.19,14.01,14.10,215800,12.02823
2015-07-10,13.97,14.04,13.86,13.99,113500,11.934392
2015-07-09,13.89,13.96,13.72,13.82,222300,11.789371
2015-07-08,13.80,13.90,13.66,13.70,147300,11.687003
2015-07-07,13.61,13.97,13.38,13.92,209100,11.874678
2015-07-06,13.73,13.85,13.64,13.68,184400,11.669942
2015-07-02,13.67,13.94,13.63,13.88,276700,11.840555
2015-07-01,13.86,13.86,13.63,13.70,264300,11.687003
2015-06-30,14.00,14.00,13.63,13.80,253300,11.77231
2015-06-29,14.04,14.05,13.82,13.91,155000,11.866147
2015-06-26,14.43,14.47,14.07,14.13,136800,12.053821
2015-06-25,14.71,14.72,14.43,14.49,209700,12.360925
2015-06-24,14.74,14.77,14.58,14.65,183200,12.497415
2015-06-23,14.85,14.94,14.65,14.69,163000,12.531538
2015-06-22,15.02,15.02,14.82,14.82,157400,12.642436
2015-06-19,14.92,14.94,14.80,14.92,119600,12.727743
2015-06-18,14.97,15.02,14.90,14.93,130800,12.736274
2015-06-17,14.90,14.98,14.79,14.92,132900,12.727743
2015-06-16,14.88,14.92,14.81,14.84,146500,12.659498
2015-06-15,14.86,14.98,14.78,14.88,242000,12.693621
2015-06-12,14.95,14.96,14.79,14.92,88300,12.727743
2015-06-11,15.08,15.08,14.94,14.98,102200,12.778927
2015-06-10,15.07,15.16,15.03,15.08,279700,12.864234
2015-06-09,15.09,15.12,15.00,15.04,78300,12.830111
2015-06-08,15.13,15.13,14.95,15.06,113900,12.847173
2015-06-05,15.10,15.17,15.01,15.07,129600,12.855703
2015-06-04,15.27,15.35,15.10,15.11,129400,12.889826
2015-06-03,15.64,15.64,15.36,15.37,108000,13.111623
2015-06-02,15.61,15.64,15.56,15.61,90400,13.316359
2015-06-01,15.67,15.70,15.56,15.58,83200,13.290767
2015-05-29,16.00,16.00,15.58,15.63,192500,13.33342
2015-05-28,15.85,15.85,15.65,15.76,220700,13.444319
2015-05-27,15.70,15.89,15.57,15.89,197300,13.555218
2015-05-26,15.73,15.74,15.48,15.70,172800,13.393135
2015-05-22,15.74,15.78,15.68,15.76,92600,13.444319
2015-05-21,15.89,15.94,15.72,15.76,155200,13.444319
2015-05-20,15.98,15.98,15.80,15.81,140200,13.486972
2015-05-19,16.219999,16.219999,16.07,16.190001,127200,13.550952
2015-05-18,16.139999,16.299999,16.09,16.23,83600,13.584431
2015-05-15,16.219999,16.26,16.120001,16.209999,139200,13.567691
2015-05-14,16.200001,16.299999,16.120001,16.23,148600,13.584431
2015-05-13,16.10,16.24,16.01,16.17,95900,13.534212
2015-05-12,15.78,15.89,15.70,15.88,119500,13.291484
2015-05-11,15.95,15.97,15.72,15.73,126200,13.165934
2015-05-08,15.95,16.08,15.90,15.92,89400,13.324963
2015-05-07,16.08,16.08,15.85,15.90,91400,13.308223
2015-05-06,16.389999,16.389999,15.93,16.00,196900,13.391923
2015-05-05,16.33,16.43,16.26,16.309999,65400,13.651391
2015-05-04,16.370001,16.379999,16.24,16.280001,126800,13.626282
2015-05-01,16.200001,16.33,16.17,16.299999,101000,13.643021
2015-04-30,16.200001,16.34,16.17,16.200001,96500,13.559323
2015-04-29,16.049999,16.23,16.00,16.209999,91100,13.567691
2015-04-28,16.17,16.190001,16.02,16.049999,107500,13.433772
2015-04-27,16.280001,16.280001,16.059999,16.08,163700,13.458883
2015-04-24,16.26,16.309999,16.10,16.190001,126000,13.550952
2015-04-23,16.120001,16.24,16.120001,16.209999,112400,13.567691
2015-04-22,16.110001,16.139999,16.030001,16.049999,175800,13.433772
2015-04-21,16.040001,16.08,15.97,16.040001,104800,13.425404
2015-04-20,16.059999,16.17,16.00,16.049999,128800,13.433772
2015-04-17,16.059999,16.139999,15.91,15.98,100200,13.375183
2015-04-16,16.139999,16.200001,16.09,16.190001,103500,13.550952
2015-04-15,15.98,16.18,15.94,16.110001,118100,13.483993
2015-04-14,15.70,15.97,15.70,15.89,112800,13.299854
2015-04-13,15.92,15.98,15.64,15.67,141600,13.115715
2015-04-10,15.96,15.99,15.81,15.84,137400,13.258004
2015-04-09,15.88,15.91,15.79,15.90,133900,13.308223
2015-04-08,15.98,16.030001,15.78,15.79,82900,13.216154
2015-04-07,15.87,16.00,15.83,15.92,92500,13.324963
2015-04-06,15.88,15.91,15.76,15.86,138200,13.274743
2015-04-02,15.91,15.97,15.73,15.80,120300,13.224524
2015-04-01,15.87,15.98,15.80,15.88,106800,13.291484
2015-03-31,15.89,16.02,15.78,15.82,109300,13.241264
2015-03-30,15.88,15.96,15.86,15.90,85400,13.308223
2015-03-27,15.73,15.85,15.67,15.78,115900,13.207784
2015-03-26,16.16,16.16,15.69,15.73,108000,13.165934
2015-03-25,15.83,15.84,15.68,15.73,106400,13.165934
2015-03-24,15.92,15.92,15.75,15.76,133300,13.191044
2015-03-23,15.74,15.95,15.73,15.86,172300,13.274743
2015-03-20,15.74,15.80,15.69,15.75,181900,13.182674
2015-03-19,15.56,15.70,15.46,15.62,154500,13.073865
2015-03-18,15.27,15.79,15.17,15.66,138300,13.107344
2015-03-17,15.46,15.50,15.25,15.30,204800,12.806026
2015-03-16,15.70,15.70,15.39,15.55,145100,13.015275
2015-03-13,15.85,15.87,15.58,15.70,133300,13.140824
2015-03-12,15.93,15.97,15.80,15.85,95100,13.266374
2015-03-11,16.17,16.17,15.81,15.82,156900,13.241264
2015-03-10,16.040001,16.17,15.99,16.10,151400,13.475623
2015-03-09,16.450001,16.59,16.17,16.209999,140300,13.567691
2015-03-06,16.59,16.60,16.35,16.469999,158700,13.78531
2015-03-05,16.540001,16.68,16.52,16.639999,160500,13.927599
2015-03-04,16.370001,16.52,16.25,16.52,140500,13.827161
2015-03-03,16.309999,16.389999,16.23,16.35,151600,13.684872
2015-03-02,16.48,16.48,16.209999,16.280001,118300,13.626282
2015-02-27,16.440001,16.48,16.280001,16.42,229600,13.743461
2015-02-26,16.530001,16.530001,16.24,16.299999,225300,13.643021
2015-02-25,16.50,16.639999,16.43,16.50,208000,13.810421
2015-02-24,16.58,16.58,16.370001,16.41,338700,13.735091
2015-02-23,16.67,16.74,16.43,16.43,221400,13.751831
2015-02-20,16.690001,16.85,16.60,16.68,192800,13.96108
2015-02-19,16.370001,16.629999,16.27,16.629999,218600,13.919229
2015-02-18,16.49,16.57,16.379999,16.49,129700,13.80205
2015-02-17,16.780001,16.83,16.68,16.809999,133000,13.814605
2015-02-13,16.610001,16.879999,16.610001,16.75,148100,13.765297
2015-02-12,16.60,16.65,16.469999,16.559999,190100,13.609153
2015-02-11,16.620001,16.700001,16.450001,16.49,133700,13.551626
2015-02-10,16.83,16.879999,16.51,16.67,178000,13.699552
2015-02-09,16.879999,16.950001,16.700001,16.83,129800,13.831041
2015-02-06,16.940001,16.959999,16.74,16.879999,288000,13.872131
2015-02-05,16.639999,16.84,16.629999,16.799999,191000,13.806386
2015-02-04,16.60,16.629999,16.42,16.59,138100,13.633807
2015-02-03,16.51,16.74,16.51,16.68,211500,13.70777
2015-02-02,16.48,16.48,16.23,16.43,178500,13.502318
2015-01-30,16.01,16.33,15.89,16.23,153600,13.337956
2015-01-29,16.07,16.10,15.75,16.09,124300,13.222903
2015-01-28,16.32,16.32,15.90,15.97,209800,13.124286
2015-01-27,16.25,16.34,16.10,16.24,151300,13.346174
2015-01-26,16.32,16.43,16.23,16.290001,267200,13.387265
2015-01-23,16.190001,16.41,16.10,16.25,144300,13.354392
2015-01-22,16.43,16.469999,16.10,16.209999,209000,13.321519
2015-01-21,15.93,16.25,15.93,16.219999,190600,13.329737
2015-01-20,15.86,16.10,15.73,15.90,206100,13.066759
2015-01-16,15.58,15.94,15.53,15.94,122700,13.099631
2015-01-15,15.60,15.60,15.33,15.41,243100,12.664073
2015-01-14,15.13,15.41,14.88,15.41,285500,12.664073
2015-01-13,15.53,15.67,15.11,15.30,288800,12.573674
2015-01-12,15.85,15.89,15.34,15.50,294000,12.738036
2015-01-09,15.98,16.10,15.79,15.97,177100,13.124286
2015-01-08,15.79,16.120001,15.79,15.97,253000,13.124286
2015-01-07,15.86,15.91,15.56,15.67,263300,12.877743
2015-01-06,15.71,15.92,15.27,15.62,419000,12.836653
2015-01-05,16.209999,16.219999,15.75,15.75,352700,12.943488
2015-01-02,16.16,16.35,16.120001,16.32,278100,13.411919
2014-12-31,16.02,16.18,15.94,15.96,694800,13.116068
2014-12-30,16.059999,16.129999,15.92,16.059999,662300,13.198248
2014-12-29,16.00,16.139999,15.84,16.10,778500,13.231121
2014-12-26,16.07,16.18,15.92,16.00,382000,13.14894
2014-12-24,15.94,16.09,15.89,16.07,346100,13.206466
2014-12-23,15.83,16.08,15.82,15.99,632000,13.140722
2014-12-22,16.02,16.02,15.64,15.82,939000,13.001014
2014-12-19,16.16,16.32,15.81,16.09,811500,13.222903
2014-12-18,16.129999,16.450001,15.71,16.02,981600,13.165377
2014-12-17,15.02,15.84,14.95,15.78,904300,12.968142
2014-12-16,14.81,15.41,14.41,14.95,1241200,12.286041
2014-12-15,15.61,15.74,14.92,15.00,543800,12.327131
2014-12-12,15.31,15.70,15.21,15.54,598100,12.770908
2014-12-11,15.55,15.93,15.44,15.55,725100,12.779126
2014-12-10,15.92,16.00,15.55,15.56,594700,12.787345
2014-12-09,15.69,16.25,15.65,16.120001,416500,13.247558
2014-12-08,16.59,16.60,15.65,15.90,580300,13.066759
2014-12-05,17.00,17.059999,16.709999,16.73,335300,13.74886
2014-12-04,16.91,17.139999,16.85,16.93,329700,13.913222
2014-12-03,17.00,17.190001,16.91,17.02,371000,13.987185
2014-12-02,16.959999,17.16,16.620001,16.90,404600,13.888568
2014-12-01,17.440001,17.540001,17.01,17.09,352800,14.044712
2014-11-28,18.030001,18.059999,17.51,17.66,196500,14.513142
2014-11-26,17.940001,18.18,17.860001,18.18,113500,14.940483
2014-11-25,17.85,17.99,17.709999,17.92,331300,14.726813
2014-11-24,17.889999,17.889999,17.620001,17.77,322300,14.603542
2014-11-21,18.08,18.139999,17.719999,17.76,219700,14.595324
2014-11-20,17.719999,18.049999,17.719999,17.940001,300800,14.74325
2014-11-19,17.610001,17.959999,17.59,17.889999,247500,14.702158
2014-11-18,18.10,18.200001,17.889999,17.93,235800,14.48438
2014-11-17,17.99,18.35,17.90,18.120001,223200,14.637868
2014-11-14,17.75,17.99,17.709999,17.99,105900,14.532849
2014-11-13,17.67,17.860001,17.610001,17.700001,177600,14.29858
2014-11-12,18.10,18.299999,17.610001,17.68,239900,14.282423
2014-11-11,18.00,18.190001,17.879999,18.15,157600,14.662102
2014-11-10,17.889999,18.10,17.85,18.030001,183900,14.565163
2014-11-07,17.57,17.959999,17.57,17.91,109500,14.468223
2014-11-06,17.34,17.59,17.26,17.549999,239000,14.177404
2014-11-05,17.209999,17.49,17.120001,17.469999,216000,14.112778
2014-11-04,17.34,17.379999,16.879999,17.190001,237500,13.886586
2014-11-03,17.620001,17.66,17.469999,17.469999,157900,14.112778
2014-10-31,17.75,17.83,17.559999,17.629999,159300,14.24203
2014-10-30,17.700001,17.85,17.549999,17.67,157400,14.274344
2014-10-29,17.799999,17.93,17.629999,17.799999,134400,14.379361
2014-10-28,17.83,17.99,17.67,17.799999,205100,14.379361
2014-10-27,17.93,18.059999,17.73,17.82,144300,14.395518
2014-10-24,17.92,18.200001,17.879999,18.030001,248100,14.565163
2014-10-23,17.99,18.17,17.82,17.860001,155100,14.427832
2014-10-22,17.889999,18.10,17.719999,17.809999,160100,14.38744
2014-10-21,17.719999,18.139999,17.719999,17.860001,178700,14.427832
2014-10-20,17.620001,17.85,17.469999,17.700001,143500,14.29858
2014-10-17,17.809999,18.00,17.32,17.67,146300,14.274344
2014-10-16,16.32,17.77,16.219999,17.530001,166000,14.161249
2014-10-15,16.309999,16.90,15.94,16.57,366000,13.385732
2014-10-14,16.42,16.709999,15.60,16.559999,379800,13.377653
2014-10-13,16.75,17.09,16.40,16.41,206100,13.256479
2014-10-10,17.370001,17.370001,16.719999,16.85,425800,13.611924
2014-10-09,17.75,17.860001,17.379999,17.41,166100,14.064308
2014-10-08,17.700001,17.889999,17.459999,17.870001,180500,14.435911
2014-10-07,17.83,17.959999,17.639999,17.700001,110700,14.29858
2014-10-06,18.299999,18.299999,17.889999,17.90,141600,14.460145
2014-10-03,18.18,18.23,18.030001,18.18,100000,14.686337
2014-10-02,17.940001,18.09,17.690001,18.08,151400,14.605554
2014-10-01,18.24,18.34,17.92,17.940001,131300,14.492458
2014-09-30,18.00,18.190001,17.92,18.190001,159000,14.694416
2014-09-29,17.709999,17.98,17.620001,17.98,171500,14.524771
2014-09-26,17.389999,17.809999,17.33,17.809999,240800,14.38744
2014-09-25,17.440001,17.58,17.209999,17.299999,323000,13.975447
2014-09-24,17.540001,17.700001,17.280001,17.40,278800,14.05623
2014-09-23,17.610001,17.860001,17.450001,17.51,319800,14.145092
2014-09-22,18.110001,18.110001,17.57,17.76,428600,14.347049
2014-09-19,18.129999,18.200001,17.950001,18.110001,229800,14.629789
2014-09-18,18.059999,18.18,17.950001,18.02,252400,14.557085
2014-09-17,18.00,18.23,17.969999,18.059999,260000,14.589397
2014-09-16,17.860001,18.219999,17.799999,17.98,242300,14.524771
2014-09-15,18.190001,18.219999,17.940001,17.959999,145100,14.508614
2014-09-12,18.559999,18.58,18.129999,18.26,188900,14.750964
2014-09-11,18.540001,18.629999,18.440001,18.58,254700,15.009469
2014-09-10,18.76,18.76,18.540001,18.549999,227700,14.985233
2014-09-09,18.719999,18.860001,18.60,18.76,147800,15.154878
2014-09-08,18.950001,18.950001,18.67,18.790001,122300,15.179114
2014-09-05,18.969999,19.040001,18.77,18.879999,120200,15.251817
2014-09-04,19.15,19.190001,18.889999,18.93,133400,15.292209
2014-09-03,19.24,19.24,19.09,19.09,143400,15.421462
2014-09-02,19.24,19.35,19.049999,19.16,260400,15.47801
2014-08-29,19.24,19.27,19.15,19.17,164700,15.486088
2014-08-28,18.90,19.200001,18.90,19.10,215200,15.42954
2014-08-27,18.959999,19.219999,18.959999,19.059999,276000,15.397226
2014-08-26,18.780001,18.969999,18.68,18.969999,234000,15.324522
2014-08-25,18.90,19.08,18.690001,18.75,240000,15.1468
2014-08-22,18.950001,19.08,18.77,18.85,177900,15.227583
2014-08-21,18.82,19.120001,18.77,18.870001,272100,15.24374
2014-08-20,18.780001,18.879999,18.700001,18.82,163400,15.203348
2014-08-19,19.15,19.280001,19.01,19.110001,162000,15.19527
2014-08-18,19.389999,19.43,18.85,19.01,227900,15.115755
2014-08-15,19.15,19.32,19.139999,19.200001,164200,15.266833
2014-08-14,18.83,19.190001,18.719999,19.139999,160400,15.219123
2014-08-13,18.559999,19.02,18.549999,18.790001,176700,14.940823
2014-08-12,18.90,19.10,18.27,18.540001,220000,14.742036
2014-08-11,18.76,19.40,18.67,18.90,294600,15.028288
2014-08-08,18.190001,18.35,18.190001,18.26,90900,14.519394
2014-08-07,18.23,18.40,18.129999,18.139999,105200,14.423976
2014-08-06,18.120001,18.26,18.07,18.219999,112800,14.487588
2014-08-05,18.280001,18.290001,18.10,18.24,98000,14.503491
2014-08-04,18.25,18.370001,18.120001,18.299999,86100,14.551199
2014-08-01,18.09,18.309999,18.00,18.17,112400,14.447831
2014-07-31,18.42,18.459999,18.049999,18.09,148900,14.384219
2014-07-30,18.629999,18.65,18.41,18.540001,111700,14.742036
2014-07-29,18.559999,18.65,18.50,18.559999,180900,14.757938
2014-07-28,18.68,18.719999,18.33,18.459999,207400,14.678423
2014-07-25,18.559999,18.719999,18.559999,18.639999,170400,14.82155
2014-07-24,18.780001,18.799999,18.60,18.629999,128600,14.813598
2014-07-23,18.709999,18.82,18.620001,18.75,189500,14.909016
2014-07-22,18.74,18.889999,18.629999,18.690001,201900,14.861308
2014-07-21,18.540001,18.799999,18.540001,18.75,139600,14.909016
2014-07-18,18.73,18.780001,18.540001,18.58,146800,14.773841
2014-07-17,18.40,18.83,18.34,18.610001,290500,14.797696
2014-07-16,18.190001,18.42,18.190001,18.379999,151600,14.614811
2014-07-15,18.42,18.450001,18.139999,18.17,181700,14.447831
2014-07-14,18.379999,18.540001,18.309999,18.34,181500,14.583006
2014-07-11,18.379999,18.440001,18.190001,18.34,155400,14.583006
2014-07-10,18.33,18.52,18.299999,18.450001,121900,14.670473
2014-07-09,18.33,18.59,18.33,18.440001,134200,14.662521
2014-07-08,18.43,18.620001,18.16,18.370001,116300,14.606861
2014-07-07,18.639999,18.68,18.309999,18.469999,109900,14.686374
2014-07-03,18.790001,18.790001,18.51,18.559999,82600,14.757938
2014-07-02,18.719999,18.82,18.620001,18.73,129000,14.893113
2014-07-01,18.549999,18.76,18.549999,18.719999,148600,14.885161
2014-06-30,18.43,18.629999,18.379999,18.58,131200,14.773841
2014-06-27,18.48,18.639999,18.370001,18.379999,150500,14.614811
2014-06-26,18.379999,18.48,18.33,18.48,184700,14.694326
2014-06-25,18.27,18.41,18.24,18.299999,150500,14.551199
2014-06-24,18.24,18.459999,18.16,18.35,163300,14.590958
2014-06-23,18.280001,18.42,18.059999,18.25,179700,14.511443
2014-06-20,18.190001,18.389999,18.190001,18.309999,130900,14.559151
2014-06-19,18.030001,18.450001,18.030001,18.16,161800,14.439879
2014-06-18,18.190001,18.299999,17.93,18.10,189800,14.392171
2014-06-17,18.370001,18.469999,18.09,18.139999,207400,14.423976
2014-06-16,18.049999,18.57,18.049999,18.27,254300,14.527346
2014-06-13,17.98,18.09,17.91,18.09,88500,14.384219
2014-06-12,17.98,18.049999,17.84,17.940001,116000,14.264947
2014-06-11,17.98,18.08,17.90,17.91,110000,14.241092
2014-06-10,18.059999,18.09,17.959999,18.01,173200,14.320607
2014-06-09,17.82,18.08,17.82,18.01,168900,14.320607
2014-06-06,17.90,17.92,17.82,17.860001,114000,14.201336
2014-06-05,17.90,17.969999,17.700001,17.799999,149000,14.153626
2014-06-04,17.790001,17.860001,17.629999,17.860001,131100,14.201336
2014-06-03,17.959999,17.959999,17.709999,17.709999,184200,14.082062
2014-06-02,17.84,17.950001,17.799999,17.879999,173900,14.217237
2014-05-30,17.66,17.82,17.58,17.75,171600,14.113869
2014-05-29,17.68,17.719999,17.530001,17.66,180800,14.042305
2014-05-28,17.32,17.57,17.299999,17.57,280300,13.970742
2014-05-27,17.639999,17.639999,17.370001,17.40,149200,13.835567
2014-05-23,17.639999,17.68,17.41,17.51,148000,13.923034
2014-05-22,17.68,17.85,17.57,17.58,136100,13.978694
2014-05-21,17.60,17.690001,17.559999,17.59,173600,13.986645
2014-05-20,17.85,17.879999,17.73,17.84,234800,13.946887
2014-05-19,17.75,17.889999,17.75,17.83,164800,13.939069
2014-05-16,17.66,17.90,17.629999,17.790001,143500,13.907799
2014-05-15,17.709999,17.780001,17.549999,17.65,120800,13.798349
2014-05-14,17.559999,17.74,17.549999,17.65,167800,13.798349
2014-05-13,17.50,17.57,17.450001,17.530001,124400,13.704537
2014-05-12,17.870001,17.870001,17.459999,17.49,241400,13.673265
2014-05-09,17.629999,17.84,17.58,17.76,121700,13.884345
2014-05-08,17.77,17.879999,17.620001,17.690001,188500,13.829621
2014-05-07,17.57,17.92,17.52,17.73,233600,13.860891
2014-05-06,17.610001,17.690001,17.530001,17.58,153400,13.743625
2014-05-05,17.40,17.60,17.370001,17.60,167300,13.759261
2014-05-02,17.50,17.530001,17.26,17.48,133300,13.665447
2014-05-01,17.469999,17.540001,17.41,17.440001,170500,13.634177
2014-04-30,17.26,17.49,17.25,17.41,238600,13.610723
2014-04-29,17.309999,17.43,17.190001,17.190001,263600,13.438733
2014-04-28,17.07,17.25,17.01,17.17,221100,13.423097
2014-04-25,16.93,17.02,16.77,17.01,193700,13.298013
2014-04-24,17.02,17.059999,16.879999,16.940001,264300,13.243289
2014-04-23,16.98,17.120001,16.93,17.01,311200,13.298013
2014-04-22,17.02,17.139999,16.860001,16.889999,368100,13.204199
2014-04-21,16.85,17.049999,16.85,17.040001,242300,13.321467
2014-04-17,16.799999,16.83,16.709999,16.780001,227000,13.118205
2014-04-16,16.780001,16.879999,16.67,16.82,201800,13.149475
2014-04-15,16.82,16.950001,16.58,16.75,196500,13.094751
2014-04-14,16.549999,16.809999,16.52,16.74,240400,13.086933
2014-04-11,16.35,16.540001,16.35,16.52,200700,12.914943
2014-04-10,16.65,16.690001,16.40,16.440001,213800,12.852401
2014-04-09,16.74,16.76,16.549999,16.73,183300,13.079115
2014-04-08,16.43,16.68,16.370001,16.68,168700,13.040027
2014-04-07,16.57,16.68,16.370001,16.41,300000,12.828947
2014-04-04,16.690001,16.709999,16.51,16.530001,195100,12.922761
2014-04-03,16.469999,16.629999,16.389999,16.60,307300,12.977485
2014-04-02,16.41,16.459999,16.309999,16.370001,307500,12.797677
2014-04-01,16.280001,16.40,16.200001,16.370001,185300,12.797677
2014-03-31,16.24,16.27,16.10,16.200001,221100,12.664775
2014-03-28,16.059999,16.17,16.02,16.17,174700,12.641321
2014-03-27,15.92,16.00,15.91,16.00,229000,12.508419
2014-03-26,16.00,16.049999,15.92,15.93,304000,12.453695
2014-03-25,16.02,16.08,15.90,15.94,447100,12.461512
2014-03-24,16.209999,16.27,15.98,16.040001,239800,12.539691
2014-03-21,16.309999,16.35,16.120001,16.17,267400,12.641321
2014-03-20,16.25,16.379999,16.110001,16.26,294900,12.711681
2014-03-19,16.459999,16.50,16.280001,16.309999,224500,12.750769
2014-03-18,16.40,16.610001,16.370001,16.450001,316600,12.860219
2014-03-17,16.23,16.43,16.209999,16.40,284400,12.821129
2014-03-14,16.00,16.280001,16.00,16.16,317800,12.633503
2014-03-13,16.209999,16.25,15.96,16.040001,259800,12.539691
2014-03-12,16.15,16.27,16.129999,16.200001,213100,12.664775
2014-03-11,16.469999,16.49,16.23,16.27,271100,12.719499
2014-03-10,16.60,16.66,16.50,16.50,132800,12.899307
2014-03-07,16.77,16.77,16.58,16.66,196600,13.024391
2014-03-06,16.75,16.85,16.700001,16.77,210300,13.110387
2014-03-05,16.530001,16.75,16.51,16.700001,189000,13.055663
2014-03-04,16.58,16.73,16.48,16.549999,275400,12.938395
2014-03-03,16.450001,16.549999,16.40,16.549999,138600,12.938395
2014-02-28,16.700001,16.700001,16.50,16.549999,241100,12.938395
2014-02-27,16.65,16.709999,16.50,16.58,208100,12.961849
2014-02-26,16.40,16.65,16.40,16.629999,276800,13.000937
2014-02-25,16.469999,16.51,16.360001,16.49,302100,12.891489
2014-02-24,16.60,16.66,16.440001,16.469999,305200,12.875853
2014-02-21,16.780001,16.84,16.620001,16.700001,226300,13.055663
2014-02-20,17.049999,17.129999,16.68,16.76,211800,13.102569
2014-02-19,17.379999,17.42,17.01,17.07,202000,13.344919
2014-02-18,17.719999,17.719999,17.57,17.67,138900,13.579452
2014-02-14,17.50,17.84,17.48,17.709999,173600,13.610192
2014-02-13,17.32,17.73,17.309999,17.719999,173100,13.617877
2014-02-12,17.540001,17.540001,17.360001,17.43,115500,13.395012
2014-02-11,17.469999,17.58,17.32,17.469999,190900,13.425751
2014-02-10,17.66,17.700001,17.43,17.450001,268300,13.410382
2014-02-07,17.450001,17.809999,17.440001,17.75,96300,13.640933
2014-02-06,17.370001,17.450001,17.309999,17.379999,94400,13.356586
2014-02-05,17.120001,17.379999,17.059999,17.35,147400,13.333532
2014-02-04,17.049999,17.24,16.92,17.10,238800,13.141406
2014-02-03,17.42,17.52,16.889999,17.040001,203000,13.095296
2014-01-31,17.42,17.540001,17.27,17.360001,206600,13.341217
2014-01-30,17.48,17.60,17.34,17.440001,173700,13.402697
2014-01-29,17.370001,17.52,17.280001,17.309999,157700,13.302791
2014-01-28,17.51,17.76,17.440001,17.549999,116700,13.487231
2014-01-27,17.75,17.76,17.25,17.59,129500,13.517972
2014-01-24,17.809999,17.92,17.700001,17.719999,75600,13.617877
2014-01-23,17.959999,18.030001,17.860001,17.92,120800,13.771578
2014-01-22,17.73,18.059999,17.73,17.93,157100,13.779263
2014-01-21,17.76,17.870001,17.700001,17.719999,193400,13.617877
2014-01-17,17.700001,17.85,17.690001,17.75,99900,13.640933
2014-01-16,17.700001,17.83,17.639999,17.77,106000,13.656303
2014-01-15,17.85,17.969999,17.620001,17.639999,131400,13.556397
2014-01-14,18.049999,18.08,17.85,17.85,215600,13.717783
2014-01-13,17.889999,17.99,17.790001,17.85,151900,13.717783
2014-01-10,17.76,18.030001,17.76,17.879999,168700,13.740837
2014-01-09,17.940001,17.969999,17.709999,17.77,145000,13.656303
2014-01-08,18.00,18.030001,17.700001,17.870001,208900,13.733154
2014-01-07,17.92,18.08,17.68,18.049999,362800,13.871483
2014-01-06,17.74,17.84,17.379999,17.76,232000,13.648618
2014-01-03,17.75,17.780001,17.57,17.700001,122700,13.602508
2014-01-02,17.92,17.98,17.639999,17.700001,168500,13.602508
2013-12-31,17.84,17.90,17.620001,17.84,717000,13.710098
2013-12-30,18.00,18.00,17.700001,17.76,783000,13.648618
2013-12-27,17.59,18.299999,17.43,18.030001,299700,13.856114
2013-12-26,17.25,17.68,17.110001,17.59,707700,13.517972
2013-12-24,16.90,17.34,16.90,17.219999,406000,13.233625
2013-12-23,16.77,16.98,16.73,16.870001,704500,12.96465
2013-12-20,16.629999,16.790001,16.52,16.66,718900,12.803264
2013-12-19,16.719999,16.809999,16.469999,16.65,759400,12.795579
2013-12-18,17.15,17.18,16.66,16.66,596500,12.803264
2013-12-17,17.25,17.41,16.67,17.07,513500,13.11835
2013-12-16,17.50,17.50,17.07,17.139999,398700,13.172145
2013-12-13,17.00,17.25,16.73,17.190001,468900,13.210571
2013-12-12,16.33,16.98,16.26,16.90,448500,12.987705
2013-12-11,16.41,16.57,16.120001,16.34,505200,12.557343
2013-12-10,16.360001,16.440001,16.290001,16.33,419100,12.549658
2013-12-09,16.65,16.75,16.40,16.40,418100,12.603453
2013-12-06,16.950001,16.99,16.52,16.610001,463700,12.764839
2013-12-05,16.74,16.98,16.43,16.77,514600,12.8878
2013-12-04,17.299999,17.370001,16.860001,16.879999,360800,12.972334
2013-12-03,17.639999,17.719999,17.16,17.389999,523900,13.364271
2013-12-02,18.35,18.51,17.73,17.75,213400,13.640933
2013-11-29,18.700001,18.950001,18.209999,18.35,98300,14.102035
2013-11-27,17.99,18.440001,17.84,18.35,368100,14.102035
2013-11-26,17.59,17.940001,17.42,17.90,384100,13.756208
2013-11-25,17.74,18.200001,17.540001,17.68,532800,13.587138
2013-11-22,17.75,18.219999,17.66,17.969999,395600,13.810003
2013-11-21,17.77,17.889999,17.59,17.790001,331300,13.671673
2013-11-20,18.00,18.209999,17.75,17.870001,179200,13.733154
2013-11-19,18.66,18.74,17.85,18.200001,309600,13.756209
2013-11-18,18.76,18.879999,18.620001,18.67,150800,14.111452
2013-11-15,18.889999,19.25,18.709999,18.780001,101400,14.194594
2013-11-14,18.709999,19.139999,18.58,18.98,300500,14.34576
2013-11-13,19.049999,19.280001,18.690001,18.77,93500,14.187036
2013-11-12,18.82,19.07,18.68,18.99,136900,14.353319
2013-11-11,18.799999,19.26,18.610001,18.90,271700,14.285294
2013-11-08,19.049999,19.049999,18.799999,18.84,127100,14.239944
2013-11-07,19.360001,19.360001,19.030001,19.139999,91600,14.466694
2013-11-06,19.65,19.700001,19.25,19.370001,81900,14.640537
2013-11-05,19.25,19.65,19.23,19.65,65500,14.85217
2013-11-04,19.48,19.77,19.24,19.33,67100,14.610303
2013-11-01,19.280001,19.65,19.139999,19.33,105700,14.610303
2013-10-31,19.27,19.43,19.219999,19.25,101400,14.549836
2013-10-30,19.41,19.84,19.17,19.26,200600,14.557395
2013-10-29,19.459999,19.459999,19.200001,19.26,108800,14.557395
2013-10-28,19.450001,19.49,19.24,19.33,114800,14.610303
2013-10-25,19.379999,19.450001,19.26,19.290001,65800,14.58007
2013-10-24,19.49,19.49,19.280001,19.280001,104900,14.572512
2013-10-23,19.459999,19.459999,19.299999,19.41,87200,14.67077
2013-10-22,19.25,19.49,19.25,19.35,83100,14.62542
2013-10-21,18.940001,19.299999,18.93,19.209999,145300,14.519602
2013-10-18,18.940001,19.17,18.84,18.90,110100,14.285294
2013-10-17,18.860001,18.92,18.68,18.85,93900,14.247502
2013-10-16,18.959999,18.959999,18.629999,18.73,180800,14.156801
2013-10-15,18.950001,19.129999,18.75,19.129999,73000,14.459135
2013-10-14,18.84,18.93,18.57,18.82,126400,14.224827
2013-10-11,18.780001,18.90,18.58,18.66,130800,14.103893
2013-10-10,18.85,19.030001,18.709999,18.77,121700,14.187036
2013-10-09,18.84,18.90,18.610001,18.73,127700,14.156801
2013-10-08,18.91,19.02,18.700001,18.84,103800,14.239944
2013-10-07,19.030001,19.17,18.92,18.92,62500,14.300411
2013-10-04,18.870001,19.290001,18.870001,19.15,105300,14.474252
2013-10-03,18.959999,19.129999,18.940001,18.98,136800,14.34576
2013-10-02,19.200001,19.290001,18.959999,19.00,145700,14.360877
2013-10-01,18.940001,19.24,18.83,19.24,132000,14.542278
2013-09-30,19.43,19.43,18.540001,18.799999,181100,14.20971
2013-09-27,19.440001,19.440001,18.780001,18.940001,80800,14.315528
2013-09-26,19.26,19.389999,19.00,19.09,141100,14.428903
2013-09-25,19.459999,19.459999,19.09,19.40,131700,14.663211
2013-09-24,19.190001,19.43,19.07,19.139999,159700,14.466694
2013-09-23,19.49,19.49,19.139999,19.139999,98900,14.466694
2013-09-20,19.50,19.73,19.27,19.370001,74100,14.640537
2013-09-19,19.60,19.75,19.309999,19.450001,151400,14.701004
2013-09-18,18.879999,19.76,18.74,19.530001,146200,14.761471
2013-09-17,18.83,19.00,18.719999,18.90,182200,14.285294
2013-09-16,18.91,19.049999,18.77,18.93,120500,14.307969
2013-09-13,18.84,19.07,18.74,18.959999,71400,14.330643
2013-09-12,18.940001,18.940001,18.620001,18.790001,108100,14.202153
2013-09-11,19.15,19.15,18.870001,18.870001,117300,14.262619
2013-09-10,18.969999,19.07,18.84,18.870001,101600,14.262619
2013-09-09,18.889999,18.889999,18.690001,18.799999,111200,14.20971
2013-09-06,18.75,18.98,18.67,18.889999,110800,14.277735
2013-09-05,18.610001,18.879999,18.50,18.60,152800,14.058543
2013-09-04,19.139999,19.139999,18.360001,18.530001,232600,14.005635
2013-09-03,19.16,19.23,18.82,18.969999,151200,14.338202
2013-08-30,19.18,19.209999,19.030001,19.059999,63500,14.406227
2013-08-29,19.48,19.48,19.049999,19.08,156000,14.421344
2013-08-28,19.01,19.68,19.01,19.49,127200,14.731237
2013-08-27,19.059999,19.139999,19.02,19.02,112700,14.375994
2013-08-26,19.15,19.26,19.07,19.139999,82600,14.466694
2013-08-23,19.549999,19.610001,19.059999,19.15,148000,14.474252
2013-08-22,18.879999,19.440001,18.879999,19.110001,132300,14.44402
2013-08-21,19.450001,19.57,18.610001,19.209999,191500,14.519602
2013-08-20,19.09,19.59,19.07,19.540001,116400,14.769029
2013-08-19,19.34,19.34,19.08,19.209999,103200,14.519602
2013-08-16,19.74,20.23,19.129999,19.280001,128700,14.572512
2013-08-15,19.66,20.09,19.26,19.41,133800,14.67077
2013-08-14,19.34,19.57,19.34,19.440001,119700,14.693445
2013-08-13,19.780001,19.93,19.41,19.49,238600,14.504486
2013-08-12,19.98,19.99,19.540001,19.549999,236400,14.549137
2013-08-09,20.00,20.139999,20.00,20.00,147400,14.884028
2013-08-08,20.00,20.08,20.00,20.00,306600,14.884028
2013-08-07,20.00,20.15,20.00,20.00,258500,14.884028
2013-08-06,20.00,20.030001,20.00,20.00,332400,14.884028
2013-08-05,20.08,20.08,20.00,20.030001,343200,14.906355
2013-08-02,20.059999,20.139999,20.02,20.02,199300,14.898913
2013-08-01,20.299999,20.299999,20.02,20.049999,108300,14.921238
2013-07-31,20.01,20.299999,20.00,20.25,183700,15.070079
2013-07-30,20.02,20.049999,20.00,20.00,292600,14.884028
2013-07-29,20.00,20.10,19.799999,20.01,263600,14.891471
2013-07-26,20.50,20.65,20.059999,20.07,143700,14.936122
2013-07-25,20.719999,20.889999,20.110001,20.299999,162500,15.107288
2013-07-24,21.50,21.50,20.559999,20.620001,122000,15.345434
2013-07-23,20.82,21.559999,20.67,21.26,147900,15.821722
2013-07-22,21.780001,21.780001,21.040001,21.129999,122200,15.724975
2013-07-19,21.00,21.59,20.98,21.360001,129400,15.896143
2013-07-18,20.77,20.950001,20.629999,20.90,111600,15.553809
2013-07-17,20.799999,20.799999,20.51,20.74,127300,15.434737
2013-07-16,20.700001,20.74,20.50,20.700001,120000,15.40497
2013-07-15,20.32,20.620001,20.32,20.60,107600,15.33055
2013-07-12,20.450001,20.60,20.360001,20.50,71300,15.256129
2013-07-11,20.450001,20.450001,20.280001,20.440001,83200,15.211477
2013-07-10,20.280001,20.450001,20.08,20.450001,137100,15.21892
2013-07-09,20.35,20.40,20.00,20.139999,219000,14.988216
2013-07-08,20.549999,20.700001,20.209999,20.450001,116600,15.21892
2013-07-05,20.40,20.65,20.24,20.290001,74500,15.099848
2013-07-03,20.40,20.549999,20.120001,20.129999,62000,14.980774
2013-07-02,20.35,20.549999,20.190001,20.33,93900,15.129615
2013-07-01,20.58,20.610001,20.200001,20.25,140100,15.070079
2013-06-28,20.299999,20.799999,20.07,20.65,171200,15.367759
2013-06-27,20.00,20.10,20.00,20.10,154100,14.958449
2013-06-26,20.00,20.02,20.00,20.00,848400,14.884028
