Date,Open,High,Low,Close,Volume,Adj Close
2016-11-25,17.85,18.049999,17.799999,17.950001,129400,17.950001
2016-11-23,18.10,18.129999,17.75,17.799999,193500,17.799999
2016-11-22,18.25,18.25,17.85,18.25,462700,18.25
2016-11-21,17.65,17.950001,17.50,17.799999,346900,17.799999
2016-11-18,17.049999,17.549999,17.00,17.549999,235800,17.549999
2016-11-17,17.15,17.299999,16.90,17.00,597700,17.00
2016-11-16,16.75,17.23,16.75,17.15,537400,17.15
2016-11-15,16.25,17.00,16.10,16.90,239100,16.90
2016-11-14,16.450001,16.60,16.200001,16.40,255300,16.40
2016-11-11,16.200001,16.65,16.049999,16.40,337600,16.40
2016-11-10,15.60,16.299999,15.53,16.15,306300,16.15
2016-11-09,14.70,15.48,14.45,15.45,423800,15.45
2016-11-08,14.85,15.00,14.73,14.90,234700,14.90
2016-11-07,15.10,15.10,14.80,14.85,199000,14.85
2016-11-04,15.10,15.15,14.65,14.85,276400,14.85
2016-11-03,14.80,15.45,14.80,14.95,279300,14.95
2016-11-02,15.15,15.45,15.00,15.05,180200,15.05
2016-11-01,15.80,15.80,15.20,15.30,153300,15.30
2016-10-31,15.55,15.80,15.50,15.80,160900,15.80
2016-10-28,15.65,15.72,15.49,15.63,98800,15.63
2016-10-27,15.59,15.75,15.44,15.61,156700,15.61
2016-10-26,15.59,15.70,15.45,15.54,131700,15.54
2016-10-25,15.98,15.98,15.62,15.62,126000,15.62
2016-10-24,15.92,16.110001,15.82,15.98,212500,15.98
2016-10-21,15.60,15.93,15.59,15.89,175500,15.89
2016-10-20,15.66,15.82,15.53,15.81,148100,15.81
2016-10-19,15.85,15.86,15.69,15.74,125100,15.74
2016-10-18,16.040001,16.040001,15.71,15.79,119500,15.79
2016-10-17,15.74,15.85,15.66,15.70,134200,15.70
2016-10-14,15.99,16.040001,15.66,15.78,241300,15.78
2016-10-13,15.89,16.43,15.77,15.91,177300,15.91
2016-10-12,16.120001,16.17,16.02,16.10,139400,16.10
2016-10-11,16.25,16.360001,15.95,16.10,427200,16.10
2016-10-10,16.27,16.50,16.16,16.370001,245500,16.370001
2016-10-07,16.41,16.450001,15.95,16.129999,421500,16.129999
2016-10-06,16.040001,16.43,15.98,16.42,256400,16.42
2016-10-05,15.79,16.27,15.71,16.139999,462300,16.139999
2016-10-04,15.82,16.139999,15.43,15.70,512400,15.70
2016-10-03,15.19,15.22,15.00,15.02,185500,15.02
2016-09-30,15.35,15.35,15.12,15.17,186900,15.17
2016-09-29,15.22,15.46,15.22,15.25,185300,15.25
2016-09-28,15.04,15.33,15.01,15.27,164900,15.27
2016-09-27,14.95,15.02,14.59,14.96,358600,14.96
2016-09-26,15.08,15.10,14.92,15.02,317200,15.02
2016-09-23,14.91,15.14,14.86,15.08,257500,15.08
2016-09-22,14.82,15.05,14.79,14.99,179500,14.99
2016-09-21,14.68,14.74,14.49,14.68,184000,14.68
2016-09-20,14.81,14.86,14.52,14.52,160600,14.52
2016-09-19,14.48,14.90,14.48,14.73,191500,14.73
2016-09-16,14.25,14.45,14.06,14.39,668900,14.39
2016-09-15,14.23,14.42,14.23,14.36,155800,14.36
2016-09-14,14.45,14.47,14.26,14.26,218900,14.26
2016-09-13,14.85,14.96,14.43,14.49,226200,14.49
2016-09-12,14.75,15.00,14.58,14.97,277200,14.97
2016-09-09,15.29,15.45,14.79,14.89,624700,14.89
2016-09-08,14.66,15.77,14.53,15.38,575300,15.38
2016-09-07,14.60,14.74,14.54,14.64,207800,14.64
2016-09-06,14.72,14.79,14.53,14.63,233500,14.63
2016-09-02,14.65,14.74,14.50,14.71,129200,14.71
2016-09-01,14.51,14.60,14.42,14.58,140800,14.58
2016-08-31,14.51,14.67,14.41,14.50,219600,14.50
2016-08-30,14.59,14.76,14.50,14.56,95000,14.51
2016-08-29,14.51,14.68,14.48,14.60,157500,14.549863
2016-08-26,14.54,14.68,14.42,14.49,151000,14.44024
2016-08-25,14.28,14.53,14.24,14.48,154600,14.430274
2016-08-24,14.50,14.63,14.27,14.29,111200,14.240927
2016-08-23,14.59,14.71,14.48,14.54,164800,14.490069
2016-08-22,14.31,14.58,14.24,14.57,157800,14.519965
2016-08-19,14.29,14.45,14.28,14.44,128700,14.390412
2016-08-18,14.13,14.41,14.13,14.35,140800,14.300722
2016-08-17,14.14,14.20,14.00,14.10,333500,14.05158
2016-08-16,14.25,14.34,14.04,14.14,372200,14.091443
2016-08-15,14.03,14.36,14.03,14.25,236600,14.201065
2016-08-12,13.97,14.03,13.76,13.99,626400,13.941957
2016-08-11,14.00,14.11,13.92,14.00,220200,13.951923
2016-08-10,13.93,14.16,13.77,14.00,308600,13.951923
2016-08-09,13.48,14.15,13.46,13.91,522100,13.862232
2016-08-08,13.25,13.49,13.16,13.49,414800,13.443674
2016-08-05,14.02,14.02,12.89,12.99,666600,12.945391
2016-08-04,13.68,13.97,13.68,13.94,189600,13.892129
2016-08-03,13.64,13.75,13.49,13.70,245000,13.652953
2016-08-02,13.86,13.93,13.66,13.66,322900,13.613091
2016-08-01,13.82,14.03,13.62,13.79,246500,13.742644
2016-07-29,13.90,13.95,13.50,13.80,373700,13.75261
2016-07-28,14.14,14.14,13.88,13.93,131900,13.882164
2016-07-27,14.11,14.17,13.96,14.11,159900,14.061545
2016-07-26,13.87,14.04,13.75,14.01,117800,13.961889
2016-07-25,13.87,13.87,13.76,13.86,100100,13.812404
2016-07-22,13.91,13.97,13.78,13.87,115900,13.822369
2016-07-21,13.90,14.05,13.81,13.91,242100,13.862232
2016-07-20,13.92,13.96,13.78,13.91,219200,13.862232
2016-07-19,14.02,14.13,13.84,13.94,200900,13.892129
2016-07-18,13.99,14.13,13.93,14.10,224900,14.05158
2016-07-15,14.03,14.12,13.96,13.99,166300,13.941957
2016-07-14,13.94,14.09,13.83,13.94,363200,13.892129
2016-07-13,13.81,13.86,13.64,13.76,273100,13.712748
2016-07-12,13.61,13.87,13.52,13.75,245800,13.702782
2016-07-11,13.43,13.50,13.31,13.46,236000,13.413778
2016-07-08,13.23,13.45,13.18,13.35,282500,13.304156
2016-07-07,13.08,13.24,12.93,13.02,154300,12.975289
2016-07-06,12.82,13.16,12.70,13.01,288200,12.965323
2016-07-05,13.23,13.26,12.80,12.92,246500,12.875632
2016-07-01,13.13,13.31,13.07,13.26,267100,13.214465
2016-06-30,12.95,13.21,12.90,13.15,424300,13.104842
2016-06-29,13.08,13.08,12.93,12.95,233300,12.905529
2016-06-28,13.12,13.20,12.75,12.88,242400,12.835769
2016-06-27,13.27,13.39,12.81,12.92,522100,12.875632
2016-06-24,13.50,13.53,13.30,13.48,1171900,13.433708
2016-06-23,13.92,14.07,13.86,13.99,437100,13.941957
2016-06-22,14.09,14.09,13.75,13.75,375900,13.702782
2016-06-21,14.54,14.54,13.98,14.00,358600,13.951923
2016-06-20,14.78,15.03,14.50,14.51,306800,14.460172
2016-06-17,14.73,14.80,14.52,14.64,545700,14.589726
2016-06-16,14.35,14.61,14.26,14.60,217300,14.549863
2016-06-15,14.74,14.82,14.35,14.38,282300,14.330618
2016-06-14,14.75,14.91,14.45,14.69,196700,14.639553
2016-06-13,15.01,15.06,14.69,14.78,289600,14.729244
2016-06-10,15.09,15.24,15.00,15.08,274500,15.028214
2016-06-09,15.47,15.53,15.17,15.24,228400,15.187665
2016-06-08,15.81,15.84,15.54,15.61,192500,15.556394
2016-06-07,15.76,15.90,15.69,15.72,269500,15.666017
2016-06-06,15.52,15.76,15.52,15.72,292200,15.666017
2016-06-03,15.13,15.56,15.03,15.50,515300,15.446772
2016-06-02,15.04,15.27,15.01,15.08,375600,15.028214
2016-06-01,14.96,15.26,14.81,15.17,515800,15.068077
2016-05-31,14.77,14.99,14.60,14.88,395500,14.780025
2016-05-27,14.90,15.03,14.71,14.74,197800,14.640965
2016-05-26,15.02,15.02,14.80,14.91,194000,14.809823
2016-05-25,14.70,14.94,14.57,14.90,330600,14.79989
2016-05-24,14.65,14.71,14.53,14.57,464600,14.472107
2016-05-23,14.61,14.70,14.49,14.54,434100,14.442309
2016-05-20,14.45,14.88,14.37,14.65,282100,14.55157
2016-05-19,14.59,14.73,14.24,14.37,363700,14.273451
2016-05-18,14.89,14.95,14.47,14.61,400600,14.511839
2016-05-17,15.24,15.37,14.91,15.00,268000,14.899219
2016-05-16,15.14,15.31,15.06,15.24,187500,15.137606
2016-05-13,14.99,15.18,14.84,15.02,234900,14.919085
2016-05-12,15.33,15.42,14.87,15.06,332500,14.958816
2016-05-11,15.25,15.54,15.08,15.11,298000,15.008479
2016-05-10,15.06,15.19,14.83,15.15,237300,15.04821
2016-05-09,15.05,15.05,14.80,14.90,358400,14.79989
2016-05-06,14.56,15.24,14.42,15.20,767900,15.097875
2016-05-05,15.50,15.75,14.36,14.68,1492000,14.581369
2016-05-04,15.71,16.00,15.70,15.79,271300,15.683911
2016-05-03,16.16,16.190001,15.68,15.83,278600,15.723642
2016-05-02,16.370001,16.48,16.190001,16.25,318900,16.14082
2016-04-29,16.360001,16.459999,16.139999,16.389999,480400,16.279879
2016-04-28,16.219999,16.59,16.129999,16.41,422100,16.299745
2016-04-27,15.94,16.40,15.80,16.370001,305400,16.260015
2016-04-26,15.86,16.07,15.72,15.95,394600,15.842836
2016-04-25,15.98,15.98,15.49,15.77,379500,15.664046
2016-04-22,15.98,16.139999,15.83,15.99,557000,15.882567
2016-04-21,16.08,16.139999,15.83,15.95,678300,15.842836
2016-04-20,15.79,16.01,15.78,16.00,487000,15.8925
2016-04-19,15.61,15.88,15.47,15.82,433300,15.713709
2016-04-18,15.11,15.61,15.04,15.54,325000,15.435591
2016-04-15,15.04,15.24,14.95,15.15,534300,15.04821
2016-04-14,13.83,15.33,13.73,15.13,1565000,15.028345
2016-04-13,13.75,13.81,13.57,13.74,312800,13.647684
2016-04-12,13.60,13.93,13.55,13.73,319600,13.637751
2016-04-11,13.52,13.57,13.39,13.55,416200,13.458961
2016-04-08,13.49,13.61,13.35,13.40,295500,13.309968
2016-04-07,13.46,13.48,13.29,13.39,359700,13.300036
2016-04-06,13.43,13.71,13.32,13.52,512500,13.429163
2016-04-05,13.62,13.65,13.36,13.41,587200,13.319901
2016-04-04,14.00,14.01,13.70,13.70,460700,13.607953
2016-04-01,13.90,14.07,13.61,13.99,602400,13.896004
2016-03-31,14.33,14.38,13.92,14.02,323500,13.925804
2016-03-30,14.40,14.49,14.21,14.32,269800,14.223787
2016-03-29,14.03,14.35,13.92,14.34,363900,14.243653
2016-03-28,14.24,14.29,14.01,14.08,343200,13.9854
2016-03-24,13.85,14.21,13.78,14.19,281400,14.09466
2016-03-23,14.09,14.09,13.89,13.98,534300,13.886071
2016-03-22,14.45,14.54,14.09,14.14,420700,14.044997
2016-03-21,14.46,14.61,14.40,14.54,324400,14.442309
2016-03-18,14.53,14.73,14.44,14.46,782600,14.362847
2016-03-17,14.16,14.58,14.16,14.57,611000,14.472107
2016-03-16,14.07,14.29,13.89,14.17,508900,14.074795
2016-03-15,14.37,14.43,14.01,14.10,295600,14.005266
2016-03-14,14.66,14.77,14.36,14.48,247600,14.382712
2016-03-11,14.68,14.87,14.40,14.76,236300,14.660831
2016-03-10,14.78,14.78,14.45,14.61,238300,14.511839
2016-03-09,14.68,14.92,14.57,14.78,165800,14.680697
2016-03-08,15.07,15.10,14.59,14.60,221300,14.501907
2016-03-07,14.31,15.21,14.29,15.21,337900,15.107808
2016-03-04,14.44,14.57,14.22,14.29,348000,14.193989
2016-03-03,14.09,14.43,13.99,14.40,409300,14.30325
2016-03-02,13.95,14.09,13.84,14.08,322400,13.9854
2016-03-01,14.14,14.20,13.91,14.00,251100,13.856273
2016-02-29,14.00,14.37,14.00,14.02,461500,13.876069
2016-02-26,13.91,14.31,13.74,13.94,458000,13.796889
2016-02-25,14.37,14.45,13.67,13.76,354600,13.618738
2016-02-24,13.92,14.32,13.81,14.31,212100,14.163091
2016-02-23,14.11,14.53,13.91,14.13,402900,13.984939
2016-02-22,15.40,15.42,14.10,14.19,822200,14.044322
2016-02-19,16.93,16.93,15.91,15.98,320900,15.815946
2016-02-18,16.719999,16.83,16.549999,16.65,195900,16.479068
2016-02-17,16.450001,16.74,16.280001,16.639999,379500,16.46917
2016-02-16,16.280001,16.379999,16.049999,16.25,385700,16.083174
2016-02-12,15.95,16.120001,15.73,16.059999,351300,15.895125
2016-02-11,16.02,16.040001,15.56,15.71,306300,15.548718
2016-02-10,16.85,16.90,16.27,16.27,210500,16.10297
2016-02-09,16.65,17.01,16.65,16.83,227400,16.65722
2016-02-08,16.290001,16.870001,16.290001,16.860001,243200,16.686913
2016-02-05,16.280001,16.620001,16.23,16.52,261500,16.350403
2016-02-04,16.16,16.549999,16.16,16.34,144500,16.172251
2016-02-03,15.95,16.15,15.52,16.139999,155800,15.974303
2016-02-02,16.200001,16.27,15.67,15.72,195400,15.558616
2016-02-01,16.040001,16.530001,15.85,16.450001,253100,16.281122
2016-01-29,15.80,16.190001,15.72,16.190001,372400,16.023791
2016-01-28,15.72,15.92,15.66,15.73,174900,15.568512
2016-01-27,15.65,15.85,15.48,15.52,205800,15.360669
2016-01-26,15.36,15.75,15.29,15.67,284000,15.509129
2016-01-25,15.33,15.54,15.16,15.20,179800,15.043954
2016-01-22,15.56,16.00,15.37,15.46,311300,15.301285
2016-01-21,15.46,15.61,15.20,15.33,229200,15.172619
2016-01-20,15.13,15.52,14.76,15.38,235000,15.222106
2016-01-19,15.56,15.80,15.27,15.34,311000,15.182517
2016-01-15,15.59,15.68,15.11,15.34,339900,15.182517
2016-01-14,15.10,16.299999,15.10,16.01,279100,15.845639
2016-01-13,15.21,15.44,14.94,15.04,490400,14.885597
2016-01-12,15.53,15.56,15.04,15.21,361100,15.053851
2016-01-11,15.88,15.95,15.41,15.43,323000,15.271593
2016-01-08,16.40,16.40,15.82,15.85,390500,15.687281
2016-01-07,16.620001,16.690001,16.00,16.09,356400,15.924817
2016-01-06,17.16,17.200001,16.889999,16.98,292700,16.80568
2016-01-05,17.190001,17.530001,17.059999,17.450001,417500,17.270856
2016-01-04,17.00,17.219999,16.60,17.18,371600,17.003627
2015-12-31,17.27,17.389999,17.120001,17.25,177200,17.072908
2015-12-30,17.40,17.530001,17.209999,17.32,137400,17.142189
2015-12-29,17.299999,17.51,17.129999,17.40,141300,17.221368
2015-12-28,17.16,17.290001,17.00,17.15,111500,16.973935
2015-12-24,17.33,17.50,17.23,17.26,52400,17.082806
2015-12-23,16.93,17.42,16.84,17.370001,199700,17.191677
2015-12-22,16.530001,16.950001,16.280001,16.790001,218200,16.617632
2015-12-21,16.59,16.690001,16.389999,16.49,197100,16.32071
2015-12-18,16.75,16.889999,16.49,16.51,948400,16.340506
2015-12-17,16.91,17.059999,16.780001,16.83,324100,16.65722
2015-12-16,16.690001,17.120001,16.610001,16.92,361000,16.746296
2015-12-15,16.35,16.60,16.280001,16.559999,271200,16.389991
2015-12-14,16.469999,16.50,15.75,16.18,344000,16.013893
2015-12-11,16.549999,16.74,16.50,16.50,417000,16.330608
2015-12-10,16.549999,16.93,16.459999,16.84,279200,16.667118
2015-12-09,16.02,16.719999,16.01,16.549999,338600,16.380094
2015-12-08,16.139999,16.51,15.96,15.99,212600,15.825843
2015-12-07,16.68,16.690001,16.209999,16.33,193700,16.162353
2015-12-04,16.60,16.950001,16.51,16.780001,213100,16.607734
2015-12-03,16.77,16.90,16.48,16.60,158900,16.429582
2015-12-02,16.709999,16.969999,16.51,16.690001,164600,16.518658
2015-12-01,17.00,17.00,16.67,16.780001,139800,16.558248
2015-11-30,16.85,17.00,16.719999,16.91,170700,16.686529
2015-11-27,16.52,16.950001,16.52,16.799999,89200,16.577982
2015-11-25,16.57,16.780001,16.49,16.57,174000,16.351022
2015-11-24,16.16,16.559999,16.040001,16.549999,165400,16.331286
2015-11-23,15.81,16.309999,15.77,16.17,170000,15.956309
2015-11-20,15.94,16.139999,15.80,15.81,182300,15.601066
2015-11-19,16.00,16.23,15.71,15.81,254300,15.601066
2015-11-18,15.02,16.030001,15.00,15.84,313900,15.63067
2015-11-17,15.53,15.56,15.00,15.03,358700,14.831374
2015-11-16,15.19,15.60,15.15,15.57,188800,15.364237
2015-11-13,14.75,15.23,14.72,15.21,174100,15.008995
2015-11-12,15.15,15.18,14.81,14.83,219700,14.634017
2015-11-11,15.50,15.58,15.20,15.33,206700,15.127409
2015-11-10,15.55,15.85,15.41,15.47,262700,15.26556
2015-11-09,15.90,15.96,15.47,15.58,387500,15.374105
2015-11-06,16.17,16.190001,15.67,15.94,340500,15.729348
2015-11-05,17.889999,17.889999,16.16,16.35,572700,16.13393
2015-11-04,18.040001,18.219999,17.75,18.200001,375000,17.959482
2015-11-03,17.76,18.129999,17.709999,18.030001,193100,17.791729
2015-11-02,17.16,17.98,17.07,17.780001,214100,17.545033
2015-10-30,17.379999,17.41,17.110001,17.200001,167300,16.972698
2015-10-29,17.40,17.52,17.209999,17.379999,181800,17.150317
2015-10-28,16.780001,17.59,16.780001,17.52,285000,17.288468
2015-10-27,16.870001,16.92,16.459999,16.76,244600,16.538512
2015-10-26,17.15,17.33,16.940001,16.98,285700,16.755604
2015-10-23,17.35,17.450001,17.00,17.15,307900,16.923357
2015-10-22,17.040001,17.34,17.00,17.23,199400,17.0023
2015-10-21,17.129999,17.27,16.870001,16.879999,171100,16.656925
2015-10-20,17.00,17.32,17.00,17.110001,181700,16.883887
2015-10-19,17.049999,17.15,16.99,17.059999,102700,16.834546
2015-10-16,17.23,17.35,16.860001,17.18,200600,16.952961
2015-10-15,17.17,17.209999,16.67,17.17,297700,16.943093
2015-10-14,17.200001,17.49,17.10,17.200001,242600,16.972698
2015-10-13,17.370001,17.549999,16.99,17.190001,157900,16.962829
2015-10-12,17.610001,17.610001,17.42,17.469999,124200,17.239128
2015-10-09,17.98,18.139999,17.59,17.59,214000,17.357543
2015-10-08,17.690001,17.93,17.60,17.889999,293900,17.653578
2015-10-07,17.219999,18.120001,17.219999,17.690001,485600,17.456222
2015-10-06,16.84,17.200001,16.639999,17.129999,239700,16.903621
2015-10-05,16.08,16.889999,16.059999,16.83,215600,16.607586
2015-10-02,15.46,15.99,15.41,15.99,250500,15.778687
2015-10-01,15.62,15.75,15.34,15.60,264600,15.393842
2015-09-30,15.95,16.08,15.57,15.58,324000,15.374105
2015-09-29,15.44,15.85,15.34,15.79,351300,15.58133
2015-09-28,15.76,15.84,15.38,15.39,272400,15.186617
2015-09-25,15.81,16.059999,15.54,15.83,413100,15.620802
2015-09-24,15.23,15.65,14.99,15.60,370800,15.393842
2015-09-23,15.68,15.82,15.25,15.36,365100,15.157013
2015-09-22,15.63,15.72,15.40,15.65,218600,15.44318
2015-09-21,15.83,16.049999,15.73,15.77,163000,15.561595
2015-09-18,15.88,16.02,15.73,15.77,430300,15.561595
2015-09-17,15.96,16.34,15.86,16.08,166300,15.867498
2015-09-16,15.77,16.00,15.71,15.94,290100,15.729348
2015-09-15,15.68,15.88,15.66,15.77,246400,15.561595
2015-09-14,15.82,15.90,15.60,15.66,191100,15.453048
2015-09-11,15.76,15.87,15.61,15.82,136400,15.610934
2015-09-10,15.81,16.040001,15.77,15.86,150300,15.650405
2015-09-09,16.08,16.290001,15.81,15.86,346200,15.650405
2015-09-08,15.80,16.00,15.67,15.91,233700,15.699744
2015-09-04,15.70,15.87,15.56,15.57,228500,15.364237
2015-09-03,15.89,16.049999,15.81,15.81,186500,15.601066
2015-09-02,16.030001,16.08,15.70,15.84,229900,15.63067
2015-09-01,15.88,16.120001,15.77,15.84,268500,15.58133
2015-08-31,16.059999,16.33,15.91,16.26,228400,15.994471
2015-08-28,16.00,16.209999,15.98,16.120001,219900,15.856758
2015-08-27,15.47,16.25,15.44,16.040001,420800,15.778065
2015-08-26,15.32,15.43,14.90,15.30,393900,15.050148
2015-08-25,15.73,15.73,14.95,15.02,537100,14.774721
2015-08-24,14.96,15.74,14.90,15.26,389600,15.010802
2015-08-21,15.47,15.96,15.27,15.74,336000,15.482963
2015-08-20,15.80,15.94,15.68,15.71,199300,15.453453
2015-08-19,16.139999,16.139999,15.80,16.00,171200,15.738717
2015-08-18,16.26,16.26,15.99,16.049999,137100,15.7879
2015-08-17,16.469999,16.469999,16.09,16.309999,268800,16.043654
2015-08-14,16.51,16.66,16.370001,16.59,228000,16.319082
2015-08-13,16.41,16.58,16.379999,16.450001,491000,16.181369
2015-08-12,15.97,16.60,15.97,16.469999,438700,16.201041
2015-08-11,15.67,16.110001,15.52,16.110001,354900,15.846921
2015-08-10,15.64,16.17,15.61,15.89,341500,15.630514
2015-08-07,16.559999,16.709999,15.54,15.56,484500,15.305903
2015-08-06,16.00,17.129999,15.01,16.84,386300,16.565
2015-08-05,17.559999,17.799999,17.35,17.52,196700,17.233896
2015-08-04,17.549999,17.709999,17.33,17.43,127600,17.145365
2015-08-03,17.68,17.719999,17.34,17.549999,210000,17.263405
2015-07-31,17.66,17.73,17.549999,17.690001,144700,17.40112
2015-07-30,17.360001,17.67,17.309999,17.60,159300,17.312589
2015-07-29,17.309999,17.700001,17.25,17.43,144600,17.145365
2015-07-28,17.01,17.35,16.90,17.34,289900,17.056835
2015-07-27,16.940001,17.120001,16.889999,16.959999,144600,16.683039
2015-07-24,17.32,17.40,16.93,17.030001,216800,16.751898
2015-07-23,17.860001,17.940001,17.309999,17.32,237900,17.037161
2015-07-22,18.030001,18.10,17.719999,17.809999,151100,17.519159
2015-07-21,18.120001,18.26,17.91,18.059999,168100,17.765076
2015-07-20,18.280001,18.360001,18.00,18.08,163200,17.78475
2015-07-17,18.43,18.469999,18.17,18.25,151200,17.951974
2015-07-16,18.50,18.60,18.32,18.459999,230300,18.158544
2015-07-15,18.73,18.85,18.290001,18.41,224700,18.109361
2015-07-14,18.60,18.790001,18.540001,18.73,192800,18.424135
2015-07-13,18.52,18.66,18.389999,18.610001,277400,18.306096
2015-07-10,18.290001,18.50,18.26,18.440001,227900,18.138872
2015-07-09,18.25,18.469999,18.040001,18.059999,402000,17.765076
2015-07-08,18.389999,18.549999,17.860001,18.01,432900,17.715894
2015-07-07,18.82,18.99,18.379999,18.57,405300,18.266748
2015-07-06,18.799999,19.08,18.73,18.780001,305400,18.47332
2015-07-02,19.280001,19.280001,18.940001,19.01,223200,18.699563
2015-07-01,19.549999,19.690001,19.139999,19.209999,326200,18.896296
2015-06-30,19.41,19.77,19.32,19.379999,595700,19.06352
2015-06-29,20.940001,21.08,19.26,19.389999,994100,19.073357
2015-06-26,21.290001,21.389999,20.99,21.08,782900,20.73576
2015-06-25,20.91,21.33,20.85,21.25,334900,20.902984
2015-06-24,20.790001,20.98,20.65,20.82,266800,20.480005
2015-06-23,20.58,20.889999,20.48,20.860001,306200,20.519353
2015-06-22,20.459999,20.639999,20.43,20.60,199900,20.263599
2015-06-19,20.48,20.530001,20.24,20.33,693500,19.998007
2015-06-18,20.299999,20.559999,20.209999,20.42,319900,20.086538
2015-06-17,20.35,20.450001,20.18,20.219999,211300,19.889803
2015-06-16,20.18,20.280001,19.98,20.27,342800,19.938988
2015-06-15,20.84,20.84,20.030001,20.18,359100,19.850457
2015-06-12,21.139999,21.139999,20.93,21.07,110300,20.725923
2015-06-11,21.16,21.25,21.08,21.190001,128200,20.843964
2015-06-10,20.879999,21.299999,20.77,21.18,193400,20.834127
2015-06-09,20.780001,20.889999,20.65,20.75,95300,20.411149
2015-06-08,20.99,21.10,20.74,20.75,99800,20.411149
2015-06-05,20.91,21.08,20.74,21.059999,227600,20.716086
2015-06-04,21.049999,21.10,20.879999,20.969999,234800,20.627555
2015-06-03,20.879999,21.27,20.860001,21.209999,261400,20.863636
2015-06-02,20.530001,20.969999,20.51,20.84,131800,20.450496
2015-06-01,20.889999,20.92,20.52,20.60,167800,20.214982
2015-05-29,20.790001,20.940001,20.60,20.76,276100,20.371991
2015-05-28,21.030001,21.08,20.639999,20.799999,217400,20.411242
2015-05-27,20.90,21.059999,20.76,21.040001,144300,20.646758
2015-05-26,21.00,21.040001,20.67,20.85,192100,20.460309
2015-05-22,21.379999,21.41,21.139999,21.15,116600,20.754701
2015-05-21,21.40,21.540001,21.219999,21.379999,188400,20.980402
2015-05-20,21.43,21.469999,21.27,21.379999,195700,20.980402
2015-05-19,21.610001,21.639999,21.32,21.469999,119100,21.06872
2015-05-18,21.639999,21.700001,21.48,21.620001,181800,21.215918
2015-05-15,21.690001,21.83,21.459999,21.629999,128800,21.22573
2015-05-14,21.200001,21.74,21.200001,21.639999,292300,21.235543
2015-05-13,21.219999,21.360001,20.90,21.120001,331600,20.725263
2015-05-12,21.549999,21.620001,21.16,21.18,387700,20.784141
2015-05-11,21.870001,21.90,21.629999,21.639999,154700,21.235543
2015-05-08,22.48,22.58,21.66,21.83,384900,21.421992
2015-05-07,21.959999,22.629999,21.67,22.27,294300,21.853769
2015-05-06,22.360001,22.469999,22.049999,22.27,263800,21.853769
2015-05-05,22.35,22.549999,22.23,22.309999,288300,21.89302
2015-05-04,22.58,22.75,22.33,22.389999,203000,21.971525
2015-05-01,22.209999,22.700001,22.200001,22.549999,238700,22.128535
2015-04-30,22.799999,22.92,22.190001,22.190001,408700,21.775264
2015-04-29,22.98,23.16,22.889999,22.93,253000,22.501433
2015-04-28,22.870001,23.08,22.719999,23.059999,294900,22.629003
2015-04-27,22.780001,23.200001,22.76,22.91,513400,22.481807
2015-04-24,22.65,22.690001,22.50,22.610001,144200,22.187415
2015-04-23,22.41,22.65,22.27,22.57,198400,22.148161
2015-04-22,22.440001,22.559999,22.200001,22.40,150500,21.981339
2015-04-21,22.709999,22.799999,22.32,22.440001,264500,22.020592
2015-04-20,22.24,22.639999,22.200001,22.639999,328200,22.216853
2015-04-17,22.110001,22.23,21.90,22.07,256400,21.657506
2015-04-16,22.379999,22.40,22.139999,22.25,345000,21.834142
2015-04-15,21.99,22.42,21.92,22.42,311900,22.000965
2015-04-14,21.780001,21.99,21.709999,21.92,293400,21.51031
2015-04-13,22.10,22.219999,21.65,21.799999,274700,21.392552
2015-04-10,21.43,21.610001,21.26,21.60,244100,21.196291
2015-04-09,21.389999,21.52,21.16,21.290001,140300,20.892086
2015-04-08,21.440001,21.530001,21.200001,21.41,257200,21.009842
2015-04-07,21.33,21.530001,21.33,21.440001,262100,21.039282
2015-04-06,21.09,21.58,21.059999,21.299999,232300,20.901897
2015-04-02,21.23,21.389999,21.09,21.16,128600,20.764515
2015-04-01,21.040001,21.549999,21.01,21.219999,356200,20.823393
2015-03-31,20.860001,21.110001,20.780001,21.07,149200,20.676197
2015-03-30,20.879999,21.10,20.84,20.950001,137800,20.55844
2015-03-27,20.780001,20.879999,20.639999,20.780001,299400,20.391618
2015-03-26,20.610001,21.00,20.610001,20.700001,216400,20.313113
2015-03-25,21.24,21.25,20.700001,20.709999,203600,20.322924
2015-03-24,21.15,21.290001,20.92,21.18,258100,20.784141
2015-03-23,20.73,21.07,20.73,21.030001,244100,20.636945
2015-03-20,20.83,20.91,20.50,20.73,527500,20.342551
2015-03-19,20.940001,21.02,20.60,20.700001,340900,20.313113
2015-03-18,20.77,21.120001,20.540001,21.040001,315900,20.646758
2015-03-17,20.74,20.91,20.690001,20.809999,324200,20.421056
2015-03-16,20.76,21.10,20.50,20.860001,359600,20.470122
2015-03-13,20.639999,20.76,20.35,20.66,191800,20.27386
2015-03-12,20.290001,20.690001,20.290001,20.639999,219900,20.254233
2015-03-11,20.50,20.50,20.07,20.15,345500,19.773392
2015-03-10,20.549999,20.59,20.370001,20.48,270800,20.097224
2015-03-09,20.51,20.73,20.41,20.690001,254400,20.3033
2015-03-06,20.530001,20.66,20.34,20.459999,279500,20.077597
2015-03-05,20.77,20.790001,20.540001,20.73,237800,20.342551
2015-03-04,20.530001,20.77,20.43,20.77,225700,20.381804
2015-03-03,20.799999,20.809999,20.58,20.639999,206500,20.254233
2015-03-02,20.610001,21.15,20.57,20.870001,307400,20.430871
2015-02-27,20.780001,21.07,20.59,20.629999,269300,20.195919
2015-02-26,20.74,20.92,20.610001,20.77,131800,20.332974
2015-02-25,20.959999,21.030001,20.690001,20.74,157600,20.303605
2015-02-24,20.969999,21.190001,20.870001,20.92,208600,20.479818
2015-02-23,20.66,20.98,20.450001,20.969999,253400,20.528765
2015-02-20,21.440001,21.540001,20.549999,20.74,336000,20.303605
2015-02-19,20.17,21.59,20.17,21.370001,493300,20.92035
2015-02-18,19.870001,19.959999,19.66,19.879999,238000,19.4617
2015-02-17,20.07,20.34,19.879999,19.940001,220200,19.520439
2015-02-13,19.85,20.18,19.85,20.15,236500,19.726019
2015-02-12,20.00,20.190001,19.83,19.870001,266600,19.451912
2015-02-11,19.68,19.959999,19.68,19.84,264100,19.422542
2015-02-10,19.799999,19.879999,19.610001,19.77,418300,19.354016
2015-02-09,19.90,20.00,19.639999,19.68,447100,19.265909
2015-02-06,20.27,20.49,19.93,19.940001,587200,19.520439
2015-02-05,20.040001,20.33,19.91,20.24,359300,19.814126
2015-02-04,19.92,20.209999,19.82,19.959999,300900,19.540016
2015-02-03,20.02,20.360001,19.92,20.00,301300,19.579176
2015-02-02,19.799999,19.950001,19.52,19.889999,292500,19.47149
2015-01-30,19.799999,20.08,19.67,19.73,307300,19.314856
2015-01-29,19.549999,20.02,19.549999,20.01,245100,19.588966
2015-01-28,19.77,19.809999,19.459999,19.59,284000,19.177803
2015-01-27,19.27,19.690001,19.16,19.57,213300,19.158223
2015-01-26,19.379999,19.629999,19.27,19.459999,401300,19.050537
2015-01-23,19.799999,19.799999,19.190001,19.35,221700,18.942853
2015-01-22,19.27,19.799999,19.10,19.799999,206700,19.383383
2015-01-21,19.18,19.40,19.02,19.129999,175600,18.727481
2015-01-20,19.690001,19.690001,19.200001,19.26,177900,18.854746
2015-01-16,19.280001,19.73,19.280001,19.639999,192300,19.22675
2015-01-15,19.90,19.90,19.34,19.389999,343800,18.98201
2015-01-14,19.629999,19.83,19.51,19.809999,203900,19.393173
2015-01-13,19.76,20.040001,19.629999,19.85,347800,19.432332
2015-01-12,19.73,19.73,19.32,19.549999,133700,19.138644
2015-01-09,20.07,20.09,19.60,19.690001,126100,19.275699
2015-01-08,19.799999,20.25,19.60,20.120001,176700,19.696652
2015-01-07,19.66,19.77,19.469999,19.60,204600,19.187593
2015-01-06,20.01,20.16,19.459999,19.57,168500,19.158223
2015-01-05,20.379999,20.379999,19.879999,19.99,169900,19.569386
2015-01-02,20.85,20.870001,20.24,20.459999,137500,20.029496
2014-12-31,20.85,21.08,20.77,20.780001,177500,20.342764
2014-12-30,20.610001,20.90,20.610001,20.76,140500,20.323185
2014-12-29,20.76,20.85,20.280001,20.700001,329100,20.264448
2014-12-26,20.52,20.91,20.51,20.76,151100,20.323185
2014-12-24,20.26,20.469999,20.18,20.389999,126300,19.960969
2014-12-23,20.309999,20.51,20.17,20.190001,304100,19.765178
2014-12-22,20.040001,20.110001,19.799999,20.00,232300,19.579176
2014-12-19,20.02,20.190001,19.93,20.00,669800,19.579176
2014-12-18,19.719999,20.15,19.610001,20.00,289500,19.579176
2014-12-17,19.280001,19.58,19.07,19.48,413600,19.070117
2014-12-16,19.299999,19.459999,19.07,19.200001,416700,18.796009
2014-12-15,19.58,19.74,19.280001,19.299999,242400,18.893904
2014-12-12,20.139999,20.26,19.41,19.52,302400,19.109276
2014-12-11,20.65,20.959999,20.41,20.450001,213400,20.019708
2014-12-10,21.120001,21.280001,20.450001,20.52,236800,20.088235
2014-12-09,20.540001,21.360001,20.43,21.24,386700,20.793084
2014-12-08,20.969999,21.23,20.76,20.790001,241000,20.352554
2014-12-05,20.60,21.059999,20.51,20.98,240700,20.538555
2014-12-04,20.82,20.85,20.48,20.59,218000,20.156762
2014-12-03,20.68,20.93,20.540001,20.809999,210000,20.372132
2014-12-02,20.309999,20.959999,20.309999,20.719999,193800,20.284025
2014-12-01,20.389999,20.43,20.16,20.280001,247100,19.853285
2014-11-28,20.85,20.91,20.41,20.41,160700,19.980549
2014-11-26,21.139999,21.139999,20.60,20.74,339300,20.303605
2014-11-25,21.200001,21.48,21.110001,21.15,190300,20.704978
2014-11-24,21.049999,21.209999,21.00,21.18,160000,20.734347
2014-11-21,21.540001,21.540001,20.950001,21.02,318000,20.577714
2014-11-20,20.799999,21.17,20.73,21.139999,153500,20.695188
2014-11-19,21.01,21.120001,20.629999,20.84,212400,20.401501
2014-11-18,20.940001,21.23,20.83,21.07,260200,20.626661
2014-11-17,21.209999,21.280001,20.84,20.860001,269900,20.421081
2014-11-14,21.219999,21.42,21.200001,21.219999,224700,20.773505
2014-11-13,21.60,21.709999,21.16,21.17,306300,20.724558
2014-11-12,21.690001,21.90,21.530001,21.559999,269800,21.106351
2014-11-11,21.879999,22.059999,21.76,21.809999,219300,21.351091
2014-11-10,21.450001,21.879999,21.34,21.84,244300,21.38046
2014-11-07,21.34,21.49,21.17,21.459999,283100,21.008455
2014-11-06,20.75,21.50,20.559999,21.48,359200,21.028034
2014-11-05,20.24,20.75,19.84,20.50,277300,20.068655
2014-11-04,20.66,20.940001,20.59,20.799999,172500,20.362342
2014-11-03,21.02,21.08,20.610001,20.690001,174800,20.254658
2014-10-31,21.17,21.200001,20.77,21.030001,318700,20.587504
2014-10-30,20.50,20.889999,20.440001,20.76,136600,20.323185
2014-10-29,20.620001,20.82,20.42,20.59,148800,20.156762
2014-10-28,19.969999,20.610001,19.879999,20.58,187100,20.146972
2014-10-27,19.809999,19.950001,19.540001,19.85,158800,19.432332
2014-10-24,19.940001,19.950001,19.73,19.879999,150900,19.4617
2014-10-23,19.73,20.049999,19.639999,19.85,170100,19.432332
2014-10-22,19.950001,20.09,19.60,19.60,136300,19.187593
2014-10-21,19.700001,19.950001,19.549999,19.879999,177000,19.4617
2014-10-20,19.110001,19.629999,19.030001,19.620001,142300,19.207172
2014-10-17,19.10,19.280001,19.00,19.16,385400,18.75685
2014-10-16,18.85,19.139999,18.629999,18.98,394600,18.580637
2014-10-15,18.73,19.34,18.559999,19.16,266400,18.75685
2014-10-14,19.00,19.34,18.940001,19.00,248400,18.600217
2014-10-13,18.959999,19.290001,18.780001,18.799999,313500,18.404424
2014-10-10,18.91,19.16,18.83,18.91,383000,18.51211
2014-10-09,19.280001,19.41,18.889999,18.99,248200,18.590427
2014-10-08,18.82,19.379999,18.77,19.309999,271500,18.903694
2014-10-07,19.17,19.200001,18.870001,18.870001,224100,18.472953
2014-10-06,19.450001,19.450001,19.209999,19.280001,162000,18.874326
2014-10-03,19.40,19.620001,19.190001,19.43,286400,19.02117
2014-10-02,19.09,19.299999,18.83,19.16,339000,18.75685
2014-10-01,19.42,19.459999,19.110001,19.139999,230500,18.737271
2014-09-30,19.870001,19.90,19.379999,19.379999,311800,18.97222
2014-09-29,19.780001,20.030001,19.700001,19.870001,217500,19.451912
2014-09-26,19.67,20.129999,19.66,19.98,271700,19.559596
2014-09-25,19.790001,19.90,19.459999,19.639999,425100,19.22675
2014-09-24,19.950001,20.040001,19.639999,19.92,173000,19.500859
2014-09-23,20.00,20.09,19.860001,19.879999,167100,19.4617
2014-09-22,19.870001,20.10,19.780001,20.01,246000,19.588966
2014-09-19,20.16,20.40,19.77,19.959999,851500,19.540016
2014-09-18,20.33,20.49,20.129999,20.190001,291900,19.765178
2014-09-17,20.43,20.43,20.139999,20.27,210700,19.843495
2014-09-16,20.48,20.549999,20.23,20.360001,251000,19.931601
2014-09-15,20.66,20.66,20.440001,20.469999,188800,20.039286
2014-09-12,20.98,21.00,20.52,20.709999,168700,20.274236
2014-09-11,20.889999,21.07,20.83,20.969999,135600,20.528765
2014-09-10,20.700001,21.139999,20.700001,20.98,200400,20.538555
2014-09-09,20.99,20.99,20.65,20.719999,151300,20.284025
2014-09-08,21.110001,21.190001,20.879999,20.950001,188200,20.509187
2014-09-05,21.059999,21.200001,20.90,21.10,127400,20.656031
2014-09-04,21.209999,21.370001,21.049999,21.16,189000,20.714768
2014-09-03,21.34,21.35,20.83,21.110001,203700,20.665821
2014-09-02,21.35,21.450001,21.120001,21.299999,139300,20.851821
2014-08-29,21.15,21.280001,21.030001,21.24,130900,20.793084
2014-08-28,21.299999,21.299999,21.120001,21.16,164300,20.714768
2014-08-27,21.26,21.469999,21.17,21.32,192800,20.871401
2014-08-26,21.209999,21.370001,21.200001,21.299999,164200,20.851821
2014-08-25,21.51,21.60,21.129999,21.190001,172500,20.744137
2014-08-22,21.23,21.58,20.959999,21.450001,232800,20.998667
2014-08-21,21.00,21.32,20.799999,21.25,201800,20.802874
2014-08-20,21.389999,21.389999,20.889999,20.98,179200,20.538555
2014-08-19,21.43,21.549999,21.360001,21.459999,125300,21.008455
2014-08-18,21.309999,21.50,21.25,21.49,139000,21.037824
2014-08-15,21.549999,21.57,20.889999,21.07,172300,20.626661
2014-08-14,21.190001,21.32,21.110001,21.32,80300,20.871401
2014-08-13,21.209999,21.280001,21.139999,21.23,138200,20.783295
2014-08-12,21.110001,21.309999,20.91,21.10,170400,20.656031
2014-08-11,20.709999,21.280001,20.51,21.23,275900,20.783295
2014-08-08,20.379999,20.799999,20.059999,20.559999,575300,20.127392
2014-08-07,21.639999,21.639999,21.379999,21.440001,309100,20.988877
2014-08-06,21.35,21.559999,21.290001,21.48,268200,21.028034
2014-08-05,21.639999,22.02,21.52,21.57,241900,21.116141
2014-08-04,21.34,21.76,21.17,21.690001,162700,21.233617
2014-08-01,21.17,21.309999,21.049999,21.27,282600,20.822454
2014-07-31,21.57,21.67,21.200001,21.200001,267100,20.753927
2014-07-30,22.07,22.129999,21.790001,21.799999,157200,21.341301
2014-07-29,22.110001,22.24,21.91,21.92,190000,21.458777
2014-07-28,21.98,22.18,21.799999,22.07,168100,21.60562
2014-07-25,22.16,22.33,21.940001,21.98,166000,21.517514
2014-07-24,22.50,22.559999,22.200001,22.32,135100,21.85036
2014-07-23,22.73,22.73,22.389999,22.50,156900,22.026573
2014-07-22,22.17,22.91,22.17,22.73,320800,22.251733
2014-07-21,21.959999,22.110001,21.799999,22.10,143500,21.63499
2014-07-18,21.969999,22.18,21.940001,22.07,293300,21.60562
2014-07-17,22.190001,22.469999,21.99,22.01,261700,21.546883
2014-07-16,22.389999,22.43,22.129999,22.35,188100,21.879729
2014-07-15,22.459999,22.629999,22.17,22.35,225400,21.879729
2014-07-14,22.33,22.549999,22.08,22.450001,218200,21.977625
2014-07-11,22.049999,22.120001,21.860001,22.049999,165400,21.58604
2014-07-10,22.16,22.26,21.950001,22.01,320500,21.546883
2014-07-09,22.66,22.73,22.530001,22.610001,177500,22.134259
2014-07-08,22.60,22.690001,22.459999,22.65,165200,22.173416
2014-07-07,22.889999,22.889999,22.66,22.68,172900,22.202786
2014-07-03,22.85,22.940001,22.77,22.93,103300,22.447525
2014-07-02,22.74,23.129999,22.67,22.76,202000,22.281102
2014-07-01,22.42,23.040001,22.379999,22.780001,318500,22.300682
2014-06-30,22.48,22.50,22.18,22.33,301900,21.86015
2014-06-27,21.709999,22.549999,21.66,22.459999,484100,21.987413
2014-06-26,22.129999,22.129999,21.790001,21.860001,85400,21.40004
2014-06-25,21.82,22.110001,21.82,22.110001,165300,21.644779
2014-06-24,22.18,22.52,21.950001,21.969999,155700,21.507724
2014-06-23,22.40,22.51,22.110001,22.27,164400,21.801413
2014-06-20,22.25,22.549999,22.15,22.440001,506500,21.967836
2014-06-19,22.25,22.309999,22.10,22.16,158500,21.693727
2014-06-18,22.17,22.26,21.93,22.24,125500,21.772043
2014-06-17,22.00,22.25,21.950001,22.15,242400,21.683937
2014-06-16,22.34,22.34,21.940001,22.040001,257400,21.576253
2014-06-13,22.52,22.629999,22.309999,22.42,225200,21.948256
2014-06-12,22.50,22.59,22.32,22.450001,193300,21.977625
2014-06-11,22.610001,22.639999,22.24,22.52,351500,22.046152
2014-06-10,22.809999,22.85,22.639999,22.76,274500,22.281102
2014-06-09,22.85,23.049999,22.75,22.91,139800,22.427946
2014-06-06,22.709999,22.92,22.65,22.860001,219600,22.378998
2014-06-05,21.809999,22.59,21.799999,22.58,305500,22.104889
2014-06-04,21.629999,21.879999,21.629999,21.82,203400,21.36088
2014-06-03,21.75,21.940001,21.66,21.77,244900,21.311933
2014-06-02,21.559999,22.27,21.530001,21.90,308600,21.439197
2014-05-30,21.709999,21.799999,21.389999,21.450001,338000,20.998667
2014-05-29,21.700001,21.809999,21.43,21.65,225000,21.194457
2014-05-28,21.809999,21.940001,21.58,21.67,270300,21.214037
2014-05-27,21.67,21.950001,21.59,21.84,270400,21.38046
2014-05-23,21.459999,21.60,21.309999,21.59,267100,21.13572
2014-05-22,20.889999,21.139999,20.700001,21.09,180400,20.646241
2014-05-21,20.83,20.92,20.51,20.870001,222100,20.430871
2014-05-20,21.34,21.34,20.709999,20.75,296700,20.313395
2014-05-19,21.059999,21.58,20.969999,21.33,295500,20.881191
2014-05-16,20.99,21.15,20.799999,21.08,266900,20.636451
2014-05-15,20.98,21.030001,20.690001,20.93,298400,20.489608
2014-05-14,21.57,21.610001,21.01,21.10,293700,20.656031
2014-05-13,21.780001,22.00,21.540001,21.540001,320400,21.086773
2014-05-12,21.17,21.98,21.17,21.74,687400,21.282564
2014-05-09,19.98,21.040001,19.860001,21.00,572100,20.558134
2014-05-08,19.48,20.74,19.48,20.02,480400,19.598755
2014-05-07,19.540001,19.67,19.379999,19.67,287900,19.256119
2014-05-06,19.709999,19.879999,19.450001,19.57,246400,19.158223
2014-05-05,19.860001,20.00,19.690001,19.790001,313900,19.373595
2014-05-02,19.83,20.34,19.83,19.950001,329200,19.530229
2014-05-01,20.00,20.040001,19.73,19.82,443800,19.402963
2014-04-30,20.139999,20.200001,19.879999,20.030001,303000,19.608545
2014-04-29,20.25,20.42,20.110001,20.17,167500,19.745599
2014-04-28,20.200001,20.379999,19.84,20.129999,182500,19.70644
2014-04-25,20.290001,20.34,20.040001,20.139999,309000,19.716229
2014-04-24,20.52,20.549999,20.200001,20.309999,296600,19.882652
2014-04-23,20.950001,20.950001,20.370001,20.379999,370200,19.951179
2014-04-22,20.75,21.02,20.65,20.93,264500,20.489608
2014-04-21,20.67,20.82,20.530001,20.68,186700,20.244868
2014-04-17,20.43,20.77,20.43,20.67,322000,20.235078
2014-04-16,20.469999,20.75,20.34,20.459999,522000,20.029496
2014-04-15,20.309999,20.35,19.74,20.309999,434300,19.882652
2014-04-14,20.280001,20.48,20.110001,20.25,270300,19.823915
2014-04-11,20.16,20.549999,20.08,20.17,427400,19.745599
2014-04-10,21.040001,21.209999,20.200001,20.35,445400,19.921812
2014-04-09,21.450001,21.52,20.91,21.08,391600,20.636451
2014-04-08,21.120001,21.549999,21.09,21.40,264400,20.949718
2014-04-07,21.389999,21.50,21.07,21.120001,232000,20.67561
2014-04-04,21.959999,22.00,21.280001,21.43,200300,20.979087
2014-04-03,22.00,22.09,21.709999,21.809999,184200,21.351091
2014-04-02,21.950001,22.040001,21.780001,21.969999,171800,21.507724
2014-04-01,21.889999,22.030001,21.719999,21.969999,197700,21.507724
2014-03-31,21.129999,21.879999,21.00,21.83,257100,21.37067
2014-03-28,21.25,21.450001,21.040001,21.07,178800,20.626661
2014-03-27,21.48,21.59,21.190001,21.23,244200,20.783295
2014-03-26,21.780001,21.879999,21.49,21.51,297600,21.057404
2014-03-25,21.700001,21.91,21.639999,21.700001,255000,21.243406
2014-03-24,21.610001,22.00,21.469999,21.59,368800,21.13572
2014-03-21,20.82,21.799999,20.82,21.58,896500,21.125931
2014-03-20,20.469999,20.940001,20.469999,20.790001,365800,20.352554
2014-03-19,20.66,20.77,20.469999,20.58,254900,20.146972
2014-03-18,20.559999,20.83,20.51,20.67,379400,20.235078
2014-03-17,20.65,20.860001,20.540001,20.540001,367300,20.107814
2014-03-14,20.59,20.950001,20.459999,20.50,276900,20.068655
2014-03-13,20.809999,20.92,20.610001,20.65,234000,20.215499
2014-03-12,20.85,21.02,20.77,20.84,335500,20.401501
2014-03-11,20.959999,21.17,20.690001,20.959999,437300,20.518975
2014-03-10,20.559999,21.059999,20.559999,20.98,396500,20.538555
2014-03-07,20.639999,20.700001,20.51,20.620001,363400,20.186131
2014-03-06,20.51,20.719999,20.51,20.60,194500,20.166551
2014-03-05,20.23,20.67,20.17,20.530001,360200,20.098025
2014-03-04,20.059999,20.43,20.059999,20.23,372400,19.804336
2014-03-03,20.08,20.200001,19.85,19.92,317100,19.500859
2014-02-28,20.01,20.42,19.950001,20.129999,453700,19.70644
2014-02-27,19.450001,20.24,19.24,19.959999,604400,19.540016
2014-02-26,19.280001,19.690001,19.280001,19.40,255300,18.9918
2014-02-25,18.860001,19.48,18.77,19.299999,576300,18.893904
2014-02-24,19.01,19.129999,18.85,18.860001,295100,18.463163
2014-02-21,18.940001,19.16,18.74,18.950001,499200,18.55127
2014-02-20,20.43,20.610001,18.950001,18.99,987300,18.590427
2014-02-19,20.870001,21.290001,20.450001,20.67,546700,20.235078
2014-02-18,21.10,21.23,20.93,20.940001,302400,20.499397
2014-02-14,20.549999,21.110001,20.360001,21.01,496000,20.567924
2014-02-13,20.33,20.73,20.27,20.540001,292700,20.107814
2014-02-12,20.41,20.709999,20.379999,20.48,265800,20.049075
2014-02-11,20.27,20.48,20.18,20.379999,213100,19.951179
2014-02-10,20.110001,20.50,19.91,20.27,359300,19.843495
2014-02-07,20.209999,20.42,20.15,20.15,352100,19.726019
2014-02-06,19.85,20.219999,19.83,20.10,224900,19.677072
2014-02-05,19.83,19.969999,19.610001,19.85,231000,19.432332
2014-02-04,19.950001,20.18,19.790001,19.940001,277800,19.520439
2014-02-03,20.309999,20.450001,19.860001,19.90,514700,19.481279
2014-01-31,19.809999,20.42,19.799999,20.309999,403500,19.882652
2014-01-30,19.889999,20.26,19.77,20.120001,342400,19.696652
2014-01-29,19.57,19.84,19.51,19.700001,387600,19.285489
2014-01-28,19.639999,19.82,19.51,19.74,391300,19.324646
2014-01-27,20.08,20.09,19.629999,19.639999,433200,19.22675
2014-01-24,20.299999,20.389999,20.059999,20.09,406100,19.667282
2014-01-23,20.459999,20.66,20.43,20.450001,284700,20.019708
2014-01-22,20.629999,20.65,20.450001,20.58,239900,20.146972
2014-01-21,20.860001,21.00,20.60,20.620001,292900,20.186131
2014-01-17,20.92,21.030001,20.65,20.700001,160500,20.264448
2014-01-16,20.950001,21.299999,20.90,20.92,428000,20.479818
2014-01-15,20.82,21.00,20.77,20.91,329700,20.470028
2014-01-14,20.57,20.690001,20.559999,20.690001,275200,20.254658
2014-01-13,20.60,20.85,20.450001,20.530001,290600,20.098025
2014-01-10,20.67,20.969999,20.540001,20.65,342400,20.215499
2014-01-09,20.75,20.75,20.32,20.60,424800,20.166551
2014-01-08,20.16,20.83,20.10,20.700001,1197900,20.264448
2014-01-07,20.16,20.360001,20.02,20.16,251600,19.735809
2014-01-06,20.309999,20.35,20.059999,20.07,214600,19.647703
2014-01-03,20.35,20.559999,20.200001,20.280001,339700,19.853285
2014-01-02,20.559999,20.559999,20.32,20.34,346100,19.912022
2013-12-31,20.709999,20.860001,20.530001,20.57,260100,20.137182
2013-12-30,20.780001,20.879999,20.690001,20.709999,220800,20.274236
2013-12-27,20.889999,20.99,20.719999,20.799999,200600,20.362342
2013-12-26,20.540001,20.780001,20.360001,20.76,183600,20.323185
2013-12-24,20.57,20.76,20.52,20.559999,190500,20.127392
2013-12-23,20.629999,20.629999,20.440001,20.52,357300,20.088235
2013-12-20,20.059999,20.610001,19.940001,20.58,1132400,20.146972
2013-12-19,19.92,20.32,19.92,20.01,325900,19.588966
2013-12-18,19.700001,20.01,19.67,19.91,258600,19.491069
2013-12-17,19.57,19.73,19.49,19.68,167000,19.265909
2013-12-16,19.26,19.73,19.26,19.540001,422500,19.128856
2013-12-13,19.629999,19.719999,19.209999,19.209999,332600,18.805797
2013-12-12,19.379999,19.52,19.290001,19.379999,318500,18.97222
2013-12-11,19.860001,19.860001,19.360001,19.459999,281500,19.050537
2013-12-10,20.200001,20.200001,19.809999,19.82,248800,19.402963
2013-12-09,20.34,20.389999,20.15,20.18,158900,19.755389
2013-12-06,20.43,20.690001,20.129999,20.360001,201200,19.931601
2013-12-05,20.129999,20.35,20.01,20.18,173100,19.755389
2013-12-04,20.08,20.32,19.860001,20.120001,267000,19.696652
2013-12-03,20.370001,20.49,19.870001,20.110001,235900,19.686862
2013-12-02,20.66,20.790001,20.43,20.459999,154900,20.029496
2013-11-29,20.73,21.00,20.66,20.709999,177600,20.274236
2013-11-27,20.360001,20.709999,20.33,20.66,240100,20.225288
2013-11-26,20.280001,20.450001,20.110001,20.309999,187200,19.882652
2013-11-25,20.50,20.50,20.26,20.290001,140600,19.863075
2013-11-22,20.50,20.50,20.34,20.469999,206000,20.039286
2013-11-21,20.40,20.530001,20.299999,20.450001,207200,20.019708
2013-11-20,20.24,20.49,20.18,20.32,109700,19.892442
2013-11-19,20.42,20.65,20.209999,20.25,122100,19.823915
2013-11-18,20.40,20.530001,20.23,20.43,154100,20.000128
2013-11-15,20.469999,20.530001,20.27,20.389999,239200,19.960969
2013-11-14,20.50,20.58,20.27,20.51,165800,20.078445
2013-11-13,20.290001,20.50,20.200001,20.43,247600,20.000128
2013-11-12,20.25,20.59,20.129999,20.48,245600,20.049075
2013-11-11,20.15,20.370001,19.799999,20.23,371100,19.804336
2013-11-08,19.139999,19.83,19.139999,19.60,294600,19.187593
2013-11-07,19.40,19.59,19.120001,19.18,211300,18.77643
2013-11-06,20.00,20.040001,19.309999,19.370001,291700,18.962432
2013-11-05,19.98,20.16,19.790001,19.84,249800,19.422542
2013-11-04,20.25,20.469999,19.940001,20.030001,553000,19.608545
2013-11-01,19.950001,20.08,19.700001,19.950001,393300,19.530229
2013-10-31,20.059999,20.209999,19.85,19.950001,537800,19.530229
2013-10-30,20.26,20.540001,20.00,20.01,322900,19.588966
2013-10-29,20.51,20.67,20.09,20.18,349700,19.755389
2013-10-28,20.309999,20.85,20.26,20.389999,526700,19.960969
2013-10-25,20.360001,20.389999,20.059999,20.139999,196900,19.716229
2013-10-24,20.25,20.32,20.110001,20.27,150500,19.843495
2013-10-23,20.110001,20.26,20.040001,20.18,155100,19.755389
2013-10-22,20.040001,20.23,19.889999,20.17,289600,19.745599
2013-10-21,20.030001,20.09,19.809999,19.92,245800,19.500859
2013-10-18,19.91,20.049999,19.73,20.01,346200,19.588966
2013-10-17,19.41,19.780001,19.41,19.780001,287900,19.363805
2013-10-16,19.639999,19.75,19.379999,19.43,189500,19.02117
2013-10-15,19.719999,19.75,19.459999,19.48,237100,19.070117
2013-10-14,19.35,19.719999,19.33,19.700001,152200,19.285489
2013-10-11,19.07,19.549999,19.02,19.49,205300,19.079907
2013-10-10,18.90,19.16,18.82,19.07,181100,18.668744
2013-10-09,18.84,18.889999,18.620001,18.75,181200,18.355477
2013-10-08,18.879999,18.950001,18.690001,18.77,229400,18.375057
2013-10-07,19.01,19.049999,18.90,18.93,201300,18.53169
2013-10-04,19.02,19.24,19.01,19.129999,97500,18.727481
2013-10-03,18.99,19.16,18.74,19.02,182500,18.619797
2013-10-02,19.059999,19.129999,18.85,19.08,130200,18.678534
2013-10-01,18.98,19.23,18.98,19.129999,137200,18.727481
2013-09-30,18.790001,19.030001,18.77,18.99,220400,18.590427
2013-09-27,18.799999,19.139999,18.799999,19.01,188400,18.610007
2013-09-26,18.639999,19.049999,18.59,18.959999,218900,18.561058
2013-09-25,18.50,18.68,18.41,18.57,208300,18.179264
2013-09-24,18.469999,18.620001,18.360001,18.52,250900,18.130317
2013-09-23,18.59,18.629999,18.360001,18.51,258100,18.120527
2013-09-20,18.610001,18.690001,18.469999,18.59,539700,18.198844
2013-09-19,18.629999,18.700001,18.530001,18.610001,160400,18.218424
2013-09-18,18.559999,18.709999,18.40,18.610001,262300,18.218424
2013-09-17,18.379999,18.559999,18.32,18.52,171500,18.130317
2013-09-16,18.76,18.76,18.360001,18.379999,290400,17.993262
2013-09-13,18.42,18.629999,18.42,18.549999,154100,18.159685
2013-09-12,18.290001,18.50,18.16,18.41,270600,18.022631
2013-09-11,18.17,18.459999,18.030001,18.309999,213800,17.924735
2013-09-10,18.129999,18.34,17.93,18.25,191000,17.865998
2013-09-09,17.85,18.10,17.83,18.07,163200,17.689785
2013-09-06,17.719999,17.879999,17.299999,17.76,234400,17.386308
2013-09-05,17.540001,17.77,17.540001,17.620001,123500,17.249255
2013-09-04,17.23,17.58,17.129999,17.50,204200,17.131779
2013-09-03,17.360001,17.559999,17.09,17.23,258800,16.867459
2013-08-30,17.629999,17.66,17.110001,17.200001,222600,16.838092
2013-08-29,17.450001,17.790001,17.450001,17.620001,118600,17.249255
2013-08-28,17.559999,17.719999,17.450001,17.49,97200,17.121989
2013-08-27,17.40,17.700001,17.290001,17.540001,355800,17.170938
2013-08-26,17.639999,17.82,17.59,17.60,115900,17.229675
2013-08-23,17.549999,17.629999,17.389999,17.60,117600,17.229675
2013-08-22,17.27,17.639999,17.27,17.52,98900,17.151358
2013-08-21,17.49,17.60,17.16,17.23,157400,16.867459
2013-08-20,17.280001,17.639999,17.190001,17.469999,101600,17.102409
2013-08-19,17.43,17.57,17.25,17.26,182900,16.896829
2013-08-16,17.50,17.67,17.370001,17.49,206300,17.121989
2013-08-15,17.83,17.84,17.50,17.530001,181800,17.161148
2013-08-14,18.10,18.209999,17.93,17.99,163000,17.611468
2013-08-13,18.110001,18.209999,17.950001,18.09,103700,17.709365
2013-08-12,17.90,18.15,17.82,18.08,151300,17.699575
2013-08-09,18.120001,18.200001,17.92,18.00,194600,17.621258
2013-08-08,18.33,18.370001,18.02,18.16,233500,17.777891
2013-08-07,18.24,18.51,18.110001,18.190001,317800,17.807261
2013-08-06,18.10,18.860001,17.959999,18.049999,473200,17.670205
2013-08-05,17.99,18.200001,17.92,18.01,189800,17.631048
2013-08-02,18.129999,18.18,17.99,18.030001,143100,17.650628
2013-08-01,18.10,18.290001,17.940001,18.17,184500,17.787681
2013-07-31,18.08,18.120001,17.92,17.93,213600,17.552731
2013-07-30,17.99,18.059999,17.90,18.049999,211400,17.670205
2013-07-29,17.780001,17.940001,17.73,17.91,126100,17.533152
2013-07-26,17.790001,17.99,17.700001,17.83,154700,17.454835
2013-07-25,17.639999,17.93,17.57,17.93,224600,17.552731
2013-07-24,17.959999,17.959999,17.51,17.629999,168900,17.259043
2013-07-23,17.950001,18.10,17.870001,17.91,226500,17.533152
2013-07-22,17.90,18.10,17.76,17.940001,163900,17.562521
2013-07-19,17.780001,17.98,17.67,17.879999,205700,17.503782
2013-07-18,17.76,18.110001,17.65,17.799999,140300,17.425466
2013-07-17,17.83,17.940001,17.700001,17.74,135300,17.366729
2013-07-16,17.77,17.879999,17.65,17.709999,156200,17.337359
2013-07-15,17.790001,17.969999,17.66,17.719999,203900,17.347149
2013-07-12,17.85,18.00,17.700001,17.790001,153100,17.415678
2013-07-11,17.75,17.90,17.66,17.870001,179600,17.493994
2013-07-10,17.559999,17.700001,17.42,17.620001,208800,17.249255
2013-07-09,17.48,17.639999,17.370001,17.57,333400,17.200306
2013-07-08,17.15,17.52,17.15,17.35,320000,16.984935
2013-07-05,17.120001,17.120001,16.90,17.110001,199300,16.749985
2013-07-03,16.85,17.10,16.82,16.950001,305300,16.593352
2013-07-02,16.860001,17.059999,16.77,16.879999,529700,16.524823
2013-07-01,16.690001,17.09,16.67,16.870001,233700,16.515036
2013-06-28,16.860001,17.139999,16.67,16.68,634700,16.329033
2013-06-27,16.629999,16.92,16.559999,16.860001,486000,16.505246
2013-06-26,16.51,16.709999,16.440001,16.469999,294200,16.123451
2013-06-25,16.540001,16.639999,16.40,16.43,267100,16.084293
2013-06-24,16.34,16.49,16.209999,16.34,394200,15.996187
2013-06-21,16.290001,16.809999,16.280001,16.440001,1755700,16.094083
2013-06-20,16.440001,16.76,16.23,16.280001,712300,15.93745
2013-06-19,16.91,16.959999,16.48,16.700001,738200,16.348612
2013-06-18,16.90,17.120001,16.66,16.889999,425900,16.534613
2013-06-17,17.08,17.26,16.77,16.860001,713700,16.505246
2013-06-14,17.440001,17.440001,16.950001,17.02,374200,16.661879
2013-06-13,17.09,17.530001,16.809999,17.43,526600,17.063252
2013-06-12,17.360001,17.58,17.129999,17.18,525100,16.818512
2013-06-11,17.17,17.540001,17.030001,17.389999,469300,17.024093
2013-06-10,17.879999,17.950001,17.51,17.65,500600,17.278622
2013-06-07,17.99,18.040001,17.639999,17.879999,429500,17.503782
2013-06-06,18.07,18.309999,17.809999,18.120001,199800,17.738734
2013-06-05,18.219999,18.389999,18.030001,18.10,291400,17.719154
2013-06-04,18.23,18.66,18.00,18.290001,314300,17.905157
2013-06-03,18.10,18.360001,18.030001,18.23,311200,17.846418
2013-05-31,17.969999,18.34,17.90,18.059999,235700,17.679995
2013-05-30,18.02,18.190001,17.950001,18.030001,253300,17.650628
2013-05-29,17.85,18.040001,17.719999,17.969999,238900,17.591889
2013-05-28,17.90,18.40,17.90,18.08,355700,17.699575
2013-05-24,17.66,18.030001,17.559999,17.91,326900,17.533152
2013-05-23,17.50,18.08,17.50,17.92,344400,17.542942
2013-05-22,17.91,18.40,17.700001,17.790001,310300,17.415678
2013-05-21,17.959999,18.200001,17.959999,18.040001,277200,17.660417
2013-05-20,17.85,18.190001,17.83,18.00,327700,17.621258
2013-05-17,17.690001,17.99,17.48,17.950001,399700,17.572311
2013-05-16,17.540001,17.860001,17.530001,17.73,221500,17.356939
2013-05-15,17.41,17.690001,17.360001,17.59,265900,17.219885
2013-05-14,17.23,17.549999,17.23,17.440001,289000,17.073042
2013-05-13,17.25,17.370001,16.92,17.23,256200,16.867459
2013-05-10,17.110001,17.389999,17.07,17.27,203400,16.906619
2013-05-09,17.049999,17.389999,17.049999,17.07,161300,16.710826
2013-05-08,17.049999,17.16,16.85,17.049999,220100,16.691247
2013-05-07,17.360001,17.43,16.799999,17.049999,307800,16.691247
2013-05-06,17.40,17.76,17.110001,17.33,251300,16.965356
2013-05-03,17.110001,17.50,16.889999,17.209999,237000,16.84788
2013-05-02,16.799999,17.059999,16.73,16.91,145000,16.554193
2013-05-01,16.93,17.049999,16.65,16.67,320000,16.319243
2013-04-30,17.139999,17.209999,16.85,17.040001,280000,16.681459
2013-04-29,17.209999,17.26,17.08,17.129999,128400,16.769563
2013-04-26,17.049999,17.200001,16.93,17.07,195000,16.710826
2013-04-25,17.030001,17.459999,17.01,17.08,209800,16.720616
2013-04-24,16.93,17.07,16.809999,16.92,162200,16.563983
2013-04-23,16.75,16.99,16.709999,16.870001,208500,16.515036
2013-04-22,16.709999,16.76,16.32,16.67,159100,16.319243
2013-04-19,16.42,16.76,16.379999,16.68,251100,16.329033
2013-04-18,16.58,16.780001,16.41,16.41,346700,16.064714
2013-04-17,16.889999,16.889999,16.43,16.50,288200,16.15282
2013-04-16,16.799999,17.08,16.780001,17.049999,267400,16.691247
2013-04-15,17.129999,17.24,16.530001,16.65,420600,16.299663
2013-04-12,17.32,17.48,17.07,17.23,236100,16.867459
2013-04-11,17.540001,17.77,17.360001,17.40,209300,17.033882
2013-04-10,17.129999,17.67,17.129999,17.549999,328400,17.180726
2013-04-09,17.49,17.540001,17.209999,17.280001,438500,16.916408
2013-04-08,17.41,17.469999,17.24,17.43,320500,17.063252
2013-04-05,17.24,17.43,17.030001,17.40,310200,17.033882
2013-04-04,17.40,17.58,17.360001,17.49,234400,17.121989
2013-04-03,17.66,17.68,17.370001,17.43,311900,17.063252
2013-04-02,17.98,18.09,17.58,17.65,209300,17.278622
2013-04-01,18.040001,18.200001,17.75,17.879999,224700,17.503782
2013-03-28,18.26,18.34,17.99,18.10,561100,17.719154
2013-03-27,17.860001,18.299999,17.68,18.190001,481500,17.807261
2013-03-26,18.120001,18.120001,17.870001,17.90,352700,17.523362
2013-03-25,18.25,18.40,17.959999,18.07,263200,17.689785
2013-03-22,18.389999,18.549999,18.08,18.24,442600,17.856208
2013-03-21,18.309999,18.48,18.25,18.33,362000,17.944314
2013-03-20,18.559999,18.709999,18.440001,18.540001,294200,18.149897
2013-03-19,18.49,18.66,18.17,18.48,219300,18.091158
2013-03-18,18.26,18.59,18.139999,18.42,214700,18.032421
2013-03-15,18.01,18.610001,18.01,18.48,1381600,18.091158
2013-03-14,18.030001,18.09,17.870001,18.02,291600,17.640838
2013-03-13,17.91,18.09,17.68,17.98,291100,17.601679
2013-03-12,17.85,18.00,17.639999,17.85,246800,17.474415
2013-03-11,17.82,17.879999,17.60,17.879999,269000,17.503782
2013-03-08,17.67,17.860001,17.620001,17.809999,209700,17.435255
2013-03-07,17.65,17.780001,17.440001,17.540001,290600,17.170938
2013-03-06,17.42,17.690001,17.33,17.690001,385200,17.317781
2013-03-05,17.120001,17.43,17.120001,17.32,318300,16.955566
2013-03-04,17.18,17.18,16.82,17.040001,455500,16.681459
2013-03-01,16.959999,17.23,16.709999,17.18,407900,16.818512
2013-02-28,17.059999,17.26,16.99,17.059999,609000,16.701036
2013-02-27,17.200001,17.299999,17.040001,17.09,363100,16.730406
2013-02-26,17.24,17.52,17.049999,17.190001,414800,16.828302
2013-02-25,18.01,18.02,17.110001,17.139999,918200,16.779353
2013-02-22,16.77,18.10,16.709999,18.02,883400,17.640838
2013-02-21,16.16,16.719999,16.040001,16.58,392500,16.231137
2013-02-20,16.530001,16.65,16.040001,16.059999,348300,15.722078
2013-02-19,16.370001,16.629999,16.33,16.52,202300,16.1724
2013-02-15,16.41,16.77,16.26,16.360001,335400,16.015766
2013-02-14,16.23,16.450001,16.23,16.34,142600,15.996187
2013-02-13,16.25,16.370001,16.139999,16.280001,175100,15.93745
2013-02-12,16.219999,16.32,16.01,16.190001,325100,15.849343
2013-02-11,16.33,16.34,16.120001,16.23,277200,15.888501
2013-02-08,15.88,16.60,15.88,16.379999,461100,16.035344
2013-02-07,15.94,16.08,15.80,15.86,554400,15.526286
2013-02-06,15.75,15.97,15.70,15.95,315200,15.614392
2013-02-05,15.90,15.97,15.67,15.84,592700,15.506707
2013-02-04,15.93,15.96,15.63,15.75,527300,15.418601
2013-02-01,16.08,16.08,15.93,15.99,565200,15.653551
2013-01-31,16.219999,16.33,16.01,16.040001,482000,15.7025
2013-01-30,16.43,16.51,16.129999,16.24,378700,15.89829
2013-01-29,16.26,16.530001,16.200001,16.48,395400,16.13324
2013-01-28,16.030001,16.219999,15.86,16.209999,395800,15.868921
2013-01-25,15.99,16.110001,15.78,16.049999,172800,15.712288
2013-01-24,15.91,16.219999,15.79,15.90,394100,15.565444
2013-01-23,15.95,16.209999,15.79,15.92,669200,15.585024
2013-01-22,15.89,15.99,15.55,15.82,417900,15.487128
2013-01-18,15.47,15.95,15.39,15.94,514300,15.604603
2013-01-17,15.48,15.64,15.40,15.49,625800,15.164071
2013-01-16,15.77,15.77,15.35,15.39,564000,15.066176
2013-01-15,15.70,15.85,15.38,15.85,869300,15.516497
2013-01-14,15.39,15.79,15.25,15.79,666300,15.457759
2013-01-11,15.28,15.46,15.00,15.45,1143500,15.124913
2013-01-10,14.93,15.26,14.91,15.26,428200,14.938911
2013-01-09,14.74,14.90,14.66,14.83,409900,14.517959
2013-01-08,14.69,14.80,14.50,14.71,275200,14.400484
2013-01-07,14.61,14.85,14.51,14.69,294700,14.380904
2013-01-04,14.45,14.83,14.38,14.75,265900,14.439642
2013-01-03,14.47,14.63,14.27,14.34,338300,14.038269
2013-01-02,14.29,14.58,14.20,14.49,590900,14.185113
2012-12-31,14.02,14.24,13.98,14.18,363900,13.881636
2012-12-28,14.01,14.22,13.86,14.01,251600,13.715213
2012-12-27,14.09,14.20,13.90,14.12,216600,13.822898
2012-12-26,14.12,14.25,14.01,14.14,211700,13.842478
2012-12-24,14.13,14.19,13.97,14.13,140700,13.832688
2012-12-21,14.00,14.26,13.90,14.11,1386000,13.813108
2012-12-20,14.14,14.18,13.93,14.00,431700,13.705423
2012-12-19,14.08,14.22,14.02,14.17,314900,13.871846
2012-12-18,13.93,14.17,13.87,14.08,285900,13.78374
2012-12-17,13.93,14.01,13.80,13.91,270200,13.617317
2012-12-14,13.97,14.11,13.78,13.97,337800,13.676054
2012-12-13,13.91,14.10,13.75,13.95,518100,13.656475
2012-12-12,13.96,14.00,13.82,13.89,370700,13.597738
2012-12-11,13.94,13.98,13.78,13.97,454400,13.676054
2012-12-10,13.80,13.96,13.67,13.92,507700,13.627106
2012-12-07,13.76,13.78,13.50,13.78,468300,13.490052
2012-12-06,13.80,13.86,13.65,13.72,260400,13.431315
2012-12-05,13.90,14.10,13.79,13.79,485300,13.499842
2012-12-04,13.52,13.95,13.39,13.90,332900,13.607527
2012-12-03,13.63,13.64,13.26,13.50,307800,13.215944
2012-11-30,13.53,13.72,13.42,13.54,485900,13.255102
2012-11-29,13.10,13.53,12.98,13.52,393200,13.235523
2012-11-28,12.86,13.03,12.82,13.03,217200,12.755833
2012-11-27,12.92,13.03,12.81,12.94,318300,12.667726
2012-11-26,12.94,13.03,12.72,12.97,331600,12.697096
2012-11-23,13.13,13.18,12.89,13.00,184300,12.726464
2012-11-21,12.68,13.20,12.67,13.10,447100,12.82436
2012-11-20,12.41,12.65,12.24,12.59,511300,12.325091
2012-11-19,12.02,12.21,11.54,12.21,245900,11.953087
2012-11-16,12.15,12.15,11.61,11.86,383000,11.610451
2012-11-15,11.91,12.16,11.59,12.12,425900,11.86498
2012-11-14,12.07,12.18,11.82,11.89,255800,11.63982
2012-11-13,12.10,12.28,12.07,12.11,261000,11.855191
2012-11-12,12.32,12.32,12.01,12.14,132000,11.88456
2012-11-09,12.08,12.11,11.98,12.04,200400,11.786664
2012-11-08,12.07,12.33,12.07,12.13,318700,11.87477
2012-11-07,12.06,12.18,11.95,12.12,317600,11.86498
2012-11-06,12.09,12.26,12.09,12.19,364500,11.933507
2012-11-05,12.59,13.56,12.08,12.11,404200,11.855191
2012-11-02,12.50,13.08,12.50,12.66,530500,12.393618
2012-11-01,12.23,12.63,12.23,12.50,580900,12.236985
2012-10-31,12.60,12.64,12.30,12.39,241800,12.1293
2012-10-26,12.28,12.53,12.23,12.48,313500,12.217405
2012-10-25,12.32,12.48,12.20,12.24,299200,11.982455
2012-10-24,12.48,12.52,12.20,12.25,273400,11.992245
2012-10-23,12.20,12.52,12.10,12.48,448400,12.217405
2012-10-22,12.56,12.83,12.09,12.24,652600,11.982455
2012-10-19,12.92,13.25,12.76,12.96,1053900,12.687306
2012-10-18,13.85,14.01,13.63,13.98,316900,13.685843
2012-10-17,13.56,13.86,13.39,13.86,171100,13.568368
2012-10-16,13.45,13.60,13.38,13.51,256800,13.225733
2012-10-15,13.35,13.38,13.29,13.34,217300,13.05931
2012-10-12,13.50,13.52,13.33,13.36,257400,13.078889
2012-10-11,13.71,13.80,13.51,13.53,207600,13.245312
2012-10-10,13.72,13.73,13.57,13.64,195200,13.352998
2012-10-09,13.92,13.92,13.69,13.71,222800,13.421525
2012-10-08,13.91,13.95,13.79,13.89,187000,13.597738
2012-10-05,14.00,14.21,13.92,13.96,168700,13.666265
2012-10-04,13.94,14.06,13.82,14.01,203300,13.715213
2012-10-03,14.19,14.19,13.83,13.85,255500,13.55858
2012-10-02,14.49,14.53,14.13,14.18,251300,13.881636
2012-10-01,14.41,14.53,14.30,14.45,254300,14.145954
2012-09-28,14.19,14.40,14.13,14.31,247600,14.008901
2012-09-27,14.25,14.34,14.20,14.28,206800,13.979531
2012-09-26,14.27,14.33,14.07,14.21,186800,13.911004
2012-09-25,14.53,14.71,14.24,14.24,257300,13.940373
2012-09-24,14.42,14.58,14.29,14.48,179800,14.175323
2012-09-21,14.48,14.51,14.19,14.51,573100,14.204692
2012-09-20,14.27,14.33,13.98,14.31,295800,14.008901
2012-09-19,14.30,14.51,14.26,14.39,209800,14.087217
2012-09-18,14.29,14.30,14.07,14.26,236700,13.959953
2012-09-17,14.49,14.58,14.31,14.39,190600,14.087217
2012-09-14,14.58,14.70,14.38,14.59,325100,14.283009
2012-09-13,14.42,14.67,14.16,14.59,305600,14.283009
2012-09-12,14.55,14.58,14.22,14.44,258100,14.136164
2012-09-11,14.26,14.51,14.17,14.50,350800,14.194902
2012-09-10,14.12,14.38,14.05,14.33,307900,14.028479
2012-09-07,14.23,14.27,13.98,14.05,303800,13.754371
2012-09-06,13.91,14.21,13.91,14.21,256600,13.911004
2012-09-05,13.70,13.94,13.63,13.87,221700,13.578158
2012-09-04,13.64,13.79,13.42,13.70,283600,13.411735
2012-08-31,13.73,13.99,13.50,13.65,196500,13.362787
2012-08-30,13.42,13.78,13.42,13.61,241100,13.323629
2012-08-29,13.34,13.51,13.29,13.48,146700,13.196364
2012-08-28,13.46,13.55,13.33,13.38,198900,13.098469
2012-08-27,13.45,13.63,13.35,13.44,192100,13.157206
2012-08-24,13.10,13.43,13.10,13.39,213000,13.108258
2012-08-23,13.44,13.46,13.06,13.08,239000,12.804781
2012-08-22,13.40,13.50,13.27,13.46,301100,13.176785
2012-08-21,13.77,14.00,13.40,13.46,307900,13.176785
2012-08-20,13.99,14.09,13.76,13.80,134800,13.509631
2012-08-17,14.01,14.05,13.88,14.01,205000,13.715213
2012-08-16,13.89,14.07,13.77,14.05,262800,13.754371
2012-08-15,13.50,13.92,13.44,13.91,246100,13.617317
2012-08-14,13.49,13.58,13.40,13.51,557400,13.225733
2012-08-13,13.51,13.62,13.26,13.41,360900,13.127837
2012-08-10,13.63,13.70,13.56,13.59,319100,13.30405
2012-08-09,13.65,13.84,13.41,13.65,525000,13.362787
2012-08-08,14.21,14.21,12.98,13.75,862000,13.460683
2012-08-07,14.40,14.54,14.33,14.36,164100,14.057848
2012-08-06,14.58,14.60,14.26,14.27,126700,13.969742
2012-08-03,13.78,14.62,13.78,14.58,280300,14.273219
2012-08-02,13.25,13.62,13.24,13.52,240500,13.235523
2012-08-01,13.85,14.08,13.34,13.34,297100,13.05931
2012-07-31,14.01,14.08,13.82,13.84,155100,13.54879
2012-07-30,14.29,14.44,14.00,14.04,101400,13.744581
2012-07-27,13.85,14.33,13.57,14.32,195600,14.01869
2012-07-26,13.82,13.98,13.63,13.70,154600,13.411735
2012-07-25,13.73,13.83,13.50,13.56,192300,13.274682
2012-07-24,13.91,13.99,13.51,13.60,193700,13.31384
2012-07-23,13.96,14.15,13.83,13.87,251700,13.578158
2012-07-20,14.29,14.39,14.02,14.21,213900,13.911004
2012-07-19,14.46,14.49,14.23,14.39,99500,14.087217
2012-07-18,14.33,14.63,14.23,14.44,140000,14.136164
2012-07-17,14.47,14.47,14.25,14.33,106600,14.028479
2012-07-16,14.59,14.59,14.27,14.38,101900,14.077427
2012-07-13,14.41,14.68,14.35,14.59,177300,14.283009
2012-07-12,14.32,14.43,14.11,14.36,138400,14.057848
2012-07-11,14.55,14.55,14.31,14.40,174100,14.097006
2012-07-10,14.42,14.76,14.23,14.57,365700,14.263429
2012-07-09,14.61,14.61,14.06,14.15,282400,13.852266
2012-07-06,14.77,14.79,14.51,14.60,151400,14.292799
2012-07-05,14.87,15.05,14.75,14.93,258800,14.615855
2012-07-03,14.66,14.95,14.65,14.95,198200,14.635434
2012-07-02,14.32,14.63,14.23,14.63,489300,14.322167
2012-06-29,14.09,14.36,13.99,14.22,391700,13.920794
2012-06-28,13.57,13.79,13.48,13.79,253500,13.499842
2012-06-27,13.27,13.74,13.27,13.72,221200,13.431315
2012-06-26,13.24,13.40,13.21,13.31,200200,13.029942
2012-06-25,13.33,13.39,13.08,13.22,241200,12.941835
2012-06-22,13.33,13.55,13.25,13.49,482000,13.206154
2012-06-21,13.43,13.75,13.18,13.23,438700,12.951624
2012-06-20,13.26,13.36,13.12,13.23,191700,12.951624
2012-06-19,13.20,13.31,13.02,13.31,435600,13.029942
2012-06-18,12.71,13.20,12.57,13.15,264300,12.873308
2012-06-15,12.69,12.89,12.59,12.78,615800,12.511093
2012-06-14,12.78,12.91,12.54,12.70,228000,12.432776
2012-06-13,12.98,13.24,12.75,12.80,304900,12.530673
2012-06-12,13.13,13.13,12.85,13.02,232000,12.746044
2012-06-11,13.60,13.60,13.04,13.05,368600,12.775412
2012-06-08,13.20,13.54,13.03,13.49,190700,13.206154
2012-06-07,13.47,13.64,13.18,13.20,184700,12.922256
2012-06-06,13.03,13.28,13.00,13.28,186100,13.000572
2012-06-05,12.97,13.19,12.88,12.92,273400,12.648148
2012-06-04,13.22,13.28,12.95,13.02,178000,12.746044
2012-06-01,13.12,13.37,13.03,13.22,444500,12.941835
2012-05-31,13.23,13.37,13.01,13.37,457200,13.088679
2012-05-30,13.47,13.48,13.18,13.18,172000,12.902677
2012-05-29,13.66,13.70,13.41,13.59,182500,13.30405
2012-05-25,13.74,13.77,13.48,13.52,212000,13.235523
2012-05-24,13.38,13.77,13.17,13.75,558200,13.460683
2012-05-23,13.00,13.39,12.87,13.38,300000,13.098469
2012-05-22,13.34,13.42,12.98,13.09,560300,12.814571
2012-05-21,12.88,13.36,12.82,13.25,690900,12.971204
2012-05-18,13.18,13.29,12.60,12.71,783300,12.442566
2012-05-17,13.53,13.53,13.10,13.15,517100,12.873308
2012-05-16,14.07,14.07,13.52,13.55,381300,13.264892
2012-05-15,14.00,14.22,13.93,13.96,323900,13.666265
2012-05-14,14.15,14.24,14.03,14.05,264700,13.754371
2012-05-11,14.20,14.42,14.19,14.32,228000,14.01869
2012-05-10,14.24,14.34,14.09,14.33,340600,14.028479
2012-05-09,14.14,14.34,14.06,14.13,358700,13.832688
2012-05-08,14.23,14.40,14.17,14.32,486700,14.01869
2012-05-07,14.20,14.42,14.15,14.32,290000,14.01869
2012-05-04,14.52,14.54,14.20,14.23,298700,13.930583
2012-05-03,15.05,15.20,14.55,14.57,327900,14.263429
2012-05-02,14.78,15.14,14.62,15.00,374700,14.684382
2012-05-01,13.87,14.95,13.59,14.79,845900,14.4788
2012-04-30,14.11,14.20,13.81,13.84,493800,13.54879
2012-04-27,14.10,14.23,13.90,14.17,235300,13.871846
2012-04-26,14.05,14.06,13.96,14.01,245100,13.715213
2012-04-25,14.06,14.19,14.00,14.09,240600,13.793529
2012-04-24,13.94,14.10,13.85,13.92,225100,13.627106
2012-04-23,13.88,14.04,13.70,13.94,449000,13.646685
2012-04-20,14.49,14.49,14.09,14.10,432400,13.803319
2012-04-19,14.30,14.43,14.13,14.34,389200,14.038269
2012-04-18,14.46,14.46,14.23,14.30,203000,13.999111
2012-04-17,14.54,14.67,14.46,14.47,328400,14.165534
2012-04-16,14.58,14.62,14.32,14.42,217400,14.116586
2012-04-13,14.82,14.84,14.47,14.49,187200,14.185113
2012-04-12,14.61,14.92,14.55,14.81,286300,14.49838
