Date,Open,High,Low,Close,Volume,Adj Close
2016-11-25,168.809998,170.919998,167.550003,170.699997,376600,170.699997
2016-11-23,169.660004,171.309998,166.639999,168.669998,842900,168.669998
2016-11-22,172.690002,173.039993,167.570007,170.00,613200,170.00
2016-11-21,172.699997,176.270004,172.699997,173.300003,681500,173.300003
2016-11-18,174.270004,175.259995,171.860001,172.00,349300,172.00
2016-11-17,171.550003,174.520004,170.369995,174.399994,399300,174.399994
2016-11-16,172.199997,173.330002,170.75,172.00,446300,172.00
2016-11-15,170.619995,173.369995,167.529999,171.949997,1257300,171.949997
2016-11-14,177.869995,178.720001,169.860001,170.130005,635800,170.130005
2016-11-11,179.830002,183.259995,176.75,177.270004,373000,177.270004
2016-11-10,184.059998,184.690002,179.160004,180.270004,446100,180.270004
2016-11-09,182.00,182.240005,177.960007,181.759995,446800,181.759995
2016-11-08,180.220001,184.539993,177.190002,182.899994,485800,182.899994
2016-11-07,176.889999,180.369995,176.889999,180.220001,340700,180.220001
2016-11-04,174.229996,177.160004,173.960007,175.820007,572900,175.820007
2016-11-03,174.240005,175.539993,173.119995,173.639999,293300,173.639999
2016-11-02,174.130005,175.169998,173.289993,173.839996,383300,173.839996
2016-11-01,175.070007,175.449997,172.919998,173.770004,287200,173.770004
2016-10-31,175.910004,176.309998,174.509995,176.039993,322000,176.039993
2016-10-28,175.25,177.009995,175.00,175.360001,331900,175.360001
2016-10-27,176.410004,176.410004,174.600006,175.279999,697500,175.279999
2016-10-26,181.259995,181.259995,175.759995,176.199997,529300,176.199997
2016-10-25,181.00,181.960007,180.00,181.610001,440800,181.610001
2016-10-24,179.940002,180.389999,178.779999,180.300003,336300,180.300003
2016-10-21,178.130005,178.970001,176.279999,178.779999,202900,178.779999
2016-10-20,178.740005,179.789993,177.470001,179.50,229200,179.50
2016-10-19,180.779999,180.779999,178.440002,178.979996,339500,178.979996
2016-10-18,179.509995,181.050003,178.559998,180.679993,391100,180.679993
2016-10-17,178.809998,178.809998,176.529999,178.339996,472400,178.339996
2016-10-14,178.720001,179.639999,177.279999,177.589996,328700,177.589996
2016-10-13,178.729996,179.309998,176.639999,178.589996,327200,178.589996
2016-10-12,180.070007,180.070007,178.910004,179.279999,317700,179.279999
2016-10-11,181.369995,181.520004,178.440002,179.619995,608900,179.619995
2016-10-10,180.919998,182.429993,180.339996,181.979996,300400,181.979996
2016-10-07,179.119995,181.169998,178.389999,180.880005,746200,180.880005
2016-10-06,177.139999,179.220001,176.589996,178.690002,421200,178.690002
2016-10-05,176.759995,177.759995,175.970001,177.169998,325300,177.169998
2016-10-04,177.850006,178.630005,175.990005,176.880005,361500,176.880005
2016-10-03,177.630005,179.110001,176.660004,177.75,343300,177.75
2016-09-30,177.389999,180.320007,177.039993,179.259995,936800,179.259995
2016-09-29,178.399994,178.820007,175.020004,176.039993,845700,176.039993
2016-09-28,178.070007,179.259995,177.300003,178.880005,463900,178.880005
2016-09-27,178.520004,179.330002,177.410004,178.300003,583300,178.300003
2016-09-26,180.869995,180.869995,177.729996,178.190002,722600,178.190002
2016-09-23,184.00,184.460007,180.899994,180.970001,1178200,180.970001
2016-09-22,186.75,187.089996,183.639999,184.50,10840200,184.50
2016-09-21,188.259995,188.990005,184.470001,186.179993,1207900,186.179993
2016-09-20,189.240005,190.990005,186.350006,186.410004,342300,186.410004
2016-09-19,188.660004,190.389999,187.949997,188.470001,287100,188.470001
2016-09-16,189.419998,190.600006,188.080002,188.509995,344000,188.509995
2016-09-15,186.179993,190.75,185.25,189.899994,420400,189.899994
2016-09-14,186.220001,187.100006,184.309998,185.529999,398100,185.529999
2016-09-13,186.00,186.75,184.899994,185.809998,365600,185.809998
2016-09-12,184.600006,186.899994,184.199997,186.740005,319800,186.740005
2016-09-09,185.960007,186.589996,184.75,184.830002,541100,184.830002
2016-09-08,188.660004,189.669998,186.639999,186.740005,398600,186.740005
2016-09-07,188.080002,189.690002,187.050003,188.559998,376300,188.559998
2016-09-06,186.690002,188.570007,185.029999,188.300003,611500,188.300003
2016-09-02,185.350006,189.350006,182.270004,185.919998,646700,185.919998
2016-09-01,185.389999,186.649994,184.369995,185.369995,396000,185.369995
2016-08-31,187.259995,189.979996,185.539993,185.919998,306900,185.919998
2016-08-30,186.309998,187.770004,185.190002,186.380005,283200,186.380005
2016-08-29,184.289993,186.839996,183.710007,186.559998,371800,186.559998
2016-08-26,184.330002,184.649994,182.289993,183.919998,282500,183.919998
2016-08-25,184.589996,185.160004,183.289993,183.809998,269800,183.809998
2016-08-24,189.479996,189.759995,184.580002,185.020004,328800,185.020004
2016-08-23,185.139999,186.949997,184.970001,185.789993,337200,185.789993
2016-08-22,183.729996,184.699997,182.660004,184.190002,207100,184.190002
2016-08-19,181.220001,183.869995,180.179993,183.860001,398100,183.860001
2016-08-18,180.559998,181.710007,179.800003,181.369995,373500,181.369995
2016-08-17,181.589996,181.589996,179.509995,179.820007,234100,179.820007
2016-08-16,180.860001,182.190002,180.080002,181.320007,193100,181.320007
2016-08-15,180.949997,182.570007,180.889999,181.979996,129100,181.979996
2016-08-12,181.669998,182.460007,179.899994,180.809998,214800,180.809998
2016-08-11,181.490005,183.119995,180.979996,182.240005,111800,182.240005
2016-08-10,182.580002,184.169998,180.669998,181.220001,251800,181.220001
2016-08-09,181.960007,182.429993,181.139999,182.149994,142500,182.149994
2016-08-08,182.419998,182.720001,180.779999,181.289993,117200,181.289993
2016-08-05,182.490005,183.860001,181.279999,182.869995,156200,182.869995
2016-08-04,181.710007,182.649994,180.139999,181.770004,108800,181.770004
2016-08-03,181.770004,181.869995,180.429993,181.300003,242100,181.300003
2016-08-02,182.729996,183.259995,181.529999,181.970001,199500,181.970001
2016-08-01,182.399994,183.00,181.399994,182.610001,272200,182.610001
2016-07-29,181.050003,183.490005,181.050003,182.470001,287800,182.470001
2016-07-28,179.550003,181.589996,179.350006,180.940002,202300,180.940002
2016-07-27,178.940002,180.00,178.080002,179.350006,248000,179.350006
2016-07-26,176.100006,179.240005,175.589996,179.130005,274400,179.130005
2016-07-25,177.800003,177.800003,175.479996,176.020004,269700,176.020004
2016-07-22,175.889999,177.979996,175.320007,177.559998,222100,177.559998
2016-07-21,177.990005,179.25,175.520004,176.389999,200600,176.389999
2016-07-20,178.119995,178.699997,177.320007,178.279999,143900,178.279999
2016-07-19,178.100006,178.210007,176.669998,177.139999,154000,177.110003
2016-07-18,178.869995,179.529999,176.419998,177.580002,230100,177.549931
2016-07-15,179.479996,180.110001,177.520004,178.419998,242700,178.389785
2016-07-14,179.919998,180.429993,177.970001,178.960007,223100,178.929702
2016-07-13,179.300003,179.990005,178.339996,178.830002,228600,178.799719
2016-07-12,182.389999,182.800003,178.479996,178.539993,539400,178.50976
2016-07-11,181.919998,183.070007,181.539993,182.100006,220100,182.06917
2016-07-08,178.940002,182.210007,178.550003,181.830002,374100,181.799211
2016-07-07,178.380005,180.070007,177.809998,178.50,331700,178.469773
2016-07-06,176.330002,179.970001,176.029999,177.669998,675500,177.639912
2016-07-05,176.300003,177.729996,175.190002,177.419998,579700,177.389954
2016-07-01,172.729996,177.610001,172.50,177.339996,657700,177.309966
2016-06-30,170.779999,172.240005,170.149994,171.570007,547300,171.540954
2016-06-29,169.029999,171.440002,168.139999,169.850006,332100,169.821244
2016-06-28,164.070007,168.699997,164.00,168.50,386000,168.471467
2016-06-27,165.770004,165.789993,162.380005,162.990005,1039700,162.962405
2016-06-24,164.710007,168.089996,161.509995,166.800003,1079700,166.771758
2016-06-23,166.240005,166.669998,163.809998,166.589996,241500,166.561787
2016-06-22,165.710007,166.679993,164.210007,164.550003,291500,164.522139
2016-06-21,165.00,166.649994,164.770004,165.559998,422500,165.531962
2016-06-20,163.350006,164.889999,163.110001,164.279999,333100,164.25218
2016-06-17,162.520004,162.75,159.809998,161.889999,474500,161.862585
2016-06-16,161.910004,163.309998,161.179993,162.929993,228000,162.902403
2016-06-15,163.210007,163.839996,161.440002,162.539993,290500,162.512469
2016-06-14,163.880005,163.880005,161.460007,162.990005,269500,162.962405
2016-06-13,163.050003,164.50,162.020004,162.320007,314800,162.292521
2016-06-10,164.949997,164.949997,162.520004,163.240005,355500,163.212363
2016-06-09,164.419998,165.990005,163.919998,165.199997,272600,165.172023
2016-06-08,164.539993,165.410004,164.00,164.919998,301600,164.892071
2016-06-07,163.070007,166.479996,162.210007,165.020004,794900,164.99206
2016-06-06,165.399994,166.100006,162.880005,163.070007,755600,163.042394
2016-06-03,171.050003,173.50,164.009995,165.399994,1376300,165.371986
2016-06-02,166.00,167.419998,164.410004,167.419998,798600,167.391648
2016-06-01,162.910004,166.070007,161.619995,165.630005,605600,165.601958
2016-05-31,163.339996,164.139999,162.330002,162.809998,661600,162.782428
2016-05-27,162.00,163.139999,161.110001,162.50,599600,162.472483
2016-05-26,164.710007,164.710007,161.139999,161.929993,474700,161.902572
2016-05-25,163.929993,164.830002,162.460007,164.619995,399800,164.592119
2016-05-24,161.839996,163.350006,160.880005,163.009995,341000,162.982391
2016-05-23,160.850006,161.990005,159.979996,161.100006,287200,161.072726
2016-05-20,159.449997,161.039993,156.699997,160.350006,300500,160.322853
2016-05-19,157.490005,159.759995,156.850006,159.289993,296400,159.26302
2016-05-18,158.00,160.419998,156.600006,158.279999,367200,158.253196
2016-05-17,160.029999,161.169998,157.509995,158.199997,431600,158.173208
2016-05-16,158.360001,161.729996,157.210007,160.330002,459100,160.302852
2016-05-13,155.690002,157.899994,155.289993,155.970001,240500,155.94359
2016-05-12,155.759995,157.839996,153.830002,155.410004,507700,155.383687
2016-05-11,156.130005,157.529999,155.00,155.020004,227400,154.993754
2016-05-10,155.119995,156.789993,154.119995,156.059998,259400,156.033571
2016-05-09,153.289993,156.600006,152.580002,155.130005,282900,155.103736
2016-05-06,152.380005,154.149994,152.089996,153.309998,227800,153.284037
2016-05-05,153.410004,154.460007,152.820007,153.690002,215000,153.663977
2016-05-04,153.490005,154.00,152.449997,153.259995,241800,153.234042
2016-05-03,154.029999,155.020004,153.100006,154.309998,249800,154.283867
2016-05-02,152.770004,155.020004,152.619995,154.610001,361200,154.583819
2016-04-29,154.970001,156.199997,152.710007,153.080002,389700,153.05408
2016-04-28,156.669998,158.309998,155.470001,155.800003,254200,155.77362
2016-04-27,159.360001,159.460007,156.619995,158.039993,294600,158.013231
2016-04-26,157.610001,159.270004,156.919998,159.080002,242900,159.053064
2016-04-25,157.979996,158.669998,156.570007,157.360001,277100,157.333354
2016-04-22,158.320007,159.690002,156.460007,157.860001,285900,157.833269
2016-04-21,158.570007,161.169998,158.179993,158.630005,310800,158.603143
2016-04-20,157.729996,159.589996,156.669998,158.740005,201500,158.713125
2016-04-19,157.490005,158.210007,156.570007,157.449997,380300,157.423335
2016-04-18,155.210007,157.800003,154.910004,157.190002,230500,157.163384
2016-04-15,155.00,156.699997,154.679993,156.229996,476000,156.20354
2016-04-14,154.509995,155.259995,153.759995,153.770004,261800,153.743965
2016-04-13,156.190002,156.600006,153.690002,154.800003,391200,154.77379
2016-04-12,155.179993,156.020004,154.429993,155.449997,207600,155.423674
2016-04-11,155.399994,155.889999,153.550003,154.949997,281700,154.923758
2016-04-08,157.110001,157.339996,154.649994,155.210007,235700,155.183724
2016-04-07,158.699997,159.220001,154.929993,156.259995,434300,156.233534
2016-04-06,155.630005,159.600006,155.630005,159.509995,316500,159.482984
2016-04-05,155.460007,157.080002,154.009995,155.419998,305400,155.39368
2016-04-04,158.729996,159.119995,156.080002,156.669998,357100,156.643468
2016-04-01,153.570007,158.649994,152.50,157.600006,606600,157.573319
2016-03-31,155.699997,156.25,153.789993,153.970001,511800,153.943928
2016-03-30,155.100006,156.309998,154.300003,156.050003,499900,156.023578
2016-03-29,148.789993,155.639999,148.759995,154.649994,528300,154.623806
2016-03-28,149.00,150.029999,147.770004,149.440002,182700,149.414697
2016-03-24,147.690002,148.910004,146.889999,148.800003,267100,148.774806
2016-03-23,149.830002,149.830002,148.029999,148.610001,202600,148.584835
2016-03-22,149.830002,150.610001,149.089996,149.860001,323600,149.834624
2016-03-21,149.330002,151.690002,148.970001,150.559998,392700,150.534502
2016-03-18,145.199997,151.679993,141.669998,150.00,656200,149.974599
2016-03-17,145.75,146.389999,142.990005,144.509995,486800,144.485524
2016-03-16,145.949997,148.059998,145.160004,145.889999,469200,145.865295
2016-03-15,147.960007,148.990005,145.679993,145.960007,404600,145.93529
2016-03-14,149.679993,150.690002,148.380005,148.869995,297300,148.844786
2016-03-11,148.139999,150.929993,147.880005,150.470001,309800,150.444521
2016-03-10,147.990005,149.440002,146.970001,149.020004,387400,148.99477
2016-03-09,149.179993,149.240005,144.169998,147.929993,616300,147.904943
2016-03-08,151.330002,151.789993,148.720001,148.919998,444300,148.894781
2016-03-07,152.559998,153.539993,150.449997,152.149994,607500,152.124229
2016-03-04,151.00,156.309998,149.669998,152.639999,1834800,152.614152
2016-03-03,143.190002,145.009995,141.850006,145.009995,834700,144.985439
2016-03-02,144.940002,145.440002,141.509995,143.410004,519200,143.385719
2016-03-01,143.960007,145.669998,142.320007,145.460007,525000,145.435375
2016-02-29,144.479996,145.410004,142.839996,142.960007,450500,142.935798
2016-02-26,145.460007,145.50,143.610001,144.809998,487300,144.785476
2016-02-25,142.190002,144.979996,141.380005,144.960007,447900,144.93546
2016-02-24,140.350006,142.490005,139.350006,141.440002,407300,141.416051
2016-02-23,141.580002,141.789993,139.149994,141.059998,535000,141.036111
2016-02-22,141.830002,142.949997,141.029999,142.509995,241900,142.485862
2016-02-19,139.279999,140.869995,138.270004,140.839996,330800,140.816147
2016-02-18,139.320007,141.660004,138.169998,139.559998,398500,139.536365
2016-02-17,138.899994,139.720001,138.029999,139.330002,429700,139.306408
2016-02-16,135.00,137.940002,135.00,137.889999,586600,137.86665
2016-02-12,134.619995,134.979996,133.25,133.580002,513900,133.557382
2016-02-11,130.529999,135.270004,130.50,134.270004,833200,134.247267
2016-02-10,128.729996,133.360001,128.25,132.289993,519200,132.267592
2016-02-09,124.440002,129.029999,124.400002,128.00,463200,127.978325
2016-02-08,126.050003,127.510002,123.800003,125.419998,441700,125.39876
2016-02-05,131.169998,131.169998,127.00,127.110001,391200,127.088476
2016-02-04,132.850006,133.979996,131.289993,131.869995,295600,131.847665
2016-02-03,132.990005,134.399994,131.020004,133.470001,559200,133.4474
2016-02-02,131.070007,134.399994,130.350006,131.990005,589900,131.967655
2016-02-01,129.00,132.610001,127.970001,132.050003,591500,132.027642
2016-01-29,127.18,131.330002,127.18,131.149994,713600,131.127785
2016-01-28,129.419998,130.970001,125.449997,126.830002,564500,126.808525
2016-01-27,128.320007,129.130005,124.889999,128.600006,431400,128.578229
2016-01-26,126.129997,129.75,124.50,128.910004,479900,128.888174
2016-01-25,127.220001,127.669998,125.449997,125.510002,572100,125.488749
2016-01-22,125.07,128.210007,124.889999,127.849998,490600,127.828349
2016-01-21,124.330002,125.639999,122.449997,123.849998,520900,123.829026
2016-01-20,119.599998,124.730003,119.279999,124.139999,540300,124.118978
2016-01-19,123.00,123.50,119.669998,121.010002,558900,120.959513
2016-01-15,121.580002,123.440002,119.769997,121.860001,930000,121.809157
2016-01-14,125.559998,126.089996,123.190002,124.040001,555000,123.988247
2016-01-13,128.029999,128.699997,125.290001,125.449997,415700,125.397655
2016-01-12,128.479996,129.970001,126.32,127.599998,385500,127.54676
2016-01-11,129.119995,129.479996,126.43,127.660004,414400,127.60674
2016-01-08,128.639999,129.979996,128.410004,128.710007,444500,128.656305
2016-01-07,129.889999,130.759995,127.849998,127.959999,378900,127.90661
2016-01-06,129.949997,132.369995,129.300003,131.589996,624300,131.535093
2016-01-05,131.860001,133.300003,130.75,131.580002,390100,131.525102
2016-01-04,132.460007,132.460007,130.940002,131.860001,412000,131.804984
2015-12-31,135.080002,135.860001,134.110001,134.199997,403700,134.144004
2015-12-30,136.520004,137.220001,135.429993,135.479996,205200,135.423469
2015-12-29,136.520004,137.440002,135.740005,136.360001,210500,136.303107
2015-12-28,135.649994,136.889999,135.410004,136.070007,220800,136.013234
2015-12-24,135.630005,137.160004,135.089996,136.339996,122900,136.283111
2015-12-23,135.139999,136.949997,134.220001,136.25,288700,136.193152
2015-12-22,134.369995,135.100006,132.639999,134.350006,294400,134.293951
2015-12-21,135.839996,137.059998,132.990005,133.699997,733100,133.644213
2015-12-18,136.00,136.75,134.229996,135.690002,1007300,135.633388
2015-12-17,137.740005,138.199997,135.910004,136.440002,768900,136.383075
2015-12-16,136.880005,138.539993,136.50,138.259995,458400,138.202308
2015-12-15,136.050003,137.25,135.779999,136.509995,738600,136.453038
2015-12-14,135.00,135.25,132.580002,134.820007,628400,134.763756
2015-12-11,134.229996,135.520004,133.949997,135.199997,632100,135.143587
2015-12-10,131.660004,136.139999,131.490005,134.940002,791600,134.883701
2015-12-09,133.809998,134.899994,130.630005,131.600006,674200,131.545098
2015-12-08,131.600006,136.199997,131.00,134.880005,887300,134.823729
2015-12-07,129.779999,133.679993,129.779999,132.330002,1453100,132.274789
2015-12-04,126.230003,131.360001,121.010002,130.339996,4960300,130.285614
2015-12-03,149.779999,150.479996,141.240005,142.050003,805700,141.990735
2015-12-02,148.100006,149.710007,147.279999,149.380005,579600,149.317679
2015-12-01,146.339996,148.169998,146.320007,147.990005,469400,147.928259
2015-11-30,147.149994,147.869995,145.339996,146.25,550000,146.18898
2015-11-27,145.139999,148.00,144.839996,146.960007,214300,146.89869
2015-11-25,144.639999,146.160004,143.910004,145.309998,240400,145.24937
2015-11-24,142.199997,145.139999,141.839996,144.350006,584800,144.289779
2015-11-23,144.669998,145.800003,142.919998,143.160004,523200,143.100273
2015-11-20,144.990005,145.270004,143.940002,144.270004,508700,144.20981
2015-11-19,145.559998,146.059998,144.059998,144.440002,477700,144.379737
2015-11-18,144.669998,146.190002,143.520004,145.699997,668700,145.639206
2015-11-17,148.919998,148.919998,143.600006,144.520004,1009700,144.459706
2015-11-16,147.50,150.130005,147.259995,150.119995,275500,150.05736
2015-11-13,146.759995,148.039993,145.800003,147.460007,198400,147.398482
2015-11-12,148.570007,149.050003,146.399994,146.820007,287500,146.758749
2015-11-11,152.289993,152.289993,148.649994,148.699997,355000,148.637954
2015-11-10,151.820007,153.020004,150.880005,151.949997,323800,151.886598
2015-11-09,152.940002,153.690002,149.639999,152.020004,308300,151.956577
2015-11-06,153.50,154.410004,152.589996,153.309998,338500,153.246032
2015-11-05,152.649994,154.320007,150.970001,153.509995,264500,153.445945
2015-11-04,152.369995,153.880005,151.169998,153.479996,352900,153.415959
2015-11-03,154.699997,154.729996,151.660004,152.139999,321200,152.076522
2015-11-02,152.669998,155.179993,151.020004,154.770004,598300,154.705429
2015-10-30,150.220001,152.600006,150.160004,152.360001,505900,152.296431
2015-10-29,148.839996,150.440002,148.100006,150.380005,386800,150.317261
2015-10-28,146.419998,149.110001,145.600006,149.00,346200,148.937832
2015-10-27,146.279999,146.619995,143.529999,146.50,576500,146.438875
2015-10-26,146.380005,147.100006,145.080002,146.539993,321900,146.478852
2015-10-23,143.520004,146.940002,143.00,146.309998,469300,146.248952
2015-10-22,146.690002,146.690002,142.360001,143.470001,558200,143.410141
2015-10-21,145.899994,147.080002,143.679993,146.119995,601700,146.059029
2015-10-20,143.759995,145.210007,142.889999,144.960007,486700,144.899525
2015-10-19,144.089996,144.880005,142.580002,143.710007,587800,143.650046
2015-10-16,145.770004,147.229996,143.669998,144.339996,1186900,144.279773
2015-10-15,140.330002,145.360001,139.669998,145.229996,825900,145.169401
2015-10-14,139.910004,141.210007,139.509995,140.190002,533400,140.131511
2015-10-13,138.899994,140.589996,138.220001,139.440002,572200,139.381824
2015-10-12,137.059998,139.740005,136.75,139.190002,771200,139.131928
2015-10-09,141.110001,141.110001,137.050003,137.619995,1240800,137.562576
2015-10-08,142.550003,143.479996,141.25,141.990005,826800,141.930763
2015-10-07,145.00,145.539993,142.240005,142.679993,822700,142.620462
2015-10-06,147.710007,148.649994,144.539993,144.710007,343400,144.649629
2015-10-05,150.169998,150.949997,147.389999,148.179993,826600,148.118167
2015-10-02,144.820007,148.880005,143.520004,148.869995,456200,148.807882
2015-10-01,148.570007,149.710007,143.470001,146.679993,594900,146.618793
2015-09-30,147.119995,149.800003,145.229996,148.860001,865700,148.797891
2015-09-29,144.580002,146.869995,143.179993,145.289993,663800,145.229374
2015-09-28,148.50,149.550003,142.220001,144.759995,689500,144.699596
2015-09-25,154.139999,154.990005,148.800003,149.860001,702400,149.797474
2015-09-24,154.490005,154.520004,153.070007,153.899994,626100,153.835782
2015-09-23,154.139999,157.149994,153.520004,155.020004,490300,154.955325
2015-09-22,153.050003,154.850006,151.449997,154.440002,668200,154.375565
2015-09-21,153.960007,158.169998,153.279999,154.860001,731800,154.795388
2015-09-18,149.449997,153.550003,149.139999,152.979996,1339500,152.916167
2015-09-17,150.00,151.979996,149.279999,150.539993,401500,150.477183
2015-09-16,148.669998,150.050003,147.279999,149.929993,300300,149.867437
2015-09-15,148.410004,148.970001,147.380005,148.589996,279900,148.528
2015-09-14,149.610001,150.380005,147.509995,147.800003,459300,147.738336
2015-09-11,148.279999,151.020004,147.149994,149.660004,516500,149.597561
2015-09-10,149.029999,149.990005,148.25,148.570007,306300,148.508019
2015-09-09,149.690002,151.600006,148.470001,148.789993,707800,148.727913
2015-09-08,152.809998,153.070007,147.539993,148.919998,1213800,148.857864
2015-09-04,142.110001,155.570007,142.110001,150.869995,1309000,150.807047
2015-09-03,163.240005,164.539993,160.940002,161.309998,919500,161.242694
2015-09-02,160.759995,162.800003,160.179993,162.399994,878100,162.332235
2015-09-01,159.669998,161.00,158.720001,159.410004,678500,159.343493
2015-08-31,164.199997,165.690002,161.929993,162.419998,309600,162.352231
2015-08-28,163.789993,165.179993,162.740005,164.740005,406000,164.671271
2015-08-27,163.669998,165.589996,162.279999,164.199997,455700,164.131487
2015-08-26,159.779999,162.910004,157.899994,161.270004,591200,161.202717
2015-08-25,160.809998,162.50,156.75,156.979996,434900,156.914499
2015-08-24,153.729996,161.100006,149.720001,157.50,400600,157.434286
2015-08-21,164.919998,165.839996,161.509995,162.419998,526400,162.352231
2015-08-20,169.550003,170.570007,166.289993,166.470001,563400,166.400545
2015-08-19,173.850006,173.850006,170.429993,170.899994,411200,170.828689
2015-08-18,173.839996,175.960007,173.100006,175.020004,375500,174.94698
2015-08-17,172.389999,174.559998,170.669998,174.00,402500,173.927402
2015-08-14,173.410004,173.979996,171.619995,173.289993,370100,173.217691
2015-08-13,173.839996,174.919998,172.639999,173.869995,298900,173.797451
2015-08-12,172.820007,174.520004,171.009995,173.779999,278200,173.707492
2015-08-11,174.380005,176.029999,172.449997,173.389999,231900,173.317655
2015-08-10,174.740005,176.960007,173.860001,175.600006,179200,175.52674
2015-08-07,174.880005,175.509995,172.149994,173.880005,159400,173.807456
2015-08-06,178.350006,179.509995,171.979996,175.100006,270400,175.026949
2015-08-05,177.089996,179.75,176.380005,178.529999,247500,178.45551
2015-08-04,177.00,178.429993,174.910004,175.970001,211600,175.896581
2015-08-03,177.330002,178.490005,175.970001,177.149994,258300,177.076081
2015-07-31,177.009995,179.009995,175.759995,177.00,278800,176.92615
2015-07-30,176.630005,177.220001,174.449997,176.50,186800,176.426358
2015-07-29,175.589996,176.899994,174.410004,176.419998,285200,176.34639
2015-07-28,172.639999,175.270004,171.360001,175.199997,252800,175.126898
2015-07-27,172.800003,173.490005,171.169998,171.860001,302600,171.788295
2015-07-24,173.139999,175.75,172.339996,173.389999,308300,173.317655
2015-07-23,172.710007,175.210007,172.710007,173.710007,421000,173.637529
2015-07-22,173.490005,174.75,171.149994,172.50,722800,172.428027
2015-07-21,176.649994,176.949997,172.110001,173.649994,478200,173.547557
2015-07-20,174.479996,176.639999,173.779999,176.429993,266800,176.325915
2015-07-17,176.630005,176.740005,173.50,174.070007,331600,173.967322
2015-07-16,176.279999,177.350006,175.059998,176.669998,247700,176.565779
2015-07-15,179.179993,179.970001,175.229996,175.300003,332600,175.196592
2015-07-14,178.309998,179.860001,178.259995,179.679993,203700,179.573998
2015-07-13,177.00,178.570007,176.460007,178.199997,245000,178.094875
2015-07-10,176.660004,177.979996,175.889999,176.119995,265200,176.016101
2015-07-09,175.619995,175.990005,174.039993,174.679993,340700,174.576948
2015-07-08,176.820007,177.75,173.399994,173.899994,349100,173.797409
2015-07-07,176.740005,177.639999,174.940002,177.529999,543000,177.425273
2015-07-06,175.539993,177.639999,174.610001,176.479996,620800,176.375889
2015-07-02,176.660004,177.320007,175.559998,176.589996,266700,176.485825
2015-07-01,178.720001,179.729996,175.759995,176.160004,437200,176.056086
2015-06-30,178.279999,179.070007,177.029999,177.970001,546000,177.865015
2015-06-29,176.889999,179.50,176.169998,176.75,528500,176.645734
2015-06-26,176.149994,178.940002,175.220001,178.880005,464000,178.774482
2015-06-25,174.559998,176.679993,174.559998,175.699997,256300,175.59635
2015-06-24,176.75,177.929993,174.350006,174.449997,198600,174.347088
2015-06-23,177.740005,178.820007,175.940002,177.220001,257200,177.115458
2015-06-22,180.419998,181.009995,176.720001,177.339996,282400,177.235382
2015-06-19,178.669998,181.729996,177.720001,180.00,1357700,179.893817
2015-06-18,177.720001,179.380005,177.320007,177.830002,232800,177.725099
2015-06-17,176.949997,178.389999,176.020004,177.779999,249200,177.675125
2015-06-16,176.360001,177.389999,175.539993,176.389999,213600,176.285946
2015-06-15,176.289993,176.820007,175.270004,176.289993,253000,176.185999
2015-06-12,176.00,178.050003,175.690002,177.470001,363400,177.36531
2015-06-11,173.679993,177.169998,173.679993,176.789993,513800,176.685704
2015-06-10,172.199997,173.779999,171.429993,173.240005,358100,173.13781
2015-06-09,173.699997,173.990005,170.779999,171.429993,494300,171.328865
2015-06-08,175.070007,176.039993,173.210007,173.429993,358000,173.327685
2015-06-05,174.889999,176.690002,170.50,175.369995,1268100,175.266543
2015-06-04,183.009995,184.479996,179.740005,180.139999,578400,180.033734
2015-06-03,182.619995,186.369995,181.75,184.839996,446200,184.730958
2015-06-02,182.119995,183.25,180.919998,182.279999,478100,182.172471
2015-06-01,182.039993,183.899994,180.720001,182.970001,405900,182.862066
2015-05-29,180.410004,182.350006,179.449997,181.770004,430000,181.662777
2015-05-28,178.809998,181.910004,178.710007,180.779999,225900,180.673355
2015-05-27,179.460007,180.690002,178.399994,179.179993,344700,179.074293
2015-05-26,179.660004,180.679993,178.25,179.169998,266400,179.064305
2015-05-22,179.720001,182.199997,178.880005,180.75,233900,180.643374
2015-05-21,182.389999,182.50,179.539993,179.800003,339400,179.693938
2015-05-20,182.789993,183.960007,181.699997,182.779999,204100,182.672176
2015-05-19,182.330002,183.529999,181.240005,183.059998,291800,182.952009
2015-05-18,180.75,182.779999,180.020004,182.339996,372800,182.232433
2015-05-15,181.380005,181.779999,179.589996,180.979996,176000,180.873234
2015-05-14,179.160004,181.020004,178.00,180.779999,217800,180.673355
2015-05-13,178.279999,179.630005,177.759995,178.389999,192600,178.284766
2015-05-12,178.320007,178.929993,177.050003,178.529999,156500,178.424683
2015-05-11,180.139999,181.710007,178.529999,179.330002,239300,179.224214
2015-05-08,178.869995,181.470001,178.869995,180.850006,267900,180.743321
2015-05-07,177.830002,179.419998,176.639999,177.449997,248300,177.345318
2015-05-06,177.199997,178.850006,175.850006,177.820007,425400,177.71511
2015-05-05,178.679993,179.410004,175.479996,177.440002,350000,177.335329
2015-05-04,178.529999,182.649994,177.899994,179.080002,343000,178.974361
2015-05-01,178.190002,180.860001,177.649994,178.00,305900,177.894997
2015-04-30,179.720001,181.720001,177.169998,178.070007,287300,177.964963
2015-04-29,182.009995,183.130005,180.210007,180.880005,358500,180.773302
2015-04-28,180.00,182.580002,176.990005,182.100006,338700,181.992584
2015-04-27,182.820007,183.199997,178.460007,180.669998,410200,180.56342
2015-04-24,182.740005,183.889999,181.429993,181.75,287100,181.642784
2015-04-23,182.960007,184.240005,182.460007,182.990005,352000,182.882058
2015-04-22,181.279999,182.979996,180.449997,182.929993,274800,182.822081
2015-04-21,181.330002,182.520004,180.539993,181.75,256400,181.642784
2015-04-20,181.199997,182.740005,181.00,181.039993,219400,180.933196
2015-04-17,178.639999,180.690002,178.020004,180.320007,431400,180.213635
2015-04-16,182.789993,182.789993,179.779999,179.929993,328100,179.823851
2015-04-15,183.580002,184.630005,182.520004,182.669998,209400,182.56224
2015-04-14,186.710007,186.789993,182.759995,183.059998,359500,182.952009
2015-04-13,186.960007,188.119995,186.029999,186.410004,171700,186.300039
2015-04-10,187.580002,188.610001,186.570007,187.25,212400,187.13954
2015-04-09,185.669998,188.110001,185.070007,186.919998,171400,186.809733
2015-04-08,185.00,187.270004,184.169998,186.509995,285500,186.399971
2015-04-07,189.169998,189.910004,184.979996,185.050003,337000,184.940841
2015-04-06,187.259995,189.470001,186.910004,188.380005,654800,188.268878
2015-04-02,186.880005,189.679993,186.470001,187.699997,510900,187.589271
2015-04-01,186.910004,188.369995,184.850006,186.589996,422200,186.479926
2015-03-31,189.00,189.229996,187.259995,187.419998,463000,187.309438
2015-03-30,186.860001,190.00,186.270004,189.089996,325900,188.978451
2015-03-27,185.610001,186.809998,184.300003,186.169998,262500,186.060175
2015-03-26,183.479996,186.039993,182.149994,185.089996,303600,184.98081
2015-03-25,184.050003,187.020004,184.050003,184.410004,431200,184.301219
2015-03-24,183.339996,185.270004,182.470001,183.869995,464300,183.761529
2015-03-23,187.440002,187.440002,183.649994,184.190002,509800,184.081347
2015-03-20,188.75,189.979996,186.050003,187.440002,790700,187.32943
2015-03-19,186.360001,187.770004,185.740005,187.360001,300300,187.249476
2015-03-18,187.75,187.809998,185.25,186.25,326200,186.14013
2015-03-17,187.389999,188.380005,184.800003,187.740005,536800,187.629256
2015-03-16,186.00,189.300003,185.039993,188.149994,359000,188.039003
2015-03-13,184.809998,186.169998,184.179993,185.839996,345400,185.730368
2015-03-12,186.399994,188.839996,184.710007,185.050003,677700,184.940841
2015-03-11,182.979996,185.699997,181.660004,185.429993,565600,185.320606
2015-03-10,181.639999,183.199997,180.899994,182.240005,740000,182.132501
2015-03-09,179.00,183.509995,178.210007,183.449997,755900,183.341778
2015-03-06,174.330002,181.979996,172.559998,180.259995,1843600,180.153658
2015-03-05,164.830002,166.789993,164.210007,165.259995,499300,165.162506
2015-03-04,164.50,165.509995,163.50,164.259995,373700,164.163096
2015-03-03,164.610001,165.160004,162.529999,164.770004,543700,164.672805
2015-03-02,163.970001,166.070007,163.389999,165.729996,339100,165.63223
2015-02-27,164.839996,165.389999,163.440002,163.970001,348400,163.873274
2015-02-26,163.080002,165.559998,163.020004,165.449997,273400,165.352397
2015-02-25,164.600006,164.860001,162.539993,163.460007,473500,163.36358
2015-02-24,165.020004,166.240005,164.029999,164.429993,368400,164.332994
2015-02-23,165.270004,165.75,164.149994,165.020004,396800,164.922658
2015-02-20,164.350006,165.940002,163.639999,165.809998,566700,165.712185
2015-02-19,164.789993,166.240005,164.139999,164.350006,293900,164.253055
2015-02-18,163.600006,165.25,162.449997,165.110001,425800,165.012601
2015-02-17,165.309998,165.630005,163.110001,163.300003,321500,163.203671
2015-02-13,162.729996,165.240005,162.240005,165.199997,533700,165.102544
2015-02-12,162.529999,163.820007,161.470001,163.020004,173800,162.923838
2015-02-11,162.009995,162.610001,161.210007,161.960007,235500,161.864465
2015-02-10,160.160004,162.059998,159.240005,161.899994,369400,161.804488
2015-02-09,160.25,161.240005,158.119995,158.830002,375000,158.736307
2015-02-06,161.869995,162.419998,160.350006,161.279999,457800,161.184859
2015-02-05,160.149994,162.910004,160.149994,161.529999,235700,161.434711
2015-02-04,157.179993,161.320007,157.179993,160.00,412000,159.905615
2015-02-03,158.759995,159.449997,156.119995,157.839996,338900,157.746885
2015-02-02,158.25,158.25,154.800003,157.820007,388000,157.726908
2015-01-30,159.050003,159.889999,157.130005,157.649994,271800,157.556995
2015-01-29,159.529999,160.550003,156.759995,160.100006,528500,160.005562
2015-01-28,163.839996,164.630005,159.759995,160.080002,485700,159.985569
2015-01-27,160.479996,163.220001,159.720001,162.580002,659800,162.484095
2015-01-26,161.279999,162.399994,158.720001,162.210007,359200,162.114318
2015-01-23,163.550003,164.350006,161.570007,161.75,334900,161.654583
2015-01-22,162.979996,164.850006,161.839996,164.100006,328300,164.003202
2015-01-21,160.190002,162.820007,159.360001,162.690002,365900,162.59403
2015-01-20,159.559998,161.720001,158.630005,160.020004,352600,159.89562
2015-01-16,158.919998,160.360001,158.339996,159.75,397000,159.625826
2015-01-15,160.649994,161.520004,159.410004,159.690002,320500,159.565875
2015-01-14,159.639999,161.899994,159.270004,160.649994,420800,160.52512
2015-01-13,162.970001,164.490005,160.020004,161.119995,331400,160.994756
2015-01-12,162.679993,163.169998,160.440002,161.110001,336700,160.984769
2015-01-09,163.369995,164.449997,161.610001,161.860001,352600,161.734186
2015-01-08,163.059998,164.929993,162.360001,162.880005,534700,162.753398
2015-01-07,158.539993,162.399994,158.270004,162.220001,470600,162.093907
2015-01-06,159.820007,160.600006,156.350006,157.119995,676800,156.997865
2015-01-05,159.470001,161.289993,158.589996,159.369995,545600,159.246116
2015-01-02,162.880005,163.940002,159.940002,160.610001,425100,160.485158
2014-12-31,164.279999,165.479996,162.020004,162.089996,320000,161.964003
2014-12-30,164.410004,164.960007,163.039993,163.789993,348200,163.662679
2014-12-29,163.270004,165.369995,162.410004,164.770004,516400,164.641928
2014-12-26,164.210007,164.410004,163.550003,164.00,299600,163.872522
2014-12-24,163.020004,164.589996,162.199997,164.190002,190000,164.062377
2014-12-23,164.410004,164.410004,161.229996,163.199997,794800,163.073141
2014-12-22,162.699997,163.899994,162.339996,163.570007,308800,163.442864
2014-12-19,162.289993,163.410004,161.070007,162.869995,759000,162.743396
2014-12-18,161.830002,162.279999,159.919998,162.279999,471600,162.153858
2014-12-17,155.720001,159.75,154.460007,159.610001,517000,159.485935
2014-12-16,154.580002,156.699997,154.210007,154.960007,506300,154.839556
2014-12-15,159.429993,159.429993,155.619995,155.970001,645100,155.848765
2014-12-12,158.160004,160.320007,157.880005,158.25,597800,158.126992
2014-12-11,159.669998,161.220001,158.570007,159.020004,410700,158.896397
2014-12-10,161.679993,162.460007,158.229996,158.419998,789100,158.296858
2014-12-09,161.229996,162.410004,158.119995,162.279999,991900,162.153858
2014-12-08,160.860001,163.289993,160.710007,162.350006,777800,162.223811
2014-12-05,163.50,165.00,161.020004,162.00,1923200,161.874077
2014-12-04,169.440002,170.229996,167.139999,168.770004,552700,168.638819
2014-12-03,167.449997,169.869995,166.330002,169.529999,612500,169.398222
2014-12-02,166.130005,168.070007,164.869995,166.759995,743100,166.630371
2014-12-01,168.589996,168.899994,166.639999,166.720001,444300,166.590409
2014-11-28,169.699997,169.979996,168.479996,168.899994,249100,168.768707
2014-11-26,167.050003,169.149994,165.990005,169.149994,420200,169.018513
2014-11-25,169.220001,169.910004,164.440002,166.649994,2043400,166.520456
2014-11-24,167.50,169.429993,166.630005,169.320007,835500,169.188394
2014-11-21,168.279999,169.029999,166.259995,167.149994,864200,167.020068
2014-11-20,167.369995,169.50,165.789993,167.389999,1149500,167.259886
2014-11-19,170.279999,171.539993,166.779999,167.929993,705700,167.79946
2014-11-18,165.679993,170.360001,164.830002,170.149994,785400,170.017736
2014-11-17,161.729996,165.509995,160.729996,165.509995,521700,165.381343
2014-11-14,161.00,163.270004,160.539993,161.729996,416200,161.604282
2014-11-13,161.149994,164.330002,160.270004,161.729996,322000,161.604282
2014-11-12,159.380005,161.479996,158.910004,160.830002,776600,160.704988
2014-11-11,160.639999,161.479996,159.179993,160.029999,935400,159.905607
2014-11-10,165.25,165.860001,159.949997,160.419998,1567500,160.295303
2014-11-07,166.440002,167.080002,164.529999,165.00,453300,164.871745
2014-11-06,164.289993,167.589996,164.289993,166.080002,557900,165.950907
2014-11-05,164.839996,164.990005,163.470001,164.300003,228000,164.172292
2014-11-04,162.809998,164.410004,162.25,163.070007,265500,162.943252
2014-11-03,164.889999,165.529999,162.139999,162.690002,421900,162.563543
2014-10-31,166.520004,166.520004,163.190002,163.899994,371100,163.772594
2014-10-30,162.860001,164.100006,162.089996,163.660004,234000,163.53279
2014-10-29,160.619995,162.809998,160.089996,162.729996,305000,162.603505
2014-10-28,159.190002,161.740005,158.539993,160.759995,567100,160.635035
2014-10-27,156.830002,158.660004,156.440002,158.50,255200,158.376797
2014-10-24,156.419998,157.479996,156.220001,157.199997,230400,157.077805
2014-10-23,155.529999,157.070007,155.429993,156.130005,512800,156.008644
2014-10-22,157.020004,157.020004,154.639999,154.699997,434300,154.579748
2014-10-21,152.869995,156.550003,152.25,156.550003,503100,156.428316
2014-10-20,149.759995,151.360001,147.729996,151.300003,494200,151.182397
2014-10-17,149.059998,150.580002,148.149994,149.740005,346200,149.623612
2014-10-16,144.779999,148.669998,144.050003,148.00,535600,147.884959
2014-10-15,146.00,148.509995,143.619995,146.119995,730600,146.006415
2014-10-14,147.889999,149.529999,145.070007,148.669998,818000,148.554436
2014-10-13,149.880005,151.080002,147.490005,147.649994,470600,147.535225
2014-10-10,153.580002,154.929993,150.25,150.270004,519700,150.153199
2014-10-09,154.130005,155.800003,154.059998,154.300003,650900,154.180065
2014-10-08,152.990005,154.949997,152.020004,154.679993,418700,154.559759
2014-10-07,155.179993,156.440002,153.100006,153.149994,311300,153.03095
2014-10-06,156.630005,157.720001,155.820007,155.990005,238500,155.868754
2014-10-03,156.270004,157.960007,155.669998,156.210007,350400,156.088584
2014-10-02,155.179993,156.100006,153.240005,155.339996,261900,155.21925
2014-10-01,155.50,155.869995,153.759995,155.039993,611200,154.91948
2014-09-30,156.660004,157.080002,155.399994,155.75,458300,155.628935
2014-09-29,155.00,157.770004,154.759995,156.610001,414700,156.488267
2014-09-26,156.210007,157.00,155.660004,156.210007,388100,156.088584
2014-09-25,156.600006,156.779999,154.639999,155.589996,543400,155.469056
2014-09-24,156.479996,157.610001,155.639999,157.270004,417000,157.147758
2014-09-23,157.649994,158.00,155.949997,156.00,508800,155.878741
2014-09-22,159.130005,160.080002,158.210007,158.809998,372500,158.686554
2014-09-19,157.50,160.350006,157.00,159.149994,837700,159.026286
2014-09-18,157.899994,158.160004,156.25,157.009995,542400,156.88795
2014-09-17,158.25,159.210007,157.089996,157.399994,358700,157.277646
2014-09-16,157.630005,158.089996,155.539993,158.050003,670100,157.92715
2014-09-15,158.850006,158.860001,157.669998,157.770004,464100,157.647369
2014-09-12,161.240005,161.240005,158.25,158.470001,582000,158.346822
2014-09-11,161.490005,162.729996,160.039993,161.330002,652600,161.204599
2014-09-10,163.00,163.550003,161.619995,162.619995,403200,162.49359
2014-09-09,164.25,164.309998,161.839996,162.550003,424200,162.423652
2014-09-08,162.520004,164.570007,161.679993,164.289993,550300,164.16229
2014-09-05,160.440002,162.429993,157.759995,162.419998,783200,162.293748
2014-09-04,161.919998,163.990005,160.600006,160.949997,753800,160.82489
2014-09-03,163.389999,163.539993,161.139999,161.289993,830100,161.164622
2014-09-02,163.490005,164.850006,162.949997,162.990005,585100,162.863313
2014-08-29,163.550003,164.479996,162.25,163.029999,338900,162.903275
2014-08-28,163.570007,164.169998,162.429993,162.979996,311900,162.853311
2014-08-27,162.990005,163.880005,161.470001,163.610001,357000,163.482826
2014-08-26,161.399994,163.899994,161.399994,162.630005,416400,162.503592
2014-08-25,163.190002,163.190002,160.520004,161.259995,596100,161.134646
2014-08-22,162.990005,163.339996,161.729996,162.080002,245500,161.954016
2014-08-21,162.309998,163.75,162.070007,162.800003,386300,162.673458
2014-08-20,161.160004,162.369995,160.179993,161.830002,466700,161.704211
2014-08-19,162.039993,162.830002,161.210007,161.850006,407500,161.724199
2014-08-18,161.580002,163.570007,161.580002,161.910004,291000,161.78415
2014-08-15,161.649994,161.940002,159.320007,160.649994,381300,160.52512
2014-08-14,161.589996,162.330002,160.080002,160.470001,236700,160.345267
2014-08-13,159.00,161.630005,159.00,161.440002,302700,161.314514
2014-08-12,158.080002,158.589996,157.649994,158.440002,348700,158.316846
2014-08-11,159.139999,159.880005,157.960007,158.130005,548600,158.00709
2014-08-08,158.240005,159.190002,157.880005,158.389999,435100,158.266882
2014-08-07,158.460007,160.389999,157.690002,158.070007,393600,157.947139
2014-08-06,158.00,158.789993,157.559998,158.009995,870700,157.887173
2014-08-05,159.050003,160.589996,158.00,158.300003,447100,158.176956
2014-08-04,160.710007,160.770004,158.419998,159.460007,490900,159.336058
2014-08-01,160.490005,161.690002,159.220001,159.899994,764300,159.775703
2014-07-31,162.080002,163.240005,159.839996,160.880005,1067100,160.754952
2014-07-30,161.220001,163.199997,160.539993,163.130005,595700,163.003203
2014-07-29,159.779999,161.389999,159.139999,160.449997,696700,160.325278
2014-07-28,159.589996,160.389999,158.919998,159.669998,708200,159.545886
2014-07-25,160.759995,160.929993,158.00,159.970001,1393300,159.845656
2014-07-24,155.979996,161.649994,155.429993,160.850006,1339000,160.724977
2014-07-23,154.929993,157.199997,154.009995,156.009995,868900,155.888727
2014-07-22,152.190002,154.979996,152.080002,154.600006,562400,154.479835
2014-07-21,149.630005,152.460007,148.830002,152.139999,578500,151.99177
2014-07-18,148.970001,151.309998,148.429993,151.00,352200,150.852881
2014-07-17,150.070007,150.339996,148.350006,148.759995,620100,148.615058
2014-07-16,151.229996,151.550003,149.539993,151.089996,611600,150.94279
2014-07-15,150.559998,151.029999,149.080002,150.779999,739700,150.633094
2014-07-14,150.759995,151.229996,149.570007,150.389999,543400,150.243475
2014-07-11,148.380005,150.440002,148.050003,150.210007,426400,150.063657
2014-07-10,148.820007,149.869995,147.669998,148.830002,563400,148.684997
2014-07-09,146.210007,149.949997,145.360001,149.539993,988500,149.394297
2014-07-08,144.940002,145.50,143.929993,145.25,533300,145.108483
2014-07-07,145.160004,145.160004,143.970001,144.660004,481800,144.519062
2014-07-03,146.479996,146.699997,144.539993,145.320007,665100,145.178422
2014-07-02,146.50,147.520004,145.759995,146.660004,887100,146.517113
2014-07-01,140.479996,147.559998,140.429993,146.949997,2324300,146.806824
2014-06-30,136.990005,137.070007,134.720001,135.529999,431900,135.397952
2014-06-27,135.169998,137.119995,134.419998,137.039993,378400,136.906476
2014-06-26,137.100006,137.100006,135.009995,135.649994,177100,135.51783
2014-06-25,134.979996,136.929993,134.440002,136.860001,404400,136.726658
2014-06-24,135.710007,136.050003,134.929993,134.990005,328800,134.858485
2014-06-23,137.25,137.25,136.179993,136.509995,367300,136.376993
2014-06-20,136.289993,137.240005,135.619995,137.179993,662400,137.046339
2014-06-19,135.449997,136.289993,134.50,136.029999,525600,135.897465
2014-06-18,135.300003,135.800003,133.550003,134.949997,345400,134.818516
2014-06-17,132.410004,135.630005,132.169998,135.279999,580900,135.148196
2014-06-16,131.00,133.089996,130.410004,132.070007,617300,131.941332
2014-06-13,131.710007,131.710007,129.970001,130.639999,423600,130.512717
2014-06-12,132.830002,133.449997,131.149994,131.449997,360200,131.321926
2014-06-11,132.490005,133.100006,131.669998,133.029999,204300,132.900388
2014-06-10,133.330002,133.630005,131.940002,132.570007,245300,132.440845
2014-06-09,133.389999,133.990005,130.75,133.179993,680500,133.050236
2014-06-06,130.820007,133.559998,127.620003,133.360001,1576400,133.230068
2014-06-05,130.75,131.669998,129.830002,131.110001,447900,130.98226
2014-06-04,130.690002,131.440002,130.050003,131.070007,226800,130.942306
2014-06-03,130.229996,132.619995,130.229996,130.979996,411700,130.852382
2014-06-02,129.649994,131.160004,128.800003,131.089996,384300,130.962276
2014-05-30,128.649994,129.589996,128.070007,129.020004,475100,128.8943
2014-05-29,128.039993,129.119995,127.360001,128.389999,469000,128.264909
2014-05-28,130.00,130.210007,127.379997,127.449997,748000,127.325823
2014-05-27,131.149994,131.470001,129.380005,129.880005,360500,129.753463
2014-05-23,130.00,130.539993,129.339996,130.149994,232300,130.023189
2014-05-22,130.050003,131.259995,129.600006,129.940002,386800,129.813402
2014-05-21,131.850006,132.490005,129.899994,130.009995,406000,129.883326
2014-05-20,133.619995,133.699997,127.019997,131.080002,864200,130.952291
2014-05-19,132.880005,134.559998,132.809998,133.850006,145400,133.719596
2014-05-16,132.919998,133.259995,131.389999,133.220001,198800,133.090205
2014-05-15,133.270004,133.289993,130.720001,132.240005,355100,132.111164
2014-05-14,134.240005,135.50,133.199997,133.399994,364000,133.270023
2014-05-13,135.720001,136.460007,134.149994,134.720001,143300,134.588744
2014-05-12,134.029999,136.589996,133.070007,135.240005,291800,135.108241
2014-05-09,132.110001,133.660004,129.809998,132.729996,285400,132.600677
2014-05-08,133.660004,135.570007,131.860001,132.199997,247000,132.071195
2014-05-07,134.619995,134.619995,131.300003,133.570007,318400,133.43987
2014-05-06,133.610001,134.479996,132.369995,133.850006,315900,133.719596
2014-05-05,132.580002,134.570007,132.380005,134.110001,291400,133.979338
2014-05-02,132.679993,134.470001,132.080002,133.800003,263500,133.669642
2014-05-01,132.119995,133.419998,130.970001,132.270004,202500,132.141134
2014-04-30,131.320007,132.119995,130.75,131.910004,320600,131.781484
2014-04-29,131.00,132.559998,130.119995,131.809998,349100,131.681575
2014-04-28,129.869995,131.029999,128.350006,130.119995,356800,129.99322
2014-04-25,129.460007,130.220001,128.320007,129.100006,348700,128.974224
2014-04-24,130.070007,130.949997,128.809998,130.529999,381100,130.402824
2014-04-23,129.970001,130.229996,128.759995,129.300003,205600,129.174026
2014-04-22,128.839996,130.479996,127.919998,130.070007,322900,129.94328
2014-04-21,126.099998,129.449997,126.099998,128.039993,156300,127.915244
2014-04-17,128.520004,129.820007,126.300003,128.660004,399700,128.534651
2014-04-16,127.949997,129.979996,126.550003,129.179993,460700,129.054133
2014-04-15,127.290001,129.179993,124.019997,126.669998,702500,126.546584
2014-04-14,124.93,127.07,124.220001,126.790001,572900,126.66647
2014-04-11,124.959999,125.669998,123.489998,123.620003,581200,123.49956
2014-04-10,132.309998,132.309998,125.839996,126.099998,679600,125.97714
2014-04-09,130.779999,132.75,129.00,132.720001,346700,132.590692
2014-04-08,130.649994,131.410004,129.350006,130.429993,494400,130.302915
2014-04-07,132.369995,132.449997,128.639999,130.660004,549100,130.532702
2014-04-04,138.100006,138.940002,132.399994,132.580002,511700,132.450829
2014-04-03,137.419998,138.270004,136.119995,137.50,559400,137.366034
2014-04-02,138.570007,139.380005,136.740005,137.399994,594600,137.266125
2014-04-01,136.919998,139.300003,136.539993,138.369995,513100,138.235182
2014-03-31,133.860001,137.600006,132.479996,137.360001,638300,137.226171
2014-03-28,132.039993,133.00,131.199997,132.300003,245200,132.171103
2014-03-27,133.429993,133.580002,131.229996,131.570007,348900,131.441819
2014-03-26,134.929993,135.490005,133.160004,133.25,385100,133.120175
2014-03-25,135.699997,135.979996,132.770004,133.970001,298500,133.839475
2014-03-24,134.699997,135.899994,132.809998,134.410004,641000,134.279048
2014-03-21,139.470001,139.470001,134.00,134.00,939000,133.869444
2014-03-20,137.330002,139.309998,136.380005,138.580002,471200,138.444984
2014-03-19,136.589996,138.919998,136.220001,137.619995,467800,137.485912
2014-03-18,134.380005,137.50,133.490005,136.589996,574400,136.456917
2014-03-17,133.089996,134.449997,132.679993,133.669998,388200,133.539764
2014-03-14,132.729996,134.630005,132.100006,132.350006,340100,132.221058
2014-03-13,134.850006,136.199997,133.089996,133.550003,440900,133.419886
2014-03-12,132.039993,134.850006,130.970001,134.440002,767000,134.309018
2014-03-11,134.429993,134.910004,132.850006,133.050003,416100,132.920373
2014-03-10,135.520004,136.660004,133.839996,134.229996,698500,134.099216
2014-03-07,136.649994,145.339996,133.00,136.479996,1582400,136.347024
2014-03-06,130.880005,132.949997,129.589996,130.089996,748600,129.96325
2014-03-05,132.449997,132.660004,130.880005,130.880005,381100,130.752489
2014-03-04,129.279999,132.529999,129.020004,132.399994,607900,132.270997
2014-03-03,127.870003,129.660004,127.550003,128.139999,643400,128.015153
2014-02-28,130.369995,131.199997,127.339996,128.210007,345700,128.085092
2014-02-27,129.220001,130.139999,127.699997,129.649994,301000,129.523676
2014-02-26,128.729996,129.820007,127.160004,129.440002,317700,129.313889
2014-02-25,128.360001,128.619995,126.599998,128.600006,211400,128.474711
2014-02-24,127.449997,129.660004,127.389999,128.300003,312600,128.175001
2014-02-21,127.25,128.839996,126.260002,127.540001,252700,127.415739
2014-02-20,126.919998,128.710007,125.389999,128.520004,238400,128.394788
2014-02-19,126.809998,128.119995,126.120003,126.980003,309600,126.856287
2014-02-18,125.199997,127.43,124.839996,127.389999,375600,127.265884
2014-02-14,126.410004,126.75,124.230003,124.959999,706300,124.838251
2014-02-13,125.910004,127.879997,125.910004,126.540001,350900,126.416713
2014-02-12,126.169998,127.239998,125.50,126.589996,292700,126.46666
2014-02-11,124.730003,126.769997,124.57,126.150002,457100,126.027094
2014-02-10,123.379997,124.889999,122.919998,124.849998,413700,124.728357
2014-02-07,120.550003,123.540001,120.489998,123.400002,506500,123.279773
2014-02-06,120.029999,120.970001,119.059998,120.150002,274700,120.03294
2014-02-05,119.419998,120.449997,118.330002,119.739998,221600,119.623335
2014-02-04,117.580002,120.470001,116.949997,119.370003,717800,119.253701
2014-02-03,123.290001,123.50,117.230003,117.300003,1472800,117.185718
2014-01-31,123.330002,124.949997,122.419998,124.279999,236500,124.158913
2014-01-30,124.550003,125.360001,123.709999,125.239998,257200,125.117977
2014-01-29,123.57,125.290001,122.50,123.059998,484400,122.940101
2014-01-28,123.940002,124.690002,123.019997,123.720001,340000,123.599461
2014-01-27,122.910004,125.169998,121.470001,123.800003,581700,123.679385
2014-01-24,126.18,126.18,122.110001,122.699997,953000,122.580451
2014-01-23,126.400002,127.760002,125.620003,126.300003,491900,126.176949
2014-01-22,129.720001,129.949997,127.199997,127.349998,439900,127.225922
2014-01-21,130.860001,130.860001,127.809998,129.410004,331000,129.253945
2014-01-17,130.539993,131.520004,129.419998,129.699997,399400,129.543589
2014-01-16,128.910004,131.300003,128.710007,130.619995,511900,130.462478
2014-01-15,126.199997,129.979996,126.199997,129.070007,673800,128.914359
2014-01-14,124.389999,126.940002,124.389999,126.379997,367700,126.227593
2014-01-13,125.870003,125.989998,123.860001,124.050003,606500,123.900409
2014-01-10,125.82,127.169998,125.349998,126.139999,785700,125.987884
2014-01-09,124.269997,126.690002,124.150002,125.830002,666900,125.678261
2014-01-08,123.760002,124.639999,123.239998,124.07,513100,123.920381
2014-01-07,120.419998,124.510002,120.160004,123.949997,785400,123.800523
2014-01-06,123.849998,124.489998,121.019997,122.269997,901100,122.122549
2014-01-03,123.089996,124.120003,122.470001,123.550003,218700,123.401011
2014-01-02,123.25,123.970001,122.290001,123.050003,320700,122.901614
2013-12-31,125.370003,125.839996,123.349998,123.839996,451100,123.690655
2013-12-30,125.879997,126.989998,124.910004,124.989998,344100,124.83927
2013-12-27,126.010002,126.440002,125.459999,125.580002,303000,125.428562
2013-12-26,126.660004,127.00,125.389999,125.650002,265600,125.498478
2013-12-24,126.230003,127.190002,125.559998,126.660004,224900,126.507262
2013-12-23,126.93,128.050003,125.489998,126.089996,495600,125.937942
2013-12-20,122.620003,127.00,122.519997,127.00,1084900,126.846848
2013-12-19,121.129997,122.889999,121.019997,122.599998,705000,122.452153
2013-12-18,122.93,123.870003,119.900002,121.43,786400,121.283565
2013-12-17,120.339996,123.529999,119.309998,122.139999,753800,121.992708
2013-12-16,120.839996,122.07,120.419998,120.559998,511700,120.414612
2013-12-13,119.639999,124.230003,119.639999,121.209999,1105500,121.063829
2013-12-12,119.559998,121.330002,118.580002,119.529999,1140300,119.385855
2013-12-11,123.080002,124.400002,119.599998,119.889999,912100,119.745422
2013-12-10,126.059998,127.169998,123.68,123.739998,710700,123.590777
2013-12-09,125.339996,126.860001,125.099998,126.580002,544800,126.427356
2013-12-06,126.669998,127.400002,125.019997,125.760002,1923900,125.608345
2013-12-05,134.380005,135.00,132.190002,133.729996,367900,133.568728
2013-12-04,133.520004,133.520004,130.639999,131.880005,218100,131.720968
2013-12-03,131.399994,133.059998,130.419998,132.789993,433000,132.629859
2013-12-02,131.639999,132.720001,130.679993,132.259995,231400,132.100499
2013-11-29,132.119995,133.419998,131.449997,131.740005,91500,131.581137
2013-11-27,130.720001,131.869995,129.990005,131.789993,460400,131.631065
2013-11-26,132.559998,132.809998,130.600006,130.639999,309300,130.482458
2013-11-25,133.559998,133.970001,132.600006,132.830002,243800,132.669819
2013-11-22,132.490005,134.470001,131.869995,133.610001,410200,133.448877
2013-11-21,128.460007,132.229996,128.460007,132.220001,321600,132.060554
2013-11-20,127.959999,129.210007,127.699997,128.00,162500,127.845642
2013-11-19,127.75,128.559998,127.330002,127.959999,174600,127.805689
2013-11-18,129.229996,129.270004,127.230003,128.00,229700,127.845642
2013-11-15,126.699997,129.410004,126.510002,129.350006,184600,129.19402
2013-11-14,127.629997,128.490005,126.489998,126.980003,248800,126.826875
2013-11-13,127.110001,128.820007,127.110001,127.599998,222800,127.446123
2013-11-12,127.019997,128.110001,126.040001,127.849998,99400,127.695821
2013-11-11,127.389999,128.490005,126.709999,127.160004,158300,127.006659
2013-11-08,125.669998,127.580002,125.480003,127.07,129500,126.916763
2013-11-07,128.279999,129.039993,125.639999,125.720001,179600,125.568393
2013-11-06,129.240005,129.240005,127.709999,127.879997,178100,127.725784
2013-11-05,126.470001,129.110001,126.470001,128.490005,224200,128.335057
2013-11-04,128.25,129.179993,127.330002,129.050003,203800,128.894379
2013-11-01,129.440002,130.509995,127.529999,128.350006,206400,128.195226
2013-10-31,129.949997,130.259995,128.029999,129.210007,192900,129.05419
2013-10-30,130.919998,132.149994,129.00,129.75,162300,129.593532
2013-10-29,130.00,131.160004,130.00,131.160004,268300,131.001835
2013-10-28,128.929993,129.869995,128.270004,129.639999,199400,129.483664
2013-10-25,128.639999,129.279999,127.610001,129.179993,266500,129.024212
2013-10-24,128.800003,129.149994,127.830002,128.770004,193800,128.614718
2013-10-23,128.100006,128.660004,127.07,128.350006,168300,128.195226
2013-10-22,127.040001,129.080002,127.040001,128.399994,273300,128.245154
2013-10-21,126.190002,127.580002,125.290001,127.370003,306100,127.216405
2013-10-18,127.699997,127.839996,125.489998,125.919998,411400,125.768149
2013-10-17,127.68,127.849998,126.919998,127.129997,548900,126.976688
2013-10-16,128.190002,128.949997,127.550003,127.910004,303700,127.755754
2013-10-15,129.770004,129.779999,127.629997,127.860001,346200,127.705812
2013-10-14,128.990005,129.960007,127.919998,129.600006,305700,129.443719
2013-10-11,127.629997,129.759995,126.870003,129.679993,345000,129.523609
2013-10-10,126.669998,127.43,126.080002,127.269997,340000,127.116519
2013-10-09,124.989998,126.339996,124.040001,125.510002,468000,125.358647
2013-10-08,126.75,127.720001,124.879997,124.959999,343800,124.809307
2013-10-07,126.209999,127.209999,124.00,126.410004,390000,126.257563
2013-10-04,126.949997,128.059998,126.230003,127.07,395400,126.916763
2013-10-03,129.199997,129.929993,126.830002,126.860001,836200,126.707017
2013-10-02,130.289993,130.289993,128.029999,129.470001,365900,129.313871
2013-10-01,130.00,131.990005,129.369995,130.759995,461600,130.602308
2013-09-30,129.00,130.369995,128.440002,129.690002,377500,129.533607
2013-09-27,129.660004,130.779999,128.479996,130.529999,234500,130.37259
2013-09-26,129.580002,130.740005,128.639999,129.979996,304300,129.82325
2013-09-25,127.959999,129.660004,125.879997,129.240005,484700,129.084152
2013-09-24,129.240005,129.25,127.610001,127.790001,303800,127.635896
2013-09-23,131.110001,131.270004,129.020004,129.25,208500,129.094135
2013-09-20,131.720001,132.619995,130.759995,131.309998,364100,131.151648
2013-09-19,134.759995,135.220001,131.470001,131.990005,263000,131.830836
2013-09-18,134.199997,134.75,132.490005,134.720001,123600,134.55754
2013-09-17,133.320007,134.520004,133.270004,134.410004,133200,134.247916
2013-09-16,133.800003,134.399994,132.800003,133.320007,150500,133.159234
2013-09-13,132.199997,132.740005,131.550003,132.070007,190200,131.910741
2013-09-12,134.539993,134.770004,131.789993,132.029999,370500,131.870781
2013-09-11,135.059998,135.410004,134.130005,134.470001,158700,134.307841
2013-09-10,133.949997,135.009995,133.320007,134.970001,231400,134.807238
2013-09-09,131.330002,133.270004,131.330002,133.119995,280900,132.959463
2013-09-06,131.899994,131.899994,126.790001,130.919998,667500,130.762119
2013-09-05,132.699997,134.199997,131.419998,133.25,360400,133.089311
2013-09-04,131.759995,133.580002,131.759995,133.360001,266900,133.199179
2013-09-03,131.789993,132.990005,129.809998,131.820007,479500,131.661043
2013-08-30,131.729996,132.210007,129.759995,130.610001,320900,130.452495
2013-08-29,130.449997,132.169998,129.389999,131.729996,211800,131.57114
2013-08-28,129.770004,131.139999,128.600006,130.419998,213700,130.262722
2013-08-27,128.740005,130.279999,128.029999,129.529999,321600,129.373796
2013-08-26,130.089996,130.759995,128.779999,129.630005,178200,129.473681
2013-08-23,130.050003,130.860001,129.210007,130.160004,201100,130.003041
2013-08-22,129.490005,130.419998,128.399994,130.00,91400,129.84323
2013-08-21,129.470001,130.240005,128.529999,129.220001,155900,129.064172
2013-08-20,128.759995,129.850006,127.540001,129.740005,195000,129.583549
2013-08-19,129.279999,130.360001,128.059998,128.940002,180900,128.784511
2013-08-16,129.440002,130.210007,128.020004,129.429993,201200,129.27391
2013-08-15,130.830002,130.910004,129.00,129.419998,196800,129.263928
2013-08-14,131.990005,131.990005,131.110001,131.740005,116100,131.581137
2013-08-13,131.649994,133.529999,129.850006,131.50,162900,131.341421
2013-08-12,131.130005,132.729996,131.130005,131.720001,152000,131.561157
2013-08-09,131.199997,132.289993,130.470001,131.610001,132600,131.451289
2013-08-08,130.850006,131.940002,129.910004,131.660004,180500,131.501232
2013-08-07,130.00,130.830002,128.00,130.139999,214800,129.983061
2013-08-06,130.00,130.690002,128.220001,130.149994,295300,129.993043
2013-08-05,128.75,130.470001,127.480003,130.470001,185100,130.312665
2013-08-02,129.169998,129.169998,127.650002,129.050003,131900,128.894379
2013-08-01,128.470001,130.369995,128.050003,129.610001,356800,129.453701
2013-07-31,125.830002,128.289993,125.669998,127.349998,326400,127.196424
2013-07-30,126.389999,126.389999,124.400002,125.32,266200,125.168874
2013-07-29,125.470001,126.339996,124.080002,125.720001,236100,125.568393
2013-07-26,126.18,126.18,124.669998,125.790001,150900,125.638308
2013-07-25,126.839996,127.459999,125.360001,126.220001,178000,126.06779
2013-07-24,128.089996,128.449997,126.400002,126.889999,223300,126.73698
2013-07-23,128.149994,129.059998,127.010002,127.50,332600,127.346245
2013-07-22,126.879997,128.309998,125.669998,128.309998,389600,128.155266
2013-07-19,126.50,127.010002,125.82,126.839996,209500,126.657076
2013-07-18,125.970001,127.209999,125.889999,126.620003,129700,126.4374
2013-07-17,125.800003,126.769997,125.68,125.779999,133700,125.598607
2013-07-16,127.389999,128.369995,124.589996,125.07,304100,124.889632
2013-07-15,125.18,127.459999,124.550003,127.07,396600,126.886748
2013-07-12,123.610001,125.489998,122.029999,125.360001,304500,125.179215
2013-07-11,125.470001,125.599998,123.650002,123.699997,296300,123.521605
2013-07-10,124.010002,124.900002,122.959999,124.419998,256300,124.240568
2013-07-09,123.620003,124.25,122.610001,123.790001,189500,123.611479
2013-07-08,124.099998,124.730003,123.169998,123.339996,366000,123.162123
2013-07-05,122.559998,123.779999,121.809998,123.639999,267800,123.461694
2013-07-03,121.099998,121.970001,120.00,121.650002,150000,121.474566
2013-07-02,120.959999,122.540001,120.830002,121.93,238800,121.754161
2013-07-01,119.639999,121.07,119.230003,120.889999,232500,120.71566
2013-06-28,117.699997,120.919998,116.809998,119.050003,583100,118.878317
2013-06-27,118.379997,118.489998,117.300003,117.800003,314400,117.63012
2013-06-26,117.919998,118.580002,117.18,117.660004,240800,117.490322
2013-06-25,118.959999,119.389999,116.269997,116.839996,311600,116.671497
2013-06-24,117.480003,119.050003,116.75,117.849998,233800,117.680043
2013-06-21,117.970001,119.00,117.480003,118.599998,324800,118.428961
2013-06-20,119.510002,119.919998,116.910004,117.309998,220800,117.140821
2013-06-19,121.849998,122.199997,120.610001,120.75,195900,120.575862
2013-06-18,123.089996,123.290001,121.57,121.690002,236200,121.514509
2013-06-17,122.169998,124.080002,121.709999,122.800003,359600,122.622909
2013-06-14,121.220001,121.779999,119.970001,121.529999,341400,121.354736
2013-06-13,120.50,121.43,119.720001,121.220001,269900,121.045186
2013-06-12,121.919998,121.949997,119.919998,120.410004,186800,120.236356
2013-06-11,120.459999,122.080002,119.059998,120.959999,253800,120.785559
2013-06-10,120.220001,122.769997,119.599998,121.629997,674500,121.45459
2013-06-07,116.610001,120.559998,116.610001,120.00,1143300,119.826944
2013-06-06,110.629997,113.220001,110.330002,113.129997,391200,112.966849
2013-06-05,111.419998,112.330002,110.75,111.00,236200,110.839923
2013-06-04,113.199997,113.989998,111.690002,111.830002,415000,111.668728
2013-06-03,113.00,114.099998,112.93,113.199997,573700,113.036747
2013-05-31,113.690002,115.32,112.959999,113.010002,349000,112.847027
2013-05-30,110.57,114.370003,110.300003,114.300003,401200,114.135167
2013-05-29,110.550003,111.129997,108.57,110.790001,442800,110.630227
2013-05-28,109.879997,111.639999,109.279999,110.940002,563900,110.780012
2013-05-24,107.050003,109.849998,106.290001,109.040001,939300,108.882751
2013-05-23,106.839996,107.660004,105.709999,107.120003,371000,106.965521
2013-05-22,111.110001,111.449997,106.599998,107.220001,603900,107.065376
2013-05-21,111.160004,111.980003,110.57,110.989998,189400,110.829935
2013-05-20,111.25,112.150002,110.650002,111.07,320100,110.909822
2013-05-17,111.080002,111.610001,110.800003,111.220001,253800,111.059607
2013-05-16,111.93,111.949997,110.389999,110.519997,349300,110.360612
2013-05-15,113.889999,113.889999,111.389999,111.93,740000,111.768582
2013-05-14,115.849998,116.790001,114.870003,114.970001,319600,114.804199
2013-05-13,116.010002,116.459999,115.709999,116.00,308500,115.832712
2013-05-10,115.629997,116.639999,115.279999,115.970001,187700,115.802757
2013-05-09,114.980003,116.099998,114.959999,115.339996,203100,115.173661
2013-05-08,113.620003,115.169998,112.860001,115.059998,304300,114.894066
2013-05-07,113.32,113.709999,112.660004,113.529999,219600,113.366273
2013-05-06,112.230003,113.50,111.75,113.32,282100,113.156577
2013-05-03,110.639999,112.029999,110.510002,112.00,320300,111.838481
2013-05-02,108.919998,109.93,108.190002,109.860001,366700,109.701568
2013-05-01,110.400002,110.57,108.529999,108.669998,143800,108.513281
2013-04-30,108.559998,110.849998,108.290001,110.400002,348400,110.24079
2013-04-29,108.209999,108.940002,107.00,108.760002,164800,108.603156
2013-04-26,107.18,107.720001,106.089996,107.720001,177000,107.564655
2013-04-25,105.379997,110.449997,105.349998,107.290001,174700,107.135274
2013-04-24,107.989998,108.050003,107.019997,107.620003,183500,107.4648
2013-04-23,106.660004,108.480003,106.389999,108.199997,282900,108.043958
2013-04-22,106.449997,106.449997,104.93,106.080002,116000,105.92702
2013-04-19,105.800003,106.910004,104.239998,106.25,160400,106.096773
2013-04-18,107.900002,108.480003,105.389999,105.860001,174000,105.707336
2013-04-17,108.25,108.379997,107.199997,107.879997,391900,107.72442
2013-04-16,107.639999,108.809998,107.00,108.629997,375200,108.473338
2013-04-15,108.739998,108.760002,106.639999,107.080002,419800,106.925578
2013-04-12,109.629997,109.790001,108.309998,108.949997,308300,108.792876
2013-04-11,108.50,109.93,107.940002,109.889999,313600,109.731523
2013-04-10,106.699997,108.480003,106.400002,108.169998,331000,108.014002
2013-04-09,106.309998,106.980003,105.949997,106.610001,193300,106.456255
2013-04-08,106.209999,106.550003,105.389999,106.389999,207500,106.236571
2013-04-05,107.00,107.550003,105.760002,106.169998,532800,106.016887
2013-04-04,107.220001,108.010002,106.739998,107.980003,288800,107.824282
2013-04-03,107.699997,107.93,106.650002,107.050003,323800,106.895623
2013-04-02,107.199997,108.290001,107.199997,107.709999,235600,107.554667
2013-04-01,107.800003,108.25,105.760002,106.550003,203200,106.396344
2013-03-28,106.739998,108.040001,106.480003,107.879997,333800,107.72442
2013-03-27,104.370003,106.790001,104.199997,106.739998,310800,106.586064
2013-03-26,104.279999,104.989998,103.870003,104.93,262900,104.778677
2013-03-25,104.639999,104.970001,103.68,104.389999,215900,104.239455
2013-03-22,104.370003,104.489998,103.730003,104.160004,125400,104.009791
2013-03-21,104.919998,109.650002,103.68,103.980003,169600,103.83005
2013-03-20,105.059998,109.82,104.43,105.480003,303500,105.327887
2013-03-19,104.339996,104.760002,103.650002,104.419998,247000,104.26941
2013-03-18,103.419998,104.419998,102.720001,104.089996,242400,103.939885
2013-03-15,104.660004,104.93,103.459999,103.82,373400,103.670277
2013-03-14,105.00,105.75,104.440002,104.82,276100,104.668835
2013-03-13,105.389999,105.389999,104.919998,105.25,290100,105.098215
2013-03-12,105.669998,106.370003,104.959999,105.400002,415400,105.248001
2013-03-11,106.540001,106.980003,105.879997,106.25,373100,106.096773
2013-03-08,104.300003,109.559998,103.57,108.230003,881100,108.073921
2013-03-07,105.690002,105.900002,103.879997,104.699997,701600,104.549005
2013-03-06,106.209999,106.519997,105.110001,105.550003,346500,105.397786
2013-03-05,105.809998,106.309998,105.529999,105.870003,483600,105.717324
2013-03-04,104.830002,105.529999,104.190002,105.190002,233800,105.038304
2013-03-01,105.68,105.970001,104.410004,105.080002,360100,104.928462
2013-02-28,105.489998,106.75,105.489998,106.059998,191700,105.907045
2013-02-27,104.07,106.139999,104.040001,105.50,181800,105.347855
2013-02-26,102.82,104.339996,102.139999,103.959999,265300,103.810075
2013-02-25,103.309998,104.830002,102.330002,102.330002,252600,102.182428
2013-02-22,103.050003,103.419998,102.639999,102.910004,113600,102.761594
2013-02-21,103.110001,103.120003,101.57,102.589996,285900,102.442048
2013-02-20,104.620003,104.669998,103.040001,103.139999,205600,102.991258
2013-02-19,103.889999,105.190002,103.379997,104.660004,185000,104.50907
2013-02-15,103.849998,104.529999,103.57,104.010002,112100,103.860006
2013-02-14,104.209999,104.419998,103.589996,103.790001,208800,103.640322
2013-02-13,105.029999,105.75,103.889999,104.25,287600,104.099657
2013-02-12,104.150002,104.720001,104.150002,104.610001,282900,104.459139
2013-02-11,104.089996,104.739998,103.75,104.050003,141800,103.899949
2013-02-08,103.010002,105.199997,103.00,104.260002,309200,104.109645
2013-02-07,103.150002,103.330002,102.440002,102.870003,494000,102.72165
2013-02-06,100.389999,103.029999,100.389999,103.029999,465000,102.881416
2013-02-05,100.949997,101.410004,100.75,100.860001,189400,100.714547
2013-02-04,101.540001,101.540001,100.239998,100.650002,276000,100.504851
2013-02-01,102.040001,102.330002,101.199997,102.190002,160300,102.042631
2013-01-31,100.949997,101.440002,100.139999,101.349998,262600,101.203838
2013-01-30,101.239998,101.690002,100.82,101.050003,181700,100.904275
2013-01-29,101.379997,101.970001,100.919998,101.510002,193900,101.363611
2013-01-28,102.089996,102.470001,101.18,101.779999,218300,101.633218
2013-01-25,100.779999,102.080002,99.730003,102.080002,344200,101.932789
2013-01-24,99.510002,101.43,99.120003,100.730003,466200,100.584737
2013-01-23,98.589996,99.75,98.089996,99.639999,335500,99.496305
2013-01-22,97.330002,98.480003,97.309998,98.400002,363000,98.228137
2013-01-18,97.559998,97.779999,96.889999,97.330002,342200,97.160006
2013-01-17,97.959999,98.349998,97.330002,97.330002,239600,97.160006
2013-01-16,97.169998,98.199997,96.830002,97.830002,259100,97.659132
2013-01-15,96.919998,97.199997,96.309998,97.199997,363900,97.030228
2013-01-14,97.00,97.809998,96.669998,97.110001,225500,96.940389
2013-01-11,97.599998,98.730003,96.629997,96.879997,471700,96.710787
2013-01-10,96.900002,97.980003,96.330002,97.800003,343400,97.629186
2013-01-09,96.449997,97.300003,96.040001,96.540001,372700,96.371385
2013-01-08,96.279999,96.43,95.379997,96.040001,319300,95.872258
2013-01-07,95.199997,96.910004,95.199997,96.400002,297900,96.23163
2013-01-04,95.50,96.059998,94.769997,95.440002,392000,95.273307
2013-01-03,94.940002,96.139999,94.480003,94.93,362300,94.764196
2013-01-02,93.75,95.160004,93.459999,95.160004,488700,94.993798
2012-12-31,91.260002,92.68,90.75,92.480003,335300,92.318478
2012-12-28,92.00,92.400002,91.510002,91.510002,196800,91.350171
2012-12-27,92.150002,92.709999,91.639999,92.459999,328200,92.298509
2012-12-26,94.190002,94.75,91.82,91.889999,308800,91.729505
2012-12-24,94.209999,95.440002,93.93,94.209999,337800,94.045452
2012-12-21,92.489998,93.43,91.440002,92.860001,970500,92.697812
2012-12-20,94.629997,95.199997,92.660004,92.75,569700,92.588003
2012-12-19,95.150002,95.370003,93.529999,94.480003,414600,94.314985
2012-12-18,95.910004,96.739998,94.669998,95.050003,455900,94.883989
2012-12-17,95.510002,96.169998,95.269997,95.940002,203600,95.772434
2012-12-14,95.139999,95.879997,94.860001,95.480003,253200,95.313238
2012-12-13,94.949997,95.68,94.120003,95.00,498800,94.834073
2012-12-12,97.330002,97.330002,95.629997,95.739998,276700,95.572779
2012-12-11,95.739998,97.470001,95.389999,96.910004,323000,96.740741
2012-12-10,94.309998,96.120003,94.129997,95.699997,452300,95.532848
2012-12-07,92.00,94.550003,91.110001,94.529999,1106500,94.364893
2012-12-06,93.739998,94.00,92.75,93.849998,370200,93.686081
2012-12-05,95.510002,95.650002,93.339996,93.57,446300,93.406571
2012-12-04,95.339996,95.699997,94.260002,95.129997,354200,94.963844
2012-12-03,94.900002,96.459999,94.540001,95.129997,438000,94.963844
2012-11-30,96.25,97.50,94.220001,94.940002,1972000,94.774181
2012-11-29,97.209999,97.709999,95.769997,95.900002,227200,95.732503
2012-11-28,94.339996,96.639999,94.209999,96.589996,286100,96.421293
2012-11-27,95.110001,96.360001,94.93,95.089996,201300,94.923913
2012-11-26,95.230003,95.849998,94.720001,95.279999,243200,95.113583
2012-11-23,94.529999,95.370003,93.879997,95.279999,85500,95.113583
2012-11-21,93.290001,94.419998,92.790001,94.400002,249700,94.235123
2012-11-20,92.290001,93.300003,91.629997,93.269997,245300,93.107092
2012-11-19,91.870003,92.690002,90.870003,92.650002,242500,92.48818
2012-11-16,89.50,91.449997,89.50,91.209999,356900,91.050692
2012-11-15,90.629997,91.220001,88.800003,89.400002,543000,89.243856
2012-11-14,91.900002,91.940002,90.50,90.699997,398000,90.541581
2012-11-13,92.93,93.32,91.43,91.550003,390300,91.390102
2012-11-12,93.720001,94.010002,92.709999,93.260002,198300,93.097115
2012-11-09,93.849998,94.800003,93.150002,93.360001,418100,93.196939
2012-11-08,96.300003,96.349998,93.139999,94.019997,282600,93.855782
2012-11-07,97.150002,97.370003,95.010002,96.489998,205400,96.321469
2012-11-06,97.639999,98.239998,96.269997,97.800003,214500,97.629186
2012-11-05,96.199997,97.93,95.419998,97.529999,155800,97.359653
2012-11-02,98.769997,98.860001,96.120003,96.129997,249200,95.962097
2012-11-01,95.889999,98.769997,95.010002,98.449997,380600,98.278045
2012-10-31,95.760002,96.230003,94.82,95.980003,243400,95.812365
2012-10-26,96.089996,96.330002,94.769997,94.989998,161000,94.824089
2012-10-25,96.489998,97.449997,95.389999,96.07,185100,95.902204
2012-10-24,95.040001,96.32,94.720001,95.839996,240200,95.672603
2012-10-23,94.830002,94.860001,93.32,94.389999,222800,94.225138
2012-10-22,95.550003,95.760002,94.760002,95.300003,199900,95.133553
2012-10-19,97.32,97.650002,95.099998,95.660004,228200,95.492924
2012-10-18,98.879997,98.879997,96.870003,97.43,222800,97.25983
2012-10-17,98.290001,99.019997,97.690002,98.620003,221600,98.447754
2012-10-16,97.970001,99.080002,97.970001,98.349998,171800,98.178221
2012-10-15,97.43,97.760002,96.620003,97.660004,219600,97.489431
2012-10-12,97.550003,98.029999,96.599998,96.870003,233500,96.70081
2012-10-11,98.870003,99.739998,95.449997,97.709999,390200,97.539339
2012-10-10,96.110001,96.269997,95.309998,96.239998,301800,96.071906
2012-10-09,97.099998,97.099998,95.00,95.949997,500900,95.782411
2012-10-08,97.419998,98.00,96.279999,96.970001,308800,96.800634
2012-10-05,99.779999,100.099998,97.510002,97.989998,752300,97.818849
2012-10-04,99.610001,100.919998,98.50,100.669998,768400,100.494168
2012-10-03,97.160004,99.32,96.989998,99.309998,1121100,99.136543
2012-10-02,94.510002,97.43,94.209999,97.18,792400,97.010266
2012-10-01,94.959999,95.150002,93.529999,94.040001,379300,93.875751
2012-09-28,94.110001,94.769997,93.779999,94.459999,261100,94.295016
2012-09-27,94.199997,94.690002,93.57,94.279999,172700,94.11533
2012-09-26,94.279999,94.400002,93.550003,93.68,548100,93.516379
2012-09-25,93.809998,95.18,93.50,94.489998,614000,94.324962
2012-09-24,93.959999,94.720001,93.220001,93.269997,264000,93.107092
2012-09-21,93.50,94.099998,93.50,93.760002,479100,93.596241
2012-09-20,93.07,94.260002,92.860001,93.580002,309900,93.416555
2012-09-19,93.68,93.830002,93.160004,93.330002,268100,93.166992
2012-09-18,93.470001,94.580002,93.370003,93.449997,434900,93.286778
2012-09-17,93.690002,94.559998,93.540001,93.779999,342500,93.616203
2012-09-14,94.790001,95.360001,93.510002,93.82,356000,93.656134
2012-09-13,94.309998,95.230003,92.110001,94.830002,495800,94.664372
2012-09-12,94.599998,95.919998,93.75,93.980003,1040300,93.815858
2012-09-11,92.720001,94.800003,92.720001,94.599998,694000,94.434771
2012-09-10,93.809998,94.00,91.540001,93.010002,763800,92.847551
2012-09-07,93.150002,94.889999,92.629997,93.330002,2152300,93.166992
2012-09-06,85.220001,86.639999,84.760002,86.029999,579800,85.879739
2012-09-05,85.00,85.00,84.120003,84.629997,342800,84.482183
2012-09-04,83.839996,85.349998,83.029999,84.93,327400,84.781662
2012-08-31,83.599998,84.410004,82.260002,83.849998,236700,83.703546
2012-08-30,82.839996,83.68,82.599998,83.160004,244900,83.014757
2012-08-29,83.400002,84.080002,83.209999,83.230003,248600,83.084634
2012-08-28,83.169998,84.089996,83.010002,83.470001,222900,83.324213
2012-08-27,83.080002,84.720001,82.739998,83.239998,414000,83.094611
2012-08-24,81.629997,82.870003,81.400002,82.599998,173000,82.45573
2012-08-23,81.779999,82.209999,80.82,81.839996,242300,81.697055
2012-08-22,81.349998,82.589996,81.169998,82.040001,393300,81.89671
2012-08-21,81.599998,82.489998,81.330002,81.620003,288900,81.477446
2012-08-20,82.760002,83.010002,81.120003,81.599998,274700,81.457476
2012-08-17,81.849998,83.080002,81.75,82.919998,294600,82.775171
2012-08-16,81.510002,82.059998,80.620003,81.699997,293000,81.5573
2012-08-15,80.190002,82.059998,79.110001,81.75,438600,81.607216
2012-08-14,78.300003,78.419998,77.769997,78.169998,165600,78.033467
2012-08-13,77.959999,78.459999,77.75,78.120003,239100,77.983559
2012-08-10,77.830002,78.269997,77.730003,78.00,156600,77.863766
2012-08-09,76.830002,78.209999,76.830002,78.150002,378600,78.013505
2012-08-08,75.970001,77.050003,75.970001,76.949997,212100,76.815596
2012-08-07,75.169998,76.779999,75.169998,76.339996,530700,76.206661
2012-08-06,72.660004,75.459999,72.639999,75.099998,496400,74.968829
2012-08-03,73.349998,73.779999,72.510002,72.599998,762400,72.473196
2012-08-02,73.449997,73.449997,71.400002,72.290001,928200,72.16374
2012-08-01,75.580002,76.110001,73.529999,73.790001,518700,73.66112
2012-07-31,76.190002,76.790001,75.190002,75.260002,291300,75.128553
2012-07-30,75.93,76.510002,75.809998,76.349998,295900,76.216646
2012-07-27,75.589996,76.360001,74.82,76.00,373100,75.867259
2012-07-26,76.349998,76.800003,74.75,75.040001,411400,74.908936
2012-07-25,73.839996,75.849998,73.839996,75.540001,672200,75.408063
2012-07-24,74.519997,74.839996,73.050003,73.790001,291100,73.66112
2012-07-23,75.080002,75.309998,73.230003,74.18,333500,74.050438
2012-07-20,76.779999,76.93,75.489998,75.50,438400,75.368132
2012-07-19,77.029999,77.339996,76.150002,77.199997,405300,77.035213
2012-07-18,76.529999,77.739998,76.290001,77.050003,328200,76.88554
2012-07-17,77.129997,77.540001,76.150002,76.550003,386100,76.386607
2012-07-16,78.870003,78.870003,76.900002,77.07,320800,76.905494
2012-07-13,77.379997,79.169998,77.379997,78.93,681900,78.761524
2012-07-12,77.639999,77.919998,76.580002,77.379997,589300,77.214829
2012-07-11,75.620003,78.550003,72.440002,78.300003,914800,78.132872
2012-07-10,77.779999,78.169998,76.419998,76.699997,541100,76.536281
2012-07-09,77.260002,77.660004,76.849998,77.269997,690900,77.105064
2012-07-06,77.82,78.089996,77.129997,77.519997,437400,77.35453
2012-07-05,79.82,79.93,78.379997,78.389999,540000,78.222676
2012-07-03,80.00,80.019997,79.169998,79.839996,675400,79.669578
2012-07-02,79.629997,80.959999,79.629997,79.949997,822300,79.779344
2012-06-29,78.720001,80.169998,78.529999,79.760002,1006100,79.589754
2012-06-28,78.620003,78.769997,76.309998,77.330002,797200,77.164941
2012-06-27,78.800003,79.43,78.50,78.730003,428900,78.561954
2012-06-26,78.82,79.830002,78.540001,78.610001,357000,78.442207
2012-06-25,79.849998,80.040001,78.639999,78.709999,597500,78.541992
2012-06-22,79.75,80.809998,79.50,80.599998,496300,80.427958
2012-06-21,79.599998,80.690002,79.410004,79.510002,595000,79.340288
2012-06-20,79.169998,80.019997,78.949997,79.610001,412400,79.440073
2012-06-19,79.389999,80.110001,78.940002,79.419998,489700,79.250476
2012-06-18,78.699997,80.059998,78.389999,79.440002,475500,79.270438
2012-06-15,78.419998,79.540001,78.419998,78.949997,657300,78.781478
2012-06-14,77.959999,78.599998,77.389999,77.589996,530500,77.42438
2012-06-13,78.650002,79.279999,77.489998,77.800003,359700,77.633939
2012-06-12,78.169998,79.099998,77.699997,78.669998,392700,78.502077
2012-06-11,79.239998,79.360001,77.870003,78.029999,1065600,77.863444
2012-06-08,75.669998,79.330002,75.410004,78.82,2432000,78.651758
2012-06-07,82.860001,83.269997,80.050003,80.059998,817500,79.889109
2012-06-06,81.949997,82.339996,81.720001,82.150002,448300,81.974652
2012-06-05,79.059998,81.540001,78.629997,81.25,562900,81.076572
2012-06-04,82.669998,82.669998,78.949997,79.300003,1014600,79.130737
2012-06-01,83.970001,84.379997,82.449997,82.870003,1443300,82.693117
2012-05-31,85.050003,85.459999,84.400002,85.18,902800,84.998183
2012-05-30,85.220001,85.870003,84.379997,85.330002,440600,85.147865
2012-05-29,86.230003,86.260002,85.57,85.720001,420500,85.537032
2012-05-25,85.879997,86.360001,85.230003,85.529999,348800,85.347435
2012-05-24,85.93,87.610001,85.419998,85.739998,469300,85.556986
2012-05-23,85.43,86.029999,84.949997,85.760002,509000,85.576947
2012-05-22,86.650002,87.419998,85.489998,85.870003,258000,85.686713
2012-05-21,85.029999,86.599998,84.360001,86.32,454800,86.135749
2012-05-18,85.839996,86.040001,84.739998,84.970001,863900,84.788633
2012-05-17,86.730003,86.989998,85.410004,85.75,443900,85.566966
2012-05-16,86.940002,87.330002,86.370003,86.650002,289900,86.465047
2012-05-15,87.540001,88.019997,86.559998,86.900002,205000,86.714513
2012-05-14,87.470001,88.190002,86.830002,87.419998,163000,87.2334
2012-05-11,87.580002,89.239998,87.400002,88.169998,330600,87.981799
2012-05-10,87.650002,88.440002,87.089996,88.279999,237100,88.091565
2012-05-09,87.279999,87.360001,86.139999,86.970001,190000,86.784364
2012-05-08,86.599998,88.150002,85.889999,87.870003,309700,87.682444
2012-05-07,86.650002,87.349998,86.059998,87.220001,337000,87.03383
2012-05-04,88.150002,88.150002,86.860001,87.00,267600,86.814298
2012-05-03,87.540001,89.309998,87.540001,88.410004,1130500,88.221292
2012-05-02,87.900002,88.349998,87.330002,87.779999,483700,87.592632
2012-05-01,88.00,89.230003,87.470001,88.230003,299800,88.041676
2012-04-30,88.279999,88.610001,87.68,88.169998,361600,87.981799
2012-04-27,86.900002,88.739998,86.120003,88.559998,459100,88.370966
2012-04-26,86.610001,87.07,85.540001,86.470001,394300,86.285431
2012-04-25,86.339996,87.540001,86.18,86.690002,501800,86.504962
2012-04-24,85.220001,85.889999,84.769997,85.629997,364000,85.44722
2012-04-23,84.00,85.470001,83.860001,85.279999,380800,85.097968
2012-04-20,86.349998,87.18,85.410004,85.480003,494700,85.297546
2012-04-19,85.00,86.110001,84.510002,85.860001,575400,85.676732
2012-04-18,83.889999,85.00,83.800003,84.93,466900,84.748717
2012-04-17,83.00,84.82,83.00,84.160004,341900,83.980364
2012-04-16,83.400002,83.709999,82.379997,82.540001,277100,82.363819
2012-04-13,83.269997,83.489998,82.519997,82.970001,337800,82.792902
2012-04-12,81.779999,83.82,81.779999,83.629997,490000,83.451489
