Date,Open,High,Low,Close,Volume,Adj Close
2018-04-26,14.9,14.9,14.9,14.9,00,14.9
2018-04-25,14.85,15.2,14.85,14.9,2346,14.9
2018-04-24,14.4,15.3,14.4,15.3,2211,15.3
2018-04-23,14.35,14.5,14.35,14.5,3402,14.5
2018-04-20,14.4569,14.4569,14.4569,14.4569,283,14.4569
2018-04-19,14.35,14.35,14.35,14.35,284,14.35
2018-04-18,14.25,14.75,14.25,14.75,968,14.75
2018-04-17,15,15,14.95,14.95,1445,14.95
2018-04-16,15,15,15,15,00,15
2018-04-13,15.245,15.245,14.95,15,7340,15
2018-04-12,14.6228,14.6228,14.6228,14.6228,481,14.6228
2018-04-11,15.2,15.2,15.2,15.2,00,15.2
2018-04-10,15.2,15.2,15.2,15.2,00,15.2
2018-04-09,15.2,15.2,15.2,15.2,109,15.2
2018-04-06,14.25,14.25,14.25,14.25,00,14.25
2018-04-05,14.3,14.3,14.25,14.25,584,14.25
2018-04-04,14.5,14.5,14.5,14.5,1127,14.5
2018-04-03,14.2,15.1,14.2,14.5,1121,14.5
2018-04-02,15.25,15.25,15.25,15.25,661,15.25
2018-03-29,14.85,15.4,14.8,15.15,2282,15.15
2018-03-28,14.15,14.15,13.75,13.85,787,13.85
2018-03-27,15,15.14,15,15.05,2394,15.05
2018-03-26,14.8,15.2,14.8,15.2,490,15.2
2018-03-23,15.15,15.15,14.8,14.85,2389,14.85
2018-03-22,15.55,15.7,15.55,15.7,777,15.7
2018-03-21,15.6,15.7,15.6,15.6,1153,15.6
2018-03-20,15.6,15.7,15.6,15.7,1113,15.7
2018-03-19,15.65,15.65,15.6,15.6,307,15.6
2018-03-16,15.75,15.75,15.75,15.75,390,15.75
2018-03-15,15.5374,15.5374,15.3,15.35,2700,15.35
2018-03-14,15.65,15.745,15.3,15.4,19700,15.4
2018-03-13,15.25,15.25,15.25,15.25,190,15.25
2018-03-12,15.7,15.7,15.7,15.7,116,15.7
2018-03-09,14.8,15.75,14.8,15.2,27747,15.2
2018-03-08,14.95,14.95,14.8,14.8,641,14.8
2018-03-07,14.4,14.9,14.4,14.9,2852,14.9
2018-03-06,14.85,14.85,14.3,14.3,700,14.3
2018-03-05,14.2,14.4,14.2,14.4,971,14.4
2018-03-02,14.35,14.35,14.35,14.35,00,14.35
2018-03-01,14.35,14.35,14.35,14.35,420,14.35
2018-02-28,14.35,14.35,14.35,14.35,800,14.35
2018-02-27,14.75,14.75,14.3,14.35,2276,14.35
2018-02-26,14.28,14.7,14.28,14.7,522,14.7
2018-02-23,14.1282,14.1282,14.1282,14.1282,00,14.1282
2018-02-22,14.1282,14.1282,14.1282,14.1282,136,14.1282
2018-02-21,13.57,13.9,13.57,13.9,1228,13.9
2018-02-20,14.25,15.75,13.9,13.9,4277,13.9
2018-02-16,14.25,14.25,14.25,14.25,00,14.25
2018-02-15,14.05,14.25,14.05,14.25,706,14.25
2018-02-14,14.25,14.25,14.25,14.25,00,14.25
2018-02-13,13.8,14.25,13.8,14.25,689,14.25
2018-02-12,14,14.05,14,14.032,1840,14.032
2018-02-09,14.3,14.3,13.874,13.95,4173,13.95
2018-02-08,14.05,14.2,13.55,14.1,3325,14.1
2018-02-07,14.65,14.65,13.7183,14.105,3603,14.105
2018-02-06,14.65,14.65,14.6,14.6,369,14.6
2018-02-05,14.8,14.95,14.3,14.85,6387,14.85
2018-02-02,15.15,15.15,14.75,14.8996,12839,14.8996
2018-02-01,15.2,15.2,15,15.125,1457,15.125
2018-01-31,15.05,15.1684,15,15,3659,15
2018-01-30,15,15.1,14.95,15,5868,15
2018-01-29,15.25,15.25,14.75,14.75,4594,14.75
2018-01-26,14.95,15.65,14.95,15.5668,973,15.5668
2018-01-25,15,15.005,14.9647,15,6452,15
2018-01-24,15.1,15.1,15,15,1049,15
2018-01-23,15.25,15.25,15.1,15.25,1454,15.25
2018-01-22,15.2262,15.2262,15.2262,15.2262,00,15.2262
2018-01-19,15.15,15.295,15.15,15.2262,1830,15.2262
2018-01-18,14.05,15.35,14.05,15.35,2976,15.35
2018-01-17,16.15,16.15,14.235,14.9,9278,14.9
2018-01-16,15.95,16.1,15.95,16.05,1115,16.05
2018-01-12,16.05,16.05,15.55,15.752,427,15.752
2018-01-11,15.829,15.975,15.829,15.975,771,15.975
2018-01-10,14.9843,15.992,14.9843,15.992,1141,15.992
2018-01-09,15.4,15.4,15.3,15.3534,845,15.3534
2018-01-08,15.8,16.339,15.6,15.6,14135,15.6
2018-01-05,15.65,16.1,15.3822,15.95,1465,15.95
2018-01-04,16.19,16.4,15.9788,16.3,6013,16.3
2018-01-03,16.15,16.45,15.95,16.45,2105,16.45
2018-01-02,16.45,16.5,16,16,2320,16
2017-12-29,16.2,16.5,15.85,16.25,29836,16.25
2017-12-28,15.95,16.3,15.625,16.15,12436,16.15
2017-12-27,15.9,15.9689,14.5,15.75,8768,15.75
2017-12-26,15.6,15.85,15.6,15.85,2004,15.85
2017-12-22,15.95,15.95,15.95,15.95,390,15.95
2017-12-21,16,16,16,16,439,16
2017-12-20,15,16,15,16,6123,16
2017-12-19,14.65,15.05,14.65,14.8,8507,14.8
2017-12-18,14.4,15.85,14,14.9,27254,14.9
2017-12-15,15.4,15.4,14.75,14.85,13020,14.85
2017-12-14,15.95,16,15.325,15.35,8198,15.35
2017-12-13,15.655,16.2,15.655,15.9,20017,15.9
2017-12-12,16.45,16.45,15.55,15.65,5699,15.65
2017-12-11,16.15,16.6575,15.1,16.45,12052,16.45
2017-12-08,16.3,16.95,16.05,16.45,10939,16.45
2017-12-07,16.9,16.9,16.35,16.35,8002,16.35
2017-12-06,16.95,16.95,16.75,16.85,3422,16.85
2017-12-05,17.2,17.5,16.6,16.95,7466,16.95
2017-12-04,15.5,17.55,15.5,17,20283,17
2017-12-01,15.05,15.5,15.045,15.5,5348,15.5
2017-11-30,14.87,15.1,14.87,15.1,1297,15.1
2017-11-29,15,15.1,14.6591,14.6591,1580,14.6591
2017-11-28,14.95,15.195,14.65,15.1,7215,15.1
2017-11-27,14.9,15.25,14.9,14.9,5521,14.9
2017-11-24,14.7,14.9,14.7,14.9,1883,14.9
2017-11-22,14.25,14.7,14.25,14.7,1223,14.7
2017-11-21,13.9,14.95,13.9,14.25,2895,14.25
2017-11-20,13.75,14,13.75,13.95,2733,13.95
2017-11-17,13.6,13.6,13.4318,13.4318,337,13.4318
2017-11-16,13.6,13.6,13.45,13.5,1420,13.5
2017-11-15,13.6,13.6,13.3,13.45,1346,13.45
2017-11-14,13.161,13.4,13,13.4,2795,13.4
2017-11-13,13.55,13.95,13,13,12100,13
2017-11-10,13,13.4,12.9,13.25,208070,13.25
2017-11-09,12.55,13,12.55,13,6206,13
2017-11-08,12.5,12.5,12.5,12.5,821,12.5
2017-11-07,12.75,12.825,12.505,12.8,2634,12.8
2017-11-06,12.75,12.95,12.7,12.85,6010,12.85
2017-11-03,12.83,12.83,12.83,12.83,00,12.83
2017-11-02,13.2,13.2,12.83,12.83,1842,12.83
2017-11-01,12.85,13,12.85,13,1433,13
2017-10-31,12.6,13.045,12.6,12.85,1996,12.85
2017-10-30,12.65,12.75,12.4,12.75,1255,12.75
2017-10-27,12.4,12.745,12.4,12.6,4603,12.6
2017-10-26,12.575,12.575,12.4356,12.552,2154,12.552
2017-10-25,12.14,12.5,12.14,12.5,2033,12.5
2017-10-24,12.65,12.7404,11.98,12.35,5299,12.35
2017-10-23,12.341,12.75,12.3,12.65,2070,12.65
2017-10-20,12.45,12.45,12.35,12.4,448,12.4
2017-10-19,12.3,12.5,12.3,12.35,4626,12.35
2017-10-18,12.5,12.5,12.23,12.35,3121,12.35
2017-10-17,12,12.4357,11.95,12.05,4256,12.05
2017-10-16,12,12,11.75,11.95,3803,11.95
2017-10-13,12.1,12.1,12.1,12.1,707,12.1
2017-10-12,11.95,12.0467,11.9,11.9,985,11.9
2017-10-11,11.95,12.15,11.95,12.05,1322,12.05
2017-10-10,11.8,12.1,11.8,12.1,2105,12.1
2017-10-09,12.15,12.15,11.9,12.1,5311,12.1
2017-10-06,12.1,12.1,11.75,11.8,3775,11.8
2017-10-05,12.1,12.5,12.05,12.05,926,12.05
2017-10-04,12.1,12.5,12.1,12.1,1306,12.1
2017-10-03,12.15,12.45,12.05,12.05,13090,12.05
2017-10-02,12.3,12.45,12,12.1,12045,12.1
2017-09-29,12.2,12.35,12,12.35,5723,12.35
2017-09-28,12.55,12.55,12,12.3,5337,12.3
2017-09-27,12.2,12.8,11.8,12.25,18122,12.25
2017-09-26,11.85,12.2,11.85,12.05,5443,12.05
2017-09-25,12,12.3,11.8,12.1,8527,12.1
2017-09-22,11.85,12.2,11.7,11.9874,8376,11.9874
2017-09-21,11.8,11.8,11.7,11.7,1818,11.7
2017-09-20,11.75,11.75,11.6232,11.75,1693,11.75
2017-09-19,11.6,11.6209,11.5753,11.6,759,11.6
2017-09-18,11.45,11.605,11.45,11.55,9349,11.55
2017-09-15,11.65,11.8,11.4,11.4,10450,11.4
2017-09-14,11.75,11.8,11.555,11.7,9444,11.7
2017-09-13,12.1,12.1,11.45,11.55,7659,11.55
2017-09-12,11.9,12.25,11.9,12.25,946,12.25
2017-09-11,11.3,12.075,11.255,11.75,9381,11.75
2017-09-08,11.45,11.6,11.45,11.55,3942,11.55
2017-09-07,11.45,11.9,11.4,11.4,2685,11.4
2017-09-06,11.6,11.675,11.4,11.4,1216,11.4
2017-09-05,11.7,11.95,11.35,11.7,9024,11.7
2017-09-01,11.3,11.65,11.3,11.65,456,11.65
2017-08-31,11.5,11.8,11.5,11.5,697,11.5
2017-08-30,11.7,11.9,11.4,11.9,4825,11.9
2017-08-29,11.6,12,11.35,12,3422,12
2017-08-28,11.5,11.8,11.5,11.7,2258,11.7
2017-08-25,11.45,11.8,11.25,11.5441,9237,11.5441
2017-08-24,11.4,11.45,11.15,11.3,8551,11.3
2017-08-23,11.5,11.7,11.5,11.7,944,11.7
2017-08-22,11.9,11.9,11.5,11.5,1600,11.5
2017-08-21,11.38,12.25,11.36,12.1,17317,12.1
2017-08-18,11.409,11.409,11.409,11.409,297,11.409
2017-08-17,11.65,11.65,11.4,11.525,1347,11.525
2017-08-16,11.7,11.7,11.7,11.7,118,11.7
2017-08-15,12.25,12.25,11.4,11.4,942,11.4
2017-08-14,11.5,11.95,11.35,11.95,3004,11.95
2017-08-11,11.7,11.7233,11.4,11.4,3362,11.4
2017-08-10,11.9612,11.9612,11.425,11.675,5556,11.675
2017-08-09,11.875,11.875,11.55,11.6,790,11.6
2017-08-08,11.6,11.6,11.6,11.6,254,11.6
2017-08-07,11.55,11.9,11.55,11.895,6168,11.895
2017-08-04,11.75,11.75,11.4,11.55,4558,11.55
2017-08-03,11.549,11.7327,11.5,11.7327,1157,11.7327
2017-08-02,11.4,11.4,11.4,11.4,350,11.4
2017-08-01,11.733,11.733,11.6,11.6,485,11.6
2017-07-31,11.3,11.745,11.3,11.6,810,11.6
2017-07-28,11.25,11.25,11.25,11.25,00,11.25
2017-07-27,11.5,11.5,11.15,11.25,1322,11.25
2017-07-26,11.25,11.25,11.25,11.25,184,11.25
2017-07-25,11.4,11.65,11.35,11.35,2868,11.35
2017-07-24,11.3,11.4,11.25,11.4,4217,11.4
2017-07-21,11.05,11.2439,11.05,11.2,1218,11.2
2017-07-20,11.3472,11.3472,11.2,11.2795,9826,11.2795
2017-07-19,11.4,11.5,11.3,11.366,2657,11.366
2017-07-18,11.1,11.9,11.1,11.25,11672,11.25
2017-07-17,11.484,11.5,11,11.45,9104,11.45
2017-07-14,11.6,11.6,11.6,11.6,00,11.6
2017-07-13,11.6,11.6,11.6,11.6,866,11.6
2017-07-12,11.25,11.65,11.25,11.5,1608,11.5
2017-07-11,11.2,11.65,11.15,11.25,15902,11.25
2017-07-10,11.06,11.6,11.06,11.3,4587,11.3
2017-07-07,11,11,10.98,10.98,1532,10.98
2017-07-06,11.1,11.1,11.1,11.1,00,11.1
2017-07-05,11,11.1,11,11.1,297,11.1
2017-07-03,11.175,11.3185,11.175,11.2,2504,11.2
2017-06-30,11.005,11.005,11.005,11.005,234,11.005
2017-06-29,11.05,11.05,11,11,1188,11
2017-06-28,11.1383,11.1383,11.1383,11.1383,239,11.1383
2017-06-27,11.3,11.384,11.125,11.1389,2542,11.1389
2017-06-26,10.945,11.255,10.945,11.255,5951,11.255
2017-06-23,10.75,11,10.75,11,3796,11
2017-06-22,11,11,10.95,11,2042,11
2017-06-21,11,11,10.875,10.8875,1035,10.8875
2017-06-20,10.7,10.7,10.7,10.7,202,10.7
2017-06-19,10.85,10.95,10.7,10.7,2517,10.7
2017-06-16,10.6,10.9,10.6,10.9,1931,10.9
2017-06-15,10.7506,10.8256,10.6607,10.8256,2606,10.8256
2017-06-14,10.751,10.85,10.675,10.75,2315,10.75
2017-06-13,10.5,10.5,10.5,10.5,788,10.5
2017-06-12,10.7,10.7964,10.55,10.7964,5294,10.7964
2017-06-09,10.75,10.85,10.75,10.8,4126,10.8
2017-06-08,10.65,10.65,10.65,10.65,00,10.65
2017-06-07,10.75,10.75,10.65,10.65,989,10.65
2017-06-06,10.72,10.75,10.5,10.5,3545,10.5
2017-06-05,10.7475,10.7475,10.5,10.5,753,10.5
2017-06-02,10.85,10.85,10.85,10.85,606,10.85
2017-06-01,10.45,10.8,10.4,10.5,3610,10.5
2017-05-31,10.5,10.85,10.4,10.85,1619,10.85
2017-05-30,10.6,10.6,10.6,10.6,00,10.6
2017-05-26,10.6,10.6,10.6,10.6,00,10.6
2017-05-25,10.4,10.7,10.4,10.6,3482,10.6
2017-05-24,10.405,10.405,10.405,10.405,00,10.405
2017-05-23,10.4,10.55,10.3706,10.405,3114,10.405
2017-05-22,10.4,10.525,10.35,10.35,1530,10.35
2017-05-19,10.5,10.7,10.5,10.7,461,10.7
2017-05-18,10.35,10.5,10.35,10.5,2183,10.5
2017-05-17,10.35,10.414,10.35,10.4,4650,10.4
2017-05-16,10.3644,10.4424,10.35,10.4,13644,10.4
2017-05-15,10.25,10.45,10.25,10.4,20909,10.4
2017-05-12,10.18,10.20,10.18,10.20,1200,10.20
2017-05-11,10.10,10.15,10.10,10.15,500,10.15
2017-05-10,10.05,10.05,10.05,10.05,000,10.05
2017-05-09,10.11,10.14,10.05,10.05,1000,10.05
2017-05-08,10.19,10.20,10.05,10.05,600,10.05
2017-05-05,10.10,10.10,10.10,10.10,100,10.10
2017-05-04,10.10,10.18,10.05,10.18,3800,10.18
2017-05-03,10.10,10.10,10.05,10.05,2400,10.05
2017-05-02,10.08,10.08,10.06,10.06,900,10.06
2017-05-01,10.00,10.15,10.00,10.15,5700,10.15
2017-04-28,10.15,10.15,10.15,10.15,000,10.15
2017-04-27,10.15,10.15,10.15,10.15,800,10.15
2017-04-26,10.10,10.15,10.10,10.15,1200,10.15
2017-04-25,10.09,10.15,10.05,10.05,2500,10.05
2017-04-24,10.10,10.10,10.10,10.10,700,10.10
2017-04-21,10.19,10.20,10.13,10.13,1300,10.13
2017-04-20,10.15,10.15,10.15,10.15,200,10.15
2017-04-19,10.13,10.15,10.02,10.05,3100,10.05
2017-04-18,10.05,10.15,10.05,10.15,800,10.15
2017-04-17,10.22,10.22,10.02,10.20,1700,10.20
2017-04-13,10.15,10.15,10.10,10.10,300,10.10
2017-04-12,10.10,10.10,10.10,10.10,000,10.10
2017-04-11,10.10,10.10,10.10,10.10,300,10.10
2017-04-10,10.40,10.40,9.99,10.00,4500,10.00
2017-04-07,10.50,10.50,10.10,10.31,4000,10.31
2017-04-06,10.30,10.60,10.28,10.40,3200,10.40
2017-04-05,10.25,10.30,10.23,10.30,700,10.30
2017-04-04,10.35,10.35,10.11,10.30,1600,10.30
2017-04-03,10.31,10.50,10.20,10.25,5700,10.25
2017-03-31,10.55,10.55,10.55,10.55,000,10.55
2017-03-30,10.55,10.56,10.30,10.55,6900,10.55
2017-03-29,10.60,10.60,10.60,10.60,000,10.60
2017-03-28,10.56,10.60,10.54,10.60,1000,10.55
2017-03-27,10.26,10.26,10.26,10.26,1100,10.211604
2017-03-24,10.54,10.54,10.40,10.40,400,10.350943
2017-03-23,10.20,10.30,10.20,10.30,1500,10.251415
2017-03-22,10.31,10.31,10.31,10.31,000,10.261368
2017-03-21,10.31,10.31,10.31,10.31,300,10.261368
2017-03-20,10.50,10.50,10.25,10.50,5100,10.450472
2017-03-17,10.25,10.25,10.25,10.25,200,10.201651
2017-03-16,10.35,10.47,10.35,10.35,500,10.30118
2017-03-15,10.35,10.35,10.30,10.30,500,10.251415
2017-03-14,10.40,10.40,10.40,10.40,200,10.350943
2017-03-13,10.55,10.55,10.40,10.40,1800,10.350943
2017-03-10,10.71,10.71,10.35,10.35,1200,10.30118
2017-03-09,10.66,10.66,10.55,10.55,300,10.500236
2017-03-08,10.30,10.30,10.30,10.30,300,10.251415
2017-03-07,10.65,10.65,10.30,10.55,5600,10.500236
2017-03-06,10.24,10.51,10.20,10.50,1800,10.450472
2017-03-03,10.25,10.75,10.25,10.75,2000,10.699292
2017-03-02,10.21,10.55,10.21,10.55,3400,10.500236
2017-03-01,10.45,10.65,10.25,10.45,10300,10.400707
2017-02-28,10.50,10.65,10.30,10.65,4200,10.599764
2017-02-27,10.45,10.75,10.45,10.70,600,10.649528
2017-02-24,10.45,10.66,10.30,10.30,12600,10.251415
2017-02-23,10.30,10.55,10.30,10.55,9000,10.500236
2017-02-22,10.35,10.35,10.20,10.20,7700,10.151886
2017-02-21,10.40,10.41,10.30,10.30,6000,10.251415
2017-02-17,10.25,10.25,10.25,10.25,000,10.201651
2017-02-16,10.18,10.25,10.18,10.25,5300,10.201651
2017-02-15,10.05,10.05,10.05,10.05,000,10.002594
2017-02-14,10.35,10.40,10.00,10.05,900,10.002594
2017-02-13,10.20,10.20,10.20,10.20,000,10.151886
2017-02-10,10.18,10.30,10.18,10.20,1600,10.151886
2017-02-09,10.10,10.20,10.10,10.20,600,10.151886
2017-02-08,10.26,10.26,10.26,10.26,400,10.211604
2017-02-07,10.05,10.05,10.05,10.05,000,10.002594
2017-02-06,10.05,10.05,10.05,10.05,300,10.002594
2017-02-03,10.40,10.40,10.20,10.30,700,10.251415
2017-02-02,10.50,10.50,10.50,10.50,000,10.450472
2017-02-01,10.10,10.50,10.10,10.50,600,10.450472
2017-01-31,10.26,10.26,10.26,10.26,000,10.211604
2017-01-30,10.25,10.26,10.25,10.26,2700,10.211604
2017-01-27,10.15,10.15,10.15,10.15,000,10.102122
2017-01-26,10.15,10.15,10.15,10.15,900,10.102122
2017-01-25,10.14,10.14,10.14,10.14,100,10.09217
2017-01-24,10.15,10.15,10.06,10.15,800,10.102122
2017-01-23,10.15,10.26,10.06,10.06,1500,10.012547
2017-01-20,10.15,10.15,10.15,10.15,500,10.102122
2017-01-19,9.95,9.95,9.95,9.95,100,9.903066
2017-01-18,10.50,10.50,9.90,9.90,10000,9.853301
2017-01-17,10.10,10.10,10.10,10.10,200,10.052359
2017-01-13,10.10,10.15,10.10,10.15,400,10.102122
2017-01-12,10.15,10.15,10.15,10.15,300,10.102122
2017-01-11,10.15,10.15,10.10,10.15,2300,10.102122
2017-01-10,10.25,10.45,10.25,10.45,400,10.400707
2017-01-09,10.10,10.12,10.10,10.12,1000,10.072264
2017-01-06,10.31,10.31,10.10,10.10,1000,10.052359
2017-01-05,10.40,10.40,10.40,10.40,000,10.350943
2017-01-04,10.00,10.41,9.86,10.40,7800,10.350943
2017-01-03,10.05,10.29,9.80,10.29,1300,10.241462
2016-12-30,9.80,10.05,9.80,10.05,500,10.002594
2016-12-29,10.15,10.15,10.15,10.15,300,10.102122
2016-12-28,10.15,10.18,10.15,10.15,1300,10.102122
2016-12-27,10.05,10.36,10.05,10.36,1700,10.261368
2016-12-23,10.25,10.25,10.15,10.15,1600,10.053367
2016-12-22,10.25,10.30,10.20,10.25,1500,10.152415
2016-12-21,10.35,11.05,10.15,10.20,85000,10.102891
2016-12-20,10.40,10.40,10.40,10.40,000,10.300987
2016-12-19,10.40,10.40,10.40,10.40,400,10.300987
2016-12-16,10.33,10.33,10.33,10.33,200,10.231653
2016-12-15,10.35,10.65,10.35,10.65,400,10.548607
2016-12-14,10.65,10.65,10.65,10.65,000,10.548607
2016-12-13,10.23,10.65,10.23,10.65,700,10.548607
2016-12-12,10.56,10.70,10.25,10.70,3000,10.598131
2016-12-09,10.55,10.60,10.50,10.60,7400,10.499083
2016-12-08,10.55,10.60,10.55,10.55,1600,10.449559
2016-12-07,10.35,10.55,10.35,10.55,3900,10.449559
2016-12-06,10.30,10.30,10.30,10.30,300,10.201939
2016-12-05,10.30,10.30,10.30,10.30,200,10.201939
2016-12-02,10.30,10.37,10.30,10.37,900,10.271273
2016-12-01,10.15,10.15,10.15,10.15,000,10.053367
2016-11-30,10.15,10.15,10.15,10.15,200,10.053367
2016-11-29,10.20,10.20,10.20,10.20,000,10.102891
2016-11-28,10.41,10.41,10.20,10.20,900,10.102891
2016-11-25,10.70,10.71,10.70,10.70,2300,10.598131
2016-11-23,10.70,10.70,10.70,10.70,1200,10.598131
2016-11-22,10.55,10.75,10.55,10.75,1100,10.647655
2016-11-21,10.60,10.78,10.60,10.60,700,10.499083
2016-11-18,10.75,10.75,10.60,10.70,800,10.598131
2016-11-17,10.60,10.60,10.60,10.60,600,10.499083
2016-11-16,10.60,10.60,10.60,10.60,300,10.499083
2016-11-15,10.60,10.62,10.60,10.62,400,10.518892
2016-11-14,10.60,10.60,10.60,10.60,200,10.499083
2016-11-11,10.55,10.60,10.55,10.56,800,10.459464
2016-11-10,10.57,10.57,10.57,10.57,200,10.469368
2016-11-09,10.75,10.75,10.75,10.75,300,10.647655
2016-11-08,10.72,10.72,10.72,10.72,200,10.617941
2016-11-07,10.60,10.80,10.60,10.80,700,10.697179
2016-11-04,10.60,10.60,10.60,10.60,000,10.499083
2016-11-03,10.60,10.60,10.60,10.60,300,10.499083
2016-11-02,10.60,10.62,10.60,10.62,500,10.518892
2016-11-01,10.60,10.60,10.55,10.55,700,10.449559
2016-10-31,10.55,10.55,10.55,10.55,300,10.449559
2016-10-28,10.50,10.60,10.50,10.55,3500,10.449559
2016-10-27,10.55,10.55,10.55,10.55,000,10.449559
2016-10-26,10.50,10.55,10.50,10.55,7100,10.449559
2016-10-25,10.13,10.60,10.13,10.50,4500,10.400035
2016-10-24,10.60,10.60,10.40,10.60,700,10.499083
2016-10-21,10.50,10.60,10.10,10.60,28900,10.499083
2016-10-20,10.50,10.50,10.50,10.50,300,10.400035
2016-10-19,10.50,10.50,10.50,10.50,000,10.400035
2016-10-18,10.50,10.50,10.50,10.50,000,10.400035
2016-10-17,10.50,10.50,10.50,10.50,000,10.400035
2016-10-14,10.50,10.50,10.50,10.50,000,10.400035
2016-10-13,10.50,10.50,10.50,10.50,000,10.400035
2016-10-12,10.52,10.71,10.50,10.50,700,10.400035
2016-10-11,10.52,10.52,10.52,10.52,000,10.419845
2016-10-10,10.52,10.52,10.52,10.52,000,10.419845
2016-10-07,10.69,10.69,10.48,10.52,700,10.419845
2016-10-06,10.48,10.48,10.48,10.48,500,10.380225
2016-10-05,10.48,10.60,10.48,10.60,4100,10.499083
2016-10-04,10.29,10.50,10.29,10.48,1700,10.380225
2016-10-03,10.38,10.55,10.38,10.50,4900,10.400035
2016-09-30,10.32,10.32,10.28,10.28,500,10.182129
2016-09-29,10.59,10.59,10.46,10.55,1100,10.449559
2016-09-28,10.14,10.50,10.14,10.31,8200,10.211844
2016-09-27,10.51,10.51,10.20,10.49,4000,10.340606
2016-09-26,10.49,10.50,10.31,10.50,4400,10.350464
2016-09-23,10.67,10.67,10.67,10.67,000,10.518043
2016-09-22,10.61,10.67,10.61,10.67,1100,10.518043
2016-09-21,10.60,10.60,10.60,10.60,200,10.44904
2016-09-20,10.38,10.50,10.30,10.50,3800,10.350464
2016-09-19,10.53,10.53,10.10,10.35,3500,10.202601
2016-09-16,10.49,10.52,10.31,10.31,4200,10.16317
2016-09-15,10.92,10.92,10.60,10.72,1200,10.567331
2016-09-14,10.45,10.86,10.45,10.86,400,10.705337
2016-09-13,10.45,10.70,10.45,10.70,800,10.547616
2016-09-12,10.94,10.94,10.94,10.94,200,10.784197
2016-09-09,10.78,10.78,10.78,10.78,000,10.626476
2016-09-08,10.78,10.78,10.78,10.78,000,10.626476
2016-09-07,10.55,11.00,10.55,10.78,1700,10.626476
2016-09-06,10.97,10.97,10.43,10.65,600,10.498327
2016-09-02,10.41,10.45,10.40,10.44,600,10.291318
2016-09-01,10.46,10.46,10.46,10.46,000,10.311034
2016-08-31,10.48,10.48,10.46,10.46,700,10.311034
2016-08-30,10.30,10.30,10.30,10.30,000,10.153313
2016-08-29,10.30,10.30,10.30,10.30,500,10.153313
2016-08-26,10.48,10.48,10.48,10.48,400,10.330748
2016-08-25,10.30,10.49,10.26,10.35,1000,10.202601
2016-08-24,10.30,10.30,10.30,10.30,000,10.153313
2016-08-23,10.30,10.30,10.30,10.30,000,10.153313
2016-08-22,10.30,10.30,10.30,10.30,000,10.153313
2016-08-19,10.30,10.30,10.30,10.30,200,10.153313
2016-08-18,10.49,10.49,10.49,10.49,000,10.340606
2016-08-17,10.40,10.49,10.23,10.49,400,10.340606
2016-08-16,10.61,10.61,10.61,10.61,000,10.458897
2016-08-15,10.60,10.61,10.60,10.61,900,10.458897
2016-08-12,10.55,10.55,10.55,10.55,000,10.399752
2016-08-11,10.55,10.55,10.55,10.55,100,10.399752
2016-08-10,10.50,10.62,10.50,10.60,500,10.44904
2016-08-09,10.90,10.95,10.82,10.82,1700,10.665906
2016-08-08,10.85,10.85,10.85,10.85,000,10.69548
2016-08-05,10.85,10.85,10.85,10.85,200,10.69548
2016-08-04,10.98,10.98,10.98,10.98,000,10.823628
2016-08-03,10.98,10.98,10.98,10.98,000,10.823628
2016-08-02,10.94,10.98,10.90,10.98,800,10.823628
2016-08-01,10.90,10.93,10.90,10.93,600,10.774341
2016-07-29,10.70,10.90,10.70,10.90,1000,10.744767
2016-07-28,10.77,10.77,10.77,10.77,000,10.616619
2016-07-27,10.71,10.90,10.70,10.77,700,10.616619
2016-07-26,10.61,10.70,10.61,10.70,600,10.547616
2016-07-25,10.70,10.70,10.70,10.70,000,10.547616
2016-07-22,10.70,10.70,10.70,10.70,000,10.547616
2016-07-21,10.70,10.72,10.70,10.70,1700,10.547616
2016-07-20,10.50,10.50,10.50,10.50,000,10.350464
2016-07-19,10.50,10.50,10.50,10.50,200,10.350464
2016-07-18,10.92,10.92,10.78,10.78,1100,10.626476
2016-07-15,10.85,10.85,10.85,10.85,400,10.69548
2016-07-14,10.85,10.85,10.85,10.85,000,10.69548
2016-07-13,11.10,11.10,10.85,10.85,800,10.69548
2016-07-12,11.00,11.00,11.00,11.00,300,10.843343
2016-07-11,11.10,11.10,11.00,11.10,700,10.94192
2016-07-08,11.00,11.00,11.00,11.00,000,10.843343
2016-07-07,11.00,11.13,11.00,11.00,900,10.843343
2016-07-06,11.00,11.00,11.00,11.00,000,10.843343
2016-07-05,11.02,11.02,11.00,11.00,1100,10.843343
2016-07-01,11.03,11.03,11.00,11.01,2000,10.853201
2016-06-30,11.06,11.06,10.94,11.01,2000,10.853201
2016-06-29,10.86,11.00,10.84,10.98,3400,10.823628
2016-06-28,10.96,10.96,10.41,10.41,1100,10.261746
2016-06-27,10.62,10.97,10.58,10.97,5000,10.813771
2016-06-24,11.09,11.21,10.39,10.53,1100,10.380037
2016-06-23,10.94,11.00,10.94,11.00,1200,10.843343
2016-06-22,10.93,10.97,10.90,10.97,4500,10.813771
2016-06-21,10.90,10.90,10.90,10.90,100,10.744767
2016-06-20,10.89,10.90,10.89,10.90,500,10.744767
2016-06-17,10.46,11.00,10.46,11.00,1300,10.843343
2016-06-16,10.80,10.80,10.80,10.80,000,10.646192
2016-06-15,10.83,11.00,10.80,10.80,1200,10.399752
2016-06-14,10.62,10.64,10.62,10.64,1300,10.245682
2016-06-13,10.70,10.96,10.70,10.85,1300,10.447899
2016-06-10,10.78,10.79,10.65,10.65,5600,10.25531
2016-06-09,10.60,10.61,10.59,10.61,1000,10.216793
2016-06-08,10.55,10.55,10.55,10.55,000,10.159017
2016-06-07,10.55,10.55,10.55,10.55,000,10.159017
2016-06-06,10.55,10.55,10.55,10.55,200,10.159017
2016-06-03,10.58,10.58,10.58,10.58,000,10.187905
2016-06-02,10.58,10.58,10.58,10.58,000,10.187905
2016-06-01,10.58,10.58,10.58,10.58,000,10.187905
2016-05-31,10.54,10.58,10.54,10.58,500,10.187905
2016-05-27,10.43,10.43,10.43,10.43,200,10.043464
2016-05-26,10.77,10.77,10.37,10.37,1200,9.985687
2016-05-25,10.59,10.59,10.59,10.59,000,10.197535
2016-05-24,10.56,10.59,10.55,10.59,1400,10.197535
2016-05-23,10.50,10.50,10.50,10.50,200,10.11087
2016-05-20,10.57,10.57,10.40,10.40,2900,10.014575
2016-05-19,10.39,10.57,10.37,10.57,1300,10.178275
2016-05-18,10.39,10.39,10.39,10.39,000,10.004947
2016-05-17,10.39,10.39,10.39,10.39,200,10.004947
2016-05-16,10.37,10.37,10.37,10.37,400,9.985687
2016-05-13,10.37,10.42,10.37,10.42,1900,10.033835
2016-05-12,10.43,10.43,10.43,10.43,000,10.043464
2016-05-11,10.37,10.45,10.37,10.43,2500,10.043464
2016-05-10,10.42,10.42,10.37,10.37,500,9.985687
2016-05-09,10.38,10.38,10.37,10.37,300,9.985687
2016-05-06,10.46,10.46,10.37,10.38,3100,9.995317
2016-05-05,10.46,10.46,10.46,10.46,1000,10.072352
2016-05-04,10.60,10.60,10.60,10.60,000,10.207164
2016-05-03,10.68,10.69,10.60,10.60,2000,10.207164
2016-05-02,10.70,10.70,10.52,10.65,6700,10.25531
2016-04-29,10.70,10.70,10.70,10.70,300,10.303458
2016-04-28,10.62,10.62,10.62,10.62,000,10.226422
2016-04-27,10.62,10.62,10.62,10.62,000,10.226422
2016-04-26,10.62,10.62,10.62,10.62,500,10.226422
2016-04-25,10.54,10.75,10.52,10.74,1400,10.341975
2016-04-22,10.60,10.61,10.60,10.61,300,10.216793
2016-04-21,10.53,10.75,10.52,10.75,2200,10.351605
2016-04-20,10.50,10.50,10.50,10.50,500,10.11087
2016-04-19,10.44,10.48,10.37,10.44,5600,10.053093
2016-04-18,10.32,10.44,10.30,10.37,4300,9.985687
2016-04-15,10.36,10.57,10.33,10.33,800,9.94717
2016-04-14,10.44,10.44,10.32,10.32,3400,9.93754
2016-04-13,10.32,10.45,10.32,10.32,3900,9.93754
2016-04-12,10.32,10.32,10.25,10.32,7500,9.93754
2016-04-11,10.28,10.40,10.28,10.32,2500,9.93754
2016-04-08,10.48,10.58,9.92,10.01,18100,9.639029
2016-04-07,10.50,10.50,10.50,10.50,100,10.11087
2016-04-06,10.66,10.66,10.66,10.66,000,10.26494
2016-04-05,10.38,10.66,10.36,10.66,800,10.26494
2016-04-04,10.45,10.75,10.35,10.35,2700,9.966429
2016-04-01,10.33,10.48,10.33,10.48,1200,10.091611
2016-03-31,10.44,10.48,10.36,10.36,400,9.976058
2016-03-30,10.48,10.48,10.35,10.35,700,9.966429
2016-03-29,10.37,10.80,10.36,10.36,700,9.976058
2016-03-28,9.93,10.72,9.93,10.72,700,10.322717
2016-03-24,10.48,10.48,10.48,10.48,200,10.091611
2016-03-23,10.48,10.48,10.48,10.48,200,10.091611
2016-03-22,9.92,10.60,9.92,10.52,800,10.130129
2016-03-21,10.80,10.80,10.49,10.51,2100,10.120499
2016-03-18,10.21,10.61,9.75,10.61,29200,10.216793
2016-03-17,9.79,10.48,9.75,10.48,7200,10.091611
2016-03-16,10.13,10.15,9.70,9.83,5600,9.4657
2016-03-15,10.01,10.12,9.70,9.70,3700,9.340518
2016-03-14,10.05,10.06,10.01,10.03,5400,9.658288
2016-03-11,10.01,10.15,10.01,10.01,1600,9.639029
2016-03-10,10.01,10.09,10.01,10.01,3900,9.639029
2016-03-09,10.05,10.15,10.01,10.01,2200,9.639029
2016-03-08,10.05,10.08,10.05,10.05,5100,9.677547
2016-03-07,10.25,10.25,10.07,10.07,1300,9.696805
2016-03-04,10.10,10.25,10.05,10.25,4500,9.870135
2016-03-03,9.98,9.98,9.98,9.98,300,9.610141
2016-03-02,10.10,10.10,10.07,10.07,800,9.696805
2016-03-01,10.12,10.12,10.12,10.12,000,9.744952
2016-02-29,10.12,10.12,10.12,10.12,200,9.744952
2016-02-26,9.90,9.90,9.80,9.90,2700,9.533105
2016-02-25,9.82,9.99,9.82,9.98,2400,9.610141
2016-02-24,9.97,9.97,9.97,9.97,1000,9.600512
2016-02-23,10.00,10.01,9.96,9.97,6700,9.600512
2016-02-22,9.96,10.00,9.96,10.00,2600,9.6294
2016-02-19,10.00,10.00,10.00,10.00,200,9.6294
2016-02-18,10.00,10.00,10.00,10.00,000,9.6294
2016-02-17,10.00,10.00,10.00,10.00,100,9.6294
2016-02-16,9.49,9.49,9.49,9.49,000,9.1383
2016-02-12,9.43,9.50,9.43,9.49,1100,9.1383
2016-02-11,9.50,9.60,9.50,9.60,1700,9.244224
2016-02-10,9.79,9.79,9.72,9.74,1200,9.379035
2016-02-09,9.80,9.80,9.80,9.80,000,9.436812
2016-02-08,9.80,9.80,9.80,9.80,100,9.436812
2016-02-05,9.86,9.96,9.86,9.90,1200,9.533105
2016-02-04,9.70,9.70,9.70,9.70,300,9.340518
2016-02-03,9.94,9.94,9.94,9.94,400,9.571623
2016-02-02,10.20,10.20,10.20,10.20,000,9.821988
2016-02-01,10.00,10.20,9.95,10.20,2800,9.821988
2016-01-29,10.02,10.02,10.02,10.02,200,9.648659
2016-01-28,9.97,10.48,9.97,10.20,1200,9.821988
2016-01-27,9.85,9.98,9.85,9.98,2300,9.610141
2016-01-26,10.00,10.00,10.00,10.00,500,9.6294
2016-01-25,9.94,9.94,9.94,9.94,100,9.571623
2016-01-22,10.00,10.15,9.94,9.94,5300,9.571623
2016-01-21,10.00,10.00,10.00,10.00,000,9.6294
2016-01-20,9.69,10.14,9.65,10.00,3300,9.6294
2016-01-19,9.81,9.81,9.81,9.81,000,9.446442
2016-01-15,9.81,9.81,9.81,9.81,400,9.446442
2016-01-14,9.91,9.92,9.79,9.92,2500,9.552365
2016-01-13,9.61,9.61,9.61,9.61,300,9.253853
2016-01-12,10.00,10.00,9.96,10.00,1800,9.6294
2016-01-11,10.00,10.00,9.99,10.00,3000,9.6294
2016-01-08,10.01,10.24,9.85,10.00,3200,9.6294
2016-01-07,9.99,9.99,9.99,9.99,200,9.61977
2016-01-06,10.09,10.09,10.09,10.09,000,9.716065
2016-01-05,10.30,10.42,10.08,10.09,5100,9.716065
2016-01-04,10.59,10.59,10.23,10.30,7700,9.918282
2015-12-31,10.59,10.59,10.25,10.25,1300,9.870135
2015-12-30,10.59,10.59,10.59,10.59,000,10.197535
2015-12-29,10.59,10.59,10.59,10.59,000,10.197535
2015-12-28,10.59,10.59,10.59,10.59,000,10.197535
2015-12-24,10.40,10.59,10.40,10.59,400,10.197535
2015-12-23,10.64,10.95,10.26,10.27,1900,9.889394
2015-12-22,10.26,10.98,10.25,10.98,3500,10.573081
2015-12-21,10.35,10.80,10.21,10.62,2600,10.226422
2015-12-18,10.36,10.48,10.26,10.26,5200,9.879764
2015-12-17,10.48,10.99,10.32,10.99,2200,10.58271
2015-12-16,10.25,10.95,10.21,10.37,9600,9.985687
2015-12-15,10.50,10.50,10.36,10.50,900,10.11087
2015-12-14,10.80,10.80,10.50,10.50,900,10.11087
2015-12-11,10.20,10.78,10.20,10.73,1900,10.332346
2015-12-10,10.94,10.94,10.94,10.94,100,10.534563
2015-12-09,10.44,10.44,10.44,10.44,200,10.053093
2015-12-08,10.80,10.80,10.79,10.79,600,10.390122
2015-12-07,10.83,10.83,10.80,10.80,400,10.399752
2015-12-04,10.21,11.05,10.20,10.99,3800,10.58271
2015-12-03,10.26,10.26,10.26,10.26,500,9.879764
2015-12-02,10.25,10.56,10.25,10.49,1200,10.10124
2015-12-01,10.40,10.50,10.40,10.50,500,10.11087
2015-11-30,10.22,10.35,10.22,10.35,400,9.966429
2015-11-27,10.50,10.50,10.50,10.50,000,10.11087
2015-11-25,10.26,10.50,10.26,10.50,2600,10.11087
2015-11-24,10.30,10.48,10.30,10.48,21200,10.091611
2015-11-23,10.40,10.40,10.36,10.36,700,9.976058
2015-11-20,10.38,10.40,10.21,10.21,800,9.831617
2015-11-19,10.22,10.22,10.22,10.22,200,9.841247
2015-11-18,9.80,10.35,9.80,10.35,700,9.966429
2015-11-17,9.97,9.97,9.97,9.97,000,9.600512
2015-11-16,10.20,10.20,9.97,9.97,400,9.600512
2015-11-13,10.39,10.39,10.31,10.31,400,9.927912
2015-11-12,10.40,10.40,10.40,10.40,400,10.014575
2015-11-11,10.00,10.00,10.00,10.00,000,9.6294
2015-11-10,10.20,10.20,10.00,10.00,1000,9.6294
2015-11-09,9.90,9.90,9.85,9.85,600,9.484959
2015-11-06,10.15,10.15,9.88,9.88,1400,9.513847
2015-11-05,10.45,10.45,9.50,9.80,4500,9.436812
2015-11-04,10.35,10.94,10.32,10.50,7400,10.11087
2015-11-03,10.38,10.38,10.38,10.38,000,9.995317
2015-11-02,10.38,10.38,10.38,10.38,500,9.995317
2015-10-30,10.44,10.44,10.44,10.44,4200,10.053093
2015-10-29,10.48,10.48,10.44,10.44,400,10.053093
2015-10-28,10.44,10.44,10.44,10.44,000,10.053093
2015-10-27,10.44,10.44,10.44,10.44,800,10.053093
2015-10-26,10.48,10.48,10.45,10.45,600,10.062723
2015-10-23,10.44,10.46,10.44,10.46,400,10.072352
2015-10-22,10.49,10.49,10.44,10.44,400,10.053093
2015-10-21,10.45,10.45,10.45,10.45,000,10.062723
2015-10-20,10.50,10.50,10.45,10.45,400,10.062723
2015-10-19,10.44,10.49,10.44,10.49,500,10.10124
2015-10-16,10.54,10.62,10.44,10.62,3700,10.226422
2015-10-15,10.99,10.99,10.57,10.81,1000,10.409382
2015-10-14,10.79,10.83,10.79,10.83,800,10.42864
2015-10-13,10.84,10.84,10.62,10.82,700,10.41901
2015-10-12,10.47,10.47,10.47,10.47,100,10.081982
2015-10-09,10.48,10.64,10.48,10.64,500,10.245682
2015-10-08,10.44,11.00,10.44,10.69,1500,10.293828
2015-10-07,10.08,10.58,10.08,10.10,2500,9.725694
2015-10-06,9.95,10.59,9.95,10.48,3400,10.091611
2015-10-05,9.94,9.94,9.89,9.89,500,9.523477
2015-10-02,9.94,9.94,9.94,9.94,000,9.571623
2015-10-01,9.93,9.94,9.93,9.94,400,9.571623
2015-09-30,9.96,9.96,9.30,9.72,800,9.359777
2015-09-29,10.03,10.03,9.58,9.89,8100,9.523477
2015-09-28,10.03,10.04,10.02,10.02,1500,9.648659
2015-09-25,10.10,10.10,10.02,10.04,2000,9.667917
2015-09-24,10.04,10.04,10.02,10.02,1800,9.648659
2015-09-23,10.19,10.19,10.19,10.19,100,9.812358
2015-09-22,10.05,10.05,10.05,10.05,000,9.677547
2015-09-21,10.27,10.27,10.05,10.05,1600,9.677547
2015-09-18,10.02,10.07,10.02,10.02,1700,9.648659
2015-09-17,10.18,10.18,10.18,10.18,300,9.802729
2015-09-16,10.03,10.03,10.03,10.03,000,9.658288
2015-09-15,10.78,10.78,10.03,10.03,200,9.658288
2015-09-14,10.10,10.19,10.10,10.19,2500,9.812358
2015-09-11,10.20,10.20,10.04,10.10,800,9.725694
2015-09-10,10.12,10.42,10.02,10.10,3600,9.725694
2015-09-09,10.40,10.40,10.20,10.20,700,9.821988
2015-09-08,10.47,10.47,10.47,10.47,100,10.081982
2015-09-04,10.23,10.23,10.23,10.23,000,9.850876
2015-09-03,10.35,10.35,10.22,10.23,4600,9.850876
2015-09-02,10.28,10.35,10.27,10.27,800,9.889394
2015-09-01,10.30,10.30,10.30,10.30,200,9.918282
2015-08-31,10.38,10.38,10.38,10.38,500,9.995317
2015-08-28,10.25,10.30,10.25,10.30,1800,9.918282
2015-08-27,10.23,10.23,10.23,10.23,000,9.850876
2015-08-26,10.23,10.23,10.23,10.23,100,9.850876
2015-08-25,10.50,10.50,10.21,10.21,800,9.831617
2015-08-24,10.52,10.68,9.82,10.24,6800,9.860505
2015-08-21,10.44,10.66,10.44,10.66,2300,10.26494
2015-08-20,10.53,10.53,10.53,10.53,200,10.139758
2015-08-19,10.61,10.61,10.61,10.61,000,10.216793
2015-08-18,10.90,10.90,10.45,10.61,1500,10.216793
2015-08-17,10.43,10.43,10.43,10.43,000,10.043464
2015-08-14,10.94,10.94,10.40,10.43,2900,10.043464
2015-08-13,10.59,10.60,10.59,10.60,1000,10.207164
2015-08-12,10.60,10.60,10.60,10.60,000,10.207164
2015-08-11,10.60,10.60,10.60,10.60,800,10.207164
2015-08-10,10.26,10.60,10.26,10.60,800,10.207164
2015-08-07,10.52,10.86,10.24,10.44,2600,10.053093
2015-08-06,10.26,10.48,10.26,10.48,200,10.091611
2015-08-05,10.37,10.52,10.30,10.52,2300,10.130129
2015-08-04,10.30,10.30,10.28,10.28,1200,9.899023
2015-08-03,10.61,10.61,10.52,10.52,6300,10.130129
2015-07-31,10.61,10.63,10.61,10.61,1100,10.216793
2015-07-30,10.44,10.62,10.44,10.61,1200,10.216793
2015-07-29,10.56,10.56,10.25,10.25,1600,9.870135
2015-07-28,10.56,10.59,10.56,10.56,800,10.168647
2015-07-27,10.58,10.58,10.51,10.51,500,10.120499
2015-07-24,10.66,10.68,10.66,10.66,4800,10.26494
2015-07-23,10.74,10.74,10.74,10.74,000,10.341975
2015-07-22,10.74,10.74,10.74,10.74,000,10.341975
2015-07-21,10.74,10.74,10.74,10.74,000,10.341975
2015-07-20,10.74,10.74,10.74,10.74,000,10.341975
2015-07-17,10.68,10.88,10.67,10.74,2300,10.341975
2015-07-16,10.85,10.85,10.85,10.85,200,10.447899
2015-07-15,10.87,10.87,10.87,10.87,000,10.467157
2015-07-14,10.85,10.88,10.85,10.87,1600,10.467157
2015-07-13,10.67,10.84,10.67,10.84,3500,10.43827
2015-07-10,10.74,10.91,10.59,10.69,2600,10.293828
2015-07-09,10.62,10.62,10.52,10.52,300,10.130129
2015-07-08,10.78,10.89,10.57,10.57,1700,10.178275
2015-07-07,10.78,10.79,10.78,10.79,300,10.390122
2015-07-06,10.73,10.73,10.73,10.73,200,10.332346
2015-07-02,10.50,10.51,10.50,10.51,500,10.120499
2015-07-01,10.46,10.46,10.46,10.46,700,10.072352
2015-06-30,10.65,10.76,10.50,10.50,2000,10.11087
2015-06-29,10.90,10.90,10.85,10.90,2200,10.496045
2015-06-26,10.91,10.91,10.82,10.82,1400,10.41901
2015-06-25,10.81,10.81,10.81,10.81,000,10.409382
2015-06-24,10.82,10.82,10.80,10.81,500,10.409382
2015-06-23,10.82,11.08,10.82,10.82,1900,10.41901
2015-06-22,10.93,11.21,10.93,11.21,3000,10.794557
2015-06-19,10.98,11.38,10.98,11.38,2800,10.958257
2015-06-18,10.81,11.69,10.81,11.04,900,10.630857
2015-06-17,10.69,11.76,10.69,10.78,600,10.380493
2015-06-16,10.77,10.77,10.56,10.64,3500,10.004947
2015-06-15,10.61,10.69,10.61,10.69,600,10.051962
2015-06-12,10.73,11.09,10.60,10.62,18900,9.98614
2015-06-11,11.01,11.09,10.52,10.81,2000,10.1648
2015-06-10,10.45,10.99,10.45,10.77,500,10.127188
2015-06-09,10.71,10.71,10.47,10.47,600,9.845093
2015-06-08,10.75,10.75,10.75,10.75,300,10.108381
2015-06-05,10.94,10.94,10.71,10.71,5700,10.070769
2015-06-04,10.71,10.76,10.70,10.76,6900,10.117785
2015-06-03,10.55,10.94,10.55,10.90,3500,10.249428
2015-06-02,10.94,10.94,10.88,10.88,800,10.230622
2015-06-01,10.30,10.90,10.30,10.90,1200,10.249428
2015-05-29,10.50,10.55,10.21,10.21,4000,9.600611
2015-05-28,10.25,10.39,10.21,10.21,1600,9.600611
2015-05-27,10.22,10.64,10.14,10.30,17600,9.68524
2015-05-26,10.00,10.00,10.00,10.00,5500,9.403145
2015-05-22,9.98,10.14,9.95,10.00,5200,9.403145
2015-05-21,9.99,10.09,9.80,9.80,3700,9.215083
2015-05-20,10.10,10.10,9.79,9.79,2300,9.205679
2015-05-19,9.60,10.26,9.60,10.19,2900,9.581805
2015-05-18,10.00,10.00,9.63,9.70,3000,9.121051
2015-05-15,10.18,10.25,9.56,10.03,4500,9.431354
2015-05-14,10.25,10.25,10.18,10.18,2700,9.572402
2015-05-13,10.19,10.25,10.14,10.25,11700,9.638224
2015-05-12,10.18,10.18,10.18,10.18,5200,9.572402
2015-05-11,10.22,10.22,10.22,10.22,100,9.610015
2015-05-08,10.25,10.25,10.24,10.24,2100,9.628821
2015-05-07,10.25,10.27,10.25,10.27,200,9.657031
2015-05-06,10.31,10.35,10.19,10.21,3500,9.600611
2015-05-05,10.18,10.30,10.18,10.18,3100,9.572402
2015-05-04,10.29,10.30,10.18,10.21,24300,9.600611
2015-05-01,10.28,10.28,10.21,10.22,800,9.610015
2015-04-30,10.24,10.24,10.24,10.24,100,9.628821
2015-04-29,10.27,10.27,10.24,10.24,600,9.628821
2015-04-28,10.28,10.29,10.21,10.21,10000,9.600611
2015-04-27,10.25,10.25,10.20,10.20,268400,9.591208
2015-04-24,10.40,10.40,10.18,10.30,600,9.68524
2015-04-23,10.40,10.40,10.40,10.40,200,9.779271
2015-04-22,10.25,10.27,10.25,10.27,400,9.657031
2015-04-21,10.20,10.20,10.20,10.20,100,9.591208
2015-04-20,10.15,10.15,10.14,10.15,1900,9.544192
2015-04-17,10.19,10.20,10.19,10.20,500,9.591208
2015-04-16,10.22,10.22,10.20,10.20,1500,9.591208
2015-04-15,10.22,10.25,10.14,10.25,6700,9.638224
2015-04-14,10.18,10.22,10.18,10.22,400,9.610015
2015-04-13,10.14,10.33,10.12,10.14,600,9.53479
2015-04-10,10.34,10.34,10.12,10.12,1500,9.515983
2015-04-09,10.46,10.46,10.12,10.12,500,9.515983
2015-04-08,10.25,10.25,10.15,10.15,1500,9.544192
2015-04-07,10.26,10.31,10.14,10.14,2300,9.53479
2015-04-06,10.54,10.54,10.24,10.24,300,9.628821
2015-04-02,10.13,10.22,10.12,10.22,1700,9.610015
2015-04-01,10.24,10.24,10.24,10.24,200,9.628821
2015-03-31,10.25,10.35,10.01,10.12,13800,9.515983
2015-03-30,10.11,10.38,10.01,10.08,9100,9.47837
2015-03-27,10.30,10.30,10.12,10.18,3900,9.572402
2015-03-26,10.70,10.70,10.12,10.25,1800,9.638224
2015-03-25,10.24,10.25,10.12,10.12,6100,9.515983
2015-03-24,10.21,10.40,10.20,10.40,1200,9.779271
2015-03-23,10.40,10.40,10.03,10.03,800,9.431354
2015-03-20,10.40,10.75,10.06,10.06,4100,9.459565
2015-03-19,10.50,10.50,10.01,10.01,3000,9.412549
2015-03-18,10.50,10.50,10.20,10.20,200,9.591208
2015-03-17,10.01,11.00,10.01,10.15,400,9.544192
2015-03-16,10.16,10.16,10.16,10.16,000,9.553595
2015-03-13,10.21,10.30,10.16,10.16,400,9.553595
2015-03-12,10.36,10.36,10.03,10.15,500,9.544192
2015-03-11,11.00,11.00,10.07,10.13,1100,9.525386
2015-03-10,10.01,10.34,10.01,10.06,2100,9.459565
2015-03-09,10.30,11.00,10.22,10.34,9900,9.722852
2015-03-06,10.40,10.40,10.20,10.24,4700,9.628821
2015-03-05,10.25,10.40,10.02,10.07,8700,9.468967
2015-03-04,10.07,10.50,10.07,10.50,3200,9.873303
2015-03-03,10.51,10.51,10.29,10.29,1100,9.675836
2015-03-02,10.15,10.15,9.71,9.71,2600,9.130454
2015-02-27,10.46,10.73,10.31,10.31,16900,9.694643
2015-02-26,10.46,10.46,10.46,10.46,100,9.83569
2015-02-25,10.46,10.46,10.41,10.41,500,9.788674
2015-02-24,10.50,10.54,10.50,10.50,2400,9.873303
2015-02-23,10.72,10.97,10.72,10.96,20600,10.305847
2015-02-20,10.41,10.41,10.41,10.41,300,9.788674
2015-02-19,10.65,10.65,10.50,10.50,800,9.873303
2015-02-18,10.74,10.74,10.41,10.41,2600,9.788674
2015-02-17,10.55,10.55,10.55,10.55,000,9.920318
2015-02-13,10.75,10.75,10.55,10.55,1900,9.920318
2015-02-12,10.68,10.72,10.65,10.72,2100,10.080172
2015-02-11,10.45,10.77,10.45,10.70,10800,10.061365
2015-02-10,10.47,10.47,10.45,10.45,300,9.826287
2015-02-09,10.34,10.64,10.34,10.36,2400,9.741658
2015-02-06,10.05,10.94,9.99,10.92,13800,10.268235
2015-02-05,9.82,10.09,9.80,10.08,26500,9.47837
2015-02-04,9.70,10.04,9.63,9.90,23500,9.309114
2015-02-03,9.76,10.00,9.76,9.77,1300,9.186873
2015-02-02,9.31,9.62,9.31,9.60,5200,9.02702
2015-01-30,10.14,10.15,10.12,10.15,1200,9.544192
2015-01-29,9.84,9.84,9.84,9.84,000,9.252695
2015-01-28,9.84,9.84,9.84,9.84,000,9.252695
2015-01-27,9.89,9.89,9.82,9.84,2400,9.252695
2015-01-26,10.10,10.50,9.80,9.97,7700,9.374936
2015-01-23,9.84,9.86,9.83,9.83,4400,9.243292
2015-01-22,9.83,9.83,9.50,9.75,2300,9.168067
2015-01-21,10.11,10.15,9.90,9.95,5300,9.356129
2015-01-20,9.78,11.00,9.72,10.14,9600,9.53479
2015-01-16,9.86,9.90,9.70,9.70,2200,9.121051
2015-01-15,10.00,10.00,9.90,9.90,600,9.309114
2015-01-14,9.70,10.00,9.70,9.99,5700,9.393742
2015-01-13,9.75,9.75,9.75,9.75,100,9.168067
2015-01-12,9.71,9.75,9.70,9.70,700,9.121051
2015-01-09,9.65,9.70,9.65,9.70,3000,9.121051
2015-01-08,9.49,9.49,9.49,9.49,200,8.923585
2015-01-07,9.25,9.46,9.20,9.46,2300,8.895376
2015-01-06,9.07,9.21,9.07,9.20,800,8.650894
2015-01-05,9.11,9.25,9.07,9.13,1300,8.585072
2015-01-02,9.14,9.20,9.14,9.20,200,8.650894
2014-12-31,9.40,9.40,9.28,9.32,1800,8.763731
2014-12-30,9.50,9.50,9.28,9.28,8100,8.726119
2014-12-29,9.40,9.47,9.40,9.47,300,8.904779
2014-12-26,9.50,9.50,9.28,9.28,2300,8.726119
2014-12-24,9.47,9.47,9.47,9.47,100,8.904779
2014-12-23,9.48,9.48,9.48,9.48,200,8.914181
2014-12-22,9.28,9.49,9.28,9.28,10200,8.726119
2014-12-19,9.50,9.50,9.10,9.17,900,8.622684
2014-12-18,9.10,9.38,9.10,9.38,700,8.82015
2014-12-17,9.15,9.15,9.00,9.04,4400,8.500443
2014-12-16,9.15,9.18,9.08,9.10,5000,8.556863
2014-12-15,9.06,9.30,9.06,9.30,300,8.744925
2014-12-12,9.30,9.36,9.29,9.36,700,8.801344
2014-12-11,9.15,9.31,9.15,9.31,200,8.754329
2014-12-10,9.51,9.51,9.24,9.24,5400,8.688506
2014-12-09,9.75,9.75,9.51,9.75,1000,9.168067
2014-12-08,9.76,9.76,9.76,9.76,000,9.17747
2014-12-05,9.50,10.10,9.50,9.76,400,9.17747
2014-12-04,9.45,9.45,9.45,9.45,100,8.885972
2014-12-03,9.40,9.56,9.37,9.45,3400,8.885972
2014-12-02,9.34,9.65,9.34,9.65,3600,9.074035
2014-12-01,9.51,9.86,9.51,9.85,3000,9.262098
2014-11-28,9.52,9.52,9.50,9.50,300,8.932988
2014-11-26,9.75,9.80,9.70,9.74,4200,9.158663
2014-11-25,9.25,10.00,9.25,9.75,4100,9.168067
2014-11-24,9.43,9.50,9.43,9.50,300,8.932988
2014-11-21,9.63,9.63,9.45,9.50,2700,8.932988
2014-11-20,9.62,9.62,9.62,9.62,100,9.045826
2014-11-19,9.60,9.60,9.60,9.60,500,9.02702
2014-11-18,9.63,9.70,9.63,9.70,1200,9.121051
2014-11-17,9.80,10.00,9.62,9.62,4000,9.045826
2014-11-14,9.94,9.99,9.22,9.63,2400,9.055229
2014-11-13,9.84,9.84,9.84,9.84,300,9.252695
2014-11-12,9.37,9.98,9.35,9.80,2200,9.215083
2014-11-11,9.33,9.78,9.33,9.69,5100,9.111647
2014-11-10,9.32,9.79,9.32,9.79,1600,9.205679
2014-11-07,9.23,9.84,9.22,9.84,6400,9.252695
2014-11-06,9.46,9.50,9.46,9.50,1700,8.932988
2014-11-05,9.44,9.45,9.20,9.45,5200,8.885972
2014-11-04,9.13,9.53,9.09,9.24,1600,8.688506
2014-11-03,8.91,9.58,8.91,9.58,1300,9.008213
2014-10-31,9.30,9.50,9.20,9.30,2600,8.744925
2014-10-30,9.15,9.69,8.96,9.25,6500,8.697909
2014-10-29,9.10,9.13,8.92,8.92,4800,8.387606
2014-10-28,9.68,9.68,9.15,9.28,6300,8.726119
2014-10-27,9.11,9.50,9.05,9.34,8800,8.782538
2014-10-24,9.24,9.43,9.23,9.29,2500,8.735522
2014-10-23,9.60,9.60,9.05,9.46,2100,8.895376
2014-10-22,9.82,9.83,9.60,9.60,7100,9.02702
2014-10-21,9.71,9.82,9.65,9.70,23800,9.121051
2014-10-20,9.78,9.85,9.65,9.70,3100,9.121051
2014-10-17,9.70,9.84,9.70,9.71,3600,9.130454
2014-10-16,9.81,9.81,9.65,9.72,1700,9.139857
2014-10-15,9.64,9.86,9.61,9.70,1600,9.121051
2014-10-14,10.05,10.05,9.66,9.94,2200,9.346726
2014-10-13,9.60,9.80,9.60,9.80,500,9.215083
2014-10-10,10.03,10.03,9.90,9.98,1200,9.384339
2014-10-09,9.85,10.30,9.75,9.80,3900,9.215083
2014-10-08,10.21,10.35,9.15,9.60,15400,9.02702
2014-10-07,10.15,10.25,10.00,10.19,1300,9.581805
2014-10-06,10.29,10.61,10.23,10.61,3700,9.976737
2014-10-03,10.20,10.45,10.10,10.19,5400,9.581805
2014-10-02,10.20,10.20,10.20,10.20,400,9.591208
2014-10-01,10.49,10.50,10.20,10.22,3000,9.610015
2014-09-30,10.25,10.41,10.20,10.21,3000,9.600611
2014-09-29,10.49,10.49,10.49,10.49,000,9.863899
2014-09-26,10.54,10.62,10.34,10.49,3400,9.863899
2014-09-25,10.38,10.38,10.38,10.38,000,9.760465
2014-09-24,10.40,10.63,10.31,10.38,18200,9.760465
2014-09-23,10.30,10.52,10.07,10.07,12400,9.468967
2014-09-22,10.15,10.60,10.03,10.45,8500,9.826287
2014-09-19,10.35,10.80,10.02,10.08,18500,9.47837
2014-09-18,10.20,10.71,10.20,10.64,20900,10.004947
2014-09-17,10.59,10.77,10.05,10.13,7600,9.525386
2014-09-16,10.40,10.99,9.65,10.46,7400,9.83569
2014-09-15,10.50,10.50,10.01,10.46,3000,9.83569
2014-09-12,10.37,10.77,10.15,10.57,2800,9.939124
2014-09-11,11.30,11.30,10.10,10.36,9700,9.741658
2014-09-10,10.25,11.90,10.00,11.50,8400,10.813617
2014-09-09,9.65,10.14,9.65,10.14,5700,9.53479
2014-09-08,9.99,10.14,9.99,10.14,2200,9.53479
2014-09-05,10.14,10.19,9.96,10.05,5400,9.450161
2014-09-04,10.22,10.22,10.22,10.22,1000,9.610015
2014-09-03,10.09,10.23,10.09,10.11,10500,9.50658
2014-09-02,10.25,10.28,10.10,10.11,6000,9.50658
2014-08-29,10.18,10.18,10.07,10.16,1200,9.553595
2014-08-28,10.13,10.13,10.13,10.13,000,9.525386
2014-08-27,10.24,10.24,10.11,10.13,3500,9.525386
2014-08-26,10.25,10.25,10.25,10.25,000,9.638224
2014-08-25,10.05,10.25,10.04,10.25,6700,9.638224
2014-08-22,10.00,10.08,10.00,10.08,1500,9.47837
2014-08-21,10.07,10.07,9.85,9.90,3600,9.309114
2014-08-20,9.67,9.90,9.67,9.89,6400,9.299711
2014-08-19,9.64,9.88,9.64,9.86,4900,9.271501
2014-08-18,9.96,9.96,9.60,9.67,19600,9.092842
2014-08-15,9.92,9.92,9.87,9.87,800,9.280904
2014-08-14,9.78,9.90,9.40,9.80,9100,9.215083
2014-08-13,9.44,9.89,9.40,9.89,2200,9.299711
2014-08-12,9.90,9.91,9.20,9.20,500,8.650894
2014-08-11,9.10,9.90,9.01,9.01,1600,8.472234
2014-08-08,9.30,9.39,9.10,9.12,5800,8.575668
2014-08-07,9.55,9.55,9.25,9.29,500,8.735522
2014-08-06,9.50,9.70,9.15,9.23,1600,8.679103
2014-08-05,9.40,10.01,9.11,9.11,2400,8.566265
2014-08-04,9.51,9.57,9.40,9.40,4500,8.838956
2014-08-01,9.75,9.75,9.35,9.43,1500,8.867166
2014-07-31,9.48,9.54,9.38,9.54,3200,8.970601
2014-07-30,9.97,9.97,9.50,9.50,10900,8.932988
2014-07-29,9.81,9.81,9.81,9.81,000,9.224486
2014-07-28,10.01,10.01,9.71,9.81,2600,9.224486
2014-07-25,10.12,10.12,9.94,9.94,2200,9.346726
2014-07-24,9.99,10.25,9.75,9.82,2200,9.233888
2014-07-23,10.12,10.27,9.95,9.95,1000,9.356129
2014-07-22,9.80,10.38,9.80,9.95,7700,9.356129
2014-07-21,9.94,10.25,9.90,10.00,9100,9.403145
2014-07-18,9.83,10.17,9.67,9.67,4900,9.092842
2014-07-17,9.81,10.01,9.60,9.61,47100,9.036422
2014-07-16,9.73,10.24,9.73,9.91,83800,9.318517
2014-07-15,10.25,10.27,9.88,10.00,5700,9.403145
2014-07-14,10.12,10.30,10.05,10.05,4300,9.450161
2014-07-11,10.10,10.26,10.10,10.15,1200,9.544192
2014-07-10,10.25,10.25,10.25,10.25,000,9.638224
2014-07-09,10.25,10.25,10.25,10.25,500,9.638224
2014-07-08,10.12,10.21,10.12,10.14,1300,9.53479
2014-07-07,10.06,11.07,10.06,10.35,5400,9.732256
2014-07-03,10.49,10.61,10.49,10.61,200,9.976737
2014-07-02,10.52,10.65,10.01,10.35,3600,9.732256
2014-07-01,9.66,10.38,9.66,10.31,12200,9.694643
2014-06-30,10.53,11.37,9.76,10.06,9000,9.459565
2014-06-27,10.53,11.40,10.51,10.60,3300,9.967334
2014-06-26,10.72,11.15,10.52,10.90,2300,10.249428
2014-06-25,10.84,11.30,10.84,10.95,3300,10.296444
2014-06-24,10.91,10.91,10.80,10.81,1200,10.1648
2014-06-23,10.75,10.84,10.75,10.76,12700,10.117785
2014-06-20,11.25,11.28,10.68,10.68,4300,10.042559
2014-06-19,11.64,11.64,11.64,11.64,000,10.945261
2014-06-18,11.64,11.64,11.64,11.64,1300,10.945261
2014-06-17,11.62,11.62,11.62,11.62,200,10.926455
2014-06-16,11.85,11.85,11.85,11.85,200,11.142728
2014-06-13,11.46,11.46,11.41,11.41,7300,10.728989
2014-06-12,11.48,11.48,11.42,11.42,1400,10.738392
2014-06-11,12.00,12.00,12.00,12.00,000,11.283774
2014-06-10,12.03,12.04,12.00,12.00,17400,11.283774
2014-06-09,12.00,12.03,12.00,12.03,2500,11.311984
2014-06-06,11.84,11.90,11.84,11.90,200,11.189743
2014-06-05,11.55,11.55,11.50,11.50,600,10.813617
2014-06-04,11.45,11.61,11.41,11.41,4700,10.728989
2014-06-03,11.41,11.41,11.41,11.41,000,10.728989
2014-06-02,11.41,11.73,11.41,11.41,1000,10.728989
2014-05-30,11.88,11.97,11.41,11.41,1200,10.728989
2014-05-29,11.57,11.88,11.49,11.88,3200,11.170937
2014-05-28,11.61,11.75,11.41,11.51,7100,10.82302
2014-05-27,11.90,11.95,11.41,11.94,1000,11.227355
2014-05-23,11.45,11.47,11.45,11.47,500,10.785408
2014-05-22,11.44,11.44,11.44,11.44,400,10.757198
2014-05-21,11.28,11.30,11.27,11.30,1700,10.625554
2014-05-20,11.30,11.30,11.30,11.30,900,10.625554
2014-05-19,11.55,11.60,11.30,11.30,1000,10.625554
2014-05-16,11.30,11.30,11.30,11.30,1600,10.625554
2014-05-15,11.30,11.30,11.30,11.30,000,10.625554
2014-05-14,11.30,11.30,11.30,11.30,000,10.625554
2014-05-13,11.15,11.30,11.15,11.30,1200,10.625554
2014-05-12,11.25,11.31,11.25,11.31,200,10.634958
2014-05-09,11.49,11.68,11.49,11.55,1900,10.860633
2014-05-08,11.15,11.30,11.15,11.30,1500,10.625554
2014-05-07,11.36,11.36,11.20,11.20,500,10.531523
2014-05-06,11.15,11.30,11.15,11.21,1900,10.540926
2014-05-05,11.15,11.15,11.15,11.15,700,10.484507
2014-05-02,11.27,11.27,11.25,11.25,300,10.578538
2014-05-01,11.17,11.17,11.17,11.17,000,10.503313
2014-04-30,11.95,11.95,11.17,11.17,1900,10.503313
2014-04-29,11.16,11.16,11.16,11.16,000,10.49391
2014-04-28,11.15,11.17,11.15,11.16,900,10.49391
2014-04-25,11.15,11.39,11.15,11.25,3900,10.578538
2014-04-24,11.04,11.04,11.04,11.04,000,10.381072
2014-04-23,11.05,11.12,11.04,11.04,3500,10.381072
2014-04-22,11.05,11.05,11.05,11.05,100,10.390476
2014-04-21,11.05,11.25,11.05,11.25,500,10.578538
2014-04-17,10.96,10.96,10.96,10.96,000,10.305847
2014-04-16,11.04,11.05,10.96,10.96,2500,10.305847
2014-04-15,11.15,11.15,11.01,11.10,800,10.437492
2014-04-14,11.05,11.23,11.00,11.06,2400,10.399879
2014-04-11,11.09,11.35,10.97,11.02,10600,10.362267
2014-04-10,11.18,11.18,11.18,11.18,100,10.512717
2014-04-09,10.99,10.99,10.99,10.99,100,10.334056
2014-04-08,10.97,11.18,10.89,11.18,5200,10.512717
2014-04-07,11.05,11.05,11.05,11.05,000,10.390476
2014-04-04,11.05,11.05,11.05,11.05,000,10.390476
2014-04-03,11.05,11.05,11.05,11.05,200,10.390476
2014-04-02,10.97,11.07,10.97,11.01,2900,10.352863
2014-04-01,10.80,10.85,10.80,10.85,1400,10.202413
2014-03-31,10.97,11.23,10.97,11.23,2200,10.559732
2014-03-28,10.81,11.17,10.55,10.85,11200,10.202413
2014-03-27,10.82,10.82,10.80,10.80,2200,10.155397
2014-03-26,10.67,10.77,10.67,10.67,2300,10.033156
2014-03-25,10.67,10.67,10.67,10.67,000,10.033156
2014-03-24,10.80,10.80,10.63,10.67,1500,10.033156
2014-03-21,10.40,10.80,10.40,10.56,2700,9.929722
2014-03-20,10.42,10.58,10.39,10.40,2300,9.779271
2014-03-19,10.40,10.59,10.40,10.41,2800,9.788674
2014-03-18,10.63,10.63,10.40,10.46,9700,9.83569
2014-03-17,10.63,10.75,10.60,10.75,2100,10.108381
2014-03-14,10.40,10.78,10.36,10.78,1400,10.13659
2014-03-13,10.40,10.40,10.40,10.40,200,9.779271
2014-03-12,10.76,10.76,10.76,10.76,000,10.117785
2014-03-11,10.26,10.76,10.26,10.76,300,10.117785
2014-03-10,10.94,10.94,10.94,10.94,000,10.287041
2014-03-07,10.94,10.94,10.94,10.94,000,10.287041
2014-03-06,10.94,10.94,10.94,10.94,000,10.287041
2014-03-05,10.50,10.94,10.50,10.94,1500,10.287041
2014-03-04,10.33,10.33,10.15,10.15,500,9.544192
2014-03-03,10.22,10.73,10.22,10.39,600,9.769868
2014-02-28,10.58,10.58,10.04,10.20,3100,9.591208
2014-02-27,10.06,10.06,10.06,10.06,100,9.459565
2014-02-26,10.22,10.40,10.05,10.10,3300,9.497177
2014-02-25,10.20,10.20,10.20,10.20,700,9.591208
2014-02-24,10.10,10.52,10.10,10.45,1500,9.826287
2014-02-21,10.05,10.05,10.05,10.05,000,9.450161
2014-02-20,10.05,10.05,10.05,10.05,000,9.450161
2014-02-19,9.89,10.05,9.89,10.05,4500,9.450161
2014-02-18,10.00,10.00,9.80,9.80,2100,9.215083
2014-02-14,10.00,10.00,9.76,9.98,9400,9.384339
2014-02-13,10.26,10.40,9.65,10.00,17000,9.403145
2014-02-12,10.88,10.93,10.26,10.26,12200,9.647627
2014-02-11,10.92,11.00,10.88,10.88,6200,10.230622
2014-02-10,10.88,10.90,10.88,10.88,1900,10.230622
2014-02-07,10.88,10.88,10.88,10.88,100,10.230622
2014-02-06,10.88,11.20,10.88,10.88,800,10.230622
2014-02-05,10.93,10.93,10.93,10.93,200,10.277638
2014-02-04,10.89,10.89,10.89,10.89,000,10.240026
2014-02-03,10.93,10.93,10.88,10.89,1500,10.240026
2014-01-31,10.93,10.93,10.93,10.93,200,10.277638
2014-01-30,10.94,11.25,10.94,11.18,3100,10.512717
2014-01-29,10.98,10.99,10.96,10.99,5600,10.334056
2014-01-28,10.97,10.97,10.96,10.96,400,10.305847
2014-01-27,10.97,11.27,10.97,11.27,1100,10.597345
2014-01-24,11.08,11.12,11.08,11.12,200,10.456297
2014-01-23,10.96,11.12,10.96,11.12,900,10.456297
2014-01-22,10.90,10.90,10.90,10.90,000,10.249428
2014-01-21,10.85,10.90,10.85,10.90,1200,10.249428
2014-01-17,10.80,10.80,10.80,10.80,000,10.155397
2014-01-16,10.80,10.81,10.80,10.80,1200,10.155397
2014-01-15,10.71,10.81,10.71,10.71,900,10.070769
2014-01-14,10.85,11.40,10.72,10.74,3900,10.098978
2014-01-13,10.81,11.05,10.81,10.95,2500,10.296444
2014-01-10,10.95,11.92,10.81,10.81,2800,10.1648
2014-01-09,11.00,11.10,10.76,10.76,600,10.117785
2014-01-08,10.93,11.10,10.93,11.00,5900,10.34346
2014-01-07,10.80,10.80,10.80,10.80,1100,10.155397
2014-01-06,10.95,10.95,10.91,10.91,800,10.258831
2014-01-03,10.50,10.65,10.50,10.53,1500,9.901512
2014-01-02,10.30,10.30,10.30,10.30,000,9.68524
2013-12-31,10.30,10.30,10.30,10.30,1000,9.68524
2013-12-30,10.41,10.61,10.33,10.55,3900,9.920318
2013-12-27,10.90,10.99,10.53,10.53,1800,9.901512
2013-12-26,11.00,11.04,10.86,11.02,8800,10.362267
2013-12-24,10.78,10.78,10.78,10.78,000,10.13659
2013-12-23,10.80,11.00,10.76,10.78,2300,10.13659
2013-12-20,10.92,10.92,10.66,10.66,1100,10.023753
2013-12-19,10.66,11.10,10.60,11.10,1100,10.437492
2013-12-18,10.69,10.69,10.69,10.69,200,10.051962
2013-12-17,10.66,10.71,10.66,10.66,800,10.023753
2013-12-16,10.51,10.51,10.51,10.51,300,9.882706
2013-12-13,10.61,10.61,10.33,10.33,1000,9.713449
2013-12-12,10.45,10.52,10.45,10.51,2400,9.882706
2013-12-11,10.30,10.56,10.30,10.30,3700,9.68524
2013-12-10,10.15,10.15,10.15,10.15,200,9.544192
2013-12-09,10.35,10.35,10.35,10.35,500,9.732256
2013-12-06,11.17,11.39,11.00,11.00,5000,10.34346
2013-12-05,11.11,11.11,11.11,11.11,1000,10.446894
2013-12-04,11.11,11.11,11.11,11.11,700,10.446894
2013-12-03,11.13,11.37,11.11,11.11,6400,10.446894
2013-12-02,11.12,11.25,11.11,11.11,400,10.446894
2013-11-29,11.11,11.15,11.11,11.11,800,10.446894
2013-11-27,11.11,11.11,11.11,11.11,000,10.446894
2013-11-26,11.11,11.14,11.11,11.11,3200,10.446894
2013-11-25,11.11,11.20,11.11,11.13,3900,10.465701
2013-11-22,11.00,11.25,10.99,11.01,5700,10.352863
2013-11-21,11.00,11.00,11.00,11.00,300,10.34346
2013-11-20,11.00,11.00,11.00,11.00,000,10.34346
2013-11-19,10.93,11.00,10.93,11.00,900,10.34346
2013-11-18,10.68,10.89,10.68,10.78,2000,10.13659
2013-11-15,10.60,10.65,10.41,10.55,3500,9.920318
2013-11-14,10.36,10.66,10.36,10.40,6000,9.779271
2013-11-13,10.10,10.28,10.10,10.28,3400,9.666433
2013-11-12,10.14,10.40,10.13,10.13,1300,9.525386
2013-11-11,10.15,10.30,10.10,10.10,3600,9.497177
2013-11-08,10.10,10.10,10.10,10.10,200,9.497177
2013-11-07,10.22,10.22,10.10,10.10,400,9.497177
2013-11-06,10.09,10.18,10.06,10.06,1300,9.459565
2013-11-05,10.18,10.19,10.00,10.00,7200,9.403145
2013-11-04,10.06,10.19,10.01,10.09,5200,9.487774
2013-11-01,10.80,10.80,10.01,10.01,12000,9.412549
2013-10-31,10.85,10.85,10.85,10.85,100,10.202413
2013-10-30,10.96,10.96,10.96,10.96,200,10.305847
2013-10-29,11.00,11.00,11.00,11.00,000,10.34346
2013-10-28,10.91,11.15,10.91,11.00,3700,10.34346
2013-10-25,11.00,11.00,10.79,11.00,3400,10.34346
2013-10-24,10.94,10.94,10.89,10.89,400,10.240026
2013-10-23,10.83,10.83,10.83,10.83,100,10.183606
2013-10-22,10.76,10.76,10.76,10.76,000,10.117785
2013-10-21,10.76,10.76,10.76,10.76,300,10.117785
2013-10-18,10.79,10.79,10.79,10.79,000,10.145994
2013-10-17,10.77,10.99,10.77,10.79,2500,10.145994
2013-10-16,11.00,11.05,10.81,10.81,2000,10.1648
2013-10-15,11.05,11.05,11.05,11.05,100,10.390476
2013-10-14,11.25,11.50,11.25,11.36,600,10.681973
2013-10-11,11.04,11.90,11.04,11.85,1600,11.142728
2013-10-10,11.99,11.99,11.55,11.55,5300,10.860633
2013-10-09,11.56,11.56,11.56,11.56,200,10.870036
2013-10-08,11.70,11.79,11.55,11.63,2600,10.935858
2013-10-07,11.65,11.84,11.65,11.65,4200,10.954664
2013-10-04,11.49,11.74,11.34,11.35,3700,10.67257
2013-10-03,11.42,11.45,11.42,11.45,500,10.766601
2013-10-02,11.47,11.60,11.34,11.43,4000,10.747795
2013-10-01,11.34,11.39,11.34,11.39,1300,10.710183
2013-09-30,11.36,11.36,11.33,11.33,400,10.653764
2013-09-27,11.33,11.41,11.33,11.41,400,10.728989
2013-09-26,11.34,11.46,11.34,11.35,2600,10.67257
2013-09-25,11.38,11.44,11.33,11.44,2800,10.757198
2013-09-24,11.33,11.33,11.33,11.33,000,10.653764
2013-09-23,11.34,11.34,11.33,11.33,600,10.653764
2013-09-20,11.25,11.25,11.25,11.25,9200,10.578538
2013-09-19,11.64,11.66,11.35,11.60,2700,10.907649
2013-09-18,11.61,11.62,11.61,11.62,200,10.926455
2013-09-17,11.43,11.60,11.13,11.13,4200,10.465701
2013-09-16,11.25,11.55,11.25,11.55,6800,10.860633
2013-09-13,11.21,11.51,11.21,11.51,500,10.82302
2013-09-12,11.74,11.74,11.13,11.13,6600,10.465701
2013-09-11,11.40,11.40,11.11,11.13,1100,10.465701
2013-09-10,11.11,11.19,11.11,11.11,2000,10.446894
2013-09-09,11.31,11.35,11.11,11.11,7700,10.446894
2013-09-06,11.13,11.50,11.13,11.48,1900,10.79481
2013-09-05,11.14,11.23,11.04,11.11,1400,10.446894
2013-09-04,10.71,11.06,10.66,11.05,13400,10.390476
2013-09-03,10.71,10.73,10.66,10.73,1300,10.089574
2013-08-30,10.50,10.50,10.50,10.50,100,9.873303
2013-08-29,10.63,10.63,10.50,10.50,400,9.873303
2013-08-28,10.66,10.80,10.66,10.69,2200,10.051962
2013-08-27,10.62,10.70,10.50,10.67,1600,10.033156
2013-08-26,10.50,10.66,10.50,10.66,2900,10.023753
2013-08-23,10.76,10.80,10.69,10.70,6900,10.061365
2013-08-22,10.53,10.53,10.53,10.53,000,9.901512
2013-08-21,10.25,10.53,10.25,10.53,300,9.901512
2013-08-20,10.50,10.72,10.50,10.64,3100,10.004947
2013-08-19,10.80,10.80,10.65,10.65,800,10.014349
2013-08-16,10.64,10.70,10.64,10.70,2100,10.061365
2013-08-15,10.64,10.64,10.64,10.64,200,10.004947
2013-08-14,10.71,10.99,10.60,10.64,2300,10.004947
2013-08-13,10.53,10.53,10.53,10.53,400,9.901512
2013-08-12,10.30,10.51,10.30,10.50,1200,9.873303
2013-08-09,10.45,10.81,10.34,10.60,2400,9.967334
2013-08-08,10.30,10.30,10.26,10.26,400,9.647627
2013-08-07,10.12,10.12,10.12,10.12,000,9.515983
2013-08-06,10.12,10.12,10.12,10.12,500,9.515983
2013-08-05,10.50,10.81,10.50,10.56,2600,9.929722
2013-08-02,10.42,10.51,10.42,10.51,800,9.882706
2013-08-01,10.10,10.33,10.10,10.33,1000,9.713449
2013-07-31,10.00,10.00,10.00,10.00,100,9.403145
2013-07-30,10.77,10.77,10.28,10.43,2400,9.807481
2013-07-29,9.94,10.80,9.88,10.01,2200,9.412549
2013-07-26,9.95,9.95,9.92,9.92,200,9.32792
2013-07-25,10.04,10.58,10.01,10.19,1500,9.581805
2013-07-24,10.23,10.25,10.04,10.25,800,9.638224
2013-07-23,10.32,11.37,10.15,10.39,1200,9.769868
2013-07-22,10.31,10.31,10.31,10.31,100,9.694643
2013-07-19,10.58,10.85,9.84,10.67,2300,10.033156
2013-07-18,10.18,10.80,10.18,10.51,5700,9.882706
2013-07-17,9.77,10.30,9.74,10.19,2000,9.581805
2013-07-16,9.92,9.92,9.75,9.80,5200,9.215083
2013-07-15,9.99,9.99,9.75,9.75,3200,9.168067
2013-07-12,9.90,10.24,9.75,9.75,900,9.168067
2013-07-11,9.99,9.99,9.85,9.87,1600,9.280904
2013-07-10,9.90,10.24,9.90,10.24,900,9.628821
2013-07-09,9.99,10.08,9.81,9.81,800,9.224486
2013-07-08,9.74,10.00,9.74,9.89,2600,9.299711
2013-07-05,10.10,10.10,9.53,9.53,600,8.961197
2013-07-03,10.19,10.19,9.65,10.00,6300,9.403145
2013-07-02,9.90,9.90,9.74,9.85,4700,9.262098
2013-07-01,9.98,10.10,9.36,9.58,10900,9.008213
2013-06-28,10.31,10.60,9.61,9.83,11900,9.243292
2013-06-27,9.80,10.51,9.80,10.51,500,9.882706
2013-06-26,10.33,10.33,9.53,9.72,7200,9.139857
2013-06-25,10.50,10.50,10.50,10.50,200,9.873303
2013-06-24,10.39,10.39,10.39,10.39,100,9.769868
2013-06-21,10.25,10.25,10.01,10.24,700,9.628821
2013-06-20,10.43,10.43,10.02,10.02,400,9.421952
2013-06-19,10.64,10.69,10.42,10.42,2200,9.798077
2013-06-18,10.63,10.63,10.63,10.63,100,9.995544
2013-06-17,10.68,10.68,10.68,10.68,000,10.042559
2013-06-14,10.68,10.68,10.68,10.68,200,10.042559
2013-06-13,10.71,10.71,10.71,10.71,000,10.070769
2013-06-12,10.78,10.78,10.71,10.71,300,10.070769
2013-06-11,10.65,10.65,10.65,10.65,300,10.014349
2013-06-10,10.65,10.65,10.65,10.65,000,10.014349
2013-06-07,10.65,10.65,10.65,10.65,600,10.014349
2013-06-06,10.82,10.82,10.82,10.82,100,10.174203
2013-06-05,10.84,10.84,10.84,10.84,300,10.19301
2013-06-04,11.74,11.74,11.74,11.74,200,11.039292
2013-06-03,10.91,10.91,10.65,10.65,500,10.014349
2013-05-31,11.22,11.22,11.00,11.00,900,10.34346
2013-05-30,10.56,10.56,10.56,10.56,000,9.929722
2013-05-29,11.04,11.04,10.56,10.56,1000,9.929722
2013-05-28,11.42,11.50,11.41,11.41,900,10.728989
2013-05-24,11.50,11.55,11.50,11.50,1700,10.813617
2013-05-23,11.47,11.47,11.47,11.47,100,10.785408
2013-05-22,11.50,11.50,11.40,11.40,600,10.719585
2013-05-21,11.40,11.40,11.40,11.40,000,10.719585
2013-05-20,11.61,11.61,11.35,11.40,500,10.719585
2013-05-17,11.38,11.76,11.35,11.76,700,11.058099
2013-05-16,11.68,11.68,11.68,11.68,000,10.982874
2013-05-15,11.66,11.68,11.66,11.68,200,10.982874
2013-05-14,11.45,11.57,11.00,11.57,2100,10.879439
2013-05-13,11.94,11.94,11.93,11.93,200,11.217953
2013-05-10,11.32,11.32,11.32,11.32,100,10.64436
2013-05-09,11.16,11.16,11.00,11.00,600,10.34346
2013-05-08,11.18,11.18,11.10,11.13,1100,10.465701
2013-05-07,11.56,11.56,11.56,11.56,300,10.870036
2013-05-06,11.85,11.85,11.85,11.85,100,11.142728
2013-05-03,11.98,11.98,11.98,11.98,100,11.264968
2013-05-02,11.71,11.71,11.00,11.17,4200,10.503313
2013-05-01,11.76,11.76,11.76,11.76,000,11.058099
2013-04-30,11.93,11.93,11.40,11.76,7500,11.058099
2013-04-29,11.35,11.35,11.35,11.35,400,10.67257
2013-04-26,10.67,11.89,10.67,11.89,300,11.18034
2013-04-25,12.00,12.00,11.25,11.25,1500,10.578538
2013-04-24,11.00,11.00,11.00,11.00,100,10.34346
2013-04-23,10.94,10.94,10.94,10.94,000,10.287041
2013-04-22,11.00,11.00,10.94,10.94,600,10.287041
2013-04-19,11.25,11.25,11.25,11.25,300,10.578538
2013-04-18,11.40,11.40,11.40,11.40,000,10.719585
2013-04-17,11.40,11.40,11.40,11.40,000,10.719585
2013-04-16,11.40,11.40,11.40,11.40,400,10.719585
2013-04-15,11.00,11.97,11.00,11.39,300,10.710183
2013-04-12,10.90,10.90,10.90,10.90,1000,10.249428
2013-04-11,10.95,11.00,10.71,11.00,4100,10.34346
2013-04-10,11.05,11.05,11.05,11.05,000,10.390476
2013-04-09,11.01,11.14,11.01,11.05,700,10.390476
2013-04-08,11.20,11.25,11.14,11.14,600,10.475104
2013-04-05,10.71,10.88,10.71,10.88,5400,10.230622
2013-04-04,10.60,10.80,10.60,10.71,2000,10.070769
2013-04-03,10.58,10.58,10.58,10.58,000,9.948528
2013-04-02,10.83,10.88,10.58,10.58,1900,9.948528
2013-04-01,10.05,10.44,10.05,10.44,300,9.816883
2013-03-28,10.04,10.04,10.01,10.01,1000,9.412549
2013-03-27,10.40,10.55,10.05,10.55,800,9.920318
2013-03-26,10.31,10.31,10.31,10.31,300,9.694643
2013-03-25,10.05,10.05,10.05,10.05,200,9.450161
2013-03-22,10.30,10.30,10.30,10.30,000,9.68524
2013-03-21,10.30,10.30,10.30,10.30,000,9.68524
2013-03-20,10.30,10.30,10.30,10.30,000,9.68524
2013-03-19,10.30,10.30,10.30,10.30,300,9.68524
2013-03-18,10.27,10.27,10.01,10.23,600,9.619417
2013-03-15,10.25,10.98,10.05,10.93,2000,10.277638
2013-03-14,10.19,10.19,10.19,10.19,200,9.581805
2013-03-13,10.50,10.50,10.50,10.50,000,9.873303
2013-03-12,10.34,10.50,10.34,10.50,700,9.873303
2013-03-11,10.28,10.28,10.28,10.28,600,9.666433
2013-03-08,10.15,10.15,10.15,10.15,000,9.544192
2013-03-07,10.50,10.50,10.15,10.15,1100,9.544192
2013-03-06,11.00,11.00,11.00,11.00,000,10.34346
2013-03-05,11.00,11.00,11.00,11.00,500,10.34346
2013-03-04,11.05,11.05,11.05,11.05,000,10.390476
2013-03-01,9.35,11.45,8.68,11.05,2800,10.390476
2013-02-28,11.21,11.21,10.28,10.94,10300,10.287041
2013-02-27,11.14,11.40,11.14,11.40,500,10.719585
2013-02-26,11.17,11.17,11.17,11.17,1000,10.503313
2013-02-25,10.88,11.18,10.88,10.88,4100,10.230622
2013-02-22,10.86,10.86,10.86,10.86,000,10.211815
2013-02-21,10.86,10.86,10.86,10.86,000,10.211815
2013-02-20,10.75,10.86,10.75,10.86,2200,10.211815
2013-02-19,10.75,10.75,10.75,10.75,200,10.108381
2013-02-15,10.74,10.87,10.74,10.87,1400,10.221219
2013-02-14,10.60,10.60,10.60,10.60,000,9.967334
2013-02-13,10.60,10.60,10.60,10.60,000,9.967334
2013-02-12,10.53,10.61,10.50,10.60,1200,9.967334
2013-02-11,10.50,10.50,10.50,10.50,100,9.873303
2013-02-08,10.50,10.50,10.50,10.50,000,9.873303
2013-02-07,10.50,10.50,10.50,10.50,200,9.873303
2013-02-06,10.86,10.86,10.55,10.78,2200,10.13659
2013-02-05,10.84,10.84,10.84,10.84,400,10.19301
2013-02-04,10.79,10.79,10.79,10.79,300,10.145994
2013-02-01,10.31,10.67,10.31,10.65,3000,10.014349
2013-01-31,10.74,10.74,10.31,10.31,800,9.694643
2013-01-30,10.28,10.78,10.28,10.68,1600,10.042559
2013-01-29,10.45,10.75,10.45,10.74,11700,10.098978
2013-01-28,10.39,10.45,10.39,10.45,2100,9.826287
2013-01-25,10.32,10.32,10.32,10.32,200,9.704046
2013-01-24,10.36,10.44,10.36,10.44,600,9.816883
2013-01-23,10.35,10.36,10.35,10.36,500,9.741658
2013-01-22,10.45,10.45,10.35,10.40,1500,9.779271
2013-01-18,10.21,10.21,10.20,10.20,500,9.591208
2013-01-17,10.45,10.45,10.45,10.45,000,9.826287
2013-01-16,10.12,10.45,10.12,10.45,1100,9.826287
2013-01-15,10.12,10.12,10.12,10.12,100,9.515983
2013-01-14,10.15,10.15,10.12,10.12,400,9.515983
2013-01-11,10.45,10.45,10.45,10.45,300,9.826287
2013-01-10,10.50,10.50,10.50,10.50,000,9.873303
2013-01-09,10.50,10.50,10.50,10.50,000,9.873303
2013-01-08,10.50,10.50,10.50,10.50,200,9.873303
2013-01-07,9.96,10.00,9.96,9.96,4600,9.365533
2013-01-04,9.83,10.00,9.25,10.00,13500,9.403145
2013-01-03,9.85,9.85,9.80,9.80,1500,9.215083
2013-01-02,10.00,10.00,9.80,9.80,800,9.215083
2012-12-31,10.02,10.30,9.51,9.61,9300,9.036422
2012-12-28,10.22,10.22,10.22,10.22,000,9.610015
2012-12-27,9.90,10.26,9.90,10.22,3400,9.610015
2012-12-26,9.89,9.98,9.70,9.97,1100,9.374936
2012-12-24,9.69,9.69,9.69,9.69,000,9.111647
2012-12-21,9.69,9.69,9.69,9.69,000,9.111647
2012-12-20,9.76,9.82,9.65,9.69,13700,9.111647
2012-12-19,9.85,9.85,9.80,9.80,900,9.215083
2012-12-18,9.75,9.75,9.75,9.75,400,9.168067
2012-12-17,9.80,9.80,9.55,9.75,1600,9.168067
2012-12-14,9.80,9.80,9.80,9.80,500,9.215083
2012-12-13,9.99,10.07,9.80,9.84,9800,9.252695
2012-12-12,10.25,10.25,10.25,10.25,200,9.403145
2012-12-11,10.09,10.25,9.85,10.19,2600,9.348102
2012-12-10,9.76,10.20,9.76,10.15,7800,9.311407
2012-12-07,9.68,9.69,9.60,9.60,2100,8.806849
2012-12-06,9.72,9.95,9.69,9.69,6200,8.889412
2012-12-05,9.86,10.00,9.70,9.70,3500,8.898586
2012-12-04,9.90,10.05,9.79,9.90,8700,9.082062
2012-12-03,9.97,9.97,9.97,9.97,000,9.146279
2012-11-30,9.97,9.97,9.97,9.97,000,9.146279
2012-11-29,9.97,9.97,9.97,9.97,200,9.146279
2012-11-28,10.20,10.30,9.90,10.16,2000,9.320581
2012-11-27,10.30,10.40,10.00,10.05,3600,9.21967
2012-11-26,10.00,10.00,9.97,10.00,2500,9.1738
2012-11-23,10.25,10.25,10.25,10.25,500,9.403145
2012-11-21,10.35,10.37,10.35,10.37,500,9.513231
2012-11-20,9.75,9.75,9.75,9.75,000,8.944455
2012-11-19,9.58,9.75,9.50,9.75,1300,8.944455
2012-11-16,9.50,9.50,9.50,9.50,1100,8.71511
2012-11-15,9.10,9.10,9.10,9.10,600,8.348159
2012-11-14,9.15,9.60,9.10,9.20,5400,8.439896
2012-11-13,9.30,9.32,9.11,9.30,3600,8.531634
2012-11-12,9.40,9.90,9.10,9.27,3200,8.504113
2012-11-09,9.45,9.88,9.41,9.55,2000,8.76098
2012-11-08,9.22,10.18,9.15,9.75,1400,8.944455
2012-11-07,10.19,10.19,9.45,9.90,21000,9.082062
2012-11-06,10.00,10.00,9.95,9.99,700,9.164626
2012-11-05,9.98,9.98,9.98,9.98,300,9.155452
2012-11-02,10.00,10.00,10.00,10.00,000,9.1738
2012-11-01,10.00,10.00,10.00,10.00,000,9.1738
2012-10-31,9.95,10.24,9.95,10.00,5900,9.1738
2012-10-26,9.75,9.75,9.75,9.75,300,8.944455
2012-10-25,9.87,9.87,9.71,9.75,3700,8.944455
2012-10-24,9.95,9.95,9.85,9.85,1200,9.036194
2012-10-23,9.85,9.89,9.85,9.89,600,9.072889
2012-10-22,9.85,9.85,9.85,9.85,400,9.036194
2012-10-19,10.00,10.00,9.85,9.85,500,9.036194
2012-10-18,9.99,10.00,9.99,10.00,800,9.1738
2012-10-17,9.96,9.96,9.96,9.96,100,9.137105
2012-10-16,9.99,9.99,9.92,9.92,400,9.10041
2012-10-15,9.85,9.85,9.84,9.84,400,9.02702
2012-10-12,9.85,9.85,9.85,9.85,500,9.036194
2012-10-11,9.86,9.90,9.85,9.85,500,9.036194
2012-10-10,9.85,9.91,8.97,9.85,3300,9.036194
2012-10-09,10.05,10.24,9.85,9.85,1500,9.036194
2012-10-08,10.05,10.10,10.05,10.05,3300,9.21967
2012-10-05,10.20,10.24,9.80,10.05,2100,9.21967
2012-10-04,9.81,10.07,9.50,10.07,1000,9.238017
2012-10-03,10.00,10.74,10.00,10.74,700,9.852661
2012-10-02,10.10,10.24,10.10,10.10,2400,9.265539
2012-10-01,10.00,10.00,10.00,10.00,400,9.1738
2012-09-28,10.12,10.30,10.10,10.15,1600,9.311407
2012-09-27,10.58,10.58,10.23,10.23,300,9.384797
2012-09-26,10.11,10.64,10.11,10.64,1000,9.760924
2012-09-25,10.89,10.89,10.01,10.75,500,9.861835
2012-09-24,11.78,11.78,11.01,11.05,5200,10.13705
2012-09-21,10.95,11.90,10.95,11.90,16400,10.916822
2012-09-20,10.55,10.55,10.55,10.55,000,9.67836
2012-09-19,10.55,10.55,10.55,10.55,700,9.67836
2012-09-18,10.90,10.90,10.60,10.60,1800,9.724229
2012-09-17,10.95,10.95,10.95,10.95,700,10.045311
2012-09-14,11.00,11.00,10.62,10.95,1700,10.045311
2012-09-13,10.98,10.98,10.98,10.98,000,10.072832
2012-09-12,10.98,10.98,10.98,10.98,000,10.072832
2012-09-11,11.00,11.00,10.98,10.98,500,10.072832
2012-09-10,10.97,11.05,10.78,11.05,6800,10.13705
2012-09-07,10.36,11.00,10.31,11.00,6600,10.09118
2012-09-06,10.03,10.21,10.02,10.21,900,9.36645
2012-09-05,10.30,10.36,10.30,10.30,2700,9.449015
2012-09-04,10.30,10.36,10.30,10.33,2600,9.476536
2012-08-31,10.39,10.39,10.29,10.35,500,9.494884
2012-08-30,10.61,10.61,10.00,10.51,2100,9.641664
2012-08-29,9.98,10.78,9.98,10.78,300,9.889357
2012-08-28,9.88,9.93,9.88,9.91,1200,9.091236
2012-08-27,9.88,9.88,9.85,9.85,300,9.036194
2012-08-24,10.42,10.42,9.78,9.82,1100,9.008672
2012-08-23,9.75,9.75,9.75,9.75,600,8.944455
2012-08-22,10.00,10.06,9.75,9.76,4300,8.953629
2012-08-21,9.75,10.00,9.75,9.99,5600,9.164626
2012-08-20,10.00,10.00,9.60,9.63,2700,8.83437
2012-08-17,9.99,9.99,9.99,9.99,100,9.164626
2012-08-16,10.00,10.19,9.53,10.19,1500,9.348102
2012-08-15,9.99,10.00,9.91,9.98,1500,9.155452
2012-08-14,9.81,10.24,9.75,10.00,8300,9.1738
2012-08-13,9.86,10.24,9.86,10.24,600,9.393971
2012-08-10,9.78,9.99,9.78,9.99,4200,9.164626
2012-08-09,9.85,10.41,9.70,9.75,7700,8.944455
2012-08-08,10.79,10.79,10.30,10.30,700,9.449015
2012-08-07,10.76,10.84,10.02,10.84,700,9.9444
2012-08-06,10.82,10.82,10.82,10.82,500,9.926052
2012-08-03,11.14,11.14,11.14,11.14,100,10.219614
2012-08-02,10.16,10.84,10.16,10.84,2100,9.9444
2012-08-01,11.00,11.00,11.00,11.00,100,10.09118
2012-07-31,10.32,10.89,10.32,10.89,500,9.990269
2012-07-30,10.81,10.89,10.41,10.65,7300,9.770097
2012-07-27,11.05,11.05,11.05,11.05,400,10.13705
2012-07-26,11.33,11.40,10.86,11.28,8100,10.348047
2012-07-25,11.06,11.33,11.06,11.33,400,10.393916
2012-07-24,11.00,11.24,11.00,11.24,400,10.311351
2012-07-23,11.40,11.40,11.19,11.40,4400,10.458132
2012-07-20,11.29,11.50,10.80,11.41,8100,10.467306
2012-07-19,11.71,11.71,10.81,11.13,7200,10.21044
2012-07-18,11.70,11.79,11.56,11.79,1700,10.815911
2012-07-17,11.75,11.79,11.30,11.79,500,10.815911
2012-07-16,11.30,11.30,11.30,11.30,500,10.366395
2012-07-13,12.00,12.00,11.50,11.75,1000,10.779215
2012-07-12,11.70,11.70,11.47,11.50,3900,10.54987
2012-07-11,11.35,11.82,11.35,11.82,3700,10.843432
2012-07-10,11.63,11.80,11.40,11.55,3000,10.59574
2012-07-09,11.54,12.00,11.27,11.88,2700,10.898475
2012-07-06,11.20,11.98,11.15,11.23,2400,10.302177
2012-07-05,11.12,11.12,11.12,11.12,000,10.201266
2012-07-03,11.12,11.12,11.12,11.12,000,10.201266
2012-07-02,11.12,11.12,11.12,11.12,000,10.201266
2012-06-29,11.19,11.98,11.12,11.12,600,10.201266
2012-06-28,11.78,12.00,11.35,11.35,1500,10.412264
2012-06-27,12.40,12.40,12.00,12.00,8700,11.00856
2012-06-26,11.85,12.10,11.70,11.98,4700,10.990212
2012-06-25,11.74,12.35,11.66,12.10,8600,10.870953
2012-06-22,11.75,11.98,11.29,11.29,2400,10.143228
2012-06-21,12.15,12.20,11.14,11.43,14500,10.269008
2012-06-20,12.45,12.45,12.01,12.01,700,10.790095
2012-06-19,12.61,12.61,12.50,12.57,800,11.293213
2012-06-18,12.57,12.67,12.35,12.67,1700,11.383056
2012-06-15,12.82,12.86,12.30,12.51,17700,11.239308
2012-06-14,13.02,13.75,12.60,12.69,1300,11.401024
2012-06-13,12.77,13.29,12.77,13.28,400,11.931095
2012-06-12,12.78,13.29,12.78,13.01,600,11.688521
2012-06-11,13.30,13.38,12.68,12.94,2200,11.62563
2012-06-08,12.68,13.75,12.50,13.75,9800,12.353356
2012-06-07,12.99,13.03,12.50,12.69,8300,11.401024
2012-06-06,13.46,14.03,12.86,12.99,5600,11.670552
2012-06-05,14.25,14.26,13.50,13.65,17400,12.263513
2012-06-04,13.48,14.00,13.15,13.79,6100,12.389293
2012-06-01,12.96,13.51,12.96,13.46,18100,12.092812
2012-05-31,13.86,13.86,12.35,12.90,1600,11.589693
2012-05-30,13.36,13.70,13.36,13.68,8100,12.290466
2012-05-29,12.75,13.47,12.75,13.47,7600,12.101797
2012-05-25,12.50,12.98,12.40,12.98,6700,11.661567
2012-05-24,13.13,13.24,12.65,12.99,2400,11.670552
2012-05-23,13.62,13.70,13.00,13.10,5500,11.769379
2012-05-22,13.32,13.61,13.08,13.61,2600,12.227576
2012-05-21,14.00,14.00,13.06,13.49,10000,12.119765
2012-05-18,13.50,14.00,13.27,14.00,1800,12.577962
2012-05-17,13.27,13.45,13.27,13.45,2000,12.083828
2012-05-16,13.47,13.47,12.90,13.31,6500,11.958049
2012-05-15,13.48,13.50,13.46,13.47,2500,12.101797
2012-05-14,13.53,13.69,13.12,13.20,7000,11.859221
2012-05-11,13.68,13.94,12.77,13.18,7000,11.841253
2012-05-10,13.99,13.99,13.06,13.71,4900,12.317419
2012-05-09,13.58,14.00,13.24,13.85,4200,12.443199
2012-05-08,13.39,14.00,13.07,13.86,12700,12.452182
2012-05-07,13.00,13.50,13.00,13.50,5400,12.128749
2012-05-04,12.30,13.05,12.01,13.02,6400,11.697505
2012-05-03,12.72,13.00,12.41,12.72,5800,11.427977
2012-05-02,13.88,13.88,12.52,12.71,11000,11.418993
2012-05-01,11.82,14.00,11.82,13.95,27000,12.533041
2012-04-30,10.50,11.71,10.50,11.40,23200,10.242055
2012-04-27,10.16,10.50,10.00,10.50,4100,9.433472
2012-04-26,9.75,10.39,9.75,10.19,11800,9.154959
2012-04-25,9.58,9.58,9.58,9.58,2000,8.60692
2012-04-24,9.58,9.58,9.58,9.58,100,8.60692
2012-04-23,9.78,9.78,9.58,9.58,300,8.60692
2012-04-20,9.71,9.84,9.66,9.84,2300,8.840511
2012-04-19,9.70,9.70,9.70,9.70,000,8.714731
2012-04-18,10.00,10.00,9.60,9.70,3200,8.714731
2012-04-17,10.00,10.00,9.58,9.85,1100,8.849495
2012-04-16,10.17,10.17,10.17,10.17,000,9.136991
2012-04-13,9.98,10.17,9.96,10.17,2500,9.136991
2012-04-12,9.86,9.86,9.86,9.86,500,8.858479
