Date,Open,High,Low,Close,Volume,Adj Close
2017-12-08,44.43,44.56,43.73,43.88,101698,43.88
2017-12-07,44.19,44.78,44.115,44.22,219139,44.22
2017-12-06,44.19,44.665,43.96,44.07,82859,44.07
2017-12-05,44.68,45.01,43.59,44.2,129820,44.2
2017-12-04,45.43,46.02,44.57,44.62,124952,44.62
2017-12-01,45.68,45.68,43.94,45.12,119462,45.12
2017-11-30,46.23,46.41,45.32,45.89,177588,45.89
2017-11-29,45.91,46.35,45.67,45.98,112430,45.98
2017-11-28,45.13,46.04,44.96,45.96,100069,45.96
2017-11-27,44.78,45.35,44.78,45.06,187779,45.06
2017-11-24,45.01,45.01,43.61,44.63,71705,44.63
2017-11-22,44.72,45.06,44.65,44.88,84668,44.88
2017-11-21,44.16,45,43.93,44.96,109489,44.96
2017-11-20,43.79,44.34,43.21,44.23,86224,44.23
2017-11-17,43.78,44.1,42.8,43.72,130509,43.72
2017-11-16,42.99,44.26,42.99,44.05,98334,44.05
2017-11-15,42.66,43.07,42.44,42.86,108247,42.86
2017-11-14,43.33,43.63,42.84,42.95,109312,42.95
2017-11-13,43.32,43.85,43.23,43.58,239456,43.58
2017-11-10,43.44,43.935,43.44,43.5,87527,43.5
2017-11-09,43.42,43.82,43.25,43.63,65553,43.63
2017-11-08,43.28,43.82,43.14,43.78,76754,43.78
2017-11-07,44.1,44.26,43.18,43.45,85119,43.45
2017-11-06,43.41,44.33,43.25,44.12,78825,44.12
2017-11-03,42.86,44.425,42.505,43.68,258758,43.68
2017-11-02,43.2,45.19,42.29,44.88,246991,44.88
2017-11-01,42.48,42.72,42.055,42.35,147953,42.35
2017-10-31,41.47,42.469,41.35,42.34,178660,42.34
2017-10-30,41.55,41.64,41,41.4,94856,41.4
2017-10-27,41.77,41.85,41.16,41.7,78624,41.7
2017-10-26,41.49,41.68,41.315,41.64,67638,41.64
2017-10-25,41.06,41.47,40.89,41.3,119657,41.3
2017-10-24,41.15,41.42,40.845,41.04,70104,41.04
2017-10-23,41.2,41.275,40.88,41,82979,41
2017-10-20,41.22,41.56,40.84,41.16,92973,41.16
2017-10-19,40.74,40.96,40.29,40.92,112709,40.92
2017-10-18,40.67,41.03,40.64,40.83,120669,40.83
2017-10-17,40.68,41.01,40.48,40.6,70940,40.6
2017-10-16,40.97,41.155,40.61,40.74,71330,40.74
2017-10-13,40.99,41.14,40.6,40.87,95760,40.87
2017-10-12,40.82,41.12,40.56,40.76,93513,40.76
2017-10-11,40.89,41.14,40.55,40.92,97183,40.92
2017-10-10,41.02,41.18,40.85,41.09,70736,41.09
2017-10-09,40.58,41.15,40.58,41.02,77223,41.02
2017-10-06,40.96,40.99,40.57,40.58,158339,40.58
2017-10-05,41.2,41.49,40.94,40.97,102926,40.97
2017-10-04,41,41.39,40.71,41.03,115041,41.03
2017-10-03,40.93,41.245,40.135,40.99,129647,40.99
2017-10-02,39.9,40.91,39.71,40.91,153656,40.91
2017-09-29,39.87,40.18,39.57,40.1,167538,40.1
2017-09-28,39.63,40.25,39.43,39.9,153508,39.9
2017-09-27,39.2,41.49,39.03,39.71,192497,39.71
2017-09-26,38.55,39.09,38.41,39.02,164200,39.02
2017-09-25,38.08,38.55,37.75,38.45,145484,38.45
2017-09-22,37.59,38.1599,37.59,38.1,156962,38.1
2017-09-21,37.68,38.11,37.37,37.6,131897,37.6
2017-09-20,38.22,38.52,37.68,37.73,140190,37.73
2017-09-19,38.18,38.5,38.1,38.28,108192,38.28
2017-09-18,37.48,38.2,37.48,38.11,221184,38.11
2017-09-15,37.75,37.91,37.28,37.44,324352,37.44
2017-09-14,38.24,38.3,37.69,37.91,138440,37.91
2017-09-13,38.47,38.75,38.28,38.35,104882,38.35
2017-09-12,38.73,38.87,38.48,38.62,69564,38.62
2017-09-11,38.5,38.96,38.36,38.59,92401,38.59
2017-09-08,38.1,38.625,37.895,38.37,95709,38.37
2017-09-07,38,38.45,37.96,38.18,101294,38.18
2017-09-06,38.05,38.45,37.96,38.01,156338,38.01
2017-09-05,38.45,38.87,38,38.19,102073,38.19
2017-09-01,38.5,38.69,38.42,38.59,65756,38.59
2017-08-31,38.41,38.96,38.41,38.71,103203,38.71
2017-08-30,38.22,38.57,38.055,38.33,83376,38.33
2017-08-29,38,38.42,38,38.32,89834,38.32
2017-08-28,38.65,38.65,38.11,38.22,110008,38.22
2017-08-25,38.31,38.49,38.1,38.41,129866,38.41
2017-08-24,38.22,38.72,38.01,38.22,83049,38.22
2017-08-23,38.22,38.57,38,38.07,100100,38.07
2017-08-22,38.22,38.435,38,38.33,103961,38.33
2017-08-21,38,38.5,37.9,38.02,99327,38.02
2017-08-18,38.24,38.24,37.95,38.02,262331,38.02
2017-08-17,38.54,38.95,38.405,38.54,224940,38.54
2017-08-16,38.34,38.93,38,38.72,153637,38.72
2017-08-15,38.31,38.43,38.16,38.25,129878,38.25
2017-08-14,37.75,38.43,37.75,38.3,118320,38.3
2017-08-11,37.6,37.7,37.21,37.61,170200,37.61
2017-08-10,37.64,38.3,37.39,37.5,124565,37.5
2017-08-09,37.7,38.37,37.57,37.9,180113,37.9
2017-08-08,38.54,38.71,38.02,38.03,175250,38.03
2017-08-07,39.07,39.07,37.425,38.7,164919,38.7
2017-08-04,39.96,40.29,39.19,39.21,128812,39.21
2017-08-03,41.13,41.13,39.69,39.9,253067,39.9
2017-08-02,41.71,41.98,40.61,40.74,117281,40.74
2017-08-01,41.54,41.83,41.16,41.7,162457,41.7
2017-07-31,41.77,41.97,41.03,41.35,123086,41.35
2017-07-28,41.65,42.08,41.12,41.56,322935,41.56
2017-07-27,42.27,42.47,41.48,41.79,111894,41.79
2017-07-26,41.81,42.29,41.81,42.1,78944,42.1
2017-07-25,41.12,41.77,41.07,41.76,80240,41.76
2017-07-24,41.01,41.1,40.66,40.99,140478,40.99
2017-07-21,41.52,41.765,40.89,41.1,115417,41.1
2017-07-20,41.75,41.8,40.8753,41.33,79734,41.33
2017-07-19,41.79,42.8692,41.43,41.81,230887,41.81
2017-07-18,42.03,42.09,41.43,41.65,129504,41.65
2017-07-17,42.24,42.51,42.17,42.25,142518,42.25
2017-07-14,41.93,42.3,41.91,42.22,134844,42.22
2017-07-13,42.36,42.36,40.2804,41.97,155800,41.97
2017-07-12,41.4,42.42,41.37,42.39,269988,42.39
2017-07-11,40.84,41.35,40.325,41.15,142158,41.15
2017-07-10,40.86,41.22,40.59,40.78,98792,40.78
2017-07-07,40.63,41.19,40.59,41.14,105489,41.14
2017-07-06,40.42,40.72,40.1,40.43,183444,40.43
2017-07-05,40.72,40.72,40.1882,40.62,168234,40.62
2017-07-03,40.66,40.86,40.4275,40.7,54173,40.7
2017-06-30,40.67,41.01,40.54,40.58,124567,40.58
2017-06-29,41.42,41.42,40.18,40.6,120036,40.6
2017-06-28,40.76,41.47,40.555,41.41,158476,41.41
2017-06-27,40.8,41.21,40.34,40.61,106711,40.61
2017-06-26,41.27,41.3,40.58,40.91,81844,40.91
2017-06-23,40.34,41.53,40.29,41.1,559627,41.1
2017-06-22,40.36,40.55,39.84,40.31,123160,40.31
2017-06-21,40.43,40.57,40.07,40.38,142947,40.38
2017-06-20,40.34,40.74,40.1,40.34,125332,40.34
2017-06-19,40.82,40.97,40.3,40.48,196782,40.48
2017-06-16,40.94,41.07,40.42,40.57,501449,40.57
2017-06-15,41.45,41.685,41.02,41.25,237851,41.25
2017-06-14,42.12,42.14,41.49,41.93,177842,41.93
2017-06-13,41.82,42.26,41.435,42.18,206590,42.18
2017-06-12,41.48,41.9899,41.31,41.68,247385,41.68
2017-06-09,41.55,41.95,41.17,41.58,173204,41.58
2017-06-08,41.15,41.54,39.805,41.51,223135,41.51
2017-06-07,41,41.12,40.155,41.11,310096,41.11
2017-06-06,41.03,41.07,40.49,40.81,121744,40.81
2017-06-05,41.03,41.33,40.9,41.16,108904,41.16
2017-06-02,41.2,41.51,40.86,41.09,157833,41.09
2017-06-01,40.04,41.21,40.04,41.14,174199,41.14
2017-05-31,39.87,40.17,39.54,39.89,260658,39.89
2017-05-30,40.05,40.21,39.7,39.96,100056,39.96
2017-05-26,40.55,40.55,39.88,40.01,127117,40.01
2017-05-25,40.1,40.78,40.09,40.55,187388,40.55
2017-05-24,40.16,40.43,39.935,40.28,132807,40.28
2017-05-23,40.25,40.35,39.61,40.08,196281,40.08
2017-05-22,39.49,40.18,39.49,40.08,197332,40.08
2017-05-19,38.79,39.73,38.79,39.48,329167,39.48
2017-05-18,39.09,39.64,38.871,38.89,442356,38.89
2017-05-17,39.34,39.68,39.04,39.08,169257,39.08
2017-05-16,39.83,39.96,39.15,39.86,185355,39.86
2017-05-15,39.27,39.91,39.27,39.86,145795,39.86
2017-05-12,39.040001,39.869999,38.759998,39.23,248900,39.23
2017-05-11,39.349998,39.91,38.990002,39.259998,174400,39.259998
2017-05-10,39.099998,39.759998,39.099998,39.43,207200,39.43
2017-05-09,39.259998,39.799999,39.16,39.439999,268000,39.439999
2017-05-08,39.27,39.639999,39.00,39.23,279700,39.23
2017-05-05,40.119999,40.119999,38.740002,39.389999,295900,39.389999
2017-05-04,39.00,41.16,37.740002,39.869999,1002700,39.869999
2017-05-03,37.560001,37.849998,35.48,36.189999,462900,36.189999
2017-05-02,37.75,38.00,37.470001,37.759998,326100,37.759998
2017-05-01,37.759998,37.77,37.369999,37.639999,331400,37.639999
2017-04-28,38.259998,38.349998,37.470001,37.509998,183600,37.509998
2017-04-27,38.330002,38.419998,38.040001,38.189999,171300,38.189999
2017-04-26,38.16,38.310001,37.98,38.189999,251500,38.189999
2017-04-25,38.369999,38.619999,37.689999,38.119999,170200,38.119999
2017-04-24,38.029999,38.439999,37.779999,38.130001,271800,38.130001
2017-04-21,37.380001,37.66,37.200001,37.52,241900,37.52
2017-04-20,37.099998,37.450001,37.00,37.380001,209600,37.380001
2017-04-19,36.810001,37.240002,36.810001,36.98,114300,36.98
2017-04-18,36.279999,36.669998,36.029999,36.639999,171300,36.639999
2017-04-17,36.119999,36.50,36.119999,36.310001,123800,36.310001
2017-04-13,36.50,36.50,36.009998,36.080002,136200,36.080002
2017-04-12,36.84,36.84,36.25,36.50,89900,36.50
2017-04-11,36.419998,36.91,36.419998,36.849998,185900,36.849998
2017-04-10,36.630001,36.900002,36.400002,36.580002,184300,36.580002
2017-04-07,36.310001,36.630001,36.130001,36.52,325900,36.52
2017-04-06,36.580002,36.77,35.919998,36.43,203100,36.43
2017-04-05,36.57,37.200001,36.27,36.509998,365300,36.509998
2017-04-04,37.139999,37.369999,36.43,36.48,262700,36.48
2017-04-03,37.810001,38.32,37.18,37.240002,174900,37.240002
2017-03-31,38.02,38.240002,37.73,37.810001,284200,37.810001
2017-03-30,37.66,38.27,37.200001,38.00,194600,38.00
2017-03-29,37.119999,37.610001,36.880001,37.57,147400,37.57
2017-03-28,37.130001,37.259998,36.650002,37.16,139000,37.16
2017-03-27,36.740002,37.259998,36.689999,37.169998,147700,37.169998
2017-03-24,36.889999,37.360001,36.73,37.150002,270300,37.150002
2017-03-23,36.98,37.299999,36.580002,36.849998,356100,36.849998
2017-03-22,37.50,37.509998,36.66,37.02,240800,37.02
2017-03-21,38.549999,38.549999,37.32,37.360001,245600,37.360001
2017-03-20,38.810001,38.849998,38.290001,38.389999,149900,38.389999
2017-03-17,38.259998,38.959999,38.220001,38.830002,462700,38.830002
2017-03-16,38.849998,38.880001,38.240002,38.259998,217100,38.259998
2017-03-15,38.18,38.720001,37.650002,38.650002,238600,38.650002
2017-03-14,37.880001,38.310001,37.830002,38.009998,203500,38.009998
2017-03-13,38.150002,38.34,37.869999,38.259998,217000,38.259998
2017-03-10,38.709999,38.779999,37.919998,38.27,200700,38.072001
2017-03-09,38.610001,38.91,38.360001,38.529999,207200,38.330654
2017-03-08,38.080002,38.880001,37.529999,38.459999,511300,38.261017
2017-03-07,38.00,38.209999,37.759998,37.91,327300,37.713863
2017-03-06,38.650002,39.119999,37.889999,38.049999,399300,37.853138
2017-03-03,39.09,39.66,38.709999,39.00,197900,38.798224
2017-03-02,39.720001,39.790001,38.990002,39.040001,197500,38.838018
2017-03-01,39.860001,40.41,39.16,39.720001,292700,39.5145
2017-02-28,39.779999,40.169998,39.02,39.41,402400,39.206103
2017-02-27,39.830002,40.349998,39.080002,39.970001,418700,39.763207
2017-02-24,39.540001,40.040001,39.23,40.029999,377900,39.822894
2017-02-23,39.889999,40.00,39.07,39.869999,404200,39.663722
2017-02-22,39.700001,39.990002,39.560001,39.68,278100,39.474706
2017-02-21,39.970001,40.119999,39.400002,39.990002,265700,39.783104
2017-02-17,40.18,40.400002,39.689999,39.790001,252800,39.584138
2017-02-16,39.689999,40.25,39.509998,40.110001,336200,39.902482
2017-02-15,39.18,39.650002,38.880001,39.57,330100,39.365275
2017-02-14,39.580002,39.59,39.09,39.200001,288200,38.99719
2017-02-13,39.549999,39.959999,39.459999,39.59,197300,39.385172
2017-02-10,39.77,39.98,38.790001,39.330002,260200,39.126519
2017-02-09,38.139999,39.75,38.040001,39.740002,488200,39.534397
2017-02-08,38.970001,39.360001,38.380001,38.439999,316200,38.24112
2017-02-07,39.02,39.529999,38.900002,39.07,781600,38.867862
2017-02-06,40.049999,40.630001,39.169998,39.310001,470600,39.106622
2017-02-03,39.470001,40.68,39.299999,40.389999,851100,40.181032
2017-02-02,46.00,46.790001,38.549999,39.200001,2091900,38.99719
2017-02-01,48.630001,48.990002,47.689999,48.240002,323900,47.99042
2017-01-31,48.34,49.439999,47.82,48.400002,329200,48.149592
2017-01-30,48.990002,48.990002,48.080002,48.470001,295300,48.21923
2017-01-27,49.23,49.419998,48.810001,49.240002,274300,48.985247
2017-01-26,49.23,49.549999,48.970001,49.18,160500,48.925556
2017-01-25,49.939999,49.939999,48.990002,49.380001,151800,49.124522
2017-01-24,49.16,49.790001,48.740002,49.48,243500,49.224003
2017-01-23,49.650002,49.779999,48.889999,49.150002,236000,48.895712
2017-01-20,49.700001,50.150002,49.459999,49.59,144400,49.333434
2017-01-19,49.939999,49.970001,49.610001,49.759998,206400,49.502553
2017-01-18,50.50,50.689999,49.049999,49.810001,145200,49.552297
2017-01-17,50.220001,50.599998,50.080002,50.389999,142100,50.129294
2017-01-13,50.099998,50.939999,49.98,50.619999,160600,50.358104
2017-01-12,49.950001,50.16,49.34,50.139999,131100,49.880588
2017-01-11,49.830002,50.380001,49.630001,50.119999,242800,49.860691
2017-01-10,49.950001,50.16,49.580002,49.830002,215800,49.572194
2017-01-09,50.009998,50.529999,49.740002,50.18,258600,49.920382
2017-01-06,50.330002,50.560001,49.950001,50.040001,135500,49.781107
2017-01-05,50.110001,51.34,49.00,49.98,176700,49.721416
2017-01-04,48.869999,50.299999,48.59,50.220001,217100,49.960176
2017-01-03,48.860001,48.959999,46.849998,48.580002,162300,48.328661
2016-12-30,48.82,49.279999,48.200001,48.400002,93900,48.149592
2016-12-29,48.639999,49.310001,48.310001,48.790001,81800,48.537574
2016-12-28,49.279999,49.560001,48.43,48.57,90200,48.318711
2016-12-27,49.009998,49.549999,48.57,49.18,59700,48.925556
2016-12-23,48.580002,48.959999,48.50,48.900002,67300,48.647005
2016-12-22,49.619999,49.619999,48.599998,48.720001,97800,48.467936
2016-12-21,49.470001,49.849998,48.720001,49.400002,160900,49.144419
2016-12-20,49.32,49.630001,48.389999,49.529999,95900,49.273743
2016-12-19,49.310001,49.630001,49.00,49.110001,191700,48.855918
2016-12-16,48.860001,49.450001,48.099998,49.02,386800,48.766384
2016-12-15,48.040001,48.98,47.52,48.66,237300,48.408246
2016-12-14,48.060001,48.439999,47.439999,47.959999,139000,47.711866
2016-12-13,48.029999,48.41,47.91,48.310001,156200,48.060058
2016-12-12,47.91,48.599998,47.200001,47.709999,145500,47.46316
2016-12-09,47.599998,48.189999,46.27,48.16,162800,47.910832
2016-12-08,47.09,47.98,46.619999,47.880001,204200,47.632282
2016-12-07,46.540001,47.040001,46.07,46.84,170000,46.597662
2016-12-06,45.450001,46.52,45.060001,46.450001,225800,46.20968
2016-12-05,44.549999,45.32,43.900002,45.25,184300,45.015888
2016-12-02,44.560001,44.560001,42.77,44.27,165500,43.856915
2016-12-01,44.82,44.970001,43.099998,44.599998,516100,44.183834
2016-11-30,44.790001,44.790001,44.060001,44.50,426300,44.084768
2016-11-29,44.400002,44.669998,41.52,44.50,235400,44.084768
2016-11-28,44.23,44.43,43.529999,44.349998,163100,43.936167
2016-11-25,44.32,44.360001,43.869999,44.23,54200,43.817287
2016-11-23,43.599998,44.279999,43.00,44.16,122700,43.747941
2016-11-22,42.98,43.91,42.720001,43.689999,163500,43.282325
2016-11-21,42.139999,42.779999,42.09,42.779999,101300,42.380817
2016-11-18,41.759998,42.259998,41.02,42.23,169700,41.835949
2016-11-17,41.509998,42.009998,41.41,41.740002,152700,41.350524
2016-11-16,41.389999,41.849998,40.639999,41.50,250000,41.112762
2016-11-15,41.25,41.540001,40.720001,41.389999,107000,41.003787
2016-11-14,42.150002,42.240002,41.23,41.450001,146900,41.063229
2016-11-11,40.689999,41.84,40.189999,41.790001,296500,41.400056
2016-11-10,41.32,41.389999,40.029999,40.529999,247600,40.151811
2016-11-09,39.57,40.939999,38.509998,40.880001,191300,40.498548
2016-11-08,39.669998,40.23,39.419998,39.93,128800,39.557412
2016-11-07,39.889999,40.389999,39.43,39.599998,255200,39.230489
2016-11-04,41.66,41.66,38.52,39.450001,305600,39.081891
2016-11-03,39.00,43.119999,38.459999,41.740002,558600,41.350524
2016-11-02,37.139999,37.290001,36.330002,36.59,206600,36.248577
2016-11-01,38.009998,38.150002,37.200001,37.240002,169800,36.892513
2016-10-31,37.860001,38.099998,37.540001,38.029999,134000,37.675139
2016-10-28,37.720001,38.23,37.599998,37.68,110000,37.328406
2016-10-27,38.369999,38.380001,37.529999,37.689999,148800,37.338311
2016-10-26,38.50,39.099998,38.240002,38.259998,120100,37.902992
2016-10-25,38.799999,38.939999,38.50,38.689999,168400,38.32898
2016-10-24,38.950001,39.349998,38.860001,38.919998,88900,38.556834
2016-10-21,38.360001,38.790001,37.970001,38.639999,141300,38.279448
2016-10-20,39.369999,39.369999,38.400002,38.50,178000,38.140755
2016-10-19,39.630001,39.889999,39.349998,39.529999,107500,39.161142
2016-10-18,40.41,40.41,39.459999,39.459999,200900,39.091796
2016-10-17,39.630001,40.09,39.630001,39.939999,160200,39.567317
2016-10-14,40.110001,40.43,39.740002,39.75,57600,39.379091
2016-10-13,40.119999,40.240002,39.630001,39.889999,162900,39.517784
2016-10-12,39.889999,40.349998,39.799999,40.330002,119100,39.953681
2016-10-11,40.439999,40.50,39.740002,40.00,148700,39.626758
2016-10-10,40.630001,40.889999,40.52,40.639999,117000,40.260786
2016-10-07,41.040001,41.040001,40.200001,40.470001,136700,40.092374
2016-10-06,41.07,41.169998,40.810001,41.139999,120600,40.75612
2016-10-05,40.98,41.209999,40.93,41.099998,200500,40.716492
2016-10-04,41.490002,41.549999,40.77,40.959999,103200,40.577799
2016-10-03,41.310001,41.509998,40.869999,41.50,367800,41.112762
2016-09-30,41.709999,41.709999,41.290001,41.330002,177300,40.94435
2016-09-29,42.41,42.549999,41.41,41.419998,193500,41.033506
2016-09-28,41.470001,42.59,41.369999,42.57,250600,42.172777
2016-09-27,41.619999,41.740002,40.560001,41.459999,234000,41.073134
2016-09-26,42.099998,42.099998,41.59,41.630001,165200,41.24155
2016-09-23,44.040001,44.040001,42.07,42.299999,243500,41.905296
2016-09-22,43.830002,44.290001,43.400002,44.119999,256100,43.708313
2016-09-21,42.939999,43.790001,42.869999,43.740002,129100,43.331862
2016-09-20,42.599998,43.450001,42.599998,42.84,144700,42.440258
2016-09-19,42.709999,42.93,42.119999,42.369999,163000,41.974642
2016-09-16,43.080002,43.119999,42.299999,42.639999,243600,42.242124
2016-09-15,42.349998,43.110001,42.169998,43.00,130900,42.598765
2016-09-14,41.919998,42.630001,41.84,42.439999,164700,42.043989
2016-09-13,42.91,42.91,41.779999,41.790001,151200,41.400056
2016-09-12,42.560001,43.189999,42.490002,43.09,128900,42.687925
2016-09-09,43.720001,43.720001,42.450001,42.82,221600,42.237171
2016-09-08,44.610001,44.610001,43.880001,44.049999,85400,43.450429
2016-09-07,44.220001,44.759998,43.950001,44.619999,238800,44.01267
2016-09-06,44.610001,44.610001,43.959999,44.16,90300,43.558932
2016-09-02,44.439999,44.689999,44.139999,44.59,135500,43.98308
2016-09-01,43.849998,44.450001,43.639999,44.419998,223300,43.815391
2016-08-31,43.77,43.93,43.50,43.720001,210900,43.124922
2016-08-30,43.419998,43.779999,43.209999,43.709999,147800,43.115056
2016-08-29,43.470001,43.98,43.25,43.380001,110900,42.78955
2016-08-26,43.50,44.360001,43.099998,43.48,106000,42.888187
2016-08-25,43.080002,43.59,42.860001,43.43,142400,42.838869
2016-08-24,43.09,43.490002,42.900002,43.099998,144100,42.513358
2016-08-23,42.939999,43.32,42.84,43.080002,142400,42.493634
2016-08-22,42.200001,42.889999,42.200001,42.830002,228300,42.247037
2016-08-19,42.209999,42.57,42.119999,42.369999,167800,41.793295
2016-08-18,41.099998,42.330002,41.00,42.200001,347500,41.625611
2016-08-17,40.580002,41.200001,40.32,41.09,250200,40.530718
2016-08-16,40.52,40.939999,40.48,40.52,409200,39.968477
2016-08-15,40.310001,40.740002,40.139999,40.700001,107000,40.146027
2016-08-12,40.82,40.84,40.169998,40.330002,131500,39.781065
2016-08-11,41.049999,41.049999,40.619999,40.880001,143300,40.323578
2016-08-10,40.880001,41.16,40.669998,40.860001,142600,40.30385
2016-08-09,40.799999,40.939999,40.009998,40.740002,186700,40.185484
2016-08-08,41.299999,41.34,40.700001,40.810001,128300,40.254531
2016-08-05,40.34,41.450001,39.759998,41.169998,225800,40.609628
2016-08-04,41.290001,42.98,41.009998,41.610001,198100,41.043641
2016-08-03,40.200001,40.400002,39.650002,40.400002,148600,39.850112
2016-08-02,40.740002,42.639999,40.150002,40.150002,194200,39.603514
2016-08-01,40.330002,40.82,40.029999,40.740002,109900,40.185484
2016-07-29,40.799999,42.59,39.91,40.259998,226100,39.712014
2016-07-28,41.080002,42.599998,40.509998,40.880001,100000,40.323578
2016-07-27,41.720001,41.720001,40.880001,40.950001,190300,40.392625
2016-07-26,41.240002,41.57,40.860001,41.490002,369800,40.925276
2016-07-25,41.23,41.380001,40.880001,41.220001,89100,40.65895
2016-07-22,41.169998,41.52,41.029999,41.25,154500,40.688541
2016-07-21,41.540001,41.73,40.950001,41.09,105200,40.530718
2016-07-20,41.450001,41.599998,40.849998,41.580002,67000,41.014051
2016-07-19,41.48,41.580002,40.959999,41.200001,117100,40.639222
2016-07-18,41.560001,41.709999,41.349998,41.380001,80600,40.816772
2016-07-15,41.860001,42.490002,41.060001,41.57,97900,41.004185
2016-07-14,42.16,42.369999,41.57,41.68,61600,41.112688
2016-07-13,41.77,42.099998,41.619999,41.84,124000,41.27051
2016-07-12,41.740002,41.939999,41.049999,41.630001,186100,41.063369
2016-07-11,40.93,41.98,40.630001,41.43,163900,40.866091
2016-07-08,39.84,40.990002,39.84,40.959999,172600,40.402487
2016-07-07,39.889999,40.130001,39.380001,39.540001,94400,39.001817
2016-07-06,39.700001,39.810001,39.41,39.779999,128400,39.238548
2016-07-05,40.119999,40.330002,39.650002,39.900002,131900,39.356917
2016-07-01,40.290001,40.68,40.139999,40.349998,96500,39.800789
2016-06-30,39.540001,40.32,39.310001,40.310001,186200,39.761336
2016-06-29,39.599998,39.599998,39.150002,39.450001,178000,38.913041
2016-06-28,39.009998,39.959999,38.759998,39.18,146700,38.646716
2016-06-27,39.689999,39.689999,38.470001,38.650002,179000,38.123931
2016-06-24,39.790001,40.27,39.360001,40.060001,182600,39.514739
2016-06-23,41.00,41.32,40.98,41.150002,141500,40.589903
2016-06-22,40.860001,41.299999,40.779999,40.799999,160000,40.244665
2016-06-21,41.150002,41.150002,40.48,40.689999,234900,40.136161
2016-06-20,40.889999,41.619999,40.470001,40.939999,330500,40.382759
2016-06-17,41.41,41.41,40.150002,40.380001,327900,39.830383
2016-06-16,41.18,41.490002,40.41,41.279999,330400,40.718131
2016-06-15,42.060001,42.060001,41.290001,41.299999,273400,40.737859
2016-06-14,41.509998,41.990002,41.279999,41.900002,97700,41.329695
2016-06-13,42.02,42.099998,41.470001,41.549999,115900,40.984456
2016-06-10,42.759998,42.759998,42.099998,42.189999,139300,41.433262
2016-06-09,43.139999,43.27,42.790001,43.09,88000,42.31712
2016-06-08,43.009998,43.34,42.450001,43.25,109400,42.47425
2016-06-07,42.509998,43.09,42.32,42.93,109900,42.15999
2016-06-06,42.50,42.720001,42.189999,42.50,115200,41.737703
2016-06-03,42.720001,42.720001,42.220001,42.48,87300,41.718061
2016-06-02,42.439999,42.700001,41.950001,42.689999,193600,41.924293
2016-06-01,42.27,42.799999,42.02,42.57,179000,41.806447
2016-05-31,42.689999,42.990002,42.16,42.509998,208800,41.747522
2016-05-27,42.57,42.959999,41.860001,42.639999,125100,41.875191
2016-05-26,42.470001,42.889999,42.23,42.43,60700,41.668958
2016-05-25,42.41,42.470001,41.889999,42.27,249200,41.511828
2016-05-24,41.790001,42.66,41.790001,42.439999,189400,41.678777
2016-05-23,41.709999,41.98,41.439999,41.470001,130100,40.726178
2016-05-20,41.049999,41.639999,40.689999,41.619999,190000,40.873486
2016-05-19,40.939999,41.130001,39.880001,40.779999,204400,40.048552
2016-05-18,40.84,41.459999,40.639999,41.00,156000,40.264607
2016-05-17,42.25,42.25,40.810001,40.990002,415500,40.254788
2016-05-16,41.939999,42.349998,41.73,42.32,271900,41.560931
2016-05-13,42.150002,42.209999,41.619999,41.709999,141300,40.961872
2016-05-12,42.349998,42.470001,41.700001,42.060001,189300,41.305596
2016-05-11,42.720001,43.299999,41.970001,42.110001,198400,41.354698
2016-05-10,42.34,42.740002,42.220001,42.720001,161100,41.953758
2016-05-09,41.869999,42.59,41.849998,42.119999,197200,41.364517
2016-05-06,41.130001,42.080002,41.130001,42.040001,320200,41.285954
2016-05-05,42.919998,44.610001,41.009998,41.240002,381400,40.500304
2016-05-04,44.049999,44.400002,43.950001,44.02,160900,43.23044
2016-05-03,44.700001,45.23,44.25,44.27,157300,43.475956
2016-05-02,44.50,45.34,44.459999,45.080002,234800,44.271429
2016-04-29,44.93,44.93,43.400002,44.380001,217800,43.583983
2016-04-28,45.34,45.689999,44.939999,45.02,222300,44.212503
2016-04-27,45.299999,45.77,44.880001,45.279999,299900,44.467838
2016-04-26,45.389999,45.869999,44.939999,45.200001,253300,44.389275
2016-04-25,45.150002,45.50,45.02,45.209999,148200,44.399094
2016-04-22,44.959999,45.450001,44.349998,45.34,316300,44.526763
2016-04-21,45.610001,45.740002,45.060001,45.139999,172100,44.33035
2016-04-20,45.869999,46.169998,45.450001,45.450001,163000,44.634791
2016-04-19,45.73,46.080002,45.470001,45.82,199700,44.998153
2016-04-18,45.169998,45.639999,45.169998,45.630001,212700,44.811563
2016-04-15,45.560001,45.720001,45.240002,45.299999,183200,44.48748
2016-04-14,45.799999,45.849998,45.349998,45.560001,81000,44.742819
2016-04-13,45.209999,45.84,44.919998,45.830002,308500,45.007976
2016-04-12,45.389999,45.419998,44.450001,44.759998,309900,43.957165
2016-04-11,45.830002,45.830002,44.849998,44.919998,539100,44.114295
2016-04-08,45.950001,46.169998,44.900002,45.389999,276900,44.575866
2016-04-07,45.380001,46.540001,45.380001,45.639999,561000,44.821382
2016-04-06,45.240002,45.709999,45.09,45.700001,493900,44.880307
2016-04-05,45.240002,45.779999,44.880001,45.169998,389600,44.359811
2016-04-04,45.75,45.990002,44.889999,45.330002,525000,44.516944
2016-04-01,45.16,45.93,44.970001,45.84,437600,45.017795
2016-03-31,44.779999,45.959999,44.779999,45.16,480600,44.349992
2016-03-30,44.41,45.09,44.380001,44.970001,455300,44.163401
2016-03-29,43.43,44.529999,42.23,44.310001,562800,43.515239
2016-03-28,42.209999,43.580002,42.130001,43.400002,385600,42.621561
2016-03-24,41.91,42.32,41.91,42.240002,513300,41.482368
2016-03-23,42.439999,42.529999,42.07,42.240002,468900,41.482368
2016-03-22,42.18,42.400002,42.009998,42.310001,420600,41.551112
2016-03-21,42.52,42.599998,42.119999,42.209999,394700,41.452903
2016-03-18,42.549999,42.59,42.23,42.389999,498200,41.629675
2016-03-17,40.860001,42.540001,40.860001,42.290001,487700,41.53147
2016-03-16,39.549999,40.50,39.32,40.419998,387400,39.695009
2016-03-15,39.00,39.759998,39.00,39.439999,569000,38.732587
2016-03-14,37.610001,39.349998,37.439999,39.290001,641500,38.585279
2016-03-11,36.740002,39.119999,36.740002,37.59,1553600,36.73409
2016-03-10,41.00,41.049999,35.509998,36.50,3148500,35.668909
2016-03-09,38.389999,41.130001,37.59,40.900002,1803300,39.968724
2016-03-08,38.34,38.599998,38.189999,38.400002,175600,37.525648
2016-03-07,38.279999,38.509998,38.009998,38.34,125300,37.467013
2016-03-04,38.34,38.709999,38.09,38.470001,167000,37.594054
2016-03-03,38.509998,38.59,38.139999,38.25,208200,37.379062
2016-03-02,38.439999,38.50,37.299999,38.400002,529100,37.525648
2016-03-01,38.099998,38.549999,38.09,38.50,232200,37.623369
2016-02-29,38.259998,38.77,36.689999,37.959999,252400,37.095664
2016-02-26,39.349998,39.43,38.540001,38.580002,138800,37.701549
2016-02-25,38.25,39.200001,37.959999,39.200001,268200,38.307431
2016-02-24,37.41,38.299999,37.25,38.130001,306500,37.261795
2016-02-23,38.07,38.32,37.709999,37.900002,187400,37.037033
2016-02-22,37.610001,38.27,37.610001,38.02,314600,37.154299
2016-02-19,37.810001,38.060001,36.560001,37.599998,261900,36.74386
2016-02-18,38.200001,38.200001,37.84,37.889999,283000,37.027258
2016-02-17,37.790001,38.200001,37.790001,37.98,308900,37.115209
2016-02-16,37.84,38.310001,37.34,37.630001,478600,36.77318
2016-02-12,37.630001,37.950001,37.189999,37.439999,342600,36.587504
2016-02-11,36.77,37.52,36.169998,37.290001,202400,36.440921
2016-02-10,37.48,38.16,37.259998,37.27,742700,36.421376
2016-02-09,37.639999,38.630001,37.279999,37.459999,269600,36.607049
2016-02-08,37.119999,38.349998,36.279999,38.16,418400,37.291111
2016-02-05,37.48,38.00,36.91,37.59,424800,36.73409
2016-02-04,35.220001,38.07,34.150002,37.880001,862900,37.017487
2016-02-03,34.66,35.400002,34.310001,35.27,765000,34.466916
2016-02-02,34.849998,35.16,34.240002,34.290001,618900,33.50923
2016-02-01,34.82,35.380001,34.740002,35.049999,464700,34.251924
2016-01-29,34.939999,35.360001,33.84,34.939999,567300,34.144428
2016-01-28,34.560001,35.110001,34.310001,34.84,164900,34.046706
2016-01-27,35.169998,35.57,34.25,34.259998,239800,33.479911
2016-01-26,35.459999,36.830002,34.330002,35.25,317700,34.447371
2016-01-25,35.43,36.110001,32.529999,35.400002,434500,34.593957
2016-01-22,34.599998,35.669998,34.540001,35.66,419400,34.848035
2016-01-21,34.150002,34.50,33.900002,34.330002,472700,33.54832
2016-01-20,32.560001,34.419998,32.450001,34.220001,350900,33.440824
2016-01-19,33.099998,33.150002,32.599998,32.869999,515500,32.121561
2016-01-15,32.990002,33.549999,32.759998,33.02,334800,32.268147
2016-01-14,33.689999,34.32,33.490002,33.779999,214800,33.010841
2016-01-13,33.990002,34.41,33.240002,33.529999,269400,32.766533
2016-01-12,33.93,33.990002,33.360001,33.919998,323700,33.147652
2016-01-11,34.439999,34.52,33.540001,33.599998,258900,32.834939
2016-01-08,35.009998,35.279999,33.880001,34.209999,342800,33.43105
2016-01-07,34.93,35.57,34.709999,35.02,294400,34.222608
2016-01-06,34.419998,35.630001,34.419998,35.549999,265000,34.740539
2016-01-05,35.029999,35.130001,34.130001,34.91,221900,34.115112
2016-01-04,35.380001,35.380001,34.869999,34.93,193600,34.134657
2015-12-31,35.98,36.57,35.869999,35.98,198900,35.160748
2015-12-30,36.299999,36.540001,35.990002,36.029999,189700,35.209609
2015-12-29,35.959999,36.48,35.959999,36.380001,155700,35.551642
2015-12-28,35.830002,36.310001,35.610001,35.82,180300,35.004392
2015-12-24,35.73,36.48,34.619999,35.93,131000,35.111887
2015-12-23,35.09,35.720001,34.889999,35.709999,234000,34.896896
2015-12-22,34.759998,35.009998,34.34,34.849998,142600,34.056477
2015-12-21,34.119999,34.639999,33.91,34.639999,146100,33.851259
2015-12-18,34.110001,34.450001,33.75,33.869999,888900,33.098792
2015-12-17,35.389999,35.41,34.34,34.400002,202800,33.616726
2015-12-16,35.75,35.830002,34.48,35.389999,187300,34.584182
2015-12-15,34.77,35.50,34.599998,35.459999,266700,34.652588
2015-12-14,34.279999,34.740002,34.09,34.720001,325000,33.92944
2015-12-11,33.939999,34.610001,33.700001,34.169998,239700,33.39196
2015-12-10,34.52,34.900002,34.349998,34.470001,344900,33.685132
2015-12-09,34.48,34.880001,34.299999,34.419998,190000,33.636268
2015-12-08,34.810001,34.900002,34.07,34.509998,200100,33.724218
2015-12-07,35.509998,35.57,34.919998,35.16,201600,34.35942
2015-12-04,35.200001,35.66,35.18,35.509998,321500,34.530433
2015-12-03,35.759998,36.049999,35.110001,35.209999,161200,34.238709
2015-12-02,35.66,35.84,35.509998,35.610001,304100,34.627676
2015-12-01,35.880001,36.009998,34.759998,35.75,275700,34.763814
2015-11-30,35.950001,36.400002,35.50,35.73,324200,34.744365
2015-11-27,35.740002,36.119999,35.709999,35.990002,60400,34.997195
2015-11-25,35.799999,35.950001,35.560001,35.779999,142100,34.792985
2015-11-24,35.459999,35.93,35.439999,35.849998,112400,34.861054
2015-11-23,35.619999,35.830002,35.099998,35.740002,301500,34.754091
2015-11-20,35.389999,35.82,35.299999,35.529999,143100,34.549882
2015-11-19,35.470001,35.799999,35.110001,35.290001,160700,34.316504
2015-11-18,35.700001,35.77,35.279999,35.560001,163900,34.579056
2015-11-17,34.98,35.880001,34.610001,35.619999,133300,34.637399
2015-11-16,35.32,35.66,35.200001,35.619999,129700,34.637399
2015-11-13,34.970001,35.830002,34.68,35.419998,214000,34.442915
2015-11-12,35.32,35.900002,35.119999,35.189999,178800,34.21926
2015-11-11,37.150002,37.16,35.759998,35.779999,385000,34.792985
2015-11-10,36.91,37.259998,36.52,37.110001,150800,36.086298
2015-11-09,36.939999,37.310001,36.59,37.209999,164100,36.183538
2015-11-06,37.560001,37.779999,36.48,37.049999,317200,36.027952
2015-11-05,33.830002,38.849998,33.529999,37.93,944000,36.883678
2015-11-04,34.009998,34.150002,33.540001,33.669998,210600,32.74119
2015-11-03,33.77,34.16,33.610001,34.060001,182500,33.120435
2015-11-02,33.490002,33.91,33.27,33.77,251400,32.838434
2015-10-30,33.549999,33.630001,31.870001,33.52,229300,32.59533
2015-10-29,33.419998,33.84,33.400002,33.57,128300,32.64395
2015-10-28,32.509998,33.549999,32.349998,33.549999,359100,32.624502
2015-10-27,32.52,32.91,32.330002,32.43,139100,31.535398
2015-10-26,32.869999,32.959999,32.450001,32.700001,155000,31.797951
2015-10-23,32.889999,32.959999,32.25,32.880001,136600,31.972986
2015-10-22,32.009998,32.740002,32.00,32.669998,371700,31.768776
2015-10-21,32.27,32.439999,31.90,31.91,108200,31.029743
2015-10-20,32.48,32.700001,32.110001,32.209999,87500,31.321466
2015-10-19,31.879999,32.59,31.809999,32.549999,148200,31.652087
2015-10-16,32.00,32.02,31.870001,32.00,105500,31.11726
2015-10-15,31.76,32.07,31.60,32.009998,154800,31.126982
2015-10-14,31.879999,32.080002,31.530001,31.629999,404700,30.757466
2015-10-13,32.490002,32.619999,31.90,31.92,133300,31.039467
2015-10-12,32.240002,32.740002,31.959999,32.580002,71700,31.681262
2015-10-09,32.029999,32.279999,32.029999,32.25,87400,31.360364
2015-10-08,31.75,32.099998,31.620001,31.950001,136300,31.06864
2015-10-07,31.83,32.27,31.74,31.790001,156600,30.913054
2015-10-06,31.57,31.92,31.48,31.780001,110200,30.903329
2015-10-05,31.40,31.58,31.030001,31.57,187300,30.699122
2015-10-02,30.82,31.219999,30.540001,31.209999,148000,30.349052
2015-10-01,30.75,31.16,30.620001,31.10,189400,30.242087
2015-09-30,30.469999,30.870001,30.200001,30.799999,253900,29.950362
2015-09-29,30.450001,30.58,30.059999,30.25,195800,29.415535
2015-09-28,30.530001,30.74,30.17,30.40,190300,29.561397
2015-09-25,30.559999,30.83,30.24,30.629999,166800,29.785051
2015-09-24,30.23,30.450001,30.110001,30.309999,142400,29.473879
2015-09-23,30.48,30.530001,30.290001,30.41,105600,29.571121
2015-09-22,30.549999,30.73,30.190001,30.40,111100,29.561397
2015-09-21,30.66,31.00,30.459999,30.83,106700,29.979535
2015-09-18,30.559999,30.92,30.33,30.42,215700,29.580845
2015-09-17,30.559999,31.299999,30.549999,30.870001,587400,30.018433
2015-09-16,30.299999,30.700001,30.299999,30.610001,127400,29.765605
2015-09-15,29.950001,30.370001,29.91,30.32,141700,29.483604
2015-09-14,30.059999,30.25,29.85,29.889999,108100,29.065465
2015-09-11,29.65,30.00,29.35,29.98,142600,29.152982
2015-09-10,29.709999,29.950001,29.66,29.82,148800,28.997396
2015-09-09,30.120001,30.18,29.68,29.74,207100,28.919603
2015-09-08,29.92,30.290001,29.77,30.040001,165400,29.211329
2015-09-04,30.139999,30.16,29.48,29.639999,145600,28.822361
2015-09-03,30.52,31.01,30.50,30.59,228100,29.575983
2015-09-02,30.49,30.51,29.969999,30.469999,234700,29.45996
2015-09-01,30.459999,30.74,30.07,30.18,277000,29.179574
2015-08-31,31.040001,31.17,30.57,30.91,234700,29.885375
2015-08-28,30.309999,31.209999,30.25,31.139999,303400,30.107751
2015-08-27,30.16,30.67,29.43,30.459999,215000,29.450291
2015-08-26,30.49,30.549999,29.57,30.030001,198000,29.034547
2015-08-25,31.15,31.15,29.809999,29.99,220700,28.995872
2015-08-24,29.809999,30.40,29.18,30.40,294200,29.392281
2015-08-21,30.969999,31.57,30.90,31.059999,229500,30.030403
2015-08-20,31.700001,31.84,31.440001,31.440001,131900,30.397807
2015-08-19,31.90,32.040001,31.610001,31.84,87600,30.784547
2015-08-18,32.200001,32.349998,32.00,32.060001,76300,30.997256
2015-08-17,31.76,32.360001,31.629999,32.279999,135000,31.209961
2015-08-14,31.440001,31.959999,31.370001,31.91,90200,30.852227
2015-08-13,31.68,31.92,31.440001,31.549999,68300,30.504159
2015-08-12,31.57,31.82,31.309999,31.709999,84800,30.658856
2015-08-11,31.83,31.969999,31.43,31.700001,106400,30.649189
2015-08-10,31.969999,32.389999,31.809999,31.99,151100,30.929575
2015-08-07,29.690001,32.450001,29.40,31.85,319200,30.794216
2015-08-06,30.99,33.200001,30.41,32.669998,778600,31.587032
2015-08-05,30.68,30.790001,30.34,30.690001,659400,29.672669
2015-08-04,30.719999,30.98,30.50,30.58,95300,29.566314
2015-08-03,31.01,31.01,30.290001,30.719999,116900,29.701673
2015-07-31,30.940001,31.10,30.76,31.10,122700,30.069077
2015-07-30,30.60,31.23,30.469999,30.91,154700,29.885375
2015-07-29,30.370001,30.90,30.24,30.74,80000,29.72101
2015-07-28,30.52,30.610001,30.08,30.469999,100900,29.45996
2015-07-27,30.389999,30.59,30.280001,30.450001,112200,29.440624
2015-07-24,30.860001,31.040001,30.41,30.52,109500,29.508304
2015-07-23,31.48,31.51,30.879999,30.92,82200,29.895044
2015-07-22,31.15,31.66,31.15,31.51,85200,30.465486
2015-07-21,31.42,31.65,31.110001,31.190001,89200,30.156094
2015-07-20,31.549999,31.59,31.200001,31.42,108700,30.37847
2015-07-17,31.98,32.049999,31.24,31.60,130600,30.552503
2015-07-16,31.709999,32.16,31.67,31.940001,78900,30.881233
2015-07-15,31.82,31.860001,31.52,31.549999,68900,30.504159
2015-07-14,31.65,32.029999,31.60,31.870001,75300,30.813553
2015-07-13,31.780001,31.809999,31.52,31.639999,115700,30.591176
2015-07-10,31.77,32.09,31.26,31.66,162400,30.610514
2015-07-09,31.059999,31.51,30.639999,31.50,187700,30.455818
2015-07-08,31.27,31.299999,30.610001,30.709999,164700,29.692004
2015-07-07,31.610001,31.709999,31.049999,31.299999,111000,30.262447
2015-07-06,31.52,31.98,31.25,31.620001,106100,30.571841
2015-07-02,32.119999,32.16,31.51,31.790001,132300,30.736205
2015-07-01,31.879999,32.43,31.73,32.139999,234100,31.074602
2015-06-30,31.700001,31.85,31.549999,31.66,157700,30.610514
2015-06-29,32.110001,32.369999,31.50,31.58,142900,30.533166
2015-06-26,32.060001,32.310001,31.92,32.18,881700,31.113277
2015-06-25,31.870001,32.25,31.690001,32.060001,263900,30.997256
2015-06-24,31.92,32.099998,31.780001,31.809999,108300,30.755541
2015-06-23,31.620001,32.09,31.48,31.950001,137700,30.890901
2015-06-22,31.66,31.790001,31.540001,31.58,197800,30.533166
2015-06-19,31.59,31.75,31.379999,31.620001,442000,30.571841
2015-06-18,31.41,31.620001,31.280001,31.58,192100,30.533166
2015-06-17,31.889999,31.889999,31.370001,31.379999,129400,30.339795
2015-06-16,31.50,32.139999,31.49,31.77,183200,30.716868
2015-06-15,31.940001,31.940001,31.08,31.59,221300,30.542834
2015-06-12,31.99,32.150002,31.92,31.99,86600,30.929575
2015-06-11,32.16,32.369999,32.07,32.16,111800,31.093939
2015-06-10,31.75,32.349998,31.639999,32.150002,429900,31.084272
2015-06-09,31.60,31.799999,31.450001,31.58,153500,30.533166
2015-06-08,32.450001,32.639999,31.58,31.66,161600,30.610514
2015-06-05,32.080002,32.599998,31.940001,32.57,150200,31.490348
2015-06-04,32.490002,32.509998,32.040001,32.25,165300,31.011758
2015-06-03,32.00,32.799999,31.950001,32.540001,404300,31.290624
2015-06-02,32.009998,32.119999,31.780001,31.92,582600,30.694428
2015-06-01,31.34,32.099998,31.16,32.080002,291800,30.848287
2015-05-29,31.00,31.379999,30.85,31.190001,315600,29.992457
2015-05-28,30.50,31.200001,30.50,31.120001,255500,29.925145
2015-05-27,29.84,30.50,29.65,30.48,326300,29.309717
2015-05-26,30.049999,30.209999,29.450001,29.75,526900,28.607746
2015-05-22,30.82,30.85,30.01,30.030001,133800,28.876996
2015-05-21,30.950001,31.08,30.799999,30.809999,124300,29.627046
2015-05-20,30.92,31.040001,30.559999,30.93,153900,29.74244
2015-05-19,30.440001,30.90,30.42,30.879999,162100,29.694358
2015-05-18,30.18,30.540001,30.129999,30.51,123500,29.338566
2015-05-15,30.48,30.58,29.870001,30.139999,164000,28.982771
2015-05-14,30.24,30.530001,29.98,30.50,192500,29.328949
2015-05-13,30.389999,30.43,29.870001,30.120001,132700,28.96354
2015-05-12,30.23,30.60,30.059999,30.35,260600,29.184709
2015-05-11,30.50,30.76,30.459999,30.50,127000,29.328949
2015-05-08,30.74,30.799999,30.41,30.57,178600,29.396261
2015-05-07,29.889999,30.91,29.77,30.389999,330600,29.223172
2015-05-06,29.25,30.030001,28.98,29.950001,364500,28.800067
2015-05-05,29.110001,29.639999,28.690001,29.10,887800,27.982703
2015-05-04,29.190001,29.75,28.889999,28.99,170800,27.876926
2015-05-01,29.16,29.40,28.950001,29.299999,99600,28.175023
2015-04-30,29.780001,30.08,29.00,29.120001,171600,28.001935
2015-04-29,30.110001,30.280001,29.780001,29.93,135700,28.780835
2015-04-28,29.610001,30.309999,29.549999,30.16,106000,29.002003
2015-04-27,29.83,30.24,29.58,29.639999,120000,28.501968
2015-04-24,29.91,29.940001,29.60,29.82,80200,28.675058
2015-04-23,29.950001,29.950001,29.549999,29.870001,131200,28.723139
2015-04-22,30.110001,30.299999,29.77,29.98,90100,28.828914
2015-04-21,30.25,30.379999,30.08,30.129999,48500,28.973155
2015-04-20,30.09,30.49,29.98,30.139999,84600,28.982771
2015-04-17,30.120001,30.17,29.65,29.98,114400,28.828914
2015-04-16,30.620001,30.66,30.32,30.360001,85700,29.194325
2015-04-15,30.950001,30.950001,30.52,30.629999,114500,29.453957
2015-04-14,30.75,30.889999,30.450001,30.85,108200,29.665511
2015-04-13,30.65,30.879999,30.58,30.719999,103700,29.540502
2015-04-10,30.559999,30.83,30.370001,30.629999,150100,29.453957
2015-04-09,30.60,30.82,30.23,30.35,248700,29.184709
2015-04-08,30.59,30.82,29.209999,30.57,123100,29.396261
2015-04-07,30.700001,30.99,30.52,30.530001,112100,29.357798
2015-04-06,30.549999,30.91,30.549999,30.66,158000,29.482806
2015-04-02,30.65,31.00,30.52,30.66,201700,29.482806
2015-04-01,30.40,30.620001,30.25,30.59,114500,29.415494
2015-03-31,30.17,30.74,29.99,30.389999,660900,29.223172
2015-03-30,30.110001,30.60,30.030001,30.190001,126000,29.030852
2015-03-27,29.85,30.120001,29.77,29.940001,380600,28.790451
2015-03-26,29.83,30.07,29.43,29.790001,121700,28.646211
2015-03-25,30.280001,30.629999,29.700001,29.790001,216000,28.646211
2015-03-24,30.32,30.60,30.27,30.290001,125200,29.127013
2015-03-23,30.27,30.60,30.15,30.280001,154800,29.117397
2015-03-20,30.299999,30.34,30.02,30.209999,326600,29.050083
2015-03-19,29.48,30.01,29.34,30.00,180900,28.848147
2015-03-18,29.43,29.90,29.27,29.67,83600,28.530817
2015-03-17,29.459999,29.719999,29.33,29.469999,112500,28.338496
2015-03-16,29.33,29.790001,29.33,29.540001,133500,28.405809
2015-03-13,29.709999,29.77,29.01,29.280001,168900,28.155792
2015-03-12,29.389999,29.75,29.17,29.629999,285400,28.492352
2015-03-11,29.280001,29.50,28.959999,29.18,428900,28.059631
2015-03-10,29.49,29.790001,29.200001,29.360001,182600,28.23272
2015-03-09,29.969999,30.190001,29.51,29.809999,310400,28.665441
2015-03-06,30.07,30.309999,29.440001,30.18,330300,28.852955
2015-03-05,30.25,30.25,29.860001,30.10,257900,28.776473
2015-03-04,29.709999,30.309999,29.559999,30.16,376200,28.833834
2015-03-03,29.799999,29.950001,29.389999,29.65,542600,28.346259
2015-03-02,29.77,30.120001,29.629999,29.969999,293000,28.652188
2015-02-27,30.290001,30.42,29.879999,29.91,236900,28.594827
2015-02-26,30.190001,30.68,30.15,30.58,192100,29.235367
2015-02-25,30.549999,30.799999,30.26,30.40,134600,29.063281
2015-02-24,30.370001,30.950001,30.370001,30.60,120500,29.254488
2015-02-23,30.450001,30.85,30.34,30.540001,193700,29.197126
2015-02-20,30.02,30.42,29.85,30.41,205800,29.072842
2015-02-19,30.00,30.200001,29.84,30.120001,213700,28.795594
2015-02-18,29.90,30.200001,29.610001,29.950001,250700,28.633069
2015-02-17,30.49,30.49,29.74,30.02,271200,28.699991
2015-02-13,30.49,30.799999,30.33,30.35,275300,29.01548
2015-02-12,30.120001,30.59,30.120001,30.379999,159700,29.04416
2015-02-11,29.74,30.23,29.68,29.99,280400,28.671309
2015-02-10,29.84,29.870001,29.290001,29.76,1776500,28.451423
2015-02-09,29.379999,29.879999,29.280001,29.700001,320700,28.394062
2015-02-06,28.92,29.77,28.84,29.51,475700,28.212416
2015-02-05,27.709999,29.17,27.18,28.99,793300,27.71528
2015-02-04,25.50,27.43,25.50,27.09,1114800,25.898826
2015-02-03,25.110001,25.469999,25.07,25.309999,259200,24.197093
2015-02-02,24.66,25.290001,24.42,24.91,145400,23.814682
2015-01-30,25.049999,25.459999,24.52,24.52,180300,23.441831
2015-01-29,25.120001,25.389999,24.77,25.27,270000,24.158853
2015-01-28,25.51,25.52,24.969999,25.07,113200,23.967647
2015-01-27,25.110001,25.41,25.08,25.33,109400,24.216214
2015-01-26,25.34,25.450001,25.049999,25.34,87700,24.225775
2015-01-23,24.719999,25.440001,24.719999,25.32,214700,24.206654
2015-01-22,24.90,25.10,24.700001,24.82,259900,23.728639
2015-01-21,25.450001,25.450001,24.620001,24.700001,219000,23.613917
2015-01-20,25.66,25.93,25.27,25.389999,151100,24.273576
2015-01-16,25.10,25.450001,25.00,25.370001,290700,24.254456
2015-01-15,25.50,25.52,24.90,25.129999,156300,24.025008
2015-01-14,25.18,25.50,25.10,25.32,143900,24.206654
2015-01-13,25.280001,25.84,25.059999,25.360001,140000,24.244896
2015-01-12,24.950001,25.379999,24.93,25.030001,260600,23.929406
2015-01-09,24.52,25.290001,24.51,24.799999,608400,23.709518
2015-01-08,24.51,25.07,24.40,24.530001,165800,23.451392
2015-01-07,24.00,24.40,23.879999,24.299999,482500,23.231504
2015-01-06,23.940001,24.09,23.719999,23.870001,234800,22.820413
2015-01-05,24.24,24.65,23.889999,23.93,298000,22.877774
2015-01-02,25.23,25.23,24.299999,24.459999,155100,23.384468
2014-12-31,25.43,25.60,25.059999,25.07,93300,23.967647
2014-12-30,25.389999,25.60,25.24,25.360001,85600,24.244896
2014-12-29,25.540001,25.700001,25.41,25.42,153800,24.302257
2014-12-26,25.67,25.67,25.459999,25.50,81500,24.378739
2014-12-24,25.59,25.65,25.51,25.540001,66500,24.416981
2014-12-23,25.469999,25.709999,25.309999,25.59,92500,24.464782
2014-12-22,25.379999,25.67,25.139999,25.32,155800,24.206654
2014-12-19,25.34,25.700001,25.16,25.42,604600,24.302257
2014-12-18,25.35,25.549999,24.90,25.40,154600,24.283136
2014-12-17,24.450001,25.18,24.110001,25.01,225000,23.910285
2014-12-16,24.450001,25.09,24.15,24.450001,156500,23.37491
2014-12-15,24.58,24.870001,24.299999,24.549999,85400,23.470511
2014-12-12,24.860001,25.370001,24.42,24.52,157000,23.441831
2014-12-11,25.01,25.59,24.76,25.18,142000,24.07281
2014-12-10,25.309999,25.530001,24.90,24.940001,176200,23.843364
2014-12-09,25.049999,25.50,24.85,25.42,131100,24.302257
2014-12-08,25.42,25.74,25.030001,25.32,144100,24.206654
2014-12-05,25.65,25.82,25.51,25.690001,92100,24.409333
2014-12-04,25.48,25.969999,25.440001,25.690001,185900,24.409333
2014-12-03,25.42,25.709999,25.280001,25.549999,160600,24.276311
2014-12-02,25.309999,25.59,25.15,25.43,103900,24.162294
2014-12-01,25.030001,25.469999,25.00,25.280001,199100,24.019772
2014-11-28,25.41,25.950001,25.09,25.120001,48700,23.867748
2014-11-26,25.450001,25.75,25.440001,25.49,109100,24.219302
2014-11-25,25.690001,25.889999,25.41,25.469999,101000,24.200299
2014-11-24,25.290001,25.73,25.110001,25.620001,133700,24.342823
2014-11-21,25.57,25.75,25.110001,25.25,152100,23.991267
2014-11-20,25.01,25.370001,25.01,25.26,91700,24.000768
2014-11-19,25.379999,27.110001,25.110001,25.16,131400,23.905753
2014-11-18,25.370001,25.60,25.35,25.440001,199900,24.171796
2014-11-17,25.60,25.83,25.27,25.280001,118300,24.019772
2014-11-14,25.83,25.90,25.57,25.65,189200,24.371326
2014-11-13,25.889999,26.040001,25.60,25.82,105300,24.532851
2014-11-12,25.620001,25.85,25.52,25.799999,118500,24.513848
2014-11-11,25.73,25.809999,25.549999,25.690001,101200,24.409333
2014-11-10,25.60,26.00,25.57,25.75,363000,24.466341
2014-11-07,25.67,25.67,25.370001,25.58,191300,24.304816
2014-11-06,25.76,25.950001,25.60,25.700001,124200,24.418835
2014-11-05,24.99,26.059999,24.940001,25.709999,230800,24.428335
2014-11-04,26.41,26.57,25.959999,26.24,113100,24.931914
2014-11-03,26.459999,26.75,26.440001,26.549999,134500,25.22646
2014-10-31,26.52,26.66,26.370001,26.51,191100,25.188455
2014-10-30,26.32,26.639999,25.99,26.110001,190200,24.808396
2014-10-29,26.24,26.50,26.09,26.370001,122200,25.055435
2014-10-28,25.459999,26.18,25.459999,26.120001,163600,24.817897
2014-10-27,25.24,25.530001,25.110001,25.309999,166400,24.048275
2014-10-24,25.549999,25.780001,25.40,25.42,103600,24.152792
2014-10-23,25.49,25.65,25.35,25.469999,160700,24.200299
2014-10-22,25.74,26.23,25.280001,25.33,134200,24.067279
2014-10-21,25.629999,26.02,23.16,25.75,171400,24.466341
2014-10-20,25.34,25.530001,25.24,25.52,174700,24.247807
2014-10-17,26.030001,26.030001,25.35,25.50,269600,24.228804
2014-10-16,24.889999,25.74,24.889999,25.66,576000,24.380828
2014-10-15,25.459999,25.74,24.879999,25.219999,297400,23.962762
2014-10-14,26.110001,26.309999,25.700001,25.799999,149300,24.513848
2014-10-13,25.709999,26.219999,25.360001,25.860001,107100,24.570858
2014-10-10,25.75,26.08,25.48,25.690001,139900,24.409333
2014-10-09,26.41,26.50,25.85,25.90,116300,24.608863
2014-10-08,25.90,26.639999,25.879999,26.49,120000,25.169452
2014-10-07,26.120001,26.23,25.940001,26.00,123500,24.703879
2014-10-06,26.34,26.49,25.99,26.299999,91600,24.988923
2014-10-03,26.610001,26.76,26.299999,26.360001,89200,25.045933
2014-10-02,26.09,26.85,26.09,26.360001,125500,25.045933
2014-10-01,26.299999,26.559999,26.120001,26.440001,171800,25.121945
2014-09-30,26.450001,26.49,26.16,26.280001,514300,24.969921
2014-09-29,26.389999,26.66,26.200001,26.41,120400,25.09344
2014-09-26,26.610001,26.780001,26.280001,26.67,85500,25.340479
2014-09-25,26.76,26.76,26.459999,26.60,130000,25.273969
2014-09-24,26.690001,26.879999,26.379999,26.76,105100,25.425992
2014-09-23,26.76,26.889999,26.50,26.559999,126400,25.235962
2014-09-22,26.889999,26.940001,26.719999,26.82,136000,25.483001
2014-09-19,27.030001,27.280001,26.83,27.00,231700,25.654028
2014-09-18,26.940001,27.040001,26.940001,26.99,68000,25.644526
2014-09-17,26.450001,26.889999,26.450001,26.799999,206100,25.463997
2014-09-16,26.280001,26.76,26.190001,26.52,91000,25.197957
2014-09-15,26.530001,26.709999,26.23,26.42,112100,25.102941
2014-09-12,27.08,27.09,26.459999,26.60,102500,25.273969
2014-09-11,26.91,27.15,26.74,26.92,189900,25.578016
2014-09-10,26.719999,27.17,26.530001,27.10,132800,25.749043
2014-09-09,27.219999,27.60,26.75,26.82,130700,25.483001
2014-09-08,27.23,27.66,27.200001,27.34,123900,25.977079
2014-09-05,27.33,27.58,27.200001,27.41,88200,25.893466
2014-09-04,27.379999,27.98,27.379999,27.50,124500,25.978486
2014-09-03,27.700001,27.780001,27.209999,27.40,192100,25.884019
2014-09-02,27.700001,27.92,27.42,27.67,92900,26.139081
2014-08-29,27.629999,27.969999,27.440001,27.719999,67300,26.186313
2014-08-28,27.60,27.790001,27.60,27.66,85300,26.129634
2014-08-27,28.200001,28.25,27.60,27.629999,106400,26.101293
2014-08-26,28.18,28.41,28.10,28.25,291300,26.68699
2014-08-25,28.280001,28.450001,28.110001,28.280001,61000,26.715331
2014-08-22,28.07,28.34,27.83,28.209999,128300,26.649203
2014-08-21,27.610001,28.290001,27.60,28.190001,95200,26.630311
2014-08-20,27.75,27.82,27.450001,27.60,97500,26.072954
2014-08-19,27.85,28.00,27.450001,27.940001,89300,26.394143
2014-08-18,27.58,27.950001,27.58,27.92,126300,26.375249
2014-08-15,27.73,27.75,27.15,27.389999,274900,25.874572
2014-08-14,27.43,27.639999,27.360001,27.450001,69100,25.931253
2014-08-13,27.60,27.639999,27.370001,27.440001,146100,25.921806
2014-08-12,27.459999,27.610001,27.290001,27.540001,152500,26.016274
2014-08-11,27.120001,27.549999,27.110001,27.50,149400,25.978486
2014-08-08,27.030001,27.23,26.99,27.139999,116100,25.638404
2014-08-07,27.17,27.25,26.76,27.030001,89200,25.534491
2014-08-06,26.77,27.23,26.620001,27.10,248000,25.600618
2014-08-05,26.780001,27.129999,26.700001,27.059999,108500,25.56283
2014-08-04,27.030001,27.09,26.43,27.030001,201900,25.534491
2014-08-01,26.559999,26.969999,25.940001,26.959999,230800,25.468362
2014-07-31,26.27,26.48,25.52,26.040001,240600,24.599266
2014-07-30,26.860001,26.860001,26.370001,26.610001,85700,25.137729
2014-07-29,26.969999,27.02,26.57,26.639999,77800,25.166068
2014-07-28,26.719999,27.00,26.40,26.889999,71100,25.402236
2014-07-25,26.74,26.879999,26.57,26.709999,105000,25.232194
2014-07-24,27.15,27.370001,26.879999,26.969999,98700,25.477809
2014-07-23,26.91,27.200001,26.66,27.129999,104000,25.628957
2014-07-22,26.879999,26.98,26.450001,26.92,115100,25.430576
2014-07-21,26.790001,26.85,26.42,26.67,104200,25.194408
2014-07-18,26.50,26.969999,26.49,26.92,114400,25.430576
2014-07-17,26.700001,26.870001,26.50,26.57,114700,25.099941
2014-07-16,26.969999,26.969999,26.74,26.780001,126500,25.298323
2014-07-15,26.83,26.959999,26.67,26.870001,105200,25.383344
2014-07-14,26.690001,26.950001,26.43,26.85,118700,25.36445
2014-07-11,26.33,26.440001,26.290001,26.41,71700,24.948793
2014-07-10,26.40,26.51,26.280001,26.42,150200,24.95824
2014-07-09,26.59,26.74,26.41,26.65,147300,25.175514
2014-07-08,26.639999,26.68,26.40,26.549999,195100,25.081047
2014-07-07,26.83,27.030001,26.60,26.73,168200,25.251088
2014-07-03,26.889999,27.059999,26.74,26.99,54000,25.496703
2014-07-02,26.90,27.059999,26.77,26.82,103500,25.336109
2014-07-01,26.110001,26.959999,26.110001,26.90,227200,25.411683
2014-06-30,25.65,26.129999,25.52,26.110001,207900,24.665392
2014-06-27,25.27,25.780001,25.27,25.74,287600,24.315863
2014-06-26,25.530001,25.530001,25.309999,25.48,147400,24.070248
2014-06-25,25.360001,25.639999,25.360001,25.559999,174300,24.145822
2014-06-24,25.469999,25.969999,25.33,25.469999,133000,24.060801
2014-06-23,25.58,25.58,25.26,25.549999,117400,24.136375
2014-06-20,25.42,25.66,25.10,25.51,202400,24.098589
2014-06-19,25.59,25.59,25.219999,25.389999,112700,23.985227
2014-06-18,25.33,25.549999,25.24,25.530001,68500,24.117483
2014-06-17,25.450001,25.90,25.27,25.33,167300,23.928547
2014-06-16,25.50,25.639999,25.209999,25.52,55400,24.108036
2014-06-13,25.84,25.91,25.50,25.559999,81400,24.145822
2014-06-12,25.860001,25.969999,25.51,25.700001,154000,24.278077
2014-06-11,25.809999,26.09,25.799999,25.950001,84800,24.514245
2014-06-10,25.98,26.40,25.68,26.059999,104500,24.618158
2014-06-09,25.809999,26.280001,25.809999,26.129999,86800,24.684284
2014-06-06,26.02,26.33,25.93,26.120001,174200,24.52558
2014-06-05,25.629999,26.00,25.57,25.91,263500,24.328398
2014-06-04,25.450001,25.67,25.389999,25.620001,76200,24.056101
2014-06-03,25.620001,25.65,25.34,25.540001,134800,23.980985
2014-06-02,26.26,26.379999,25.66,25.68,116400,24.112438
2014-05-30,26.299999,26.440001,26.049999,26.27,127800,24.666424
2014-05-29,26.379999,26.49,26.25,26.33,76300,24.722761
2014-05-28,26.40,26.42,26.209999,26.35,193900,24.74154
2014-05-27,26.059999,26.459999,26.059999,26.389999,93900,24.779098
2014-05-23,25.450001,25.860001,25.290001,25.82,94100,24.243892
2014-05-22,25.23,25.540001,25.16,25.40,71400,23.84953
2014-05-21,25.030001,25.450001,25.00,25.209999,128300,23.671127
2014-05-20,25.299999,25.33,24.74,24.93,234600,23.40822
2014-05-19,25.110001,25.469999,25.110001,25.360001,205600,23.811972
2014-05-16,25.01,25.25,24.790001,25.24,142200,23.699296
2014-05-15,25.25,25.440001,24.90,25.00,228100,23.473947
2014-05-14,25.959999,26.17,25.190001,25.42,165900,23.868309
2014-05-13,26.84,26.84,25.959999,25.99,233300,24.403515
2014-05-12,26.389999,26.950001,26.34,26.83,228700,25.19224
2014-05-09,26.50,27.75,25.75,26.209999,446600,24.610085
2014-05-08,25.690001,26.139999,25.58,25.99,598000,24.403515
2014-05-07,27.17,27.40,25.32,25.870001,496000,24.290841
2014-05-06,26.940001,27.200001,26.93,27.00,199900,25.351862
2014-05-05,26.90,27.09,26.60,26.940001,196300,25.295526
2014-05-02,26.10,27.07,26.09,26.98,218100,25.333083
2014-05-01,26.23,26.23,25.620001,26.07,321500,24.478631
2014-04-30,25.66,26.440001,25.50,26.360001,274600,24.75093
2014-04-29,26.190001,26.290001,25.690001,25.74,298600,24.168775
2014-04-28,26.23,26.459999,25.870001,25.99,238200,24.403515
2014-04-25,26.43,26.48,26.00,26.059999,189600,24.469242
2014-04-24,26.99,27.00,26.50,26.57,139300,24.94811
2014-04-23,27.10,27.110001,26.799999,26.91,127800,25.267356
2014-04-22,27.120001,27.18,26.85,27.15,286300,25.492706
2014-04-21,26.889999,27.07,26.639999,27.040001,221200,25.389422
2014-04-17,26.65,27.09,26.35,26.950001,132600,25.304915
2014-04-16,26.299999,26.73,26.129999,26.67,105200,25.042006
2014-04-15,25.82,26.26,25.52,26.15,171400,24.553748
2014-04-14,26.02,26.129999,25.43,25.74,135100,24.168775
2014-04-11,26.65,26.780001,25.709999,25.74,209800,24.168775
2014-04-10,27.01,27.389999,26.83,26.889999,298900,25.248577
2014-04-09,26.57,27.10,26.51,27.059999,198100,25.408199
2014-04-08,25.690001,26.629999,25.690001,26.459999,266200,24.844824
2014-04-07,25.559999,25.959999,25.209999,25.67,209500,24.103049
2014-04-04,26.34,26.49,25.59,25.65,169000,24.084269
2014-04-03,26.629999,26.68,25.98,26.15,189300,24.553748
2014-04-02,26.35,26.83,26.200001,26.57,254100,24.94811
2014-04-01,26.110001,26.450001,25.959999,26.299999,249100,24.694591
2014-03-31,25.940001,26.16,25.77,26.040001,261200,24.450464
2014-03-28,26.01,26.25,25.66,25.690001,89900,24.121828
2014-03-27,25.83,26.120001,25.59,26.01,259000,24.422294
2014-03-26,26.68,26.68,25.809999,25.809999,119600,24.234502
2014-03-25,26.709999,26.83,26.15,26.43,256900,24.816657
2014-03-24,27.42,27.85,26.49,26.610001,205300,24.985669
2014-03-21,27.129999,27.77,26.940001,27.299999,224600,25.633549
2014-03-20,26.959999,27.200001,26.780001,26.950001,86800,25.304915
2014-03-19,27.65,27.66,26.40,26.959999,302900,25.314303
2014-03-18,27.17,27.809999,27.02,27.719999,155600,26.027912
2014-03-17,27.08,27.389999,26.91,27.110001,174400,25.455148
2014-03-14,27.190001,27.57,26.959999,26.99,192400,25.342473
2014-03-13,27.950001,27.969999,27.26,27.280001,133500,25.614771
2014-03-12,27.90,27.98,27.459999,27.92,72000,26.215704
2014-03-11,28.50,28.719999,27.969999,28.01,224200,26.30021
2014-03-10,28.16,28.60,28.16,28.48,350500,26.74152
2014-03-07,28.40,28.41,28.07,28.379999,112300,26.506781
2014-03-06,28.32,28.42,28.139999,28.23,98700,26.366682
2014-03-05,28.18,28.40,27.799999,28.219999,159100,26.357342
2014-03-04,27.83,28.629999,27.629999,28.24,361000,26.376022
2014-03-03,27.639999,27.93,27.290001,27.559999,138900,25.740905
2014-02-28,27.57,28.34,27.35,28.00,286200,26.151864
2014-02-27,27.32,27.99,27.280001,27.719999,205400,25.890344
2014-02-26,27.209999,27.790001,27.08,27.52,192900,25.703546
2014-02-25,27.35,27.530001,27.219999,27.33,156600,25.526087
2014-02-24,26.58,27.379999,26.42,27.309999,125100,25.507406
2014-02-21,26.82,26.82,26.51,26.620001,154600,24.862951
2014-02-20,26.610001,26.959999,26.59,26.73,99100,24.965689
2014-02-19,26.92,27.24,26.58,26.60,125400,24.844271
2014-02-18,26.91,27.09,26.67,27.049999,365900,25.264567
2014-02-14,26.82,27.02,26.43,26.84,207800,25.068429
2014-02-13,26.379999,27.10,26.34,26.85,183900,25.07777
2014-02-12,26.860001,26.99,26.48,26.559999,236800,24.80691
2014-02-11,26.50,26.98,26.32,26.780001,113400,25.01239
2014-02-10,26.82,26.99,26.450001,26.559999,222700,24.80691
2014-02-07,27.139999,27.98,26.76,26.879999,183200,25.105788
2014-02-06,26.91,27.309999,26.65,27.030001,400700,25.245889
2014-02-05,27.41,27.60,26.059999,26.92,768700,25.143149
2014-02-04,28.91,30.00,27.450001,28.860001,231700,26.9551
2014-02-03,29.98,30.110001,28.219999,28.82,293100,26.917739
2014-01-31,29.860001,30.15,29.73,29.959999,208700,27.982493
2014-01-30,30.40,30.549999,30.09,30.34,157000,28.337412
2014-01-29,29.940001,30.43,29.76,30.15,167500,28.159953
2014-01-28,30.16,30.48,30.02,30.10,178100,28.113254
2014-01-27,30.620001,31.02,30.049999,30.049999,169100,28.066553
2014-01-24,31.559999,31.90,30.360001,30.620001,487700,28.598932
2014-01-23,31.85,32.029999,31.50,31.76,449700,29.663685
2014-01-22,31.57,32.110001,31.57,32.00,382400,29.887844
2014-01-21,31.360001,31.549999,31.26,31.459999,173000,29.383486
2014-01-17,30.870001,31.280001,30.799999,31.07,344300,29.019228
2014-01-16,30.57,31.129999,30.549999,30.959999,588100,28.916488
2014-01-15,29.68,30.60,29.68,30.559999,273800,28.542891
2014-01-14,29.42,29.889999,29.209999,29.639999,190300,27.683615
2014-01-13,29.83,30.040001,29.33,29.42,185900,27.478137
2014-01-10,29.389999,30.00,29.25,29.93,150800,27.954474
2014-01-09,29.15,29.469999,28.90,29.299999,167100,27.366057
2014-01-08,28.91,29.50,28.709999,29.030001,423600,27.113879
2014-01-07,28.73,29.110001,28.700001,28.99,269700,27.076519
2014-01-06,29.23,29.290001,28.50,28.549999,128300,26.66556
2014-01-03,29.200001,29.469999,29.02,29.18,73700,27.253978
2014-01-02,29.23,29.549999,29.01,29.18,74700,27.253978
2013-12-31,29.459999,29.809999,29.280001,29.40,95800,27.459456
2013-12-30,29.57,29.799999,29.360001,29.43,128600,27.487477
2013-12-27,29.67,29.68,29.389999,29.610001,133600,27.655596
2013-12-26,29.60,29.780001,29.370001,29.549999,179500,27.599555
2013-12-24,29.50,29.709999,29.50,29.59,56700,27.636916
2013-12-23,29.32,29.59,29.07,29.50,104900,27.552856
2013-12-20,29.15,29.51,29.00,29.299999,427700,27.366057
2013-12-19,29.42,29.719999,29.110001,29.190001,104600,27.263318
2013-12-18,28.77,29.530001,28.77,29.459999,155700,27.515496
2013-12-17,29.120001,29.43,28.75,28.76,168300,26.8617
2013-12-16,28.889999,29.26,28.690001,29.17,183500,27.244638
2013-12-13,28.82,28.91,28.459999,28.68,100500,26.786981
2013-12-12,28.959999,29.129999,28.73,28.809999,116200,26.908399
2013-12-11,29.08,29.26,28.889999,28.940001,168000,27.029819
2013-12-10,29.040001,29.389999,28.93,29.00,340600,27.085859
2013-12-09,29.040001,29.049999,28.629999,29.01,140200,27.095199
2013-12-06,28.76,29.110001,28.700001,28.969999,134300,27.057838
2013-12-05,28.83,28.83,28.33,28.57,139700,26.544141
2013-12-04,28.67,29.120001,28.309999,28.83,95300,26.785705
2013-12-03,28.719999,28.959999,28.440001,28.690001,321000,26.655633
2013-12-02,28.85,29.07,28.530001,28.74,148600,26.702086
2013-11-29,28.77,29.040001,28.629999,28.870001,41900,26.822869
2013-11-27,28.719999,29.00,28.50,28.66,125400,26.627759
2013-11-26,28.58,28.77,28.42,28.629999,352900,26.599886
2013-11-25,28.469999,28.719999,28.41,28.49,56400,26.469814
2013-11-22,28.209999,28.780001,28.10,28.469999,93100,26.451231
2013-11-21,28.15,28.40,28.030001,28.110001,137600,26.11676
2013-11-20,28.309999,28.450001,27.90,27.950001,86700,25.968105
2013-11-19,28.639999,29.01,28.09,28.120001,104400,26.126051
2013-11-18,28.360001,28.90,28.34,28.76,220200,26.720669
2013-11-15,28.040001,28.33,27.90,28.32,138500,26.311868
2013-11-14,28.00,28.24,27.85,28.08,81300,26.088886
2013-11-13,27.67,28.00,27.57,28.00,112700,26.014559
2013-11-12,27.440001,27.84,27.290001,27.75,142600,25.782286
2013-11-11,27.75,27.76,27.370001,27.610001,91400,25.652214
2013-11-08,26.889999,27.879999,26.75,27.879999,233200,25.903067
2013-11-07,27.389999,27.58,26.799999,26.879999,168600,24.973976
2013-11-06,27.60,27.60,27.24,27.360001,142400,25.419941
2013-11-05,27.549999,27.790001,27.33,27.360001,144900,25.419941
2013-11-04,28.00,28.00,27.459999,27.790001,196300,25.819451
2013-11-01,27.809999,27.940001,27.42,27.91,274600,25.930941
2013-10-31,27.65,27.860001,27.440001,27.860001,204600,25.884487
2013-10-30,27.65,27.93,26.50,27.59,194400,25.633632
2013-10-29,26.85,27.219999,26.76,27.15,158700,25.224831
2013-10-28,27.440001,27.629999,26.51,26.790001,396400,24.890359
2013-10-25,27.709999,27.879999,27.049999,27.42,322500,25.475686
2013-10-24,27.52,27.690001,27.24,27.60,292700,25.642923
2013-10-23,27.02,27.51,27.02,27.40,253600,25.457104
2013-10-22,26.91,27.24,26.799999,27.190001,89900,25.261995
2013-10-21,26.639999,26.98,26.639999,26.75,78100,24.853195
2013-10-18,26.41,26.690001,26.27,26.540001,143600,24.658086
2013-10-17,25.93,26.23,25.93,26.200001,201500,24.342195
2013-10-16,25.75,26.02,25.66,26.01,134000,24.165667
2013-10-15,25.40,25.610001,25.299999,25.51,262800,23.701122
2013-10-14,25.15,25.450001,25.049999,25.40,158700,23.598921
2013-10-11,24.43,25.219999,24.200001,25.209999,123700,23.422393
2013-10-10,24.27,24.57,23.92,24.559999,63400,22.818484
2013-10-09,24.25,24.299999,23.799999,23.92,118300,22.223866
2013-10-08,24.43,24.620001,24.15,24.15,104500,22.437557
2013-10-07,24.51,24.620001,24.33,24.360001,100100,22.632667
2013-10-04,24.299999,24.700001,24.299999,24.65,72900,22.902103
2013-10-03,24.82,24.82,23.809999,24.360001,141200,22.632667
2013-10-02,25.15,25.209999,24.75,24.799999,133200,23.041466
2013-10-01,25.120001,25.309999,24.940001,25.27,136400,23.47814
2013-09-30,24.75,25.049999,24.709999,25.049999,215400,23.273739
2013-09-27,24.870001,25.110001,24.84,24.92,109100,23.152958
2013-09-26,25.139999,25.139999,24.85,25.049999,116900,23.273739
2013-09-25,24.860001,25.26,24.709999,25.030001,117100,23.255158
2013-09-24,24.58,24.90,24.35,24.76,182700,23.004303
2013-09-23,24.360001,24.700001,24.139999,24.48,91100,22.744157
2013-09-20,24.290001,24.77,24.25,24.370001,276200,22.641958
2013-09-19,24.26,24.32,24.09,24.209999,138700,22.493302
2013-09-18,24.16,24.469999,24.08,24.17,169600,22.456139
2013-09-17,23.969999,24.209999,23.84,24.139999,137200,22.428266
2013-09-16,24.030001,24.17,23.84,23.98,125800,22.279611
2013-09-13,23.879999,24.049999,23.610001,23.799999,55200,22.112374
2013-09-12,24.120001,24.190001,23.709999,23.77,120100,22.084503
2013-09-11,24.16,24.16,23.92,24.10,118100,22.391103
2013-09-10,24.049999,24.09,23.75,24.059999,168500,22.353938
2013-09-09,23.84,24.02,23.370001,24.01,83200,22.307485
2013-09-06,23.75,23.790001,23.02,23.700001,132100,22.019467
2013-09-05,23.98,24.040001,23.540001,23.76,279900,21.935847
2013-09-04,23.639999,23.93,23.389999,23.92,384800,22.083563
2013-09-03,23.90,24.25,23.389999,23.65,163100,21.834292
2013-08-30,24.16,24.33,23.450001,23.540001,86900,21.732738
2013-08-29,23.889999,24.40,23.889999,24.219999,81500,22.36053
2013-08-28,24.01,24.26,23.790001,23.879999,68500,22.046633
2013-08-27,24.280001,24.290001,23.950001,23.959999,85900,22.120491
2013-08-26,24.74,24.870001,24.469999,24.52,47300,22.637499
2013-08-23,24.969999,25.040001,24.610001,24.780001,91300,22.877538
2013-08-22,24.620001,25.040001,24.549999,24.969999,79600,23.05295
2013-08-21,24.700001,24.799999,24.129999,24.57,115100,22.68366
2013-08-20,24.709999,25.07,24.690001,24.75,59700,22.849841
2013-08-19,24.76,25.049999,24.690001,24.75,127800,22.849841
2013-08-16,24.82,25.09,24.799999,24.90,96500,22.988324
2013-08-15,25.110001,25.110001,24.860001,24.93,104800,23.016021
2013-08-14,25.389999,25.459999,25.290001,25.33,122800,23.385311
2013-08-13,25.110001,25.450001,25.00,25.32,96800,23.376079
2013-08-12,25.23,25.559999,25.049999,25.17,164100,23.237595
2013-08-09,25.299999,25.58,25.27,25.33,72800,23.385311
2013-08-08,25.200001,25.50,25.10,25.42,256300,23.468402
2013-08-07,24.16,25.799999,24.110001,25.129999,504100,23.200666
2013-08-06,24.049999,24.299999,23.59,23.74,164000,21.917382
2013-08-05,24.059999,24.200001,23.77,24.040001,192100,22.194351
2013-08-02,23.709999,24.129999,23.57,24.040001,71200,22.194351
2013-08-01,23.75,23.969999,23.75,23.860001,110800,22.02817
2013-07-31,23.67,23.889999,23.48,23.68,80400,21.861989
2013-07-30,23.709999,23.75,23.33,23.549999,101000,21.741969
2013-07-29,23.73,23.93,23.51,23.559999,40100,21.751201
2013-07-26,23.57,23.969999,23.57,23.799999,84000,21.972775
2013-07-25,23.32,23.98,23.309999,23.77,135300,21.94508
2013-07-24,23.530001,23.629999,23.219999,23.299999,235500,21.511162
2013-07-23,23.68,23.75,23.450001,23.49,105700,21.686576
2013-07-22,23.620001,23.75,23.49,23.639999,103200,21.825059
2013-07-19,23.559999,23.709999,23.360001,23.65,137900,21.834292
2013-07-18,23.50,23.879999,23.32,23.639999,103600,21.825059
2013-07-17,23.57,23.58,23.35,23.459999,97700,21.658878
2013-07-16,23.799999,23.799999,23.41,23.42,65100,21.62195
2013-07-15,23.59,23.719999,23.32,23.639999,132400,21.825059
2013-07-12,23.530001,23.85,23.459999,23.60,99000,21.788131
2013-07-11,23.860001,23.860001,23.43,23.58,122400,21.769666
2013-07-10,23.940001,23.98,23.540001,23.549999,198800,21.741969
2013-07-09,23.790001,24.290001,23.49,23.92,182500,22.083563
2013-07-08,23.49,23.85,23.49,23.67,129700,21.852757
2013-07-05,23.59,23.75,23.35,23.629999,169700,21.677343
2013-07-03,22.08,23.58,22.08,23.290001,501500,21.36544
2013-07-02,22.049999,22.23,21.84,22.120001,80900,20.292123
2013-07-01,21.790001,22.09,21.67,22.040001,121700,20.218734
2013-06-28,21.85,21.91,21.52,21.780001,445700,19.980218
2013-06-27,21.66,22.059999,21.57,21.91,226200,20.099475
2013-06-26,21.84,21.91,21.379999,21.530001,146700,19.750877
2013-06-25,21.58,21.809999,21.50,21.639999,148500,19.851786
2013-06-24,21.379999,21.719999,20.959999,21.389999,190600,19.622445
2013-06-21,21.48,21.610001,21.219999,21.57,232800,19.787571
2013-06-20,21.50,21.700001,21.33,21.42,127500,19.649966
2013-06-19,21.91,22.00,21.75,21.82,94800,20.016912
2013-06-18,21.610001,22.01,21.41,21.969999,143600,20.154517
2013-06-17,21.58,21.700001,21.50,21.610001,63200,19.824266
2013-06-14,21.27,21.50,21.120001,21.389999,120600,19.622445
2013-06-13,20.790001,21.27,20.790001,21.26,114500,19.503188
2013-06-12,21.08,21.08,20.74,20.74,104600,19.026158
2013-06-11,20.85,20.99,20.73,20.870001,76900,19.145416
2013-06-10,21.040001,21.16,20.90,21.110001,64500,19.365584
2013-06-07,20.889999,21.08,20.60,20.98,89300,19.246325
2013-06-06,20.18,20.77,19.93,20.77,138700,19.053679
2013-06-05,20.65,20.77,20.190001,20.200001,303100,18.530781
2013-06-04,20.73,21.09,20.35,20.610001,758900,18.906901
2013-06-03,21.33,21.709999,20.459999,20.76,344600,19.044505
2013-05-31,21.50,21.83,21.50,21.629999,120600,19.842612
2013-05-30,21.59,21.75,21.48,21.700001,68200,19.906829
2013-05-29,21.57,21.68,21.40,21.57,84900,19.787571
2013-05-28,20.84,21.75,20.84,21.73,198700,19.934349
2013-05-24,20.76,20.85,20.309999,20.75,58100,19.035331
2013-05-23,21.049999,21.120001,20.790001,20.83,101200,19.108721
2013-05-22,21.67,21.82,21.059999,21.17,177300,19.420625
2013-05-21,21.66,21.76,21.48,21.709999,99000,19.916001
2013-05-20,21.49,21.73,21.469999,21.700001,126200,19.906829
2013-05-17,21.33,21.610001,21.290001,21.610001,298900,19.824266
2013-05-16,21.59,21.74,21.24,21.299999,183800,19.539882
2013-05-15,21.780001,21.84,21.43,21.639999,561700,19.851786
2013-05-14,21.77,21.90,21.629999,21.889999,182200,20.081127
2013-05-13,21.610001,21.790001,21.450001,21.77,139900,19.971045
2013-05-10,21.85,21.889999,21.530001,21.709999,74000,19.916001
2013-05-09,21.67,21.940001,21.639999,21.790001,207700,19.989392
2013-05-08,21.26,21.790001,21.24,21.75,185000,19.952697
2013-05-07,21.120001,21.389999,21.040001,21.389999,125900,19.622445
2013-05-06,21.129999,21.24,21.02,21.16,126800,19.411451
2013-05-03,20.91,21.24,20.82,21.18,238200,19.429799
2013-05-02,20.50,20.82,20.360001,20.719999,258700,19.00781
2013-05-01,20.549999,21.32,20.25,20.360001,414000,18.67756
2013-04-30,21.43,21.74,20.950001,21.610001,251400,19.824266
2013-04-29,21.299999,21.52,21.25,21.450001,272100,19.677488
2013-04-26,21.299999,21.469999,21.15,21.24,156900,19.48484
2013-04-25,21.450001,21.50,21.219999,21.33,134000,19.567403
2013-04-24,21.17,21.48,20.98,21.389999,253200,19.622445
2013-04-23,20.549999,21.190001,20.549999,21.190001,196400,19.438973
2013-04-22,20.389999,20.60,19.940001,20.549999,123600,18.851858
2013-04-19,20.290001,20.530001,20.23,20.389999,78900,18.705079
2013-04-18,20.290001,20.389999,20.110001,20.309999,147900,18.63169
2013-04-17,20.200001,20.42,19.959999,20.290001,171200,18.613344
2013-04-16,20.43,20.450001,20.18,20.379999,170900,18.695906
2013-04-15,20.700001,20.85,20.290001,20.299999,241500,18.622516
2013-04-12,20.790001,20.92,20.51,20.700001,139400,18.989464
2013-04-11,20.709999,20.959999,20.43,20.83,214600,19.108721
2013-04-10,20.219999,20.75,20.18,20.709999,142100,18.998636
2013-04-09,20.389999,20.40,20.00,20.200001,144500,18.530781
2013-04-08,20.35,20.35,20.15,20.34,122900,18.659212
2013-04-05,20.290001,20.42,20.26,20.280001,202500,18.60417
2013-04-04,20.540001,20.67,20.389999,20.620001,113900,18.916075
2013-04-03,20.76,20.799999,20.34,20.51,189800,18.815164
2013-04-02,20.870001,20.950001,20.639999,20.76,239700,19.044505
2013-04-01,21.120001,21.139999,20.60,20.719999,294400,19.00781
2013-03-28,20.700001,21.27,20.620001,21.190001,267800,19.438973
2013-03-27,19.49,20.809999,19.110001,20.75,369300,19.035331
2013-03-26,20.10,20.33,20.01,20.26,137400,18.585823
2013-03-25,19.780001,19.98,19.700001,19.959999,103400,18.310612
2013-03-22,20.00,20.00,19.73,19.799999,129500,18.163834
2013-03-21,19.75,20.01,19.709999,19.93,145900,18.283092
2013-03-20,19.860001,19.91,19.73,19.809999,94400,18.173008
2013-03-19,19.76,19.889999,19.690001,19.690001,140800,18.062925
2013-03-18,19.75,19.82,19.450001,19.75,209500,18.117966
2013-03-15,19.309999,20.049999,19.309999,19.75,251000,18.117966
2013-03-14,19.25,19.40,19.09,19.27,325700,17.677631
2013-03-13,19.41,19.41,19.200001,19.27,149800,17.677631
2013-03-12,19.389999,19.49,19.059999,19.389999,101700,17.787714
2013-03-11,19.530001,19.559999,19.32,19.42,169100,17.815236
2013-03-08,19.65,19.68,19.450001,19.549999,120400,17.934492
2013-03-07,19.52,19.65,19.32,19.49,109900,17.879451
2013-03-06,19.57,19.889999,19.52,19.540001,135000,17.92532
2013-03-05,19.459999,19.57,19.33,19.51,364200,17.897799
2013-03-04,19.139999,19.41,19.02,19.309999,170500,17.714325
2013-03-01,19.209999,19.469999,19.049999,19.24,149700,17.65011
2013-02-28,19.540001,19.75,19.280001,19.41,192300,17.806062
2013-02-27,19.35,19.67,19.299999,19.559999,239500,17.943666
2013-02-26,19.690001,19.719999,19.35,19.43,240000,17.824409
2013-02-25,20.18,20.18,19.57,19.65,161300,18.026229
2013-02-22,20.25,20.299999,19.870001,20.110001,172800,18.448218
2013-02-21,20.200001,20.299999,19.889999,20.110001,192100,18.448218
2013-02-20,20.40,20.49,20.15,20.24,229300,18.567475
2013-02-19,20.26,20.43,20.049999,20.40,166100,18.714253
2013-02-15,20.360001,20.360001,19.959999,20.280001,189400,18.60417
2013-02-14,19.959999,20.27,19.91,20.25,194200,18.576649
2013-02-13,19.76,20.059999,19.76,20.049999,256300,18.393175
2013-02-12,19.549999,19.85,19.50,19.77,193300,18.136314
2013-02-11,19.280001,19.540001,19.15,19.540001,198800,17.92532
2013-02-08,19.08,19.459999,19.00,19.290001,211300,17.695979
2013-02-07,19.32,19.48,18.90,19.02,220300,17.44829
2013-02-06,21.84,21.84,19.18,19.370001,528800,17.769368
2013-02-05,18.40,18.860001,18.209999,18.639999,214200,17.09969
2013-02-04,18.620001,18.690001,18.209999,18.25,146100,16.741918
2013-02-01,18.940001,18.940001,18.690001,18.73,80700,17.182253
2013-01-31,18.620001,18.99,18.440001,18.83,120800,17.27399
2013-01-30,18.91,18.93,18.459999,18.60,107400,17.062996
2013-01-29,18.73,18.93,18.68,18.93,121600,17.365727
2013-01-28,18.120001,18.93,18.120001,18.790001,189600,17.237296
2013-01-25,18.32,18.50,18.040001,18.18,334200,16.677703
2013-01-24,18.48,18.620001,18.23,18.290001,201500,16.778613
2013-01-23,18.870001,18.90,18.42,18.51,179700,16.980433
2013-01-22,19.040001,19.08,18.780001,18.84,126700,17.283164
2013-01-18,18.969999,19.190001,18.790001,19.049999,140500,17.47581
2013-01-17,19.139999,19.18,18.93,19.02,183400,17.44829
2013-01-16,19.18,19.280001,19.08,19.120001,85000,17.540027
2013-01-15,18.91,19.309999,18.77,19.280001,101000,17.686805
2013-01-14,19.27,19.360001,18.98,19.049999,135400,17.47581
2013-01-11,19.52,19.73,19.200001,19.360001,115300,17.760194
2013-01-10,19.60,19.60,19.27,19.49,133400,17.879451
2013-01-09,19.50,19.540001,19.389999,19.50,102800,17.888625
2013-01-08,19.200001,19.50,19.200001,19.41,251400,17.806062
2013-01-07,19.07,19.42,19.059999,19.299999,170600,17.705151
2013-01-04,19.049999,19.26,18.98,19.200001,214200,17.613416
2013-01-03,18.620001,19.07,18.620001,19.049999,217700,17.47581
2013-01-02,18.610001,18.99,18.43,18.620001,258100,17.081344
2012-12-31,17.84,18.209999,17.799999,18.18,129800,16.677703
2012-12-28,18.200001,18.379999,17.75,17.879999,99900,16.402492
2012-12-27,18.450001,18.450001,17.92,18.290001,132200,16.778613
2012-12-26,18.75,18.75,18.35,18.40,140800,16.879522
2012-12-24,18.709999,18.709999,17.98,18.66,32800,17.118038
2012-12-21,18.66,18.93,18.40,18.75,300000,17.200601
2012-12-20,18.93,18.959999,18.709999,18.85,375000,17.292338
2012-12-19,18.889999,19.059999,18.620001,18.940001,162200,17.374901
2012-12-18,18.379999,18.940001,18.17,18.889999,213100,17.329031
2012-12-17,17.889999,18.32,17.84,18.309999,172200,16.796959
2012-12-14,18.049999,18.16,17.76,17.860001,183700,16.384146
2012-12-13,18.42,18.48,18.07,18.129999,155100,16.631833
2012-12-12,18.549999,18.559999,18.27,18.360001,218900,16.842829
2012-12-11,18.48,18.59,18.370001,18.530001,235900,16.998781
2012-12-10,18.370001,18.450001,18.290001,18.33,120500,16.815307
2012-12-07,18.75,18.75,18.35,18.389999,57700,16.870349
2012-12-06,18.870001,18.99,18.67,18.67,115100,17.127212
2012-12-05,19.200001,19.200001,18.860001,18.959999,104500,17.393247
2012-12-04,18.92,19.219999,18.73,19.16,246400,17.57672
2012-12-03,18.66,18.950001,18.459999,18.91,200700,17.347379
2012-11-30,18.620001,18.690001,18.52,18.58,169900,17.044649
2012-11-29,18.41,18.58,18.379999,18.549999,111600,17.017127
2012-11-28,18.059999,18.280001,17.889999,18.26,121900,16.751092
2012-11-27,18.059999,18.25,17.83,18.18,153900,16.677703
2012-11-26,17.83,18.030001,17.549999,18.030001,395200,16.540098
2012-11-23,17.92,18.08,17.719999,17.91,61100,16.430014
2012-11-21,18.139999,18.219999,17.00,17.90,72400,16.42084
2012-11-20,18.07,18.209999,17.870001,18.120001,150500,16.622661
2012-11-19,18.00,18.23,17.780001,18.15,369600,16.650181
2012-11-16,17.969999,17.969999,17.549999,17.83,155100,16.356625
2012-11-15,18.00,18.09,17.709999,18.02,181700,16.530924
2012-11-14,18.50,18.52,18.02,18.059999,136300,16.567618
2012-11-13,18.459999,18.66,18.09,18.49,101100,16.962086
2012-11-12,19.00,19.02,18.129999,18.530001,133300,16.998781
2012-11-09,18.84,19.059999,18.719999,18.98,126000,17.411594
2012-11-08,19.200001,19.450001,18.93,18.950001,155200,17.384075
2012-11-07,19.77,19.83,19.15,19.190001,199600,17.604242
2012-11-06,19.940001,20.209999,19.940001,20.00,188700,18.347307
2012-11-05,19.60,20.27,19.450001,19.93,222300,18.283092
2012-11-02,20.309999,20.389999,19.52,19.639999,199100,18.017055
2012-11-01,20.67,20.799999,20.15,20.23,184400,18.558301
2012-10-31,21.389999,21.389999,20.059999,20.610001,289200,18.906901
2012-10-26,21.32,21.50,21.059999,21.17,142100,19.420625
2012-10-25,21.370001,21.459999,20.969999,21.290001,190200,19.53071
2012-10-24,21.52,21.530001,21.09,21.200001,295000,19.448147
2012-10-23,21.43,21.530001,21.01,21.41,664100,19.640792
2012-10-22,21.709999,21.780001,21.450001,21.530001,124900,19.750877
2012-10-19,22.16,22.25,21.74,21.790001,240500,19.989392
2012-10-18,22.41,22.58,22.110001,22.32,181500,20.475595
2012-10-17,22.200001,22.469999,22.059999,22.469999,138800,20.613199
2012-10-16,21.92,22.219999,21.860001,22.17,124100,20.33799
2012-10-15,21.73,21.889999,21.440001,21.77,175700,19.971045
2012-10-12,22.18,22.23,21.700001,21.719999,223100,19.925175
2012-10-11,22.540001,22.74,22.17,22.219999,155000,20.383858
2012-10-10,22.33,22.42,22.15,22.35,137900,20.503116
2012-10-09,22.65,22.74,22.32,22.32,121200,20.475595
2012-10-08,22.48,22.77,22.48,22.65,134800,20.778325
2012-10-05,22.870001,23.00,22.73,22.76,136300,20.879236
2012-10-04,22.76,22.91,22.57,22.85,136600,20.961799
2012-10-03,22.66,22.83,22.620001,22.700001,197400,20.824195
2012-10-02,22.780001,22.790001,22.48,22.65,257600,20.778325
2012-10-01,22.66,23.059999,22.559999,22.700001,597100,20.824195
2012-09-28,22.620001,22.790001,22.48,22.49,184900,20.631547
2012-09-27,22.450001,22.84,22.07,22.719999,160300,20.842541
2012-09-26,21.92,22.379999,21.75,22.26,249900,20.420553
2012-09-25,22.290001,22.700001,21.82,21.85,377100,20.044434
2012-09-24,22.959999,23.15,22.82,22.92,247800,21.026014
2012-09-21,23.33,23.33,22.959999,22.98,361600,21.081056
2012-09-20,22.74,23.10,22.74,23.040001,252000,21.136099
2012-09-19,22.67,22.93,22.66,22.879999,263600,20.989319
2012-09-18,22.280001,22.690001,22.120001,22.620001,334000,20.750805
2012-09-17,22.559999,22.66,22.26,22.639999,237900,20.769151
2012-09-14,22.48,22.92,22.299999,22.68,510700,20.805847
2012-09-13,21.84,22.35,21.629999,22.309999,527000,20.466421
2012-09-12,21.74,21.98,21.58,21.85,327300,20.044434
2012-09-11,21.540001,21.799999,21.440001,21.73,239600,19.934349
2012-09-10,21.09,21.66,21.09,21.48,407800,19.705008
2012-09-07,21.700001,21.700001,20.950001,21.02,660000,19.283021
2012-09-06,21.75,21.93,21.65,21.799999,311200,19.998564
2012-09-05,21.549999,21.639999,21.219999,21.620001,674100,19.83344
2012-09-04,21.290001,21.50,21.040001,21.469999,335900,19.695834
2012-08-31,21.34,21.530001,21.10,21.209999,358900,19.457319
2012-08-30,21.43,21.530001,21.24,21.26,209000,19.503188
2012-08-29,21.530001,21.709999,21.190001,21.49,375100,19.714182
2012-08-28,21.08,21.610001,21.08,21.57,409300,19.787571
2012-08-27,20.700001,21.18,20.700001,21.139999,752400,19.393103
2012-08-24,20.219999,20.75,20.09,20.700001,222900,18.989464
2012-08-23,20.450001,20.450001,20.200001,20.27,301400,18.594997
2012-08-22,20.43,20.60,20.32,20.42,358800,18.732601
2012-08-21,20.10,20.48,20.07,20.43,322500,18.741775
2012-08-20,19.959999,20.09,19.870001,20.049999,282100,18.393175
2012-08-17,19.93,20.049999,19.93,20.00,267800,18.347307
2012-08-16,19.93,20.00,19.860001,19.99,313400,18.338134
2012-08-15,19.84,20.049999,19.84,19.959999,289300,18.310612
2012-08-14,19.690001,20.02,19.60,20.00,394700,18.347307
2012-08-13,19.57,19.719999,19.450001,19.60,274000,17.980362
2012-08-10,19.309999,19.60,19.25,19.57,321200,17.95284
2012-08-09,19.469999,19.719999,18.99,19.459999,577000,17.851929
2012-08-08,20.73,20.85,19.27,19.65,896200,18.026229
2012-08-07,17.780001,18.059999,17.700001,17.799999,261500,16.329103
2012-08-06,17.799999,18.139999,17.690001,17.700001,165200,16.237368
2012-08-03,17.59,17.92,17.549999,17.719999,317500,16.255714
2012-08-02,17.01,17.43,16.99,17.379999,161200,15.943809
2012-08-01,17.700001,17.74,17.049999,17.08,162400,15.6686
2012-07-31,17.629999,17.75,17.309999,17.629999,169100,16.173151
2012-07-30,17.75,17.82,17.610001,17.700001,134700,16.237368
2012-07-27,17.32,17.75,17.15,17.700001,179900,16.237368
2012-07-26,17.389999,17.49,17.120001,17.299999,161600,15.87042
2012-07-25,17.25,17.35,17.09,17.15,98600,15.732816
2012-07-24,17.26,17.35,17.07,17.15,153200,15.732816
2012-07-23,17.469999,17.469999,17.17,17.17,111500,15.751164
2012-07-20,17.450001,17.85,17.450001,17.719999,132800,16.255714
2012-07-19,17.82,17.98,17.57,17.610001,74800,16.154805
2012-07-18,17.59,17.950001,17.59,17.799999,107100,16.329103
2012-07-17,17.709999,17.77,17.450001,17.66,87500,16.200672
2012-07-16,17.440001,17.639999,17.370001,17.559999,153100,16.108935
2012-07-13,17.450001,17.639999,17.41,17.559999,119100,16.108935
2012-07-12,17.360001,17.620001,17.360001,17.450001,162900,16.008026
2012-07-11,17.549999,17.73,17.43,17.540001,128600,16.090589
2012-07-10,17.950001,17.99,17.469999,17.530001,130300,16.081416
2012-07-09,17.67,17.83,17.540001,17.809999,301200,16.338277
2012-07-06,17.77,17.84,17.66,17.75,97700,16.283235
2012-07-05,17.82,17.99,17.700001,17.959999,95700,16.475881
2012-07-03,17.75,17.790001,17.01,17.790001,95500,16.319931
2012-07-02,17.360001,17.709999,17.25,17.700001,217600,16.237368
2012-06-29,17.02,17.309999,17.02,17.280001,177500,15.852074
2012-06-28,16.76,16.91,16.620001,16.809999,80000,15.420911
2012-06-27,16.75,17.00,16.75,16.90,116800,15.503474
2012-06-26,16.85,16.90,16.610001,16.77,126500,15.384218
2012-06-25,16.870001,16.950001,16.790001,16.870001,131700,15.475955
2012-06-22,16.780001,17.110001,16.780001,17.030001,275500,15.622733
2012-06-21,16.610001,16.76,16.540001,16.690001,738000,15.310829
2012-06-20,16.57,16.75,16.540001,16.60,222500,15.228266
2012-06-19,16.299999,16.74,16.25,16.60,200500,15.228266
2012-06-18,16.129999,16.370001,16.129999,16.219999,158500,14.879666
2012-06-15,16.26,16.42,16.18,16.219999,536200,14.879666
2012-06-14,16.17,16.389999,16.17,16.32,149100,14.971403
2012-06-13,16.32,16.52,16.049999,16.10,105800,14.769583
2012-06-12,16.299999,16.440001,16.059999,16.370001,183200,15.017272
2012-06-11,16.57,16.610001,16.190001,16.190001,214900,14.852146
2012-06-08,16.440001,16.629999,16.42,16.469999,184600,15.109007
2012-06-07,16.75,16.90,16.40,16.530001,281000,15.16405
2012-06-06,16.43,16.629999,16.32,16.58,205200,15.209918
2012-06-05,16.299999,16.549999,16.299999,16.370001,101100,15.017272
2012-06-04,16.42,16.530001,16.26,16.389999,103100,15.035618
2012-06-01,16.190001,16.50,16.030001,16.35,161100,14.998924
2012-05-31,16.700001,16.709999,16.370001,16.50,270500,15.136529
2012-05-30,16.620001,16.82,16.610001,16.639999,249500,15.264959
2012-05-29,16.48,16.90,16.48,16.799999,210200,15.411738
2012-05-25,16.33,16.440001,16.219999,16.379999,102500,15.026444
2012-05-24,16.450001,16.49,16.190001,16.290001,135000,14.943883
2012-05-23,16.23,16.59,16.059999,16.40,307000,15.044792
2012-05-22,16.700001,16.77,16.290001,16.41,133000,15.053966
2012-05-21,16.469999,16.700001,16.219999,16.66,130600,15.283307
2012-05-18,16.58,16.790001,16.360001,16.370001,155600,15.017272
2012-05-17,16.83,16.950001,16.620001,16.620001,150200,15.246613
2012-05-16,16.85,16.93,16.73,16.83,225800,15.439259
2012-05-15,16.59,16.860001,16.42,16.83,249000,15.439259
2012-05-14,16.43,16.610001,16.32,16.57,400600,15.200744
2012-05-11,16.459999,16.639999,16.35,16.530001,195700,15.16405
2012-05-10,16.50,16.65,16.32,16.530001,206000,15.16405
2012-05-09,16.15,16.440001,15.93,16.379999,221000,15.026444
2012-05-08,16.110001,16.450001,16.110001,16.290001,155500,14.943883
2012-05-07,16.059999,16.309999,15.92,16.23,325000,14.88884
2012-05-04,16.299999,16.299999,15.99,16.049999,194800,14.723714
2012-05-03,15.96,16.49,15.96,16.459999,402900,15.099833
2012-05-02,14.93,16.209999,14.48,15.97,500700,14.650325
2012-05-01,14.37,14.86,14.17,14.60,250000,13.393535
2012-04-30,14.62,14.63,14.35,14.40,166000,13.210061
2012-04-27,14.42,14.70,14.33,14.68,122700,13.466924
2012-04-26,14.27,14.45,14.22,14.42,89400,13.228409
2012-04-25,14.44,14.44,14.23,14.26,116100,13.08163
2012-04-24,14.00,14.32,13.85,14.26,133800,13.08163
2012-04-23,14.27,14.40,14.10,14.39,132200,13.200888
2012-04-20,14.91,14.91,14.44,14.52,174900,13.320146
2012-04-19,14.64,14.76,14.45,14.54,106400,13.338492
2012-04-18,14.82,14.85,14.59,14.60,89300,13.393535
2012-04-17,14.74,15.05,14.74,14.89,121200,13.659571
2012-04-16,14.52,14.72,14.43,14.61,119800,13.402708
2012-04-13,14.65,14.69,14.38,14.49,117800,13.292624
2012-04-12,14.67,14.89,14.67,14.75,187400,13.531139
