Date,Open,High,Low,Close,Volume,Adj Close
2018-04-26,11.89,12,11.88,11.945,232526,11.945
2018-04-25,11.86,11.8699,11.75,11.84,326015,11.84
2018-04-24,12.01,12.03,11.81,11.85,392498,11.85
2018-04-23,12,12.02,11.93,11.97,364746,11.97
2018-04-20,12.08,12.08,11.92,11.96,444507,11.96
2018-04-19,11.96,12,11.84,11.99,304599,11.99
2018-04-18,12.14,12.15,11.96,12,661276,12
2018-04-17,12.07,12.13,11.98,12.09,285077,12.09
2018-04-16,11.95,11.96,11.8747,11.96,189392,11.96
2018-04-13,11.89,11.95,11.816,11.86,215714,11.86
2018-04-12,11.89,11.95,11.8001,11.87,225139,11.87
2018-04-11,11.84,11.97,11.84,11.9,270917,11.9
2018-04-10,11.85,11.94,11.81,11.89,305741,11.89
2018-04-09,11.73,11.86,11.7,11.71,251106,11.71
2018-04-06,11.85,11.9,11.59,11.72,333656,11.72
2018-04-05,11.85,11.9,11.73,11.88,276636,11.88
2018-04-04,11.45,11.775,11.4,11.77,584963,11.77
2018-04-03,11.6,11.65,11.49,11.63,315032,11.63
2018-04-02,11.82,11.8444,11.37,11.52,381378,11.52
2018-03-29,11.72,11.899,11.678,11.83,252868,11.83
2018-03-28,11.78,11.79,11.62,11.64,250716,11.64
2018-03-27,11.89,11.96,11.63,11.72,314533,11.72
2018-03-26,11.82,11.89,11.6699,11.86,432378,11.86
2018-03-23,11.91,11.96,11.63,11.65,465149,11.65
2018-03-22,12.13,12.13,11.8811,11.9,545490,11.9
2018-03-21,12.16,12.25,12.121,12.16,443507,12.16
2018-03-20,12.17,12.19,12.1,12.13,628304,12.13
2018-03-19,12.25,12.25,12,12.12,333776,12.12
2018-03-16,12.27,12.29,12.2252,12.26,288208,12.26
2018-03-15,12.24,12.27,12.14,12.25,356528,12.25
2018-03-14,12.32,12.325,12.17,12.19,362211,12.19
2018-03-13,12.46,12.46,12.26,12.29,292650,12.29
2018-03-12,12.44,12.44,12.3237,12.36,274886,12.36
2018-03-09,12.23,12.4,12.19,12.38,597880,12.38
2018-03-08,12.2,12.24,12.14,12.2,296931,12.2
2018-03-07,11.97,12.18,11.96,12.18,632636,12.18
2018-03-06,12.16,12.17,11.98,12.04,267745,12.04
2018-03-05,11.94,12.1,11.862,12.06,404773,12.06
2018-03-02,11.82,11.9799,11.73,11.97,203249,11.97
2018-03-01,12.04,12.11,11.8,11.9,301917,11.9
2018-02-28,12.15,12.21,12.04,12.04,339766,12.04
2018-02-27,12.35,12.3867,12.16,12.16,336213,12.16
2018-02-26,12.21,12.33,12.21,12.31,224384,12.31
2018-02-23,12.06,12.2,12.04,12.17,186889,12.17
2018-02-22,12.13,12.14,11.94,12.02,303898,12.02
2018-02-21,12.11,12.2382,12.0665,12.07,388235,12.07
2018-02-20,12.13,12.2,12.07,12.1,469301,12.1
2018-02-16,12.11,12.22,12.0701,12.16,248858,12.16
2018-02-15,12,12.1089,11.95,12.07,326251,12.07
2018-02-14,11.76,11.97,11.73,11.97,354822,11.97
2018-02-13,11.68,11.81,11.63,11.8,320962,11.8
2018-02-12,11.55,11.77,11.53,11.71,317244,11.71
2018-02-09,11.68,11.7399,11.201,11.51,700364,11.51
2018-02-08,11.98,12.07,11.58,11.58,620656,11.58
2018-02-07,11.9,12.12,11.8485,12.01,440658,12.01
2018-02-06,11.27,11.95,11,11.93,1080541,11.93
2018-02-05,12.23,12.23,11.46,11.5,2020051,11.5
2018-02-02,12.52,12.5313,12.24,12.27,566999,12.27
2018-02-01,12.56,12.6399,12.521,12.57,224459,12.57
2018-01-31,12.67,12.72,12.55,12.6,307203,12.6
2018-01-30,12.71,12.78,12.57,12.63,436434,12.63
2018-01-29,12.87,12.879,12.799,12.82,322832,12.82
2018-01-26,12.86,12.91,12.85,12.9,500198,12.9
2018-01-25,12.82,12.87,12.78,12.82,541908,12.82
2018-01-24,12.8,12.85,12.77,12.77,435668,12.77
2018-01-23,12.75,12.79,12.71,12.77,427895,12.77
2018-01-22,12.7,12.76,12.62,12.74,281841,12.74
2018-01-19,12.59,12.69,12.54,12.67,328702,12.67
2018-01-18,12.6,12.64,12.56,12.6,348239,12.6
2018-01-17,12.67,12.67,12.59,12.61,490225,12.61
2018-01-16,12.67,12.77,12.5799,12.58,374849,12.58
2018-01-12,12.6,12.6384,12.55,12.61,274846,12.61
2018-01-11,12.5,12.56,12.474,12.53,375737,12.53
2018-01-10,12.48,12.5,12.37,12.47,382353,12.47
2018-01-09,12.43,12.48,12.3499,12.44,385129,12.44
2018-01-08,12.33,12.37,12.3,12.35,369878,12.35
2018-01-05,12.19,12.34,12.15,12.28,694991,12.28
2018-01-04,12.11,12.24,12.0544,12.12,1826038,12.12
2018-01-03,11.99,12.11,11.96,11.98,1633332,11.98
2018-01-02,12.05,12.17,11.87,11.97,1725120,11.97
2017-12-29,12.14,12.18,12.08,12.08,340242,12.08
2017-12-28,12.1,12.1299,12.06,12.09,397643,12.09
2017-12-27,12.12,12.17,12.098,12.16,293324,12.16
2017-12-26,12.19,12.19,12.063,12.1,550315,12.1
2017-12-22,12.2,12.24,12.195,12.23,260120,12.23
2017-12-21,12.21,12.24,12.165,12.19,392602,12.19
2017-12-20,12.22,12.25,12.19,12.24,275862,12.24
2017-12-19,12.33,12.3499,12.2,12.25,296982,12.25
2017-12-18,12.22,12.34,12.2119,12.3,319578,12.3
2017-12-15,12.07,12.23,12.07,12.18,572902,12.18
2017-12-14,12.12,12.14,12.06,12.08,295681,12.08
2017-12-13,12.12,12.16,12.1,12.13,293917,12.13
2017-12-12,12.18,12.18,12.05,12.1,281197,12.1
2017-12-11,12.1,12.1899,12.1,12.12,199555,12.12
2017-12-08,12.16,12.2,12.12,12.19,169695,12.19
2017-12-07,12.12,12.17,12.09,12.14,208174,12.14
2017-12-06,12.14,12.2,12.1,12.14,220412,12.14
2017-12-05,12.24,12.26,12.13,12.15,221660,12.15
2017-12-04,12.22,12.32,12.19,12.22,247204,12.22
2017-12-01,12.05,12.28,12.05,12.21,196836,12.21
2017-11-30,12.25,12.32,12.19,12.21,404707,12.21
2017-11-29,12.17,12.25,12.145,12.24,274397,12.24
2017-11-28,12.12,12.18,12.09,12.18,307239,12.18
2017-11-27,12.19,12.19,12.11,12.13,194341,12.13
2017-11-24,12.13,12.2,12.12,12.19,102880,12.19
2017-11-22,12.15,12.16,12.12,12.13,212060,12.13
2017-11-21,12.11,12.1506,12.07,12.12,223479,12.12
2017-11-20,12,12.07,11.99,12.03,266077,12.03
2017-11-17,12.01,12.02,11.89,11.99,185029,11.99
2017-11-16,11.83,11.99,11.7907,11.94,382645,11.94
2017-11-15,11.9,11.9,11.68,11.81,532779,11.81
2017-11-14,11.93,11.96,11.777,11.84,472719,11.84
2017-11-13,12.13,12.154,11.96,11.98,382013,11.98
2017-11-10,12.14,12.18,12.09,12.14,238779,12.14
2017-11-09,12.21,12.22,12.07,12.18,287101,12.18
2017-11-08,12.42,12.42,12.31,12.35,217070,12.35
2017-11-07,12.44,12.44,12.33,12.38,299672,12.38
2017-11-06,12.39,12.44,12.25,12.44,234105,12.44
2017-11-03,12.38,12.4,12.32,12.38,261175,12.38
2017-11-02,12.32,12.37,12.2953,12.35,241756,12.35
2017-11-01,12.38,12.42,12.34,12.37,185307,12.37
2017-10-31,12.3,12.36,12.3,12.33,264486,12.33
2017-10-30,12.3,12.369,12.29,12.3,205938,12.3
2017-10-27,12.26,12.36,12.25,12.31,260813,12.31
2017-10-26,12.33,12.3464,12.19,12.22,292845,12.22
2017-10-25,12.39,12.4,12.225,12.2787,384542,12.2787
2017-10-24,12.33,12.41,12.31,12.39,380040,12.39
2017-10-23,12.46,12.5,12.3,12.31,384807,12.31
2017-10-20,12.42,12.48,12.41,12.45,332471,12.45
2017-10-19,12.37,12.4,12.299,12.37,350616,12.37
2017-10-18,12.38,12.39,12.27,12.35,262499,12.35
2017-10-17,12.28,12.4,12.23,12.34,432334,12.34
2017-10-16,12.36,12.38,12.26,12.31,469454,12.31
2017-10-13,12.29,12.32,12.2776,12.3,216265,12.3
2017-10-12,12.27,12.34,12.26,12.29,301810,12.29
2017-10-11,12.27,12.328,12.21,12.25,325353,12.25
2017-10-10,12.28,12.33,12.26,12.27,314324,12.27
2017-10-09,12.33,12.42,12.3001,12.34,216773,12.34
2017-10-06,12.38,12.3817,12.3,12.37,278583,12.37
2017-10-05,12.26,12.3499,12.2396,12.32,223064,12.32
2017-10-04,12.17,12.25,12.1651,12.24,337008,12.24
2017-10-03,12.25,12.26,12.18,12.22,250092,12.22
2017-10-02,12.17,12.2,12.1405,12.2,218865,12.2
2017-09-29,12.15,12.17,12.08,12.13,393765,12.13
2017-09-28,12.06,12.13,12,12.12,247780,12.12
2017-09-27,12.08,12.11,12.0101,12.05,283004,12.05
2017-09-26,12.02,12.06,12,12.05,279472,12.05
2017-09-25,11.97,11.99,11.93,11.99,269942,11.99
2017-09-22,12,12.04,11.96,12,312009,12
2017-09-21,12.04,12.07,11.97,12.01,252365,12.01
2017-09-20,12.03,12.09,11.96,12,342123,12
2017-09-19,12.04,12.09,11.97,12.03,377765,12.03
2017-09-18,12.03,12.03,11.95,12,405309,12
2017-09-15,11.96,11.96,11.87,11.93,429868,11.93
2017-09-14,11.94,11.95,11.85,11.92,253409,11.92
2017-09-13,11.86,11.92,11.8257,11.92,209893,11.92
2017-09-12,11.79,11.85,11.79,11.84,229430,11.84
2017-09-11,11.76,11.78,11.71,11.76,245940,11.76
2017-09-08,11.79,11.83,11.71,11.74,273435,11.74
2017-09-07,11.88,11.88,11.78,11.81,235200,11.81
2017-09-06,11.8,11.87,11.71,11.87,313567,11.87
2017-09-05,11.91,11.92,11.73,11.77,366073,11.77
2017-09-01,11.89,12.01,11.86,11.94,266714,11.94
2017-08-31,11.85,11.92,11.84,11.85,257588,11.85
2017-08-30,11.78,11.86,11.75,11.83,253269,11.83
2017-08-29,11.74,11.79,11.68,11.78,212300,11.78
2017-08-28,11.77,11.79,11.7,11.75,257702,11.75
2017-08-25,11.73,11.76,11.69,11.71,230913,11.71
2017-08-24,11.7,11.73,11.62,11.7,295491,11.7
2017-08-23,11.7,11.76,11.64,11.68,382532,11.68
2017-08-22,11.58,11.72,11.56,11.72,252968,11.72
2017-08-21,11.57,11.58,11.48,11.53,266385,11.53
2017-08-18,11.6,11.6031,11.48,11.58,316071,11.58
2017-08-17,11.75,11.77,11.565,11.58,385256,11.58
2017-08-16,11.78,11.83,11.72,11.74,458846,11.74
2017-08-15,11.78,12,11.64,11.73,545180,11.73
2017-08-14,11.67,11.73,11.6486,11.73,327502,11.73
2017-08-11,11.45,11.59,11.118,11.57,663643,11.57
2017-08-10,11.82,11.8206,11.4,11.44,838494,11.44
2017-08-09,11.91,11.94,11.82,11.86,455016,11.86
2017-08-08,12,12.071,11.9,11.94,459279,11.94
2017-08-07,12.05,12.1,12.01,12.09,324045,12.09
2017-08-04,11.98,12.07,11.96,12.05,337115,12.05
2017-08-03,11.99,12.0335,11.96,11.97,230868,11.97
2017-08-02,12.04,12.08,11.98,12,522060,12
2017-08-01,11.94,12.05,11.93,12.04,364597,12.04
2017-07-31,11.98,12.01,11.91,11.95,282944,11.95
2017-07-28,11.95,11.97,11.87,11.93,207666,11.93
2017-07-27,11.99,12.01,11.86,11.92,458976,11.92
2017-07-26,11.98,12,11.94,11.96,224332,11.96
2017-07-25,11.93,11.97,11.902,11.95,217170,11.95
2017-07-24,11.95,11.95,11.87,11.91,210095,11.91
2017-07-21,11.9,11.97,11.9,11.92,177202,11.92
2017-07-20,11.96,11.97,11.91,11.96,244678,11.96
2017-07-19,11.91,11.98,11.877,11.92,299378,11.92
2017-07-18,11.91,11.94,11.84,11.87,278162,11.87
2017-07-17,11.89,11.93,11.83,11.91,393208,11.91
2017-07-14,11.87,11.89,11.8,11.86,456221,11.86
2017-07-13,11.76,11.831,11.76,11.81,256129,11.81
2017-07-12,11.78,11.85,11.72,11.79,317185,11.79
2017-07-11,11.69,11.728,11.66,11.72,168272,11.72
2017-07-10,11.71,11.7516,11.67,11.72,265807,11.72
2017-07-07,11.69,11.73,11.61,11.73,289710,11.73
2017-07-06,11.82,11.84,11.67,11.7,346934,11.7
2017-07-05,11.82,11.84,11.64,11.83,311807,11.83
2017-07-03,11.73,11.84,11.7,11.81,156925,11.81
2017-06-30,11.74,11.76,11.64,11.74,299297,11.74
2017-06-29,11.69,11.7156,11.57,11.63,296555,11.63
2017-06-28,11.67,11.72,11.65,11.68,322316,11.68
2017-06-27,11.73,11.77,11.61,11.63,313992,11.63
2017-06-26,11.79,11.83,11.66,11.72,481797,11.72
2017-06-23,11.77,11.8467,11.7401,11.79,202108,11.79
2017-06-22,11.79,11.83,11.72,11.74,243940,11.74
2017-06-21,11.8,11.8313,11.73,11.76,238372,11.76
2017-06-20,11.91,11.929,11.76,11.78,326696,11.78
2017-06-19,11.85,11.92,11.85,11.91,246841,11.91
2017-06-16,11.74,11.8553,11.71,11.84,256464,11.84
2017-06-15,11.81,11.82,11.64,11.75,553946,11.75
2017-06-14,11.81,11.88,11.74,11.81,345813,11.81
2017-06-13,11.69,11.8,11.63,11.78,394063,11.78
2017-06-12,11.75,11.799,11.5801,11.62,467629,11.62
2017-06-09,11.8,11.845,11.6901,11.75,278001,11.75
2017-06-08,11.78,11.85,11.7414,11.76,284227,11.76
2017-06-07,11.84,11.915,11.835,11.85,251860,11.85
2017-06-06,11.75,11.85,11.68,11.84,296967,11.84
2017-06-05,11.78,11.8524,11.5,11.81,424498,11.81
2017-06-02,11.76,11.83,11.73,11.82,248449,11.82
2017-06-01,11.71,11.82,11.691,11.77,280590,11.77
2017-05-31,11.75,11.78,11.66,11.71,309860,11.71
2017-05-30,11.64,11.849,11.64,11.7,330461,11.7
2017-05-26,11.65,11.7476,11.65,11.65,197906,11.65
2017-05-25,11.72,11.72,11.65,11.67,269148,11.67
2017-05-24,11.66,11.71,11.6399,11.655,242664,11.655
2017-05-23,11.59,11.66,11.537,11.64,371256,11.64
2017-05-22,11.59,11.6282,11.48,11.55,337339,11.55
2017-05-19,11.38,11.57,11.38,11.52,236195,11.52
2017-05-18,11.3,11.39,11.27,11.39,411520,11.39
2017-05-17,11.55,11.6,11.29,11.32,658461,11.32
2017-05-16,11.6,11.73,11.58,11.66,390251,11.66
2017-05-15,11.6,11.78,11.53,11.61,587036,11.61
2017-05-12,11.64,11.66,11.52,11.55,381900,11.55
2017-05-11,11.76,11.77,11.63,11.66,459100,11.66
2017-05-10,11.71,11.82,11.70,11.77,557800,11.77
2017-05-09,11.65,11.76,11.64,11.73,354900,11.73
2017-05-08,11.61,11.78,11.57,11.65,595500,11.65
2017-05-05,11.65,11.68,11.62,11.67,233900,11.587
2017-05-04,11.60,11.79,11.52,11.62,812500,11.537355
2017-05-03,11.55,11.58,11.53,11.57,302100,11.487711
2017-05-02,11.57,11.57,11.52,11.55,219600,11.467854
2017-05-01,11.54,11.57,11.52,11.55,308800,11.467854
2017-04-28,11.48,11.53,11.44,11.53,279100,11.447995
2017-04-27,11.44,11.51,11.44,11.47,345500,11.388423
2017-04-26,11.44,11.48,11.40,11.46,321600,11.378493
2017-04-25,11.35,11.43,11.35,11.41,283400,11.328849
2017-04-24,11.38,11.39,11.29,11.32,370700,11.239489
2017-04-21,11.28,11.32,11.23,11.32,241500,11.239489
2017-04-20,11.17,11.29,11.17,11.27,304600,11.189845
2017-04-19,11.22,11.27,11.16,11.17,325000,11.090556
2017-04-18,11.15,11.22,11.15,11.19,382000,11.110413
2017-04-17,11.12,11.24,11.11,11.22,506100,11.140201
2017-04-13,11.05,11.11,11.03,11.11,295000,11.030982
2017-04-12,11.15,11.19,11.07,11.07,311300,10.991267
2017-04-11,11.20,11.21,11.12,11.16,192400,11.080627
2017-04-10,11.18,11.25,11.15,11.20,299200,11.120342
2017-04-07,11.13,11.20,11.10,11.19,340200,11.110413
2017-04-06,11.15,11.20,11.10,11.19,363900,11.028004
2017-04-05,11.14,11.23,11.12,11.14,323000,10.978728
2017-04-04,11.15,11.21,11.12,11.12,295800,10.959017
2017-04-03,11.18,11.20,11.09,11.16,260200,10.998438
2017-03-31,11.16,11.23,11.15,11.16,429300,10.998438
2017-03-30,11.08,11.15,11.06,11.14,351200,10.978728
2017-03-29,11.02,11.09,11.02,11.06,251000,10.899887
2017-03-28,10.94,11.05,10.85,11.01,368300,10.85061
2017-03-27,10.94,10.97,10.83,10.95,349700,10.791478
2017-03-24,11.00,11.03,10.95,10.96,287800,10.801334
2017-03-23,10.93,11.02,10.91,10.98,291300,10.821044
2017-03-22,10.91,11.02,10.88,10.94,318900,10.781623
2017-03-21,11.12,11.14,10.86,10.88,390100,10.722492
2017-03-20,11.10,11.15,11.08,11.08,231900,10.919597
2017-03-17,11.09,11.12,11.05,11.11,216800,10.949162
2017-03-16,11.05,11.12,11.00,11.05,435800,10.890031
2017-03-15,10.98,11.05,10.90,11.05,494100,10.890031
2017-03-14,11.00,11.00,10.84,10.89,334200,10.732348
2017-03-13,11.00,11.06,11.00,11.03,274700,10.87032
2017-03-10,10.99,11.02,10.95,11.01,221700,10.85061
2017-03-09,11.00,11.03,10.90,10.93,404200,10.771768
2017-03-08,11.08,11.11,11.00,11.02,253800,10.860466
2017-03-07,11.11,11.19,11.11,11.16,314100,10.91664
2017-03-06,11.15,11.16,11.09,11.12,347400,10.877513
2017-03-03,11.22,11.22,11.09,11.19,964600,10.945986
2017-03-02,11.19,11.25,11.19,11.22,336500,10.975332
2017-03-01,11.21,11.22,11.13,11.20,528000,10.955768
2017-02-28,11.19,11.20,11.06,11.11,382300,10.86773
2017-02-27,11.15,11.23,11.13,11.21,294800,10.96555
2017-02-24,11.13,11.16,11.10,11.15,229700,10.906858
2017-02-23,11.08,11.17,11.07,11.13,455200,10.887295
2017-02-22,10.98,11.07,10.96,11.05,222500,10.809039
2017-02-21,10.91,11.01,10.91,11.00,344800,10.760129
2017-02-17,10.96,11.01,10.87,10.90,616700,10.66231
2017-02-16,11.05,11.12,11.00,11.01,500500,10.769912
2017-02-15,11.06,11.20,11.04,11.07,624600,10.828603
2017-02-14,11.00,11.05,10.98,11.04,312200,10.799257
2017-02-13,11.00,11.05,11.00,11.02,287700,10.779694
2017-02-10,10.98,11.03,10.95,11.02,275500,10.779694
2017-02-09,10.97,11.00,10.93,10.95,324400,10.71122
2017-02-08,10.92,10.98,10.90,10.98,443000,10.740565
2017-02-07,10.99,11.01,10.95,11.00,309900,10.678939
2017-02-06,10.99,11.00,10.90,10.95,396800,10.630398
2017-02-03,10.82,11.11,10.78,11.01,382000,10.688647
2017-02-02,10.83,10.84,10.74,10.75,341500,10.436236
2017-02-01,10.87,10.90,10.78,10.81,241100,10.494485
2017-01-31,10.74,10.88,10.69,10.87,357400,10.552733
2017-01-30,10.73,10.75,10.68,10.74,346100,10.426527
2017-01-27,10.77,10.81,10.73,10.76,241200,10.445944
2017-01-26,10.82,10.84,10.72,10.73,322700,10.416819
2017-01-25,10.85,10.85,10.78,10.84,411800,10.523609
2017-01-24,10.69,10.81,10.65,10.81,267800,10.494485
2017-01-23,10.71,10.71,10.64,10.68,320200,10.368279
2017-01-20,10.69,10.74,10.62,10.71,231100,10.397403
2017-01-19,10.69,10.73,10.63,10.67,272700,10.358571
2017-01-18,10.71,10.71,10.64,10.67,239400,10.358571
2017-01-17,10.74,10.75,10.64,10.67,326900,10.358571
2017-01-13,10.69,10.79,10.69,10.76,329700,10.445944
2017-01-12,10.69,10.70,10.63,10.69,334300,10.377986
2017-01-11,10.66,10.71,10.62,10.70,420600,10.387695
2017-01-10,10.70,10.72,10.60,10.62,337000,10.31003
2017-01-09,10.70,10.75,10.63,10.66,340200,10.348862
2017-01-06,10.70,10.71,10.63,10.68,504300,10.368279
2017-01-05,10.70,10.70,10.60,10.70,1441900,10.387695
2017-01-04,10.49,10.68,10.39,10.68,1392600,10.368279
2017-01-03,10.38,10.50,10.34,10.49,1400600,10.183824
2016-12-30,10.33,10.38,10.26,10.27,349900,9.970246
2016-12-29,10.34,10.39,10.31,10.32,438500,10.018786
2016-12-28,10.48,10.48,10.32,10.33,545800,10.028494
2016-12-27,10.41,10.42,10.36,10.36,359500,9.977041
2016-12-23,10.36,10.42,10.35,10.42,267400,10.034823
2016-12-22,10.41,10.42,10.35,10.35,388600,9.967411
2016-12-21,10.35,10.45,10.32,10.39,419700,10.005933
2016-12-20,10.32,10.40,10.32,10.38,456100,9.996302
2016-12-19,10.33,10.38,10.30,10.30,195800,9.919259
2016-12-16,10.30,10.34,10.26,10.34,547300,9.957781
2016-12-15,10.29,10.35,10.26,10.28,646800,9.899998
2016-12-14,10.30,10.33,10.24,10.25,473200,9.871107
2016-12-13,10.23,10.35,10.22,10.28,393000,9.899998
2016-12-12,10.22,10.23,10.17,10.22,244800,9.842217
2016-12-09,10.14,10.23,10.14,10.23,283800,9.851846
2016-12-08,10.14,10.17,10.09,10.14,612700,9.765174
2016-12-07,10.16,10.24,10.12,10.23,458500,9.771915
2016-12-06,10.15,10.18,10.11,10.15,271700,9.695497
2016-12-05,10.08,10.12,10.06,10.11,265000,9.657288
2016-12-02,10.04,10.08,10.01,10.08,148600,9.628632
2016-12-01,10.08,10.11,10.00,10.02,211500,9.571319
2016-11-30,10.11,10.14,10.03,10.04,365700,9.590423
2016-11-29,10.12,10.16,10.09,10.11,289600,9.657288
2016-11-28,10.12,10.15,10.10,10.13,295800,9.676393
2016-11-25,10.15,10.19,10.06,10.16,128000,9.705049
2016-11-23,10.08,10.19,10.05,10.12,285100,9.666841
2016-11-22,10.07,10.17,10.06,10.16,237000,9.705049
2016-11-21,10.03,10.07,9.97,10.05,317600,9.599975
2016-11-18,10.02,10.06,9.93,10.01,201500,9.561767
2016-11-17,10.02,10.06,9.94,9.97,334600,9.523558
2016-11-16,9.98,10.02,9.90,10.02,374400,9.571319
2016-11-15,9.98,9.99,9.89,9.98,506800,9.533109
2016-11-14,9.93,9.94,9.77,9.89,273900,9.44714
2016-11-11,9.82,9.92,9.80,9.92,238200,9.475797
2016-11-10,9.83,9.92,9.78,9.82,419700,9.380274
2016-11-09,9.63,9.80,9.56,9.77,381800,9.332514
2016-11-08,9.58,9.69,9.54,9.66,242300,9.227439
2016-11-07,9.45,9.64,9.41,9.60,472100,9.170126
2016-11-04,9.54,9.56,9.47,9.49,326900,8.985768
2016-11-03,9.63,9.65,9.54,9.58,289500,9.070986
2016-11-02,9.78,9.81,9.60,9.61,432000,9.099391
2016-11-01,9.95,9.99,9.78,9.83,437700,9.307702
2016-10-31,10.05,10.05,9.95,9.96,188000,9.430795
2016-10-28,10.03,10.12,10.00,10.02,228100,9.487608
2016-10-27,10.10,10.11,10.04,10.06,192700,9.525482
2016-10-26,10.13,10.13,10.06,10.09,186600,9.553888
2016-10-25,10.10,10.14,10.06,10.13,172100,9.591763
2016-10-24,10.11,10.11,10.06,10.08,166700,9.544419
2016-10-21,10.04,10.10,10.00,10.10,169100,9.563357
2016-10-20,10.08,10.10,10.01,10.06,204100,9.525482
2016-10-19,10.06,10.09,10.01,10.09,196800,9.553888
2016-10-18,10.09,10.15,10.02,10.05,179800,9.516013
2016-10-17,10.03,10.07,9.97,9.98,331100,9.449732
2016-10-14,10.18,10.23,10.06,10.07,378300,9.53495
2016-10-13,10.14,10.14,10.02,10.10,201400,9.563357
2016-10-12,10.12,10.15,10.10,10.14,161200,9.601232
2016-10-11,10.24,10.24,10.10,10.15,254100,9.6107
2016-10-10,10.23,10.26,10.17,10.22,216400,9.676981
2016-10-07,10.21,10.21,10.11,10.19,210500,9.648574
2016-10-06,10.17,10.25,10.15,10.25,177400,9.705387
2016-10-05,10.22,10.27,10.20,10.27,378100,9.645735
2016-10-04,10.25,10.27,10.15,10.18,298100,9.561205
2016-10-03,10.27,10.29,10.22,10.27,212700,9.645735
2016-09-30,10.22,10.29,10.20,10.28,369900,9.655126
2016-09-29,10.28,10.33,10.19,10.24,255500,9.617558
2016-09-28,10.24,10.34,10.19,10.33,223400,9.702087
2016-09-27,10.12,10.25,10.12,10.24,362500,9.617558
2016-09-26,10.25,10.29,10.14,10.15,432500,9.533028
2016-09-23,10.39,10.39,10.31,10.31,211500,9.683303
2016-09-22,10.34,10.41,10.32,10.39,247200,9.758441
2016-09-21,10.23,10.37,10.18,10.35,249600,9.720872
2016-09-20,10.26,10.30,10.20,10.21,195500,9.589382
2016-09-19,10.27,10.36,10.26,10.26,260100,9.636342
2016-09-16,10.31,10.31,10.21,10.30,284400,9.673911
2016-09-15,10.21,10.35,10.17,10.31,516900,9.683303
2016-09-14,10.12,10.23,10.12,10.21,240100,9.589382
2016-09-13,10.29,10.30,10.11,10.15,433600,9.533028
2016-09-12,10.24,10.38,10.18,10.38,368800,9.749048
2016-09-09,10.46,10.46,10.25,10.29,347900,9.664519
2016-09-08,10.57,10.57,10.44,10.47,308800,9.833578
2016-09-07,10.53,10.65,10.51,10.63,233800,9.905897
2016-09-06,10.55,10.58,10.50,10.55,295900,9.831346
2016-09-02,10.61,10.63,10.55,10.57,173500,9.849983
2016-09-01,10.54,10.59,10.48,10.59,217100,9.868621
2016-08-31,10.53,10.55,10.48,10.51,181500,9.794071
2016-08-30,10.55,10.58,10.48,10.52,300300,9.80339
2016-08-29,10.59,10.64,10.51,10.55,274900,9.831346
2016-08-26,10.55,10.63,10.53,10.59,272800,9.868621
2016-08-25,10.52,10.57,10.51,10.57,183500,9.849983
2016-08-24,10.55,10.56,10.48,10.52,206900,9.80339
2016-08-23,10.61,10.64,10.52,10.57,239100,9.849983
2016-08-22,10.60,10.63,10.55,10.56,217100,9.840665
2016-08-19,10.58,10.68,10.52,10.61,190200,9.887258
2016-08-18,10.50,10.66,10.47,10.58,334200,9.859302
2016-08-17,10.51,10.57,10.40,10.53,338700,9.812708
2016-08-16,10.52,10.56,10.46,10.53,350800,9.812708
2016-08-15,10.57,10.66,10.46,10.56,503900,9.840665
2016-08-12,10.54,10.57,10.44,10.50,418700,9.784752
2016-08-11,10.51,10.57,10.50,10.53,232400,9.812708
2016-08-10,10.42,10.53,10.40,10.51,341900,9.794071
2016-08-09,10.39,10.46,10.39,10.45,255200,9.738158
2016-08-08,10.48,10.49,10.35,10.35,348200,9.64497
2016-08-05,10.50,10.55,10.43,10.51,313900,9.716725
2016-08-04,10.41,10.52,10.36,10.51,322200,9.716725
2016-08-03,10.40,10.44,10.36,10.44,225400,9.652008
2016-08-02,10.48,10.50,10.36,10.42,287600,9.633518
2016-08-01,10.48,10.51,10.42,10.50,263700,9.70748
2016-07-29,10.44,10.48,10.40,10.48,242200,9.688989
2016-07-28,10.41,10.44,10.35,10.42,194600,9.633518
2016-07-27,10.53,10.55,10.38,10.45,336000,9.661253
2016-07-26,10.50,10.52,10.45,10.48,327100,9.688989
2016-07-25,10.48,10.55,10.45,10.52,345500,9.72597
2016-07-22,10.45,10.51,10.45,10.50,265800,9.70748
2016-07-21,10.40,10.50,10.39,10.49,413600,9.698234
2016-07-20,10.38,10.47,10.33,10.42,472500,9.633518
2016-07-19,10.27,10.39,10.27,10.36,282100,9.578046
2016-07-18,10.32,10.41,10.26,10.30,501200,9.522575
2016-07-15,10.32,10.37,10.23,10.31,528300,9.531821
2016-07-14,10.24,10.28,10.17,10.23,528700,9.457858
2016-07-13,10.21,10.27,10.15,10.19,446800,9.420877
2016-07-12,10.17,10.28,10.15,10.24,322800,9.467104
2016-07-11,10.13,10.18,10.07,10.11,225900,9.346916
2016-07-08,10.10,10.13,10.03,10.11,324900,9.346916
2016-07-07,10.07,10.11,10.05,10.09,425000,9.251691
2016-07-06,9.97,10.08,9.94,10.08,289000,9.242521
2016-07-05,9.99,9.99,9.90,9.95,318100,9.123322
2016-07-01,9.86,10.00,9.84,9.99,188100,9.159998
2016-06-30,9.87,9.92,9.82,9.88,414800,9.059138
2016-06-29,9.73,9.87,9.73,9.84,329200,9.022461
2016-06-28,9.56,9.71,9.54,9.69,348100,8.884923
2016-06-27,9.73,9.75,9.47,9.49,485200,8.70154
2016-06-24,9.69,9.90,9.65,9.82,542700,9.004123
2016-06-23,10.01,10.04,9.95,9.97,230600,9.141661
2016-06-22,9.94,9.98,9.90,9.92,243900,9.095815
2016-06-21,9.95,10.00,9.90,9.96,184600,9.132491
2016-06-20,10.00,10.05,9.93,9.95,245200,9.123322
2016-06-17,9.91,9.95,9.85,9.93,222600,9.104984
2016-06-16,9.86,9.91,9.78,9.91,429400,9.086645
2016-06-15,9.82,10.04,9.81,9.90,522600,9.077476
2016-06-14,9.84,9.88,9.77,9.78,250500,8.967446
2016-06-13,9.85,9.90,9.85,9.87,242200,9.049969
2016-06-10,9.96,10.00,9.86,9.88,374900,9.059138
2016-06-09,10.04,10.08,9.95,10.06,333200,9.224183
2016-06-08,10.08,10.10,10.01,10.03,275300,9.196675
2016-06-07,10.06,10.12,10.04,10.12,276900,9.203093
2016-06-06,10.04,10.11,10.01,10.07,325800,9.157623
2016-06-03,10.00,10.05,9.90,10.03,326000,9.121248
2016-06-02,9.99,10.07,9.98,10.03,220700,9.121248
2016-06-01,9.90,10.05,9.90,10.05,338400,9.139436
2016-05-31,9.95,9.97,9.93,9.94,235700,9.039402
2016-05-27,9.91,9.97,9.81,9.95,286000,9.048496
2016-05-26,9.85,9.93,9.84,9.93,278300,9.030308
2016-05-25,9.76,9.88,9.75,9.87,303900,8.975744
2016-05-24,9.65,9.77,9.63,9.76,342700,8.875711
2016-05-23,9.64,9.72,9.60,9.63,291400,8.757489
2016-05-20,9.74,9.79,9.62,9.64,449900,8.766583
2016-05-19,9.74,9.77,9.66,9.73,256900,8.848428
2016-05-18,9.71,9.78,9.70,9.76,208600,8.875711
2016-05-17,9.77,9.79,9.68,9.72,431700,8.839335
2016-05-16,9.73,9.86,9.72,9.77,580600,8.884805
2016-05-13,9.73,9.74,9.67,9.70,350500,8.821147
2016-05-12,9.76,9.79,9.70,9.71,247300,8.830241
2016-05-11,9.71,9.79,9.70,9.73,260200,8.848428
2016-05-10,9.68,9.81,9.66,9.74,404300,8.857523
2016-05-09,9.63,9.72,9.63,9.68,234800,8.802959
2016-05-06,9.66,9.78,9.62,9.75,291500,8.791137
2016-05-05,9.77,9.81,9.66,9.72,407600,8.764088
2016-05-04,9.73,9.80,9.71,9.77,322600,8.809171
2016-05-03,9.78,9.84,9.69,9.78,297200,8.818186
2016-05-02,9.86,9.88,9.77,9.87,368000,8.899336
2016-04-29,9.85,9.89,9.76,9.87,262400,8.899336
2016-04-28,9.89,9.93,9.85,9.89,378700,8.917369
2016-04-27,9.85,9.95,9.82,9.93,316300,8.953435
2016-04-26,9.90,9.95,9.84,9.90,378100,8.926385
2016-04-25,9.86,9.88,9.82,9.88,284400,8.908352
2016-04-22,9.84,9.90,9.81,9.90,387800,8.926385
2016-04-21,9.88,9.89,9.79,9.84,375500,8.872286
2016-04-20,9.79,9.89,9.77,9.85,203100,8.881303
2016-04-19,9.83,9.84,9.75,9.81,289900,8.845237
2016-04-18,9.64,9.84,9.64,9.83,498000,8.863269
2016-04-15,9.70,9.78,9.65,9.69,433600,8.737037
2016-04-14,9.62,9.69,9.56,9.69,276600,8.737037
2016-04-13,9.48,9.61,9.48,9.61,263700,8.664905
2016-04-12,9.42,9.48,9.40,9.48,218200,8.54769
2016-04-11,9.42,9.48,9.38,9.42,265400,8.493591
2016-04-08,9.45,9.45,9.34,9.38,192500,8.457525
2016-04-07,9.48,9.48,9.40,9.43,189100,8.42777
2016-04-06,9.41,9.56,9.40,9.56,231600,8.543954
2016-04-05,9.44,9.45,9.38,9.44,242300,8.436707
2016-04-04,9.58,9.59,9.50,9.54,309500,8.526079
2016-04-01,9.41,9.63,9.41,9.62,239300,8.597576
2016-03-31,9.52,9.56,9.48,9.51,274000,8.499267
2016-03-30,9.45,9.55,9.45,9.49,258600,8.481393
2016-03-29,9.26,9.44,9.26,9.44,280300,8.436707
2016-03-28,9.34,9.39,9.30,9.32,248600,8.32946
2016-03-24,9.39,9.39,9.33,9.35,205000,8.356273
2016-03-23,9.50,9.50,9.41,9.44,271100,8.436707
2016-03-22,9.44,9.52,9.41,9.49,246600,8.481393
2016-03-21,9.43,9.48,9.40,9.47,222300,8.463519
2016-03-18,9.41,9.46,9.39,9.45,303300,8.445644
2016-03-17,9.29,9.42,9.27,9.40,342200,8.400958
2016-03-16,9.27,9.36,9.26,9.33,510000,8.338398
2016-03-15,9.26,9.32,9.21,9.27,564200,8.284775
2016-03-14,9.23,9.33,9.17,9.26,234800,8.275838
2016-03-11,9.14,9.28,9.12,9.27,393100,8.284775
2016-03-10,9.08,9.15,8.96,9.08,368100,8.114968
2016-03-09,9.08,9.12,9.04,9.06,323200,8.097094
2016-03-08,9.13,9.15,9.01,9.06,306000,8.097094
2016-03-07,9.18,9.28,9.16,9.20,335000,8.148036
2016-03-04,9.10,9.24,9.09,9.20,325300,8.148036
2016-03-03,9.08,9.12,9.00,9.12,347500,8.077183
2016-03-02,8.96,9.09,8.91,9.08,303800,8.041757
2016-03-01,8.76,8.99,8.74,8.95,351000,7.926622
2016-02-29,8.80,8.87,8.74,8.74,187300,7.740634
2016-02-26,8.82,8.86,8.76,8.80,286700,7.793773
2016-02-25,8.71,8.80,8.66,8.79,311300,7.784917
2016-02-24,8.48,8.68,8.45,8.68,247300,7.687495
2016-02-23,8.75,8.78,8.57,8.60,328800,7.616642
2016-02-22,8.70,8.78,8.69,8.75,264100,7.749491
2016-02-19,8.59,8.66,8.52,8.59,259500,7.607786
2016-02-18,8.67,8.70,8.62,8.66,295700,7.669781
2016-02-17,8.51,8.69,8.48,8.64,558800,7.652069
2016-02-16,8.46,8.52,8.36,8.47,660500,7.501507
2016-02-12,8.14,8.32,8.08,8.31,435300,7.359802
2016-02-11,8.02,8.15,7.98,8.10,447800,7.173814
2016-02-10,8.28,8.42,8.20,8.20,316300,7.26238
2016-02-09,8.23,8.38,8.18,8.24,390200,7.297806
2016-02-08,8.44,8.44,8.23,8.37,361800,7.412941
2016-02-05,8.71,8.73,8.53,8.64,366400,7.578559
2016-02-04,8.79,8.89,8.71,8.77,329900,7.692589
2016-02-03,8.85,8.85,8.61,8.79,278300,7.710131
2016-02-02,8.91,8.93,8.73,8.78,430600,7.701359
2016-02-01,8.78,9.01,8.75,8.99,333000,7.885561
2016-01-29,8.70,8.89,8.70,8.89,396700,7.797846
2016-01-28,8.67,8.72,8.57,8.64,383300,7.578559
2016-01-27,8.59,8.73,8.54,8.57,274000,7.517158
2016-01-26,8.47,8.67,8.47,8.67,357100,7.604874
2016-01-25,8.56,8.59,8.42,8.42,317900,7.385586
2016-01-22,8.40,8.57,8.40,8.56,527300,7.508388
2016-01-21,8.27,8.47,8.22,8.30,636100,7.280329
2016-01-20,8.38,8.40,7.92,8.28,793500,7.262785
2016-01-19,8.77,8.77,8.42,8.49,646600,7.446987
2016-01-15,8.73,8.73,8.47,8.63,544100,7.569788
2016-01-14,8.81,8.94,8.64,8.88,473600,7.789075
2016-01-13,9.07,9.11,8.75,8.78,420900,7.701359
2016-01-12,9.00,9.11,8.93,9.07,410200,7.955732
2016-01-11,9.12,9.18,8.88,8.95,611000,7.850475
2016-01-08,9.35,9.36,9.07,9.12,447200,7.99959
2016-01-07,9.35,9.42,9.22,9.25,621200,8.113619
2016-01-06,9.61,9.62,9.42,9.50,904400,8.332906
2016-01-05,9.76,9.76,9.60,9.62,705500,8.438164
2016-01-04,9.79,9.86,9.59,9.75,386400,8.552193
2015-12-31,9.90,9.94,9.88,9.90,367700,8.683765
2015-12-30,9.93,9.98,9.87,9.96,510100,8.736394
2015-12-29,10.00,10.04,9.93,9.97,397600,8.745166
2015-12-28,10.09,10.09,9.90,10.02,483700,8.71622
2015-12-24,9.91,10.09,9.90,10.09,277400,8.777112
2015-12-23,9.85,10.03,9.85,9.95,503700,8.655328
2015-12-22,9.72,9.87,9.64,9.82,598200,8.542243
2015-12-21,9.70,9.79,9.66,9.72,578200,8.455255
2015-12-18,9.76,9.78,9.66,9.70,504100,8.437857
2015-12-17,9.83,9.84,9.73,9.76,505400,8.490051
2015-12-16,9.58,9.81,9.58,9.78,603500,8.507448
2015-12-15,9.50,9.68,9.44,9.59,669800,8.342171
2015-12-14,9.46,9.52,9.30,9.41,586300,8.185592
2015-12-11,9.68,9.72,9.47,9.50,450800,8.263881
2015-12-10,9.76,9.81,9.74,9.77,259600,8.49875
2015-12-09,9.78,9.92,9.70,9.72,312700,8.455255
2015-12-08,9.85,9.87,9.77,9.86,323000,8.577038
2015-12-07,10.06,10.08,9.94,9.96,460600,8.591827
2015-12-04,9.93,10.07,9.92,10.05,341100,8.669464
2015-12-03,10.01,10.01,9.87,9.95,371100,8.5832
2015-12-02,10.06,10.08,9.97,9.98,336000,8.609079
2015-12-01,9.98,10.09,9.98,10.06,277000,8.678091
2015-11-30,10.00,10.01,9.95,9.98,226100,8.609079
2015-11-27,9.98,10.01,9.96,10.00,46600,8.626332
2015-11-25,9.98,10.02,9.95,9.99,147100,8.617706
2015-11-24,9.94,10.03,9.90,10.03,225500,8.652211
2015-11-23,10.00,10.05,9.93,9.99,356700,8.617706
2015-11-20,10.05,10.08,9.97,10.00,300600,8.626332
2015-11-19,10.03,10.05,9.99,10.02,227100,8.643585
2015-11-18,9.95,10.05,9.91,9.99,309000,8.617706
2015-11-17,9.86,9.98,9.83,9.90,441200,8.540069
2015-11-16,9.72,9.90,9.67,9.90,453000,8.540069
2015-11-13,9.80,9.82,9.65,9.71,364900,8.376169
2015-11-12,9.96,10.00,9.80,9.81,449400,8.462432
2015-11-11,10.12,10.13,10.01,10.01,197100,8.634959
2015-11-10,10.07,10.13,10.03,10.09,183000,8.703969
2015-11-09,10.14,10.17,10.06,10.08,305600,8.695343
2015-11-06,10.25,10.28,10.14,10.19,332600,8.790232
2015-11-05,10.36,10.37,10.30,10.33,242700,8.839403
2015-11-04,10.35,10.36,10.30,10.34,280900,8.84796
2015-11-03,10.30,10.36,10.21,10.32,263300,8.830845
2015-11-02,10.21,10.30,10.19,10.30,168200,8.813732
2015-10-30,10.23,10.25,10.16,10.20,196600,8.728161
2015-10-29,10.19,10.26,10.19,10.25,190400,8.770947
2015-10-28,10.15,10.25,10.10,10.24,290600,8.762389
2015-10-27,10.11,10.18,10.09,10.13,243600,8.668262
2015-10-26,10.23,10.25,10.14,10.18,229200,8.711048
2015-10-23,10.18,10.28,10.15,10.26,246800,8.779504
2015-10-22,9.98,10.13,9.96,10.13,209600,8.668262
2015-10-21,9.97,10.05,9.94,9.95,221000,8.514236
2015-10-20,9.94,10.00,9.89,9.99,263000,8.548464
2015-10-19,9.90,9.97,9.89,9.92,251800,8.488565
2015-10-16,9.83,9.96,9.83,9.96,510900,8.522793
2015-10-15,9.77,9.84,9.73,9.82,451300,8.402994
2015-10-14,9.75,9.81,9.62,9.72,318600,8.317425
2015-10-13,9.84,9.91,9.76,9.80,251200,8.385881
2015-10-12,9.85,9.95,9.85,9.92,184200,8.488565
2015-10-09,9.71,9.90,9.71,9.90,372900,8.47145
2015-10-08,9.68,9.78,9.56,9.76,396400,8.351653
2015-10-07,9.59,9.66,9.51,9.66,237400,8.266082
2015-10-06,9.54,9.64,9.49,9.64,285800,8.177945
2015-10-05,9.43,9.59,9.41,9.54,351300,8.093112
2015-10-02,9.17,9.42,9.15,9.40,237600,7.974344
2015-10-01,9.29,9.35,9.20,9.32,211500,7.906478
2015-09-30,9.26,9.35,9.20,9.29,435500,7.881028
2015-09-29,9.27,9.36,9.16,9.20,346500,7.804678
2015-09-28,9.52,9.56,9.26,9.27,358100,7.864062
2015-09-25,9.63,9.68,9.54,9.57,219400,8.118561
2015-09-24,9.52,9.64,9.46,9.60,259300,8.144012
2015-09-23,9.68,9.73,9.59,9.60,286700,8.144012
2015-09-22,9.60,9.70,9.56,9.62,261500,8.160978
2015-09-21,9.81,9.90,9.74,9.74,223800,8.262778
2015-09-18,9.84,9.89,9.75,9.75,242800,8.271262
2015-09-17,9.85,10.04,9.82,9.91,229900,8.406995
2015-09-16,9.84,9.93,9.81,9.90,530400,8.398512
2015-09-15,9.62,9.87,9.60,9.86,545600,8.364578
2015-09-14,9.67,9.68,9.57,9.65,247500,8.186428
2015-09-11,9.65,9.71,9.57,9.68,313500,8.211879
2015-09-10,9.65,9.70,9.58,9.68,311600,8.211879
2015-09-09,9.81,9.82,9.60,9.63,455900,8.169462
2015-09-08,9.74,9.81,9.64,9.71,499400,8.237329
2015-09-04,9.67,9.77,9.62,9.74,260100,8.192366
2015-09-03,9.86,9.97,9.81,9.83,239100,8.268066
2015-09-02,9.74,9.83,9.68,9.81,223300,8.251244
2015-09-01,9.70,9.85,9.62,9.64,395300,8.108256
2015-08-31,9.86,9.99,9.86,9.95,304900,8.368999
2015-08-28,9.84,9.97,9.84,9.96,248100,8.37741
2015-08-27,9.79,9.98,9.77,9.94,365400,8.360587
2015-08-26,9.53,9.72,9.35,9.70,550400,8.158722
2015-08-25,9.70,9.75,9.39,9.41,509600,7.914802
2015-08-24,9.19,9.74,8.80,9.39,1123500,7.89798
2015-08-21,10.13,10.17,9.85,9.89,672800,8.318533
2015-08-20,10.36,10.43,10.17,10.18,402100,8.562453
2015-08-19,10.54,10.54,10.40,10.44,291400,8.78114
2015-08-18,10.58,10.60,10.52,10.57,385100,8.890484
2015-08-17,10.52,10.61,10.47,10.58,347100,8.898895
2015-08-14,10.51,10.57,10.47,10.56,293600,8.882073
2015-08-13,10.41,10.52,10.37,10.47,235400,8.806374
2015-08-12,10.42,10.45,10.27,10.41,680500,8.755907
2015-08-11,10.54,10.57,10.44,10.53,310700,8.85684
2015-08-10,10.54,10.65,10.50,10.61,266300,8.924128
2015-08-07,10.61,10.68,10.47,10.50,246500,8.831607
2015-08-06,10.83,10.90,10.67,10.72,177800,8.946838
2015-08-05,10.84,10.91,10.82,10.86,189300,9.063681
2015-08-04,10.83,10.86,10.77,10.83,164200,9.038643
2015-08-03,10.80,10.83,10.73,10.83,197300,9.038643
2015-07-31,10.76,10.86,10.76,10.83,168600,9.038643
2015-07-30,10.82,10.87,10.70,10.77,295700,8.988568
2015-07-29,10.67,10.84,10.65,10.84,239800,9.04699
2015-07-28,10.59,10.75,10.59,10.72,296900,8.946838
2015-07-27,10.77,10.84,10.58,10.61,351100,8.855033
2015-07-24,10.96,10.96,10.81,10.86,150300,9.063681
2015-07-23,11.01,11.02,10.89,10.93,322600,9.122103
2015-07-22,11.01,11.08,11.00,11.02,240700,9.197217
2015-07-21,11.03,11.10,11.00,11.07,180300,9.238946
2015-07-20,11.11,11.12,11.03,11.06,258400,9.2306
2015-07-17,11.20,11.20,11.10,11.14,224900,9.297368
2015-07-16,11.13,11.23,11.13,11.23,297100,9.37248
2015-07-15,11.16,11.21,11.08,11.11,380200,9.272329
2015-07-14,11.04,11.13,11.00,11.13,211600,9.289021
2015-07-13,11.00,11.05,10.95,11.03,249600,9.205562
2015-07-10,10.90,10.95,10.87,10.95,247300,9.138794
2015-07-09,10.86,10.90,10.75,10.75,260000,8.971876
2015-07-08,10.87,10.89,10.76,10.77,229100,8.988568
2015-07-07,10.91,11.04,10.78,11.04,317700,9.144637
2015-07-06,10.94,11.03,10.89,10.95,234000,9.070088
2015-07-02,11.06,11.09,10.98,11.01,224500,9.119787
2015-07-01,11.02,11.11,10.97,11.03,189000,9.136353
2015-06-30,10.86,11.02,10.86,10.97,306000,9.086655
2015-06-29,11.08,11.15,10.85,10.85,445700,8.987256
2015-06-26,11.30,11.31,11.14,11.19,251500,9.268884
2015-06-25,11.31,11.36,11.23,11.27,298000,9.33515
2015-06-24,11.38,11.39,11.31,11.34,175200,9.393132
2015-06-23,11.42,11.47,11.37,11.41,202600,9.451114
2015-06-22,11.35,11.44,11.35,11.39,221800,9.434548
2015-06-19,11.33,11.38,11.32,11.34,196700,9.393132
2015-06-18,11.26,11.44,11.26,11.37,235200,9.417982
2015-06-17,11.34,11.39,11.29,11.30,229000,9.36
2015-06-16,11.27,11.39,11.23,11.38,379200,9.426265
2015-06-15,11.29,11.33,11.20,11.29,341300,9.351716
2015-06-12,11.30,11.33,11.25,11.33,140100,9.384849
2015-06-11,11.36,11.38,11.32,11.34,162300,9.393132
2015-06-10,11.18,11.37,11.18,11.32,240400,9.376566
2015-06-09,11.20,11.23,11.16,11.21,296700,9.285451
2015-06-08,11.27,11.32,11.17,11.18,207200,9.260601
2015-06-05,11.41,11.48,11.35,11.38,242800,9.357514
2015-06-04,11.45,11.48,11.35,11.48,389600,9.439742
2015-06-03,11.52,11.57,11.45,11.47,201700,9.43152
2015-06-02,11.46,11.54,11.44,11.46,199800,9.423297
2015-06-01,11.47,11.52,11.41,11.50,202400,9.456188
2015-05-29,11.53,11.57,11.42,11.47,158000,9.43152
2015-05-28,11.54,11.55,11.48,11.53,235700,9.480856
2015-05-27,11.44,11.56,11.41,11.55,224200,9.497302
2015-05-26,11.51,11.51,11.36,11.42,218700,9.390406
2015-05-22,11.50,11.55,11.50,11.53,179300,9.480856
2015-05-21,11.53,11.58,11.48,11.54,202400,9.489079
2015-05-20,11.53,11.58,11.48,11.52,193500,9.472634
2015-05-19,11.54,11.56,11.51,11.51,239500,9.464411
2015-05-18,11.52,11.59,11.52,11.57,301500,9.513747
2015-05-15,11.55,11.59,11.50,11.56,357800,9.505525
2015-05-14,11.43,11.54,11.39,11.52,209000,9.472634
2015-05-13,11.36,11.42,11.32,11.40,234600,9.37396
2015-05-12,11.28,11.38,11.23,11.32,228500,9.308178
2015-05-11,11.44,11.44,11.31,11.33,282000,9.3164
2015-05-08,11.40,11.46,11.39,11.42,232800,9.390406
2015-05-07,11.26,11.44,11.26,11.41,292200,9.313934
2015-05-06,11.43,11.45,11.28,11.32,228400,9.240467
2015-05-05,11.46,11.48,11.37,11.41,357000,9.313934
2015-05-04,11.45,11.52,11.42,11.46,248400,9.354749
2015-05-01,11.43,11.49,11.38,11.46,294300,9.354749
2015-04-30,11.45,11.52,11.37,11.38,321100,9.289445
2015-04-29,11.45,11.51,11.44,11.50,193600,9.3874
2015-04-28,11.45,11.53,11.37,11.51,215000,9.395564
2015-04-27,11.54,11.56,11.42,11.43,243400,9.33026
2015-04-24,11.51,11.52,11.45,11.52,179500,9.403727
2015-04-23,11.45,11.53,11.42,11.48,215800,9.371074
2015-04-22,11.41,11.45,11.36,11.43,186400,9.33026
2015-04-21,11.43,11.45,11.34,11.37,215900,9.281282
2015-04-20,11.42,11.47,11.38,11.39,230600,9.297608
2015-04-17,11.43,11.43,11.26,11.37,286300,9.281282
2015-04-16,11.42,11.54,11.40,11.48,407600,9.371074
2015-04-15,11.35,11.50,11.34,11.45,506600,9.346585
2015-04-14,11.26,11.35,11.26,11.33,252300,9.24863
2015-04-13,11.23,11.34,11.22,11.31,338500,9.232305
2015-04-10,11.20,11.28,11.19,11.27,247100,9.199653
2015-04-09,11.21,11.26,11.17,11.23,218800,9.167
2015-04-08,11.23,11.26,11.13,11.22,353900,9.158838
2015-04-07,11.27,11.34,11.25,11.26,337300,9.123737
2015-04-06,11.15,11.29,11.15,11.23,333000,9.099428
2015-04-02,11.15,11.24,11.15,11.19,186900,9.067017
2015-04-01,11.24,11.26,11.13,11.19,228200,9.067017
2015-03-31,11.23,11.29,11.22,11.26,265000,9.123737
2015-03-30,11.23,11.34,11.20,11.28,181800,9.139942
2015-03-27,11.12,11.21,11.12,11.18,190700,9.058915
2015-03-26,11.19,11.24,11.11,11.19,185700,9.067017
2015-03-25,11.33,11.36,11.20,11.20,283800,9.07512
2015-03-24,11.37,11.41,11.31,11.33,279700,9.180456
2015-03-23,11.39,11.49,11.33,11.36,340700,9.204765
2015-03-20,11.38,11.51,11.37,11.42,210000,9.253382
2015-03-19,11.41,11.50,11.34,11.36,475500,9.204765
2015-03-18,11.24,11.47,11.21,11.41,468100,9.245279
2015-03-17,11.27,11.33,11.26,11.29,379600,9.148045
2015-03-16,11.40,11.42,11.28,11.32,441200,9.172353
2015-03-13,11.25,11.28,11.11,11.21,195900,9.083223
2015-03-12,11.16,11.29,11.12,11.24,262800,9.107531
2015-03-11,11.27,11.36,11.18,11.21,278600,9.083223
2015-03-10,11.40,11.42,11.25,11.28,369500,9.139942
2015-03-09,11.35,11.46,11.32,11.43,331600,9.261485
2015-03-06,11.44,11.54,11.37,11.39,342100,9.161821
2015-03-05,11.48,11.54,11.47,11.54,217100,9.282476
2015-03-04,11.50,11.51,11.41,11.47,267500,9.22617
2015-03-03,11.55,11.58,11.49,11.49,267300,9.242258
2015-03-02,11.53,11.58,11.53,11.56,312900,9.298564
2015-02-27,11.48,11.54,11.48,11.51,245200,9.258345
2015-02-26,11.55,11.57,11.48,11.50,307800,9.250301
2015-02-25,11.44,11.57,11.40,11.52,678800,9.266389
2015-02-24,11.37,11.47,11.37,11.46,287600,9.218127
2015-02-23,11.37,11.41,11.34,11.39,254500,9.161821
2015-02-20,11.28,11.41,11.26,11.37,370700,9.145733
2015-02-19,11.39,11.45,11.28,11.31,480100,9.097471
2015-02-18,11.46,11.48,11.29,11.39,367100,9.161821
2015-02-17,11.46,11.52,11.41,11.44,395100,9.202039
2015-02-13,11.48,11.53,11.44,11.45,484100,9.210083
2015-02-12,11.35,11.44,11.35,11.42,345800,9.185952
2015-02-11,11.36,11.41,11.31,11.32,317800,9.105514
2015-02-10,11.25,11.39,11.23,11.36,201800,9.137689
2015-02-09,11.16,11.27,11.16,11.20,278000,9.008989
2015-02-06,11.30,11.38,11.16,11.19,258200,9.000945
2015-02-05,11.26,11.40,11.26,11.35,341900,9.062883
2015-02-04,11.26,11.38,11.25,11.26,237700,8.991018
2015-02-03,11.11,11.36,11.11,11.36,190100,9.070867
2015-02-02,11.16,11.17,11.01,11.09,296100,8.855275
2015-01-30,11.11,11.20,11.08,11.08,176800,8.847289
2015-01-29,11.10,11.23,11.06,11.21,269600,8.951094
2015-01-28,11.25,11.30,11.14,11.16,193700,8.911169
2015-01-27,11.14,11.30,11.10,11.23,280600,8.967063
2015-01-26,11.34,11.37,11.26,11.26,285700,8.991018
2015-01-23,11.35,11.46,11.28,11.37,224400,9.078852
2015-01-22,11.27,11.43,11.18,11.42,339000,9.118777
2015-01-21,11.23,11.28,11.17,11.22,330000,8.959079
2015-01-20,11.20,11.29,11.13,11.26,223100,8.991018
2015-01-16,10.93,11.20,10.92,11.20,321400,8.943108
2015-01-15,11.15,11.15,10.91,10.97,540200,8.759456
2015-01-14,11.01,11.14,11.00,11.07,487200,8.839304
2015-01-13,11.27,11.43,11.11,11.20,525200,8.943108
2015-01-12,11.23,11.30,11.13,11.24,263600,8.975048
2015-01-09,11.34,11.37,11.20,11.29,396500,9.014973
2015-01-08,11.21,11.44,11.18,11.38,276300,9.086837
2015-01-07,11.12,11.29,11.10,11.18,362900,8.927139
2015-01-06,11.19,11.26,11.01,11.10,434800,8.86326
2015-01-05,11.36,11.36,11.07,11.13,266200,8.887214
2015-01-02,11.45,11.54,11.30,11.41,267900,9.110792
2014-12-31,11.43,11.53,11.41,11.44,347300,9.134746
2014-12-30,11.45,11.52,11.42,11.46,298400,9.150716
2014-12-29,11.64,11.64,11.46,11.58,265200,9.246535
2014-12-26,11.58,11.74,11.57,11.73,193300,9.300034
2014-12-24,11.50,11.57,11.50,11.55,216600,9.157323
2014-12-23,11.54,11.60,11.48,11.52,279900,9.133538
2014-12-22,11.51,11.59,11.46,11.58,244800,9.181108
2014-12-19,11.50,11.63,11.44,11.54,296300,9.149394
2014-12-18,11.22,11.53,11.19,11.51,324300,9.125609
2014-12-17,10.98,11.16,10.90,11.16,379800,8.848114
2014-12-16,11.03,11.28,10.96,11.00,426900,8.72126
2014-12-15,11.27,11.37,11.05,11.10,433200,8.800544
2014-12-12,11.40,11.40,11.10,11.22,367200,8.895685
2014-12-11,11.38,11.53,11.38,11.43,256100,9.062182
2014-12-10,11.52,11.56,11.30,11.38,438400,9.02254
2014-12-09,11.55,11.58,11.45,11.55,329800,9.157323
2014-12-08,11.71,11.80,11.59,11.66,321300,9.244535
2014-12-05,11.79,11.83,11.74,11.83,201200,9.313513
2014-12-04,11.80,11.84,11.74,11.77,236700,9.266276
2014-12-03,11.80,11.84,11.78,11.82,217000,9.30564
2014-12-02,11.67,11.81,11.67,11.78,231600,9.274149
2014-12-01,11.90,11.93,11.67,11.67,387600,9.187548
2014-11-28,11.88,11.94,11.86,11.92,70900,9.384368
2014-11-26,11.88,11.92,11.84,11.91,261000,9.376495
2014-11-25,11.89,11.92,11.87,11.90,297800,9.368622
2014-11-24,11.89,11.94,11.83,11.91,369700,9.376495
2014-11-21,11.90,11.98,11.86,11.91,274400,9.376495
2014-11-20,11.76,11.88,11.75,11.88,329300,9.352877
2014-11-19,11.85,11.85,11.76,11.83,308500,9.313513
2014-11-18,11.84,11.93,11.80,11.82,453700,9.30564
2014-11-17,11.86,11.98,11.81,11.85,479600,9.329259
2014-11-14,11.88,11.99,11.85,11.92,524700,9.384368
2014-11-13,11.87,11.90,11.82,11.90,369600,9.368622
2014-11-12,11.89,11.90,11.80,11.84,307100,9.321386
2014-11-11,11.79,11.91,11.76,11.90,293300,9.368622
2014-11-10,11.77,11.87,11.70,11.82,233300,9.30564
2014-11-07,11.82,11.87,11.76,11.83,174800,9.313513
2014-11-06,11.80,11.87,11.72,11.84,256300,9.321386
2014-11-05,11.79,11.91,11.78,11.88,238800,9.287532
2014-11-04,11.75,11.84,11.70,11.78,211400,9.209354
2014-11-03,11.78,11.90,11.75,11.82,164300,9.240625
2014-10-31,11.80,11.88,11.72,11.82,226500,9.240625
2014-10-30,11.54,11.78,11.54,11.74,219600,9.178083
2014-10-29,11.63,11.65,11.50,11.65,243800,9.107723
2014-10-28,11.54,11.68,11.46,11.57,393900,9.045181
2014-10-27,11.45,11.58,11.39,11.54,266300,9.021727
2014-10-24,11.36,11.57,11.35,11.55,314600,9.029545
2014-10-23,11.46,11.62,11.30,11.40,467800,8.912278
2014-10-22,11.28,11.49,11.28,11.34,355600,8.865372
2014-10-21,11.01,11.37,10.98,11.31,525300,8.841919
2014-10-20,10.94,11.04,10.86,10.98,346500,8.583931
2014-10-17,10.82,11.07,10.82,10.95,562500,8.560478
2014-10-16,10.07,10.74,9.99,10.71,866200,8.372851
2014-10-15,10.40,10.50,9.68,10.25,1861000,8.013233
2014-10-14,10.64,10.75,10.37,10.48,956800,8.193042
2014-10-13,11.02,11.11,10.54,10.61,855600,8.294673
2014-10-10,11.45,11.62,10.85,11.04,821700,8.630838
2014-10-09,11.71,11.73,11.48,11.51,332400,8.998274
2014-10-08,11.60,11.75,11.53,11.70,574700,9.146812
2014-10-07,11.64,11.67,11.60,11.64,451600,9.099906
2014-10-06,11.64,11.79,11.60,11.73,412900,9.105377
2014-10-03,11.49,11.72,11.49,11.66,413200,9.05104
2014-10-02,11.51,11.56,11.26,11.44,504000,8.880266
2014-10-01,11.73,11.73,11.51,11.55,351200,8.965653
2014-09-30,11.68,11.78,11.63,11.70,259100,9.08209
2014-09-29,11.75,11.79,11.65,11.77,311800,9.136428
2014-09-26,11.76,11.85,11.75,11.82,244000,9.17524
2014-09-25,11.98,11.98,11.75,11.80,346300,9.159715
2014-09-24,11.96,12.02,11.93,11.96,271200,9.283914
2014-09-23,11.95,11.99,11.92,11.93,219200,9.260627
2014-09-22,12.03,12.07,11.90,11.94,274200,9.268389
2014-09-19,12.07,12.12,12.03,12.07,192900,9.369301
2014-09-18,12.00,12.11,11.93,12.06,225200,9.361539
2014-09-17,12.01,12.06,11.94,12.01,302400,9.322727
2014-09-16,11.78,12.07,11.77,12.02,454500,9.33049
2014-09-15,11.86,11.94,11.81,11.84,556200,9.190765
2014-09-12,11.90,11.90,11.75,11.81,195000,9.167478
2014-09-11,11.88,11.91,11.84,11.89,229900,9.229577
2014-09-10,11.84,11.90,11.78,11.89,276900,9.229577
2014-09-09,11.86,11.90,11.75,11.82,243600,9.17524
2014-09-08,11.98,12.02,11.82,11.84,344800,9.190765
2014-09-05,12.08,12.12,11.99,12.05,273400,9.289349
2014-09-04,12.10,12.14,12.04,12.06,381400,9.297058
2014-09-03,12.09,12.14,12.05,12.08,269000,9.312476
2014-09-02,12.08,12.11,12.00,12.03,401400,9.273931
2014-08-29,12.12,12.13,12.00,12.02,442900,9.266222
2014-08-28,12.14,12.18,12.10,12.12,285800,9.343312
2014-08-27,12.21,12.25,12.14,12.17,335700,9.381857
2014-08-26,12.08,12.19,12.08,12.15,431400,9.366438
2014-08-25,12.07,12.22,12.06,12.09,452300,9.320185
2014-08-22,12.09,12.13,12.04,12.05,269200,9.289349
2014-08-21,12.02,12.13,12.02,12.08,395500,9.312476
2014-08-20,11.96,12.07,11.95,12.04,303900,9.28164
2014-08-19,11.94,12.00,11.91,11.96,337300,9.219968
2014-08-18,11.88,11.98,11.80,11.90,476500,9.173713
2014-08-15,11.84,11.97,11.75,11.84,523400,9.12746
2014-08-14,11.65,11.82,11.65,11.75,372800,9.058079
2014-08-13,11.58,11.71,11.57,11.68,361200,9.004116
2014-08-12,11.61,11.65,11.49,11.58,258100,8.927026
2014-08-11,11.56,11.65,11.50,11.57,266800,8.919316
2014-08-08,11.51,11.54,11.41,11.53,256000,8.88848
2014-08-07,11.55,11.61,11.50,11.54,335800,8.832205
2014-08-06,11.46,11.56,11.44,11.52,300100,8.816898
2014-08-05,11.56,11.56,11.45,11.50,257400,8.801591
2014-08-04,11.51,11.55,11.43,11.54,223800,8.832205
2014-08-01,11.60,11.68,11.47,11.51,311100,8.809244
2014-07-31,11.74,11.77,11.60,11.60,320600,8.878126
2014-07-30,11.87,11.94,11.78,11.82,231200,9.046504
2014-07-29,11.93,11.94,11.87,11.87,231900,9.084772
2014-07-28,11.93,11.93,11.86,11.93,287200,9.130694
2014-07-25,12.02,12.04,11.86,11.93,232600,9.130694
2014-07-24,11.99,12.07,11.97,11.98,381600,9.168961
2014-07-23,11.96,12.06,11.93,11.98,402600,9.168961
2014-07-22,11.83,11.97,11.82,11.96,266600,9.153654
2014-07-21,11.85,11.85,11.74,11.78,368800,9.01589
2014-07-18,11.88,11.88,11.80,11.85,298200,9.069465
2014-07-17,11.98,12.02,11.87,11.88,339600,9.092426
2014-07-16,11.99,12.03,11.92,11.98,417300,9.168961
2014-07-15,12.00,12.04,11.92,11.99,548300,9.176615
2014-07-14,11.98,12.06,11.94,11.99,357500,9.176615
2014-07-11,11.94,12.00,11.91,11.97,262600,9.161308
2014-07-10,11.96,12.01,11.87,11.98,323100,9.168961
2014-07-09,11.94,12.01,11.94,11.96,274500,9.153654
2014-07-08,12.00,12.00,11.87,11.93,364500,9.130694
2014-07-07,11.92,12.02,11.91,12.02,357100,9.136051
2014-07-03,11.99,12.06,11.92,11.98,224900,9.105648
2014-07-02,12.02,12.06,11.93,11.97,383100,9.098048
2014-07-01,12.02,12.03,12.00,12.03,300100,9.143652
2014-06-30,11.93,12.02,11.91,12.01,355900,9.12845
2014-06-27,11.91,11.95,11.85,11.92,246000,9.060044
2014-06-26,11.89,11.94,11.79,11.92,350200,9.060044
2014-06-25,11.95,11.97,11.81,11.91,548300,9.052443
2014-06-24,11.96,12.00,11.91,11.94,299900,9.075245
2014-06-23,11.97,11.99,11.91,11.95,314900,9.082846
2014-06-20,11.99,12.02,11.92,11.94,306000,9.075245
2014-06-19,12.00,12.06,11.93,11.96,286400,9.090447
2014-06-18,11.91,12.05,11.87,12.01,349200,9.12845
2014-06-17,11.94,12.16,11.90,11.95,490300,9.082846
2014-06-16,11.77,11.95,11.77,11.93,507300,9.067645
2014-06-13,11.76,11.82,11.75,11.81,319200,8.976436
2014-06-12,11.84,11.87,11.73,11.79,411700,8.961235
2014-06-11,11.83,11.87,11.81,11.84,363500,8.999238
2014-06-10,11.80,11.83,11.72,11.81,390800,8.976436
2014-06-09,11.93,11.96,11.74,11.76,523100,8.938433
2014-06-06,11.95,12.00,11.94,11.98,294600,9.042562
2014-06-05,11.93,11.95,11.88,11.94,292600,9.01237
2014-06-04,11.82,11.93,11.80,11.92,300300,8.997274
2014-06-03,11.86,11.87,11.77,11.79,365100,8.899149
2014-06-02,11.85,11.90,11.78,11.86,306000,8.951985
2014-05-30,11.75,11.86,11.73,11.83,314700,8.929341
2014-05-29,11.83,11.87,11.70,11.75,448400,8.868957
2014-05-28,11.80,11.89,11.76,11.78,392400,8.891601
2014-05-27,11.65,11.86,11.65,11.80,423000,8.906697
2014-05-23,11.68,11.76,11.57,11.68,393800,8.816121
2014-05-22,11.62,11.73,11.57,11.68,455100,8.816121
2014-05-21,11.57,11.62,11.48,11.59,291400,8.748188
2014-05-20,11.61,11.62,11.51,11.55,358400,8.717996
2014-05-19,11.49,11.61,11.46,11.60,416000,8.755737
2014-05-16,11.40,11.51,11.36,11.51,497200,8.687804
2014-05-15,11.51,11.52,11.28,11.38,548000,8.589679
2014-05-14,11.36,11.51,11.35,11.47,418400,8.657612
2014-05-13,11.46,11.47,11.39,11.40,351600,8.604775
2014-05-12,11.44,11.51,11.39,11.42,367700,8.619871
2014-05-09,11.28,11.41,11.26,11.41,320400,8.612323
2014-05-08,11.26,11.37,11.25,11.32,324700,8.544391
2014-05-07,11.34,11.39,11.27,11.33,349800,8.48929
2014-05-06,11.38,11.39,11.28,11.32,336700,8.481797
2014-05-05,11.22,11.42,11.22,11.41,305100,8.549232
2014-05-02,11.28,11.31,11.22,11.26,260900,8.436841
2014-05-01,11.26,11.31,11.20,11.26,414700,8.436841
2014-04-30,11.26,11.34,11.25,11.28,342200,8.451826
2014-04-29,11.25,11.29,11.21,11.26,321500,8.436841
2014-04-28,11.25,11.27,11.15,11.25,249700,8.429348
2014-04-25,11.22,11.23,11.18,11.23,234000,8.414362
2014-04-24,11.25,11.29,11.18,11.23,423400,8.414362
2014-04-23,11.26,11.28,11.20,11.23,436300,8.414362
2014-04-22,11.22,11.35,11.19,11.26,460900,8.436841
2014-04-21,11.19,11.25,11.17,11.23,306500,8.414362
2014-04-17,11.24,11.27,11.13,11.24,338000,8.421855
2014-04-16,11.01,11.27,11.01,11.23,444400,8.414362
2014-04-15,10.97,11.06,10.93,10.99,472200,8.234536
2014-04-14,10.94,10.97,10.89,10.95,378300,8.204565
2014-04-11,10.92,10.94,10.83,10.86,342500,8.13713
2014-04-10,11.01,11.06,10.93,10.94,433400,8.197072
2014-04-09,10.94,11.08,10.94,11.02,580700,8.257015
2014-04-08,11.00,11.02,10.92,10.95,485700,8.204565
2014-04-07,11.17,11.19,11.05,11.11,433000,8.262259
2014-04-04,11.23,11.30,11.11,11.22,453100,8.344064
2014-04-03,11.26,11.30,11.24,11.28,272700,8.388685
2014-04-02,11.21,11.29,11.15,11.27,452400,8.381248
2014-04-01,11.16,11.23,11.15,11.23,422900,8.351501
2014-03-31,11.05,11.14,11.04,11.12,279300,8.269696
2014-03-28,10.99,11.07,10.98,11.05,234800,8.217639
2014-03-27,11.01,11.04,10.94,10.98,333500,8.165581
2014-03-26,11.05,11.09,11.00,11.02,285600,8.195329
2014-03-25,11.04,11.10,11.01,11.03,287800,8.202765
2014-03-24,11.11,11.13,10.98,11.03,321000,8.202765
2014-03-21,11.13,11.18,11.05,11.06,276500,8.225076
2014-03-20,11.01,11.13,10.99,11.13,230100,8.277133
2014-03-19,11.15,11.15,11.00,11.06,219600,8.225076
2014-03-18,11.07,11.14,11.04,11.12,329100,8.269696
2014-03-17,11.00,11.11,10.98,11.07,392000,8.232512
2014-03-14,11.07,11.11,10.95,10.96,444300,8.150708
2014-03-13,11.07,11.14,10.97,11.04,351200,8.210202
2014-03-12,11.00,11.10,10.98,11.06,236500,8.225076
2014-03-11,11.11,11.12,11.00,11.04,468200,8.210202
2014-03-10,11.12,11.17,11.06,11.13,203800,8.277133
2014-03-07,11.26,11.26,11.11,11.16,286200,8.299443
2014-03-06,11.25,11.30,11.21,11.23,312400,8.299443
2014-03-05,11.18,11.29,11.13,11.26,273300,8.321615
2014-03-04,11.12,11.20,11.10,11.19,222400,8.269881
2014-03-03,11.11,11.11,11.01,11.06,190100,8.173807
2014-02-28,11.07,11.18,11.04,11.15,241800,8.24032
2014-02-27,11.08,11.09,11.02,11.07,360600,8.181197
2014-02-26,11.12,11.13,11.04,11.09,323700,8.195978
2014-02-25,11.08,11.14,11.01,11.09,331200,8.195978
2014-02-24,11.00,11.11,10.98,11.10,333500,8.203368
2014-02-21,11.01,11.06,10.97,10.99,404800,8.122073
2014-02-20,10.99,11.01,10.93,10.98,432300,8.114683
2014-02-19,10.90,11.06,10.76,10.99,292400,8.122073
2014-02-18,11.10,11.17,10.95,11.02,623800,8.144245
2014-02-14,11.07,11.13,10.98,11.13,448900,8.225539
2014-02-13,10.83,11.03,10.79,11.03,231100,8.151635
2014-02-12,10.84,10.93,10.84,10.88,329800,8.040779
2014-02-11,10.74,10.90,10.74,10.88,267000,8.040779
2014-02-10,10.71,10.80,10.70,10.76,263200,7.952094
2014-02-07,10.59,10.73,10.59,10.71,282200,7.915142
2014-02-06,10.59,10.70,10.56,10.66,286100,7.826456
2014-02-05,10.55,10.63,10.52,10.58,214500,7.767721
2014-02-04,10.62,10.66,10.52,10.60,341800,7.782405
2014-02-03,10.76,10.76,10.55,10.59,357600,7.775063
2014-01-31,10.65,10.83,10.60,10.77,270600,7.907218
2014-01-30,10.75,10.79,10.69,10.71,327000,7.863166
2014-01-29,10.72,10.77,10.58,10.67,423700,7.833798
2014-01-28,10.72,10.78,10.70,10.77,367800,7.907218
2014-01-27,10.91,10.91,10.70,10.72,407900,7.870508
2014-01-24,11.03,11.04,10.87,10.88,364400,7.987978
2014-01-23,11.13,11.13,10.99,11.04,360900,8.105448
2014-01-22,11.13,11.16,11.04,11.14,324800,8.178867
2014-01-21,11.15,11.16,11.03,11.07,340800,8.127474
2014-01-17,11.06,11.12,11.02,11.09,343300,8.142158
2014-01-16,11.05,11.12,11.00,11.12,420900,8.164183
2014-01-15,10.94,11.04,10.89,11.02,363800,8.090765
2014-01-14,10.84,10.92,10.84,10.90,299400,8.002661
2014-01-13,10.92,11.02,10.84,10.87,302200,7.980636
2014-01-10,10.88,11.02,10.88,10.99,302900,8.068739
2014-01-09,10.94,11.00,10.90,10.99,293400,8.068739
2014-01-08,10.84,10.95,10.84,10.95,314000,8.039371
2014-01-07,10.80,10.91,10.80,10.88,522400,7.987978
2014-01-06,10.93,10.93,10.79,10.83,511300,7.951268
2014-01-03,10.80,10.86,10.79,10.86,313300,7.973294
2014-01-02,10.86,10.90,10.82,10.82,186500,7.943926
2013-12-31,10.89,10.94,10.86,10.89,442700,7.99532
2013-12-30,11.02,11.02,10.87,10.88,324800,7.987978
2013-12-27,11.03,11.07,10.81,10.99,330400,8.068739
2013-12-26,11.10,11.24,11.09,11.12,379000,8.11279
2013-12-24,10.97,11.11,10.92,11.10,216800,8.098199
2013-12-23,10.92,11.03,10.90,11.01,572600,8.032538
2013-12-20,10.76,10.88,10.72,10.85,413000,7.915807
2013-12-19,10.77,10.77,10.67,10.77,396500,7.857442
2013-12-18,10.65,10.77,10.60,10.74,547200,7.835554
2013-12-17,10.64,10.74,10.59,10.68,608900,7.791781
2013-12-16,10.60,10.69,10.60,10.65,568900,7.769893
2013-12-13,10.48,10.57,10.37,10.55,418200,7.696937
2013-12-12,10.54,10.56,10.36,10.40,369000,7.587501
2013-12-11,10.55,10.58,10.50,10.51,384400,7.667754
2013-12-10,10.59,10.64,10.54,10.54,353800,7.689641
2013-12-09,10.51,10.63,10.51,10.61,367100,7.740711
2013-12-06,10.65,10.66,10.56,10.61,311900,7.689641
2013-12-05,10.65,10.66,10.51,10.54,357000,7.638908
2013-12-04,10.64,10.71,10.57,10.64,330400,7.711384
2013-12-03,10.71,10.72,10.62,10.66,443100,7.725879
2013-12-02,10.74,10.80,10.66,10.72,399000,7.769364
2013-11-29,10.75,10.80,10.70,10.74,151700,7.783859
2013-11-27,10.69,10.74,10.62,10.72,233000,7.769364
2013-11-26,10.66,10.68,10.61,10.68,395800,7.740374
2013-11-25,10.70,10.71,10.60,10.65,338200,7.718631
2013-11-22,10.62,10.67,10.56,10.67,245900,7.733126
2013-11-21,10.53,10.59,10.45,10.57,311700,7.660651
2013-11-20,10.55,10.57,10.43,10.45,334600,7.57368
2013-11-19,10.58,10.61,10.49,10.49,317700,7.60267
2013-11-18,10.69,10.74,10.56,10.57,471800,7.660651
2013-11-15,10.61,10.73,10.58,10.69,582300,7.747621
2013-11-14,10.49,10.55,10.46,10.55,443900,7.646156
2013-11-13,10.44,10.47,10.35,10.47,288400,7.588176
2013-11-12,10.48,10.55,10.37,10.43,346500,7.559185
2013-11-11,10.49,10.57,10.48,10.50,325800,7.609918
2013-11-08,10.52,10.53,10.45,10.50,297600,7.609918
2013-11-07,10.60,10.60,10.48,10.51,339900,7.617166
2013-11-06,10.57,10.64,10.55,10.63,433800,7.653403
2013-11-05,10.53,10.56,10.51,10.55,226900,7.595805
2013-11-04,10.51,10.58,10.51,10.58,161700,7.617404
2013-11-01,10.55,10.59,10.48,10.52,387200,7.574206
2013-10-31,10.58,10.60,10.52,10.56,294600,7.603005
2013-10-30,10.62,10.66,10.52,10.56,399000,7.603005
2013-10-29,10.55,10.64,10.55,10.59,356500,7.624604
2013-10-28,10.56,10.63,10.55,10.56,231400,7.603005
2013-10-25,10.55,10.62,10.52,10.62,285800,7.646203
2013-10-24,10.52,10.56,10.47,10.49,369100,7.552606
2013-10-23,10.52,10.55,10.48,10.54,285300,7.588605
2013-10-22,10.49,10.58,10.48,10.52,395400,7.574206
2013-10-21,10.40,10.49,10.40,10.48,244400,7.545406
2013-10-18,10.40,10.46,10.35,10.37,329800,7.466208
2013-10-17,10.22,10.42,10.19,10.42,445900,7.502207
2013-10-16,10.10,10.24,10.09,10.23,583500,7.36541
2013-10-15,10.12,10.18,10.05,10.06,502300,7.243014
2013-10-14,10.05,10.11,10.01,10.10,246700,7.271813
2013-10-11,10.01,10.09,9.98,10.06,346200,7.243014
2013-10-10,9.91,10.01,9.90,10.01,448500,7.207015
2013-10-09,9.88,9.89,9.78,9.82,450000,7.070218
2013-10-08,10.04,10.04,9.81,9.84,443500,7.084618
2013-10-07,10.03,10.10,10.01,10.09,369200,7.214215
2013-10-04,9.99,10.11,9.99,10.11,288500,7.228515
2013-10-03,10.02,10.07,9.98,10.03,494900,7.171316
2013-10-02,9.95,10.11,9.95,10.07,248700,7.199915
2013-10-01,9.96,10.08,9.96,10.04,307500,7.178466
2013-09-30,10.00,10.08,9.97,10.00,371400,7.149866
2013-09-27,10.07,10.15,10.06,10.12,293600,7.235665
2013-09-26,10.06,10.16,10.06,10.14,339100,7.249965
2013-09-25,10.09,10.15,10.07,10.08,361200,7.207065
2013-09-24,10.10,10.16,10.10,10.14,324000,7.249965
2013-09-23,10.13,10.20,10.11,10.11,337200,7.228515
2013-09-20,10.25,10.29,10.16,10.17,287500,7.271414
2013-09-19,10.27,10.33,10.22,10.28,416500,7.350062
2013-09-18,10.09,10.31,10.09,10.30,502200,7.364362
2013-09-17,10.04,10.17,10.04,10.14,462600,7.249965
2013-09-16,10.14,10.16,10.07,10.08,440500,7.207065
2013-09-13,10.00,10.02,9.97,10.00,544800,7.149866
2013-09-12,10.03,10.06,9.96,9.99,525200,7.142716
2013-09-11,9.95,10.03,9.95,10.01,259600,7.157016
2013-09-10,9.99,10.03,9.94,10.01,503000,7.157016
2013-09-09,9.96,9.98,9.92,9.97,289700,7.128417
2013-09-06,9.97,10.04,9.92,9.96,264900,7.071217
2013-09-05,9.93,10.01,9.93,9.97,281300,7.078317
2013-09-04,9.82,9.98,9.80,9.98,473400,7.085416
2013-09-03,9.88,9.91,9.78,9.81,228400,6.964724
2013-08-30,9.82,9.83,9.77,9.83,207800,6.978922
2013-08-29,9.78,9.85,9.76,9.79,282000,6.950524
2013-08-28,9.84,9.87,9.75,9.83,380200,6.978922
2013-08-27,9.86,9.97,9.84,9.85,467100,6.993122
2013-08-26,9.95,10.04,9.94,9.96,379500,7.071217
2013-08-23,9.92,10.01,9.89,10.00,278400,7.099616
2013-08-22,9.85,9.97,9.80,9.92,234300,7.042819
2013-08-21,9.95,10.00,9.82,9.88,339700,7.014421
2013-08-20,9.86,9.96,9.80,9.93,303900,7.049919
2013-08-19,10.02,10.06,9.88,9.89,332200,7.02152
2013-08-16,10.08,10.14,10.03,10.05,465800,7.135114
2013-08-15,10.11,10.16,10.01,10.15,711600,7.20611
2013-08-14,10.16,10.20,10.13,10.17,286500,7.220309
2013-08-13,10.23,10.23,10.13,10.19,297900,7.234508
2013-08-12,10.19,10.22,10.13,10.17,368800,7.220309
2013-08-09,10.23,10.28,10.14,10.22,289600,7.255808
2013-08-08,10.30,10.30,10.20,10.24,258500,7.270007
2013-08-07,10.30,10.34,10.27,10.28,220100,7.248708
2013-08-06,10.31,10.44,10.28,10.34,361400,7.291016
2013-08-05,10.40,10.41,10.34,10.35,400300,7.298067
2013-08-02,10.33,10.42,10.33,10.42,219100,7.347426
2013-08-01,10.35,10.42,10.32,10.37,317800,7.312169
2013-07-31,10.34,10.40,10.32,10.34,246900,7.291016
2013-07-30,10.39,10.39,10.30,10.36,271700,7.305118
2013-07-29,10.38,10.39,10.31,10.35,236600,7.298067
2013-07-26,10.33,10.40,10.30,10.37,334500,7.312169
2013-07-25,10.37,10.42,10.34,10.41,335200,7.340374
2013-07-24,10.46,10.47,10.38,10.42,414200,7.347426
2013-07-23,10.40,10.43,10.36,10.43,332900,7.354477
2013-07-22,10.38,10.42,10.32,10.37,435700,7.312169
2013-07-19,10.38,10.42,10.34,10.38,251800,7.319221
2013-07-18,10.44,10.50,10.38,10.43,325700,7.354477
2013-07-17,10.41,10.43,10.25,10.38,302900,7.319221
2013-07-16,10.46,10.50,10.33,10.34,566100,7.291016
2013-07-15,10.53,10.59,10.34,10.51,415700,7.410887
2013-07-12,10.31,10.46,10.25,10.46,366200,7.375631
2013-07-11,10.29,10.37,10.24,10.33,425400,7.283964
2013-07-10,10.11,10.21,10.10,10.20,287000,7.192298
2013-07-09,10.20,10.20,10.04,10.18,344800,7.178196
2013-07-08,10.17,10.18,10.08,10.09,316800,7.114734
2013-07-05,10.11,10.20,10.04,10.19,239700,7.135887
2013-07-03,10.07,10.14,10.02,10.11,206200,7.079864
2013-07-02,10.23,10.26,10.10,10.18,385200,7.128885
2013-07-01,10.17,10.27,10.13,10.22,357000,7.156896
2013-06-28,10.12,10.22,10.05,10.14,372800,7.100873
2013-06-27,10.11,10.20,10.06,10.15,449900,7.107876
2013-06-26,9.90,10.13,9.90,10.10,663500,7.072862
2013-06-25,9.85,9.92,9.76,9.87,391000,6.911797
2013-06-24,9.89,9.89,9.51,9.80,867600,6.862777
2013-06-21,9.96,10.18,9.82,10.01,502900,7.009836
2013-06-20,10.20,10.20,9.86,9.93,745900,6.953814
2013-06-19,10.35,10.39,10.25,10.29,383600,7.205916
2013-06-18,10.33,10.39,10.24,10.36,419400,7.254935
2013-06-17,10.28,10.40,10.26,10.29,573200,7.205916
2013-06-14,10.38,10.45,10.23,10.27,467300,7.19191
2013-06-13,10.12,10.27,10.06,10.27,429800,7.19191
2013-06-12,10.34,10.36,10.06,10.09,657600,7.065859
2013-06-11,10.31,10.36,10.18,10.34,536100,7.24093
2013-06-10,10.37,10.47,10.36,10.37,409600,7.261938
2013-06-07,10.28,10.47,10.28,10.45,441400,7.317961
2013-06-06,10.17,10.30,10.11,10.30,506700,7.163899
2013-06-05,10.35,10.35,10.11,10.15,952100,7.05957
2013-06-04,10.27,10.51,10.21,10.31,1423600,7.170854
2013-06-03,10.68,10.73,10.27,10.35,1184600,7.198675
2013-05-31,10.85,10.89,10.70,10.72,428100,7.456019
2013-05-30,10.82,10.88,10.78,10.85,419900,7.546437
2013-05-29,10.96,10.96,10.73,10.81,483700,7.518616
2013-05-28,10.90,10.95,10.88,10.90,441000,7.581213
2013-05-24,10.78,10.85,10.73,10.81,361800,7.518616
2013-05-23,10.80,10.85,10.68,10.83,384100,7.532527
2013-05-22,10.86,10.96,10.77,10.85,456900,7.546437
2013-05-21,10.91,10.93,10.85,10.90,495400,7.581213
2013-05-20,10.94,10.98,10.85,10.87,449600,7.560347
2013-05-17,10.96,10.99,10.90,10.95,367600,7.615989
2013-05-16,10.94,10.99,10.88,10.93,645100,7.602079
2013-05-15,10.89,10.97,10.85,10.94,624200,7.609034
2013-05-14,10.78,10.85,10.75,10.85,519700,7.546437
2013-05-13,10.76,10.78,10.72,10.78,362000,7.49775
2013-05-10,10.71,10.77,10.70,10.74,354700,7.469929
2013-05-09,10.70,10.75,10.66,10.69,418900,7.435153
2013-05-08,10.65,10.77,10.65,10.73,411500,7.462974
2013-05-07,10.64,10.70,10.64,10.70,767800,7.393422
2013-05-06,10.61,10.70,10.60,10.65,380900,7.358873
2013-05-03,10.66,10.70,10.60,10.66,453800,7.365783
2013-05-02,10.60,10.67,10.58,10.64,261400,7.351964
2013-05-01,10.55,10.64,10.52,10.59,259100,7.317415
2013-04-30,10.56,10.63,10.54,10.56,393700,7.296686
2013-04-29,10.61,10.61,10.57,10.59,267600,7.317415
2013-04-26,10.63,10.63,10.52,10.59,233800,7.317415
2013-04-25,10.57,10.68,10.55,10.63,409600,7.345054
2013-04-24,10.49,10.62,10.49,10.57,342000,7.303595
2013-04-23,10.46,10.51,10.37,10.50,534700,7.255227
2013-04-22,10.38,10.43,10.34,10.39,273600,7.17922
2013-04-19,10.39,10.40,10.32,10.40,293000,7.186129
2013-04-18,10.37,10.41,10.32,10.35,378500,7.151581
2013-04-17,10.37,10.43,10.32,10.40,312100,7.186129
2013-04-16,10.39,10.49,10.34,10.49,409500,7.248317
2013-04-15,10.50,10.63,10.30,10.31,579900,7.123942
2013-04-12,10.50,10.52,10.41,10.47,412500,7.234498
2013-04-11,10.44,10.54,10.42,10.51,407800,7.262137
2013-04-10,10.45,10.52,10.39,10.44,313900,7.213768
2013-04-09,10.45,10.46,10.30,10.40,409200,7.186129
2013-04-08,10.31,10.38,10.25,10.35,364400,7.151581
2013-04-05,10.34,10.43,10.30,10.42,310000,7.151581
2013-04-04,10.37,10.42,10.36,10.42,285200,7.151581
2013-04-03,10.54,10.54,10.34,10.39,442200,7.130991
2013-04-02,10.54,10.58,10.48,10.50,325900,7.206488
2013-04-01,10.63,10.65,10.50,10.54,229700,7.233941
2013-03-28,10.45,10.63,10.42,10.61,404700,7.281984
2013-03-27,10.40,10.53,10.40,10.43,383100,7.158445
2013-03-26,10.47,10.54,10.46,10.52,279600,7.220215
2013-03-25,10.55,10.62,10.42,10.51,353800,7.213351
2013-03-22,10.45,10.59,10.45,10.56,358300,7.247668
2013-03-21,10.39,10.47,10.39,10.45,324900,7.172171
2013-03-20,10.49,10.52,10.40,10.41,361900,7.144718
2013-03-19,10.48,10.51,10.37,10.42,286700,7.151581
2013-03-18,10.34,10.54,10.33,10.47,317000,7.185898
2013-03-15,10.53,10.64,10.40,10.41,509300,7.144718
2013-03-14,10.52,10.59,10.44,10.50,353300,7.206488
2013-03-13,10.49,10.55,10.41,10.53,426500,7.227078
2013-03-12,10.54,10.54,10.42,10.47,321500,7.185898
2013-03-11,10.52,10.54,10.47,10.52,275500,7.220215
2013-03-08,10.51,10.59,10.44,10.57,428200,7.254531
2013-03-07,10.53,10.53,10.46,10.51,319900,7.165308
2013-03-06,10.43,10.46,10.40,10.44,357800,7.117584
2013-03-05,10.40,10.45,10.35,10.36,435400,7.063043
2013-03-04,10.35,10.38,10.27,10.32,372700,7.035773
2013-03-01,10.49,10.52,10.36,10.38,324700,7.076679
2013-02-28,10.36,10.56,10.34,10.52,481300,7.172126
2013-02-27,10.26,10.38,10.26,10.35,377200,7.056226
2013-02-26,10.26,10.36,10.14,10.34,412700,7.049409
2013-02-25,10.31,10.39,10.25,10.25,444200,6.98805
2013-02-22,10.28,10.34,10.26,10.33,279000,7.042591
2013-02-21,10.36,10.42,10.24,10.28,448700,7.008503
2013-02-20,10.53,10.56,10.36,10.36,411100,7.063043
2013-02-19,10.45,10.56,10.44,10.51,380600,7.165308
2013-02-15,10.49,10.65,10.42,10.45,524400,7.124402
2013-02-14,10.37,10.42,10.30,10.42,304100,7.103949
2013-02-13,10.42,10.47,10.35,10.37,364800,7.069861
2013-02-12,10.40,10.46,10.39,10.43,270400,7.110767
2013-02-11,10.49,10.49,10.38,10.43,260200,7.110767
2013-02-08,10.40,10.50,10.38,10.48,317700,7.144855
2013-02-07,10.50,10.52,10.36,10.46,401300,7.083496
2013-02-06,10.50,10.54,10.47,10.54,350400,7.137672
2013-02-05,10.45,10.53,10.41,10.51,318000,7.117356
2013-02-04,10.49,10.49,10.35,10.45,344600,7.076724
2013-02-01,10.40,10.45,10.38,10.39,359500,7.036092
2013-01-31,10.40,10.40,10.31,10.40,392200,7.042864
2013-01-30,10.49,10.49,10.32,10.37,341600,7.022548
2013-01-29,10.39,10.49,10.39,10.49,425200,7.103812
2013-01-28,10.46,10.46,10.33,10.40,392500,7.042864
2013-01-25,10.39,10.49,10.30,10.42,509500,7.056408
2013-01-24,10.44,10.55,10.37,10.40,439400,7.042864
2013-01-23,10.51,10.53,10.36,10.48,438100,7.09704
2013-01-22,10.43,10.53,10.32,10.45,366700,7.076724
2013-01-18,10.41,10.53,10.27,10.41,611800,7.049636
2013-01-17,10.35,10.47,10.29,10.46,415500,7.083496
2013-01-16,10.19,10.33,10.18,10.33,388100,6.99546
2013-01-15,10.21,10.28,10.21,10.21,424000,6.914196
2013-01-14,10.23,10.34,10.22,10.25,395000,6.941284
2013-01-11,10.39,10.39,10.22,10.29,410000,6.968372
2013-01-10,10.25,10.38,10.25,10.36,380800,7.015776
2013-01-09,10.29,10.30,10.24,10.29,334800,6.968372
2013-01-08,10.19,10.28,10.16,10.27,359200,6.954829
2013-01-07,10.15,10.23,10.10,10.16,299600,6.880336
2013-01-04,10.35,10.37,10.11,10.15,561300,6.873564
2013-01-03,10.04,10.15,9.93,10.10,401100,6.839705
2013-01-02,10.00,10.03,9.93,9.98,429700,6.75844
2012-12-31,9.67,9.86,9.67,9.81,509700,6.643317
2012-12-28,9.73,9.81,9.70,9.75,440600,6.602685
2012-12-27,9.90,9.91,9.75,9.85,424800,6.670405
2012-12-26,10.04,10.05,9.91,9.97,330300,6.704266
2012-12-24,9.97,10.02,9.88,9.98,127600,6.710989
2012-12-21,9.89,9.98,9.89,9.97,426700,6.704266
2012-12-20,9.98,10.05,9.94,9.97,439100,6.704266
2012-12-19,10.00,10.12,9.96,9.98,419700,6.710989
2012-12-18,10.02,10.03,9.94,10.00,420900,6.724439
2012-12-17,9.93,10.02,9.88,9.96,475700,6.697541
2012-12-14,9.92,10.00,9.84,9.96,489600,6.697541
2012-12-13,10.03,10.03,9.79,9.82,471600,6.603399
2012-12-12,10.06,10.07,9.96,9.98,307400,6.710989
2012-12-11,9.92,10.09,9.85,9.98,473100,6.710989
2012-12-10,9.95,10.04,9.86,9.86,343600,6.630296
2012-12-07,10.08,10.08,9.89,9.93,329400,6.677368
2012-12-06,10.00,10.13,9.95,10.13,678300,6.764785
2012-12-05,9.86,10.04,9.82,9.98,538000,6.664615
2012-12-04,9.97,10.10,9.78,9.82,1239300,6.557768
2012-12-03,9.97,10.04,9.95,10.01,459900,6.68465
2012-11-30,9.88,10.00,9.86,9.90,346900,6.611192
2012-11-29,10.00,10.02,9.85,9.96,428200,6.65126
2012-11-28,9.77,9.96,9.76,9.95,353400,6.644581
2012-11-27,9.92,9.96,9.82,9.86,447100,6.58448
2012-11-26,9.92,9.96,9.81,9.94,384100,6.637903
2012-11-23,9.89,9.97,9.85,9.97,141400,6.657938
2012-11-21,9.76,9.83,9.68,9.81,274500,6.55109
2012-11-20,9.63,9.74,9.57,9.71,400800,6.48431
2012-11-19,9.62,9.79,9.43,9.69,598500,6.470954
2012-11-16,9.16,9.47,9.09,9.45,735500,6.310683
2012-11-15,9.19,9.26,8.92,9.04,980200,6.036886
2012-11-14,9.51,9.56,9.22,9.26,1283100,6.183802
2012-11-13,9.60,9.83,9.51,9.53,505900,6.364107
2012-11-12,9.69,9.69,9.59,9.64,323800,6.437565
2012-11-09,9.68,9.69,9.52,9.64,588200,6.437565
2012-11-08,9.97,10.02,9.70,9.71,589300,6.48431
2012-11-07,10.10,10.10,9.90,9.99,412900,6.624548
2012-11-06,10.07,10.16,10.07,10.10,389400,6.697491
2012-11-05,10.17,10.21,10.05,10.07,355000,6.677597
2012-11-02,10.35,10.36,10.14,10.14,270100,6.724016
2012-11-01,10.21,10.35,10.18,10.27,335600,6.810221
2012-10-31,10.22,10.28,10.16,10.25,565700,6.796958
2012-10-26,10.10,10.26,10.07,10.20,508600,6.763802
2012-10-25,10.14,10.24,10.10,10.20,322000,6.763802
2012-10-24,9.95,10.14,9.93,10.10,412500,6.697491
2012-10-23,10.16,10.19,9.93,9.99,566500,6.624548
2012-10-22,10.17,10.24,10.08,10.22,285300,6.777065
2012-10-19,10.32,10.33,10.08,10.17,396200,6.743909
2012-10-18,10.41,10.42,10.23,10.29,304500,6.823483
2012-10-17,10.41,10.45,10.35,10.37,430600,6.876532
2012-10-16,10.33,10.44,10.24,10.33,609100,6.850008
2012-10-15,10.19,10.23,10.13,10.17,313700,6.743909
2012-10-12,10.18,10.18,10.11,10.17,347700,6.743909
2012-10-11,10.09,10.17,10.04,10.09,298700,6.69086
2012-10-10,10.21,10.29,10.04,10.08,447600,6.684228
2012-10-09,10.43,10.43,10.22,10.26,420800,6.80359
2012-10-08,10.36,10.36,10.27,10.36,297900,6.823483
2012-10-05,10.22,10.37,10.18,10.33,401000,6.803724
2012-10-04,10.15,10.23,10.14,10.23,505000,6.73786
2012-10-03,10.24,10.25,10.13,10.23,414200,6.73786
2012-10-02,10.30,10.30,10.18,10.18,291900,6.704928
2012-10-01,10.21,10.25,10.17,10.23,297300,6.73786
2012-09-28,10.21,10.24,10.10,10.17,372400,6.698342
2012-09-27,10.24,10.28,10.16,10.26,296200,6.757619
2012-09-26,10.16,10.23,10.13,10.16,367900,6.691755
2012-09-25,10.35,10.35,10.21,10.23,578900,6.73786
2012-09-24,10.30,10.33,10.24,10.31,423500,6.790551
2012-09-21,10.21,10.31,10.21,10.30,510000,6.783965
2012-09-20,10.23,10.30,10.19,10.23,387900,6.73786
2012-09-19,10.31,10.35,10.21,10.31,386200,6.790551
2012-09-18,10.27,10.29,10.15,10.29,388300,6.777378
2012-09-17,10.33,10.33,10.14,10.28,431100,6.770792
2012-09-14,10.30,10.48,10.20,10.27,631500,6.764206
2012-09-13,10.15,10.20,10.05,10.20,499800,6.718101
2012-09-12,10.15,10.15,10.05,10.12,475700,6.66541
2012-09-11,10.04,10.12,10.02,10.12,376600,6.66541
2012-09-10,10.13,10.15,10.01,10.15,345600,6.685169
2012-09-07,9.99,10.09,9.94,10.09,388000,6.645651
2012-09-06,10.13,10.15,10.00,10.06,428900,6.579788
2012-09-05,10.01,10.11,9.96,10.04,482300,6.566706
2012-09-04,10.02,10.06,9.96,10.00,320600,6.540544
2012-08-31,9.98,10.03,9.96,10.02,292700,6.553625
2012-08-30,10.02,10.05,9.89,9.92,355100,6.48822
2012-08-29,9.97,10.04,9.91,10.01,398500,6.547085
2012-08-28,9.84,9.95,9.81,9.94,510100,6.5013
2012-08-27,9.94,9.95,9.86,9.88,396300,6.462058
2012-08-24,9.90,9.94,9.86,9.94,498900,6.5013
2012-08-23,9.93,9.98,9.88,9.91,382600,6.481679
2012-08-22,10.01,10.05,9.79,9.96,556500,6.514382
2012-08-21,10.00,10.05,9.95,10.05,434500,6.573247
2012-08-20,10.03,10.04,9.89,10.00,412500,6.540544
2012-08-17,10.15,10.18,10.02,10.04,368700,6.566706
2012-08-16,10.08,10.23,10.05,10.13,474000,6.625571
2012-08-15,10.06,10.20,10.03,10.06,491400,6.579788
2012-08-14,10.04,10.07,9.97,10.00,325400,6.540544
2012-08-13,10.11,10.12,9.90,9.99,348100,6.534003
2012-08-10,10.05,10.10,9.96,10.09,243300,6.599409
2012-08-09,10.00,10.05,9.99,10.04,346700,6.566706
2012-08-08,10.15,10.15,10.01,10.03,459700,6.560165
2012-08-07,10.02,10.15,10.01,10.08,410200,6.547084
2012-08-06,9.95,10.08,9.95,10.01,412600,6.501619
2012-08-03,10.06,10.08,9.96,9.96,535100,6.469143
2012-08-02,9.98,10.03,9.88,9.96,382100,6.469143
2012-08-01,9.99,10.02,9.90,9.99,481200,6.488628
2012-07-31,9.98,10.03,9.88,9.90,645700,6.430172
2012-07-30,9.93,10.00,9.87,9.95,445600,6.462648
2012-07-27,9.90,10.00,9.78,9.93,558700,6.449658
2012-07-26,9.90,9.90,9.75,9.86,436400,6.404192
2012-07-25,9.75,9.76,9.61,9.68,361100,6.28728
2012-07-24,9.72,9.75,9.63,9.67,394400,6.280784
2012-07-23,9.74,9.74,9.65,9.70,313100,6.30027
2012-07-20,9.82,9.85,9.72,9.81,305200,6.371716
2012-07-19,9.75,9.87,9.74,9.87,439500,6.410687
2012-07-18,9.77,9.87,9.68,9.75,491800,6.332745
2012-07-17,9.72,9.78,9.62,9.75,511300,6.332745
2012-07-16,9.75,9.88,9.60,9.66,579600,6.274289
2012-07-13,9.66,9.69,9.59,9.64,365100,6.261299
2012-07-12,9.48,9.58,9.35,9.57,403700,6.215833
2012-07-11,9.63,9.63,9.44,9.50,389500,6.170367
2012-07-10,9.74,9.75,9.54,9.58,468400,6.222328
2012-07-09,9.62,9.67,9.60,9.64,342100,6.261299
2012-07-06,9.67,9.80,9.60,9.62,321800,6.202843
2012-07-05,9.74,9.80,9.70,9.80,262600,6.318905
2012-07-03,9.78,9.86,9.67,9.80,226600,6.318905
2012-07-02,9.47,9.72,9.47,9.69,268200,6.247978
2012-06-29,9.64,9.65,9.55,9.65,519600,6.222186
2012-06-28,9.42,9.50,9.37,9.48,362600,6.112573
2012-06-27,9.52,9.54,9.43,9.46,337100,6.099677
2012-06-26,9.40,9.45,9.36,9.41,432300,6.067438
2012-06-25,9.36,9.40,9.27,9.36,489600,6.035198
2012-06-22,9.41,9.43,9.35,9.40,342000,6.06099
2012-06-21,9.49,9.49,9.32,9.34,363000,6.022303
2012-06-20,9.48,9.48,9.38,9.45,325200,6.093229
2012-06-19,9.36,9.51,9.34,9.48,511500,6.112573
2012-06-18,9.19,9.34,9.16,9.32,333100,6.009407
2012-06-15,9.21,9.34,9.16,9.17,771000,5.912689
2012-06-14,9.18,9.23,9.11,9.11,500300,5.874002
2012-06-13,9.20,9.26,9.14,9.20,419200,5.932033
2012-06-12,9.15,9.20,9.09,9.20,380200,5.932033
2012-06-11,9.12,9.17,9.11,9.13,415200,5.886898
2012-06-08,9.07,9.13,9.04,9.07,418000,5.84821
2012-06-07,9.17,9.23,9.11,9.20,582100,5.886898
2012-06-06,9.08,9.18,9.06,9.12,556700,5.835707
2012-06-05,9.01,9.06,8.98,9.01,490100,5.765321
2012-06-04,9.11,9.14,8.98,9.00,472600,5.758922
2012-06-01,9.18,9.18,9.03,9.07,524800,5.803713
2012-05-31,9.30,9.33,9.18,9.28,304100,5.938088
2012-05-30,9.33,9.35,9.23,9.29,399000,5.944487
2012-05-29,9.33,9.42,9.32,9.41,320600,6.021272
2012-05-25,9.34,9.34,9.25,9.32,311000,5.963683
2012-05-24,9.27,9.33,9.23,9.31,451800,5.957285
2012-05-23,9.15,9.29,9.06,9.29,408000,5.944487
2012-05-22,9.17,9.26,9.12,9.17,519800,5.867701
2012-05-21,9.17,9.23,9.13,9.18,374100,5.8741
2012-05-18,9.24,9.26,9.11,9.14,329100,5.848505
2012-05-17,9.45,9.45,9.15,9.19,610200,5.880499
2012-05-16,9.53,9.54,9.36,9.42,422200,6.027671
2012-05-15,9.49,9.60,9.44,9.50,683700,6.078862
2012-05-14,9.57,9.59,9.45,9.45,392200,6.046868
2012-05-11,9.61,9.70,9.59,9.66,416500,6.181242
2012-05-10,9.66,9.72,9.57,9.63,361400,6.162046
2012-05-09,9.50,9.64,9.43,9.59,383800,6.136451
2012-05-08,9.61,9.65,9.48,9.60,513600,6.14285
2012-05-07,9.71,9.75,9.67,9.73,451000,6.181242
2012-05-04,9.77,9.78,9.66,9.71,443500,6.168537
2012-05-03,9.87,9.88,9.76,9.79,495100,6.219359
2012-05-02,9.84,9.89,9.82,9.88,436400,6.276534
2012-05-01,9.88,9.92,9.82,9.87,558900,6.270181
2012-04-30,9.79,9.88,9.77,9.88,575000,6.276534
2012-04-27,9.79,9.85,9.75,9.79,491300,6.219359
2012-04-26,9.71,9.78,9.71,9.76,463000,6.200301
2012-04-25,9.70,9.75,9.69,9.75,438500,6.193948
2012-04-24,9.63,9.68,9.61,9.68,589000,6.149479
2012-04-23,9.61,9.64,9.51,9.63,473000,6.117715
2012-04-20,9.69,9.70,9.61,9.61,389500,6.105009
2012-04-19,9.76,9.77,9.57,9.65,491300,6.13042
2012-04-18,9.61,9.68,9.59,9.64,540500,6.124068
2012-04-17,9.66,9.67,9.59,9.65,631400,6.13042
2012-04-16,9.71,9.71,9.48,9.58,782400,6.085951
2012-04-13,9.57,9.57,9.47,9.51,420700,6.041482
2012-04-12,9.46,9.60,9.44,9.58,548400,6.085951
