Date,Open,High,Low,Close,Volume,Adj Close
2016-11-25,24.200001,24.309999,24.129999,24.209999,20300,24.209999
2016-11-23,24.15,24.26,24.049999,24.17,59000,24.17
2016-11-22,24.129999,24.299999,24.059999,24.26,42500,24.26
2016-11-21,23.85,24.16,23.85,24.040001,37600,24.040001
2016-11-18,24.00,24.139999,23.870001,23.91,60100,23.91
2016-11-17,24.09,24.190001,23.889999,23.959999,63800,23.959999
2016-11-16,24.10,24.559999,24.10,24.18,97000,24.18
2016-11-15,23.530001,24.530001,23.48,24.120001,89600,24.120001
2016-11-14,23.969999,23.969999,23.190001,23.440001,130700,23.440001
2016-11-11,23.90,24.440001,23.76,24.110001,75900,24.110001
2016-11-10,24.950001,24.969999,24.030001,24.08,151800,24.08
2016-11-09,25.09,25.17,24.809999,24.93,53900,24.93
2016-11-08,25.17,25.25,25.110001,25.25,38800,25.25
2016-11-07,25.309999,25.309999,25.049999,25.07,31400,25.07
2016-11-04,25.02,25.290001,25.02,25.26,66400,25.26
2016-11-03,25.00,25.15,24.90,25.09,45000,25.09
2016-11-02,25.059999,25.120001,24.790001,25.01,96800,25.01
2016-11-01,25.23,25.23,25.030001,25.030001,59000,25.030001
2016-10-31,25.549999,25.57,25.25,25.25,196600,25.25
2016-10-28,25.65,25.67,25.530001,25.60,68700,25.60
2016-10-27,25.68,25.799999,25.60,25.67,174100,25.67
2016-10-26,25.68,25.719999,25.620001,25.67,27300,25.67
2016-10-25,25.639999,25.74,25.639999,25.68,46700,25.68
2016-10-24,25.610001,25.74,25.60,25.68,49200,25.68
2016-10-21,25.65,25.719999,25.540001,25.60,33200,25.60
2016-10-20,25.530001,25.66,25.530001,25.66,31100,25.66
2016-10-19,25.440001,25.639999,25.40,25.59,40400,25.59
2016-10-18,25.41,25.50,25.379999,25.41,29800,25.41
2016-10-17,25.440001,25.50,25.32,25.35,37600,25.35
2016-10-14,25.35,25.540001,25.35,25.540001,45900,25.540001
2016-10-13,25.27,25.35,25.129999,25.34,50000,25.34
2016-10-12,25.299999,25.35,25.26,25.26,50000,25.26
2016-10-11,25.41,25.459999,25.299999,25.35,46400,25.35
2016-10-10,25.469999,25.51,25.40,25.48,28100,25.48
2016-10-07,25.459999,25.49,25.41,25.459999,29900,25.459999
2016-10-06,25.42,25.51,25.40,25.51,24800,25.51
2016-10-05,25.42,25.540001,25.389999,25.49,83400,25.49
2016-10-04,25.48,25.549999,25.450001,25.450001,35100,25.450001
2016-10-03,25.450001,25.549999,25.450001,25.52,24100,25.52
2016-09-30,25.389999,25.559999,25.34,25.450001,69100,25.450001
2016-09-29,25.559999,25.59,25.360001,25.379999,104300,25.379999
2016-09-28,25.559999,25.65,25.530001,25.57,66300,25.57
2016-09-27,25.540001,25.639999,25.52,25.540001,65300,25.540001
2016-09-26,25.610001,25.700001,25.51,25.60,53100,25.60
2016-09-23,25.65,25.77,25.610001,25.620001,37700,25.620001
2016-09-22,25.68,25.690001,25.58,25.610001,57500,25.610001
2016-09-21,25.469999,25.67,25.469999,25.58,76500,25.58
2016-09-20,25.43,25.57,25.389999,25.49,59200,25.49
2016-09-19,25.450001,25.50,25.299999,25.43,76900,25.43
2016-09-16,25.51,25.51,25.309999,25.309999,55000,25.309999
2016-09-15,25.43,25.530001,25.43,25.50,58900,25.50
2016-09-14,25.370001,25.50,25.35,25.49,67200,25.49
2016-09-13,25.48,25.51,25.299999,25.51,49800,25.51
2016-09-12,25.35,25.530001,25.27,25.49,80300,25.49
2016-09-09,25.57,25.57,25.32,25.32,45400,25.32
2016-09-08,25.620001,25.629999,25.51,25.52,55300,25.52
2016-09-07,25.60,25.65,25.50,25.58,71800,25.58
2016-09-06,25.67,25.719999,25.43,25.58,112900,25.58
2016-09-02,25.629999,25.67,25.48,25.67,95000,25.67
2016-09-01,25.41,25.610001,25.41,25.610001,58700,25.610001
2016-08-31,25.48,25.540001,25.40,25.40,99200,25.40
2016-08-30,25.440001,25.459999,25.370001,25.370001,86200,25.370001
2016-08-29,25.370001,25.43,25.370001,25.379999,90200,25.379999
2016-08-26,25.58,25.65,25.530001,25.65,98400,25.266999
2016-08-25,25.65,25.68,25.50,25.58,73700,25.198045
2016-08-24,25.74,25.75,25.60,25.65,92900,25.266999
2016-08-23,25.66,25.74,25.610001,25.73,82400,25.345804
2016-08-22,25.549999,25.65,25.43,25.58,75300,25.198045
2016-08-19,25.60,25.60,25.51,25.58,115600,25.198045
2016-08-18,25.57,25.629999,25.559999,25.60,80200,25.217746
2016-08-17,25.52,25.58,25.51,25.57,90900,25.188194
2016-08-16,25.42,25.530001,25.42,25.530001,87200,25.148792
2016-08-15,25.360001,25.49,25.33,25.450001,121200,25.069986
2016-08-12,25.379999,25.41,25.299999,25.34,170600,24.961628
2016-08-11,25.959999,25.959999,25.299999,25.33,521200,24.951777
2016-08-10,25.940001,25.959999,25.85,25.959999,31300,25.57237
2016-08-09,25.82,25.950001,25.82,25.940001,50900,25.55267
2016-08-08,25.82,25.969999,25.780001,25.860001,68100,25.473864
2016-08-05,25.77,25.940001,25.77,25.940001,42500,25.55267
2016-08-04,25.709999,25.84,25.709999,25.799999,54300,25.414759
2016-08-03,25.700001,25.77,25.67,25.77,55300,25.385208
2016-08-02,25.690001,25.780001,25.65,25.719999,50200,25.335953
2016-08-01,25.75,25.799999,25.66,25.799999,35800,25.414759
2016-07-29,25.75,25.83,25.73,25.73,77500,25.345804
2016-07-28,25.780001,25.83,25.75,25.799999,86400,25.414759
2016-07-27,25.75,25.84,25.73,25.84,49100,25.454162
2016-07-26,25.60,25.84,25.60,25.76,84800,25.375357
2016-07-25,25.57,25.65,25.549999,25.65,49200,25.266999
2016-07-22,25.51,25.559999,25.389999,25.549999,76700,25.168492
2016-07-21,25.58,25.629999,25.48,25.59,71200,25.207895
2016-07-20,25.530001,25.549999,25.370001,25.52,96400,25.138941
2016-07-19,25.459999,25.57,25.459999,25.559999,120100,25.178343
2016-07-18,25.50,25.530001,25.42,25.48,34600,25.099537
2016-07-15,25.450001,25.559999,25.360001,25.469999,82800,25.089686
2016-07-14,25.60,25.629999,25.41,25.52,75100,25.138941
2016-07-13,25.620001,25.629999,25.530001,25.549999,46800,25.168492
2016-07-12,25.559999,25.67,25.559999,25.629999,56500,25.247297
2016-07-11,25.51,25.60,25.51,25.59,44400,25.207895
2016-07-08,25.50,25.59,25.48,25.530001,45000,25.148792
2016-07-07,25.459999,25.58,25.459999,25.58,46200,25.198045
2016-07-06,25.43,25.52,25.40,25.49,31000,25.109388
2016-07-05,25.360001,25.58,25.32,25.360001,58500,24.98133
2016-07-01,25.50,25.60,25.40,25.440001,52200,25.060136
2016-06-30,25.41,25.50,25.360001,25.50,38500,25.119239
2016-06-29,25.33,25.48,25.309999,25.42,74200,25.040434
2016-06-28,25.27,25.40,25.209999,25.40,56700,25.020732
2016-06-27,25.16,25.26,25.10,25.24,49500,24.863121
2016-06-24,25.120001,25.290001,25.049999,25.07,63500,24.69566
2016-06-23,25.440001,25.440001,25.34,25.40,48200,25.020732
2016-06-22,25.379999,25.440001,25.370001,25.42,46200,25.040434
2016-06-21,25.309999,25.389999,25.299999,25.379999,42300,25.00103
2016-06-20,25.23,25.40,25.23,25.33,71400,24.951777
2016-06-17,25.120001,25.32,25.120001,25.280001,50200,24.902525
2016-06-16,25.219999,25.219999,25.120001,25.16,50700,24.784316
2016-06-15,25.17,25.25,25.139999,25.17,61000,24.794167
2016-06-14,25.09,25.15,25.07,25.139999,72100,24.764614
2016-06-13,25.07,25.129999,25.059999,25.059999,34700,24.685809
2016-06-10,25.07,25.120001,25.030001,25.059999,54400,24.685809
2016-06-09,25.18,25.200001,25.059999,25.110001,55900,24.735063
2016-06-08,25.10,25.190001,25.049999,25.190001,75600,24.813869
2016-06-07,25.129999,25.15,25.00,25.049999,89100,24.675958
2016-06-06,25.09,25.24,25.030001,25.09,56800,24.715361
2016-06-03,25.08,25.17,25.040001,25.17,64700,24.794167
2016-06-02,24.959999,25.129999,24.959999,25.07,92400,24.69566
2016-06-01,25.049999,25.049999,24.93,25.01,87000,24.636556
2016-05-31,25.059999,25.110001,24.92,25.059999,96900,24.685809
2016-05-27,25.18,25.190001,25.10,25.15,69700,24.774465
2016-05-26,25.08,25.200001,25.040001,25.190001,143600,24.813869
2016-05-25,25.33,25.440001,25.33,25.440001,80200,24.682854
2016-05-24,25.360001,25.389999,25.280001,25.370001,75200,24.614938
2016-05-23,25.17,25.379999,25.17,25.309999,68000,24.556723
2016-05-20,25.129999,25.24,25.110001,25.24,38100,24.488806
2016-05-19,25.16,25.200001,25.08,25.139999,62000,24.391782
2016-05-18,25.27,25.299999,25.139999,25.209999,54600,24.459698
2016-05-17,25.129999,25.299999,25.110001,25.290001,66500,24.537319
2016-05-16,25.120001,25.190001,25.08,25.190001,50800,24.440295
2016-05-13,25.030001,25.129999,25.030001,25.120001,66100,24.372379
2016-05-12,25.030001,25.110001,25.030001,25.08,88300,24.333568
2016-05-11,25.040001,25.10,25.01,25.10,73800,24.352973
2016-05-10,25.02,25.120001,25.01,25.030001,107400,24.285057
2016-05-09,24.959999,25.059999,24.959999,25.059999,79200,24.314163
2016-05-06,24.91,25.040001,24.870001,25.040001,109000,24.29476
2016-05-05,24.959999,24.969999,24.889999,24.91,107500,24.168628
2016-05-04,24.860001,24.99,24.809999,24.99,92100,24.246247
2016-05-03,24.68,24.889999,24.65,24.879999,73200,24.13952
2016-05-02,24.58,24.83,24.51,24.75,85200,24.01339
2016-04-29,24.58,24.58,24.49,24.49,123700,23.761128
2016-04-28,24.50,24.58,24.469999,24.530001,148200,23.799938
2016-04-27,24.48,24.549999,24.469999,24.540001,156500,23.809641
2016-04-26,24.440001,24.50,24.389999,24.469999,129100,23.741722
2016-04-25,24.379999,24.450001,24.370001,24.40,100600,23.673806
2016-04-22,24.299999,24.48,24.280001,24.48,100300,23.751425
2016-04-21,24.34,24.34,24.27,24.290001,114300,23.567081
2016-04-20,24.299999,24.33,24.219999,24.280001,140000,23.557379
2016-04-19,24.27,24.33,24.26,24.280001,93100,23.557379
2016-04-18,24.35,24.35,24.24,24.24,105000,23.518568
2016-04-15,24.35,24.35,24.219999,24.27,185900,23.547676
2016-04-14,24.32,24.40,24.290001,24.379999,146200,23.654401
2016-04-13,24.370001,24.389999,24.280001,24.32,90900,23.596187
2016-04-12,24.26,24.35,24.25,24.299999,121900,23.576782
2016-04-11,24.25,24.389999,24.25,24.379999,39100,23.654401
2016-04-08,24.25,24.35,24.16,24.200001,97000,23.47976
2016-04-07,24.049999,24.16,24.040001,24.110001,59700,23.392438
2016-04-06,24.120001,24.25,24.10,24.16,41500,23.440949
2016-04-05,23.959999,24.18,23.950001,24.08,81200,23.36333
2016-04-04,24.459999,24.459999,24.00,24.09,89400,23.373033
2016-04-01,24.299999,24.559999,24.299999,24.379999,105900,23.654401
2016-03-31,24.299999,24.459999,24.299999,24.459999,114300,23.73202
2016-03-30,24.209999,24.35,24.129999,24.35,123000,23.625295
2016-03-29,24.049999,24.25,24.049999,24.25,110300,23.528271
2016-03-28,24.040001,24.139999,24.030001,24.040001,84600,23.324522
2016-03-24,23.84,24.02,23.780001,24.01,94200,23.295414
2016-03-23,24.059999,24.120001,23.950001,23.959999,130300,23.246901
2016-03-22,23.98,24.110001,23.98,24.059999,80200,23.343925
2016-03-21,24.049999,24.049999,23.93,24.030001,82100,23.314819
2016-03-18,24.08,24.10,23.879999,24.049999,138100,23.334222
2016-03-17,24.07,24.139999,24.01,24.030001,106200,23.314819
2016-03-16,24.26,24.33,24.00,24.08,224500,23.36333
2016-03-15,24.33,24.459999,24.209999,24.26,90200,23.537973
2016-03-14,24.450001,24.469999,24.370001,24.459999,59500,23.73202
2016-03-11,24.33,24.459999,24.309999,24.450001,67300,23.722319
2016-03-10,24.309999,24.450001,24.309999,24.309999,83500,23.586485
2016-03-09,24.299999,24.43,24.280001,24.370001,67900,23.6447
2016-03-08,24.23,24.370001,24.23,24.26,92900,23.537973
2016-03-07,24.280001,24.360001,24.190001,24.309999,58600,23.586485
2016-03-04,24.17,24.34,24.17,24.32,63500,23.596187
2016-03-03,24.27,24.280001,24.17,24.200001,54500,23.47976
2016-03-02,24.25,24.35,24.10,24.23,86300,23.508866
2016-03-01,24.209999,24.40,24.18,24.370001,96600,23.6447
2016-02-29,24.25,24.290001,24.17,24.18,114900,23.460354
2016-02-26,24.26,24.26,24.110001,24.24,67500,23.518568
2016-02-25,24.049999,24.15,24.00,24.09,104300,23.373033
2016-02-24,24.23,24.440001,24.129999,24.43,94500,23.331314
2016-02-23,24.42,24.440001,24.35,24.41,56700,23.312213
2016-02-22,24.51,24.530001,24.33,24.42,66200,23.321763
2016-02-19,24.41,24.43,24.209999,24.34,124300,23.245361
2016-02-18,24.450001,24.549999,24.41,24.440001,107300,23.340864
2016-02-17,24.209999,24.450001,24.209999,24.450001,59400,23.350415
2016-02-16,24.440001,24.49,24.08,24.18,119300,23.092557
2016-02-12,24.200001,24.43,24.10,24.27,40600,23.17851
2016-02-11,24.200001,24.34,23.530001,23.969999,75800,22.892
2016-02-10,24.33,24.49,24.23,24.40,56500,23.302662
2016-02-09,24.18,24.34,23.92,24.24,45000,23.149858
2016-02-08,24.549999,24.549999,24.219999,24.27,65800,23.17851
2016-02-05,24.639999,24.75,24.51,24.690001,86100,23.579621
2016-02-04,24.620001,24.66,24.51,24.66,93100,23.55097
2016-02-03,24.559999,24.639999,24.42,24.639999,109400,23.531869
2016-02-02,24.549999,24.60,24.43,24.469999,108500,23.369514
2016-02-01,24.559999,24.709999,24.50,24.57,77300,23.465017
2016-01-29,24.299999,24.780001,24.299999,24.75,93500,23.636922
2016-01-28,24.299999,24.299999,24.139999,24.299999,75200,23.207159
2016-01-27,24.00,24.26,23.99,24.200001,108700,23.111658
2016-01-26,24.01,24.129999,23.90,23.969999,166000,22.892
2016-01-25,24.50,24.50,23.82,23.969999,202600,22.892
2016-01-22,24.309999,24.530001,24.25,24.51,65900,23.407716
2016-01-21,23.969999,24.309999,23.82,24.209999,111500,23.121207
2016-01-20,24.200001,24.200001,23.25,23.84,203200,22.767848
2016-01-19,24.35,24.889999,24.219999,24.889999,92700,23.770626
2016-01-15,24.40,24.459999,24.10,24.17,99900,23.083007
2016-01-14,24.190001,24.639999,24.16,24.559999,143900,23.455467
2016-01-13,24.389999,24.67,24.190001,24.190001,212900,23.102108
2016-01-12,24.73,24.82,24.34,24.34,143400,23.245361
2016-01-11,24.90,24.90,24.700001,24.74,71600,23.627372
2016-01-08,24.940001,24.940001,24.790001,24.799999,81600,23.684673
2016-01-07,24.75,24.879999,24.700001,24.84,85300,23.722875
2016-01-06,24.90,24.950001,24.75,24.84,75700,23.722875
2016-01-05,24.98,25.07,24.91,24.98,82400,23.856578
2016-01-04,24.75,24.98,24.51,24.93,118200,23.808827
2015-12-31,24.77,24.879999,24.719999,24.84,63100,23.722875
2015-12-30,24.530001,24.799999,24.530001,24.780001,63900,23.665574
2015-12-29,24.450001,24.610001,24.370001,24.57,74700,23.465017
2015-12-28,24.200001,24.440001,24.17,24.370001,60900,23.274013
2015-12-24,24.10,24.27,24.07,24.209999,34100,23.121207
2015-12-23,24.059999,24.129999,24.049999,24.07,69000,22.987504
2015-12-22,24.18,24.18,24.01,24.040001,116400,22.958854
2015-12-21,24.09,24.120001,23.98,24.059999,83400,22.977953
2015-12-18,24.16,24.18,23.950001,23.950001,122400,22.872901
2015-12-17,24.15,24.23,24.08,24.110001,116500,23.025705
2015-12-16,23.879999,24.110001,23.879999,24.059999,125800,22.977953
2015-12-15,24.25,24.25,23.83,23.879999,97300,22.806048
2015-12-14,24.540001,24.540001,23.969999,23.99,100800,22.911101
2015-12-11,24.530001,24.60,24.459999,24.49,51400,23.388615
2015-12-10,24.65,24.65,24.559999,24.57,76000,23.465017
2015-12-09,24.549999,24.66,24.549999,24.620001,101900,23.51277
2015-12-08,24.57,24.60,24.549999,24.58,58100,23.474568
2015-12-07,24.65,24.66,24.540001,24.549999,58000,23.445916
2015-12-04,24.60,24.68,24.60,24.629999,68800,23.522318
2015-12-03,24.709999,24.709999,24.60,24.620001,96300,23.51277
2015-12-02,24.68,24.75,24.66,24.709999,92700,23.59872
2015-12-01,24.60,24.719999,24.60,24.68,112400,23.570071
2015-11-30,24.700001,24.73,24.60,24.60,120600,23.493669
2015-11-27,24.60,24.66,24.549999,24.66,30400,23.55097
2015-11-25,24.559999,24.59,24.42,24.540001,98400,23.436367
2015-11-24,24.809999,24.93,24.75,24.799999,146300,23.684673
2015-11-23,24.82,24.83,24.74,24.77,86500,23.656023
2015-11-20,24.870001,24.870001,24.700001,24.73,82600,23.617821
2015-11-19,24.860001,24.870001,24.73,24.780001,104100,23.665574
2015-11-18,24.66,24.870001,24.66,24.780001,96800,23.665574
2015-11-17,24.59,24.73,24.559999,24.65,118700,23.541419
2015-11-16,24.58,24.66,24.549999,24.629999,90300,23.522318
2015-11-13,24.700001,24.700001,24.51,24.59,140700,23.484118
2015-11-12,24.60,24.620001,24.51,24.549999,131200,23.445916
2015-11-11,24.700001,24.790001,24.60,24.639999,153100,23.531869
2015-11-10,24.82,24.889999,24.65,24.709999,162700,23.59872
2015-11-09,24.76,24.889999,24.75,24.82,245900,23.703774
2015-11-06,24.98,25.01,24.82,24.90,136600,23.780176
2015-11-05,24.950001,25.049999,24.92,25.00,111500,23.875679
2015-11-04,24.90,24.959999,24.879999,24.959999,108900,23.837477
2015-11-03,24.950001,24.950001,24.870001,24.92,182400,23.799277
2015-11-02,24.889999,24.93,24.84,24.90,148100,23.780176
2015-10-30,24.799999,25.00,24.799999,24.879999,126200,23.761075
2015-10-29,24.870001,24.90,24.799999,24.85,105900,23.732425
2015-10-28,24.92,24.92,24.870001,24.879999,89300,23.761075
2015-10-27,24.82,25.00,24.82,24.91,408400,23.789726
2015-10-26,24.879999,24.950001,24.85,24.940001,75400,23.818378
2015-10-23,24.870001,24.879999,24.82,24.860001,82100,23.741976
2015-10-22,24.50,24.85,24.459999,24.85,112600,23.732425
2015-10-21,24.43,24.50,24.41,24.43,160400,23.331314
2015-10-20,24.49,24.49,24.41,24.450001,201800,23.350415
2015-10-19,24.450001,24.450001,24.360001,24.40,125100,23.302662
2015-10-16,24.450001,24.450001,24.299999,24.389999,172800,23.293112
2015-10-15,24.41,24.51,24.35,24.40,258500,23.302662
2015-10-14,24.440001,24.49,24.40,24.42,44300,23.321763
2015-10-13,24.40,24.50,24.370001,24.50,61000,23.398165
2015-10-12,24.379999,24.40,24.35,24.40,38200,23.302662
2015-10-09,24.23,24.379999,24.23,24.33,35100,23.235811
2015-10-08,24.16,24.26,24.10,24.200001,41500,23.111658
2015-10-07,24.15,24.190001,24.110001,24.139999,58800,23.054355
2015-10-06,24.10,24.190001,24.040001,24.17,72900,23.083007
2015-10-05,24.030001,24.139999,23.950001,24.10,63500,23.016155
2015-10-02,23.940001,24.02,23.809999,23.92,58500,22.84425
2015-10-01,24.040001,24.040001,23.940001,23.98,65300,22.901551
2015-09-30,24.18,24.209999,24.00,24.00,115700,22.920652
2015-09-29,24.26,24.26,24.15,24.17,120700,23.083007
2015-09-28,24.34,24.34,24.10,24.24,137900,23.149858
2015-09-25,24.33,24.35,24.27,24.309999,53300,23.21671
2015-09-24,24.32,24.34,24.23,24.299999,80700,23.207159
2015-09-23,24.34,24.40,24.290001,24.309999,128800,23.21671
2015-09-22,24.219999,24.35,24.18,24.32,107300,23.22626
2015-09-21,24.200001,24.27,24.129999,24.209999,77300,23.121207
2015-09-18,24.10,24.25,24.09,24.17,99400,23.083007
2015-09-17,24.15,24.200001,24.110001,24.120001,213900,23.035256
2015-09-16,24.200001,24.200001,24.110001,24.139999,226500,23.054355
2015-09-15,24.18,24.219999,24.129999,24.139999,393800,23.054355
2015-09-14,24.299999,24.299999,24.15,24.16,207400,23.073456
2015-09-11,24.360001,24.41,24.040001,24.290001,387900,23.197611
2015-09-10,24.92,24.92,24.360001,24.41,521300,23.312213
2015-09-09,24.84,24.92,24.780001,24.889999,80000,23.770626
2015-09-08,24.83,24.879999,24.76,24.84,40600,23.722875
2015-09-04,24.780001,24.82,24.719999,24.809999,52200,23.694223
2015-09-03,24.82,24.870001,24.77,24.82,63100,23.703774
2015-09-02,24.780001,24.799999,24.68,24.76,51600,23.646473
2015-09-01,24.75,24.84,24.59,24.799999,82900,23.684673
2015-08-31,24.74,24.92,24.700001,24.91,76700,23.789726
2015-08-28,24.799999,24.809999,24.66,24.74,39600,23.627372
2015-08-27,24.690001,24.82,24.620001,24.82,62800,23.703774
2015-08-26,24.950001,24.950001,24.59,24.91,67700,23.789726
2015-08-25,24.889999,25.00,24.700001,24.940001,66000,23.818378
2015-08-24,24.67,24.860001,23.73,24.559999,88600,23.455467
2015-08-21,24.98,25.01,24.889999,24.889999,66700,23.770626
2015-08-20,24.969999,25.040001,24.969999,24.98,56200,23.856578
2015-08-19,24.969999,25.08,24.940001,25.00,68400,23.875679
2015-08-18,25.02,25.120001,24.959999,25.01,98900,23.88523
2015-08-17,25.08,25.08,25.00,25.040001,41700,23.913881
2015-08-14,25.049999,25.08,24.98,25.040001,60500,23.913881
2015-08-13,25.059999,25.059999,24.98,25.01,62900,23.88523
2015-08-12,25.120001,25.139999,24.98,25.00,65500,23.875679
2015-08-11,25.139999,25.16,25.040001,25.120001,56400,23.990283
2015-08-10,25.10,25.18,25.08,25.16,46900,24.028483
2015-08-07,25.18,25.190001,25.110001,25.17,23300,24.038034
2015-08-06,25.10,25.16,25.040001,25.139999,38300,24.009382
2015-08-05,25.07,25.139999,25.059999,25.110001,39300,23.980733
2015-08-04,25.10,25.110001,25.049999,25.110001,31400,23.980733
2015-08-03,25.110001,25.139999,25.049999,25.09,15700,23.961632
2015-07-31,25.049999,25.15,25.00,25.15,43800,24.018933
2015-07-30,25.16,25.16,24.940001,24.98,90000,23.856578
2015-07-29,25.200001,25.200001,25.059999,25.110001,91900,23.980733
2015-07-28,25.120001,25.209999,25.10,25.200001,61000,24.066685
2015-07-27,25.01,25.18,25.01,25.10,72700,23.971182
2015-07-24,25.18,25.190001,25.01,25.120001,64400,23.990283
2015-07-23,25.18,25.18,25.059999,25.16,58800,24.028483
2015-07-22,25.280001,25.280001,25.10,25.110001,109900,23.980733
2015-07-21,25.209999,25.299999,25.17,25.26,56700,24.123986
2015-07-20,25.23,25.25,25.18,25.200001,28200,24.066685
2015-07-17,25.219999,25.24,25.120001,25.209999,22700,24.076234
2015-07-16,25.120001,25.32,25.120001,25.200001,35300,24.066685
2015-07-15,25.040001,25.139999,25.00,25.09,45100,23.961632
2015-07-14,24.93,25.049999,24.93,25.02,80100,23.89478
2015-07-13,25.030001,25.09,24.91,24.93,65900,23.808827
2015-07-10,24.93,25.049999,24.92,25.02,56100,23.89478
2015-07-09,24.93,24.99,24.870001,24.91,52600,23.789726
2015-07-08,25.01,25.040001,24.870001,24.950001,76700,23.827928
2015-07-07,25.01,25.10,24.92,25.01,60500,23.88523
2015-07-06,25.049999,25.07,24.940001,25.049999,61300,23.92343
2015-07-02,25.049999,25.139999,25.040001,25.08,36400,23.952081
2015-07-01,24.92,25.040001,24.870001,25.02,32800,23.89478
2015-06-30,24.809999,24.93,24.799999,24.90,57300,23.780176
2015-06-29,24.73,24.85,24.709999,24.780001,54400,23.665574
2015-06-26,24.719999,24.82,24.67,24.780001,80800,23.665574
2015-06-25,24.77,24.809999,24.700001,24.780001,96700,23.665574
2015-06-24,24.790001,24.809999,24.74,24.780001,53900,23.665574
2015-06-23,24.76,24.799999,24.74,24.74,43700,23.627372
2015-06-22,24.77,24.83,24.75,24.75,42000,23.636922
2015-06-19,24.82,24.84,24.719999,24.780001,46200,23.665574
2015-06-18,24.85,24.85,24.700001,24.700001,75900,23.589172
2015-06-17,24.870001,24.90,24.73,24.780001,75500,23.665574
2015-06-16,24.790001,24.84,24.76,24.780001,68100,23.665574
2015-06-15,24.83,24.83,24.73,24.75,68800,23.636922
2015-06-12,24.780001,24.780001,24.75,24.780001,50100,23.665574
2015-06-11,24.77,24.90,24.74,24.74,126600,23.627372
2015-06-10,24.74,24.77,24.719999,24.74,80000,23.627372
2015-06-09,24.84,24.879999,24.76,24.780001,68000,23.665574
2015-06-08,24.950001,24.950001,24.82,24.870001,72300,23.751526
2015-06-05,24.879999,25.00,24.860001,24.940001,118000,23.818378
2015-06-04,25.030001,25.040001,24.959999,24.98,128000,23.856578
2015-06-03,25.059999,25.059999,24.950001,24.98,124400,23.856578
2015-06-02,25.040001,25.09,24.959999,25.030001,83600,23.904331
2015-06-01,25.120001,25.139999,25.040001,25.040001,88500,23.913881
2015-05-29,25.129999,25.17,25.049999,25.049999,100300,23.92343
2015-05-28,25.09,25.110001,25.00,25.10,144200,23.971182
2015-05-27,25.00,25.16,24.950001,25.110001,80800,23.980733
2015-05-26,25.370001,25.42,25.24,25.32,90700,24.181287
2015-05-22,25.32,25.40,25.27,25.33,97200,24.190838
2015-05-21,25.280001,25.35,25.26,25.32,71300,24.181287
2015-05-20,25.209999,25.290001,25.17,25.24,84600,24.104885
2015-05-19,25.200001,25.200001,25.110001,25.139999,75400,24.009382
2015-05-18,25.15,25.290001,25.129999,25.23,165200,24.095335
2015-05-15,25.110001,25.200001,25.110001,25.190001,76200,24.057135
2015-05-14,25.200001,25.27,25.120001,25.120001,90200,23.990283
2015-05-13,25.02,25.129999,25.00,25.129999,91600,23.999832
2015-05-12,24.85,25.09,24.77,24.969999,141900,23.847028
2015-05-11,25.17,25.17,24.879999,24.889999,77300,23.770626
2015-05-08,25.02,25.23,25.02,25.190001,54900,24.057135
2015-05-07,24.91,25.07,24.889999,24.969999,117600,23.847028
2015-05-06,25.16,25.16,24.809999,24.889999,109200,23.770626
2015-05-05,25.17,25.23,25.059999,25.08,78000,23.952081
2015-05-04,25.25,25.26,25.10,25.17,80300,24.038034
2015-05-01,25.23,25.290001,25.129999,25.16,65200,24.028483
2015-04-30,25.290001,25.34,25.209999,25.27,56500,24.133537
2015-04-29,25.280001,25.360001,25.219999,25.290001,74000,24.152638
2015-04-28,25.360001,25.360001,25.280001,25.299999,72900,24.162186
2015-04-27,25.309999,25.35,25.27,25.290001,74500,24.152638
2015-04-24,25.35,25.43,25.280001,25.290001,84700,24.152638
2015-04-23,25.299999,25.450001,25.299999,25.370001,75200,24.22904
2015-04-22,25.32,25.360001,25.24,25.299999,87500,24.162186
2015-04-21,25.25,25.299999,25.24,25.280001,75700,24.143087
2015-04-20,25.16,25.290001,25.16,25.25,105100,24.114436
2015-04-17,25.280001,25.309999,25.16,25.17,53500,24.038034
2015-04-16,25.23,25.290001,25.17,25.280001,84100,24.143087
2015-04-15,25.190001,25.23,25.15,25.23,89700,24.095335
2015-04-14,25.129999,25.15,25.08,25.15,93700,24.018933
2015-04-13,25.09,25.139999,25.049999,25.139999,110800,24.009382
2015-04-10,25.129999,25.129999,25.049999,25.07,118400,23.942531
2015-04-09,25.139999,25.139999,25.08,25.139999,91100,24.009382
2015-04-08,25.110001,25.139999,25.09,25.139999,107600,24.009382
2015-04-07,25.07,25.110001,25.040001,25.110001,140200,23.980733
2015-04-06,25.059999,25.08,25.030001,25.030001,83600,23.904331
2015-04-02,25.040001,25.08,25.01,25.07,88300,23.942531
2015-04-01,25.040001,25.049999,25.01,25.02,58400,23.89478
2015-03-31,24.969999,25.049999,24.969999,25.00,167300,23.875679
2015-03-30,25.02,25.040001,24.959999,24.969999,113400,23.847028
2015-03-27,25.030001,25.049999,25.00,25.049999,85300,23.92343
2015-03-26,25.030001,25.030001,24.950001,25.030001,77300,23.904331
2015-03-25,25.02,25.040001,24.969999,25.030001,61800,23.904331
2015-03-24,25.059999,25.059999,24.950001,25.01,159600,23.88523
2015-03-23,24.98,25.07,24.98,25.030001,263200,23.904331
2015-03-20,24.98,25.040001,24.93,24.98,335700,23.856578
2015-03-19,24.90,24.98,24.83,24.959999,176000,23.837477
2015-03-18,24.700001,24.950001,24.700001,24.879999,84200,23.761075
2015-03-17,24.75,24.76,24.66,24.74,100100,23.627372
2015-03-16,24.73,24.790001,24.700001,24.709999,79900,23.59872
2015-03-13,24.629999,24.700001,24.629999,24.690001,76100,23.579621
2015-03-12,24.780001,24.799999,24.629999,24.709999,90000,23.59872
2015-03-11,24.799999,24.90,24.719999,24.73,131500,23.617821
2015-03-10,24.709999,24.790001,24.67,24.780001,134500,23.665574
2015-03-09,24.719999,24.719999,24.530001,24.65,135500,23.541419
2015-03-06,24.82,24.82,24.65,24.67,124600,23.56052
2015-03-05,24.82,24.940001,24.799999,24.90,91600,23.780176
2015-03-04,24.75,24.82,24.709999,24.780001,89600,23.665574
2015-03-03,24.67,24.700001,24.610001,24.68,145500,23.570071
2015-03-02,24.68,24.68,24.60,24.620001,150500,23.51277
2015-02-27,24.68,24.74,24.60,24.60,172200,23.493669
2015-02-26,25.18,25.18,24.60,24.639999,141900,23.531869
2015-02-25,24.620001,24.65,24.530001,24.65,118800,23.541419
2015-02-24,24.91,24.99,24.85,24.98,392900,23.856578
2015-02-23,24.83,24.92,24.780001,24.90,186400,23.780176
2015-02-20,24.75,24.799999,24.690001,24.76,107600,23.646473
2015-02-19,24.65,24.780001,24.58,24.75,92800,23.636922
2015-02-18,24.75,24.75,24.51,24.700001,135900,23.589172
2015-02-17,24.85,24.860001,24.76,24.76,100400,23.646473
2015-02-13,24.73,24.82,24.709999,24.82,86300,23.703774
2015-02-12,24.799999,24.809999,24.719999,24.73,107700,23.617821
2015-02-11,24.83,24.83,24.719999,24.76,116800,23.646473
2015-02-10,24.700001,24.780001,24.629999,24.77,138100,23.656023
2015-02-09,24.67,24.73,24.60,24.690001,133700,23.579621
2015-02-06,24.799999,24.799999,24.700001,24.73,126900,23.617821
2015-02-05,24.74,24.82,24.68,24.799999,167700,23.684673
2015-02-04,24.68,24.74,24.629999,24.73,104300,23.617821
2015-02-03,24.65,24.709999,24.209999,24.639999,165800,23.531869
2015-02-02,24.530001,24.610001,24.50,24.57,193100,23.465017
2015-01-30,24.67,24.74,24.52,24.52,107700,23.417266
2015-01-29,24.83,24.85,24.65,24.67,211300,23.56052
2015-01-28,24.85,24.92,24.74,24.82,201700,23.703774
2015-01-27,24.700001,24.85,24.690001,24.82,125800,23.703774
2015-01-26,24.700001,24.74,24.66,24.73,160400,23.617821
2015-01-23,24.469999,24.690001,24.450001,24.65,155300,23.541419
2015-01-22,24.370001,24.50,24.35,24.469999,151800,23.369514
2015-01-21,24.280001,24.360001,24.24,24.32,149800,23.22626
2015-01-20,24.219999,24.27,24.17,24.24,171800,23.149858
2015-01-16,24.219999,24.23,24.15,24.190001,136200,23.102108
2015-01-15,24.219999,24.219999,24.15,24.209999,98000,23.121207
2015-01-14,24.24,24.24,24.16,24.24,161400,23.149858
2015-01-13,24.26,24.26,24.16,24.26,81900,23.168959
2015-01-12,24.24,24.26,24.219999,24.219999,68700,23.130757
2015-01-09,24.280001,24.309999,24.190001,24.23,77900,23.140308
2015-01-08,24.309999,24.34,24.25,24.26,162700,23.168959
2015-01-07,24.219999,24.309999,24.200001,24.299999,141500,23.207159
2015-01-06,24.16,24.26,24.110001,24.219999,85700,23.130757
2015-01-05,24.209999,24.209999,24.110001,24.139999,54800,23.054355
2015-01-02,24.129999,24.290001,24.059999,24.219999,41400,23.130757
2014-12-31,24.049999,24.120001,24.01,24.10,67100,23.016155
2014-12-30,23.959999,24.09,23.879999,24.049999,52500,22.968403
2014-12-29,23.889999,23.93,23.75,23.91,80600,22.834699
2014-12-26,23.870001,23.870001,23.709999,23.790001,54200,22.720097
2014-12-24,23.950001,23.969999,23.76,23.82,51800,22.748747
2014-12-23,24.139999,24.139999,23.950001,23.969999,72900,22.892
2014-12-22,24.18,24.18,24.02,24.059999,73300,22.977953
2014-12-19,24.18,24.18,24.030001,24.139999,61600,23.054355
2014-12-18,24.01,24.139999,24.01,24.040001,69400,22.958854
2014-12-17,23.940001,24.07,23.90,23.969999,118900,22.892
2014-12-16,23.889999,23.950001,23.85,23.950001,91500,22.872901
2014-12-15,24.110001,24.110001,23.83,23.950001,77200,22.872901
2014-12-12,23.99,24.07,23.879999,24.00,97500,22.920652
2014-12-11,23.99,24.120001,23.99,23.99,54500,22.911101
2014-12-10,24.049999,24.10,23.959999,24.08,80200,22.997054
2014-12-09,23.93,24.139999,23.93,24.08,106900,22.997054
2014-12-08,24.09,24.10,23.959999,24.00,56400,22.920652
2014-12-05,24.02,24.200001,24.02,24.059999,79400,22.977953
2014-12-04,24.17,24.17,24.040001,24.10,80000,23.016155
2014-12-03,24.26,24.26,24.10,24.200001,106500,23.111658
2014-12-02,24.110001,24.26,24.00,24.26,97700,23.168959
2014-12-01,24.24,24.25,24.09,24.120001,84300,23.035256
2014-11-28,24.200001,24.290001,24.200001,24.219999,36800,23.130757
2014-11-26,24.040001,24.23,24.040001,24.200001,50100,23.111658
2014-11-25,24.049999,24.139999,24.049999,24.09,95200,23.006605
2014-11-24,24.43,24.48,24.299999,24.450001,144700,22.984639
2014-11-21,24.299999,24.43,24.27,24.43,95600,22.965837
2014-11-20,24.309999,24.34,24.25,24.299999,94400,22.843627
2014-11-19,24.32,24.34,24.200001,24.309999,92400,22.853028
2014-11-18,24.280001,24.32,24.18,24.299999,90800,22.843627
2014-11-17,24.33,24.33,24.25,24.280001,308400,22.824827
2014-11-14,24.200001,24.34,24.18,24.34,70300,22.881231
2014-11-13,24.15,24.25,24.09,24.25,153000,22.796625
2014-11-12,24.08,24.17,24.02,24.15,95400,22.702618
2014-11-11,24.00,24.129999,23.93,24.120001,73200,22.674417
2014-11-10,23.889999,24.00,23.83,24.00,82900,22.561608
2014-11-07,23.90,23.93,23.809999,23.860001,43400,22.429999
2014-11-06,24.139999,24.139999,23.799999,23.870001,93300,22.4394
2014-11-05,23.790001,23.93,23.709999,23.85,92100,22.420598
2014-11-04,23.75,23.790001,23.67,23.74,74800,22.31719
2014-11-03,23.68,23.77,23.610001,23.74,76500,22.31719
2014-10-31,23.700001,23.700001,23.540001,23.540001,90900,22.129178
2014-10-30,23.540001,23.68,23.540001,23.629999,77100,22.213782
2014-10-29,23.65,23.700001,23.52,23.530001,148700,22.119777
2014-10-28,23.74,23.74,23.549999,23.67,93400,22.251386
2014-10-27,23.719999,23.719999,23.60,23.68,38900,22.260787
2014-10-24,23.75,23.77,23.65,23.68,63900,22.260787
2014-10-23,23.77,23.77,23.66,23.67,67300,22.251386
2014-10-22,23.58,23.719999,23.559999,23.65,66800,22.232584
2014-10-21,23.459999,23.57,23.42,23.559999,74000,22.147978
2014-10-20,23.549999,23.549999,23.33,23.459999,84300,22.053971
2014-10-17,23.190001,23.34,23.190001,23.299999,49100,21.90356
2014-10-16,23.09,23.18,23.01,23.15,84500,21.762551
2014-10-15,23.200001,23.42,23.08,23.16,78000,21.771951
2014-10-14,23.33,23.440001,23.25,23.35,47600,21.950565
2014-10-13,23.290001,23.370001,23.26,23.32,33200,21.922362
2014-10-10,23.209999,23.35,23.120001,23.219999,56700,21.828355
2014-10-09,23.25,23.299999,23.15,23.209999,45900,21.818954
2014-10-08,23.17,23.290001,23.16,23.209999,70100,21.818954
2014-10-07,23.17,23.17,23.08,23.120001,71400,21.73435
2014-10-06,23.18,23.190001,23.07,23.110001,84100,21.724949
2014-10-03,23.129999,23.190001,23.10,23.120001,53700,21.73435
2014-10-02,23.07,23.139999,22.959999,23.07,52700,21.687345
2014-10-01,23.27,23.299999,23.10,23.10,83100,21.715548
2014-09-30,23.18,23.290001,23.129999,23.219999,90700,21.828355
2014-09-29,23.07,23.209999,23.040001,23.10,159600,21.715548
2014-09-26,23.139999,23.18,23.02,23.08,47900,21.696746
2014-09-25,23.15,23.17,23.040001,23.10,69000,21.715548
2014-09-24,23.219999,23.24,23.07,23.10,109100,21.715548
2014-09-23,23.18,23.290001,23.15,23.200001,104700,21.809555
2014-09-22,23.43,23.43,23.15,23.23,256300,21.837756
2014-09-19,23.530001,23.59,23.459999,23.51,46400,22.100975
2014-09-18,23.530001,23.530001,23.450001,23.469999,90400,22.063372
2014-09-17,23.370001,23.459999,23.35,23.440001,85000,22.035171
2014-09-16,23.35,23.450001,23.299999,23.379999,84400,21.978766
2014-09-15,23.360001,23.370001,23.17,23.33,95100,21.931763
2014-09-12,23.40,23.42,23.23,23.34,89700,21.941164
2014-09-11,23.65,23.65,23.41,23.459999,110200,22.053971
2014-09-10,23.59,23.65,23.540001,23.639999,116100,22.223183
2014-09-09,23.639999,23.690001,23.58,23.620001,118800,22.204383
2014-09-08,23.73,23.799999,23.620001,23.639999,140200,22.223183
2014-09-05,23.68,23.799999,23.57,23.73,136400,22.307789
2014-09-04,23.83,23.83,23.58,23.610001,125700,22.194982
2014-09-03,23.780001,23.84,23.60,23.83,102700,22.401796
2014-09-02,23.93,23.940001,23.59,23.700001,185300,22.279588
2014-08-29,23.90,23.90,23.780001,23.809999,81700,22.382995
2014-08-28,23.870001,23.99,23.82,23.860001,164900,22.429999
2014-08-27,23.90,23.940001,23.77,23.860001,195800,22.429999
2014-08-26,24.10,24.200001,24.09,24.200001,125300,22.389576
2014-08-25,24.00,24.10,23.950001,24.10,150200,22.297057
2014-08-22,24.049999,24.059999,23.90,23.959999,150500,22.167529
2014-08-21,23.93,24.049999,23.879999,23.99,172000,22.195286
2014-08-20,23.969999,23.969999,23.870001,23.950001,103800,22.158279
2014-08-19,24.00,24.00,23.90,23.92,96700,22.130523
2014-08-18,24.049999,24.049999,23.969999,23.98,100900,22.186034
2014-08-15,23.950001,24.049999,23.90,24.030001,75500,22.232294
2014-08-14,23.90,24.049999,23.90,23.93,129600,22.139775
2014-08-13,23.780001,23.98,23.74,23.90,106500,22.112019
2014-08-12,23.799999,23.879999,23.67,23.709999,72800,21.936232
2014-08-11,23.77,23.799999,23.700001,23.77,50400,21.991745
2014-08-08,23.73,23.780001,23.639999,23.67,121200,21.899226
2014-08-07,23.610001,23.74,23.549999,23.67,98500,21.899226
2014-08-06,23.610001,23.67,23.51,23.59,163600,21.82521
2014-08-05,23.639999,23.65,23.52,23.639999,125700,21.871469
2014-08-04,23.700001,23.74,23.559999,23.67,144600,21.899226
2014-08-01,23.48,23.67,23.360001,23.620001,98200,21.852967
2014-07-31,23.77,23.77,23.459999,23.50,152900,21.741943
2014-07-30,24.00,24.01,23.77,23.799999,140300,22.019499
2014-07-29,24.08,24.129999,23.940001,23.950001,195800,22.158279
2014-07-28,23.93,23.98,23.879999,23.959999,116200,22.167529
2014-07-25,23.92,23.940001,23.85,23.93,94800,22.139775
2014-07-24,23.93,23.940001,23.85,23.93,79000,22.139775
2014-07-23,23.799999,23.959999,23.75,23.940001,103900,22.149027
2014-07-22,23.809999,23.809999,23.690001,23.799999,137400,22.019499
2014-07-21,23.950001,23.950001,23.709999,23.77,156800,21.991745
2014-07-18,23.629999,23.90,23.629999,23.90,100100,22.112019
2014-07-17,23.719999,23.84,23.68,23.77,114900,21.991745
2014-07-16,23.67,23.780001,23.60,23.709999,141000,21.936232
2014-07-15,23.60,23.67,23.559999,23.620001,111500,21.852967
2014-07-14,23.48,23.59,23.450001,23.540001,117500,21.778952
2014-07-11,23.42,23.48,23.389999,23.450001,142800,21.695685
2014-07-10,23.360001,23.440001,23.35,23.40,74400,21.649424
2014-07-09,23.42,23.459999,23.35,23.389999,111800,21.640172
2014-07-08,23.35,23.43,23.299999,23.35,155200,21.603165
2014-07-07,23.18,23.34,23.18,23.32,139900,21.575409
2014-07-03,23.299999,23.32,23.17,23.25,51600,21.510646
2014-07-02,23.35,23.389999,23.27,23.33,124100,21.584661
2014-07-01,23.35,23.370001,23.309999,23.35,406000,21.603165
2014-06-30,23.370001,23.370001,23.280001,23.280001,115600,21.538402
2014-06-27,23.35,23.43,23.299999,23.34,143200,21.593913
2014-06-26,23.33,23.35,23.280001,23.32,107400,21.575409
2014-06-25,23.27,23.35,23.200001,23.27,209100,21.52915
2014-06-24,23.280001,23.299999,23.200001,23.27,212700,21.52915
2014-06-23,23.33,23.33,23.110001,23.23,132800,21.492142
2014-06-20,23.25,23.33,23.219999,23.25,144000,21.510646
2014-06-19,23.190001,23.379999,23.190001,23.35,133400,21.603165
2014-06-18,23.35,23.48,23.25,23.299999,195100,21.556905
2014-06-17,23.23,23.33,23.110001,23.32,198600,21.575409
2014-06-16,23.440001,23.440001,23.219999,23.26,128200,21.519898
2014-06-13,23.40,23.459999,23.209999,23.379999,166900,21.63092
2014-06-12,23.110001,23.299999,23.08,23.299999,157200,21.556905
2014-06-11,23.00,23.18,22.860001,23.129999,133700,21.399623
2014-06-10,23.18,23.209999,22.969999,23.01,100700,21.288601
2014-06-09,23.18,23.219999,23.059999,23.18,110100,21.445883
2014-06-06,23.209999,23.299999,23.10,23.139999,141200,21.408875
2014-06-05,22.879999,23.200001,22.76,23.15,139400,21.418127
2014-06-04,23.17,23.190001,22.67,22.940001,304500,21.223838
2014-06-03,23.25,23.25,23.08,23.129999,162300,21.399623
2014-06-02,23.26,23.299999,23.209999,23.209999,153500,21.473638
2014-05-30,23.27,23.32,23.15,23.27,160800,21.52915
2014-05-29,23.290001,23.309999,23.23,23.280001,145300,21.538402
2014-05-28,23.389999,23.40,23.24,23.27,165700,21.52915
2014-05-27,23.60,23.700001,23.49,23.68,208000,21.55413
2014-05-23,23.57,23.68,23.379999,23.60,182500,21.481313
2014-05-22,23.75,23.799999,23.549999,23.57,695700,21.454005
2014-05-21,23.73,23.83,23.629999,23.709999,177500,21.581436
2014-05-20,23.59,23.75,23.559999,23.75,118300,21.617846
2014-05-19,23.530001,23.58,23.50,23.58,123400,21.463108
2014-05-16,23.389999,23.540001,23.33,23.52,125600,21.408495
2014-05-15,23.459999,23.60,23.299999,23.33,478500,21.235551
2014-05-14,23.440001,23.48,23.32,23.48,176600,21.372085
2014-05-13,23.25,23.469999,23.23,23.440001,166200,21.335677
2014-05-12,23.27,23.299999,23.200001,23.24,90500,21.153631
2014-05-09,22.290001,23.23,22.26,23.23,139600,21.144529
2014-05-08,23.209999,23.34,23.139999,23.17,158600,21.089915
2014-05-07,23.129999,23.23,23.09,23.18,153100,21.099018
2014-05-06,23.15,23.15,23.07,23.129999,109800,21.053506
2014-05-05,23.16,23.32,23.07,23.10,209600,21.0262
2014-05-02,23.129999,23.219999,23.08,23.17,244900,21.089915
2014-05-01,23.07,23.17,23.01,23.120001,183800,21.044405
2014-04-30,22.809999,23.030001,22.809999,22.959999,244800,20.898767
2014-04-29,22.68,22.860001,22.629999,22.809999,184300,20.762234
2014-04-28,22.389999,22.60,22.35,22.58,203900,20.552883
2014-04-25,22.379999,22.379999,22.309999,22.34,111500,20.334429
2014-04-24,22.389999,22.40,22.290001,22.34,113600,20.334429
2014-04-23,22.33,22.40,22.309999,22.370001,129600,20.361736
2014-04-22,22.24,22.35,22.200001,22.33,147500,20.325326
2014-04-21,22.23,22.299999,22.15,22.190001,112700,20.197895
2014-04-17,22.35,22.35,22.09,22.23,128300,20.234303
2014-04-16,22.360001,22.41,22.280001,22.280001,104100,20.279816
2014-04-15,22.26,22.32,22.26,22.299999,101400,20.298019
2014-04-14,22.25,22.370001,22.219999,22.26,156400,20.261611
2014-04-11,22.10,22.23,22.10,22.200001,74300,20.206998
2014-04-10,22.280001,22.290001,22.190001,22.219999,91500,20.225201
2014-04-09,22.219999,22.23,22.120001,22.219999,133700,20.225201
2014-04-08,22.129999,22.18,22.10,22.15,133000,20.161485
2014-04-07,22.16,22.200001,22.08,22.120001,197800,20.13418
2014-04-04,22.25,22.25,22.120001,22.120001,80900,20.13418
2014-04-03,22.23,22.24,22.139999,22.219999,196500,20.225201
2014-04-02,22.17,22.219999,22.10,22.139999,134900,20.152383
2014-04-01,22.049999,22.200001,22.049999,22.16,116200,20.170588
2014-03-31,22.049999,22.15,22.00,22.030001,147300,20.052259
2014-03-28,21.99,22.049999,21.969999,22.02,190800,20.043157
2014-03-27,21.98,21.99,21.85,21.98,293800,20.006747
2014-03-26,22.00,22.00,21.860001,21.98,166900,20.006747
2014-03-25,21.959999,22.00,21.940001,21.959999,131400,19.988542
2014-03-24,21.91,21.950001,21.75,21.90,119800,19.933929
2014-03-21,21.92,21.93,21.860001,21.870001,88000,19.906624
2014-03-20,21.870001,21.90,21.700001,21.870001,150800,19.906624
2014-03-19,21.969999,21.98,21.700001,21.85,142900,19.888419
2014-03-18,21.73,22.00,21.73,21.879999,145100,19.915724
2014-03-17,21.790001,21.889999,21.639999,21.809999,152600,19.852009
2014-03-14,21.50,21.75,21.49,21.75,132000,19.797396
2014-03-13,21.469999,21.530001,21.42,21.51,76400,19.578942
2014-03-12,21.299999,21.49,21.25,21.43,78100,19.506124
2014-03-11,21.17,21.299999,21.10,21.299999,97500,19.387794
2014-03-10,21.15,21.200001,21.049999,21.10,76900,19.20575
2014-03-07,21.200001,21.200001,21.08,21.120001,85400,19.223955
2014-03-06,21.219999,21.219999,21.10,21.17,670200,19.269465
2014-03-05,21.18,21.190001,21.08,21.10,123900,19.20575
2014-03-04,21.15,21.23,21.08,21.110001,123500,19.214852
2014-03-03,21.15,21.18,20.98,21.049999,148000,19.160238
2014-02-28,21.129999,21.24,21.09,21.110001,136900,19.214852
2014-02-27,21.10,21.200001,21.030001,21.07,135900,19.178442
2014-02-26,21.120001,21.15,20.90,21.040001,152100,19.151137
2014-02-25,21.49,21.50,21.35,21.42,479800,19.148405
2014-02-24,21.450001,21.50,21.360001,21.450001,121100,19.175224
2014-02-21,21.35,21.450001,21.25,21.40,554900,19.130526
2014-02-20,21.32,21.40,21.24,21.34,97900,19.076889
2014-02-19,21.25,21.389999,21.209999,21.280001,158600,19.023253
2014-02-18,21.10,21.25,21.049999,21.16,131700,18.915978
2014-02-14,20.860001,21.10,20.799999,21.00,144900,18.772946
2014-02-13,20.690001,20.83,20.65,20.83,105400,18.620974
2014-02-12,20.700001,20.75,20.59,20.66,114200,18.469003
2014-02-11,20.73,20.73,20.620001,20.66,87200,18.469003
2014-02-10,20.559999,20.700001,20.540001,20.67,85800,18.477943
2014-02-07,20.40,20.530001,20.40,20.52,95400,18.34385
2014-02-06,20.42,20.43,20.32,20.370001,102300,18.209758
2014-02-05,20.459999,20.52,20.35,20.35,118700,18.191879
2014-02-04,20.549999,20.60,20.48,20.49,64900,18.317031
2014-02-03,20.610001,20.629999,20.48,20.52,76900,18.34385
2014-01-31,20.65,20.700001,20.530001,20.549999,130100,18.370668
2014-01-30,20.58,20.709999,20.57,20.700001,71100,18.504762
2014-01-29,20.530001,20.65,20.48,20.58,163600,18.397487
2014-01-28,20.540001,20.60,20.49,20.530001,115000,18.35279
2014-01-27,18.91,20.58,18.91,20.540001,82900,18.36173
2014-01-24,20.620001,20.620001,20.41,20.50,78800,18.325971
2014-01-23,20.60,20.700001,20.459999,20.629999,172700,18.442184
2014-01-22,20.450001,20.59,20.379999,20.50,226700,18.325971
2014-01-21,20.370001,20.41,20.299999,20.370001,144400,18.209758
2014-01-17,20.379999,20.389999,20.280001,20.34,135300,18.182939
2014-01-16,20.280001,20.40,20.25,20.40,227700,18.236576
2014-01-15,20.299999,20.299999,20.18,20.280001,126100,18.129303
2014-01-14,20.33,20.379999,20.190001,20.32,197300,18.16506
2014-01-13,20.26,20.50,20.25,20.299999,226300,18.14718
2014-01-10,20.129999,20.25,20.129999,20.25,147900,18.102484
2014-01-09,19.98,20.120001,19.83,20.059999,261300,17.932633
2014-01-08,19.77,20.030001,19.77,19.969999,219300,17.852177
2014-01-07,20.10,20.16,19.879999,20.040001,199200,17.914755
2014-01-06,19.889999,20.08,19.870001,20.08,316500,17.950512
2014-01-03,19.49,19.799999,19.49,19.77,286600,17.673388
2014-01-02,19.049999,19.40,18.959999,19.389999,167700,17.333686
2013-12-31,18.98,19.00,18.879999,18.950001,455000,16.94035
2013-12-30,19.030001,19.040001,18.90,18.959999,338400,16.949288
2013-12-27,19.23,19.23,18.940001,19.02,388700,17.002926
2013-12-26,19.23,19.290001,19.10,19.209999,250800,17.172775
2013-12-24,19.219999,19.290001,19.15,19.27,168200,17.226413
2013-12-23,19.59,19.59,19.26,19.290001,296100,17.244293
2013-12-20,19.299999,19.549999,19.299999,19.43,282900,17.369445
2013-12-19,19.50,19.58,19.299999,19.32,222300,17.27111
2013-12-18,19.299999,19.58,19.139999,19.50,261100,17.432021
2013-12-17,19.26,19.42,19.23,19.27,289300,17.226413
2013-12-16,19.18,19.35,19.10,19.26,255500,17.217473
2013-12-13,19.00,19.17,18.959999,19.17,316200,17.137018
2013-12-12,19.139999,19.139999,18.82,18.99,224700,16.976107
2013-12-11,19.23,19.23,19.01,19.10,292700,17.074442
2013-12-10,19.34,19.360001,19.120001,19.23,242600,17.190654
2013-12-09,19.389999,19.459999,19.23,19.27,188200,17.226413
2013-12-06,19.440001,19.459999,19.18,19.309999,181500,17.26217
2013-12-05,19.52,19.59,19.26,19.299999,318300,17.253231
2013-12-04,19.76,19.790001,19.440001,19.549999,303300,17.476718
2013-12-03,19.84,19.92,19.76,19.799999,192000,17.700205
2013-12-02,20.07,20.09,19.809999,19.889999,296200,17.780661
2013-11-29,20.059999,20.09,19.950001,20.059999,66500,17.932633
2013-11-27,20.049999,20.129999,20.01,20.049999,139500,17.923693
2013-11-26,20.08,20.200001,20.00,20.10,432500,17.968391
2013-11-25,20.450001,20.459999,20.280001,20.41,360700,17.903133
2013-11-22,20.299999,20.50,20.200001,20.459999,550600,17.946991
2013-11-21,20.34,20.42,20.25,20.299999,154600,17.806643
2013-11-20,20.469999,20.639999,20.35,20.40,105800,17.894361
2013-11-19,20.559999,20.629999,20.450001,20.50,125200,17.982078
2013-11-18,20.75,20.75,20.559999,20.60,120500,18.069796
2013-11-15,20.75,20.75,20.60,20.67,87400,18.131198
2013-11-14,20.84,20.84,20.65,20.690001,130900,18.148742
2013-11-13,20.879999,20.889999,20.709999,20.73,173300,18.183828
2013-11-12,20.92,20.92,20.790001,20.889999,206300,18.324176
2013-11-11,20.82,21.01,20.809999,20.93,88300,18.359264
2013-11-08,20.790001,21.00,20.76,20.969999,116300,18.39435
2013-11-07,21.00,21.10,20.959999,21.049999,102000,18.464524
2013-11-06,20.950001,21.10,20.85,21.09,105100,18.499612
2013-11-05,20.959999,21.040001,20.870001,21.030001,95900,18.446982
2013-11-04,21.01,21.10,20.879999,21.01,134200,18.429438
2013-11-01,21.10,21.209999,21.030001,21.08,55600,18.49084
2013-10-31,21.110001,21.15,20.93,21.10,119200,18.508383
2013-10-30,21.200001,21.309999,21.049999,21.110001,102300,18.517155
2013-10-29,20.940001,21.25,20.82,21.24,135400,18.631187
2013-10-28,21.049999,21.209999,20.77,21.030001,236200,18.446982
2013-10-25,21.17,21.200001,20.940001,21.10,101900,18.508383
2013-10-24,21.40,21.440001,21.01,21.059999,167000,18.473296
2013-10-23,21.24,21.469999,21.18,21.379999,127100,18.753991
2013-10-22,20.82,21.40,20.82,21.24,201400,18.631187
2013-10-21,20.549999,20.84,20.549999,20.719999,132100,18.175056
2013-10-18,20.41,20.540001,20.40,20.50,155000,17.982078
2013-10-17,20.91,21.139999,20.299999,20.35,114700,17.850503
2013-10-16,20.280001,20.370001,20.219999,20.27,158000,17.780329
2013-10-15,20.469999,20.52,20.200001,20.209999,127900,17.727697
2013-10-14,20.50,20.59,20.450001,20.469999,111200,17.955763
2013-10-11,20.549999,20.629999,20.450001,20.540001,96100,18.017166
2013-10-10,20.629999,20.639999,20.459999,20.52,124400,17.999622
2013-10-09,20.65,20.74,20.40,20.459999,107800,17.946991
2013-10-08,20.959999,20.98,20.639999,20.67,84600,18.131198
2013-10-07,21.15,21.17,20.90,20.940001,83700,18.368036
2013-10-04,21.24,21.34,21.17,21.32,133500,18.701361
2013-10-03,21.23,21.35,21.120001,21.200001,105100,18.596101
2013-10-02,21.17,21.450001,21.17,21.25,153200,18.639959
2013-10-01,21.120001,21.370001,21.120001,21.27,139100,18.657503
2013-09-30,20.84,21.200001,20.780001,21.16,247100,18.561013
2013-09-27,20.98,20.98,20.82,20.90,180900,18.332948
2013-09-26,20.719999,20.98,20.700001,20.950001,160900,18.376808
2013-09-25,20.629999,20.790001,20.60,20.700001,164500,18.157514
2013-09-24,20.620001,20.76,20.450001,20.68,156400,18.13997
2013-09-23,20.440001,20.629999,20.309999,20.60,149500,18.069796
2013-09-20,20.60,20.66,20.379999,20.49,140000,17.973306
2013-09-19,20.959999,21.129999,20.620001,20.629999,165500,18.09611
2013-09-18,20.530001,20.99,20.379999,20.84,204800,18.280318
2013-09-17,20.57,20.60,20.309999,20.530001,127700,18.008394
2013-09-16,20.75,20.83,20.48,20.57,144400,18.04348
2013-09-13,20.629999,20.629999,20.299999,20.60,128700,18.069796
2013-09-12,20.799999,20.91,20.450001,20.57,127800,18.04348
2013-09-11,20.75,20.85,20.52,20.700001,132300,18.157514
2013-09-10,20.93,21.129999,20.67,20.709999,119900,18.166284
2013-09-09,21.00,21.09,20.90,20.90,98100,18.332948
2013-09-06,21.059999,21.120001,20.790001,20.940001,119900,18.368036
2013-09-05,21.10,21.110001,20.82,20.950001,90000,18.376808
2013-09-04,21.25,21.370001,21.00,21.040001,163700,18.455753
2013-09-03,21.18,21.190001,20.77,21.190001,107900,18.587329
2013-08-30,21.27,21.299999,21.02,21.07,97600,18.482068
2013-08-29,21.32,21.370001,21.02,21.219999,101300,18.613643
2013-08-28,21.01,21.309999,20.90,21.24,94100,18.631187
2013-08-27,21.110001,21.52,21.110001,21.50,87900,18.489963
2013-08-26,21.52,21.67,21.139999,21.33,133700,18.343763
2013-08-23,21.290001,21.610001,21.030001,21.469999,108200,18.464163
2013-08-22,20.93,21.17,20.75,20.940001,163500,18.008365
2013-08-21,20.51,21.18,20.459999,20.84,133400,17.922364
2013-08-20,20.879999,21.00,20.43,20.57,197000,17.690164
2013-08-19,21.110001,21.17,20.610001,20.780001,261900,17.870765
2013-08-16,20.950001,21.299999,20.75,21.139999,126000,18.180363
2013-08-15,20.75,21.09,20.02,21.01,290100,18.068564
2013-08-14,21.42,21.48,20.76,20.93,215900,17.999764
2013-08-13,21.799999,21.83,21.32,21.379999,149600,18.386763
2013-08-12,21.66,21.91,21.66,21.799999,189800,18.747962
2013-08-09,21.629999,21.889999,21.610001,21.700001,130300,18.661963
2013-08-08,21.700001,21.92,21.629999,21.75,130900,18.704963
2013-08-07,21.700001,21.799999,21.549999,21.610001,198800,18.584563
2013-08-06,21.99,22.00,21.67,21.75,165800,18.704963
2013-08-05,22.50,22.549999,22.040001,22.08,118100,18.988762
2013-08-02,22.200001,22.50,22.110001,22.450001,158200,19.306962
2013-08-01,22.549999,22.549999,21.90,22.030001,156500,18.945763
2013-07-31,22.530001,22.639999,22.200001,22.540001,176600,19.384362
2013-07-30,22.950001,23.030001,22.559999,22.60,105900,19.435962
2013-07-29,23.200001,23.200001,22.799999,23.040001,46000,19.814361
2013-07-26,23.33,23.459999,23.290001,23.299999,80000,20.037959
2013-07-25,23.24,23.35,23.059999,23.280001,61400,20.020761
2013-07-24,23.60,23.700001,23.00,23.41,145300,20.13256
2013-07-23,23.790001,23.82,23.549999,23.709999,113900,20.390559
2013-07-22,23.99,23.99,23.719999,23.83,82000,20.493759
2013-07-19,23.73,23.99,23.50,23.98,83100,20.622758
2013-07-18,23.450001,23.75,23.389999,23.74,68700,20.416359
2013-07-17,23.139999,23.50,23.059999,23.48,100900,20.192759
2013-07-16,22.90,23.10,22.82,23.07,122900,19.84016
2013-07-15,22.84,23.34,22.809999,22.889999,158300,19.68536
2013-07-12,23.00,23.139999,22.73,22.77,99500,19.582161
2013-07-11,22.85,23.08,22.709999,22.860001,181700,19.659561
2013-07-10,23.08,23.09,22.57,22.59,162600,19.427361
2013-07-09,23.50,23.50,22.98,23.09,133800,19.857361
2013-07-08,23.90,23.90,23.110001,23.26,102900,20.00356
2013-07-05,24.16,24.16,23.780001,23.92,72600,20.571159
2013-07-03,24.389999,24.440001,24.16,24.25,80400,20.854958
2013-07-02,24.40,24.469999,24.309999,24.440001,228700,21.018359
2013-07-01,24.030001,24.379999,23.860001,24.370001,157700,20.958159
2013-06-28,23.82,24.200001,23.40,24.10,141700,20.725959
2013-06-27,23.379999,23.98,23.200001,23.91,240800,20.562559
2013-06-26,22.90,23.309999,22.719999,23.209999,203600,19.960559
2013-06-25,22.90,23.15,22.33,22.610001,239500,19.444562
2013-06-24,23.00,23.200001,21.68,22.540001,273100,19.384362
2013-06-21,23.76,23.92,23.10,23.17,234600,19.92616
2013-06-20,24.27,24.27,23.110001,23.50,219700,20.20996
2013-06-19,24.049999,24.33,23.76,23.959999,250300,20.605558
2013-06-18,24.00,24.190001,23.90,24.00,382700,20.639959
2013-06-17,23.90,24.129999,23.68,24.10,382700,20.725959
2013-06-14,23.360001,23.93,23.299999,23.700001,211100,20.38196
2013-06-13,22.75,23.440001,22.41,23.24,338400,19.98636
2013-06-12,23.60,23.809999,22.549999,22.76,490200,19.573561
2013-06-11,24.10,24.10,23.50,23.52,239300,20.22716
2013-06-10,24.50,24.50,24.049999,24.15,194100,20.768958
2013-06-07,24.629999,24.67,24.43,24.50,288900,21.069958
2013-06-06,24.58,24.66,24.40,24.58,250900,21.138758
2013-06-05,24.84,24.84,24.450001,24.50,330100,21.069958
2013-06-04,24.65,24.870001,24.610001,24.84,431700,21.362358
2013-06-03,24.98,24.98,24.52,24.65,320200,21.198957
2013-05-31,24.879999,25.15,24.76,25.15,992400,21.628957
2013-05-30,24.889999,24.950001,24.76,24.85,726400,21.370958
2013-05-29,24.90,24.90,24.65,24.82,500600,21.345157
2013-05-28,25.00,25.02,24.809999,24.85,1958100,21.370958
2013-05-24,25.049999,25.10,24.93,24.969999,1133900,21.474157
