Date,Open,High,Low,Close,Volume,Adj Close
2016-11-25,3.16,3.20,3.12,3.15,3114700,3.15
2016-11-23,3.14,3.25,3.12,3.23,6641700,3.23
2016-11-22,3.23,3.26,3.11,3.19,8801400,3.19
2016-11-21,3.13,3.24,3.12,3.23,11260800,3.23
2016-11-18,3.02,3.10,2.99,3.02,9260100,3.02
2016-11-17,3.04,3.09,2.96,3.00,8327200,3.00
2016-11-16,3.06,3.09,2.92,2.96,10340000,2.96
2016-11-15,3.03,3.16,3.02,3.11,15119000,3.11
2016-11-14,2.79,2.93,2.71,2.92,11272800,2.92
2016-11-11,2.84,2.88,2.58,2.86,13290200,2.86
2016-11-10,2.87,2.90,2.80,2.85,12644400,2.85
2016-11-09,2.55,2.89,2.54,2.86,12867900,2.86
2016-11-08,2.52,2.72,2.51,2.64,7554500,2.64
2016-11-07,2.53,2.65,2.51,2.63,8676100,2.63
2016-11-04,2.27,2.50,2.27,2.43,9945500,2.43
2016-11-03,2.50,2.55,2.22,2.44,14683200,2.44
2016-11-02,2.26,2.48,2.25,2.41,13203200,2.41
2016-11-01,2.47,2.48,2.32,2.43,10115300,2.43
2016-10-31,2.57,2.62,2.33,2.39,13264000,2.39
2016-10-28,2.69,2.75,2.56,2.59,9174400,2.59
2016-10-27,2.72,2.78,2.68,2.69,7777800,2.69
2016-10-26,2.63,2.78,2.56,2.69,10624600,2.69
2016-10-25,2.74,2.80,2.65,2.67,8105800,2.67
2016-10-24,2.85,2.85,2.65,2.78,8159800,2.78
2016-10-21,2.87,2.92,2.80,2.83,8131200,2.83
2016-10-20,2.80,2.95,2.75,2.90,8413300,2.90
2016-10-19,2.86,2.97,2.81,2.87,9365500,2.87
2016-10-18,2.82,2.87,2.71,2.77,7587100,2.77
2016-10-17,2.82,2.85,2.64,2.77,10354200,2.77
2016-10-14,2.85,2.91,2.78,2.81,8197300,2.81
2016-10-13,2.87,2.89,2.78,2.81,12017300,2.81
2016-10-12,3.02,3.02,2.83,2.93,11218200,2.93
2016-10-11,3.16,3.18,2.96,3.04,8846200,3.04
2016-10-10,3.15,3.29,3.10,3.18,11497000,3.18
2016-10-07,3.25,3.27,2.97,2.98,11039200,2.98
2016-10-06,3.34,3.40,3.20,3.24,10872300,3.24
2016-10-05,3.32,3.40,3.24,3.25,10196900,3.25
2016-10-04,3.32,3.36,3.09,3.17,8451700,3.17
2016-10-03,3.31,3.35,3.18,3.29,8956300,3.29
2016-09-30,3.21,3.33,3.09,3.23,12825400,3.23
2016-09-29,3.18,3.38,3.06,3.15,20593800,3.15
2016-09-28,2.71,3.21,2.63,3.19,20459600,3.19
2016-09-27,2.74,2.76,2.60,2.63,11121700,2.63
2016-09-26,2.84,2.95,2.76,2.77,10292500,2.77
2016-09-23,2.89,2.99,2.70,2.77,10506700,2.77
2016-09-22,2.88,2.98,2.87,2.95,11137000,2.95
2016-09-21,2.73,2.78,2.63,2.77,11492200,2.77
2016-09-20,2.78,2.80,2.61,2.62,9654500,2.62
2016-09-19,2.92,2.93,2.77,2.77,7518600,2.77
2016-09-16,2.80,2.85,2.73,2.81,12798200,2.81
2016-09-15,2.88,2.94,2.80,2.86,6747800,2.86
2016-09-14,2.94,3.07,2.82,2.82,15561900,2.82
2016-09-13,3.03,3.08,2.90,2.94,11628900,2.94
2016-09-12,3.07,3.23,3.02,3.12,10840800,3.12
2016-09-09,3.30,3.33,3.09,3.09,9546500,3.09
2016-09-08,3.40,3.48,3.26,3.41,13539600,3.41
2016-09-07,3.28,3.38,3.22,3.28,11287700,3.28
2016-09-06,3.24,3.29,3.15,3.23,9795100,3.23
2016-09-02,3.02,3.24,3.00,3.20,15009000,3.20
2016-09-01,3.00,3.10,2.86,2.89,12813700,2.89
2016-08-31,3.05,3.15,2.96,3.08,11525400,3.08
2016-08-30,3.19,3.30,3.07,3.10,7343200,3.10
2016-08-29,3.00,3.17,2.99,3.17,6184500,3.17
2016-08-26,3.04,3.21,3.03,3.08,8658900,3.08
2016-08-25,2.98,3.11,2.96,3.04,7290600,3.04
2016-08-24,3.05,3.15,2.97,2.99,7301400,2.99
2016-08-23,2.96,3.20,2.95,3.14,8684900,3.14
2016-08-22,3.05,3.14,2.96,2.99,9346300,2.99
2016-08-19,3.31,3.35,3.16,3.17,14536700,3.17
2016-08-18,3.11,3.38,3.11,3.38,13762900,3.38
2016-08-17,3.08,3.14,3.00,3.06,10490100,3.06
2016-08-16,3.10,3.19,3.02,3.13,8664100,3.13
2016-08-15,2.96,3.20,2.93,3.13,12242900,3.13
2016-08-12,2.98,3.01,2.82,2.88,7456600,2.88
2016-08-11,2.82,2.94,2.73,2.86,11830900,2.86
2016-08-10,2.94,3.01,2.73,2.75,13522900,2.75
2016-08-09,3.27,3.30,2.98,3.01,13242000,3.01
2016-08-08,3.09,3.42,3.09,3.20,17920800,3.20
2016-08-05,3.04,3.11,2.92,3.02,10600900,3.02
2016-08-04,2.71,3.13,2.65,2.99,22479600,2.99
2016-08-03,2.68,2.71,2.52,2.66,12544700,2.66
2016-08-02,2.86,2.90,2.58,2.66,10322400,2.66
2016-08-01,2.85,2.85,2.71,2.72,7849600,2.72
2016-07-29,2.88,2.90,2.71,2.90,10811200,2.90
2016-07-28,2.90,3.03,2.86,2.94,7458700,2.94
2016-07-27,3.06,3.18,2.82,2.93,9345600,2.93
2016-07-26,2.84,3.08,2.80,3.05,6559300,3.05
2016-07-25,2.96,2.96,2.79,2.90,7240200,2.90
2016-07-22,3.15,3.18,2.97,3.04,7505300,3.04
2016-07-21,3.33,3.44,3.10,3.13,7721600,3.13
2016-07-20,3.20,3.35,3.10,3.34,5999800,3.34
2016-07-19,3.30,3.30,3.19,3.24,5228300,3.24
2016-07-18,3.22,3.31,3.14,3.27,6037600,3.27
2016-07-15,3.45,3.46,3.24,3.27,6033000,3.27
2016-07-14,3.48,3.50,3.39,3.42,6520100,3.42
2016-07-13,3.69,3.73,3.30,3.35,9395400,3.35
2016-07-12,3.29,3.74,3.27,3.67,13942400,3.67
2016-07-11,3.22,3.29,3.10,3.13,7404100,3.13
2016-07-08,3.22,3.27,3.12,3.22,8068200,3.22
2016-07-07,3.30,3.40,3.07,3.12,12145500,3.12
2016-07-06,3.19,3.31,3.10,3.23,14855800,3.23
2016-07-05,3.52,3.52,3.12,3.25,12978700,3.25
2016-07-01,3.63,3.79,3.55,3.64,11280700,3.64
2016-06-30,3.84,3.84,3.56,3.59,14619000,3.59
2016-06-29,3.98,4.06,3.79,3.80,15745100,3.80
2016-06-28,4.05,4.09,3.75,3.86,14780900,3.86
2016-06-27,4.16,4.21,3.75,3.79,11429700,3.79
2016-06-24,4.28,4.48,4.21,4.30,44544900,4.30
2016-06-23,4.46,4.70,4.46,4.68,9637800,4.68
2016-06-22,4.62,4.64,4.39,4.44,8048300,4.44
2016-06-21,4.38,4.58,4.32,4.48,9476700,4.48
2016-06-20,4.41,4.54,4.29,4.46,11368700,4.46
2016-06-17,4.11,4.30,4.10,4.23,15195000,4.23
2016-06-16,3.97,4.04,3.85,3.96,10745300,3.96
2016-06-15,3.88,4.20,3.85,4.08,11000000,4.08
2016-06-14,3.83,3.99,3.70,3.88,8303700,3.88
2016-06-13,3.74,4.06,3.70,3.87,9900700,3.87
2016-06-10,4.10,4.13,3.80,3.82,12513800,3.82
2016-06-09,4.40,4.44,4.15,4.19,13479000,4.19
2016-06-08,4.52,4.74,4.49,4.52,10798500,4.52
2016-06-07,4.40,4.45,4.28,4.38,16342000,4.38
2016-06-06,4.40,4.42,4.21,4.32,10563300,4.32
2016-06-03,4.21,4.31,4.12,4.22,10279800,4.22
2016-06-02,4.06,4.21,3.93,4.20,12610400,4.20
2016-06-01,3.87,4.24,3.78,4.20,12778200,4.20
2016-05-31,4.00,4.15,3.94,4.01,11382700,4.01
2016-05-27,3.97,4.04,3.86,3.93,9230500,3.93
2016-05-26,4.40,4.44,4.03,4.04,13693400,4.04
2016-05-25,3.96,4.28,3.96,4.21,12561100,4.21
2016-05-24,4.04,4.11,3.83,3.90,10869500,3.90
2016-05-23,3.91,4.11,3.81,3.99,8115900,3.99
2016-05-20,4.01,4.19,3.90,4.03,6445200,4.03
2016-05-19,4.01,4.04,3.71,4.00,10282600,4.00
2016-05-18,4.21,4.32,4.10,4.16,11245200,4.16
2016-05-17,4.16,4.37,4.13,4.23,10322500,4.23
2016-05-16,4.12,4.32,4.06,4.22,12949200,4.22
2016-05-13,4.04,4.16,3.85,3.90,11643700,3.90
2016-05-12,4.36,4.43,3.97,4.10,14576300,4.10
2016-05-11,3.80,4.38,3.72,4.11,17571000,4.11
2016-05-10,3.53,3.97,3.46,3.92,17188800,3.92
2016-05-09,3.64,3.70,3.30,3.52,9931800,3.52
2016-05-06,3.47,3.89,3.44,3.64,11930800,3.64
2016-05-05,3.71,3.96,3.44,3.61,15831400,3.61
2016-05-04,3.72,3.80,3.17,3.26,16522200,3.26
2016-05-03,3.67,3.70,3.39,3.62,9430900,3.62
2016-05-02,3.92,3.98,3.63,3.85,13114500,3.85
2016-04-29,4.33,4.35,3.66,3.86,19171500,3.86
2016-04-28,4.66,4.80,4.03,4.06,20288200,4.06
2016-04-27,4.21,4.70,4.19,4.64,21413400,4.64
2016-04-26,3.93,4.19,3.81,4.10,15571200,4.10
2016-04-25,4.12,4.17,3.75,3.95,18525600,3.95
2016-04-22,3.77,4.10,3.73,4.09,15358700,4.09
2016-04-21,3.85,4.00,3.60,3.66,21373400,3.66
2016-04-20,3.47,3.90,3.47,3.71,26552000,3.71
2016-04-19,3.37,3.77,3.36,3.60,15311700,3.60
2016-04-18,2.76,3.30,2.72,3.29,12629400,3.29
2016-04-15,2.94,3.25,2.88,3.18,12958100,3.18
2016-04-14,3.20,3.32,2.96,3.06,14096800,3.06
2016-04-13,3.09,3.29,3.01,3.15,15086900,3.15
2016-04-12,2.60,3.30,2.56,3.23,23139700,3.23
2016-04-11,2.63,2.72,2.53,2.56,10495300,2.56
2016-04-08,2.33,2.57,2.29,2.50,14959500,2.50
2016-04-07,2.22,2.32,2.13,2.17,9136200,2.17
2016-04-06,2.10,2.29,2.01,2.23,16333100,2.23
2016-04-05,2.00,2.08,1.97,2.01,16684900,2.01
2016-04-04,2.04,2.15,1.95,2.03,10371100,2.03
2016-04-01,2.14,2.16,2.01,2.03,14651100,2.03
2016-03-31,2.13,2.32,2.08,2.22,11568600,2.22
2016-03-30,2.25,2.28,2.10,2.17,11445200,2.17
2016-03-29,2.12,2.16,2.02,2.12,12581200,2.12
2016-03-28,2.25,2.32,2.13,2.25,9411100,2.25
2016-03-24,2.07,2.29,2.00,2.27,12954200,2.27
2016-03-23,2.34,2.38,2.15,2.19,7397400,2.19
2016-03-22,2.54,2.57,2.30,2.43,8940600,2.43
2016-03-21,2.54,2.71,2.46,2.58,9682000,2.58
2016-03-18,2.74,2.88,2.47,2.61,29945600,2.61
2016-03-17,2.42,2.68,2.40,2.61,15351800,2.61
2016-03-16,2.16,2.36,2.14,2.34,13365600,2.34
2016-03-15,2.09,2.09,1.95,2.07,13525300,2.07
2016-03-14,2.13,2.29,2.05,2.23,15290900,2.23
2016-03-11,2.34,2.53,2.30,2.40,16720500,2.40
2016-03-10,2.29,2.31,1.97,2.21,18756700,2.21
2016-03-09,2.60,2.64,2.20,2.29,23637600,2.29
2016-03-08,3.48,3.53,2.17,2.22,28603800,2.22
2016-03-07,3.19,3.70,3.05,3.66,50066600,3.66
2016-03-04,2.28,3.28,2.16,3.26,55160100,3.26
2016-03-03,1.69,2.31,1.67,2.13,26311100,2.13
2016-03-02,1.37,1.78,1.32,1.78,18031800,1.78
2016-03-01,1.31,1.41,1.22,1.39,15759700,1.39
2016-02-29,1.20,1.31,1.19,1.28,11568300,1.28
2016-02-26,1.11,1.24,1.10,1.19,16208600,1.19
2016-02-25,0.94,1.12,0.94,1.07,8877200,1.07
2016-02-24,0.93,1.01,0.90,0.95,9612900,0.95
2016-02-23,1.07,1.11,0.98,0.99,10909600,0.99
2016-02-22,1.06,1.11,1.02,1.08,10087400,1.08
2016-02-19,1.03,1.03,0.89,1.01,18426400,1.01
2016-02-18,1.08,1.14,1.02,1.05,9290700,1.05
2016-02-17,1.11,1.15,1.02,1.10,15654700,1.10
2016-02-16,1.19,1.23,1.02,1.03,11091000,1.03
2016-02-12,1.10,1.33,1.01,1.12,17982300,1.12
2016-02-11,1.10,1.12,1.00,1.03,13289000,1.03
2016-02-10,1.22,1.26,1.11,1.12,6875600,1.12
2016-02-09,1.24,1.31,1.11,1.17,9884100,1.17
2016-02-08,1.51,1.51,1.22,1.26,11144600,1.26
2016-02-05,1.41,1.67,1.35,1.56,12258300,1.56
2016-02-04,1.47,1.65,1.47,1.51,15622000,1.51
2016-02-03,1.24,1.48,1.11,1.48,15478200,1.48
2016-02-02,1.20,1.27,1.11,1.19,11114900,1.19
2016-02-01,1.42,1.46,1.21,1.26,12879100,1.26
2016-01-29,1.33,1.58,1.32,1.56,15224900,1.56
2016-01-28,1.29,1.35,1.14,1.32,11863600,1.32
2016-01-27,1.06,1.19,1.02,1.09,15241100,1.09
2016-01-26,1.09,1.12,0.98,1.05,15579500,1.05
2016-01-25,1.29,1.32,1.00,1.01,9921900,1.01
2016-01-22,1.39,1.52,1.33,1.34,17846400,1.34
2016-01-21,1.04,1.35,1.03,1.26,14426300,1.26
2016-01-20,1.03,1.10,0.86,1.08,12196700,1.08
2016-01-19,1.28,1.29,1.07,1.10,10382900,1.10
2016-01-15,1.30,1.37,1.16,1.22,14424100,1.22
2016-01-14,1.33,1.53,1.27,1.42,18944200,1.42
2016-01-13,1.42,1.54,1.34,1.34,10504800,1.34
2016-01-12,1.54,1.59,1.31,1.41,10489400,1.41
2016-01-11,1.66,1.66,1.49,1.49,9823400,1.49
2016-01-08,1.73,1.73,1.51,1.63,10258500,1.63
2016-01-07,1.64,1.73,1.60,1.61,10402600,1.61
2016-01-06,1.90,1.92,1.68,1.71,13010900,1.71
2016-01-05,2.04,2.05,1.88,2.01,11256400,2.01
2016-01-04,2.01,2.21,1.92,2.04,15754300,2.04
2015-12-31,1.93,2.04,1.91,2.02,7559900,2.02
2015-12-30,2.06,2.20,1.97,1.97,9752800,1.97
2015-12-29,2.13,2.22,2.02,2.16,11387500,2.16
2015-12-28,2.18,2.20,2.02,2.03,10563200,2.03
2015-12-24,2.45,2.46,2.24,2.30,8380500,2.30
2015-12-23,2.11,2.55,2.09,2.47,22195900,2.47
2015-12-22,1.95,2.11,1.85,2.04,15002100,2.04
2015-12-21,1.82,1.95,1.72,1.89,20072100,1.89
2015-12-18,1.87,1.94,1.77,1.90,19266800,1.90
2015-12-17,2.08,2.11,1.73,1.92,27914600,1.92
2015-12-16,2.26,2.32,2.02,2.09,24491400,2.09
2015-12-15,2.41,2.44,2.25,2.29,13172300,2.29
2015-12-14,2.49,2.55,2.30,2.34,10618200,2.34
2015-12-11,2.79,2.79,2.53,2.54,8750900,2.54
2015-12-10,2.70,2.90,2.65,2.86,11096900,2.86
2015-12-09,2.76,3.03,2.69,2.75,12995700,2.75
2015-12-08,2.65,2.82,2.50,2.78,10676000,2.78
2015-12-07,2.87,2.88,2.75,2.79,9320600,2.79
2015-12-04,3.26,3.31,3.01,3.02,10502700,3.02
2015-12-03,3.46,3.53,3.34,3.35,7828400,3.35
2015-12-02,3.51,3.65,3.32,3.39,8573400,3.39
2015-12-01,3.70,3.89,3.60,3.69,11146400,3.69
2015-11-30,3.56,3.80,3.53,3.70,11209200,3.70
2015-11-27,3.54,3.65,3.51,3.55,4591300,3.55
2015-11-25,3.46,3.68,3.35,3.64,8008900,3.64
2015-11-24,3.47,3.67,3.43,3.51,10856500,3.51
2015-11-23,3.31,3.44,3.25,3.39,14361500,3.39
2015-11-20,3.49,3.49,3.24,3.29,9316900,3.29
2015-11-19,3.65,3.66,3.35,3.46,10622200,3.46
2015-11-18,3.70,3.74,3.48,3.69,10012900,3.69
2015-11-17,3.75,3.83,3.49,3.61,13311000,3.61
2015-11-16,3.64,3.81,3.51,3.75,20104100,3.75
2015-11-13,3.45,3.61,3.30,3.54,16255200,3.54
2015-11-12,3.66,3.74,3.50,3.56,8692000,3.56
2015-11-11,4.15,4.18,3.70,3.77,8911900,3.77
2015-11-10,4.18,4.32,4.12,4.20,10187500,4.20
2015-11-09,4.27,4.52,4.15,4.19,17029700,4.19
2015-11-06,3.94,4.30,3.91,4.24,14448900,4.24
2015-11-05,4.14,4.23,3.71,4.01,17367600,4.01
2015-11-04,3.94,4.03,3.75,3.97,11825300,3.97
2015-11-03,3.80,4.07,3.76,3.91,13534400,3.91
2015-11-02,3.50,3.80,3.46,3.70,10429800,3.70
2015-10-30,3.42,3.60,3.25,3.54,10959500,3.54
2015-10-29,3.44,3.61,3.36,3.37,11834600,3.37
2015-10-28,3.36,3.56,3.28,3.49,10647900,3.49
2015-10-27,3.47,3.47,3.20,3.27,10362700,3.27
2015-10-26,3.88,3.88,3.46,3.59,11881900,3.59
2015-10-23,3.64,3.90,3.54,3.86,16359700,3.86
2015-10-22,3.70,3.78,3.50,3.72,12317600,3.72
2015-10-21,3.72,3.72,3.48,3.57,10810800,3.57
2015-10-20,3.57,3.84,3.54,3.74,10037800,3.74
2015-10-19,3.60,3.73,3.50,3.58,7360400,3.58
2015-10-16,3.84,3.89,3.53,3.73,8629100,3.73
2015-10-15,3.43,3.86,3.40,3.81,14603600,3.81
2015-10-14,3.28,3.55,3.28,3.51,13770200,3.51
2015-10-13,3.34,3.60,3.29,3.30,9005200,3.30
2015-10-12,3.71,3.71,3.25,3.47,8605700,3.47
2015-10-09,3.95,3.97,3.64,3.72,10773300,3.72
2015-10-08,3.51,3.92,3.27,3.86,15610100,3.86
2015-10-07,3.95,4.25,3.35,3.44,26048400,3.44
2015-10-06,3.24,3.92,3.18,3.82,25612400,3.82
2015-10-05,2.92,3.38,2.91,3.20,19910400,3.20
2015-10-02,2.45,2.84,2.43,2.83,9053800,2.83
2015-10-01,2.53,2.65,2.43,2.50,14284700,2.50
2015-09-30,2.54,2.62,2.37,2.44,15271800,2.44
2015-09-29,2.47,2.58,2.46,2.53,9462400,2.53
2015-09-28,2.61,2.65,2.41,2.46,10887300,2.46
2015-09-25,2.79,2.81,2.63,2.68,8299900,2.68
2015-09-24,2.67,2.81,2.61,2.74,12956400,2.74
2015-09-23,2.92,2.93,2.65,2.69,10528900,2.69
2015-09-22,2.88,2.97,2.73,2.82,11136100,2.82
2015-09-21,3.05,3.14,2.90,2.94,11737500,2.94
2015-09-18,3.15,3.19,2.88,2.90,20475300,2.90
2015-09-17,3.36,3.41,3.14,3.22,17023100,3.22
2015-09-16,3.01,3.35,3.00,3.31,16269600,3.31
2015-09-15,2.92,3.02,2.88,2.95,8030700,2.95
2015-09-14,2.85,2.92,2.74,2.91,7926000,2.91
2015-09-11,3.00,3.03,2.77,2.89,12607500,2.89
2015-09-10,3.15,3.15,2.98,3.05,13428600,3.05
2015-09-09,3.28,3.43,3.06,3.09,12715000,3.09
2015-09-08,3.35,3.50,3.25,3.34,14855400,3.34
2015-09-04,3.66,3.70,3.53,3.56,9196600,3.56
2015-09-03,3.69,3.97,3.63,3.74,9962200,3.74
2015-09-02,3.83,3.85,3.48,3.71,12020000,3.71
2015-09-01,4.17,4.26,3.56,3.65,15005500,3.65
2015-08-31,3.99,4.50,3.91,4.34,13516200,4.34
2015-08-28,3.89,4.35,3.78,4.16,15662700,4.16
2015-08-27,3.62,3.96,3.55,3.95,18981400,3.95
2015-08-26,3.37,3.51,3.24,3.43,12383500,3.43
2015-08-25,3.47,3.56,3.26,3.28,11427000,3.28
2015-08-24,3.21,3.48,3.18,3.27,11199400,3.27
2015-08-21,3.55,3.69,3.53,3.54,12202300,3.54
2015-08-20,3.80,3.88,3.62,3.68,9682800,3.617
2015-08-19,4.02,4.11,3.71,3.76,11154300,3.69563
2015-08-18,3.83,4.12,3.82,4.06,12003500,3.990494
2015-08-17,3.87,3.92,3.75,3.85,7966100,3.784089
2015-08-14,3.94,4.09,3.85,3.88,6558000,3.813576
2015-08-13,4.12,4.14,3.81,3.96,10255100,3.892206
2015-08-12,4.09,4.41,4.08,4.18,16048700,4.10844
2015-08-11,3.96,4.21,3.80,4.06,15152400,3.990494
2015-08-10,3.55,4.40,3.51,4.28,21103900,4.206728
2015-08-07,3.53,3.83,3.45,3.52,17607000,3.459739
2015-08-06,3.07,3.58,3.04,3.57,32662400,3.508883
2015-08-05,3.76,3.85,3.05,3.11,21580200,3.056758
2015-08-04,3.74,3.87,3.49,3.58,13378900,3.518712
2015-08-03,3.90,4.00,3.66,3.69,13080000,3.626829
2015-07-31,4.15,4.18,3.92,3.94,13282900,3.872549
2015-07-30,4.14,4.29,4.03,4.17,13087600,4.098611
2015-07-29,3.98,4.25,3.92,4.14,12866200,4.069125
2015-07-28,3.85,4.03,3.64,4.00,17835500,3.931522
2015-07-27,3.83,3.92,3.69,3.78,13196800,3.715288
2015-07-24,4.02,4.06,3.81,3.93,18109800,3.86272
2015-07-23,3.95,4.08,3.81,4.05,13153500,3.980666
2015-07-22,3.98,4.25,3.88,3.95,18209400,3.882378
2015-07-21,4.27,4.49,4.13,4.14,13274900,4.069125
2015-07-20,4.57,4.57,4.21,4.23,17468400,4.157584
2015-07-17,4.86,4.86,4.52,4.57,11864400,4.491764
2015-07-16,5.20,5.21,4.79,4.88,10681200,4.796457
2015-07-15,5.30,5.38,5.14,5.15,13023200,5.061834
2015-07-14,5.28,5.48,5.24,5.33,12471200,5.238753
2015-07-13,5.33,5.45,5.16,5.29,10905100,5.199437
2015-07-10,5.56,5.61,5.30,5.30,8330200,5.209266
2015-07-09,5.54,5.63,5.47,5.48,11446200,5.386185
2015-07-08,5.59,5.75,5.29,5.37,12957400,5.278068
2015-07-07,5.45,5.94,5.27,5.80,16224300,5.700707
2015-07-06,5.65,5.65,5.32,5.51,10844200,5.415671
2015-07-02,5.88,6.09,5.77,5.83,9093500,5.730193
2015-07-01,6.35,6.39,5.79,5.84,10859200,5.740022
2015-06-30,6.29,6.40,6.21,6.36,7108000,6.25112
2015-06-29,6.31,6.44,6.29,6.29,6423300,6.182318
2015-06-26,6.53,6.57,6.33,6.49,9160200,6.378894
2015-06-25,6.56,6.71,6.49,6.56,10320200,6.447695
2015-06-24,6.53,6.62,6.39,6.56,10853300,6.447695
2015-06-23,6.26,6.58,6.26,6.54,8597600,6.428038
2015-06-22,6.41,6.43,6.24,6.27,11215700,6.16266
2015-06-19,6.48,6.51,6.35,6.36,10493500,6.25112
2015-06-18,6.77,6.78,6.51,6.53,7478200,6.418209
2015-06-17,7.05,7.15,6.70,6.71,7490100,6.595128
2015-06-16,6.82,6.99,6.82,6.96,6751900,6.840848
2015-06-15,6.63,6.87,6.56,6.84,8416400,6.722902
2015-06-12,6.74,6.78,6.68,6.72,4886000,6.604956
2015-06-11,6.94,6.95,6.75,6.80,9053200,6.683587
2015-06-10,6.95,6.99,6.83,6.92,15906000,6.801533
2015-06-09,7.03,7.07,6.77,6.80,17981000,6.683587
2015-06-08,7.00,7.05,6.67,6.89,12541500,6.772046
2015-06-05,7.00,7.25,7.00,7.02,7776900,6.89982
2015-06-04,7.20,7.21,7.01,7.02,6872800,6.89982
2015-06-03,7.28,7.48,7.20,7.27,8347500,7.145541
2015-06-02,7.10,7.38,7.08,7.35,9747800,7.224171
2015-06-01,7.34,7.43,7.02,7.03,9228100,6.90965
2015-05-29,7.16,7.43,7.16,7.37,7032800,7.243829
2015-05-28,7.18,7.23,7.05,7.15,8258300,7.027595
2015-05-27,7.15,7.39,7.07,7.26,8126800,7.135712
2015-05-26,7.30,7.41,7.15,7.18,6094500,7.057081
2015-05-22,7.48,7.58,7.32,7.44,6924200,7.31263
2015-05-21,7.25,7.64,7.22,7.60,10693000,7.469891
2015-05-20,7.25,7.31,7.07,7.29,8511300,7.103277
2015-05-19,7.29,7.32,7.06,7.21,10383000,7.025326
2015-05-18,7.36,7.40,7.03,7.38,11882500,7.190972
2015-05-15,7.26,7.49,7.07,7.41,7269000,7.220203
2015-05-14,7.44,7.51,7.25,7.31,7517400,7.122764
2015-05-13,7.55,7.57,7.28,7.39,9785600,7.200715
2015-05-12,7.46,7.55,7.38,7.50,8926800,7.307898
2015-05-11,7.71,7.77,7.27,7.41,10923600,7.220203
2015-05-08,7.77,7.83,7.58,7.71,9752200,7.512519
2015-05-07,8.49,8.51,7.61,7.62,19813700,7.424824
2015-05-06,8.51,8.71,8.30,8.56,19391800,8.340748
2015-05-05,8.77,8.95,8.19,8.26,17843100,8.048432
2015-05-04,8.61,8.78,8.48,8.57,10290600,8.350491
2015-05-01,8.73,8.82,8.50,8.58,11049600,8.360235
2015-04-30,8.83,9.09,8.58,8.81,17939000,8.584345
2015-04-29,8.16,8.83,8.09,8.81,14104600,8.584345
2015-04-28,8.04,8.24,8.03,8.16,7881100,7.950993
2015-04-27,8.20,8.28,8.04,8.04,7063900,7.834067
2015-04-24,8.44,8.44,7.90,8.10,10695900,7.89253
2015-04-23,8.27,8.64,8.27,8.41,8550000,8.194589
2015-04-22,8.50,8.54,8.15,8.21,11436000,7.999712
2015-04-21,9.00,9.08,8.35,8.47,9608900,8.253053
2015-04-20,9.05,9.26,8.90,8.99,9604900,8.759733
2015-04-17,9.27,9.47,8.95,9.04,10112900,8.808453
2015-04-16,9.36,9.53,8.99,9.41,14823800,9.168976
2015-04-15,8.77,9.53,8.77,9.44,14598700,9.198207
2015-04-14,8.68,8.89,8.58,8.86,7277300,8.633063
2015-04-13,8.70,8.85,8.41,8.59,6811900,8.369979
2015-04-10,8.82,8.87,8.57,8.59,7004500,8.369979
2015-04-09,8.58,8.88,8.56,8.71,9692700,8.486906
2015-04-08,8.75,8.85,8.47,8.52,20158700,8.301773
2015-04-07,8.81,9.01,8.62,8.72,18204100,8.49665
2015-04-06,8.00,8.82,7.91,8.79,23225300,8.564856
2015-04-02,7.34,7.85,7.31,7.84,15343700,7.639189
2015-04-01,7.36,7.58,7.34,7.38,13514600,7.190972
2015-03-31,7.51,7.66,7.25,7.29,12520700,7.103277
2015-03-30,7.61,7.68,7.36,7.64,10806900,7.444312
2015-03-27,7.84,7.85,7.44,7.52,8934400,7.327386
2015-03-26,7.79,8.00,7.61,7.92,14421800,7.71714
2015-03-25,7.36,7.78,7.16,7.64,15268100,7.444312
2015-03-24,7.20,7.36,6.98,7.32,11662900,7.132509
2015-03-23,7.49,7.71,7.20,7.20,14323800,7.015582
2015-03-20,7.62,7.79,7.43,7.46,76853700,7.268923
2015-03-19,7.71,7.81,7.45,7.50,11724800,7.307898
2015-03-18,7.27,8.08,7.18,7.95,12752400,7.746372
2015-03-17,7.29,7.50,7.11,7.39,8971700,7.200715
2015-03-16,7.27,7.43,6.89,7.40,13313500,7.210459
2015-03-13,7.45,7.49,7.08,7.31,11609800,7.122764
2015-03-12,7.90,7.93,7.59,7.60,8873200,7.405337
2015-03-11,7.56,7.96,7.50,7.91,11792400,7.707396
2015-03-10,7.77,7.92,7.53,7.54,11859600,7.346873
2015-03-09,8.26,8.31,7.93,7.96,9900300,7.756116
2015-03-06,8.29,8.51,8.21,8.30,9706600,8.087407
2015-03-05,8.51,8.58,8.32,8.33,10405500,8.116639
2015-03-04,8.63,8.63,8.34,8.56,10622300,8.340748
2015-03-03,8.32,8.69,8.31,8.58,9412300,8.360235
2015-03-02,8.40,8.40,8.10,8.30,10812500,8.087407
2015-02-27,8.44,8.68,8.37,8.40,24410300,8.184845
2015-02-26,8.73,8.83,8.32,8.38,11374600,8.165358
2015-02-25,8.80,8.99,8.58,8.94,11506500,8.711014
2015-02-24,8.96,9.04,8.75,8.78,10362500,8.555112
2015-02-23,8.78,8.97,8.57,8.77,10114100,8.545369
2015-02-20,8.98,9.11,8.74,8.91,13381700,8.681783
2015-02-19,8.31,9.27,7.90,9.03,25638700,8.737323
2015-02-18,8.90,8.97,8.48,8.63,18128500,8.350288
2015-02-17,8.55,9.13,8.36,9.07,13755600,8.776026
2015-02-13,8.50,8.82,8.46,8.66,12910900,8.379315
2015-02-12,8.46,8.69,8.23,8.27,13231100,8.001956
2015-02-11,7.92,8.29,7.73,8.26,16652200,7.99228
2015-02-10,8.94,8.94,8.14,8.20,17129000,7.934224
2015-02-09,9.00,9.39,8.90,8.96,11223800,8.669592
2015-02-06,9.16,9.35,8.82,8.89,15586800,8.601861
2015-02-05,8.35,8.98,8.27,8.89,16446200,8.601861
2015-02-04,8.35,8.59,8.00,8.19,23407800,7.924548
2015-02-03,8.15,8.67,8.04,8.62,24690800,8.340612
2015-02-02,7.12,7.84,7.06,7.75,19256000,7.49881
2015-01-30,6.45,6.99,6.29,6.90,12437000,6.67636
2015-01-29,6.56,6.61,6.25,6.52,8681400,6.308676
2015-01-28,7.07,7.14,6.42,6.47,20240300,6.260297
2015-01-27,6.93,7.26,6.87,7.14,9591500,6.908581
2015-01-26,6.88,6.98,6.75,6.96,8071500,6.734415
2015-01-23,6.65,6.95,6.62,6.80,11289100,6.579601
2015-01-22,6.81,6.90,6.48,6.72,9084600,6.502194
2015-01-21,6.54,6.89,6.54,6.76,8713600,6.540898
2015-01-20,6.76,6.78,6.30,6.47,10844000,6.260297
2015-01-16,6.73,6.92,6.59,6.85,11244600,6.62798
2015-01-15,6.94,7.09,6.49,6.53,15309000,6.318352
2015-01-14,6.73,6.84,6.32,6.80,14889900,6.579601
2015-01-13,6.88,7.00,6.70,6.82,9989500,6.598953
2015-01-12,7.13,7.14,6.82,6.89,12560400,6.666684
2015-01-09,7.19,7.45,7.06,7.31,11716500,7.073071
2015-01-08,6.94,7.31,6.82,7.18,15983800,6.947284
2015-01-07,7.26,7.29,6.83,6.88,9508800,6.657008
2015-01-06,7.24,7.35,6.96,7.09,11646200,6.860202
2015-01-05,7.81,7.81,7.09,7.30,12721300,7.063395
2015-01-02,8.06,8.12,7.52,7.92,9643600,7.6633
2014-12-31,8.04,8.29,7.78,8.13,7180900,7.866494
2014-12-30,8.17,8.33,8.03,8.16,7325000,7.895521
2014-12-29,8.22,8.43,8.12,8.22,11430800,7.953577
2014-12-26,8.20,8.30,8.01,8.13,5531300,7.866494
2014-12-24,8.29,8.34,7.98,8.15,4558100,7.885845
2014-12-23,8.24,8.35,8.07,8.33,10790100,8.060011
2014-12-22,8.19,8.27,7.82,8.11,16411000,7.847141
2014-12-19,7.45,8.40,7.38,8.32,26635300,8.050335
2014-12-18,7.85,7.90,6.97,7.32,21295100,7.082747
2014-12-17,6.83,7.40,6.79,7.17,22561900,6.937609
2014-12-16,6.26,6.96,6.04,6.80,23423800,6.579601
2014-12-15,6.61,6.80,6.26,6.34,18873100,6.13451
2014-12-12,6.52,6.79,6.36,6.40,20916800,6.192566
2014-12-11,6.54,6.86,6.53,6.62,20470400,6.405435
2014-12-10,6.80,6.82,6.31,6.55,20842500,6.337704
2014-12-09,6.65,7.08,6.63,7.00,19002400,6.773119
2014-12-08,7.28,7.31,6.55,6.68,15188000,6.46349
2014-12-05,7.61,7.74,7.40,7.43,10278200,7.189181
2014-12-04,7.63,7.80,7.56,7.67,10713200,7.421403
2014-12-03,7.86,8.16,7.66,7.74,11565400,7.489134
2014-12-02,8.00,8.23,7.78,7.83,14665000,7.576217
2014-12-01,8.27,8.30,7.49,8.01,17711400,7.750383
2014-11-28,9.08,9.08,8.14,8.26,10562100,7.99228
2014-11-26,9.89,10.06,9.72,9.74,5867200,9.42431
2014-11-25,10.14,10.36,9.89,9.97,9723200,9.646856
2014-11-24,10.07,10.24,9.93,10.08,9154500,9.753291
2014-11-21,9.95,10.19,9.94,10.15,11801000,9.821022
2014-11-20,9.59,9.85,9.59,9.83,11514900,9.450436
2014-11-19,9.86,10.01,9.67,9.69,14329800,9.315841
2014-11-18,9.96,10.20,9.78,10.01,10900100,9.623486
2014-11-17,10.56,10.56,9.73,10.01,23411000,9.623486
2014-11-14,11.05,11.24,10.92,11.20,12160600,10.767536
2014-11-13,11.58,11.61,10.92,10.99,9784400,10.565645
2014-11-12,11.72,11.92,11.60,11.68,6482500,11.229002
2014-11-11,11.68,11.84,11.34,11.79,6813000,11.334755
2014-11-10,11.86,12.07,11.45,11.56,9400300,11.113636
2014-11-07,11.41,11.84,11.40,11.76,11803900,11.305913
2014-11-06,11.37,11.38,10.84,11.33,12137300,10.892516
2014-11-05,11.46,11.67,10.88,11.47,14835300,11.027111
2014-11-04,11.91,11.91,10.94,11.28,12259200,10.844447
2014-11-03,12.48,12.73,12.07,12.13,7702100,11.661626
2014-10-31,12.23,12.46,11.76,12.40,12989000,11.9212
2014-10-30,12.52,12.60,12.09,12.21,3639600,11.738537
2014-10-29,12.58,12.82,12.46,12.61,6685000,12.123092
2014-10-28,12.05,12.50,11.82,12.41,5309900,11.930814
2014-10-27,12.12,12.13,11.50,11.91,7193600,11.450121
2014-10-24,12.44,12.52,12.21,12.41,3994800,11.930814
2014-10-23,12.47,12.74,12.31,12.57,4745200,12.084636
2014-10-22,12.83,12.96,12.25,12.28,4776700,11.805834
2014-10-21,12.58,12.83,12.47,12.80,6070200,12.305756
2014-10-20,12.38,12.60,12.19,12.49,4505100,12.007725
2014-10-17,13.01,13.14,12.37,12.42,8497300,11.940429
2014-10-16,11.84,12.94,11.80,12.80,13946100,12.305756
2014-10-15,11.70,12.20,11.41,12.09,12098100,11.623171
2014-10-14,12.38,12.71,11.96,12.04,10937100,11.575101
2014-10-13,12.77,13.01,12.22,12.28,13492700,11.805834
2014-10-10,12.90,13.08,12.28,12.77,11927200,12.276914
2014-10-09,13.57,13.57,12.90,12.94,10592300,12.440349
2014-10-08,13.63,13.76,13.34,13.75,6081800,13.219073
2014-10-07,13.96,14.07,13.70,13.71,8127300,13.180618
2014-10-06,14.18,14.29,13.87,14.00,6922700,13.45942
2014-10-03,14.35,14.35,14.06,14.13,4954000,13.584401
2014-10-02,14.39,14.45,14.04,14.32,7217400,13.767064
2014-10-01,15.06,15.10,14.37,14.50,6511300,13.940114
2014-09-30,15.29,15.33,14.92,15.03,7356500,14.449649
2014-09-29,15.17,15.37,15.02,15.33,4654400,14.738065
2014-09-26,15.18,15.47,15.07,15.38,4098300,14.786135
2014-09-25,15.26,15.29,15.01,15.21,5817300,14.622699
2014-09-24,15.15,15.43,14.95,15.27,4895400,14.680382
2014-09-23,15.17,15.39,15.09,15.20,5401300,14.613085
2014-09-22,15.57,15.57,15.11,15.14,4087600,14.555402
2014-09-19,15.80,15.80,15.64,15.66,5343900,15.055323
2014-09-18,15.87,16.16,15.68,15.70,4682700,15.093778
2014-09-17,16.16,16.26,15.96,16.00,3334400,15.382195
2014-09-16,15.90,16.27,15.89,16.10,3958400,15.478334
2014-09-15,15.93,16.049999,15.74,15.93,3632700,15.314898
2014-09-12,16.16,16.200001,15.88,15.94,3439500,15.324511
2014-09-11,16.049999,16.139999,15.89,16.120001,5503800,15.497562
2014-09-10,16.15,16.219999,15.91,16.190001,4283100,15.564859
2014-09-09,16.450001,16.65,16.16,16.200001,4519200,15.574473
2014-09-08,16.620001,16.620001,16.26,16.50,3471600,15.862888
2014-09-05,16.52,16.700001,16.51,16.700001,2299000,16.055166
2014-09-04,16.82,16.98,16.440001,16.52,3620500,15.882116
2014-09-03,16.91,17.00,16.780001,16.84,3178300,16.18976
2014-09-02,17.110001,17.15,16.639999,16.76,5081200,16.112849
2014-08-29,17.110001,17.24,17.030001,17.219999,2093500,16.555086
2014-08-28,17.030001,17.16,16.969999,17.030001,2230400,16.372424
2014-08-27,17.07,17.18,16.98,17.07,1917700,16.410878
2014-08-26,17.030001,17.23,17.01,17.09,3835100,16.430107
2014-08-25,16.83,17.00,16.76,16.92,1931300,16.266671
2014-08-22,16.76,16.879999,16.68,16.780001,2398800,16.132077
2014-08-21,16.790001,16.98,16.690001,16.92,3148000,16.206103
2014-08-20,16.799999,16.85,16.620001,16.809999,2628300,16.100743
2014-08-19,16.68,16.83,16.65,16.82,3248900,16.110322
2014-08-18,16.41,16.610001,16.379999,16.60,3198000,15.899605
2014-08-15,16.219999,16.459999,16.190001,16.440001,3081500,15.746356
2014-08-14,16.360001,16.389999,16.129999,16.190001,3248900,15.506904
2014-08-13,16.290001,16.40,16.200001,16.360001,2901500,15.669731
2014-08-12,16.440001,16.50,16.219999,16.26,2570000,15.57395
2014-08-11,16.629999,16.66,16.459999,16.48,2685900,15.784667
2014-08-08,16.41,16.58,16.309999,16.549999,3762100,15.851713
2014-08-07,16.639999,16.67,16.09,16.360001,6167400,15.669731
2014-08-06,16.59,17.059999,16.370001,16.66,8263600,15.957072
2014-08-05,17.129999,17.219999,16.700001,16.889999,5143200,16.177368
2014-08-04,16.860001,17.309999,16.790001,17.23,3932400,16.503022
2014-08-01,16.889999,17.049999,16.639999,16.879999,5143500,16.167789
2014-07-31,17.219999,17.290001,16.940001,16.950001,4232900,16.234838
2014-07-30,17.59,17.690001,17.25,17.290001,2299100,16.560492
2014-07-29,17.309999,17.530001,17.27,17.459999,2441600,16.723318
2014-07-28,17.469999,17.52,17.24,17.360001,2282600,16.627538
2014-07-25,17.809999,17.809999,17.450001,17.49,3113600,16.752053
2014-07-24,17.82,18.07,17.82,17.889999,5033300,17.135175
2014-07-23,17.559999,17.799999,17.440001,17.790001,2995700,17.039396
2014-07-22,17.370001,17.58,17.280001,17.469999,3469600,16.732896
2014-07-21,17.450001,17.459999,17.27,17.35,3491000,16.61796
2014-07-18,17.52,17.59,17.440001,17.48,2652000,16.742474
2014-07-17,17.85,17.99,17.459999,17.49,2545900,16.752053
2014-07-16,17.50,17.870001,17.469999,17.870001,3161700,17.11602
2014-07-15,17.549999,17.73,17.370001,17.43,4287700,16.694585
2014-07-14,17.58,17.67,17.459999,17.610001,3765500,16.86699
2014-07-11,17.75,17.77,17.440001,17.51,3412600,16.771209
2014-07-10,17.700001,17.809999,17.48,17.77,4411800,17.020239
2014-07-09,17.83,17.879999,17.719999,17.84,3308600,17.087286
2014-07-08,17.74,17.83,17.639999,17.76,4347600,17.010661
2014-07-07,18.15,18.16,17.719999,17.75,4242600,17.001083
2014-07-03,18.18,18.27,18.07,18.25,1801400,17.479987
2014-07-02,18.34,18.42,18.10,18.15,4315600,17.384205
2014-07-01,18.459999,18.540001,18.26,18.309999,3725600,17.537454
2014-06-30,18.50,18.52,18.360001,18.459999,2904600,17.681125
2014-06-27,18.50,18.58,18.41,18.50,4359000,17.719438
2014-06-26,18.41,18.51,18.24,18.49,6088400,17.70986
2014-06-25,18.08,18.459999,18.08,18.440001,3729900,17.66197
2014-06-24,18.40,18.50,18.030001,18.07,4765100,17.307581
2014-06-23,18.370001,18.59,18.33,18.41,3228600,17.633236
2014-06-20,18.299999,18.42,18.290001,18.34,4582800,17.566189
2014-06-19,18.120001,18.25,17.959999,18.25,4458400,17.479987
2014-06-18,17.870001,18.129999,17.790001,18.120001,4031900,17.355472
2014-06-17,17.82,17.940001,17.59,17.90,3020200,17.144754
2014-06-16,17.75,18.02,17.709999,17.870001,4921600,17.11602
2014-06-13,17.66,17.700001,17.530001,17.68,2667900,16.934037
2014-06-12,17.42,17.889999,17.40,17.66,6171600,16.91488
2014-06-11,17.139999,17.389999,17.059999,17.33,2867100,16.598804
2014-06-10,17.200001,17.280001,17.10,17.139999,2886100,16.41682
2014-06-09,17.16,17.450001,17.15,17.18,2192800,16.455133
2014-06-06,17.049999,17.26,17.02,17.129999,2100400,16.407241
2014-06-05,16.77,17.07,16.66,17.040001,2914800,16.32104
2014-06-04,16.65,16.870001,16.629999,16.799999,2539400,16.091165
2014-06-03,16.67,16.73,16.610001,16.65,2819400,15.947494
2014-06-02,16.879999,16.889999,16.639999,16.700001,2696200,15.995386
2014-05-30,16.90,16.940001,16.799999,16.889999,2744100,16.177368
2014-05-29,16.860001,16.969999,16.709999,16.959999,2267400,16.244414
2014-05-28,16.66,16.82,16.52,16.780001,3157000,16.07201
2014-05-27,16.700001,16.74,16.51,16.65,3269300,15.947494
2014-05-23,16.879999,17.02,16.690001,16.709999,2886000,16.004962
2014-05-22,16.799999,17.049999,16.75,16.870001,3023800,16.158213
2014-05-21,16.74,16.889999,16.700001,16.870001,3307800,16.097871
2014-05-20,16.799999,16.809999,16.58,16.700001,1898000,15.935652
2014-05-19,16.73,16.93,16.66,16.799999,1886400,16.031073
2014-05-16,16.83,16.84,16.639999,16.709999,2565600,15.945193
2014-05-15,17.00,17.049999,16.620001,16.85,2971400,16.078786
2014-05-14,17.219999,17.309999,17.09,17.09,3087300,16.307801
2014-05-13,17.18,17.23,17.030001,17.200001,3690500,16.412767
2014-05-12,16.98,17.18,16.860001,17.16,3062400,16.374597
2014-05-09,16.870001,16.93,16.74,16.90,2882700,16.126497
2014-05-08,17.200001,17.200001,16.780001,16.790001,4697100,16.021533
2014-05-07,17.450001,17.549999,17.24,17.299999,6000300,16.508189
2014-05-06,17.01,17.540001,16.950001,17.309999,7513200,16.517731
2014-05-05,16.84,17.07,16.799999,17.040001,5149000,16.26009
2014-05-02,16.73,16.91,16.690001,16.91,3714200,16.136039
2014-05-01,16.82,16.91,16.66,16.75,3616400,15.983363
2014-04-30,16.969999,16.969999,16.59,16.82,7064400,16.050159
2014-04-29,17.15,17.219999,16.99,17.00,2841100,16.22192
2014-04-28,17.139999,17.190001,16.879999,17.049999,3292800,16.269631
2014-04-25,17.18,17.26,17.00,17.059999,3688500,16.279174
2014-04-24,17.440001,17.49,17.23,17.27,3086400,16.479563
2014-04-23,17.290001,17.469999,17.23,17.40,3884800,16.603612
2014-04-22,17.34,17.440001,17.200001,17.33,4165600,16.536816
2014-04-21,17.219999,17.440001,17.219999,17.34,3746500,16.546359
2014-04-17,16.969999,17.32,16.950001,17.24,5590900,16.450935
2014-04-16,16.73,17.049999,16.73,16.91,4971900,16.136039
2014-04-15,16.50,16.74,16.43,16.59,4618500,15.830686
2014-04-14,16.540001,16.59,16.370001,16.50,3916100,15.744805
2014-04-11,16.52,16.65,16.33,16.370001,3278600,15.620756
2014-04-10,16.809999,16.860001,16.52,16.559999,4321700,15.802058
2014-04-09,17.139999,17.139999,16.780001,16.809999,5270200,16.040616
2014-04-08,16.43,17.059999,16.41,17.040001,6372500,16.26009
2014-04-07,16.709999,16.77,16.389999,16.440001,4365700,15.687552
2014-04-04,16.85,16.940001,16.65,16.75,4022500,15.983363
2014-04-03,16.889999,16.950001,16.75,16.76,5087400,15.992905
2014-04-02,16.60,16.879999,16.540001,16.83,3287100,16.059701
2014-04-01,16.459999,16.75,16.370001,16.66,5617100,15.897482
2014-03-31,16.700001,16.74,16.360001,16.40,5426600,15.649382
2014-03-28,16.450001,16.719999,16.42,16.67,4025300,15.907024
2014-03-27,16.200001,16.450001,16.17,16.370001,3141400,15.620756
2014-03-26,16.360001,16.49,16.16,16.17,3554400,15.429909
2014-03-25,16.379999,16.459999,16.23,16.309999,3518600,15.563501
2014-03-24,16.48,16.549999,16.16,16.290001,4433400,15.544417
2014-03-21,16.27,16.459999,16.219999,16.43,6170400,15.678009
2014-03-20,16.07,16.23,16.030001,16.17,3656800,15.429909
2014-03-19,16.209999,16.299999,16.049999,16.16,3355900,15.420366
2014-03-18,16.030001,16.200001,15.94,16.190001,2987800,15.448994
2014-03-17,16.24,16.27,15.90,16.00,6225600,15.26769
2014-03-14,15.92,16.27,15.85,16.26,6624600,15.51579
2014-03-13,15.96,16.02,15.86,15.96,4674200,15.229521
2014-03-12,16.00,16.040001,15.84,15.96,5288200,15.229521
2014-03-11,16.389999,16.40,16.00,16.09,6251900,15.353571
2014-03-10,16.26,16.450001,16.129999,16.370001,4554100,15.620756
2014-03-07,16.26,16.360001,16.15,16.35,4814500,15.601671
2014-03-06,16.200001,16.23,16.08,16.219999,3994600,15.47762
2014-03-05,16.549999,16.620001,16.16,16.200001,3305700,15.458537
2014-03-04,16.48,16.610001,16.290001,16.540001,4619300,15.782975
2014-03-03,16.34,16.709999,16.27,16.42,5218700,15.668467
2014-02-28,16.24,16.43,16.15,16.360001,4093700,15.611213
2014-02-27,16.280001,16.32,16.110001,16.219999,4531600,15.47762
2014-02-26,16.280001,16.33,16.139999,16.290001,4678300,15.544417
2014-02-25,16.200001,16.360001,16.00,16.32,7810300,15.573043
2014-02-24,16.040001,16.42,16.030001,16.25,6597100,15.506247
2014-02-21,15.91,16.110001,15.82,15.94,8900500,15.210435
2014-02-20,15.88,16.040001,15.56,15.95,13788200,15.159862
2014-02-19,16.17,16.35,16.15,16.190001,7347900,15.387973
2014-02-18,16.360001,16.42,16.129999,16.190001,6437600,15.387973
2014-02-14,16.24,16.280001,16.120001,16.24,3925200,15.435496
2014-02-13,16.23,16.370001,16.17,16.24,7471500,15.435496
2014-02-12,16.41,16.58,16.00,16.35,11489500,15.540047
2014-02-11,16.030001,16.33,16.030001,16.290001,4021900,15.48302
2014-02-10,16.120001,16.139999,15.91,16.07,3128000,15.273917
2014-02-07,16.129999,16.16,15.89,16.139999,4670900,15.340449
2014-02-06,15.81,16.07,15.70,16.01,3134800,15.21689
2014-02-05,15.94,16.030001,15.68,15.70,4456200,14.922246
2014-02-04,15.68,16.07,15.66,15.97,4879600,15.178871
2014-02-03,16.07,16.10,15.60,15.61,6279700,14.836705
2014-01-31,15.85,16.209999,15.80,16.07,5670600,15.273917
2014-01-30,15.88,16.15,15.80,16.02,7587100,15.226395
2014-01-29,15.97,16.23,15.88,16.040001,7608600,15.245404
2014-01-28,16.040001,16.219999,16.01,16.16,4497900,15.359459
2014-01-27,16.209999,16.25,15.84,15.98,4498900,15.188375
2014-01-24,16.40,16.440001,16.15,16.209999,6034700,15.406981
2014-01-23,16.52,16.540001,16.34,16.469999,5539700,15.654101
2014-01-22,16.58,16.65,16.299999,16.57,7550300,15.749148
2014-01-21,16.51,16.709999,16.40,16.549999,7414000,15.730138
2014-01-17,16.57,16.59,16.25,16.26,5308100,15.454505
2014-01-16,16.459999,16.57,16.43,16.459999,3436900,15.644597
2014-01-15,16.459999,16.549999,16.360001,16.49,3582300,15.673111
2014-01-14,16.27,16.549999,16.27,16.459999,4678800,15.644597
2014-01-13,16.43,16.58,16.040001,16.07,4081400,15.273917
2014-01-10,16.540001,16.639999,16.40,16.530001,3763300,15.71113
2014-01-09,16.48,16.700001,16.17,16.48,9331800,15.663606
2014-01-08,16.559999,16.67,16.469999,16.66,7154300,15.83469
2014-01-07,16.549999,16.82,16.49,16.540001,5476600,15.720635
2014-01-06,16.620001,16.629999,16.40,16.51,5768500,15.692121
2014-01-03,16.709999,16.77,16.48,16.549999,8788800,15.730138
2014-01-02,16.309999,16.40,16.139999,16.32,5148300,15.511532
2013-12-31,16.299999,16.549999,16.190001,16.43,3339900,15.616084
2013-12-30,16.549999,16.690001,16.27,16.280001,3579700,15.473515
2013-12-27,16.40,16.68,16.370001,16.549999,2673800,15.730138
2013-12-26,16.370001,16.52,16.25,16.370001,2984700,15.559057
2013-12-24,16.32,16.42,16.25,16.389999,1145800,15.578064
2013-12-23,16.309999,16.530001,16.219999,16.280001,3885000,15.473515
2013-12-20,16.370001,16.450001,16.17,16.18,7849200,15.378468
2013-12-19,16.030001,16.559999,15.97,16.42,6211500,15.606579
2013-12-18,16.02,16.24,15.81,16.15,6231600,15.349954
2013-12-17,16.110001,16.15,15.93,15.99,4157500,15.19788
2013-12-16,16.01,16.16,15.87,16.129999,4778600,15.330944
2013-12-13,15.99,16.030001,15.62,15.98,5857200,15.188375
2013-12-12,16.10,16.139999,15.83,16.00,5731300,15.207385
2013-12-11,16.23,16.299999,15.98,16.040001,6404300,15.245404
2013-12-10,16.209999,16.66,16.18,16.190001,5134300,15.387973
2013-12-09,16.26,16.33,16.02,16.17,5119600,15.368964
2013-12-06,16.68,16.68,16.17,16.27,4923200,15.46401
2013-12-05,16.559999,16.59,16.40,16.49,3885300,15.673111
2013-12-04,16.75,16.77,16.43,16.60,5251800,15.777662
2013-12-03,16.66,16.889999,16.610001,16.76,4758900,15.929736
2013-12-02,16.719999,16.82,16.559999,16.75,3907900,15.920231
2013-11-29,16.700001,16.969999,16.59,16.68,1906500,15.853699
2013-11-27,16.91,16.940001,16.57,16.68,4447100,15.853699
2013-11-26,16.93,17.17,16.82,16.959999,3436000,16.119827
2013-11-25,17.15,17.15,16.469999,16.969999,6291300,16.129332
2013-11-22,17.469999,17.48,17.049999,17.309999,3820500,16.452489
2013-11-21,17.030001,17.41,16.98,17.32,5392600,16.461994
2013-11-20,17.23,17.50,16.940001,17.01,5186800,16.167351
2013-11-19,17.25,17.389999,17.030001,17.23,5105200,16.376452
2013-11-18,17.709999,17.74,17.25,17.360001,6001000,16.500013
2013-11-15,17.549999,17.67,17.360001,17.639999,6271900,16.766141
2013-11-14,17.549999,17.65,17.35,17.440001,6284500,16.57605
2013-11-13,17.379999,17.639999,17.27,17.620001,10726700,16.747134
2013-11-12,18.200001,18.299999,17.639999,17.66,10076300,16.785151
2013-11-11,18.799999,18.92,18.120001,18.200001,17053400,17.298401
2013-11-08,18.700001,19.41,18.700001,19.35,10796500,18.391432
2013-11-07,19.440001,19.49,18.51,18.60,9869000,17.678585
2013-11-06,19.32,19.52,18.879999,19.440001,6763400,18.476973
2013-11-05,19.440001,19.610001,19.040001,19.129999,5061900,18.182329
2013-11-04,18.969999,19.440001,18.959999,19.41,4983900,18.448459
2013-11-01,19.00,19.120001,18.49,18.85,4191300,17.916201
2013-10-31,19.07,19.120001,18.67,18.99,4127300,18.049265
2013-10-30,19.35,19.50,18.77,19.040001,3517800,18.096789
2013-10-29,19.18,19.40,19.15,19.35,3245200,18.391432
2013-10-28,19.219999,19.33,18.969999,19.209999,4231300,18.258366
2013-10-25,18.93,19.27,18.799999,19.219999,5969100,18.267871
2013-10-24,18.32,18.93,18.190001,18.84,4252100,17.906696
2013-10-23,18.879999,18.879999,17.969999,18.32,7707200,17.412456
2013-10-22,18.93,19.290001,18.91,19.07,5943300,18.125302
2013-10-21,19.01,19.299999,18.77,18.82,4254500,17.887686
2013-10-18,19.09,19.129999,18.870001,19.01,3427000,18.068275
2013-10-17,19.07,19.08,18.75,18.92,3980200,17.982733
2013-10-16,18.629999,19.190001,18.559999,19.10,6885400,18.153816
2013-10-15,18.370001,18.65,18.309999,18.450001,3182000,17.536017
2013-10-14,18.24,18.52,18.17,18.469999,2389200,17.555024
2013-10-11,18.09,18.51,18.02,18.360001,2266000,17.450475
2013-10-10,18.08,18.299999,18.030001,18.25,3499300,17.345924
2013-10-09,18.110001,18.24,17.73,17.92,4434400,17.032271
2013-10-08,18.40,18.50,18.07,18.10,3534800,17.203355
2013-10-07,18.50,18.65,18.34,18.34,2850600,17.431465
2013-10-04,18.52,18.82,18.440001,18.690001,4296100,17.764127
2013-10-03,18.90,18.99,18.40,18.49,7923400,17.574034
2013-10-02,18.780001,18.92,18.530001,18.92,4746600,17.982733
2013-10-01,18.35,18.85,18.35,18.809999,5336400,17.878182
2013-09-30,18.32,18.559999,18.24,18.41,4434900,17.497997
2013-09-27,18.309999,18.559999,18.25,18.549999,5188700,17.631061
2013-09-26,18.209999,18.440001,18.17,18.43,5855600,17.517007
2013-09-25,17.82,18.440001,17.799999,18.209999,10096900,17.307904
2013-09-24,17.24,17.969999,17.129999,17.790001,8203700,16.908712
2013-09-23,17.219999,17.309999,17.15,17.200001,4423200,16.34794
2013-09-20,17.610001,17.66,17.24,17.299999,5589100,16.442984
2013-09-19,17.90,17.950001,17.58,17.620001,3785400,16.747134
2013-09-18,17.76,17.940001,17.459999,17.82,3983700,16.937225
2013-09-17,17.48,17.76,17.389999,17.690001,3487300,16.813666
2013-09-16,17.870001,17.93,17.299999,17.41,6471500,16.547536
2013-09-13,18.02,18.10,17.74,17.780001,2822200,16.899207
2013-09-12,17.98,18.290001,17.82,18.01,3601300,17.117813
2013-09-11,17.85,17.98,17.68,17.98,3867800,17.089299
2013-09-10,17.870001,17.92,17.610001,17.83,2769300,16.94673
2013-09-09,17.58,17.92,17.52,17.879999,3212100,16.994252
2013-09-06,17.75,17.889999,17.620001,17.66,2819200,16.785151
2013-09-05,17.57,17.85,17.57,17.709999,3183300,16.832673
2013-09-04,17.32,17.610001,17.23,17.51,4750400,16.642582
2013-09-03,17.50,17.620001,17.110001,17.33,3649700,16.471499
2013-08-30,17.26,17.48,17.18,17.290001,4950600,16.433481
2013-08-29,17.43,17.450001,17.18,17.219999,3141400,16.366948
2013-08-28,17.209999,17.610001,17.190001,17.459999,4034000,16.595058
2013-08-27,17.190001,17.50,17.08,17.17,5634100,16.319425
2013-08-26,17.209999,17.49,17.200001,17.27,2868700,16.414472
2013-08-23,17.200001,17.280001,17.040001,17.200001,4355900,16.34794
2013-08-22,16.98,17.200001,16.959999,17.110001,4439700,16.262398
2013-08-21,16.92,17.02,16.700001,16.93,5416400,16.091315
2013-08-20,16.879999,17.209999,16.83,16.950001,3061600,16.110324
2013-08-19,17.15,17.200001,16.860001,16.90,2761900,16.0628
2013-08-16,17.280001,17.440001,17.15,17.23,4195800,16.376452
2013-08-15,17.10,17.41,17.01,17.370001,6623700,16.509518
2013-08-14,17.43,17.48,17.25,17.40,3320200,16.538031
2013-08-13,17.610001,17.65,17.389999,17.49,2856900,16.623573
2013-08-12,17.459999,17.610001,17.370001,17.540001,4123800,16.671097
2013-08-09,17.33,17.57,17.129999,17.52,7394400,16.652087
2013-08-08,17.33,17.51,17.07,17.33,4981600,16.471499
2013-08-07,17.549999,17.549999,17.190001,17.26,6289900,16.404967
2013-08-06,18.07,18.75,17.52,17.549999,6857400,16.6806
2013-08-05,17.879999,18.110001,17.860001,18.08,4883800,17.184345
2013-08-02,18.08,18.09,17.85,17.91,3389300,17.022767
2013-08-01,17.780001,18.290001,17.709999,18.110001,6174700,17.21286
2013-07-31,17.620001,17.68,17.469999,17.50,4157500,16.633077
2013-07-30,17.469999,17.540001,17.299999,17.50,4559500,16.633077
2013-07-29,17.48,17.52,17.290001,17.41,3052900,16.547536
2013-07-26,17.35,17.540001,17.27,17.50,4901900,16.633077
2013-07-25,17.389999,17.85,17.35,17.51,4558000,16.642582
2013-07-24,17.99,18.01,17.290001,17.35,6542300,16.490509
2013-07-23,18.17,18.219999,17.940001,17.959999,4592400,17.070289
2013-07-22,18.549999,18.67,18.07,18.09,5107000,17.19385
2013-07-19,18.27,18.52,18.219999,18.52,6616800,17.602549
2013-07-18,18.049999,18.360001,18.00,18.299999,4710400,17.393446
2013-07-17,17.85,18.01,17.77,17.959999,4683500,17.070289
2013-07-16,17.77,17.90,17.58,17.799999,6588000,16.918215
2013-07-15,17.74,17.799999,17.66,17.74,2940400,16.861188
2013-07-12,17.700001,17.809999,17.629999,17.75,7792400,16.870693
2013-07-11,17.76,17.940001,17.540001,17.700001,6397200,16.82317
2013-07-10,17.58,17.700001,17.450001,17.50,7040700,16.633077
2013-07-09,17.50,17.59,17.450001,17.49,5683700,16.623573
2013-07-08,17.540001,17.67,17.309999,17.360001,4998900,16.500013
2013-07-05,17.389999,17.639999,17.190001,17.50,4734000,16.633077
2013-07-03,17.40,17.41,17.190001,17.26,3708000,16.404967
2013-07-02,17.35,17.73,17.33,17.379999,6194800,16.519021
2013-07-01,17.459999,17.629999,17.26,17.41,2820200,16.547536
2013-06-28,17.209999,17.440001,17.120001,17.32,4244200,16.461994
2013-06-27,17.34,17.620001,17.27,17.32,3966300,16.461994
2013-06-26,17.40,17.440001,17.09,17.18,3259500,16.32893
2013-06-25,17.110001,17.379999,16.860001,17.32,4779700,16.461994
2013-06-24,16.84,17.26,16.559999,17.01,6137500,16.167351
2013-06-21,17.540001,17.540001,16.93,17.059999,7714600,16.214874
2013-06-20,17.82,17.82,17.24,17.379999,4693400,16.519021
2013-06-19,18.309999,18.51,18.129999,18.15,2860400,17.250877
2013-06-18,18.200001,18.40,18.139999,18.309999,2636000,17.402951
2013-06-17,18.030001,18.379999,18.02,18.18,3905900,17.279392
2013-06-14,18.26,18.26,17.68,17.82,4314200,16.937225
2013-06-13,17.870001,18.24,17.74,18.18,2693900,17.279392
2013-06-12,18.290001,18.290001,17.82,17.90,3365900,17.013262
2013-06-11,18.33,18.42,17.950001,18.01,5211400,17.117813
2013-06-10,18.799999,18.809999,18.58,18.66,3308100,17.735613
2013-06-07,18.77,18.860001,18.620001,18.790001,2115800,17.859174
2013-06-06,18.25,18.549999,18.139999,18.540001,2531200,17.621558
2013-06-05,18.379999,18.41,18.120001,18.209999,4194000,17.307904
2013-06-04,18.360001,18.610001,18.209999,18.370001,3610700,17.45998
2013-06-03,18.50,18.690001,18.379999,18.49,3241600,17.574034
2013-05-31,18.73,18.83,18.35,18.35,5061900,17.44097
2013-05-30,18.870001,19.040001,18.59,18.870001,6490100,17.935211
2013-05-29,19.059999,19.08,18.66,18.879999,5975200,17.944714
2013-05-28,18.75,18.870001,18.48,18.59,4069800,17.669081
2013-05-24,18.52,18.629999,18.290001,18.459999,3993400,17.54552
2013-05-23,18.51,18.790001,18.389999,18.709999,4279500,17.783135
2013-05-22,19.290001,19.59,18.67,18.77,5672400,17.840164
2013-05-21,19.450001,19.65,19.299999,19.309999,3554500,18.353412
2013-05-20,18.92,19.57,18.85,19.48,6400000,18.514991
2013-05-17,18.450001,18.92,18.43,18.879999,5895200,17.944714
2013-05-16,18.57,18.709999,18.299999,18.35,5096900,17.44097
2013-05-15,18.200001,18.690001,18.139999,18.66,8527000,17.735613
2013-05-14,17.82,18.389999,17.799999,18.33,5588500,17.42196
2013-05-13,17.799999,17.959999,17.709999,17.83,3948700,16.94673
2013-05-10,17.92,17.98,17.639999,17.93,3934900,17.041776
2013-05-09,18.200001,18.34,17.860001,18.00,3488700,17.108308
2013-05-08,18.200001,18.43,18.110001,18.280001,2437600,17.374438
2013-05-07,18.00,18.34,17.940001,18.17,2717900,17.269887
2013-05-06,17.940001,18.01,17.620001,17.93,4406000,17.041776
2013-05-03,17.82,18.190001,17.77,17.879999,5594100,16.994252
2013-05-02,17.60,17.719999,17.23,17.629999,5639100,16.756637
2013-05-01,17.719999,17.77,17.389999,17.559999,5059200,16.690105
2013-04-30,17.629999,17.91,17.52,17.889999,4632200,17.003757
2013-04-29,17.530001,17.84,17.379999,17.709999,4244400,16.832673
2013-04-26,17.42,17.49,17.059999,17.379999,5177100,16.519021
2013-04-25,17.24,17.719999,17.17,17.43,3957100,16.566545
2013-04-24,17.030001,17.24,16.969999,17.16,7030900,16.30992
2013-04-23,17.040001,17.059999,16.719999,16.940001,3656700,16.100819
2013-04-22,16.76,17.040001,16.50,16.98,3534100,16.138837
2013-04-19,16.870001,16.93,16.42,16.68,3652000,15.853699
2013-04-18,16.860001,17.10,16.59,16.83,4256400,15.996268
2013-04-17,16.950001,17.030001,16.42,16.780001,6310500,15.948746
2013-04-16,17.18,17.35,16.90,17.209999,3963800,16.357443
2013-04-15,17.540001,17.59,16.870001,16.91,6985200,16.072305
2013-04-12,18.23,18.24,17.68,17.809999,9182600,16.92772
2013-04-11,18.469999,18.700001,18.219999,18.40,7047900,17.488492
2013-04-10,18.389999,18.50,18.120001,18.42,3364700,17.507502
2013-04-09,18.02,18.299999,17.889999,18.27,3262500,17.364933
2013-04-08,17.790001,18.030001,17.719999,18.030001,4088200,17.136823
2013-04-05,17.440001,17.799999,17.309999,17.77,5479900,16.889702
2013-04-04,17.57,17.879999,17.379999,17.780001,6862000,16.899207
2013-04-03,17.969999,18.00,17.49,17.620001,6279200,16.747134
2013-04-02,18.17,18.200001,17.83,17.940001,3927800,17.051281
2013-04-01,18.65,18.66,18.120001,18.200001,4158900,17.298401
2013-03-28,18.950001,19.01,18.549999,18.65,4312000,17.726108
2013-03-27,18.91,19.01,18.83,18.99,3023600,18.049265
2013-03-26,18.940001,19.09,18.90,19.07,2576500,18.125302
2013-03-25,18.65,18.99,18.620001,18.870001,5739700,17.935211
2013-03-22,18.389999,18.67,18.389999,18.58,4490500,17.659576
2013-03-21,18.24,18.50,18.190001,18.360001,4147100,17.450475
2013-03-20,18.27,18.450001,18.07,18.41,3134400,17.497997
2013-03-19,18.50,18.57,17.959999,18.15,3531900,17.250877
2013-03-18,18.309999,18.629999,18.219999,18.440001,2437100,17.526512
2013-03-15,18.700001,18.940001,18.49,18.610001,6015400,17.68809
2013-03-14,18.41,18.82,18.389999,18.790001,3210800,17.859174
2013-03-13,18.49,18.59,18.379999,18.40,3897000,17.488492
2013-03-12,18.41,18.52,18.309999,18.50,3478200,17.583539
2013-03-11,18.290001,18.440001,18.10,18.41,3146200,17.497997
2013-03-08,18.25,18.469999,18.08,18.40,2639500,17.488492
2013-03-07,17.889999,18.24,17.700001,18.129999,2731200,17.231867
2013-03-06,17.82,18.00,17.68,17.84,3903200,16.956234
2013-03-05,17.68,17.940001,17.629999,17.700001,4507600,16.82317
2013-03-04,17.860001,17.91,17.309999,17.51,4987600,16.642582
2013-03-01,17.959999,18.040001,17.65,17.860001,6061800,16.975244
2013-02-28,18.00,18.280001,17.950001,18.120001,4657900,17.222364
2013-02-27,17.889999,18.110001,17.809999,17.99,5808000,17.098803
2013-02-26,17.879999,18.00,17.540001,17.940001,5414500,17.051281
2013-02-25,18.58,18.74,17.73,17.73,5250400,16.851683
2013-02-22,18.200001,18.549999,17.940001,18.51,3735500,17.593044
2013-02-21,18.52,18.76,17.85,18.040001,8404800,17.146328
2013-02-20,18.73,18.99,18.030001,18.040001,6891500,17.146328
2013-02-19,18.530001,18.92,18.450001,18.719999,4661100,17.79264
2013-02-15,18.870001,18.870001,18.40,18.440001,5181100,17.526512
2013-02-14,18.73,19.040001,18.719999,18.92,2751400,17.982733
2013-02-13,18.860001,19.030001,18.67,18.799999,4020400,17.868677
2013-02-12,18.84,18.84,18.52,18.77,3041100,17.840164
2013-02-11,18.870001,18.879999,18.68,18.75,2604700,17.821154
2013-02-08,18.879999,19.00,18.780001,18.809999,3666500,17.878182
2013-02-07,19.129999,19.139999,18.74,18.780001,3463300,17.849669
2013-02-06,18.889999,19.120001,18.799999,19.110001,2874800,18.163321
2013-02-05,18.76,19.049999,18.75,18.99,3886900,18.049265
2013-02-04,18.65,18.709999,18.530001,18.58,2978300,17.659576
2013-02-01,18.780001,18.950001,18.66,18.90,3306400,17.963723
2013-01-31,18.42,18.76,18.27,18.629999,3309100,17.707098
2013-01-30,18.75,18.889999,18.459999,18.530001,3393600,17.612053
2013-01-29,18.280001,18.74,18.280001,18.73,3207200,17.802145
2013-01-28,18.559999,18.559999,18.219999,18.360001,2805100,17.450475
2013-01-25,18.27,18.59,18.24,18.50,3870200,17.583539
2013-01-24,18.23,18.459999,18.10,18.209999,3589100,17.307904
2013-01-23,18.450001,18.51,18.17,18.219999,3811100,17.317409
2013-01-22,18.25,18.540001,18.10,18.540001,3222100,17.621558
2013-01-18,18.00,18.219999,17.879999,18.190001,3750900,17.288896
2013-01-17,17.889999,18.139999,17.870001,18.00,4824000,17.108308
2013-01-16,17.709999,17.799999,17.57,17.799999,5495700,16.918215
2013-01-15,17.09,17.85,16.969999,17.76,16418200,16.880198
2013-01-14,16.610001,16.879999,16.60,16.879999,3689500,16.04379
2013-01-11,16.870001,16.959999,16.59,16.620001,4324800,15.796672
2013-01-10,16.690001,16.870001,16.549999,16.799999,4292900,15.967754
2013-01-09,16.74,16.83,16.469999,16.59,4134100,15.768158
2013-01-08,16.60,16.76,16.43,16.709999,5034100,15.882212
2013-01-07,16.700001,16.790001,16.59,16.66,3097400,15.83469
2013-01-04,16.50,16.85,16.459999,16.77,3412100,15.939241
2013-01-03,16.49,16.790001,16.33,16.50,3855400,15.682616
2013-01-02,16.59,16.709999,16.07,16.50,5673800,15.682616
2012-12-31,15.54,16.23,15.50,16.200001,4550800,15.397478
2012-12-28,15.79,15.83,15.56,15.60,2844900,14.827201
2012-12-27,16.10,16.120001,15.67,15.92,3623400,15.131348
2012-12-26,16.18,16.35,16.07,16.07,2526300,15.273917
2012-12-24,16.18,16.26,15.99,16.059999,1739200,15.264412
2012-12-21,16.15,16.27,15.97,16.27,5977900,15.46401
2012-12-20,16.26,16.40,16.18,16.379999,2914300,15.56856
2012-12-19,16.379999,16.41,16.17,16.25,3498200,15.445
2012-12-18,16.07,16.450001,16.01,16.389999,3645000,15.578064
2012-12-17,15.95,16.07,15.85,16.059999,3811900,15.264412
2012-12-14,15.78,15.96,15.76,15.88,3214900,15.09333
2012-12-13,15.97,16.040001,15.78,15.86,5060400,15.07432
2012-12-12,16.049999,16.290001,15.95,16.00,4514100,15.207385
2012-12-11,16.00,16.10,15.94,16.00,3330300,15.207385
2012-12-10,15.68,15.94,15.60,15.92,5071200,15.131348
2012-12-07,15.51,15.78,15.50,15.78,4118400,14.998283
2012-12-06,15.47,15.66,15.32,15.47,5959600,14.703641
2012-12-05,15.31,15.72,15.31,15.57,5709600,14.798686
2012-12-04,15.31,15.41,15.15,15.22,4419800,14.466025
2012-12-03,15.54,15.75,15.36,15.37,5064900,14.608594
2012-11-30,15.37,15.47,15.25,15.43,4582000,14.665622
2012-11-29,15.39,15.49,15.28,15.34,4477500,14.580081
2012-11-28,14.86,15.27,14.74,15.27,4149400,14.513549
2012-11-27,15.22,15.33,15.02,15.05,4306300,14.304447
2012-11-26,15.59,15.62,15.16,15.34,4205900,14.580081
2012-11-23,15.62,15.78,15.49,15.74,1637400,14.960265
2012-11-21,15.37,15.60,15.29,15.50,3229900,14.732154
2012-11-20,15.45,15.49,15.17,15.35,8652700,14.589585
2012-11-19,15.07,15.52,15.02,15.50,6749000,14.732154
2012-11-16,14.39,14.91,14.28,14.80,9049700,14.066831
2012-11-15,14.36,14.55,14.24,14.32,12664000,13.610609
2012-11-14,14.64,14.71,14.35,14.42,7844600,13.705656
2012-11-13,14.55,14.80,14.36,14.55,8577800,13.829216
2012-11-12,15.00,15.01,14.48,14.74,8646700,14.009803
2012-11-09,14.69,15.22,14.65,14.96,5583700,14.218905
2012-11-08,15.00,15.21,14.58,14.78,8751200,14.047822
2012-11-07,15.03,15.22,14.80,15.00,12140400,14.256923
2012-11-06,15.56,15.67,14.83,15.32,9129000,14.561071
2012-11-05,15.27,15.74,15.23,15.55,7094000,14.779678
2012-11-02,15.78,15.98,15.32,15.53,6051500,14.760668
2012-11-01,15.37,15.78,15.35,15.67,4204100,14.893733
2012-10-31,15.34,15.38,15.11,15.33,4453900,14.570576
2012-10-26,15.25,15.39,15.05,15.23,3214900,14.475529
2012-10-25,15.41,15.50,15.11,15.28,3307200,14.523052
2012-10-24,15.52,15.62,15.15,15.23,4657700,14.475529
2012-10-23,15.56,15.56,15.20,15.44,4858700,14.675126
2012-10-22,16.209999,16.309999,15.75,15.91,6775600,15.121843
2012-10-19,16.52,16.700001,16.09,16.209999,4196300,15.406981
2012-10-18,16.559999,16.690001,16.43,16.60,7441400,15.777662
2012-10-17,16.83,16.969999,16.65,16.74,5567800,15.910726
2012-10-16,16.450001,16.780001,16.379999,16.76,5661500,15.929736
2012-10-15,16.200001,16.24,15.92,16.209999,5097100,15.406981
2012-10-12,16.209999,16.33,16.01,16.190001,4095100,15.387973
2012-10-11,16.370001,16.389999,16.129999,16.17,8136600,15.368964
2012-10-10,16.52,16.559999,16.01,16.049999,6091800,15.254907
2012-10-09,16.35,16.76,16.299999,16.58,5089600,15.758653
2012-10-08,16.219999,16.42,16.059999,16.33,3301600,15.521037
2012-10-05,16.50,16.60,16.120001,16.360001,6252100,15.549552
2012-10-04,16.25,16.43,16.10,16.40,5630800,15.587569
2012-10-03,16.450001,16.50,15.95,16.07,7794700,15.273917
2012-10-02,16.530001,16.60,16.23,16.43,4027800,15.616084
2012-10-01,16.40,16.75,16.290001,16.41,6882400,15.597074
2012-09-28,16.370001,16.40,16.040001,16.16,6500200,15.359459
2012-09-27,16.27,16.700001,16.219999,16.540001,5332600,15.720635
2012-09-26,16.42,16.459999,15.91,16.040001,6275800,15.245404
2012-09-25,16.91,16.98,16.459999,16.51,7604400,15.692121
2012-09-24,17.290001,17.379999,16.68,16.799999,7525700,15.967754
2012-09-21,17.559999,17.629999,17.08,17.360001,9264800,16.500013
2012-09-20,17.780001,17.84,16.90,17.34,13642000,16.481004
2012-09-19,16.67,16.77,16.35,16.719999,6510100,15.891717
2012-09-18,17.200001,17.219999,16.620001,16.84,5452700,16.005773
2012-09-17,17.58,17.799999,17.190001,17.280001,6022900,16.423977
2012-09-14,17.200001,17.870001,17.200001,17.65,8499600,16.775646
2012-09-13,16.52,17.23,16.24,17.10,7632600,16.252893
2012-09-12,16.790001,16.91,16.50,16.540001,5700800,15.720635
2012-09-11,16.02,16.709999,16.00,16.68,7900100,15.853699
2012-09-10,16.200001,16.459999,15.92,15.94,5848900,15.150357
2012-09-07,16.18,16.51,16.00,16.24,8805400,15.435496
2012-09-06,15.53,16.219999,15.53,15.80,5919700,15.017293
2012-09-05,15.37,15.58,15.26,15.41,4643000,14.646613
2012-09-04,15.48,15.54,15.18,15.41,5216500,14.646613
2012-08-31,15.27,15.54,14.98,15.49,4705700,14.722649
2012-08-30,15.23,15.28,14.89,15.07,3897700,14.323456
2012-08-29,15.63,15.65,15.22,15.31,4353600,14.551567
2012-08-28,15.35,15.70,15.30,15.61,2945900,14.836705
2012-08-27,15.57,15.65,15.33,15.34,2851000,14.580081
2012-08-24,15.35,15.64,15.19,15.56,3308800,14.789182
2012-08-23,15.56,15.73,15.34,15.37,3272300,14.608594
2012-08-22,15.61,15.66,15.25,15.61,4052100,14.836705
2012-08-21,15.84,16.08,15.68,15.75,4245000,14.96977
2012-08-20,15.83,15.94,15.58,15.81,5061000,15.026798
2012-08-17,15.76,15.81,15.65,15.78,3726200,14.998283
2012-08-16,15.36,15.79,15.36,15.73,4183900,14.95076
2012-08-15,15.44,15.61,15.25,15.52,4338100,14.751164
2012-08-14,15.51,15.56,15.25,15.42,6452300,14.656117
2012-08-13,15.76,15.88,15.18,15.33,5177300,14.570576
2012-08-10,15.59,15.87,15.40,15.83,5676700,15.045807
2012-08-09,16.030001,16.18,15.64,15.71,7749900,14.931751
2012-08-08,15.83,16.32,15.78,16.139999,8036100,15.340449
2012-08-07,15.73,16.290001,15.71,15.84,6755400,15.055311
2012-08-06,15.56,15.92,15.51,15.59,5308500,14.817696
2012-08-03,15.27,15.99,15.15,15.59,7476200,14.817696
2012-08-02,15.11,15.29,14.45,14.80,7603100,14.066831
2012-08-01,15.38,15.74,14.85,15.40,7538000,14.637108
2012-07-31,15.53,15.60,15.07,15.12,8116600,14.370979
2012-07-30,15.79,15.92,15.37,15.50,5463400,14.732154
2012-07-27,15.58,15.88,15.39,15.80,7884900,15.017293
2012-07-26,14.85,15.55,14.83,15.48,10396200,14.713145
2012-07-25,14.56,14.69,14.23,14.63,7714200,13.905253
2012-07-24,14.90,15.00,14.19,14.42,6876200,13.705656
2012-07-23,15.07,15.07,14.66,14.85,6651300,14.114355
2012-07-20,15.31,15.57,15.08,15.56,6592500,14.789182
2012-07-19,14.82,15.63,14.79,15.51,9749100,14.741659
2012-07-18,14.74,14.97,14.70,14.72,9168700,13.990795
2012-07-17,14.84,15.04,14.34,14.82,10221700,14.08584
2012-07-16,14.23,14.92,14.05,14.77,11104000,14.038318
2012-07-13,13.87,14.28,13.59,14.23,9263400,13.525068
2012-07-12,13.65,13.88,13.31,13.74,10521800,13.059342
2012-07-11,13.95,14.29,13.90,13.97,7499400,13.277948
2012-07-10,14.85,14.89,13.78,13.91,5483000,13.22092
2012-07-09,14.65,14.90,14.42,14.71,4708700,13.98129
2012-07-06,14.79,15.04,14.55,14.65,5170900,13.924262
2012-07-05,15.65,15.68,15.06,15.08,5812000,14.33296
2012-07-03,15.15,15.76,15.15,15.75,3348500,14.96977
2012-07-02,15.03,15.15,14.67,14.97,6665700,14.22841
2012-06-29,14.86,15.16,14.34,15.11,11103500,14.361474
2012-06-28,13.86,14.33,13.78,14.15,7410200,13.449031
2012-06-27,13.86,14.23,13.77,14.14,6509400,13.439527
2012-06-26,13.46,13.85,13.30,13.73,6776600,13.049837
2012-06-25,13.57,13.63,13.13,13.46,6218700,12.793213
2012-06-22,13.80,14.08,13.49,13.85,11236500,13.163893
2012-06-21,14.82,14.82,13.67,13.70,9446300,13.021323
2012-06-20,15.00,15.15,14.45,14.71,7319300,13.98129
2012-06-19,14.48,15.11,14.46,15.01,5957500,14.266428
2012-06-18,14.46,14.50,14.19,14.35,5460200,13.639124
2012-06-15,14.57,14.75,14.45,14.61,5673700,13.886243
2012-06-14,14.29,14.67,14.15,14.57,4758100,13.848225
2012-06-13,14.54,14.66,14.13,14.22,3821800,13.515564
2012-06-12,14.67,14.75,14.32,14.64,6326500,13.914758
2012-06-11,15.25,15.47,14.53,14.55,4724300,13.829216
2012-06-08,14.88,15.03,14.49,15.00,6757100,14.256923
2012-06-07,15.59,15.80,15.04,15.10,7352100,14.35197
2012-06-06,14.98,15.59,14.98,15.44,5385600,14.675126
2012-06-05,14.31,14.85,14.26,14.75,4643400,14.019308
2012-06-04,14.65,14.65,14.01,14.39,6333100,13.677142
2012-06-01,14.77,14.85,14.33,14.44,7783000,13.724665
2012-05-31,14.96,15.28,14.51,15.12,7739600,14.370979
2012-05-30,15.64,15.65,14.72,14.96,8251000,14.218905
2012-05-29,15.72,16.07,15.68,15.92,6030000,15.131348
2012-05-25,15.28,15.71,15.28,15.56,4965000,14.789182
2012-05-24,15.65,15.74,14.92,15.21,7293400,14.45652
2012-05-23,15.16,15.63,14.80,15.59,4856200,14.817696
2012-05-22,15.75,16.040001,15.41,15.55,4421400,14.779678
2012-05-21,15.11,15.79,15.10,15.74,6190400,14.960265
2012-05-18,15.48,15.56,14.94,15.05,7190500,14.304447
2012-05-17,15.72,16.02,15.36,15.39,6381600,14.627604
2012-05-16,16.290001,16.629999,15.68,15.69,8585600,14.912742
2012-05-15,16.799999,16.84,16.10,16.219999,8462700,15.416486
2012-05-14,16.93,17.059999,16.59,16.82,5494200,15.986763
2012-05-11,17.25,17.58,17.15,17.23,4748200,16.376452
2012-05-10,17.389999,17.700001,17.200001,17.42,7020500,16.557041
2012-05-09,16.84,17.27,16.75,17.120001,6401600,16.271903
2012-05-08,17.01,17.280001,16.719999,17.219999,5867500,16.366948
2012-05-07,17.26,17.49,17.10,17.209999,5597300,16.357443
2012-05-04,17.66,17.93,17.08,17.370001,7134000,16.509518
2012-05-03,19.43,19.43,17.85,17.92,8229300,17.032271
2012-05-02,19.27,19.41,18.790001,19.25,6827400,18.296385
2012-05-01,19.10,19.68,18.84,19.50,4448300,18.534001
2012-04-30,18.65,19.09,18.459999,19.040001,2933000,18.096789
2012-04-27,18.83,18.91,18.32,18.690001,2865300,17.764127
2012-04-26,18.50,18.85,18.370001,18.809999,2670600,17.878182
2012-04-25,18.32,18.620001,18.049999,18.59,3462000,17.669081
2012-04-24,18.049999,18.25,17.85,18.08,3837600,17.184345
2012-04-23,17.52,18.00,17.280001,17.959999,4266700,17.070289
2012-04-20,18.15,18.41,17.76,17.790001,3530800,16.908712
2012-04-19,18.15,18.35,17.870001,18.00,3263300,17.108308
2012-04-18,18.09,18.25,17.99,18.120001,2753000,17.222364
2012-04-17,18.15,18.540001,18.120001,18.200001,3471200,17.298401
2012-04-16,18.92,18.99,17.940001,18.00,6896700,17.108308
2012-04-13,18.34,18.42,17.780001,17.91,4022200,17.022767
2012-04-12,17.68,18.52,17.65,18.459999,4230200,17.54552
