Date,Open,High,Low,Close,Volume,Adj Close
2016-11-25,39.869999,40.509998,39.869999,40.490002,667900,40.490002
2016-11-23,40.200001,40.43,39.34,39.799999,807000,39.799999
2016-11-22,39.970001,40.349998,39.740002,40.060001,827800,40.060001
2016-11-21,39.990002,40.34,39.630001,39.779999,800000,39.779999
2016-11-18,39.57,39.889999,39.560001,39.75,720600,39.75
2016-11-17,39.700001,40.110001,39.490002,39.549999,730200,39.549999
2016-11-16,39.98,40.00,39.220001,39.709999,881500,39.709999
2016-11-15,40.889999,41.34,39.990002,40.00,560300,40.00
2016-11-14,40.34,40.75,39.580002,40.720001,985300,40.720001
2016-11-11,40.259998,40.959999,40.119999,40.400002,870900,40.400002
2016-11-10,41.599998,41.66,40.029999,40.040001,847600,40.040001
2016-11-09,41.25,41.950001,40.650002,41.66,493100,41.66
2016-11-08,41.580002,42.41,41.50,42.240002,483100,42.240002
2016-11-07,41.830002,41.939999,41.459999,41.740002,357400,41.740002
2016-11-04,41.029999,41.470001,40.689999,41.330002,447900,41.330002
2016-11-03,41.029999,41.139999,40.68,40.860001,563300,40.860001
2016-11-02,41.490002,41.599998,40.93,40.939999,974900,40.939999
2016-11-01,42.060001,42.099998,41.00,41.360001,738200,41.360001
2016-10-31,40.880001,42.849998,39.880001,42.59,1293700,42.59
2016-10-28,41.830002,42.400002,41.599998,41.700001,576600,41.700001
2016-10-27,42.130001,42.27,41.27,41.779999,545900,41.779999
2016-10-26,42.689999,42.880001,42.240002,42.720001,397300,42.34
2016-10-25,42.279999,43.16,42.150002,42.919998,551200,42.538218
2016-10-24,42.50,42.66,42.130001,42.48,556800,42.102133
2016-10-21,41.610001,42.029999,41.610001,41.990002,263100,41.616494
2016-10-20,41.77,42.150002,41.759998,41.93,507000,41.557026
2016-10-19,41.360001,41.849998,41.189999,41.82,608400,41.448004
2016-10-18,41.610001,41.650002,41.310001,41.360001,369100,40.992097
2016-10-17,41.32,41.59,41.25,41.439999,213300,41.071383
2016-10-14,41.580002,41.790001,41.139999,41.27,338300,40.902897
2016-10-13,40.91,41.82,40.91,41.57,590200,41.200228
2016-10-12,40.029999,40.950001,39.869999,40.91,615900,40.546099
2016-10-11,40.560001,40.669998,39.91,39.950001,599800,39.594639
2016-10-10,40.639999,41.080002,40.50,40.549999,540200,40.189301
2016-10-07,41.02,41.419998,40.630001,40.73,577000,40.3677
2016-10-06,40.32,41.240002,39.959999,40.919998,657500,40.556008
2016-10-05,41.57,41.73,40.490002,40.700001,879300,40.337968
2016-10-04,41.91,42.080002,40.75,41.07,480500,40.704676
2016-10-03,42.650002,42.77,41.900002,41.950001,373800,41.576849
2016-09-30,43.580002,43.619999,42.709999,43.139999,526100,42.756262
2016-09-29,43.599998,43.630001,42.98,43.23,517000,42.845462
2016-09-28,44.07,44.119999,43.560001,43.849998,439400,43.459946
2016-09-27,44.869999,44.869999,43.66,43.799999,679800,43.410391
2016-09-26,44.459999,45.029999,44.279999,44.91,386200,44.510518
2016-09-23,44.650002,44.939999,44.150002,44.540001,381500,44.143811
2016-09-22,44.389999,44.990002,44.389999,44.959999,564500,44.560073
2016-09-21,43.43,44.16,42.889999,44.139999,453100,43.747367
2016-09-20,44.240002,44.240002,43.32,43.459999,798900,43.073415
2016-09-19,42.669998,42.970001,42.52,42.970001,421600,42.587776
2016-09-16,42.41,42.669998,42.130001,42.599998,2174300,42.221065
2016-09-15,42.59,43.029999,42.25,42.529999,774200,42.151688
2016-09-14,42.279999,42.52,41.950001,42.48,2371800,42.102133
2016-09-13,43.59,43.59,41.970001,42.110001,906500,41.735425
2016-09-12,43.34,43.849998,43.23,43.709999,602700,43.321192
2016-09-09,44.369999,44.369999,43.16,43.380001,809700,42.994129
2016-09-08,45.380001,45.50,44.82,44.84,659100,44.441141
2016-09-07,45.880001,45.93,45.389999,45.66,780800,45.253847
2016-09-06,45.689999,46.07,45.41,46.00,765000,45.590823
2016-09-02,45.41,46.41,45.369999,45.669998,501600,45.263756
2016-09-01,45.220001,45.48,44.919998,45.209999,647300,44.807849
2016-08-31,45.110001,45.709999,43.790001,45.310001,2560300,44.906962
2016-08-30,45.470001,45.470001,44.759998,45.349998,927000,44.946603
2016-08-29,45.66,46.299999,45.220001,45.349998,844100,44.946603
2016-08-26,45.720001,46.119999,44.91,45.529999,954300,45.125002
2016-08-25,45.459999,45.91,45.130001,45.669998,509900,45.263756
2016-08-24,45.650002,45.77,44.93,45.369999,366300,44.966426
2016-08-23,46.080002,46.209999,45.73,45.759998,221300,45.352956
2016-08-22,45.869999,46.549999,45.50,45.880001,401900,45.471891
2016-08-19,46.09,46.25,45.57,45.759998,700500,45.352956
2016-08-18,45.790001,46.66,45.790001,46.130001,694000,45.719667
2016-08-17,45.700001,46.099998,45.279999,45.93,608100,45.521446
2016-08-16,46.709999,46.810001,45.470001,45.619999,620600,45.214202
2016-08-15,46.830002,47.18,46.740002,46.939999,844500,46.52246
2016-08-12,46.540001,47.380001,46.540001,46.93,1840900,46.512551
2016-08-11,46.950001,46.950001,45.779999,46.380001,581100,45.967444
2016-08-10,46.880001,47.029999,46.09,46.880001,474600,46.462996
2016-08-09,46.849998,47.220001,46.450001,46.759998,840300,46.344061
2016-08-08,47.360001,47.360001,46.610001,46.830002,1225300,46.413442
2016-08-05,47.34,47.57,46.939999,47.220001,602600,46.799972
2016-08-04,48.040001,48.23,47.130001,47.27,390900,46.849526
2016-08-03,48.049999,48.259998,47.599998,48.00,1047300,47.573032
2016-08-02,48.419998,48.869999,48.099998,48.200001,659700,47.771254
2016-08-01,48.00,48.540001,47.709999,48.470001,677300,48.038853
2016-07-29,47.779999,48.549999,47.57,48.139999,494300,47.711786
2016-07-28,47.27,47.75,47.200001,47.639999,411200,47.216234
2016-07-27,46.889999,47.41,46.599998,47.360001,1205900,46.938726
2016-07-26,46.970001,47.540001,46.900002,47.330002,619100,46.532376
2016-07-25,47.09,47.50,46.599998,47.18,774800,46.384902
2016-07-22,46.599998,47.220001,46.599998,47.040001,418200,46.247262
2016-07-21,46.77,46.98,46.610001,46.77,711900,45.981812
2016-07-20,46.82,47.23,46.68,46.970001,369000,46.178442
2016-07-19,46.540001,46.959999,46.439999,46.959999,258300,46.168609
2016-07-18,46.57,47.470001,46.369999,46.669998,307600,45.883495
2016-07-15,46.459999,46.650002,46.150002,46.400002,268100,45.618048
2016-07-14,46.66,46.900002,46.419998,46.439999,385300,45.657371
2016-07-13,46.75,47.240002,46.50,46.880001,335800,46.089959
2016-07-12,46.549999,46.860001,46.18,46.599998,451500,45.814675
2016-07-11,46.709999,46.919998,45.919998,46.73,797100,45.942485
2016-07-08,46.259998,46.77,45.880001,46.369999,1263500,45.588551
2016-07-07,45.990002,46.049999,45.369999,46.049999,1075900,45.273944
2016-07-06,46.00,46.360001,45.849998,46.119999,446900,45.342764
2016-07-05,45.459999,46.299999,45.450001,46.189999,501700,45.411585
2016-07-01,45.689999,46.23,45.43,45.560001,520500,44.792204
2016-06-30,45.32,46.139999,44.900002,46.139999,826200,45.362428
2016-06-29,45.459999,45.77,45.110001,45.349998,476500,44.58574
2016-06-28,44.689999,45.299999,44.509998,45.25,580000,44.487427
2016-06-27,44.00,44.82,43.740002,44.790001,1140400,44.03518
2016-06-24,43.27,44.450001,42.919998,44.02,1656800,43.278156
2016-06-23,43.950001,44.279999,43.779999,44.110001,637900,43.36664
2016-06-22,43.689999,43.73,43.220001,43.540001,466700,42.806246
2016-06-21,43.25,43.860001,42.98,43.599998,655500,42.865232
2016-06-20,43.849998,44.099998,43.200001,43.400002,699000,42.668606
2016-06-17,43.700001,43.810001,43.18,43.540001,1458100,42.806246
2016-06-16,43.419998,43.709999,43.380001,43.630001,378400,42.894729
2016-06-15,42.98,43.619999,42.98,43.419998,455600,42.688265
2016-06-14,43.169998,43.41,42.889999,43.09,522800,42.363829
2016-06-13,43.080002,43.439999,42.709999,42.950001,594800,42.226189
2016-06-10,42.77,43.099998,42.52,42.84,617600,42.118042
2016-06-09,41.82,42.650002,41.75,42.599998,453900,41.882085
2016-06-08,41.310001,41.970001,41.16,41.810001,594800,41.105401
2016-06-07,41.189999,41.68,41.099998,41.450001,747300,40.751467
2016-06-06,42.439999,42.549999,41.02,41.25,774500,40.554837
2016-06-03,42.84,42.939999,42.27,42.59,628500,41.872255
2016-06-02,42.470001,42.57,42.150002,42.459999,729900,41.744445
2016-06-01,42.540001,42.970001,42.34,42.540001,598100,41.823098
2016-05-31,42.369999,43.009998,42.240002,42.790001,1411000,42.068885
2016-05-27,42.68,42.98,42.34,42.389999,10810300,41.675625
2016-05-26,42.799999,43.00,42.27,42.77,643300,42.049222
2016-05-25,42.549999,43.02,41.869999,42.93,1661700,42.206525
2016-05-24,41.869999,42.599998,41.630001,42.290001,870800,41.577311
2016-05-23,42.18,42.310001,41.470001,41.540001,666100,40.839951
2016-05-20,41.529999,42.189999,41.200001,42.099998,1221800,41.390511
2016-05-19,41.580002,41.869999,41.16,41.560001,752100,40.859614
2016-05-18,41.599998,42.25,41.209999,41.669998,572700,40.967757
2016-05-17,41.939999,42.18,41.09,41.66,740400,40.957927
2016-05-16,41.610001,42.360001,40.98,42.09,338100,41.380681
2016-05-13,42.209999,42.209999,41.580002,41.650002,864500,40.948097
2016-05-12,42.080002,42.529999,41.669998,42.32,365900,41.606805
2016-05-11,42.700001,42.830002,41.580002,42.049999,377600,41.341354
2016-05-10,42.73,43.220001,42.439999,42.740002,357900,42.019728
2016-05-09,42.400002,42.759998,42.27,42.709999,462700,41.990231
2016-05-06,41.599998,42.369999,41.299999,42.240002,597000,41.528155
2016-05-05,41.57,42.139999,41.549999,41.580002,470500,40.879277
2016-05-04,40.810001,41.939999,40.810001,41.740002,614200,41.036581
2016-05-03,40.669998,41.02,40.32,40.880001,946300,40.191073
2016-05-02,40.110001,41.34,40.009998,40.759998,721700,40.073093
2016-04-29,39.93,40.130001,39.580002,39.77,248400,39.099779
2016-04-28,40.34,40.779999,40.119999,40.209999,158400,39.532363
2016-04-27,40.669998,40.830002,40.060001,40.619999,482900,39.935453
2016-04-26,39.919998,41.02,39.919998,41.02,495200,39.964949
2016-04-25,39.75,40.220001,39.279999,39.810001,544000,38.786072
2016-04-22,39.040001,39.57,38.98,39.369999,265500,38.357386
2016-04-21,40.27,40.380001,38.59,39.00,841200,37.996904
2016-04-20,40.529999,41.330002,39.990002,40.240002,598300,39.205012
2016-04-19,40.490002,40.619999,40.290001,40.439999,235700,39.399865
2016-04-18,40.09,40.41,39.830002,40.360001,558800,39.321925
2016-04-15,40.330002,40.68,40.060001,40.099998,476900,39.06861
2016-04-14,40.18,40.639999,39.509998,40.439999,577500,39.399865
2016-04-13,41.52,41.669998,40.02,40.290001,572600,39.253725
2016-04-12,40.759998,41.610001,40.610001,41.380001,493900,40.31569
2016-04-11,41.00,41.259998,40.650002,40.740002,286300,39.692152
2016-04-08,40.970001,41.119999,40.689999,40.970001,484400,39.916236
2016-04-07,40.73,41.07,40.41,40.799999,448700,39.750606
2016-04-06,40.470001,40.77,40.400002,40.619999,291300,39.575236
2016-04-05,40.560001,40.970001,40.360001,40.549999,570100,39.507036
2016-04-04,41.290001,41.540001,40.68,40.77,493700,39.721379
2016-04-01,41.490002,41.669998,40.98,41.23,485300,40.169547
2016-03-31,41.84,42.029999,41.32,41.599998,404200,40.530029
2016-03-30,41.889999,42.130001,41.52,41.84,364900,40.763858
2016-03-29,40.959999,41.790001,40.68,41.77,611400,40.695659
2016-03-28,40.419998,40.869999,40.139999,40.830002,722900,39.779837
2016-03-24,40.41,40.650002,40.040001,40.279999,717700,39.24398
2016-03-23,41.16,41.259998,40.509998,40.52,616400,39.477809
2016-03-22,41.09,41.299999,40.91,41.049999,540300,39.994176
2016-03-21,41.419998,41.84,40.669998,41.200001,723900,40.14032
2016-03-18,41.599998,42.029999,41.25,41.939999,1478800,40.861284
2016-03-17,41.290001,41.630001,41.060001,41.470001,465800,40.403375
2016-03-16,40.689999,41.50,40.529999,41.27,343700,40.208519
2016-03-15,40.43,41.009998,40.400002,40.880001,510300,39.82855
2016-03-14,40.560001,40.990002,40.34,40.459999,335500,39.419351
2016-03-11,40.27,40.700001,39.849998,40.580002,558600,39.536267
2016-03-10,40.07,40.330002,39.220001,39.759998,374700,38.737355
2016-03-09,38.990002,40.32,38.98,39.98,516200,38.951697
2016-03-08,39.209999,39.34,38.59,38.98,1546300,37.977418
2016-03-07,39.349998,39.669998,38.959999,39.119999,563300,38.113816
2016-03-04,40.34,40.369999,39.209999,39.439999,586600,38.425585
2016-03-03,40.82,41.009998,40.259998,40.380001,599000,39.341411
2016-03-02,40.419998,40.950001,40.380001,40.950001,423600,39.89675
2016-03-01,39.939999,40.580002,39.82,40.580002,691700,39.536267
2016-02-29,39.75,40.630001,39.529999,39.650002,674500,38.630187
2016-02-26,40.209999,40.380001,39.389999,39.799999,227900,38.776327
2016-02-25,39.650002,40.50,39.52,40.299999,313000,39.263466
2016-02-24,39.290001,39.91,39.080002,39.50,338500,38.484044
2016-02-23,39.82,40.439999,39.27,39.389999,319300,38.376872
2016-02-22,39.200001,40.169998,38.799999,39.82,436000,38.795813
2016-02-19,38.849998,39.580002,37.860001,39.369999,340000,38.357386
2016-02-18,38.990002,39.189999,38.619999,38.990002,371800,37.987163
2016-02-17,39.029999,39.650002,38.189999,38.799999,562900,37.802047
2016-02-16,38.59,39.07,38.240002,38.900002,362300,37.899477
2016-02-12,38.00,38.349998,37.169998,38.25,412400,37.266194
2016-02-11,38.02,38.02,37.32,37.50,754900,36.535484
2016-02-10,38.50,39.00,38.009998,38.470001,317700,37.480537
2016-02-09,37.810001,38.57,37.66,38.349998,672700,37.363621
2016-02-08,38.130001,38.669998,37.00,38.139999,772400,37.159023
2016-02-05,39.119999,39.27,38.23,38.299999,633700,37.314907
2016-02-04,39.09,39.34,38.650002,39.150002,608400,38.143047
2016-02-03,39.009998,39.599998,38.779999,39.169998,645400,38.162529
2016-02-02,38.790001,39.02,38.349998,38.91,655400,37.909218
2016-02-01,39.130001,39.619999,38.740002,39.209999,436300,38.201502
2016-01-29,37.900002,39.09,36.970001,39.080002,2124300,38.074848
2016-01-28,38.060001,38.34,37.349998,37.52,644900,36.55497
2016-01-27,38.830002,38.830002,37.59,38.00,779100,37.022624
2016-01-26,38.18,39.52,38.18,39.27,1143500,37.899475
2016-01-25,38.23,38.790001,37.700001,38.040001,606800,36.712402
2016-01-22,36.919998,38.240002,36.810001,38.209999,1000200,36.876467
2016-01-21,36.580002,37.189999,36.389999,36.73,647900,35.44812
2016-01-20,37.00,37.00,35.400002,36.50,1302400,35.226147
2016-01-19,36.59,37.279999,36.240002,37.130001,855300,35.834161
2016-01-15,35.360001,36.25,34.759998,36.23,1213900,34.96557
2016-01-14,36.16,36.43,35.619999,35.630001,720000,34.386512
2016-01-13,36.529999,36.919998,35.939999,36.220001,969700,34.955921
2016-01-12,36.209999,36.529999,35.759998,36.529999,5233700,35.255099
2016-01-11,36.93,37.34,36.849998,37.200001,457800,35.901718
2016-01-08,37.970001,38.139999,36.799999,36.889999,352700,35.602536
2016-01-07,37.59,37.889999,37.450001,37.560001,368900,36.249155
2016-01-06,37.810001,38.310001,37.790001,38.110001,326000,36.779959
2016-01-05,37.02,38.419998,36.93,38.040001,513300,36.712402
2016-01-04,37.639999,37.950001,36.720001,36.970001,335200,35.679746
2015-12-31,38.200001,38.459999,37.880001,37.880001,299400,36.557986
2015-12-30,38.490002,38.560001,38.02,38.09,163300,36.760657
2015-12-29,37.849998,38.50,37.849998,38.43,274900,37.088791
2015-12-28,37.220001,37.799999,37.040001,37.700001,278000,36.384268
2015-12-24,37.18,37.459999,36.950001,37.259998,65800,35.959622
2015-12-23,37.099998,37.509998,36.799999,37.189999,694200,35.892065
2015-12-22,37.279999,37.529999,36.900002,36.990002,327600,35.699048
2015-12-21,37.349998,37.369999,36.720001,37.150002,342600,35.853464
2015-12-18,37.41,37.619999,37.00,37.09,1708300,35.795557
2015-12-17,37.73,37.860001,37.360001,37.619999,196600,36.307058
2015-12-16,36.900002,37.82,36.900002,37.75,238600,36.432522
2015-12-15,35.799999,37.02,35.48,36.959999,636700,35.670093
2015-12-14,35.549999,35.900002,35.50,35.630001,456600,34.386512
2015-12-11,35.049999,35.91,34.919998,35.889999,461700,34.637436
2015-12-10,35.700001,35.84,35.330002,35.360001,225800,34.125934
2015-12-09,35.68,36.049999,35.470001,35.68,274500,34.434766
2015-12-08,35.970001,36.080002,35.139999,35.849998,189100,34.598831
2015-12-07,36.16,36.16,35.650002,35.939999,302300,34.68569
2015-12-04,35.459999,36.380001,35.419998,36.290001,322100,35.023477
2015-12-03,35.540001,36.09,34.82,35.389999,1138700,34.154886
2015-12-02,37.130001,37.279999,36.330002,36.439999,453900,35.16824
2015-12-01,36.959999,37.209999,36.900002,37.150002,252900,35.853464
2015-11-30,37.009998,37.52,36.709999,36.849998,475900,35.563931
2015-11-27,36.41,37.189999,36.41,36.889999,140400,35.602536
2015-11-25,36.259998,36.650002,36.240002,36.450001,197800,35.177893
2015-11-24,36.43,36.459999,36.07,36.189999,290200,34.926965
2015-11-23,36.889999,36.959999,36.619999,36.619999,279200,35.341958
2015-11-20,36.439999,36.970001,36.380001,36.880001,275000,35.592886
2015-11-19,35.75,36.290001,35.720001,36.27,290300,35.004175
2015-11-18,35.790001,35.93,35.369999,35.759998,314400,34.511972
2015-11-17,35.32,36.16,35.240002,35.790001,394500,34.540927
2015-11-16,34.990002,35.599998,34.259998,35.50,519700,34.261048
2015-11-13,35.189999,35.48,34.84,34.93,522100,33.710941
2015-11-12,35.169998,35.48,34.990002,35.34,370000,34.106632
2015-11-11,35.099998,35.48,34.900002,35.18,371500,33.952216
2015-11-10,34.459999,35.220001,34.450001,35.09,762900,33.865357
2015-11-09,35.169998,35.380001,34.00,34.419998,1059600,33.218738
2015-11-06,35.759998,35.959999,35.16,35.360001,790100,34.125934
2015-11-05,35.98,36.209999,35.66,36.209999,678700,34.946268
2015-11-04,36.189999,36.240002,35.68,36.029999,1384800,34.772549
2015-11-03,35.610001,36.259998,35.25,36.200001,6216700,34.936618
2015-11-02,35.27,35.799999,34.939999,35.48,1181300,34.241745
2015-10-30,36.169998,36.34,35.779999,35.91,253300,34.656738
2015-10-29,36.189999,36.459999,36.119999,36.23,176000,34.96557
2015-10-28,36.09,36.50,35.73,36.41,481400,35.139288
2015-10-27,35.950001,36.48,35.779999,36.419998,315300,34.791852
2015-10-26,35.830002,36.029999,35.560001,36.00,240400,34.39063
2015-10-23,35.740002,35.93,35.419998,35.84,323600,34.237782
2015-10-22,35.59,35.889999,35.580002,35.77,461200,34.170912
2015-10-21,35.369999,35.700001,35.32,35.48,414400,33.893876
2015-10-20,35.330002,35.43,35.060001,35.32,295400,33.741028
2015-10-19,34.310001,35.110001,34.189999,35.09,217300,33.521311
2015-10-16,33.759998,34.32,33.669998,34.290001,185800,32.757076
2015-10-15,33.00,33.77,32.900002,33.77,199200,32.260322
2015-10-14,33.389999,33.529999,32.900002,32.970001,182500,31.496086
2015-10-13,33.630001,33.84,33.27,33.290001,318400,31.80178
2015-10-12,33.720001,33.900002,33.450001,33.66,315800,32.155238
2015-10-09,34.189999,34.189999,33.490002,33.59,388900,32.088368
2015-10-08,34.18,34.50,33.709999,34.18,381900,32.651992
2015-10-07,33.82,34.259998,33.779999,34.259998,429200,32.728414
2015-10-06,33.82,34.09,33.610001,33.799999,335700,32.288979
2015-10-05,33.299999,33.849998,33.099998,33.810001,282300,32.298534
2015-10-02,32.93,33.360001,32.549999,33.27,460000,31.782674
2015-10-01,33.099998,33.259998,32.759998,33.02,493400,31.54385
2015-09-30,32.91,33.119999,32.68,32.950001,537200,31.47698
2015-09-29,31.780001,32.75,31.620001,32.700001,549200,31.238156
2015-09-28,31.83,31.860001,31.41,31.790001,436500,30.368837
2015-09-25,32.310001,32.610001,31.73,31.82,905200,30.397495
2015-09-24,31.52,32.389999,31.32,32.279999,817400,30.83693
2015-09-23,30.93,31.58,30.77,31.559999,388200,30.149118
2015-09-22,30.639999,30.91,30.610001,30.75,327300,29.375329
2015-09-21,30.379999,30.92,30.379999,30.82,305100,29.4422
2015-09-18,29.83,30.709999,29.73,30.469999,906600,29.107846
2015-09-17,29.620001,30.540001,29.620001,30.16,202000,28.811705
2015-09-16,29.450001,29.76,29.41,29.67,261600,28.343611
2015-09-15,29.040001,29.610001,28.76,29.459999,348600,28.142998
2015-09-14,28.90,29.639999,28.66,28.77,213700,27.483845
2015-09-11,28.10,28.790001,28.01,28.76,138800,27.474292
2015-09-10,28.40,28.92,28.120001,28.190001,178800,26.929774
2015-09-09,28.629999,28.629999,28.040001,28.08,225000,26.824691
2015-09-08,28.51,28.68,28.23,28.42,161400,27.149491
2015-09-04,28.530001,28.68,28.01,28.209999,192900,26.948879
2015-09-03,28.959999,29.00,28.57,28.799999,215600,27.512503
2015-09-02,29.120001,29.35,28.50,28.84,319400,27.550716
2015-09-01,28.799999,29.110001,28.610001,28.92,744500,27.627139
2015-08-31,29.690001,29.74,28.99,29.25,462000,27.942386
2015-08-28,29.700001,29.969999,29.17,29.82,543800,28.486905
2015-08-27,29.18,29.959999,28.74,29.719999,323400,28.391375
2015-08-26,29.33,29.620001,28.540001,29.030001,298200,27.732222
2015-08-25,30.25,30.25,28.40,28.43,396400,27.159045
2015-08-24,30.50,30.870001,29.60,29.639999,514800,28.314951
2015-08-21,31.15,31.629999,30.549999,31.280001,452900,29.881637
2015-08-20,31.700001,31.91,31.50,31.66,233900,30.244648
2015-08-19,31.809999,31.959999,31.540001,31.85,224400,30.426155
2015-08-18,31.93,32.07,31.790001,32.040001,221600,30.607661
2015-08-17,31.940001,32.110001,31.549999,32.00,159900,30.569448
2015-08-14,31.40,31.950001,31.299999,31.950001,391100,30.521684
2015-08-13,31.200001,31.709999,30.879999,31.549999,461200,30.139565
2015-08-12,30.950001,31.309999,30.73,31.290001,300700,29.89119
2015-08-11,30.57,31.030001,30.48,31.02,268100,29.63326
2015-08-10,30.57,30.879999,30.41,30.68,416400,29.308459
2015-08-07,30.27,30.59,29.92,30.540001,314700,29.174718
2015-08-06,30.33,30.48,29.690001,30.370001,884400,29.012318
2015-08-05,31.15,31.48,30.280001,30.34,662200,28.983658
2015-08-04,31.32,31.99,31.00,31.10,474700,29.709683
2015-08-03,31.58,31.889999,31.209999,31.35,673700,29.948507
2015-07-31,31.85,32.080002,31.49,31.639999,364200,30.225542
2015-07-30,31.940001,32.310001,31.389999,31.540001,428200,30.130014
2015-07-29,32.040001,32.200001,31.74,32.07,236000,30.636319
2015-07-28,32.84,32.860001,32.360001,32.41,368900,30.60766
2015-07-27,32.689999,33.939999,32.57,32.619999,459300,30.805981
2015-07-24,32.59,32.900002,32.529999,32.759998,297500,30.938195
2015-07-23,33.360001,33.360001,32.419998,32.599998,220200,30.787093
2015-07-22,32.810001,33.119999,32.810001,32.98,129400,31.145962
2015-07-21,33.09,33.310001,32.689999,32.849998,150900,31.02319
2015-07-20,32.77,33.080002,32.68,33.02,173500,31.183739
2015-07-17,32.889999,32.93,32.52,32.759998,151000,30.938195
2015-07-16,32.790001,33.169998,32.68,32.93,267000,31.098743
2015-07-15,32.580002,32.779999,32.209999,32.580002,240900,30.768208
2015-07-14,32.279999,32.700001,31.950001,32.610001,282300,30.796539
2015-07-13,32.209999,32.529999,31.99,32.209999,213900,30.418782
2015-07-10,31.959999,32.290001,31.75,31.969999,217800,30.192129
2015-07-09,32.029999,32.029999,31.639999,31.77,278100,30.003252
2015-07-08,31.870001,32.040001,31.700001,31.84,506300,30.069359
2015-07-07,32.299999,32.43,32.00,32.040001,336200,30.258237
2015-07-06,31.90,32.23,31.780001,32.200001,296600,30.409339
2015-07-02,32.18,32.529999,31.809999,31.959999,176300,30.182684
2015-07-01,31.530001,31.879999,31.23,31.879999,288200,30.107133
2015-06-30,31.73,31.73,31.209999,31.360001,290100,29.616052
2015-06-29,31.969999,32.349998,31.540001,31.559999,284100,29.804929
2015-06-26,31.67,32.080002,31.43,32.049999,646200,30.26768
2015-06-25,31.65,31.67,31.280001,31.370001,579600,29.625496
2015-06-24,31.85,32.02,31.639999,31.67,479800,29.908812
2015-06-23,32.040001,32.07,31.73,31.83,186500,30.059915
2015-06-22,32.830002,32.830002,32.07,32.09,450200,30.305456
2015-06-19,32.50,32.779999,32.119999,32.75,448400,30.928753
2015-06-18,32.209999,32.84,32.119999,32.57,323200,30.758763
2015-06-17,32.00,32.200001,31.76,32.169998,260300,30.381005
2015-06-16,31.75,32.169998,31.35,31.940001,305500,30.163798
2015-06-15,32.040001,32.040001,31.700001,31.75,410000,29.984364
2015-06-12,32.439999,32.459999,31.98,32.040001,225200,30.258237
2015-06-11,32.380001,32.59,32.18,32.490002,238800,30.683213
2015-06-10,31.879999,32.310001,31.59,32.209999,349500,30.418782
2015-06-09,32.189999,32.279999,31.73,31.75,333600,29.984364
2015-06-08,32.18,32.459999,32.00,32.209999,188200,30.418782
2015-06-05,31.799999,32.330002,31.629999,32.150002,262400,30.362121
2015-06-04,32.279999,32.470001,32.209999,32.310001,133800,30.513223
2015-06-03,32.740002,32.740002,32.189999,32.380001,464500,30.57933
2015-06-02,33.040001,33.040001,32.59,32.709999,279600,30.890977
2015-06-01,32.98,33.349998,32.549999,33.279999,345400,31.429278
2015-05-29,33.18,33.450001,32.830002,32.939999,453900,31.108186
2015-05-28,33.150002,33.330002,33.02,33.23,260900,31.382059
2015-05-27,32.91,33.32,32.860001,33.25,221200,31.400948
2015-05-26,33.259998,33.450001,32.810001,32.880001,274700,31.051525
2015-05-22,33.009998,33.349998,32.849998,33.27,219500,31.419836
2015-05-21,33.279999,33.279999,32.91,33.110001,192100,31.268734
2015-05-20,33.330002,33.450001,33.060001,33.169998,174100,31.325395
2015-05-19,33.18,33.450001,33.139999,33.27,194500,31.419836
2015-05-18,33.27,33.48,33.130001,33.310001,176600,31.457612
2015-05-15,33.32,33.619999,33.07,33.41,213900,31.55205
2015-05-14,32.73,33.23,32.73,33.200001,346800,31.353729
2015-05-13,32.990002,33.119999,32.349998,32.41,223200,30.60766
2015-05-12,32.540001,32.990002,32.220001,32.830002,191400,31.004306
2015-05-11,33.330002,33.459999,32.75,32.799999,184900,30.975972
2015-05-08,33.490002,33.880001,33.23,33.380001,185800,31.523719
2015-05-07,32.310001,33.25,32.310001,33.150002,357300,31.30651
2015-05-06,32.369999,32.580002,32.139999,32.310001,511100,30.513223
2015-05-05,33.50,33.560001,32.290001,32.349998,432000,30.550996
2015-05-04,33.580002,34.25,33.209999,33.639999,378100,31.769259
2015-05-01,33.52,33.91,33.310001,33.509998,441100,31.646487
2015-04-30,34.419998,34.419998,33.150002,33.619999,456700,31.750371
2015-04-29,34.630001,35.34,34.43,34.450001,275200,32.534216
2015-04-28,34.990002,35.360001,34.799999,34.990002,339600,33.044187
2015-04-27,35.700001,36.00,35.220001,35.349998,275200,33.044183
2015-04-24,35.130001,35.77,35.02,35.669998,270700,33.34331
2015-04-23,35.029999,35.299999,34.84,35.150002,132600,32.857231
2015-04-22,34.52,35.00,34.52,34.98,178500,32.698318
2015-04-21,34.799999,34.950001,34.459999,34.549999,187500,32.296366
2015-04-20,34.400002,34.700001,34.240002,34.650002,222700,32.389846
2015-04-17,34.549999,34.68,34.220001,34.330002,560300,32.090719
2015-04-16,34.41,34.919998,34.110001,34.779999,622900,32.511363
2015-04-15,34.310001,34.529999,34.25,34.360001,459400,32.118761
2015-04-14,34.439999,34.630001,34.330002,34.50,312600,32.249628
2015-04-13,34.41,34.650002,34.330002,34.34,253400,32.100065
2015-04-10,34.299999,34.68,34.18,34.48,397800,32.230932
2015-04-09,34.970001,34.970001,33.93,34.09,427700,31.866372
2015-04-08,35.049999,35.09,34.830002,34.950001,403900,32.670276
2015-04-07,35.400002,35.57,34.959999,34.970001,411700,32.688972
2015-04-06,34.959999,35.470001,34.950001,35.450001,491600,33.137662
2015-04-02,34.779999,35.00,34.610001,34.939999,457200,32.660927
2015-04-01,35.27,35.299999,34.639999,34.799999,551500,32.530059
2015-03-31,35.48,35.630001,35.189999,35.380001,201600,33.072229
2015-03-30,35.07,35.599998,34.950001,35.529999,364500,33.212442
2015-03-27,35.029999,35.139999,34.82,35.00,229200,32.717014
2015-03-26,35.290001,35.720001,34.919998,34.970001,291200,32.688972
2015-03-25,36.119999,36.220001,35.25,35.34,221700,33.034837
2015-03-24,36.34,36.43,36.009998,36.049999,258200,33.698524
2015-03-23,36.32,36.75,36.130001,36.400002,356300,34.025696
2015-03-20,35.610001,36.48,35.50,36.209999,1037200,33.848087
2015-03-19,35.560001,35.950001,35.099998,35.48,287000,33.165704
2015-03-18,35.07,35.740002,34.849998,35.709999,307600,33.380701
2015-03-17,35.07,35.299999,34.959999,35.110001,356700,32.81984
2015-03-16,35.09,35.450001,34.970001,35.150002,278300,32.857231
2015-03-13,34.880001,35.18,34.650002,34.93,208600,32.651581
2015-03-12,34.439999,34.91,34.310001,34.84,301500,32.567451
2015-03-11,35.009998,35.220001,34.189999,34.200001,691700,31.969197
2015-03-10,35.060001,35.450001,34.98,35.009998,502500,32.72636
2015-03-09,34.900002,35.290001,34.709999,35.189999,290000,32.89462
2015-03-06,35.029999,35.029999,34.34,34.689999,698500,32.427234
2015-03-05,35.459999,35.860001,35.41,35.529999,327800,33.212442
2015-03-04,35.57,35.639999,35.18,35.450001,567700,33.137662
2015-03-03,35.290001,35.560001,34.93,35.48,264100,33.165704
2015-03-02,35.09,35.560001,35.029999,35.41,264500,33.100271
2015-02-27,34.59,35.099998,34.279999,35.060001,361100,32.773102
2015-02-26,34.650002,34.720001,34.150002,34.439999,326900,32.193541
2015-02-25,35.25,35.419998,34.779999,34.790001,372800,32.520713
2015-02-24,35.700001,35.82,34.91,35.349998,387200,33.044183
2015-02-23,35.259998,35.919998,35.209999,35.900002,402800,33.55831
2015-02-20,34.830002,34.98,34.619999,34.889999,286200,32.614189
2015-02-19,35.240002,35.240002,34.639999,34.75,304300,32.483321
2015-02-18,34.900002,35.419998,34.459999,35.380001,238300,33.072229
2015-02-17,34.790001,35.310001,34.599998,34.849998,277200,32.576797
2015-02-13,35.029999,35.119999,34.580002,34.84,257800,32.567451
2015-02-12,34.77,35.16,34.669998,35.080002,183100,32.791798
2015-02-11,34.68,34.889999,34.490002,34.73,409600,32.464625
2015-02-10,34.860001,34.900002,34.07,34.75,529300,32.483321
2015-02-09,35.299999,35.57,34.66,34.75,445300,32.483321
2015-02-06,35.23,35.41,34.959999,35.27,926800,32.969403
2015-02-05,34.639999,35.389999,34.610001,35.27,781000,32.969403
2015-02-04,34.709999,34.91,34.540001,34.599998,709200,32.343104
2015-02-03,34.540001,35.00,34.290001,34.779999,600700,32.511363
2015-02-02,35.16,35.16,34.259998,34.779999,579900,32.511363
2015-01-30,35.380001,35.439999,34.57,34.599998,695900,32.343104
2015-01-29,35.200001,35.48,34.880001,35.439999,442500,33.128313
2015-01-28,34.98,35.66,34.860001,35.209999,907300,32.913315
2015-01-27,35.02,35.189999,34.369999,35.150002,1097100,32.520714
2015-01-26,35.27,35.470001,34.849998,35.110001,983900,32.483705
2015-01-23,37.560001,37.810001,34.919998,35.330002,3067200,32.68725
2015-01-22,37.84,38.389999,37.459999,38.18,993000,35.324063
2015-01-21,37.970001,38.279999,37.73,38.16,342100,35.305559
2015-01-20,38.669998,38.84,38.16,38.400002,357700,35.527608
2015-01-16,37.82,38.509998,37.75,38.509998,792300,35.629376
2015-01-15,38.810001,39.02,37.810001,37.919998,888100,35.083509
2015-01-14,39.349998,39.450001,39.029999,39.189999,577900,36.258511
2015-01-13,39.43,39.650002,39.130001,39.59,654200,36.628592
2015-01-12,39.150002,39.490002,39.00,39.43,358800,36.480561
2015-01-09,38.959999,39.389999,38.720001,39.169998,581000,36.240007
2015-01-08,38.139999,38.959999,37.830002,38.91,851500,35.999457
2015-01-07,38.00,38.130001,37.849998,38.09,576700,35.240795
2015-01-06,37.939999,38.220001,37.779999,37.91,1100300,35.074259
2015-01-05,37.310001,37.900002,37.080002,37.849998,778600,35.018746
2015-01-02,36.790001,37.459999,36.790001,37.389999,303800,34.593156
2014-12-31,37.169998,37.490002,36.52,36.59,523800,33.852998
2014-12-30,37.310001,37.599998,37.029999,37.099998,380000,34.324847
2014-12-29,37.060001,37.639999,37.060001,37.380001,322400,34.583905
2014-12-26,37.16,37.360001,36.900002,37.119999,290300,34.343352
2014-12-24,36.900002,37.470001,36.900002,37.07,214500,34.297092
2014-12-23,37.32,37.380001,36.66,36.939999,437200,34.176816
2014-12-22,36.41,37.200001,36.41,37.169998,453800,34.389611
2014-12-19,36.02,36.650002,36.009998,36.360001,1888000,33.640203
2014-12-18,36.009998,36.07,35.580002,36.049999,385800,33.35339
2014-12-17,35.25,35.849998,35.130001,35.849998,404800,33.16835
2014-12-16,35.009998,35.52,34.73,35.169998,373000,32.539215
2014-12-15,35.380001,35.529999,34.970001,34.970001,442700,32.354178
2014-12-12,35.439999,35.889999,35.240002,35.290001,442000,32.650241
2014-12-11,35.790001,35.93,35.490002,35.560001,457600,32.900045
2014-12-10,35.639999,36.02,35.48,35.68,456600,33.011068
2014-12-09,35.470001,36.209999,35.41,35.75,1119000,33.075831
2014-12-08,35.27,35.970001,35.27,35.619999,513900,32.955555
2014-12-05,35.220001,35.459999,35.040001,35.360001,645100,32.715005
2014-12-04,35.07,35.639999,35.02,35.349998,953000,32.705751
2014-12-03,34.889999,35.380001,34.740002,35.080002,935100,32.45595
2014-12-02,34.740002,34.970001,34.529999,34.82,684500,32.215397
2014-12-01,34.779999,35.150002,34.580002,34.709999,1113300,32.113624
2014-11-28,11.679884,11.839882,11.629884,11.639883,155400,32.307593
2014-11-26,11.609885,11.719883,11.539884,11.659883,303600,32.363105
2014-11-25,11.549885,11.599884,11.489886,11.579885,259500,32.141062
2014-11-24,11.459886,11.579885,11.419885,11.549885,244000,32.057795
2014-11-21,11.429886,11.539884,11.349886,11.419885,361700,31.696968
2014-11-20,11.249888,11.379886,11.189888,11.359887,336900,31.530437
2014-11-19,11.339887,11.409886,11.239888,11.239888,268300,31.197369
2014-11-18,11.399886,11.419885,11.319887,11.379886,801200,31.585946
2014-11-17,11.359887,11.449885,11.339887,11.369887,298600,31.558192
2014-11-14,11.509885,11.559885,11.359887,11.389886,249800,31.613701
2014-11-13,11.519885,11.589884,11.439886,11.539884,262000,32.030037
2014-11-12,11.529885,11.579885,11.389886,11.499885,276300,31.919015
2014-11-11,11.629884,11.649884,11.499885,11.529885,269600,32.002282
2014-11-10,11.489886,11.649884,11.439886,11.619884,382700,32.252084
2014-11-07,11.319887,11.539884,11.309887,11.499885,527400,31.919015
2014-11-06,11.439886,11.539884,11.319887,11.329887,351100,31.44717
2014-11-05,11.679884,11.679884,11.389886,11.459886,462600,31.807993
2014-11-04,11.509885,11.649884,11.479885,11.639883,547000,32.307593
2014-11-03,11.279887,11.539884,11.229887,11.529885,440800,32.002282
2014-10-31,11.219888,11.359887,11.129889,11.259887,529700,31.252878
2014-10-30,11.089889,11.149889,11.04989,11.129889,375600,30.892055
2014-10-29,11.149889,11.229887,11.039889,11.129889,433100,30.892055
2014-10-28,11.139888,11.269888,10.959891,11.269888,502600,30.947568
2014-10-27,11.10989,11.129889,10.799893,11.129889,1089500,30.563124
2014-10-24,11.149889,11.199888,10.96989,11.119889,723100,30.535665
2014-10-23,11.179889,11.209888,11.069889,11.089889,415700,30.453284
2014-10-22,11.189888,11.239888,11.04989,11.129889,426900,30.563124
2014-10-21,11.05989,11.159888,10.96989,11.159888,284900,30.645505
2014-10-20,10.789892,11.039889,10.789892,11.00989,801700,30.233602
2014-10-17,10.769893,10.809892,10.639894,10.799893,610100,29.656942
2014-10-16,10.809892,10.879891,10.649894,10.709893,743300,29.4098
2014-10-15,10.759892,10.99989,10.719893,10.869892,722900,29.849162
2014-10-14,10.729892,11.02989,10.709893,10.829892,507700,29.739322
2014-10-13,10.639894,10.799893,10.589894,10.679894,332100,29.32742
2014-10-10,10.499895,10.709893,10.449896,10.619894,511900,29.162658
2014-10-09,10.449896,10.599894,10.439896,10.509895,355800,28.860597
2014-10-08,10.319897,10.459895,10.249898,10.459895,496200,28.723295
2014-10-07,10.319897,10.469895,10.289898,10.329897,282500,28.366314
2014-10-06,10.339897,10.449896,10.309897,10.349896,279500,28.421234
2014-10-03,10.329897,10.339897,10.189898,10.339897,452700,28.393775
2014-10-02,10.239898,10.299897,10.179899,10.259898,429000,28.174094
2014-10-01,10.289898,10.309897,10.159898,10.259898,649300,28.174094
2014-09-30,10.359897,10.429896,10.249898,10.279897,603500,28.229014
2014-09-29,10.219898,10.379896,10.169899,10.349896,537200,28.421234
2014-09-26,10.189898,10.259898,10.119899,10.259898,466600,28.174094
2014-09-25,10.189898,10.229898,10.0599,10.189898,361200,27.981872
2014-09-24,10.189898,10.289898,10.139899,10.199898,492100,28.009333
2014-09-23,10.339897,10.379896,10.199898,10.199898,433300,28.009333
2014-09-22,10.419896,10.449896,10.319897,10.359897,515700,28.448694
2014-09-19,10.539895,10.619894,10.429896,10.459895,813400,28.723295
2014-09-18,10.659893,10.679894,10.499895,10.509895,432700,28.860597
2014-09-17,10.619894,10.769893,10.489895,10.659893,742500,29.272498
2014-09-16,10.469895,10.639894,10.429896,10.619894,402000,29.162658
2014-09-15,10.539895,10.579894,10.439896,10.499895,586400,28.833136
2014-09-12,10.849891,10.889891,10.499895,10.549895,764500,28.970437
2014-09-11,10.739893,10.889891,10.739893,10.879891,420800,29.876621
2014-09-10,10.96989,10.96989,10.769893,10.789892,627800,29.629479
2014-09-09,10.96989,11.02989,10.929891,10.989891,540400,30.178684
2014-09-08,10.96989,11.01989,10.929891,10.99989,583900,30.206143
2014-09-05,10.889891,11.01989,10.869892,10.96989,289200,30.123762
2014-09-04,10.849891,10.94989,10.809892,10.869892,238700,29.849162
2014-09-03,10.849891,10.91989,10.809892,10.839892,179500,29.766781
2014-09-02,10.91989,10.94989,10.789892,10.829892,356400,29.739322
2014-08-29,10.849891,10.929891,10.799893,10.889891,204400,29.90408
2014-08-28,10.829892,10.879891,10.809892,10.849891,211800,29.79424
2014-08-27,10.789892,10.849891,10.699893,10.829892,559300,29.739322
2014-08-26,10.759892,10.819892,10.749893,10.759892,251700,29.547099
2014-08-25,10.829892,10.829892,10.739893,10.759892,214400,29.547099
2014-08-22,10.859892,10.889891,10.699893,10.779892,188500,29.60202
2014-08-21,10.889891,10.929891,10.839892,10.869892,226200,29.849162
2014-08-20,10.819892,10.899891,10.739893,10.869892,266300,29.849162
2014-08-19,10.819892,10.849891,10.749893,10.829892,250600,29.739322
2014-08-18,10.699893,10.779892,10.659893,10.779892,425400,29.60202
2014-08-15,10.669893,10.709893,10.579894,10.639894,455700,29.217578
2014-08-14,10.719893,10.739893,10.619894,10.639894,228700,29.217578
2014-08-13,10.549895,10.729892,10.529895,10.689893,644200,29.354879
2014-08-12,10.589894,10.659893,10.459895,10.499895,484000,28.833136
2014-08-11,10.569894,10.659893,10.569894,10.589894,407100,29.080278
2014-08-08,10.519895,10.589894,10.489895,10.549895,339400,28.970437
2014-08-07,10.519895,10.649894,10.489895,10.519895,320400,28.888056
2014-08-06,10.589894,10.609894,10.459895,10.499895,629800,28.833136
2014-08-05,10.559895,10.739893,10.549895,10.619894,969300,29.162658
2014-08-04,10.549895,10.629894,10.439896,10.619894,658600,29.162658
2014-08-01,10.489895,10.679894,10.489895,10.539895,1206700,28.942978
2014-07-31,10.749893,10.809892,10.549895,10.559895,1437000,28.997897
2014-07-30,10.819892,10.869892,10.699893,10.799893,1112000,29.656942
2014-07-29,10.849891,10.929891,10.799893,10.809892,680800,29.684401
2014-07-28,10.96989,11.05989,10.889891,11.00989,755100,29.904081
2014-07-25,11.099889,11.149889,10.96989,10.99989,679200,29.876921
2014-07-24,11.219888,11.249888,11.119889,11.169888,722600,30.338654
2014-07-23,10.96989,11.229887,10.96989,11.189888,1007800,30.392977
2014-07-22,11.10989,11.249888,11.099889,11.179889,988800,30.365817
2014-07-21,11.099889,11.149889,10.99989,11.129889,7200300,30.230012
2014-07-18,11.07989,11.199888,11.069889,11.099889,897600,30.148529
2014-07-17,11.179889,11.309887,11.089889,11.089889,2627900,30.121369
2014-07-16,11.00989,11.10989,10.96989,11.039889,835900,29.985564
2014-07-15,10.899891,11.039889,10.869892,10.94989,604200,29.741116
2014-07-14,10.889891,10.889891,10.809892,10.879891,205500,29.550991
2014-07-11,10.809892,10.879891,10.749893,10.839892,193400,29.442348
2014-07-10,10.689893,10.849891,10.679894,10.809892,571700,29.360866
2014-07-09,10.769893,10.819892,10.679894,10.769893,331500,29.252223
2014-07-08,10.669893,10.759892,10.619894,10.759892,488200,29.22506
2014-07-07,10.639894,10.759892,10.629894,10.729892,457200,29.143578
2014-07-03,10.769893,10.769893,10.569894,10.649894,307600,28.926293
2014-07-02,10.799893,10.819892,10.619894,10.689893,452200,29.034935
2014-07-01,10.769893,10.869892,10.729892,10.819892,1057200,29.388026
2014-06-30,10.669893,10.739893,10.539895,10.739893,477400,29.170741
2014-06-27,10.539895,10.729892,10.509895,10.699893,877700,29.062095
2014-06-26,10.579894,10.599894,10.529895,10.569894,479400,28.709005
2014-06-25,10.609894,10.659893,10.509895,10.559895,464500,28.681845
2014-06-24,10.659893,10.699893,10.619894,10.629894,446000,28.87197
2014-06-23,10.669893,10.729892,10.649894,10.659893,478800,28.953453
2014-06-20,10.629894,10.709893,10.539895,10.679894,1064800,29.007775
2014-06-19,10.399896,10.689893,10.389896,10.639894,6211100,28.899131
2014-06-18,10.259898,10.449896,10.239898,10.409896,355100,28.274432
2014-06-17,10.259898,10.329897,10.209898,10.249898,221400,27.839859
2014-06-16,10.399896,10.409896,10.249898,10.259898,251000,27.86702
2014-06-13,10.369897,10.399896,10.189898,10.379896,379300,28.192949
2014-06-12,10.149899,10.239898,10.099899,10.179899,391600,27.649734
2014-06-11,10.239898,10.279897,10.099899,10.159898,335200,27.595411
2014-06-10,10.329897,10.379896,10.189898,10.239898,469000,27.812697
2014-06-09,10.539895,10.539895,10.289898,10.359897,305300,28.138628
2014-06-06,10.659893,10.699893,10.509895,10.539895,392200,28.627524
2014-06-05,10.519895,10.679894,10.459895,10.599894,503400,28.790487
2014-06-04,10.459895,10.549895,10.409896,10.489895,509800,28.491718
2014-06-03,10.489895,10.579894,10.439896,10.489895,284800,28.491718
2014-06-02,10.469895,10.549895,10.439896,10.499895,261900,28.51888
2014-05-30,10.429896,10.499895,10.419896,10.459895,348700,28.410235
2014-05-29,10.489895,10.509895,10.389896,10.409896,210500,28.274432
2014-05-28,10.479896,10.499895,10.359897,10.459895,247800,28.410235
2014-05-27,10.489895,10.589894,10.459895,10.499895,296500,28.51888
2014-05-23,10.379896,10.489895,10.379896,10.469895,129800,28.437397
2014-05-22,10.469895,10.509895,10.379896,10.379896,186800,28.192949
2014-05-21,10.529895,10.559895,10.349896,10.459895,337400,28.410235
2014-05-20,10.599894,10.639894,10.449896,10.529895,302300,28.600362
2014-05-19,10.529895,10.619894,10.449896,10.599894,267600,28.790487
2014-05-16,10.389896,10.559895,10.359897,10.559895,209900,28.681845
2014-05-15,10.429896,10.449896,10.239898,10.399896,447900,28.247272
2014-05-14,10.419896,10.549895,10.369897,10.449896,348400,28.383076
2014-05-13,10.439896,10.549895,10.429896,10.439896,553600,28.355914
2014-05-12,10.579894,10.579894,10.339897,10.429896,390900,28.328755
2014-05-09,10.399896,10.529895,10.389896,10.529895,406400,28.600362
2014-05-08,10.449896,10.479896,10.379896,10.409896,353900,28.274432
2014-05-07,10.319897,10.469895,10.269897,10.459895,484200,28.410235
2014-05-06,10.299897,10.319897,10.219898,10.299897,337700,27.975662
2014-05-05,10.289898,10.349896,10.219898,10.339897,267100,28.084307
2014-05-02,10.279897,10.379896,10.219898,10.349896,177800,28.111466
2014-05-01,10.209898,10.299897,10.089899,10.279897,700900,27.921341
2014-04-30,10.219898,10.229898,10.109899,10.199898,337900,27.704055
2014-04-29,10.209898,10.279897,10.129899,10.199898,333500,27.704055
2014-04-28,10.149899,10.269897,10.0599,10.139899,469500,27.541089
2014-04-25,10.269897,10.289898,10.149899,10.259898,324500,27.56825
2014-04-24,10.239898,10.309897,10.159898,10.249898,521100,27.541379
2014-04-23,10.359897,10.369897,10.159898,10.209898,445100,27.4339
2014-04-22,10.219898,10.489895,10.129899,10.349896,576000,27.810075
2014-04-21,10.109899,10.199898,10.089899,10.169899,291600,27.326423
2014-04-17,9.939901,10.219898,9.839902,10.099899,756000,27.138334
2014-04-16,9.919901,9.949901,9.849901,9.939901,198500,26.70842
2014-04-15,9.789903,9.889901,9.719903,9.859902,353100,26.493464
2014-04-14,9.779902,9.859902,9.649904,9.769902,431300,26.251636
2014-04-11,9.759903,9.869902,9.639904,9.699903,544200,26.06355
2014-04-10,9.889901,9.929901,9.769902,9.819902,601600,26.385984
2014-04-09,9.9699,9.9699,9.809902,9.869902,277400,26.520334
2014-04-08,9.949901,9.9599,9.889901,9.929901,163600,26.681552
2014-04-07,9.929901,9.9699,9.879901,9.929901,245400,26.681552
2014-04-04,9.919901,9.939901,9.739903,9.929901,381500,26.681552
2014-04-03,9.859902,9.879901,9.789903,9.849901,187400,26.466593
2014-04-02,9.909901,9.919901,9.839902,9.869902,275100,26.520334
2014-04-01,9.859902,9.939901,9.819902,9.889901,440100,26.574073
2014-03-31,9.849901,9.9599,9.739903,9.869902,375900,26.520334
2014-03-28,9.799902,9.899901,9.799902,9.829902,156600,26.412854
2014-03-27,9.779902,9.869902,9.669904,9.799902,644300,26.332245
2014-03-26,10.0099,10.0099,9.749903,9.769902,366000,26.251636
2014-03-25,9.769902,10.0099,9.659903,9.979901,804600,26.8159
2014-03-24,9.839902,9.839902,9.649904,9.709903,235500,26.090418
2014-03-21,9.699903,9.869902,9.689903,9.819902,416200,26.385984
2014-03-20,9.499905,9.649904,9.419906,9.639904,214600,25.902332
2014-03-19,9.769902,9.839902,9.449906,9.499905,302500,25.526157
2014-03-18,9.729903,9.739903,9.639904,9.739903,428700,26.171027
2014-03-17,9.709903,9.759903,9.549905,9.729903,542300,26.144159
2014-03-14,9.519905,9.679904,9.519905,9.669904,411700,25.982941
2014-03-13,9.499905,9.579904,9.399906,9.549905,319700,25.660504
2014-03-12,9.439906,9.519905,9.419906,9.459905,289800,25.418677
2014-03-11,9.429906,9.589904,9.329907,9.469905,288100,25.445548
2014-03-10,9.509905,9.529905,9.369907,9.409906,176700,25.284329
2014-03-07,9.579904,9.619904,9.389906,9.519905,363300,25.579895
2014-03-06,9.629904,9.649904,9.519905,9.579904,293200,25.741113
2014-03-05,9.649904,9.719903,9.529905,9.629904,159100,25.875461
2014-03-04,9.579904,9.719903,9.549905,9.639904,354400,25.902332
2014-03-03,9.399906,9.509905,9.399906,9.489905,334400,25.499286
2014-02-28,9.429906,9.489905,9.399906,9.429906,375400,25.33807
2014-02-27,9.559905,9.579904,9.369907,9.429906,397900,25.33807
2014-02-26,9.729903,9.739903,9.579904,9.589904,278800,25.767984
2014-02-25,9.669904,9.719903,9.599904,9.679904,279900,26.009811
2014-02-24,9.689903,9.799902,9.639904,9.649904,546700,25.929202
2014-02-21,9.599904,9.779902,9.529905,9.679904,564700,26.009811
2014-02-20,9.569904,9.669904,9.519905,9.589904,509200,25.767984
2014-02-19,9.349906,9.699903,9.349906,9.539905,873400,25.633636
2014-02-18,9.439906,9.569904,9.109909,9.359907,804800,25.149982
2014-02-14,9.409906,9.519905,9.309907,9.309907,1337500,25.015634
2014-02-13,9.209908,9.529905,9.209908,9.389906,960100,25.230591
2014-02-12,9.239908,9.279907,9.159908,9.249908,632400,24.854416
2014-02-11,9.079909,9.279907,9.03991,9.249908,422700,24.854416
2014-02-10,8.939911,9.139909,8.849911,9.119909,302100,24.505111
2014-02-07,8.689913,8.919911,8.679914,8.909911,614300,23.940848
2014-02-06,8.699913,8.779912,8.599914,8.649914,1464300,23.242238
2014-02-05,8.799912,8.849911,8.659913,8.699913,260000,23.376586
2014-02-04,8.899911,8.909911,8.819912,8.829912,268700,23.725891
2014-02-03,9.03991,9.05991,8.839912,8.849911,283900,23.779629
2014-01-31,8.869912,9.05991,8.789913,9.02991,327600,24.263284
2014-01-30,8.909911,9.069909,8.839912,8.96991,243300,24.102066
2014-01-29,8.779912,8.899911,8.739913,8.839912,516400,23.752761
2014-01-28,8.899911,8.949911,8.869912,8.919911,309400,23.672152
2014-01-27,9.109909,9.119909,8.899911,8.909911,229800,23.645613
2014-01-24,9.149909,9.149909,8.98991,9.069909,328500,24.070226
2014-01-23,9.199908,9.269907,9.129909,9.169909,729300,24.335609
2014-01-22,9.239908,9.279907,9.139909,9.199908,176800,24.415224
2014-01-21,9.179909,9.259908,9.119909,9.209908,271100,24.441762
2014-01-17,9.03991,9.149909,9.02991,9.119909,150400,24.202918
2014-01-16,9.01991,9.089909,8.979911,9.069909,469000,24.070226
2014-01-15,9.04991,9.109909,8.99991,9.04991,177600,24.017149
2014-01-14,9.05991,9.129909,8.98991,8.99991,292800,23.884458
2014-01-13,9.119909,9.119909,8.96991,9.02991,311100,23.964073
2014-01-10,8.96991,9.139909,8.96991,9.109909,248700,24.176379
2014-01-09,8.95991,8.979911,8.849911,8.949911,191300,23.751767
2014-01-08,8.96991,8.96991,8.839912,8.909911,381800,23.645613
2014-01-07,9.089909,9.099909,8.95991,8.96991,371100,23.804843
2014-01-06,9.05991,9.129909,8.98991,9.099909,629100,24.149841
2014-01-03,8.899911,9.079909,8.869912,9.05991,395600,24.043688
2014-01-02,8.769912,8.979911,8.749913,8.869912,408100,23.539461
2013-12-31,8.879911,8.919911,8.759913,8.819912,350700,23.406768
2013-12-30,8.769912,8.879911,8.769912,8.879911,286900,23.565998
2013-12-27,8.809912,8.809912,8.679914,8.789913,236500,23.327155
2013-12-26,8.769912,8.859912,8.709913,8.809912,197400,23.380231
2013-12-24,8.719913,8.829912,8.689913,8.759913,146000,23.24754
2013-12-23,8.749913,8.859912,8.669914,8.739913,359300,23.194462
2013-12-20,8.659913,8.769912,8.599914,8.749913,526600,23.221001
2013-12-19,8.819912,8.859912,8.609914,8.649914,177000,22.955619
2013-12-18,8.779912,8.839912,8.609914,8.819912,445100,23.406768
2013-12-17,8.699913,8.799912,8.689913,8.749913,282800,23.221001
2013-12-16,8.719913,8.789913,8.639914,8.719913,326500,23.141386
2013-12-13,8.669914,8.779912,8.649914,8.719913,314600,23.141386
2013-12-12,8.739913,8.759913,8.589914,8.629914,357900,22.902541
2013-12-11,8.99991,8.99991,8.739913,8.769912,538300,23.274077
2013-12-10,9.02991,9.159908,8.96991,8.96991,270200,23.804843
2013-12-09,9.01991,9.079909,8.939911,9.00991,224700,23.910997
2013-12-06,9.129909,9.179909,8.979911,9.02991,399600,23.964073
2013-12-05,8.779912,9.149909,8.679914,9.02991,1064500,23.964073
2013-12-04,8.639914,8.879911,8.579914,8.779912,473900,23.300616
2013-12-03,8.639914,8.719913,8.609914,8.679914,325300,23.035234
2013-12-02,8.679914,8.749913,8.579914,8.619914,286200,22.876004
2013-11-29,8.709913,8.759913,8.609914,8.699913,126800,23.08831
2013-11-27,8.729913,8.769912,8.669914,8.729913,306100,23.167925
2013-11-26,8.779912,8.799912,8.659913,8.699913,503100,23.08831
2013-11-25,8.769912,8.829912,8.719913,8.769912,247000,23.274077
2013-11-22,8.819912,8.879911,8.749913,8.779912,253300,23.300616
2013-11-21,8.779912,8.869912,8.739913,8.819912,500900,23.406768
2013-11-20,8.759913,8.879911,8.729913,8.769912,432200,23.274077
2013-11-19,8.789913,8.869912,8.729913,8.759913,334000,23.24754
2013-11-18,8.799912,8.859912,8.729913,8.769912,244500,23.274077
2013-11-15,8.789913,8.889911,8.729913,8.799912,336700,23.353692
2013-11-14,8.779912,8.909911,8.769912,8.799912,227600,23.353692
2013-11-13,8.689913,8.829912,8.649914,8.759913,170300,23.24754
2013-11-12,8.689913,8.729913,8.629914,8.719913,185300,23.141386
2013-11-11,8.659913,8.799912,8.629914,8.709913,150000,23.114847
2013-11-08,8.769912,8.789913,8.549915,8.699913,334100,23.08831
2013-11-07,8.95991,8.96991,8.769912,8.789913,432600,23.327155
2013-11-06,9.099909,9.149909,8.929911,8.96991,365800,23.804843
2013-11-05,9.069909,9.129909,9.00991,9.04991,547900,24.017149
2013-11-04,9.129909,9.189908,9.069909,9.129909,265200,24.229456
2013-11-01,9.109909,9.199908,9.03991,9.129909,475700,24.229456
2013-10-31,9.199908,9.249908,9.099909,9.139909,479000,24.255994
2013-10-30,8.98991,9.269907,8.939911,9.229908,763400,24.494839
2013-10-29,8.99991,9.00991,8.799912,8.98991,402600,23.857919
2013-10-28,9.499905,9.499905,9.089909,9.109909,613300,23.884458
2013-10-25,9.219908,9.319907,9.109909,9.299907,371700,24.382597
2013-10-24,9.309907,9.309907,9.119909,9.149909,544600,23.98933
2013-10-23,9.249908,9.409906,9.229908,9.279907,415400,24.330162
2013-10-22,9.309907,9.399906,9.199908,9.259908,694300,24.277727
2013-10-21,9.339907,9.379906,9.249908,9.299907,285500,24.382597
2013-10-18,9.429906,9.429906,9.259908,9.339907,644300,24.487469
2013-10-17,9.249908,9.369907,9.229908,9.349906,545800,24.513686
2013-10-16,9.329907,9.389906,9.269907,9.299907,420700,24.382597
2013-10-15,9.299907,9.389906,9.169909,9.299907,372400,24.382597
2013-10-14,9.309907,9.339907,9.169909,9.289908,284400,24.35638
2013-10-11,9.149909,9.279907,9.01991,9.279907,356400,24.330162
2013-10-10,8.96991,9.149909,8.919911,9.149909,1071400,23.98933
2013-10-09,8.829912,8.979911,8.819912,8.929911,329900,23.412538
2013-10-08,8.869912,8.909911,8.759913,8.829912,471100,23.150359
2013-10-07,8.859912,8.939911,8.769912,8.899911,335700,23.333884
2013-10-04,9.00991,9.03991,8.869912,8.939911,318200,23.438755
2013-10-03,9.129909,9.149909,8.899911,8.979911,299400,23.543627
2013-10-02,9.079909,9.199908,9.03991,9.169909,415400,24.041766
2013-10-01,9.099909,9.259908,9.03991,9.109909,414600,23.884458
2013-09-30,9.05991,9.169909,9.01991,9.099909,408000,23.85824
2013-09-27,9.139909,9.229908,9.069909,9.129909,187900,23.936894
2013-09-26,9.099909,9.199908,9.099909,9.189908,208800,24.094201
2013-09-25,9.079909,9.169909,9.04991,9.109909,607300,23.884458
2013-09-24,9.169909,9.199908,9.069909,9.099909,517300,23.85824
2013-09-23,9.309907,9.379906,9.159908,9.189908,313600,24.094201
2013-09-20,9.489905,9.489905,9.289908,9.369907,674400,24.566123
2013-09-19,9.389906,9.489905,9.329907,9.439906,561400,24.749647
2013-09-18,9.109909,9.389906,8.98991,9.379906,380600,24.59234
2013-09-17,9.139909,9.199908,9.089909,9.139909,530600,23.963112
2013-09-16,9.259908,9.329907,9.129909,9.159908,982500,24.015547
2013-09-13,8.949911,9.229908,8.929911,9.149909,965700,23.98933
2013-09-12,8.869912,9.01991,8.859912,8.929911,1100000,23.412538
2013-09-11,8.719913,8.939911,8.689913,8.879911,351800,23.281447
2013-09-10,8.729913,8.769912,8.669914,8.709913,610100,22.835744
2013-09-09,8.649914,8.759913,8.599914,8.719913,645600,22.861962
2013-09-06,8.479916,8.629914,8.409916,8.569914,423200,22.468694
2013-09-05,8.539915,8.549915,8.409916,8.419916,301700,22.075427
2013-09-04,8.469915,8.589914,8.389916,8.559915,322100,22.442477
2013-09-03,8.629914,8.679914,8.299917,8.399916,569100,22.022992
2013-08-30,8.759913,8.829912,8.559915,8.589914,426700,22.521131
2013-08-29,8.769912,8.809912,8.729913,8.779912,259800,23.01927
2013-08-28,9.00991,9.079909,8.739913,8.819912,339100,23.12414
2013-08-27,8.919911,9.00991,8.809912,8.98991,586600,23.569844
2013-08-26,9.00991,9.069909,8.95991,8.98991,518300,23.569844
2013-08-23,8.909911,9.00991,8.859912,9.00991,746900,23.622281
2013-08-22,8.849911,9.02991,8.729913,8.929911,623400,23.412538
2013-08-21,8.739913,8.889911,8.609914,8.809912,515400,23.097923
2013-08-20,8.589914,8.909911,8.589914,8.799912,919200,23.071705
2013-08-19,8.659913,8.829912,8.439916,8.599914,1166800,22.547348
2013-08-16,8.949911,8.949911,8.669914,8.679914,407800,22.757092
2013-08-15,9.00991,9.01991,8.899911,8.96991,494500,23.517408
2013-08-14,8.979911,9.089909,8.949911,9.079909,757200,23.805805
2013-08-13,9.269907,9.269907,8.979911,8.99991,432700,23.596062
2013-08-12,9.259908,9.299907,9.139909,9.249908,399900,24.251508
2013-08-09,9.219908,9.349906,9.179909,9.309907,459500,24.408816
2013-08-08,9.359907,9.359907,9.179909,9.239908,214500,24.22529
2013-08-07,9.409906,9.409906,9.269907,9.299907,258200,24.382597
2013-08-06,9.319907,9.439906,9.299907,9.409906,791700,24.670993
2013-08-05,9.229908,9.319907,9.179909,9.309907,878000,24.408816
2013-08-02,9.299907,9.329907,9.179909,9.259908,396200,24.277727
2013-08-01,9.469905,9.559905,9.249908,9.299907,745500,24.382597
2013-07-31,9.719903,9.759903,9.379906,9.429906,565300,24.72343
2013-07-30,9.939901,9.979901,9.659903,9.719903,420700,25.483747
2013-07-29,10.179899,10.249898,9.849901,9.909901,372300,25.981886
2013-07-26,10.089899,10.159898,10.0099,10.159898,254400,26.348935
2013-07-25,10.139899,10.209898,10.0599,10.149899,346900,26.323002
2013-07-24,10.619894,10.619894,10.179899,10.189898,216600,26.426737
2013-07-23,10.549895,10.639894,10.499895,10.609894,299200,27.515965
2013-07-22,10.469895,10.559895,10.429896,10.519895,178800,27.282559
2013-07-19,10.439896,10.539895,10.439896,10.459895,352500,27.126954
2013-07-18,10.489895,10.509895,10.449896,10.479896,380900,27.178823
2013-07-17,10.449896,10.559895,10.399896,10.469895,467600,27.152889
2013-07-16,10.369897,10.479896,10.359897,10.429896,471300,27.049154
2013-07-15,10.369897,10.419896,10.249898,10.389896,391200,26.945417
2013-07-12,10.579894,10.589894,10.349896,10.369897,345900,26.89355
2013-07-11,10.619894,10.669893,10.529895,10.569894,381800,27.412228
2013-07-10,10.669893,10.699893,10.499895,10.529895,718800,27.308493
2013-07-09,10.409896,10.699893,10.389896,10.679894,232800,27.697504
2013-07-08,10.259898,10.459895,10.259898,10.379896,244700,26.919483
2013-07-05,10.359897,10.419896,10.079899,10.279897,240700,26.660143
2013-07-03,10.349896,10.349896,10.219898,10.259898,168300,26.608276
2013-07-02,10.279897,10.459895,10.239898,10.369897,768600,26.89355
2013-07-01,10.299897,10.329897,10.179899,10.249898,521600,26.582341
2013-06-28,10.209898,10.339897,10.209898,10.229898,429900,26.530474
2013-06-27,10.099899,10.289898,10.089899,10.249898,159800,26.582341
2013-06-26,9.9899,10.089899,9.949901,10.0399,354300,26.037728
2013-06-25,9.719903,9.929901,9.619904,9.919901,272300,25.72652
2013-06-24,9.559905,9.789903,9.419906,9.649904,268400,25.026302
2013-06-21,9.519905,9.689903,9.479906,9.649904,614000,25.026302
2013-06-20,9.679904,9.739903,9.369907,9.459905,506600,24.533555
2013-06-19,10.0199,10.0199,9.759903,9.789903,235800,25.389378
2013-06-18,9.829902,10.0099,9.779902,9.9699,203500,25.856189
2013-06-17,9.929901,9.979901,9.699903,9.809902,182800,25.441246
2013-06-14,9.869902,9.9699,9.709903,9.859902,284600,25.570915
2013-06-13,9.749903,9.859902,9.749903,9.829902,404500,25.493113
2013-06-12,9.939901,9.949901,9.719903,9.779902,300600,25.363444
2013-06-11,10.119899,10.129899,9.899901,9.939901,402100,25.778387
2013-06-10,10.349896,10.349896,10.169899,10.189898,115500,26.426737
2013-06-07,10.369897,10.379896,10.149899,10.319897,225600,26.763878
2013-06-06,10.309897,10.389896,10.179899,10.369897,177900,26.89355
2013-06-05,10.389896,10.419896,10.309897,10.329897,145500,26.789813
2013-06-04,10.669893,10.719893,10.419896,10.419896,158300,27.023219
2013-06-03,10.419896,10.709893,10.419896,10.679894,338900,27.697504
2013-05-31,10.469895,10.599894,10.449896,10.459895,275200,27.126954
2013-05-30,10.779892,10.839892,10.489895,10.519895,174200,27.282559
2013-05-29,10.959891,10.97989,10.669893,10.789892,211500,27.982776
2013-05-28,11.179889,11.279887,10.929891,11.039889,253500,28.631126
2013-05-24,11.07989,11.099889,10.91989,11.069889,317400,28.708928
2013-05-23,11.269888,11.409886,11.099889,11.129889,714100,28.864532
2013-05-22,11.669883,11.769883,11.319887,11.369887,244500,29.486949
2013-05-21,11.559885,11.719883,11.539884,11.709883,272600,30.368705
2013-05-20,11.479885,11.569884,11.439886,11.559885,319700,29.979694
2013-05-17,11.429886,11.489886,11.339887,11.479885,309100,29.772221
2013-05-16,11.329887,11.439886,11.299888,11.349886,215700,29.43508
2013-05-15,11.219888,11.329887,11.179889,11.319887,370400,29.357278
2013-05-14,11.089889,11.219888,11.05989,11.209888,1424000,29.072005
2013-05-13,11.039889,11.099889,10.989891,11.04989,244800,28.657062
2013-05-10,10.939891,11.07989,10.889891,11.01989,337900,28.57926
2013-05-09,10.879891,10.939891,10.809892,10.879891,268900,28.216182
2013-05-08,10.909891,10.99989,10.819892,10.849891,324200,28.13838
2013-05-07,10.849891,10.91989,10.819892,10.909891,253400,28.293984
2013-05-06,10.91989,10.97989,10.849891,10.879891,287300,28.216182
2013-05-03,11.039889,11.099889,10.899891,10.929891,524500,28.345853
2013-05-02,10.939891,11.05989,10.939891,10.99989,407700,28.527391
2013-05-01,10.989891,11.05989,10.869892,10.939891,651500,28.371786
2013-04-30,10.779892,11.129889,10.769893,10.989891,701200,28.501458
2013-04-29,10.439896,10.809892,10.419896,10.749893,484900,27.879041
2013-04-26,10.459895,10.579894,10.379896,10.379896,327100,26.919483
2013-04-25,10.619894,10.689893,10.519895,10.529895,270100,27.049153
2013-04-24,10.719893,10.739893,10.599894,10.629894,293400,27.306029
2013-04-23,10.749893,10.769893,10.619894,10.699893,312000,27.485843
2013-04-22,10.789892,10.789892,10.629894,10.729892,283600,27.562906
2013-04-19,10.769893,10.839892,10.689893,10.749893,338400,27.614282
2013-04-18,10.819892,10.829892,10.689893,10.779892,207200,27.691346
2013-04-17,10.939891,10.939891,10.719893,10.849891,216800,27.871159
2013-04-16,10.779892,10.99989,10.749893,10.99989,229800,28.256475
2013-04-15,10.97989,11.01989,10.769893,10.779892,393000,27.691346
2013-04-12,11.089889,11.129889,10.989891,10.99989,346100,28.256475
2013-04-11,11.159888,11.229887,11.069889,11.089889,276800,28.487665
2013-04-10,11.179889,11.219888,11.07989,11.139888,325400,28.616101
2013-04-09,11.309887,11.309887,11.149889,11.149889,149600,28.641791
2013-04-08,11.129889,11.319887,11.01989,11.309887,276500,29.052794
2013-04-05,10.819892,11.169888,10.819892,11.099889,607500,28.513351
2013-04-04,10.739893,10.96989,10.739893,10.939891,567500,28.102348
2013-04-03,10.689893,10.799893,10.619894,10.719893,695900,27.537219
2013-04-02,10.569894,10.739893,10.569894,10.649894,286600,27.357406
2013-04-01,10.529895,10.549895,10.389896,10.499895,363000,26.97209
2013-03-28,10.569894,10.609894,10.509895,10.529895,200800,27.049153
2013-03-27,10.459895,10.549895,10.439896,10.529895,361900,27.049153
2013-03-26,10.419896,10.499895,10.369897,10.489895,371400,26.946401
2013-03-25,10.499895,10.509895,10.369897,10.399896,349300,26.715213
2013-03-22,10.379896,10.499895,10.349896,10.449896,452800,26.843652
2013-03-21,10.419896,10.499895,10.319897,10.319897,299700,26.50971
2013-03-20,10.599894,10.629894,10.359897,10.429896,1987100,26.792277
2013-03-19,10.729892,10.739893,10.529895,10.539895,173800,27.074841
2013-03-18,10.739893,10.739893,10.669893,10.699893,130700,27.485843
2013-03-15,10.799893,10.809892,10.659893,10.749893,346800,27.614282
2013-03-14,10.729892,10.789892,10.719893,10.769893,129500,27.665659
2013-03-13,10.719893,10.729892,10.619894,10.729892,114000,27.562906
2013-03-12,10.759892,10.759892,10.669893,10.689893,59400,27.460156
2013-03-11,10.839892,10.859892,10.719893,10.779892,185000,27.691346
2013-03-08,10.819892,10.819892,10.669893,10.819892,286800,27.794096
2013-03-07,10.869892,10.879891,10.739893,10.749893,324300,27.614282
2013-03-06,10.97989,10.989891,10.829892,10.849891,169600,27.871159
2013-03-05,10.939891,11.00989,10.899891,10.929891,219100,28.076662
2013-03-04,10.879891,10.97989,10.819892,10.929891,186100,28.076662
2013-03-01,10.859892,10.929891,10.749893,10.879891,233500,27.948222
2013-02-28,11.07989,11.07989,10.899891,10.909891,316500,28.025285
2013-02-27,11.00989,11.149889,11.00989,11.099889,241500,28.513351
2013-02-26,10.94989,11.05989,10.829892,11.02989,309100,28.333538
2013-02-25,11.219888,11.239888,10.94989,10.94989,133400,28.128035
2013-02-22,11.099889,11.209888,11.099889,11.189888,170000,28.744541
2013-02-21,11.119889,11.179889,10.99989,11.039889,249500,28.359225
2013-02-20,11.07989,11.269888,11.04989,11.099889,292500,28.513351
2013-02-19,10.91989,11.119889,10.91989,11.069889,423100,28.436288
2013-02-15,10.91989,10.94989,10.789892,10.879891,227500,27.948222
2013-02-14,10.91989,11.00989,10.849891,10.859892,245300,27.896849
2013-02-13,11.01989,11.04989,10.909891,10.96989,179600,28.179412
2013-02-12,10.939891,10.97989,10.879891,10.97989,184600,28.205098
2013-02-11,10.96989,11.00989,10.849891,10.939891,121200,28.102348
2013-02-08,10.879891,10.97989,10.759892,10.96989,296400,28.179412
2013-02-07,10.789892,10.909891,10.749893,10.879891,173400,27.948222
2013-02-06,10.749893,10.839892,10.729892,10.809892,119900,27.768409
2013-02-05,10.839892,10.849891,10.729892,10.789892,189600,27.717032
2013-02-04,10.939891,11.07989,10.779892,10.829892,330700,27.819785
2013-02-01,10.769893,10.97989,10.739893,10.96989,315600,28.179412
2013-01-31,10.609894,10.759892,10.529895,10.749893,322100,27.614282
2013-01-30,10.809892,10.819892,10.599894,10.619894,179600,27.280343
2013-01-29,10.839892,10.869892,10.769893,10.819892,204900,27.794096
2013-01-28,10.929891,10.97989,10.879891,10.909891,206600,27.768408
2013-01-25,10.769893,10.939891,10.719893,10.929891,436400,27.819314
2013-01-24,10.589894,10.769893,10.579894,10.759892,260900,27.386624
2013-01-23,10.619894,10.699893,10.509895,10.609894,196800,27.004841
2013-01-22,10.619894,10.619894,10.499895,10.549895,236600,26.852127
2013-01-18,10.709893,10.719893,10.529895,10.569894,123500,26.903031
2013-01-17,10.759892,10.809892,10.709893,10.729892,114400,27.310267
2013-01-16,10.749893,10.749893,10.669893,10.709893,110900,27.259365
2013-01-15,10.609894,10.709893,10.539895,10.709893,148800,27.259365
2013-01-14,10.429896,10.589894,10.419896,10.569894,236000,26.903031
2013-01-11,10.559895,10.559895,10.369897,10.419896,341400,26.521248
2013-01-10,10.689893,10.719893,10.539895,10.569894,203400,26.903031
2013-01-09,10.739893,10.759892,10.639894,10.659893,239300,27.132102
2013-01-08,10.869892,10.869892,10.679894,10.719893,177300,27.284816
2013-01-07,10.719893,10.859892,10.679894,10.789892,270400,27.462981
2013-01-04,10.779892,10.789892,10.659893,10.699893,233700,27.23391
2013-01-03,10.729892,10.779892,10.679894,10.699893,196700,27.23391
2013-01-02,10.789892,10.899891,10.669893,10.689893,324400,27.208459
2012-12-31,10.549895,10.649894,10.479896,10.639894,202200,27.081198
2012-12-28,10.499895,10.599894,10.479896,10.529895,155500,26.801223
2012-12-27,10.549895,10.579894,10.389896,10.509895,205500,26.750319
2012-12-26,10.539895,10.569894,10.469895,10.529895,153200,26.801223
2012-12-24,10.489895,10.559895,10.379896,10.529895,98000,26.801223
2012-12-21,10.469895,10.539895,10.419896,10.449896,783500,26.597605
2012-12-20,10.409896,10.539895,10.329897,10.539895,472600,26.826676
2012-12-19,10.439896,10.469895,10.379896,10.389896,266000,26.444892
2012-12-18,10.369897,10.439896,10.329897,10.429896,243700,26.546701
2012-12-17,10.399896,10.439896,10.309897,10.379896,396400,26.419439
2012-12-14,10.239898,10.389896,10.229898,10.389896,744700,26.444892
2012-12-13,10.339897,10.339897,10.209898,10.269897,87500,26.139464
2012-12-12,10.379896,10.379896,10.229898,10.319897,221500,26.266725
2012-12-11,10.439896,10.489895,10.339897,10.389896,265200,26.444892
2012-12-10,10.359897,10.459895,10.309897,10.389896,179300,26.444892
2012-12-07,10.439896,10.439896,10.239898,10.299897,124600,26.215821
2012-12-06,10.309897,10.469895,10.299897,10.389896,228500,26.444892
2012-12-05,10.359897,10.409896,10.219898,10.279897,157700,26.164917
2012-12-04,10.299897,10.379896,10.249898,10.319897,111000,26.266725
2012-12-03,10.379896,10.429896,10.229898,10.309897,123300,26.241274
2012-11-30,10.399896,10.409896,10.249898,10.309897,328300,26.241274
2012-11-29,10.169899,10.499895,10.169899,10.399896,522700,26.470344
2012-11-28,10.0599,10.119899,9.939901,10.099899,147000,25.706776
2012-11-27,10.139899,10.239898,10.0099,10.079899,172400,25.655871
2012-11-26,10.129899,10.279897,9.9999,10.119899,85600,25.757681
2012-11-23,10.149899,10.159898,10.0499,10.139899,66100,25.808585
2012-11-21,10.229898,10.269897,10.089899,10.099899,200300,25.706776
2012-11-20,10.139899,10.209898,10.0099,10.179899,474300,25.910395
2012-11-19,10.139899,10.149899,10.0299,10.129899,359300,25.783132
2012-11-16,9.799902,10.0399,9.739903,10.0199,553300,25.503158
2012-11-15,9.829902,9.879901,9.719903,9.829902,326300,25.019565
2012-11-14,10.099899,10.099899,9.809902,9.869902,176500,25.121375
2012-11-13,10.0599,10.129899,10.0099,10.079899,103500,25.655871
2012-11-12,10.069899,10.129899,10.0399,10.089899,143300,25.681324
2012-11-09,10.139899,10.199898,10.0299,10.079899,151300,25.655871
2012-11-08,10.149899,10.299897,10.129899,10.139899,227700,25.808585
2012-11-07,10.319897,10.349896,10.129899,10.129899,166700,25.783132
2012-11-06,10.459895,10.459895,10.299897,10.389896,120700,26.444892
2012-11-05,10.519895,10.519895,10.349896,10.399896,161200,26.470344
2012-11-02,10.609894,10.699893,10.499895,10.499895,175400,26.724866
2012-11-01,10.569894,10.669893,10.349896,10.539895,246000,26.826676
2012-10-31,10.389896,10.529895,10.339897,10.529895,131500,26.801223
2012-10-26,10.339897,10.629894,10.179899,10.439896,213900,26.317631
2012-10-25,10.459895,10.519895,10.189898,10.359897,259400,26.115964
2012-10-24,10.439896,10.489895,10.309897,10.409896,237700,26.242006
2012-10-23,10.409896,10.429896,10.269897,10.399896,191500,26.216798
2012-10-22,10.509895,10.509895,10.399896,10.459895,280100,26.368048
2012-10-19,10.469895,10.579894,10.399896,10.499895,450000,26.468882
2012-10-18,10.339897,10.589894,10.319897,10.489895,615300,26.443673
2012-10-17,10.389896,10.389896,10.269897,10.329897,150300,26.040338
2012-10-16,10.289898,10.349896,10.209898,10.349896,408400,26.090755
2012-10-15,10.239898,10.359897,10.109899,10.249898,859700,25.838671
2012-10-12,10.199898,10.349896,10.169899,10.209898,504500,25.737836
2012-10-11,10.279897,10.319897,10.169899,10.209898,257900,25.737836
2012-10-10,9.919901,10.259898,9.889901,10.249898,825500,25.838671
2012-10-09,9.9699,10.0099,9.789903,9.889901,851600,24.931166
2012-10-08,10.089899,10.089899,9.949901,9.9899,371900,25.18325
2012-10-05,10.209898,10.279897,10.099899,10.109899,306700,25.485752
2012-10-04,10.419896,10.419896,10.179899,10.199898,426400,25.712629
2012-10-03,10.359897,10.529895,10.319897,10.419896,575900,26.267215
2012-10-02,10.429896,10.479896,10.279897,10.369897,386000,26.141173
2012-10-01,10.91989,10.91989,10.299897,10.429896,1313900,26.292424
2012-09-28,10.909891,10.97989,10.839892,10.899891,334800,27.477221
2012-09-27,11.00989,11.089889,10.899891,10.94989,323700,27.603262
2012-09-26,10.819892,11.01989,10.779892,10.989891,493600,27.704098
2012-09-25,11.10989,11.119889,10.829892,10.829892,405900,27.300763
2012-09-24,11.089889,11.139888,11.02989,11.069889,224000,27.905764
2012-09-21,11.149889,11.269888,11.04989,11.129889,702300,28.057015
2012-09-20,11.129889,11.179889,11.00989,11.05989,548600,27.880556
2012-09-19,11.359887,11.369887,11.159888,11.169888,514600,28.157848
2012-09-18,11.399886,11.419885,11.259887,11.339887,230600,28.586393
2012-09-17,11.429886,11.489886,11.379886,11.389886,242700,28.712434
2012-09-14,11.349886,11.459886,11.329887,11.439886,285000,28.838477
2012-09-13,11.299888,11.359887,11.189888,11.279887,2532800,28.435142
2012-09-12,11.389886,11.389886,11.219888,11.259887,238900,28.384724
2012-09-11,11.419885,11.459886,11.279887,11.349886,175700,28.611601
2012-09-10,11.559885,11.569884,11.419885,11.449885,128400,28.863685
2012-09-07,11.609885,11.619884,11.499885,11.599884,179700,29.241812
2012-09-06,11.639883,11.659883,11.509885,11.559885,235800,29.140979
2012-09-05,11.639883,11.709883,11.529885,11.549885,240000,29.115772
2012-09-04,11.569884,11.629884,11.459886,11.609885,417900,29.267023
2012-08-31,11.579885,11.599884,11.389886,11.559885,940700,29.140979
2012-08-30,11.589884,11.599884,11.489886,11.549885,168300,29.115772
2012-08-29,11.499885,11.599884,11.469885,11.599884,424000,29.241812
2012-08-28,11.429886,11.479885,11.389886,11.479885,345800,28.93931
2012-08-27,11.499885,11.579885,11.409886,11.449885,330200,28.863685
2012-08-24,11.309887,11.469885,11.299888,11.469885,534700,28.914103
2012-08-23,11.219888,11.319887,11.199888,11.289887,227600,28.46035
2012-08-22,11.159888,11.219888,11.04989,11.189888,226400,28.208266
2012-08-21,11.099889,11.159888,11.05989,11.159888,327800,28.13264
2012-08-20,11.139888,11.149889,11.039889,11.05989,200400,27.880556
2012-08-17,11.04989,11.129889,11.01989,11.129889,341400,28.057015
2012-08-16,11.119889,11.139888,11.01989,11.039889,433900,27.830138
2012-08-15,11.04989,11.159888,10.99989,11.159888,341200,28.13264
2012-08-14,11.129889,11.199888,11.02989,11.07989,2707300,27.930974
2012-08-13,11.259887,11.329887,11.189888,11.319887,201800,28.535975
2012-08-10,11.359887,11.429886,11.239888,11.259887,120000,28.384724
2012-08-09,11.359887,11.439886,11.309887,11.389886,118300,28.712434
2012-08-08,11.339887,11.379886,11.219888,11.369887,115700,28.662019
2012-08-07,11.559885,11.559885,11.349886,11.349886,127000,28.611601
2012-08-06,11.569884,11.619884,11.479885,11.489886,135500,28.964521
2012-08-03,11.529885,11.719883,11.509885,11.549885,150100,29.115772
2012-08-02,11.349886,11.509885,11.319887,11.449885,162800,28.863685
2012-08-01,11.759882,11.799883,11.329887,11.389886,203100,28.712434
2012-07-31,11.529885,11.739883,11.529885,11.719883,246700,29.544314
2012-07-30,11.459886,11.629884,11.409886,11.529885,178900,29.065354
2012-07-27,11.269888,11.689883,11.07989,11.449885,134000,28.863685
2012-07-26,11.559885,11.559885,11.309887,11.379886,132400,28.435141
2012-07-25,11.579885,11.619884,11.379886,11.399886,143300,28.485116
2012-07-24,11.699883,11.699883,11.389886,11.499885,161000,28.734985
2012-07-23,11.639883,11.719883,11.579885,11.679884,189200,29.184751
2012-07-20,11.599884,11.789882,11.599884,11.789882,220900,29.459605
2012-07-19,11.759882,11.759882,11.529885,11.639883,127500,29.0848
2012-07-18,11.749883,11.809882,11.619884,11.689883,309600,29.209736
2012-07-17,11.639883,11.779882,11.479885,11.749883,191400,29.359658
2012-07-16,11.399886,11.549885,11.399886,11.539884,288500,28.834932
2012-07-13,11.389886,11.579885,11.339887,11.509885,254500,28.759971
2012-07-12,11.10989,11.419885,11.099889,11.359887,405500,28.385169
2012-07-11,11.259887,11.259887,11.10989,11.199888,212700,27.985375
2012-07-10,11.319887,11.329887,11.179889,11.239888,244300,28.085325
2012-07-09,11.309887,11.359887,11.239888,11.249888,377000,28.110311
2012-07-06,11.319887,11.409886,11.279887,11.339887,149100,28.335194
2012-07-05,11.329887,11.419885,11.299888,11.399886,206100,28.485116
2012-07-03,11.249888,11.369887,11.189888,11.329887,183300,28.310208
2012-07-02,11.139888,11.219888,10.94989,11.219888,311800,28.03535
2012-06-29,10.909891,11.129889,10.879891,11.07989,358900,27.685535
2012-06-28,10.629894,10.719893,10.599894,10.709893,348900,26.761017
2012-06-27,10.699893,10.809892,10.659893,10.699893,407000,26.736028
2012-06-26,10.759892,10.839892,10.669893,10.709893,166200,26.761017
2012-06-25,10.599894,10.759892,10.599894,10.739893,184400,26.835978
2012-06-22,10.779892,10.819892,10.639894,10.759892,366800,26.88595
2012-06-21,10.739893,10.809892,10.729892,10.759892,394800,26.88595
2012-06-20,10.739893,10.859892,10.709893,10.779892,308200,26.935925
2012-06-19,10.779892,10.879891,10.689893,10.729892,295400,26.810989
2012-06-18,10.749893,10.959891,10.719893,10.749893,233500,26.860964
2012-06-15,10.809892,10.859892,10.709893,10.809892,311500,27.010886
2012-06-14,10.549895,10.839892,10.539895,10.829892,326300,27.060861
2012-06-13,10.699893,10.699893,10.469895,10.529895,430800,26.311251
2012-06-12,10.869892,10.929891,10.629894,10.709893,335600,26.761017
2012-06-11,11.199888,11.199888,10.839892,10.849891,228700,27.110833
2012-06-08,10.899891,11.129889,10.859892,11.10989,143100,27.760496
2012-06-07,11.139888,11.209888,10.929891,10.939891,249100,27.335716
2012-06-06,10.959891,11.10989,10.889891,10.99989,243100,27.485638
2012-06-05,10.679894,10.939891,10.639894,10.849891,214500,27.110833
2012-06-04,10.699893,10.859892,10.689893,10.689893,237800,26.711042
2012-06-01,10.829892,10.899891,10.589894,10.649894,173600,26.611095
2012-05-31,10.94989,11.10989,10.829892,11.01989,375500,27.535613
2012-05-30,11.02989,11.119889,10.94989,10.959891,381800,27.385691
2012-05-29,10.989891,11.159888,10.96989,11.089889,160500,27.71052
2012-05-25,11.00989,11.04989,10.909891,10.989891,82500,27.460652
2012-05-24,11.01989,11.069889,10.789892,10.96989,333900,27.410677
2012-05-23,10.96989,11.04989,10.799893,11.01989,145000,27.535613
2012-05-22,11.00989,11.219888,10.99989,11.04989,206900,27.610574
2012-05-21,10.869892,11.039889,10.749893,10.99989,144700,27.485638
2012-05-18,10.97989,11.089889,10.799893,10.859892,224200,27.135822
2012-05-17,11.139888,11.189888,10.99989,11.00989,173900,27.510624
2012-05-16,11.259887,11.269888,11.129889,11.149889,219200,27.860442
2012-05-15,11.239888,11.329887,11.169888,11.209888,226100,28.010364
2012-05-14,11.289887,11.359887,11.219888,11.229887,106200,28.060336
2012-05-11,11.309887,11.419885,11.279887,11.359887,122600,28.385169
2012-05-10,11.519885,11.549885,11.269888,11.409886,286000,28.510102
2012-05-09,11.389886,11.479885,11.299888,11.409886,179200,28.510102
2012-05-08,11.409886,11.549885,11.339887,11.489886,160600,28.709999
2012-05-07,11.349886,11.509885,11.299888,11.489886,144700,28.709999
2012-05-04,11.379886,11.439886,11.239888,11.369887,219600,28.410155
2012-05-03,11.499885,11.519885,11.339887,11.449885,203700,28.610049
2012-05-02,11.199888,11.489886,11.199888,11.489886,215900,28.709999
2012-05-01,11.219888,11.499885,11.179889,11.249888,263000,28.110311
2012-04-30,11.279887,11.409886,11.209888,11.269888,155600,28.160286
2012-04-27,11.269888,11.389886,11.069889,11.319887,211700,28.285219
2012-04-26,11.179889,11.299888,11.00989,11.249888,96100,28.110311
2012-04-25,11.299888,11.339887,11.179889,11.239888,168200,27.910416
2012-04-24,10.859892,11.199888,10.859892,11.199888,182200,27.811089
2012-04-23,10.809892,10.879891,10.729892,10.869892,200000,26.991656
2012-04-20,10.859892,10.989891,10.849891,10.929891,187400,27.140645
2012-04-19,10.709893,10.879891,10.609894,10.749893,185100,26.69368
2012-04-18,10.729892,10.799893,10.649894,10.689893,147800,26.544692
2012-04-17,10.809892,10.869892,10.759892,10.789892,162300,26.793004
2012-04-16,10.669893,10.859892,10.609894,10.719893,189400,26.619186
2012-04-13,10.639894,10.709893,10.569894,10.579894,139000,26.271547
2012-04-12,10.599894,10.769893,10.569894,10.699893,213000,26.569522
