Date,Open,High,Low,Close,Volume,Adj Close
2016-11-25,24.389999,24.559999,24.280001,24.360001,530700,24.360001
2016-11-23,24.40,24.49,24.17,24.27,512700,24.27
2016-11-22,24.139999,24.530001,24.059999,24.48,1000000,24.48
2016-11-21,24.440001,24.49,24.16,24.18,510900,24.18
2016-11-18,24.33,24.41,24.110001,24.290001,816700,24.290001
2016-11-17,23.77,24.379999,23.65,24.34,793600,24.34
2016-11-16,23.610001,23.76,23.450001,23.59,627200,23.59
2016-11-15,23.610001,23.84,23.610001,23.610001,1077900,23.610001
2016-11-14,23.26,23.629999,23.26,23.559999,779200,23.559999
2016-11-11,23.16,23.389999,23.16,23.25,634000,23.25
2016-11-10,23.24,23.440001,23.059999,23.290001,718600,23.290001
2016-11-09,23.110001,23.290001,22.620001,23.18,743100,23.18
2016-11-08,23.59,23.709999,23.280001,23.42,918500,23.42
2016-11-07,23.74,23.790001,23.32,23.65,993700,23.65
2016-11-04,23.60,23.629999,23.40,23.48,1422200,23.48
2016-11-03,23.16,23.959999,22.67,23.57,1681500,23.57
2016-11-02,22.959999,23.16,22.73,22.76,1382800,22.76
2016-11-01,22.98,23.18,22.85,22.93,1280400,22.93
2016-10-31,23.16,23.23,22.93,22.99,1095300,22.99
2016-10-28,23.27,23.49,23.049999,23.09,995300,23.09
2016-10-27,23.799999,23.809999,23.16,23.190001,814300,23.190001
2016-10-26,23.690001,24.02,23.690001,23.809999,647900,23.809999
2016-10-25,23.67,23.860001,23.66,23.77,716500,23.77
2016-10-24,23.52,23.790001,23.52,23.74,690700,23.74
2016-10-21,23.48,23.629999,23.34,23.440001,722100,23.440001
2016-10-20,23.610001,23.700001,23.48,23.540001,587800,23.540001
2016-10-19,23.700001,23.84,23.639999,23.65,434600,23.65
2016-10-18,23.66,23.77,23.620001,23.65,540200,23.65
2016-10-17,23.65,23.77,23.50,23.52,699200,23.52
2016-10-14,23.67,23.959999,23.629999,23.66,595900,23.66
2016-10-13,23.67,23.809999,23.58,23.639999,604000,23.639999
2016-10-12,23.75,23.91,23.75,23.879999,848200,23.879999
2016-10-11,23.889999,23.889999,23.65,23.790001,827400,23.790001
2016-10-10,23.860001,24.030001,23.85,23.99,633400,23.99
2016-10-07,23.90,23.90,23.68,23.799999,940800,23.799999
2016-10-06,23.780001,23.90,23.66,23.860001,610500,23.860001
2016-10-05,23.790001,24.030001,23.76,23.91,970800,23.91
2016-10-04,23.84,23.959999,23.620001,23.639999,1159100,23.639999
2016-10-03,24.01,24.08,23.66,23.85,1563300,23.85
2016-09-30,23.84,24.10,23.41,23.950001,1766400,23.950001
2016-09-29,23.51,23.950001,23.51,23.809999,1496600,23.809999
2016-09-28,23.42,23.68,23.25,23.629999,1237800,23.629999
2016-09-27,23.290001,23.50,23.129999,23.40,1125400,23.40
2016-09-26,23.34,23.40,23.25,23.34,1267300,23.34
2016-09-23,23.58,23.68,23.440001,23.48,1038800,23.48
2016-09-22,23.639999,23.77,23.620001,23.690001,506400,23.690001
2016-09-21,23.60,23.719999,23.280001,23.530001,850600,23.530001
2016-09-20,23.32,23.629999,23.209999,23.40,1861300,23.40
2016-09-19,22.83,23.26,22.83,23.059999,1153200,23.059999
2016-09-16,23.059999,23.059999,22.58,22.700001,2226300,22.700001
2016-09-15,23.16,23.25,22.92,23.129999,1315100,23.129999
2016-09-14,23.35,23.540001,23.16,23.18,1111100,23.18
2016-09-13,23.26,23.40,23.059999,23.190001,1188500,23.190001
2016-09-12,23.059999,23.48,22.969999,23.379999,1534600,23.379999
2016-09-09,23.68,23.799999,23.09,23.120001,2482700,23.120001
2016-09-08,24.08,24.35,23.809999,23.82,1669700,23.82
2016-09-07,24.17,24.360001,24.129999,24.23,1028200,24.23
2016-09-06,24.15,24.219999,23.940001,24.219999,1000400,24.219999
2016-09-02,23.99,24.25,23.90,24.129999,564800,24.129999
2016-09-01,23.66,23.959999,23.620001,23.870001,1183300,23.870001
2016-08-31,23.799999,23.91,23.65,23.66,1096100,23.66
2016-08-30,23.91,23.959999,23.75,23.799999,835700,23.799999
2016-08-29,23.969999,24.129999,23.879999,23.889999,649300,23.889999
2016-08-26,24.00,24.33,23.85,23.93,1495900,23.93
2016-08-25,23.92,24.02,23.84,24.00,701300,24.00
2016-08-24,24.00,24.139999,23.870001,23.92,1152700,23.92
2016-08-23,24.059999,24.459999,23.959999,23.99,942300,23.99
2016-08-22,23.65,23.879999,23.440001,23.85,914900,23.85
2016-08-19,23.639999,23.719999,23.469999,23.610001,456500,23.610001
2016-08-18,23.700001,23.74,23.469999,23.68,581300,23.68
2016-08-17,23.780001,23.84,23.43,23.620001,613500,23.620001
2016-08-16,23.700001,23.91,23.57,23.809999,839800,23.809999
2016-08-15,24.040001,24.15,23.77,23.790001,1382800,23.790001
2016-08-12,24.26,24.299999,24.07,24.08,662500,24.08
2016-08-11,24.15,24.309999,24.08,24.25,964400,24.25
2016-08-10,23.77,24.190001,23.50,24.129999,1355700,24.129999
2016-08-09,23.98,24.129999,23.959999,24.01,1202900,24.01
2016-08-08,24.27,24.34,23.74,24.01,1367800,24.01
2016-08-05,24.290001,24.73,24.219999,24.389999,1633400,24.389999
2016-08-04,25.219999,25.40,24.23,24.290001,3460200,24.290001
2016-08-03,25.950001,26.26,25.860001,26.049999,3113400,26.049999
2016-08-02,26.299999,26.41,25.799999,26.01,3171400,26.01
2016-08-01,26.809999,26.809999,26.389999,26.40,1588300,26.40
2016-07-29,26.879999,26.99,26.75,26.77,788300,26.77
2016-07-28,26.82,27.00,26.719999,26.92,953300,26.92
2016-07-27,26.75,27.00,26.50,26.84,1383900,26.84
2016-07-26,26.32,26.709999,26.27,26.66,828000,26.66
2016-07-25,26.360001,26.469999,26.23,26.280001,566300,26.280001
2016-07-22,26.49,26.49,26.280001,26.370001,618000,26.370001
2016-07-21,26.459999,26.559999,26.32,26.389999,669100,26.389999
2016-07-20,26.299999,26.549999,26.23,26.43,1114400,26.43
2016-07-19,25.84,26.24,25.74,26.139999,1124500,26.139999
2016-07-18,26.32,26.40,25.83,25.93,999800,25.93
2016-07-15,27.09,27.09,26.610001,26.700001,1127100,26.700001
2016-07-14,27.290001,27.459999,27.040001,27.15,666300,27.15
2016-07-13,27.139999,27.32,27.01,27.16,688900,27.16
2016-07-12,26.969999,27.129999,26.82,27.00,667200,27.00
2016-07-11,27.15,27.17,26.940001,26.959999,503800,26.959999
2016-07-08,26.91,27.17,26.870001,27.00,482600,27.00
2016-07-07,26.860001,26.98,26.639999,26.73,532200,26.73
2016-07-06,26.73,27.00,26.719999,26.870001,1093000,26.870001
2016-07-05,26.75,26.84,26.540001,26.799999,701700,26.799999
2016-07-01,26.83,26.93,26.76,26.84,886200,26.84
2016-06-30,26.299999,26.84,26.299999,26.84,836600,26.84
2016-06-29,26.01,26.35,25.870001,26.27,687500,26.27
2016-06-28,25.549999,25.85,25.43,25.83,700400,25.83
2016-06-27,25.950001,25.99,25.280001,25.41,961100,25.41
2016-06-24,26.33,26.60,26.10,26.219999,1201300,26.219999
2016-06-23,27.34,27.469999,27.059999,27.200001,737600,27.200001
2016-06-22,27.10,27.32,27.09,27.16,713700,27.16
2016-06-21,27.24,27.389999,27.07,27.07,633000,27.07
2016-06-20,27.18,27.290001,27.030001,27.110001,619100,27.110001
2016-06-17,27.120001,27.120001,26.799999,26.92,988500,26.92
2016-06-16,27.09,27.299999,27.00,27.18,825600,27.18
2016-06-15,27.440001,27.610001,27.17,27.200001,964600,27.200001
2016-06-14,27.469999,27.639999,27.440001,27.51,547900,27.51
2016-06-13,27.82,27.870001,27.51,27.549999,636900,27.549999
2016-06-10,28.00,28.07,27.790001,27.950001,443100,27.950001
2016-06-09,28.049999,28.290001,28.01,28.200001,721100,28.200001
2016-06-08,28.389999,28.389999,28.09,28.190001,518800,28.190001
2016-06-07,28.280001,28.469999,28.10,28.32,621200,28.32
2016-06-06,28.24,28.309999,28.00,28.280001,812700,28.280001
2016-06-03,28.25,28.35,28.10,28.24,1099800,28.24
2016-06-02,28.01,28.25,28.01,28.23,502300,28.23
2016-06-01,28.09,28.299999,27.940001,28.10,771300,28.10
2016-05-31,27.90,28.24,27.889999,28.190001,733700,28.190001
2016-05-27,27.74,27.99,27.67,27.91,416100,27.91
2016-05-26,27.67,27.780001,27.66,27.709999,461000,27.709999
2016-05-25,27.83,27.93,27.620001,27.68,459200,27.68
2016-05-24,27.26,27.77,27.26,27.690001,512500,27.690001
2016-05-23,27.299999,27.32,27.110001,27.190001,404400,27.190001
2016-05-20,27.059999,27.370001,26.99,27.24,632000,27.24
2016-05-19,26.67,27.059999,26.65,26.91,687100,26.91
2016-05-18,26.639999,27.01,26.50,26.799999,472900,26.799999
2016-05-17,27.030001,27.08,26.65,26.66,745600,26.66
2016-05-16,26.950001,27.27,26.950001,27.08,674400,27.08
2016-05-13,27.200001,27.51,26.82,26.92,973300,26.92
2016-05-12,27.450001,27.610001,27.09,27.25,542800,27.25
2016-05-11,27.459999,27.65,27.40,27.450001,602000,27.450001
2016-05-10,27.26,27.639999,27.209999,27.59,583300,27.59
2016-05-09,26.959999,27.41,26.959999,27.16,546200,27.16
2016-05-06,27.02,27.08,26.60,26.92,990300,26.92
2016-05-05,26.76,27.26,26.00,27.01,1727100,27.01
2016-05-04,27.629999,27.790001,27.40,27.719999,1121900,27.719999
2016-05-03,28.01,28.190001,27.530001,27.780001,970300,27.780001
2016-05-02,27.879999,28.120001,27.82,28.10,493700,28.10
2016-04-29,28.209999,28.23,27.83,27.889999,895300,27.889999
2016-04-28,28.370001,28.52,28.219999,28.27,336800,28.27
2016-04-27,28.190001,28.41,28.139999,28.379999,472500,28.379999
2016-04-26,28.23,28.48,28.15,28.190001,550400,28.190001
2016-04-25,28.10,28.27,28.049999,28.18,400300,28.18
2016-04-22,28.07,28.24,27.969999,28.110001,459400,28.110001
2016-04-21,28.09,28.299999,27.85,28.23,957400,28.23
2016-04-20,28.34,28.35,27.98,28.120001,508800,28.120001
2016-04-19,28.40,28.50,28.059999,28.389999,653900,28.389999
2016-04-18,27.870001,28.40,27.85,28.280001,740200,28.280001
2016-04-15,27.610001,28.09,27.49,28.040001,811600,28.040001
2016-04-14,27.549999,27.67,27.459999,27.540001,483000,27.540001
2016-04-13,27.41,27.66,27.34,27.60,583200,27.60
2016-04-12,27.190001,27.41,27.09,27.290001,737800,27.290001
2016-04-11,27.02,27.40,27.02,27.190001,993400,27.190001
2016-04-08,27.33,27.42,26.879999,27.27,605100,27.27
2016-04-07,27.58,27.58,27.030001,27.23,754800,27.23
2016-04-06,27.299999,27.65,27.24,27.60,630600,27.60
2016-04-05,27.440001,27.559999,27.15,27.25,560800,27.25
2016-04-04,27.719999,27.82,27.379999,27.549999,537300,27.549999
2016-04-01,27.09,27.67,27.030001,27.65,986900,27.65
2016-03-31,27.02,27.360001,26.91,27.190001,1030100,27.190001
2016-03-30,27.25,27.34,27.02,27.059999,640100,27.059999
2016-03-29,26.540001,27.299999,26.540001,27.120001,962100,27.120001
2016-03-28,26.48,26.65,26.25,26.60,1104100,26.60
2016-03-24,26.33,26.389999,26.209999,26.35,386300,26.35
2016-03-23,26.27,26.51,26.09,26.35,611500,26.35
2016-03-22,26.35,26.51,26.190001,26.299999,587500,26.299999
2016-03-21,26.190001,26.42,26.120001,26.370001,718700,26.370001
2016-03-18,26.77,26.77,26.280001,26.32,886000,26.32
2016-03-17,26.07,26.83,26.00,26.709999,1037000,26.709999
2016-03-16,25.91,26.110001,25.610001,26.07,956600,26.07
2016-03-15,26.290001,26.370001,25.91,25.950001,1722200,25.950001
2016-03-14,26.59,26.59,26.17,26.35,1111800,26.35
2016-03-11,26.629999,26.66,26.379999,26.52,801700,26.52
2016-03-10,26.719999,27.040001,26.40,26.440001,806700,26.440001
2016-03-09,26.85,26.879999,26.459999,26.66,566300,26.66
2016-03-08,26.75,26.879999,26.450001,26.77,784700,26.77
2016-03-07,26.98,26.99,26.709999,26.780001,712200,26.780001
2016-03-04,26.90,27.129999,26.85,27.08,666000,27.08
2016-03-03,26.690001,26.90,26.620001,26.870001,614200,26.870001
2016-03-02,26.469999,26.74,26.35,26.67,1173200,26.67
2016-03-01,26.690001,26.84,26.469999,26.58,1100000,26.58
2016-02-29,26.60,26.639999,26.32,26.43,785600,26.43
2016-02-26,26.57,26.790001,26.450001,26.530001,747300,26.530001
2016-02-25,26.23,26.48,25.93,26.469999,1007700,26.469999
2016-02-24,25.82,26.10,25.690001,26.07,1148900,26.07
2016-02-23,26.32,26.41,25.98,26.030001,1598800,26.030001
2016-02-22,26.50,26.860001,26.200001,26.32,1265000,26.32
2016-02-19,26.299999,26.450001,26.01,26.299999,954100,26.299999
2016-02-18,25.889999,26.42,25.889999,26.389999,1326700,26.389999
2016-02-17,25.40,25.82,25.15,25.74,1209300,25.74
2016-02-16,24.98,25.440001,24.84,25.27,1679200,25.27
2016-02-12,24.969999,25.02,24.709999,24.809999,1307700,24.809999
2016-02-11,24.700001,24.84,24.50,24.709999,857100,24.709999
2016-02-10,25.09,25.51,25.02,25.040001,984300,25.040001
2016-02-09,24.73,25.219999,24.65,25.040001,1225100,25.040001
2016-02-08,24.74,25.07,24.27,25.01,1036500,25.01
2016-02-05,24.98,25.90,24.92,25.299999,2123700,25.299999
2016-02-04,23.91,24.040001,23.719999,24.02,661400,24.02
2016-02-03,24.15,24.17,23.67,24.00,767200,24.00
2016-02-02,24.309999,24.35,23.93,23.99,580700,23.99
2016-02-01,23.809999,24.620001,23.809999,24.50,870800,24.50
2016-01-29,23.58,24.07,23.549999,23.92,1984800,23.92
2016-01-28,24.00,24.030001,23.49,23.559999,617400,23.559999
2016-01-27,24.15,24.23,23.629999,23.73,864400,23.73
2016-01-26,23.809999,24.26,23.76,24.190001,723800,24.190001
2016-01-25,24.049999,24.18,23.700001,23.74,834200,23.74
2016-01-22,24.10,24.110001,23.790001,24.07,1087800,24.07
2016-01-21,23.870001,24.02,23.549999,23.77,1280500,23.77
2016-01-20,23.379999,23.92,23.17,23.84,1265900,23.84
2016-01-19,23.60,23.799999,23.42,23.690001,1051400,23.690001
2016-01-15,22.85,23.549999,22.85,23.42,727000,23.42
2016-01-14,23.43,23.549999,22.99,23.41,960100,23.41
2016-01-13,24.09,24.09,23.18,23.299999,635000,23.299999
2016-01-12,23.93,24.049999,23.82,24.02,706600,24.02
2016-01-11,23.59,23.85,23.42,23.719999,756400,23.719999
2016-01-08,23.67,23.780001,23.40,23.43,866700,23.43
2016-01-07,23.549999,24.040001,23.52,23.639999,691000,23.639999
2016-01-06,23.98,24.33,23.82,24.07,614900,24.07
2016-01-05,24.219999,24.67,24.09,24.309999,939600,24.309999
2016-01-04,24.68,24.68,23.99,24.200001,875200,24.200001
2015-12-31,25.120001,25.42,24.98,24.98,468300,24.98
2015-12-30,25.280001,25.48,25.190001,25.219999,417900,25.219999
2015-12-29,24.959999,25.379999,24.92,25.370001,882600,25.370001
2015-12-28,24.719999,24.91,24.540001,24.889999,538000,24.889999
2015-12-24,24.68,24.940001,24.57,24.76,222400,24.76
2015-12-23,24.59,24.809999,24.50,24.700001,598900,24.700001
2015-12-22,24.74,24.75,24.24,24.549999,743800,24.549999
2015-12-21,24.25,24.780001,24.209999,24.60,1007800,24.60
2015-12-18,24.35,24.49,23.940001,24.17,2375500,24.17
2015-12-17,24.98,25.049999,24.34,24.440001,1212100,24.440001
2015-12-16,24.75,24.889999,24.34,24.85,2129600,24.85
2015-12-15,25.200001,25.219999,24.48,24.60,957700,24.60
2015-12-14,24.639999,24.91,24.59,24.90,995100,24.90
2015-12-11,24.889999,24.940001,24.51,24.639999,657100,24.639999
2015-12-10,25.27,25.440001,25.030001,25.17,579400,25.17
2015-12-09,25.290001,25.60,25.120001,25.26,831900,25.26
2015-12-08,25.43,25.469999,25.200001,25.40,658600,25.40
2015-12-07,25.73,25.870001,25.540001,25.610001,854100,25.610001
2015-12-04,24.98,25.809999,24.84,25.75,626900,25.75
2015-12-03,25.610001,25.65,24.76,24.940001,621600,24.940001
2015-12-02,25.43,25.84,25.33,25.59,718300,25.59
2015-12-01,25.35,25.48,25.219999,25.43,1632200,25.43
2015-11-30,25.34,25.34,25.17,25.200001,659800,25.200001
2015-11-27,25.27,25.379999,25.139999,25.280001,358700,25.280001
2015-11-25,25.290001,25.379999,25.10,25.23,432700,25.23
2015-11-24,25.139999,25.33,24.940001,25.27,1017500,25.27
2015-11-23,25.57,25.780001,25.24,25.26,1419300,25.26
2015-11-20,25.17,25.370001,25.049999,25.309999,332500,25.309999
2015-11-19,25.23,25.290001,25.00,25.07,637400,25.07
2015-11-18,25.26,25.27,25.00,25.219999,532100,25.219999
2015-11-17,25.379999,25.469999,25.16,25.209999,632400,25.209999
2015-11-16,24.879999,25.26,24.870001,25.26,589900,25.26
2015-11-13,25.559999,25.57,24.92,24.950001,591300,24.950001
2015-11-12,25.75,25.82,25.559999,25.639999,593200,25.639999
2015-11-11,25.34,25.969999,25.23,25.85,981800,25.85
2015-11-10,24.860001,25.309999,24.860001,25.280001,734600,25.280001
2015-11-09,24.92,25.00,24.68,24.969999,690800,24.969999
2015-11-06,24.92,25.09,24.700001,24.959999,574200,24.959999
2015-11-05,25.41,25.870001,24.690001,24.93,942800,24.93
2015-11-04,24.73,24.84,24.559999,24.84,358200,24.84
2015-11-03,24.75,24.82,24.59,24.700001,360700,24.700001
2015-11-02,24.809999,24.98,24.68,24.790001,699100,24.790001
2015-10-30,24.93,25.10,24.780001,24.780001,936000,24.780001
2015-10-29,24.690001,24.940001,24.66,24.90,654100,24.90
2015-10-28,24.139999,24.860001,24.049999,24.85,626700,24.85
2015-10-27,24.290001,24.40,23.99,24.10,417500,24.10
2015-10-26,24.32,24.49,24.16,24.35,360000,24.35
2015-10-23,23.91,24.32,23.870001,24.280001,440400,24.280001
2015-10-22,23.68,23.93,23.620001,23.780001,529700,23.780001
2015-10-21,24.09,24.209999,23.50,23.59,633500,23.59
2015-10-20,23.940001,24.07,23.73,24.01,597300,24.01
2015-10-19,24.18,24.459999,23.93,24.00,928400,24.00
2015-10-16,23.950001,24.309999,23.84,24.25,590000,24.25
2015-10-15,23.969999,24.200001,23.870001,23.940001,662800,23.940001
2015-10-14,24.32,24.34,23.91,23.940001,358800,23.940001
2015-10-13,24.219999,24.42,24.18,24.32,501700,24.32
2015-10-12,24.469999,24.469999,24.25,24.309999,448700,24.309999
2015-10-09,24.15,24.549999,24.10,24.43,346000,24.43
2015-10-08,24.00,24.32,23.83,24.120001,767200,24.120001
2015-10-07,23.51,24.08,23.50,24.049999,648900,24.049999
2015-10-06,23.68,23.780001,23.290001,23.42,879500,23.42
2015-10-05,23.559999,23.780001,23.52,23.66,1086200,23.66
2015-10-02,23.51,23.540001,23.08,23.51,889400,23.51
2015-10-01,23.549999,23.799999,23.280001,23.709999,663000,23.709999
2015-09-30,22.82,23.700001,22.75,23.610001,1009100,23.610001
2015-09-29,22.57,22.690001,22.35,22.50,638900,22.50
2015-09-28,22.93,22.99,22.540001,22.58,488200,22.58
2015-09-25,23.190001,23.379999,22.940001,23.030001,390300,23.030001
2015-09-24,23.10,23.10,22.799999,23.01,565600,23.01
2015-09-23,23.26,23.32,23.139999,23.200001,466600,23.200001
2015-09-22,23.17,23.42,22.950001,23.26,966900,23.26
2015-09-21,23.25,23.629999,23.24,23.469999,514500,23.469999
2015-09-18,23.17,23.530001,23.02,23.120001,1131000,23.120001
2015-09-17,23.309999,23.75,23.299999,23.459999,605800,23.459999
2015-09-16,22.98,23.35,22.98,23.27,719700,23.27
2015-09-15,22.969999,23.09,22.879999,23.00,632800,23.00
2015-09-14,23.01,23.08,22.82,22.84,367500,22.84
2015-09-11,22.809999,23.049999,22.65,22.99,304700,22.99
2015-09-10,22.77,23.049999,22.77,22.93,443800,22.93
2015-09-09,23.059999,23.209999,22.799999,22.82,459400,22.82
2015-09-08,22.65,22.940001,22.549999,22.90,539000,22.90
2015-09-04,22.370001,22.58,22.200001,22.33,465500,22.33
2015-09-03,22.74,22.98,22.559999,22.610001,674400,22.610001
2015-09-02,22.65,22.77,22.389999,22.700001,649000,22.700001
2015-09-01,22.65,22.790001,22.360001,22.450001,573100,22.450001
2015-08-31,23.309999,23.41,22.889999,23.00,569700,23.00
2015-08-28,22.92,23.440001,22.84,23.43,625500,23.43
2015-08-27,22.82,23.24,22.719999,23.059999,1185700,23.059999
2015-08-26,22.24,22.84,22.049999,22.780001,1369100,22.780001
2015-08-25,22.219999,22.389999,21.860001,21.879999,1478900,21.879999
2015-08-24,21.129999,21.950001,20.950001,21.459999,1263600,21.459999
2015-08-21,22.27,22.360001,22.030001,22.049999,883300,22.049999
2015-08-20,22.58,22.620001,22.360001,22.389999,515700,22.389999
2015-08-19,22.629999,22.90,22.389999,22.75,704500,22.75
2015-08-18,22.82,22.950001,22.68,22.700001,466200,22.700001
2015-08-17,22.60,22.799999,22.32,22.799999,439700,22.799999
2015-08-14,22.700001,22.809999,22.469999,22.620001,534000,22.620001
2015-08-13,22.84,22.860001,22.66,22.74,270500,22.74
2015-08-12,22.870001,22.959999,22.48,22.76,381300,22.76
2015-08-11,22.59,22.969999,22.57,22.870001,718900,22.870001
2015-08-10,22.90,23.129999,22.74,22.75,473800,22.75
2015-08-07,22.66,22.889999,22.469999,22.84,728300,22.84
2015-08-06,23.700001,23.700001,22.66,22.68,852700,22.68
2015-08-05,22.65,24.040001,22.620001,23.639999,1377300,23.639999
2015-08-04,22.24,22.360001,22.17,22.25,439600,22.25
2015-08-03,22.200001,22.290001,22.07,22.27,604000,22.27
2015-07-31,22.040001,22.379999,21.93,22.209999,695700,22.209999
2015-07-30,21.33,22.209999,21.33,22.030001,667100,22.030001
2015-07-29,21.370001,21.889999,21.32,21.77,830700,21.77
2015-07-28,21.99,21.99,21.27,21.35,850700,21.35
2015-07-27,21.639999,21.639999,21.360001,21.51,463100,21.51
2015-07-24,21.92,21.92,21.709999,21.74,330900,21.74
2015-07-23,22.08,22.10,21.84,21.91,365200,21.91
2015-07-22,21.940001,22.10,21.82,22.030001,445200,22.030001
2015-07-21,22.01,22.139999,21.879999,21.940001,504500,21.940001
2015-07-20,22.030001,22.07,21.98,22.01,329500,22.01
2015-07-17,22.00,22.08,21.85,22.01,671400,22.01
2015-07-16,22.15,22.200001,21.93,21.99,425200,21.99
2015-07-15,21.75,22.139999,21.65,22.01,714500,22.01
2015-07-14,21.74,21.950001,21.540001,21.790001,620800,21.790001
2015-07-13,21.73,21.82,21.639999,21.709999,379600,21.709999
2015-07-10,21.379999,21.629999,21.299999,21.59,397000,21.59
2015-07-09,21.67,21.76,21.200001,21.219999,800900,21.219999
2015-07-08,21.559999,21.67,21.34,21.469999,800500,21.469999
2015-07-07,21.68,21.75,21.42,21.75,730500,21.75
2015-07-06,21.309999,21.639999,21.309999,21.629999,782100,21.629999
2015-07-02,21.629999,21.68,21.40,21.459999,616700,21.459999
2015-07-01,21.41,21.629999,21.35,21.620001,772500,21.620001
2015-06-30,21.59,21.59,21.190001,21.33,793900,21.33
2015-06-29,21.60,21.709999,21.41,21.43,590700,21.43
2015-06-26,21.540001,21.90,21.469999,21.780001,2676500,21.780001
2015-06-25,21.68,21.77,21.469999,21.540001,542300,21.540001
2015-06-24,21.85,21.90,21.629999,21.65,319800,21.65
2015-06-23,21.950001,22.030001,21.75,21.83,552400,21.83
2015-06-22,21.93,22.139999,21.799999,21.959999,335900,21.959999
2015-06-19,21.639999,21.83,21.530001,21.799999,724500,21.799999
2015-06-18,21.610001,21.76,21.58,21.60,700300,21.60
2015-06-17,21.85,21.90,21.60,21.620001,661000,21.620001
2015-06-16,21.629999,21.91,21.629999,21.84,321100,21.84
2015-06-15,21.90,21.90,21.51,21.67,428400,21.67
2015-06-12,21.93,22.09,21.870001,21.99,288600,21.99
2015-06-11,22.25,22.370001,22.01,22.040001,560900,22.040001
2015-06-10,21.93,22.32,21.93,22.16,699900,22.16
2015-06-09,22.08,22.110001,21.870001,21.879999,677200,21.879999
2015-06-08,22.52,22.549999,22.07,22.09,665500,22.09
2015-06-05,22.809999,22.809999,22.459999,22.49,463700,22.49
2015-06-04,22.84,22.950001,22.73,22.809999,342500,22.809999
2015-06-03,22.799999,23.00,22.690001,22.90,301000,22.90
2015-06-02,22.690001,22.85,22.440001,22.82,427800,22.82
2015-06-01,22.60,22.870001,22.43,22.790001,493200,22.790001
2015-05-29,22.540001,22.60,22.370001,22.49,537700,22.49
2015-05-28,22.610001,22.799999,22.530001,22.57,427800,22.57
2015-05-27,22.59,22.75,22.540001,22.67,654000,22.67
2015-05-26,22.74,22.82,22.459999,22.559999,716300,22.559999
2015-05-22,22.92,23.01,22.84,22.860001,299700,22.860001
2015-05-21,23.309999,23.309999,22.959999,23.00,432200,23.00
2015-05-20,23.280001,23.360001,23.190001,23.24,348100,23.24
2015-05-19,23.280001,23.370001,23.209999,23.290001,402300,23.290001
2015-05-18,23.129999,23.35,22.950001,23.309999,345700,23.309999
2015-05-15,23.200001,23.25,23.030001,23.209999,301400,23.209999
2015-05-14,23.110001,23.18,22.91,23.15,374400,23.15
2015-05-13,22.790001,23.07,22.76,22.969999,500700,22.969999
2015-05-12,22.67,22.870001,22.530001,22.76,353600,22.76
2015-05-11,22.629999,22.92,22.59,22.74,452200,22.74
2015-05-08,22.77,22.98,22.60,22.67,1292000,22.67
2015-05-07,21.940001,22.639999,21.860001,22.57,712800,22.57
2015-05-06,22.32,22.34,21.90,21.940001,265000,21.940001
2015-05-05,22.76,22.790001,22.18,22.200001,585900,22.200001
2015-05-04,22.27,22.66,22.200001,22.629999,780100,22.629999
2015-05-01,21.780001,22.469999,21.73,22.17,578700,22.17
2015-04-30,22.08,22.23,21.84,21.860001,544700,21.860001
2015-04-29,22.200001,22.34,21.99,22.16,738900,22.16
2015-04-28,21.950001,22.299999,21.950001,22.200001,619200,22.200001
2015-04-27,22.290001,22.34,21.940001,22.01,791400,22.01
2015-04-24,22.50,22.50,22.18,22.290001,422800,22.290001
2015-04-23,22.48,22.639999,22.440001,22.48,945700,22.48
2015-04-22,22.40,22.58,22.25,22.57,1164800,22.57
2015-04-21,22.32,22.450001,22.26,22.33,597400,22.33
2015-04-20,22.209999,22.49,22.209999,22.25,1537600,22.25
2015-04-17,22.43,22.43,22.15,22.16,583900,22.16
2015-04-16,22.379999,22.60,22.299999,22.530001,503100,22.530001
2015-04-15,22.58,22.74,22.450001,22.48,330200,22.48
2015-04-14,22.65,22.879999,22.459999,22.540001,450500,22.540001
2015-04-13,22.700001,22.98,22.65,22.690001,509800,22.690001
2015-04-10,22.60,22.77,22.52,22.75,1546100,22.75
2015-04-09,22.879999,23.02,22.540001,22.57,728100,22.57
2015-04-08,22.719999,23.059999,22.719999,22.879999,609200,22.879999
2015-04-07,22.91,23.059999,22.709999,22.719999,572100,22.719999
2015-04-06,22.99,23.26,22.860001,22.940001,905900,22.940001
2015-04-02,23.030001,23.23,23.02,23.16,499600,23.16
2015-04-01,23.16,23.27,22.889999,22.98,485000,22.98
2015-03-31,23.35,23.450001,23.17,23.25,413900,23.25
2015-03-30,23.110001,23.49,23.110001,23.42,325000,23.42
2015-03-27,22.860001,23.08,22.700001,23.030001,325000,23.030001
2015-03-26,22.90,23.00,22.690001,22.82,662600,22.82
2015-03-25,23.52,23.530001,22.969999,22.98,394200,22.98
2015-03-24,23.790001,23.799999,23.50,23.52,591900,23.52
2015-03-23,23.639999,23.780001,23.639999,23.76,506400,23.76
2015-03-20,23.76,23.82,23.65,23.690001,1970300,23.690001
2015-03-19,23.74,23.799999,23.66,23.67,678000,23.67
2015-03-18,23.559999,23.77,23.48,23.709999,1224000,23.709999
2015-03-17,23.719999,23.76,23.389999,23.60,1481600,23.60
2015-03-16,22.700001,23.74,22.59,23.709999,1291500,23.709999
2015-03-13,22.370001,22.66,22.309999,22.639999,619000,22.639999
2015-03-12,22.299999,22.49,22.299999,22.41,378400,22.41
2015-03-11,22.389999,22.549999,22.17,22.26,408700,22.26
2015-03-10,22.59,22.59,22.290001,22.389999,566300,22.389999
2015-03-09,22.17,22.82,22.049999,22.77,826100,22.77
2015-03-06,22.200001,22.33,22.049999,22.129999,529700,22.129999
2015-03-05,22.280001,22.450001,22.129999,22.35,437800,22.35
2015-03-04,22.58,22.620001,22.24,22.280001,662300,22.280001
2015-03-03,22.57,22.639999,22.379999,22.59,595000,22.59
2015-03-02,22.299999,22.77,22.27,22.67,855500,22.67
2015-02-27,22.48,22.48,22.15,22.219999,467300,22.219999
2015-02-26,22.200001,22.33,22.09,22.190001,421400,22.190001
2015-02-25,22.15,22.25,21.98,22.16,371700,22.16
2015-02-24,21.99,22.15,21.92,22.049999,445300,22.049999
2015-02-23,21.82,22.00,21.75,21.99,421600,21.99
2015-02-20,21.65,21.90,21.60,21.889999,579500,21.889999
2015-02-19,21.91,22.030001,21.68,21.77,1166300,21.77
2015-02-18,21.68,22.030001,21.59,22.01,716300,22.01
2015-02-17,21.450001,21.68,21.41,21.68,416900,21.68
2015-02-13,21.559999,21.629999,21.389999,21.48,410400,21.48
2015-02-12,21.43,21.719999,21.26,21.57,630300,21.57
2015-02-11,21.25,21.50,21.24,21.42,550600,21.42
2015-02-10,21.08,21.280001,21.030001,21.25,390700,21.25
2015-02-09,21.00,21.43,20.950001,21.030001,744800,21.030001
2015-02-06,21.549999,21.85,21.49,21.57,409800,21.57
2015-02-05,20.93,21.52,20.85,21.51,1065600,21.51
2015-02-04,20.48,20.65,20.40,20.50,645200,20.50
2015-02-03,20.35,20.51,20.219999,20.50,388800,20.50
2015-02-02,20.049999,20.26,19.950001,20.23,573600,20.23
2015-01-30,20.290001,20.35,19.99,20.07,908000,20.07
2015-01-29,20.23,20.40,20.040001,20.379999,528200,20.379999
2015-01-28,20.379999,20.41,20.120001,20.200001,327800,20.200001
2015-01-27,20.139999,20.32,19.99,20.219999,977200,20.219999
2015-01-26,20.52,20.52,20.09,20.32,903200,20.32
2015-01-23,20.60,20.65,20.450001,20.50,309800,20.50
2015-01-22,20.549999,20.67,20.41,20.620001,436100,20.620001
2015-01-21,20.549999,20.559999,20.33,20.50,565400,20.50
2015-01-20,20.33,20.610001,20.26,20.57,635900,20.57
2015-01-16,20.190001,20.360001,20.00,20.35,630900,20.35
2015-01-15,20.209999,20.209999,19.969999,20.190001,794500,20.190001
2015-01-14,19.799999,20.110001,19.799999,20.040001,561500,20.040001
2015-01-13,20.01,20.17,19.83,20.030001,988100,20.030001
2015-01-12,19.65,19.950001,19.530001,19.950001,791300,19.950001
2015-01-09,19.76,19.82,19.549999,19.700001,522100,19.700001
2015-01-08,19.43,19.700001,19.34,19.66,513000,19.66
2015-01-07,19.200001,19.23,18.92,19.200001,956500,19.200001
2015-01-06,18.85,19.139999,18.82,19.09,827200,19.09
2015-01-05,18.77,18.99,18.51,18.870001,836100,18.870001
2015-01-02,19.040001,19.17,18.75,18.90,259300,18.90
2014-12-31,19.200001,19.32,18.879999,18.93,528300,18.93
2014-12-30,19.190001,19.309999,19.120001,19.209999,217700,19.209999
2014-12-29,19.08,19.309999,19.02,19.299999,276100,19.299999
2014-12-26,19.190001,19.290001,19.040001,19.049999,171700,19.049999
2014-12-24,19.16,19.299999,19.110001,19.18,184800,19.18
2014-12-23,19.120001,19.389999,19.07,19.18,559000,19.18
2014-12-22,18.969999,19.17,18.92,19.07,476600,19.07
2014-12-19,19.02,19.02,18.860001,18.90,964600,18.90
2014-12-18,18.74,19.059999,18.66,19.040001,731700,19.040001
2014-12-17,18.07,18.610001,17.91,18.540001,849900,18.540001
2014-12-16,17.74,18.139999,17.68,18.01,639600,18.01
2014-12-15,18.01,18.09,17.799999,17.84,609500,17.84
2014-12-12,18.52,18.610001,17.98,17.98,526700,17.98
2014-12-11,18.52,18.85,18.450001,18.620001,816300,18.620001
2014-12-10,18.51,18.58,18.18,18.18,853700,18.18
2014-12-09,18.42,18.620001,18.27,18.51,953500,18.51
2014-12-08,18.77,18.889999,18.48,18.52,1497000,18.52
2014-12-05,18.60,18.84,18.42,18.76,1436100,18.76
2014-12-04,18.27,18.65,18.219999,18.60,692100,18.60
2014-12-03,18.02,18.450001,17.92,18.27,592400,18.27
2014-12-02,18.15,18.23,17.969999,18.09,413800,18.09
2014-12-01,17.90,18.59,17.84,18.209999,1054700,18.209999
2014-11-28,18.030001,18.34,17.98,18.02,420100,18.02
2014-11-26,17.76,18.07,17.74,18.00,492600,18.00
2014-11-25,17.83,17.969999,17.65,17.75,625000,17.75
2014-11-24,17.92,17.98,17.82,17.85,390800,17.85
2014-11-21,17.879999,17.98,17.75,17.85,307100,17.85
2014-11-20,17.67,17.799999,17.67,17.73,319400,17.73
2014-11-19,17.860001,17.959999,17.690001,17.719999,333000,17.719999
2014-11-18,17.99,18.120001,17.889999,17.91,844700,17.91
2014-11-17,17.879999,18.01,17.809999,17.940001,656100,17.940001
2014-11-14,17.860001,17.940001,17.799999,17.879999,561500,17.879999
2014-11-13,17.870001,17.959999,17.75,17.809999,592600,17.809999
2014-11-12,17.99,18.10,17.77,17.91,311500,17.91
2014-11-11,17.969999,18.110001,17.799999,18.030001,521800,18.030001
2014-11-10,17.75,17.950001,17.709999,17.93,413300,17.93
2014-11-07,17.85,17.90,17.73,17.76,925100,17.76
2014-11-06,17.440001,17.93,17.25,17.92,907700,17.92
2014-11-05,17.469999,17.52,17.389999,17.49,454800,17.49
2014-11-04,17.35,17.450001,17.290001,17.43,440500,17.43
2014-11-03,17.66,17.67,17.299999,17.379999,462500,17.379999
2014-10-31,17.450001,17.60,17.360001,17.549999,373400,17.549999
2014-10-30,17.200001,17.41,17.139999,17.33,338200,17.33
2014-10-29,17.40,17.48,17.01,17.200001,838400,17.200001
2014-10-28,16.860001,17.049999,16.790001,16.969999,690400,16.969999
2014-10-27,16.889999,16.950001,16.790001,16.82,327700,16.82
2014-10-24,16.74,17.059999,16.709999,16.98,403900,16.98
2014-10-23,16.75,16.860001,16.74,16.76,416800,16.76
2014-10-22,16.51,16.75,16.49,16.610001,1060800,16.610001
2014-10-21,16.02,16.52,15.97,16.51,390200,16.51
2014-10-20,15.78,15.98,15.78,15.94,884900,15.94
2014-10-17,15.90,15.97,15.72,15.82,954100,15.82
2014-10-16,15.96,16.08,15.70,15.81,699500,15.81
2014-10-15,16.09,16.23,15.89,16.139999,411900,16.139999
2014-10-14,16.129999,16.280001,16.059999,16.190001,560700,16.190001
2014-10-13,16.200001,16.370001,16.059999,16.110001,414200,16.110001
2014-10-10,16.23,16.34,16.049999,16.110001,400100,16.110001
2014-10-09,16.32,16.40,16.190001,16.290001,407400,16.290001
2014-10-08,16.23,16.389999,16.209999,16.379999,415800,16.379999
2014-10-07,16.360001,16.389999,16.24,16.26,591700,16.26
2014-10-06,16.309999,16.40,16.200001,16.360001,392700,16.360001
2014-10-03,16.200001,16.33,16.120001,16.309999,620700,16.309999
2014-10-02,16.139999,16.23,15.90,16.059999,372000,16.059999
2014-10-01,16.290001,16.309999,16.10,16.139999,253800,16.139999
2014-09-30,16.379999,16.50,16.309999,16.32,505100,16.32
2014-09-29,16.299999,16.59,16.299999,16.40,659600,16.40
2014-09-26,16.73,16.809999,16.66,16.719999,368500,16.719999
2014-09-25,16.91,16.91,16.690001,16.73,387100,16.73
2014-09-24,17.02,17.030001,16.85,16.959999,328400,16.959999
2014-09-23,17.26,17.26,17.00,17.059999,554800,17.059999
2014-09-22,17.309999,17.309999,17.10,17.27,383100,17.27
2014-09-19,17.370001,17.40,17.219999,17.299999,1223000,17.299999
2014-09-18,17.09,17.35,17.09,17.290001,523300,17.290001
2014-09-17,17.00,17.15,16.860001,17.059999,506900,17.059999
2014-09-16,17.09,17.110001,16.91,17.00,395200,17.00
2014-09-15,17.209999,17.27,17.00,17.10,479700,17.10
2014-09-12,17.02,17.209999,16.98,17.18,408600,17.18
2014-09-11,17.00,17.18,16.98,17.00,848100,17.00
2014-09-10,17.02,17.190001,16.969999,17.049999,244900,17.049999
2014-09-09,17.209999,17.209999,16.98,17.00,315700,17.00
2014-09-08,17.309999,17.40,17.120001,17.18,257200,17.18
2014-09-05,17.379999,17.51,17.299999,17.34,331900,17.34
2014-09-04,17.540001,17.559999,17.41,17.43,302300,17.43
2014-09-03,17.620001,17.719999,17.459999,17.49,378400,17.49
2014-09-02,17.40,17.75,17.370001,17.530001,378200,17.530001
2014-08-29,17.43,17.469999,17.209999,17.40,456800,17.40
2014-08-28,17.50,17.51,17.34,17.360001,384700,17.360001
2014-08-27,17.59,17.65,17.459999,17.50,487200,17.50
2014-08-26,17.639999,17.799999,17.549999,17.620001,425600,17.620001
2014-08-25,17.91,18.040001,17.559999,17.610001,425300,17.610001
2014-08-22,17.91,17.98,17.610001,17.799999,263500,17.799999
2014-08-21,17.84,18.02,17.709999,17.950001,692400,17.950001
2014-08-20,17.83,17.879999,17.74,17.799999,261800,17.799999
2014-08-19,17.870001,17.90,17.790001,17.879999,261500,17.879999
2014-08-18,17.67,17.860001,17.67,17.780001,358200,17.780001
2014-08-15,17.75,17.82,17.559999,17.610001,633300,17.610001
2014-08-14,17.450001,17.709999,17.450001,17.690001,457900,17.690001
2014-08-13,17.32,17.469999,17.25,17.469999,514700,17.469999
2014-08-12,17.219999,17.35,17.18,17.26,358600,17.26
2014-08-11,17.08,17.309999,17.07,17.24,252600,17.24
2014-08-08,16.83,17.01,16.780001,17.01,341300,17.01
2014-08-07,17.10,17.15,16.799999,16.860001,623300,16.860001
2014-08-06,17.049999,17.17,17.02,17.049999,392100,17.049999
2014-08-05,17.389999,17.42,17.209999,17.209999,454800,17.209999
2014-08-04,17.50,17.60,17.370001,17.49,600200,17.49
2014-08-01,17.68,17.940001,17.459999,17.51,805200,17.51
2014-07-31,17.610001,17.690001,17.450001,17.60,1045100,17.60
2014-07-30,17.66,17.719999,17.57,17.629999,1608200,17.629999
2014-07-29,17.73,17.83,17.59,17.639999,720600,17.639999
2014-07-28,18.00,18.01,17.709999,17.709999,891600,17.709999
2014-07-25,18.129999,18.190001,17.959999,17.98,625500,17.98
2014-07-24,18.25,18.42,18.17,18.24,818300,18.24
2014-07-23,17.93,18.299999,17.93,18.24,536900,18.24
2014-07-22,18.15,18.299999,18.120001,18.27,840400,18.27
2014-07-21,17.98,18.16,17.85,18.049999,947800,18.049999
2014-07-18,17.969999,18.17,17.91,18.040001,814100,18.040001
2014-07-17,18.08,18.23,17.950001,17.98,908900,17.98
2014-07-16,18.110001,18.15,17.92,18.10,463900,18.10
2014-07-15,18.129999,18.18,17.93,18.049999,710800,18.049999
2014-07-14,18.02,18.190001,17.99,18.120001,450800,18.120001
2014-07-11,18.00,18.040001,17.93,18.00,440100,18.00
2014-07-10,17.889999,18.049999,17.799999,18.00,748700,18.00
2014-07-09,18.07,18.16,17.950001,18.049999,673800,18.049999
2014-07-08,17.950001,18.139999,17.870001,18.049999,949100,18.049999
2014-07-07,17.959999,18.030001,17.860001,17.950001,950800,17.950001
2014-07-03,17.98,18.07,17.91,18.049999,1375900,18.049999
2014-07-02,17.92,18.09,17.82,17.92,1012200,17.92
2014-07-01,17.610001,17.92,17.610001,17.85,704600,17.85
2014-06-30,17.40,17.59,17.34,17.530001,804200,17.530001
2014-06-27,17.200001,17.48,17.120001,17.389999,2354700,17.389999
2014-06-26,17.209999,17.26,17.17,17.23,340100,17.23
2014-06-25,17.18,17.27,17.17,17.23,530100,17.23
2014-06-24,17.26,17.370001,17.200001,17.24,502100,17.24
2014-06-23,17.34,17.40,17.24,17.309999,604800,17.309999
2014-06-20,17.110001,17.299999,17.07,17.299999,2267200,17.299999
2014-06-19,17.35,17.40,17.02,17.110001,645200,17.110001
2014-06-18,17.17,17.370001,17.17,17.309999,546300,17.309999
2014-06-17,17.25,17.34,17.15,17.27,491900,17.27
2014-06-16,17.040001,17.25,17.040001,17.219999,611900,17.219999
2014-06-13,17.10,17.17,16.889999,17.030001,595400,17.030001
2014-06-12,17.09,17.200001,17.00,17.07,583200,17.07
2014-06-11,16.92,17.23,16.889999,17.15,560400,17.15
2014-06-10,17.059999,17.16,16.92,16.969999,794000,16.969999
2014-06-09,16.83,17.17,16.780001,17.07,1826000,17.07
2014-06-06,17.07,17.07,16.889999,16.98,582500,16.98
2014-06-05,16.90,17.040001,16.879999,16.969999,450900,16.969999
2014-06-04,16.870001,17.07,16.84,16.92,532300,16.92
2014-06-03,16.77,17.09,16.68,16.940001,748400,16.940001
2014-06-02,16.84,16.93,16.73,16.85,1091200,16.85
2014-05-30,16.77,16.99,16.67,16.85,1249700,16.85
2014-05-29,16.889999,16.940001,16.74,16.85,564200,16.85
2014-05-28,17.09,17.16,16.76,16.889999,704700,16.889999
2014-05-27,17.27,17.27,17.059999,17.129999,751700,17.129999
2014-05-23,17.129999,17.25,17.09,17.200001,813100,17.200001
2014-05-22,17.139999,17.26,17.129999,17.129999,366200,17.129999
2014-05-21,17.23,17.27,17.10,17.17,535400,17.17
2014-05-20,17.25,17.280001,17.129999,17.209999,351700,17.209999
2014-05-19,17.280001,17.40,17.16,17.299999,385300,17.299999
2014-05-16,17.190001,17.35,17.16,17.27,562800,17.27
2014-05-15,17.209999,17.299999,17.030001,17.17,950700,17.17
2014-05-14,17.040001,17.25,17.02,17.23,918900,17.23
2014-05-13,16.98,17.08,16.860001,17.049999,782900,17.049999
2014-05-12,16.65,16.98,16.639999,16.940001,533000,16.940001
2014-05-09,16.41,16.60,16.25,16.549999,454700,16.549999
2014-05-08,16.40,16.68,16.389999,16.440001,382500,16.440001
2014-05-07,16.10,16.48,16.00,16.469999,664500,16.469999
2014-05-06,17.00,17.50,15.74,16.040001,1929100,16.040001
2014-05-05,17.110001,17.110001,16.879999,16.950001,639200,16.950001
2014-05-02,16.940001,17.280001,16.870001,17.18,678200,17.18
2014-05-01,16.870001,17.030001,16.76,16.889999,394000,16.889999
2014-04-30,16.91,16.99,16.74,16.860001,561400,16.860001
2014-04-29,16.709999,16.91,16.629999,16.889999,545300,16.889999
2014-04-28,16.879999,16.92,16.549999,16.780001,605600,16.780001
2014-04-25,16.969999,17.00,16.620001,16.73,657100,16.73
2014-04-24,17.219999,17.219999,16.99,17.030001,526600,17.030001
2014-04-23,17.27,17.290001,17.139999,17.16,579700,17.16
2014-04-22,17.129999,17.219999,16.98,17.200001,474500,17.200001
2014-04-21,17.309999,17.48,17.120001,17.129999,413300,17.129999
2014-04-17,17.049999,17.32,17.01,17.309999,375700,17.309999
2014-04-16,17.17,17.299999,17.02,17.07,712000,17.07
2014-04-15,17.18,17.200001,16.77,17.110001,1077100,17.110001
2014-04-14,17.02,17.110001,16.91,17.059999,650900,17.059999
2014-04-11,17.190001,17.280001,16.879999,16.940001,1277700,16.940001
2014-04-10,17.51,17.610001,17.200001,17.25,1252400,17.25
2014-04-09,17.32,17.52,17.200001,17.459999,874300,17.459999
2014-04-08,17.43,17.43,17.02,17.24,723700,17.24
2014-04-07,17.379999,17.379999,17.110001,17.190001,714100,17.190001
2014-04-04,17.52,17.59,17.379999,17.379999,831800,17.379999
2014-04-03,17.59,17.74,17.40,17.48,1476200,17.48
2014-04-02,17.58,17.73,17.51,17.66,2260000,17.66
2014-04-01,17.469999,17.559999,17.379999,17.549999,3151800,17.549999
2014-03-31,17.23,17.440001,17.209999,17.42,2592900,17.42
2014-03-28,17.01,17.18,16.940001,17.18,4083300,17.18
2014-03-27,17.09,17.129999,16.889999,16.93,2072800,16.93
2014-03-26,17.200001,17.280001,17.049999,17.09,1350600,17.09
2014-03-25,17.299999,17.34,17.15,17.16,1750400,17.16
2014-03-24,17.33,17.379999,17.200001,17.290001,1029200,17.290001
2014-03-21,17.42,17.48,17.190001,17.23,2238800,17.23
2014-03-20,17.42,17.49,17.27,17.32,1740500,17.32
2014-03-19,17.450001,17.50,17.35,17.42,1050500,17.42
2014-03-18,17.17,17.459999,17.16,17.41,2082000,17.41
2014-03-17,17.00,17.219999,17.00,17.120001,1503600,17.120001
2014-03-14,16.969999,17.040001,16.85,16.98,2234000,16.98
2014-03-13,17.35,17.35,16.950001,16.969999,3137400,16.969999
2014-03-12,17.309999,17.33,17.190001,17.25,1275200,17.25
2014-03-11,17.280001,17.370001,17.23,17.34,2126600,17.34
2014-03-10,17.379999,17.540001,17.129999,17.23,2030900,17.23
2014-03-07,17.530001,17.540001,17.290001,17.370001,1304500,17.370001
2014-03-06,17.40,17.50,17.299999,17.299999,3064400,17.299999
2014-03-05,16.700001,16.790001,16.60,16.709999,3005700,16.709999
2014-03-04,16.60,17.040001,16.59,16.75,2210800,16.75
2014-03-03,16.549999,16.58,16.280001,16.549999,4143600,16.549999
2014-02-28,16.25,16.690001,16.25,16.68,1992700,16.68
2014-02-27,16.309999,16.360001,16.040001,16.35,1421700,16.35
2014-02-26,16.290001,16.33,16.07,16.18,1803000,16.18
2014-02-25,15.98,16.360001,15.85,16.360001,2118700,16.360001
2014-02-24,15.78,16.030001,15.72,16.00,1985300,16.00
2014-02-21,15.45,15.61,15.36,15.50,643000,15.50
2014-02-20,15.52,15.58,15.24,15.44,1479900,15.44
2014-02-19,15.40,15.49,15.10,15.30,2444400,15.30
2014-02-18,15.08,15.15,14.97,15.11,1583900,15.11
2014-02-14,14.94,15.13,14.93,15.09,1801800,15.09
2014-02-13,14.56,15.02,14.54,14.97,1906200,14.97
2014-02-12,14.60,14.70,14.51,14.61,1996700,14.61
2014-02-11,14.51,14.65,14.47,14.53,3982400,14.53
2014-02-10,14.48,14.75,14.31,14.50,6177800,14.50
2014-02-07,14.10,15.50,13.68,14.28,23150700,14.28
2014-02-06,17.049999,17.25,17.049999,17.23,892500,17.23
2014-02-05,16.879999,17.17,16.719999,17.040001,1400200,17.040001
2014-02-04,16.889999,17.040001,16.790001,16.959999,1615800,16.959999
2014-02-03,17.00,17.10,16.83,16.969999,2466200,16.969999
2014-01-31,16.92,17.110001,16.85,16.969999,1726700,16.969999
2014-01-30,16.99,17.09,16.959999,17.02,1865300,17.02
2014-01-29,16.77,16.93,16.709999,16.879999,1242400,16.879999
2014-01-28,16.59,16.85,16.540001,16.84,1021500,16.84
2014-01-27,16.76,16.77,16.57,16.58,710900,16.58
2014-01-24,16.799999,16.799999,16.530001,16.690001,1034100,16.690001
2014-01-23,16.459999,17.08,16.110001,16.950001,2767800,16.950001
2014-01-22,18.059999,18.110001,17.43,17.450001,1183500,17.450001
2014-01-21,18.17,18.209999,17.969999,18.00,1194200,18.00
2014-01-17,18.09,18.16,17.959999,18.120001,1138000,18.120001
2014-01-16,18.190001,18.200001,18.08,18.09,423600,18.09
2014-01-15,18.200001,18.290001,18.15,18.25,551600,18.25
2014-01-14,18.040001,18.27,18.040001,18.18,653400,18.18
2014-01-13,17.940001,18.200001,17.940001,18.049999,995500,18.049999
2014-01-10,18.01,18.10,17.969999,18.040001,827900,18.040001
2014-01-09,18.110001,18.139999,17.959999,18.00,575400,18.00
2014-01-08,18.01,18.15,17.940001,18.040001,546500,18.040001
2014-01-07,18.07,18.139999,17.969999,18.01,1084900,18.01
2014-01-06,17.940001,18.049999,17.719999,18.049999,1684300,18.049999
2014-01-03,18.299999,18.299999,17.809999,17.92,1313700,17.92
2014-01-02,18.35,18.370001,18.07,18.23,1672100,18.23
2013-12-31,18.41,18.559999,18.309999,18.370001,894600,18.370001
2013-12-30,18.049999,18.34,17.969999,18.290001,567600,18.290001
2013-12-27,17.700001,18.18,17.700001,18.030001,812500,18.030001
2013-12-26,18.09,18.25,17.99,18.030001,941400,18.030001
2013-12-24,17.85,18.02,17.780001,17.969999,435000,17.969999
2013-12-23,17.85,17.950001,17.75,17.780001,915900,17.780001
2013-12-20,17.25,17.889999,17.08,17.719999,2486300,17.719999
2013-12-19,17.389999,17.60,17.370001,17.41,1462400,17.41
2013-12-18,17.27,17.440001,17.08,17.40,2161700,17.40
2013-12-17,17.52,17.540001,17.10,17.200001,7237300,17.200001
2013-12-16,17.60,17.700001,17.50,17.50,1563800,17.50
2013-12-13,17.959999,18.00,17.58,17.60,902700,17.60
2013-12-12,18.059999,18.15,17.92,17.969999,744500,17.969999
2013-12-11,18.33,18.34,18.110001,18.120001,551700,18.120001
2013-12-10,18.360001,18.379999,18.27,18.309999,655400,18.309999
2013-12-09,18.280001,18.40,18.139999,18.360001,570500,18.360001
2013-12-06,18.110001,18.32,18.040001,18.309999,720100,18.309999
2013-12-05,18.18,18.219999,17.98,18.02,387700,18.02
2013-12-04,18.120001,18.24,17.959999,18.23,1586800,18.23
2013-12-03,17.950001,18.17,17.90,18.16,1220500,18.16
2013-12-02,17.90,18.09,17.799999,17.99,2543300,17.99
2013-11-29,17.92,17.98,17.82,17.90,297600,17.90
2013-11-27,17.90,17.92,17.620001,17.889999,690000,17.889999
2013-11-26,18.15,18.17,17.889999,17.889999,4987300,17.889999
2013-11-25,18.030001,18.17,17.959999,18.120001,533300,18.120001
2013-11-22,17.879999,18.07,17.84,18.02,396400,18.02
2013-11-21,18.00,18.110001,17.790001,17.870001,590900,17.870001
2013-11-20,18.07,18.18,17.92,18.00,511400,18.00
2013-11-19,18.25,18.370001,17.969999,18.08,1117800,18.08
2013-11-18,18.280001,18.52,18.129999,18.18,824700,18.18
2013-11-15,18.190001,18.35,18.15,18.26,421200,18.26
2013-11-14,18.190001,18.34,18.07,18.10,765600,18.10
2013-11-13,18.10,18.209999,17.83,18.110001,1189600,18.110001
2013-11-12,17.90,18.01,17.780001,17.950001,713500,17.950001
2013-11-11,17.860001,18.07,17.77,17.940001,1895800,17.940001
2013-11-08,18.25,18.41,17.780001,17.799999,963700,17.799999
2013-11-07,18.00,18.780001,17.51,18.23,2813500,18.23
2013-11-06,19.93,20.299999,19.860001,20.01,989800,20.01
2013-11-05,19.950001,20.059999,19.84,19.92,555700,19.92
2013-11-04,19.98,20.15,19.879999,19.98,465800,19.98
2013-11-01,19.83,20.08,19.790001,19.870001,452500,19.870001
2013-10-31,20.27,20.27,19.809999,19.83,464300,19.83
2013-10-30,20.129999,20.299999,20.07,20.25,717900,20.25
2013-10-29,20.23,20.360001,20.09,20.129999,398600,20.129999
2013-10-28,20.049999,20.25,19.950001,20.18,705500,20.18
2013-10-25,20.16,20.190001,20.00,20.059999,296600,20.059999
2013-10-24,19.969999,20.16,19.91,20.10,245200,20.10
2013-10-23,19.969999,20.10,19.799999,19.99,264500,19.99
2013-10-22,19.940001,20.08,19.85,20.030001,275400,20.030001
2013-10-21,19.76,19.99,19.719999,19.889999,362400,19.889999
2013-10-18,19.91,19.91,19.73,19.799999,297400,19.799999
2013-10-17,19.469999,19.76,19.370001,19.75,246100,19.75
2013-10-16,19.35,19.60,19.309999,19.50,718900,19.50
2013-10-15,19.389999,19.48,19.280001,19.299999,438700,19.299999
2013-10-14,19.370001,19.57,19.27,19.440001,310000,19.440001
2013-10-11,19.299999,19.50,19.26,19.459999,219300,19.459999
2013-10-10,19.110001,19.33,19.110001,19.280001,371800,19.280001
2013-10-09,19.059999,19.15,18.92,18.959999,564900,18.959999
2013-10-08,19.10,19.17,18.99,19.040001,829200,19.040001
2013-10-07,19.09,19.290001,18.969999,19.16,1128800,19.16
2013-10-04,19.00,19.17,19.00,19.120001,549100,19.120001
2013-10-03,19.129999,19.17,18.85,18.950001,507700,18.950001
2013-10-02,19.030001,19.139999,18.83,19.120001,395200,19.120001
2013-10-01,18.870001,19.219999,18.870001,19.219999,523000,19.219999
2013-09-30,18.969999,19.09,18.85,18.879999,850400,18.879999
2013-09-27,19.08,19.219999,19.059999,19.09,393800,19.09
2013-09-26,19.200001,19.290001,19.120001,19.200001,415600,19.200001
2013-09-25,19.10,19.24,19.00,19.190001,708800,19.190001
2013-09-24,19.26,19.290001,19.07,19.120001,701600,19.120001
2013-09-23,19.17,19.290001,19.120001,19.209999,1118600,19.209999
2013-09-20,19.709999,19.77,19.16,19.190001,1748400,19.190001
2013-09-19,19.75,19.799999,19.66,19.73,411300,19.73
2013-09-18,19.809999,19.860001,19.540001,19.67,416400,19.67
2013-09-17,19.530001,19.77,19.450001,19.77,335200,19.77
2013-09-16,19.50,19.67,19.49,19.57,555200,19.57
2013-09-13,19.620001,19.690001,19.33,19.370001,421400,19.370001
2013-09-12,19.60,19.83,19.540001,19.559999,641000,19.559999
2013-09-11,19.41,19.639999,19.379999,19.629999,713400,19.629999
2013-09-10,19.549999,19.73,19.33,19.469999,1323100,19.469999
2013-09-09,19.34,19.65,19.219999,19.50,725400,19.50
2013-09-06,19.60,19.690001,19.379999,19.60,340800,19.60
2013-09-05,19.57,19.719999,19.469999,19.530001,501200,19.530001
2013-09-04,19.60,19.67,19.440001,19.59,575200,19.59
2013-09-03,19.42,19.690001,19.290001,19.610001,1178100,19.610001
2013-08-30,19.389999,19.450001,19.17,19.25,336400,19.25
2013-08-29,19.129999,19.469999,19.110001,19.40,354800,19.40
2013-08-28,19.059999,19.26,18.889999,19.16,294000,19.16
2013-08-27,19.35,19.389999,19.049999,19.10,482500,19.10
2013-08-26,19.700001,19.719999,19.459999,19.530001,314500,19.530001
2013-08-23,19.82,19.83,19.639999,19.73,225100,19.73
2013-08-22,19.700001,19.90,19.620001,19.780001,272000,19.780001
2013-08-21,19.65,19.809999,19.50,19.610001,351000,19.610001
2013-08-20,19.58,19.76,19.58,19.690001,467000,19.690001
2013-08-19,19.299999,19.700001,19.299999,19.530001,1199400,19.530001
2013-08-16,19.15,19.370001,19.08,19.360001,597600,19.360001
2013-08-15,19.370001,19.370001,18.959999,19.110001,680800,19.110001
2013-08-14,19.49,19.559999,19.360001,19.52,285800,19.52
2013-08-13,19.40,19.530001,19.35,19.459999,533900,19.459999
2013-08-12,19.469999,19.59,19.360001,19.389999,464200,19.389999
2013-08-09,19.43,19.559999,19.280001,19.440001,867200,19.440001
2013-08-08,19.450001,19.629999,19.290001,19.469999,527200,19.469999
2013-08-07,20.780001,20.780001,19.23,19.52,2381700,19.52
2013-08-06,21.129999,21.129999,20.85,21.07,468300,21.07
2013-08-05,21.110001,21.25,21.040001,21.10,395000,21.10
2013-08-02,21.040001,21.16,20.93,21.110001,389500,21.110001
2013-08-01,20.43,21.049999,20.379999,21.040001,859200,21.040001
2013-07-31,20.639999,20.719999,20.360001,20.389999,327800,20.389999
2013-07-30,20.68,20.82,20.620001,20.65,393600,20.65
2013-07-29,20.67,20.700001,20.459999,20.610001,353300,20.610001
2013-07-26,21.00,21.040001,20.49,20.66,551700,20.66
2013-07-25,20.959999,21.07,20.889999,21.040001,257200,21.040001
2013-07-24,20.879999,21.02,20.860001,20.969999,418900,20.969999
2013-07-23,21.110001,21.17,20.799999,20.83,501600,20.83
2013-07-22,20.98,21.190001,20.93,21.07,531100,21.07
2013-07-19,20.709999,20.959999,20.709999,20.940001,251000,20.940001
2013-07-18,20.780001,20.969999,20.709999,20.75,348500,20.75
2013-07-17,20.719999,20.82,20.620001,20.73,357200,20.73
2013-07-16,20.85,20.92,20.65,20.709999,537700,20.709999
2013-07-15,21.200001,21.299999,20.82,20.90,1727700,20.90
2013-07-12,20.860001,21.280001,20.76,21.190001,1020000,21.190001
2013-07-11,20.50,20.84,20.50,20.77,522200,20.77
2013-07-10,20.42,20.49,20.219999,20.33,637200,20.33
2013-07-09,20.34,20.459999,20.200001,20.33,509600,20.33
2013-07-08,19.85,20.23,19.83,20.18,744700,20.18
2013-07-05,19.92,19.92,19.67,19.77,424600,19.77
2013-07-03,19.66,19.90,19.549999,19.780001,301900,19.780001
2013-07-02,19.959999,20.129999,19.639999,19.68,828600,19.68
2013-07-01,19.469999,20.290001,19.459999,19.93,1147200,19.93
2013-06-28,19.84,19.950001,19.24,19.24,2783500,19.24
2013-06-27,19.65,19.93,19.559999,19.92,1078100,19.92
2013-06-26,19.52,19.690001,19.42,19.549999,687600,19.549999
2013-06-25,19.459999,19.60,19.34,19.389999,614100,19.389999
2013-06-24,19.129999,19.58,18.91,19.370001,868800,19.370001
2013-06-21,19.07,19.32,18.709999,19.25,3166000,19.25
2013-06-20,19.34,19.35,18.959999,18.98,814000,18.98
2013-06-19,19.690001,19.76,19.40,19.42,725400,19.42
2013-06-18,20.059999,20.219999,19.629999,19.639999,1489000,19.639999
2013-06-17,18.860001,20.25,18.860001,20.09,3250700,20.09
2013-06-14,18.860001,18.959999,18.76,18.83,476700,18.83
2013-06-13,18.92,18.99,18.83,18.93,455800,18.93
2013-06-12,19.15,19.16,18.83,18.90,499900,18.90
2013-06-11,19.17,19.290001,19.049999,19.129999,514600,19.129999
2013-06-10,19.68,19.719999,19.309999,19.309999,655600,19.309999
2013-06-07,19.41,19.709999,19.26,19.690001,637500,19.690001
2013-06-06,19.32,19.43,19.25,19.40,772200,19.40
2013-06-05,19.450001,19.49,19.32,19.32,775600,19.32
2013-06-04,19.469999,19.57,19.379999,19.450001,712500,19.450001
2013-06-03,19.360001,19.559999,19.280001,19.469999,868500,19.469999
2013-05-31,19.469999,19.620001,19.33,19.35,660800,19.35
2013-05-30,19.52,19.629999,19.440001,19.530001,447000,19.530001
2013-05-29,19.559999,19.65,19.41,19.50,462500,19.50
2013-05-28,19.450001,19.719999,19.450001,19.67,534300,19.67
2013-05-24,19.209999,19.34,18.99,19.33,244600,19.33
2013-05-23,19.25,19.389999,19.120001,19.309999,289200,19.309999
2013-05-22,19.450001,19.690001,19.209999,19.32,1119100,19.32
2013-05-21,19.48,19.65,19.41,19.440001,911300,19.440001
2013-05-20,19.459999,19.620001,19.459999,19.51,419400,19.51
2013-05-17,19.40,19.52,19.33,19.52,423800,19.52
2013-05-16,19.440001,19.50,19.32,19.35,579100,19.35
2013-05-15,19.379999,19.469999,19.34,19.42,605900,19.42
2013-05-14,19.34,19.559999,19.32,19.469999,460200,19.469999
2013-05-13,19.370001,19.459999,19.24,19.389999,390100,19.389999
2013-05-10,19.32,19.440001,19.24,19.360001,402400,19.360001
2013-05-09,19.530001,19.610001,19.25,19.299999,446000,19.299999
2013-05-08,19.40,19.559999,19.219999,19.540001,861200,19.540001
2013-05-07,19.299999,19.440001,19.25,19.389999,904600,19.389999
2013-05-06,19.08,19.389999,19.030001,19.299999,801000,19.299999
2013-05-03,19.17,19.40,19.129999,19.280001,684600,19.280001
2013-05-02,18.879999,19.110001,18.530001,19.049999,802900,19.049999
2013-05-01,18.620001,18.809999,18.370001,18.379999,1007500,18.379999
2013-04-30,18.559999,18.68,18.48,18.60,558600,18.60
2013-04-29,18.65,18.68,18.52,18.60,557100,18.60
2013-04-26,18.639999,18.700001,18.41,18.629999,577900,18.629999
2013-04-25,18.530001,18.719999,18.530001,18.68,565600,18.68
2013-04-24,18.549999,18.559999,18.299999,18.549999,840500,18.549999
2013-04-23,18.26,18.469999,18.16,18.440001,679400,18.440001
2013-04-22,17.889999,18.32,17.700001,18.200001,931400,18.200001
2013-04-19,18.00,18.00,17.790001,17.85,715200,17.85
2013-04-18,18.00,18.030001,17.76,18.01,713400,18.01
2013-04-17,18.07,18.07,17.74,18.00,711300,18.00
2013-04-16,17.92,18.139999,17.780001,18.129999,435700,18.129999
2013-04-15,18.16,18.23,17.85,17.860001,696700,17.860001
2013-04-12,18.49,18.58,18.17,18.23,804700,18.23
2013-04-11,18.639999,18.790001,18.559999,18.629999,491500,18.629999
2013-04-10,18.33,18.799999,18.33,18.610001,811000,18.610001
2013-04-09,18.32,18.50,18.23,18.370001,569800,18.370001
2013-04-08,17.870001,18.33,17.84,18.33,910000,18.33
2013-04-05,18.049999,18.049999,17.75,17.90,590600,17.90
2013-04-04,18.25,18.280001,18.09,18.16,778700,18.16
2013-04-03,18.32,18.360001,18.16,18.27,943400,18.27
2013-04-02,18.25,18.48,18.190001,18.27,787300,18.27
2013-04-01,18.139999,18.280001,17.959999,18.219999,635400,18.219999
2013-03-28,18.00,18.209999,17.950001,18.190001,641300,18.190001
2013-03-27,17.879999,17.99,17.790001,17.959999,546600,17.959999
2013-03-26,17.950001,18.049999,17.790001,17.91,845100,17.91
2013-03-25,17.77,17.860001,17.67,17.84,533900,17.84
2013-03-22,17.870001,17.870001,17.66,17.77,630400,17.77
2013-03-21,17.60,17.889999,17.58,17.780001,903300,17.780001
2013-03-20,17.639999,17.76,17.58,17.68,973200,17.68
2013-03-19,17.66,17.690001,17.40,17.530001,1639900,17.530001
2013-03-18,17.709999,17.74,17.540001,17.60,592100,17.60
2013-03-15,17.959999,18.059999,17.73,17.799999,1028100,17.799999
2013-03-14,17.889999,18.09,17.84,17.940001,733400,17.940001
2013-03-13,17.809999,18.00,17.790001,17.91,857400,17.91
2013-03-12,17.969999,18.049999,17.83,17.83,741800,17.83
2013-03-11,17.860001,18.08,17.83,17.969999,1022500,17.969999
2013-03-08,17.98,18.09,17.84,18.01,705300,18.01
2013-03-07,17.99,18.040001,17.84,17.91,676400,17.91
2013-03-06,18.049999,18.16,17.959999,18.030001,952500,18.030001
2013-03-05,17.959999,18.26,17.93,18.049999,1463600,18.049999
2013-03-04,17.719999,18.059999,17.67,18.00,1536700,18.00
2013-03-01,17.559999,17.75,17.43,17.709999,2102500,17.709999
2013-02-28,17.690001,17.719999,17.559999,17.610001,1208500,17.610001
2013-02-27,17.25,18.07,17.200001,17.709999,2684700,17.709999
2013-02-26,17.32,17.41,17.23,17.23,706000,17.23
2013-02-25,17.25,17.610001,17.200001,17.33,1787100,17.33
2013-02-22,17.33,17.379999,17.17,17.23,1212100,17.23
2013-02-21,17.35,17.42,17.049999,17.309999,4201700,17.309999
2013-02-20,17.49,17.58,17.299999,17.48,1485700,17.48
2013-02-19,17.190001,17.50,17.10,17.450001,1196600,17.450001
2013-02-15,17.17,17.299999,17.129999,17.219999,1109700,17.219999
2013-02-14,16.799999,17.209999,16.799999,17.18,1544000,17.18
2013-02-13,16.35,16.950001,16.280001,16.870001,2605500,16.870001
2013-02-12,16.200001,16.48,16.00,16.440001,3592900,16.440001
2013-02-11,16.780001,16.780001,16.67,16.690001,2426300,16.690001
2013-02-08,17.00,17.00,16.52,16.780001,1126400,16.780001
2013-02-07,16.77,16.82,16.639999,16.809999,1122200,16.809999
2013-02-06,16.74,16.809999,16.66,16.77,1032400,16.77
2013-02-05,16.809999,16.85,16.610001,16.74,943400,16.74
2013-02-04,16.780001,16.90,16.690001,16.73,1683300,16.73
2013-02-01,16.90,16.90,16.690001,16.790001,863600,16.790001
2013-01-31,16.68,16.76,16.290001,16.75,1724000,16.75
2013-01-30,16.719999,16.799999,16.639999,16.74,1506000,16.74
2013-01-29,16.889999,16.889999,16.60,16.690001,1065800,16.690001
2013-01-28,16.879999,17.00,16.74,16.93,784900,16.93
2013-01-25,16.75,16.940001,16.690001,16.870001,812800,16.870001
2013-01-24,16.639999,16.860001,16.59,16.790001,1402800,16.790001
2013-01-23,16.690001,16.719999,16.49,16.559999,591100,16.559999
2013-01-22,16.48,16.77,16.48,16.65,566700,16.65
2013-01-18,16.559999,16.68,16.50,16.620001,765300,16.620001
2013-01-17,16.50,16.559999,16.360001,16.530001,792400,16.530001
2013-01-16,16.469999,16.49,16.290001,16.450001,1253300,16.450001
2013-01-15,16.09,16.610001,16.09,16.59,1129500,16.59
2013-01-14,16.40,16.530001,16.27,16.49,1067900,16.49
2013-01-11,16.360001,16.57,16.299999,16.57,1355500,16.57
2013-01-10,16.25,16.27,16.139999,16.25,1604000,16.25
2013-01-09,16.280001,16.299999,15.95,16.23,905400,16.23
2013-01-08,16.049999,16.219999,16.049999,16.219999,817800,16.219999
2013-01-07,15.98,16.16,15.93,16.129999,1018300,16.129999
2013-01-04,15.53,16.219999,15.48,16.110001,1482500,16.110001
2013-01-03,15.53,15.58,15.35,15.46,1766300,15.46
2013-01-02,15.65,15.82,15.39,15.50,1859100,15.50
2012-12-31,15.24,15.52,15.21,15.50,447100,15.50
2012-12-28,15.32,15.43,15.24,15.28,420300,15.28
2012-12-27,15.53,15.60,15.27,15.44,560800,15.44
2012-12-26,15.48,15.54,15.31,15.52,493900,15.52
2012-12-24,15.52,15.60,15.41,15.49,148800,15.49
2012-12-21,15.79,15.79,15.47,15.51,723200,15.51
2012-12-20,16.09,16.200001,15.84,15.88,1110100,15.88
2012-12-19,16.040001,16.25,15.98,16.16,611500,16.16
2012-12-18,15.64,16.08,15.61,16.049999,1158700,16.049999
2012-12-17,15.57,15.68,15.51,15.65,600400,15.65
2012-12-14,15.78,15.96,15.49,15.51,1114200,15.51
2012-12-13,15.47,15.86,15.47,15.72,1248800,15.72
2012-12-12,15.48,15.70,15.35,15.50,2436500,15.50
2012-12-11,15.96,16.09,15.87,15.98,1232200,15.98
2012-12-10,15.80,16.00,15.77,15.91,370900,15.91
2012-12-07,15.90,16.00,15.79,15.82,310400,15.82
2012-12-06,15.76,15.89,15.75,15.87,368800,15.87
2012-12-05,15.88,15.89,15.62,15.75,611800,15.75
2012-12-04,15.71,15.87,15.57,15.81,899800,15.81
2012-12-03,15.94,16.02,15.66,15.71,703200,15.71
2012-11-30,15.91,16.110001,15.91,16.049999,416800,16.049999
2012-11-29,15.68,15.97,15.31,15.93,551700,15.93
2012-11-28,15.53,15.73,15.31,15.70,640400,15.70
2012-11-27,15.62,15.69,15.51,15.60,325100,15.60
2012-11-26,15.45,15.59,15.33,15.59,409500,15.59
2012-11-23,15.45,15.50,15.27,15.39,229600,15.39
2012-11-21,15.33,15.51,15.23,15.43,595800,15.43
2012-11-20,15.52,15.53,15.09,15.31,663600,15.31
2012-11-19,15.56,15.66,15.40,15.48,610700,15.48
2012-11-16,15.47,15.54,15.27,15.52,838100,15.52
2012-11-15,15.54,15.70,15.33,15.42,701000,15.42
2012-11-14,15.79,15.90,15.48,15.61,522100,15.61
2012-11-13,15.87,16.049999,15.75,15.88,463100,15.88
2012-11-12,15.95,15.97,15.78,15.89,281900,15.89
2012-11-09,16.049999,16.07,15.79,15.90,473500,15.90
2012-11-08,16.290001,16.290001,16.02,16.030001,490900,16.030001
2012-11-07,16.360001,16.450001,16.07,16.08,951600,16.08
2012-11-06,16.59,16.74,16.440001,16.51,561400,16.51
2012-11-05,16.309999,16.690001,16.309999,16.530001,703000,16.530001
2012-11-02,16.66,16.75,16.379999,16.50,750000,16.50
2012-11-01,17.73,17.75,16.139999,16.51,2208100,16.51
2012-10-31,17.60,17.92,17.52,17.610001,543200,17.610001
2012-10-26,17.48,17.629999,17.26,17.60,404200,17.60
2012-10-25,17.549999,17.700001,17.42,17.50,517800,17.50
2012-10-24,17.610001,17.610001,17.35,17.360001,418700,17.360001
2012-10-23,17.49,17.559999,17.379999,17.51,601700,17.51
2012-10-22,17.57,17.66,17.49,17.65,632100,17.65
2012-10-19,17.67,17.68,17.459999,17.58,1503800,17.58
2012-10-18,17.66,17.790001,17.60,17.690001,1124200,17.690001
2012-10-17,17.60,17.76,17.469999,17.68,481700,17.68
2012-10-16,17.40,17.75,17.309999,17.559999,1303500,17.559999
2012-10-15,17.190001,17.40,17.16,17.389999,404200,17.389999
2012-10-12,17.209999,17.290001,16.99,17.209999,818100,17.209999
2012-10-11,17.559999,17.74,17.190001,17.190001,1207000,17.190001
2012-10-10,17.42,17.809999,17.33,17.530001,951100,17.530001
2012-10-09,17.49,17.59,17.370001,17.459999,782100,17.459999
2012-10-08,17.42,17.59,17.32,17.559999,627800,17.559999
2012-10-05,17.48,17.52,17.32,17.42,920800,17.42
2012-10-04,17.129999,17.50,17.040001,17.450001,798400,17.450001
2012-10-03,17.01,17.110001,16.91,17.08,711000,17.08
2012-10-02,16.809999,17.01,16.799999,17.01,1329500,17.01
2012-10-01,16.67,16.75,16.530001,16.74,628000,16.74
2012-09-28,16.82,16.84,16.65,16.68,918000,16.68
2012-09-27,16.799999,16.940001,16.780001,16.82,278200,16.82
2012-09-26,16.799999,16.82,16.559999,16.790001,783200,16.790001
2012-09-25,17.18,17.18,16.790001,16.84,484400,16.84
2012-09-24,17.299999,17.299999,17.049999,17.110001,330500,17.110001
2012-09-21,17.200001,17.299999,17.139999,17.26,675900,17.26
2012-09-20,17.10,17.219999,17.02,17.16,357600,17.16
2012-09-19,16.969999,17.110001,16.950001,17.10,337700,17.10
2012-09-18,16.889999,17.030001,16.76,16.98,712000,16.98
2012-09-17,16.93,17.700001,16.90,16.969999,989800,16.969999
2012-09-14,16.860001,17.24,16.860001,17.049999,449800,17.049999
2012-09-13,16.90,17.18,16.83,17.10,448900,17.10
2012-09-12,16.74,17.15,16.74,16.959999,2447000,16.959999
2012-09-11,16.84,16.950001,16.610001,16.709999,485800,16.709999
2012-09-10,16.68,16.84,16.549999,16.719999,1495200,16.719999
2012-09-07,16.700001,16.82,16.48,16.540001,648800,16.540001
2012-09-06,16.360001,16.65,16.280001,16.639999,736800,16.639999
2012-09-05,18.49,18.60,18.40,18.559999,779600,16.32
2012-09-04,18.309999,18.50,18.26,18.50,590600,16.267242
2012-08-31,18.459999,18.559999,18.200001,18.25,914700,16.047414
2012-08-30,18.24,18.32,17.99,18.209999,583900,16.012241
2012-08-29,17.889999,18.00,17.809999,17.940001,510700,15.774828
2012-08-28,17.73,17.90,17.60,17.85,1196800,15.69569
2012-08-27,17.889999,17.940001,17.82,17.879999,317300,15.722069
2012-08-24,17.879999,17.889999,17.700001,17.809999,533300,15.660517
2012-08-23,18.16,18.209999,17.780001,17.889999,728800,15.730862
2012-08-22,18.17,18.17,17.90,18.10,449200,15.915518
2012-08-21,17.950001,18.24,17.90,18.110001,731800,15.924311
2012-08-20,18.10,18.10,17.790001,17.879999,643500,15.722069
2012-08-17,18.08,18.139999,17.99,18.08,1145900,15.897931
2012-08-16,18.360001,18.48,18.17,18.209999,605500,16.012241
2012-08-15,18.10,18.540001,18.059999,18.49,574000,16.258449
2012-08-14,18.32,18.41,18.00,18.08,815900,15.897931
2012-08-13,18.24,18.34,18.02,18.219999,544300,16.021034
2012-08-10,18.16,18.27,18.09,18.25,1115100,16.047414
2012-08-09,18.209999,18.35,18.10,18.219999,1271000,16.021034
2012-08-08,18.18,18.58,18.07,18.280001,1377500,16.073794
2012-08-07,18.540001,18.709999,18.49,18.66,560900,16.407931
2012-08-06,18.559999,18.790001,18.139999,18.52,914900,16.284828
2012-08-03,18.799999,19.52,18.49,18.66,1328800,16.407931
2012-08-02,17.620001,18.559999,17.469999,18.52,1308900,16.284828
2012-08-01,17.459999,17.549999,16.959999,17.15,1207100,15.080173
2012-07-31,17.49,17.799999,17.32,17.42,620100,15.317587
2012-07-30,17.540001,17.690001,17.34,17.459999,824200,15.352758
2012-07-27,17.15,17.76,17.059999,17.60,575500,15.475863
2012-07-26,17.200001,17.280001,16.969999,17.040001,341200,14.98345
2012-07-25,17.07,17.09,16.889999,16.959999,469700,14.913103
2012-07-24,17.15,17.17,16.85,17.01,439600,14.95707
2012-07-23,17.17,17.389999,16.99,17.200001,268900,15.124139
2012-07-20,17.42,17.49,17.35,17.42,569700,15.317587
2012-07-19,17.66,17.700001,17.49,17.50,631900,15.387931
2012-07-18,17.379999,17.75,17.219999,17.709999,456900,15.572586
2012-07-17,17.25,17.469999,17.17,17.42,427700,15.317587
2012-07-16,17.040001,17.23,16.950001,17.23,505100,15.150517
2012-07-13,16.639999,17.18,16.469999,17.139999,1069700,15.071379
2012-07-12,16.32,16.42,16.129999,16.370001,222300,14.394311
2012-07-11,16.41,16.50,16.379999,16.459999,239700,14.473448
2012-07-10,16.360001,16.639999,16.34,16.459999,447700,14.473448
2012-07-09,16.34,16.610001,16.15,16.51,278500,14.517414
2012-07-06,16.66,16.700001,16.459999,16.530001,264000,14.535001
2012-07-05,16.52,16.82,16.52,16.780001,537100,14.754829
2012-07-03,16.709999,16.82,16.629999,16.76,148900,14.737242
2012-07-02,16.620001,16.76,16.35,16.74,412400,14.719655
2012-06-29,16.049999,16.629999,16.040001,16.629999,543100,14.622931
2012-06-28,15.81,15.84,15.65,15.83,233200,13.919483
2012-06-27,15.92,16.059999,15.85,15.94,194600,14.016207
2012-06-26,15.60,15.90,15.48,15.83,692700,13.919483
2012-06-25,15.58,15.60,15.42,15.52,496200,13.646897
2012-06-22,15.77,15.85,15.68,15.73,556800,13.831552
2012-06-21,15.98,16.030001,15.72,15.74,486100,13.840345
2012-06-20,15.76,16.030001,15.71,16.00,592300,14.068966
2012-06-19,15.65,15.86,15.62,15.77,433800,13.866725
2012-06-18,15.42,15.65,15.14,15.64,467200,13.752414
2012-06-15,15.20,15.49,15.20,15.46,396900,13.594138
2012-06-14,15.12,15.31,14.99,15.17,501000,13.339138
2012-06-13,15.23,15.40,14.85,15.07,573600,13.251207
2012-06-12,15.32,16.77,14.90,15.22,358800,13.383104
2012-06-11,15.33,15.40,15.21,15.24,506400,13.40069
2012-06-08,15.02,15.25,14.90,15.20,857800,13.365517
2012-06-07,15.44,15.53,15.04,15.05,312000,13.233621
2012-06-06,15.04,15.29,14.96,15.28,579600,13.435862
2012-06-05,14.97,15.08,14.90,15.01,737000,13.198449
2012-06-04,15.34,15.46,14.96,15.01,911000,13.198449
2012-06-01,15.41,15.48,15.29,15.30,715300,13.453449
2012-05-31,15.94,15.99,15.59,15.59,442200,13.708449
2012-05-30,16.18,16.23,15.92,15.93,851700,14.007414
2012-05-29,16.459999,16.459999,16.24,16.290001,434000,14.323967
2012-05-25,16.360001,16.360001,16.190001,16.25,262400,14.288794
2012-05-24,16.450001,16.450001,16.219999,16.280001,279300,14.315173
2012-05-23,16.459999,16.50,16.139999,16.41,432000,14.429483
2012-05-22,16.309999,16.77,15.92,16.60,531600,14.596552
2012-05-21,16.379999,16.50,16.209999,16.26,604000,14.297587
2012-05-18,16.49,16.52,16.17,16.360001,777200,14.385518
2012-05-17,16.48,16.50,16.309999,16.370001,929300,14.394311
2012-05-16,16.48,16.58,16.379999,16.450001,697200,14.464656
2012-05-15,16.370001,16.469999,16.299999,16.459999,553500,14.473448
2012-05-14,16.26,16.379999,16.17,16.34,585600,14.367932
2012-05-11,16.129999,16.52,16.129999,16.469999,619600,14.482241
2012-05-10,16.15,16.33,16.030001,16.290001,459400,14.323967
2012-05-09,15.94,16.129999,15.81,16.040001,306500,14.104139
2012-05-08,16.10,16.49,15.90,16.09,572600,14.148104
2012-05-07,16.530001,16.620001,16.25,16.280001,737000,14.315173
2012-05-04,16.43,16.65,16.379999,16.52,687300,14.526208
2012-05-03,16.700001,16.700001,16.35,16.49,1161500,14.499828
2012-05-02,16.959999,17.02,15.97,16.51,1854600,14.517414
2012-05-01,16.67,16.90,16.559999,16.77,919900,14.746035
2012-04-30,16.639999,16.799999,16.549999,16.68,656900,14.666897
2012-04-27,16.43,16.700001,16.35,16.610001,401400,14.605346
2012-04-26,16.33,16.629999,16.280001,16.42,523200,14.438276
2012-04-25,16.35,16.620001,16.33,16.35,578400,14.376725
2012-04-24,16.219999,16.450001,16.110001,16.190001,373600,14.236035
2012-04-23,16.110001,16.280001,15.90,16.219999,1084500,14.262414
2012-04-20,16.129999,16.34,16.01,16.299999,1050900,14.332758
2012-04-19,16.209999,16.370001,16.01,16.17,533800,14.218449
2012-04-18,16.059999,16.219999,15.86,16.16,1008200,14.209655
2012-04-17,16.049999,16.17,15.95,16.07,438000,14.130517
2012-04-16,15.93,16.16,15.79,15.97,708100,14.042587
2012-04-13,15.88,15.95,15.74,15.92,665800,13.998621
2012-04-12,15.73,15.95,15.71,15.94,422600,14.016207
