Date,Open,High,Low,Close,Volume,Adj Close
2018-02-02,4.29,4.52,3.9,3.905,558643,3.905
2018-02-01,4.57,4.68,3.71,4.38,1904192,4.38
2018-01-31,4.83,4.99,4.595,4.61,504556,4.61
2018-01-30,4.87,5.14,4.55,4.75,782207,4.75
2018-01-29,5.42,5.42,4.48,5.18,1595833,5.18
2018-01-26,5.26,5.57,5.26,5.4,420389,5.4
2018-01-25,5.8,5.95,5.2241,5.26,884572,5.26
2018-01-24,5.9,5.9,5.5,5.68,546049,5.68
2018-01-23,5.2,5.85,5.15,5.79,818255,5.79
2018-01-22,5.55,5.572,5.09,5.22,868029,5.22
2018-01-19,5.78,5.85,5.432,5.64,701375,5.64
2018-01-18,6.11,6.11,5.5,5.81,959372,5.81
2018-01-17,5.31,6.099,5.3,5.97,1100214,5.97
2018-01-16,6.15,6.74,5.03,5.34,3181263,5.34
2018-01-12,5.5,6.15,5.38,5.87,1521599,5.87
2018-01-11,5.33,5.6,5.15,5.5,659945,5.5
2018-01-10,4.91,5.45,4.6,5.3,831965,5.3
2018-01-09,5.25,5.39,4.56,4.74,1456416,4.74
2018-01-08,4.21,5.12,4.2,5.05,1857809,5.05
2018-01-05,4.4,4.4,4.01,4.14,480084,4.14
2018-01-04,4.42,4.64,4.2,4.26,799354,4.26
2018-01-03,3.9,4.8,3.87,4.38,1809203,4.38
2018-01-02,3.42,3.95,3.16,3.86,1271107,3.86
2017-12-29,3.04,3.84,2.985,3.34,1689734,3.34
2017-12-28,3.1,3.12,2.89,3.04,512633,3.04
2017-12-27,2.6,3.18,2.59,2.98,1445186,2.98
2017-12-26,2.52,2.75,2.52,2.59,615796,2.59
2017-12-22,2.41,2.58,2.36,2.58,638798,2.58
2017-12-21,2.3,2.4,2.23,2.34,304955,2.34
2017-12-20,2.32,2.45,2.11,2.35,1483957,2.35
2017-12-19,2.01,2.0246,1.88,1.93,685019,1.93
2017-12-18,2.35,2.35,1.925,2,1148421,2
2017-12-15,2.39,2.43,2.2,2.35,478760,2.35
2017-12-14,2.49,2.64,2.35,2.39,470224,2.39
2017-12-13,2.39,2.57,2.3876,2.49,612773,2.49
2017-12-12,2.4,2.47,2.28,2.41,475810,2.41
2017-12-11,2.43,2.64,2.2325,2.42,1350090,2.42
2017-12-08,1.92,2.7499,1.805,2.43,4244566,2.43
2017-12-07,1.6,2.3001,1.6,2.01,5355019,2.01
2017-12-06,1.6,1.72,1.45,1.54,1401012,1.54
2017-12-05,1.4,1.78,1.28,1.72,7282238,1.72
2017-12-04,2.44,2.69,2.4,2.48,562161,2.48
2017-12-01,2.4,2.4796,2.33,2.43,400126,2.43
2017-11-30,2.5,2.59,2.261,2.36,473958,2.36
2017-11-29,2.65,2.6932,2.5,2.56,271828,2.56
2017-11-28,2.87,2.9072,2.61,2.65,348898,2.65
2017-11-27,2.71,2.79,2.6553,2.72,270760,2.72
2017-11-24,2.65,2.75,2.65,2.7,130209,2.7
2017-11-22,2.58,2.8383,2.58,2.65,587806,2.65
2017-11-21,3.06,3.1,2.39,2.4969,608181,2.4969
2017-11-20,3.09,3.14,3,3.05,224032,3.05
2017-11-17,2.95,3.1,2.95,3.05,416006,3.05
2017-11-16,2.87,3.05,2.79,2.99,275948,2.99
2017-11-15,2.86,2.92,2.71,2.87,220581,2.87
2017-11-14,2.93,2.95,2.781,2.86,365613,2.86
2017-11-13,2.73,3.0125,2.65,2.85,965481,2.85
2017-11-10,2.52,2.68,2.52,2.66,200102,2.66
2017-11-09,2.57,2.62,2.49,2.54,121358,2.54
2017-11-08,2.6,2.6286,2.51,2.55,128479,2.55
2017-11-07,2.38,2.69,2.38,2.6,608391,2.6
2017-11-06,2.45,2.54,2.38,2.42,116821,2.42
2017-11-03,2.33,2.47,2.31,2.47,147197,2.47
2017-11-02,2.36,2.39,2.2,2.31,180998,2.31
2017-11-01,2.45,2.5,2.365,2.38,107950,2.38
2017-10-31,2.59,2.6297,2.38,2.45,180395,2.45
2017-10-30,2.63,2.6496,2.5196,2.58,93519,2.58
2017-10-27,2.52,2.71,2.48,2.6,142414,2.6
2017-10-26,2.6,2.6,2.4538,2.54,125106,2.54
2017-10-25,2.61,2.67,2.53,2.6,114557,2.6
2017-10-24,2.74,2.74,2.54,2.63,293567,2.63
2017-10-23,2.72,2.73,2.49,2.54,283392,2.54
2017-10-20,2.55,2.78,2.51,2.66,388165,2.66
2017-10-19,2.6,2.6626,2.45,2.49,269664,2.49
2017-10-18,2.3,2.6,2.24,2.51,184496,2.51
2017-10-17,2.25,2.34,2.2,2.29,224381,2.29
2017-10-16,2.5,2.569,2.2401,2.31,319517,2.31
2017-10-13,2.75,2.75,2.52,2.57,230100,2.57
2017-10-12,2.76,2.8,2.6991,2.73,138421,2.73
2017-10-11,2.8,2.85,2.6101,2.76,240636,2.76
2017-10-10,2.69,2.8963,2.6201,2.78,735112,2.78
2017-10-09,2.41,2.63,2.41,2.61,266919,2.61
2017-10-06,2.54,2.6,2.41,2.44,226542,2.44
2017-10-05,2.41,2.51,2.3505,2.43,147952,2.43
2017-10-04,2.34,2.48,2.3056,2.42,291120,2.42
2017-10-03,2.44,2.47,2.3011,2.32,190030,2.32
2017-10-02,2.24,2.59,2.16,2.44,721961,2.44
2017-09-29,2.15,2.2,2.01,2.14,135323,2.14
2017-09-28,2.29,2.29,1.98,2.09,193975,2.09
2017-09-27,2.32,2.3443,2.1701,2.23,200672,2.23
2017-09-26,2.1,2.3499,2.08,2.3,726844,2.3
2017-09-25,1.99,2.1,1.9048,2.04,368451,2.04
2017-09-22,1.91,1.9951,1.88,1.91,99410,1.91
2017-09-21,1.88,2.01,1.8,1.8799,274686,1.8799
2017-09-20,1.72,1.82,1.68,1.75,113399,1.75
2017-09-19,1.69,1.829,1.64,1.74,267516,1.74
2017-09-18,1.75,1.75,1.66,1.68,72772,1.68
2017-09-15,1.66,1.75,1.63,1.75,142264,1.75
2017-09-14,1.73,1.73,1.65,1.67,119121,1.67
2017-09-13,1.74,1.8,1.71,1.73,172266,1.73
2017-09-12,1.8,1.87,1.72,1.75,165206,1.75
2017-09-11,1.8,1.89,1.72,1.72,265340,1.72
2017-09-08,1.77,1.83,1.75,1.8,128678,1.8
2017-09-07,1.77,1.78,1.75,1.77,70172,1.77
2017-09-06,1.75,1.77,1.72,1.76,101236,1.76
2017-09-05,1.75,1.7575,1.73,1.73,57902,1.73
2017-09-01,1.72,1.77,1.72,1.74,72136,1.74
2017-08-31,1.74,1.7705,1.72,1.72,144090,1.72
2017-08-30,1.73,1.77,1.7,1.72,86194,1.72
2017-08-29,1.7,1.771,1.7,1.75,83813,1.75
2017-08-28,1.75,1.75,1.71,1.71,51042,1.71
2017-08-25,1.8,1.8236,1.71,1.75,77278,1.75
2017-08-24,1.73,1.82,1.71,1.79,232028,1.79
2017-08-23,1.76,1.78,1.7,1.72,47190,1.72
2017-08-22,1.775,1.7995,1.7146,1.76,39765,1.76
2017-08-21,1.87,1.87,1.7,1.73,79689,1.73
2017-08-18,1.8,1.88,1.76,1.8,51134,1.8
2017-08-17,1.82,1.86,1.74,1.78,94125,1.78
2017-08-16,1.88,1.88,1.7801,1.84,63731,1.84
2017-08-15,1.81,1.88,1.56,1.81,95701,1.81
2017-08-14,1.71,1.9583,1.51,1.83,356877,1.83
2017-08-11,1.82,1.84,1.68,1.72,174200,1.72
2017-08-10,1.77,1.9367,1.77,1.81,204242,1.81
2017-08-09,1.96,1.97,1.81,1.83,341744,1.83
2017-08-08,1.95,2.23,1.93,1.99,176228,1.99
2017-08-07,2.09,2.1,1.85,1.905,239994,1.905
2017-08-04,2.15,2.1501,1.95,2.11,158084,2.11
2017-08-03,1.82,2.25,1.8138,2.17,304947,2.17
2017-08-02,1.9,1.92,1.8,1.83,167922,1.83
2017-08-01,2.1,2.1,1.8265,1.89,271421,1.89
2017-07-31,2.06,2.089,1.9401,2,158430,2
2017-07-28,2.03,2.1205,2,2.06,137238,2.06
2017-07-27,2.21,2.234,2.01,2.03,269826,2.03
2017-07-26,2.24,2.24,2.17,2.2,90134,2.2
2017-07-25,2.15,2.36,2.08,2.21,453970,2.21
2017-07-24,2.18,2.24,2.05,2.07,183433,2.07
2017-07-21,2.25,2.3399,2.15,2.18,163690,2.18
2017-07-20,2.33,2.35,2.17,2.1907,199329,2.1907
2017-07-19,2.3,2.3874,2.3,2.34,71155,2.34
2017-07-18,2.37,2.411,2.28,2.29,150549,2.29
2017-07-17,2.45,2.45,2.37,2.4,87847,2.4
2017-07-14,2.37,2.43,2.31,2.41,79861,2.41
2017-07-13,2.39,2.415,2.3099,2.36,99032,2.36
2017-07-12,2.45,2.5,2.39,2.39,98856,2.39
2017-07-11,2.41,2.5,2.35,2.38,48996,2.38
2017-07-10,2.45,2.49,2.37,2.39,46118,2.39
2017-07-07,2.46,2.4903,2.33,2.45,56224,2.45
2017-07-06,2.45,2.5,2.36,2.39,92779,2.39
2017-07-05,2.5,2.52,2.45,2.46,121407,2.46
2017-07-03,2.5,2.51,2.38,2.48,36458,2.48
2017-06-30,2.4,2.47,2.37,2.46,53653,2.46
2017-06-29,2.5,2.5,2.35,2.37,81958,2.37
2017-06-28,2.48,2.53,2.44,2.47,92309,2.47
2017-06-27,2.53,2.56,2.4046,2.45,90638,2.45
2017-06-26,2.5,2.55,2.47,2.53,139356,2.53
2017-06-23,2.42,2.51,2.37,2.46,175567,2.46
2017-06-22,2.32,2.47,2.32,2.38,85714,2.38
2017-06-21,2.34,2.41,2.261,2.37,104390,2.37
2017-06-20,2.35,2.47,2.31,2.37,71986,2.37
2017-06-19,2.4,2.4,2.2,2.38,244459,2.38
2017-06-16,2.49,2.545,2.2,2.35,299689,2.35
2017-06-15,2.5,2.54,2.44,2.49,95503,2.49
2017-06-14,2.51,2.61,2.4779,2.53,142218,2.53
2017-06-13,2.48,2.54,2.45,2.52,158225,2.52
2017-06-12,2.44,2.51,2.37,2.45,63257,2.45
2017-06-09,2.7,2.7,2.42,2.45,166221,2.45
2017-06-08,2.42,2.75,2.4,2.67,254321,2.67
2017-06-07,2.34,2.45,2.3,2.38,94055,2.38
2017-06-06,2.41,2.72,2.29,2.34,312987,2.34
2017-06-05,2.42,2.42,2.28,2.3,116339,2.3
2017-06-02,2.36,2.45,2.35,2.42,98731,2.42
2017-06-01,2.27,2.44,2.27,2.34,129493,2.34
2017-05-31,2.43,2.44,2.23,2.27,197418,2.27
2017-05-30,2.51,2.5363,2.38,2.44,136689,2.44
2017-05-26,2.36,2.55,2.32,2.51,194577,2.51
2017-05-25,2.36,2.41,2.26,2.36,136928,2.36
2017-05-24,2.34,2.4158,2.2501,2.35,105801,2.35
2017-05-23,2.32,2.4001,2.2101,2.34,157252,2.34
2017-05-22,2.28,2.32,2.1032,2.32,428474,2.32
2017-05-19,2.52,2.5472,2.4047,2.48,177485,2.48
2017-05-18,2.24,2.62,2.24,2.53,380479,2.53
2017-05-17,2.7,2.74,2.04,2.26,789271,2.26
2017-05-16,2.7,2.7961,2.7,2.72,121842,2.72
2017-05-15,2.75,2.8215,2.7,2.73,119153,2.73
2017-05-12,2.70,2.77,2.67,2.72,120400,2.72
2017-05-11,2.77,2.90,2.70,2.75,181500,2.75
2017-05-10,2.66,2.92,2.66,2.87,144400,2.87
2017-05-09,2.70,2.73,2.63,2.70,194000,2.70
2017-05-08,2.78,2.88,2.65,2.75,341100,2.75
2017-05-05,3.03,3.03,2.71,2.84,400700,2.84
2017-05-04,3.10,3.11,2.90,2.99,258100,2.99
2017-05-03,3.13,3.16,3.02,3.11,155800,3.11
2017-05-02,3.16,3.20,3.05,3.16,153100,3.16
2017-05-01,3.05,3.20,3.04,3.15,266100,3.15
2017-04-28,3.10,3.20,3.05,3.06,229000,3.06
2017-04-27,3.17,3.21,3.04,3.18,517300,3.18
2017-04-26,3.27,3.27,3.11,3.16,378400,3.16
2017-04-25,3.21,3.37,3.19,3.27,542900,3.27
2017-04-24,3.15,3.23,3.11,3.20,348200,3.20
2017-04-21,3.25,3.25,3.05,3.09,275400,3.09
2017-04-20,3.14,3.25,3.14,3.23,248600,3.23
2017-04-19,3.05,3.23,3.02,3.15,302800,3.15
2017-04-18,3.10,3.16,2.95,3.06,237500,3.06
2017-04-17,3.08,3.15,2.91,3.09,602200,3.09
2017-04-13,3.23,3.39,3.14,3.16,669600,3.16
2017-04-12,3.22,3.39,3.10,3.32,836500,3.32
2017-04-11,3.05,3.33,2.91,3.22,1431800,3.22
2017-04-10,2.90,3.68,2.75,3.04,4135900,3.04
2017-04-07,2.45,2.87,2.36,2.87,1705500,2.87
2017-04-06,2.13,2.50,2.13,2.46,837200,2.46
2017-04-05,2.11,2.22,2.11,2.15,204300,2.15
2017-04-04,2.20,2.26,2.12,2.14,135000,2.14
2017-04-03,2.30,2.30,2.10,2.18,525600,2.18
2017-03-31,2.12,2.30,2.10,2.30,985500,2.30
2017-03-30,2.16,2.16,2.02,2.03,558200,2.03
2017-03-29,2.01,2.03,1.96,1.98,319600,1.98
2017-03-28,2.33,2.45,1.95,2.03,1249800,2.03
2017-03-27,2.28,2.33,2.20,2.33,554600,2.33
2017-03-24,2.14,2.35,2.13,2.20,917300,2.20
2017-03-23,2.01,2.19,2.00,2.13,493900,2.13
2017-03-22,1.99,2.09,1.96,2.05,150300,2.05
2017-03-21,2.11,2.15,1.96,2.01,497300,2.01
2017-03-20,2.08,2.11,2.00,2.11,311500,2.11
2017-03-17,2.19,2.20,1.90,2.12,979400,2.12
2017-03-16,1.90,2.14,1.86,2.13,1273600,2.13
2017-03-15,1.90,1.90,1.85,1.87,224100,1.87
2017-03-14,1.87,1.96,1.78,1.87,697700,1.87
2017-03-13,1.92,1.93,1.72,1.81,553200,1.81
2017-03-10,1.85,2.05,1.84,1.94,2296100,1.94
2017-03-09,1.74,1.84,1.71,1.82,213200,1.82
2017-03-08,1.65,1.85,1.65,1.74,397800,1.74
2017-03-07,1.77,1.82,1.68,1.70,215400,1.70
2017-03-06,1.93,1.95,1.68,1.75,1080900,1.75
2017-03-03,1.67,1.75,1.60,1.70,295400,1.70
2017-03-02,1.86,1.86,1.66,1.68,322900,1.68
2017-03-01,1.89,1.90,1.82,1.86,316100,1.86
2017-02-28,1.88,1.90,1.75,1.90,253800,1.90
2017-02-27,1.90,1.90,1.75,1.86,372900,1.86
2017-02-24,1.80,1.90,1.72,1.90,366000,1.90
2017-02-23,1.71,1.89,1.57,1.78,514400,1.78
2017-02-22,1.84,2.21,1.63,1.71,2256700,1.71
2017-02-21,1.54,1.94,1.47,1.94,1848500,1.94
2017-02-17,1.50,1.53,1.44,1.47,221000,1.47
2017-02-16,1.55,1.63,1.44,1.47,659500,1.47
2017-02-15,1.66,1.78,1.40,1.47,1319600,1.47
2017-02-14,1.28,1.85,1.27,1.80,2741000,1.80
2017-02-13,1.35,1.36,1.27,1.28,574900,1.28
2017-02-10,1.35,1.36,1.27,1.28,544500,1.28
2017-02-09,1.20,1.29,1.15,1.25,492100,1.25
2017-02-08,1.23,1.29,1.15,1.17,513600,1.17
2017-02-07,1.15,1.42,1.15,1.27,2007300,1.27
2017-02-06,1.03,1.28,1.01,1.15,1012600,1.15
2017-02-03,1.05,1.07,1.00,1.04,201000,1.04
2017-02-02,1.03,1.06,0.97,1.04,238300,1.04
2017-02-01,1.00,1.06,0.98,1.01,328400,1.01
2017-01-31,1.00,1.00,0.98,0.99,82000,0.99
2017-01-30,0.98,1.00,0.97,1.00,130200,1.00
2017-01-27,0.99,1.00,0.97,0.99,99700,0.99
2017-01-26,0.99,0.99,0.96,0.99,90400,0.99
2017-01-25,0.98,0.99,0.95,0.99,105700,0.99
2017-01-24,0.99,0.99,0.95,0.95,118500,0.95
2017-01-23,1.03,1.03,0.94,0.95,278300,0.95
2017-01-20,1.03,1.03,0.99,1.01,268300,1.01
2017-01-19,1.06,1.07,1.00,1.01,224600,1.01
2017-01-18,1.05,1.06,1.00,1.02,264700,1.02
2017-01-17,1.16,1.17,1.00,1.04,1019500,1.04
2017-01-13,1.07,1.18,1.07,1.14,1907400,1.14
2017-01-12,1.06,1.09,1.01,1.06,284700,1.06
2017-01-11,1.03,1.08,1.00,1.06,351400,1.06
2017-01-10,1.06,1.07,1.02,1.06,113400,1.06
2017-01-09,1.06,1.06,1.02,1.02,135700,1.02
2017-01-06,1.07,1.09,1.01,1.05,100200,1.05
2017-01-05,1.05,1.11,1.03,1.07,170700,1.07
2017-01-04,1.04,1.11,1.00,1.06,460800,1.06
2017-01-03,0.97,1.05,0.95,1.03,92100,1.03
2016-12-30,1.02,1.06,0.97,0.98,284400,0.98
2016-12-29,1.07,1.17,1.01,1.02,608600,1.02
2016-12-28,1.05,1.10,1.00,1.00,288000,1.00
2016-12-27,1.05,1.10,1.00,1.07,535000,1.07
2016-12-23,1.05,1.08,1.00,1.05,321600,1.05
2016-12-22,0.93,1.03,0.92,1.03,267700,1.03
2016-12-21,0.99,1.00,0.92,0.93,283800,0.93
2016-12-20,0.99,1.17,0.91,0.98,1895000,0.98
2016-12-19,0.91,0.94,0.88,0.88,58000,0.88
2016-12-16,0.89,0.93,0.88,0.90,104100,0.90
2016-12-15,0.93,0.99,0.88,0.89,100500,0.89
2016-12-14,1.03,1.03,0.94,0.94,138500,0.94
2016-12-13,0.99,1.00,0.93,1.00,121100,1.00
2016-12-12,1.03,1.05,0.93,0.96,347500,0.96
2016-12-09,0.93,1.03,0.90,1.03,364200,1.03
2016-12-08,0.87,0.94,0.87,0.94,142500,0.94
2016-12-07,0.87,0.89,0.87,0.87,98900,0.87
2016-12-06,0.88,0.92,0.85,0.87,141500,0.87
2016-12-05,0.85,0.88,0.84,0.88,47200,0.88
2016-12-02,0.87,0.89,0.85,0.87,66100,0.87
2016-12-01,0.82,0.89,0.82,0.86,164600,0.86
2016-11-30,0.82,0.87,0.81,0.82,149000,0.82
2016-11-29,0.87,0.90,0.81,0.82,177700,0.82
2016-11-28,0.87,0.97,0.87,0.90,89000,0.90
2016-11-25,0.91,0.91,0.87,0.89,83300,0.89
2016-11-23,0.94,0.99,0.91,0.91,94100,0.91
2016-11-22,0.94,0.97,0.93,0.93,68700,0.93
2016-11-21,0.96,1.00,0.90,0.97,163300,0.97
2016-11-18,1.05,1.07,0.85,0.97,407500,0.97
2016-11-17,1.07,1.07,1.04,1.04,238700,1.04
2016-11-16,1.07,1.10,1.04,1.05,237500,1.05
2016-11-15,1.10,1.10,1.04,1.06,639800,1.06
2016-11-14,0.99,1.05,0.95,1.04,772800,1.04
2016-11-11,0.80,0.93,0.78,0.91,541700,0.91
2016-11-10,0.70,0.93,0.70,0.78,1396100,0.78
2016-11-09,0.64,0.68,0.60,0.63,205800,0.63
2016-11-08,0.62,0.68,0.60,0.68,99800,0.68
2016-11-07,0.61,0.70,0.58,0.59,284000,0.59
2016-11-04,0.50,0.70,0.50,0.61,867100,0.61
2016-11-03,0.62,0.65,0.49,0.51,419100,0.51
2016-11-02,0.66,0.72,0.62,0.64,116000,0.64
2016-11-01,0.72,0.72,0.60,0.66,511900,0.66
2016-10-31,0.75,0.77,0.69,0.72,313000,0.72
2016-10-28,0.76,0.77,0.73,0.75,254300,0.75
2016-10-27,0.80,0.80,0.76,0.77,124500,0.77
2016-10-26,0.80,0.82,0.77,0.78,240100,0.78
2016-10-25,0.80,0.83,0.80,0.82,159400,0.82
2016-10-24,0.83,0.85,0.80,0.80,184900,0.80
2016-10-21,0.84,0.85,0.81,0.81,110600,0.81
2016-10-20,0.83,0.86,0.80,0.85,121700,0.85
2016-10-19,0.84,0.88,0.83,0.86,217800,0.86
2016-10-18,0.84,0.88,0.80,0.88,112300,0.88
2016-10-17,0.85,0.86,0.80,0.85,162700,0.85
2016-10-14,0.87,0.91,0.83,0.87,125800,0.87
2016-10-13,0.88,0.89,0.83,0.86,220500,0.86
2016-10-12,0.92,0.94,0.89,0.90,195400,0.90
2016-10-11,0.93,0.94,0.90,0.91,239700,0.91
2016-10-10,0.98,0.99,0.93,0.94,182900,0.94
2016-10-07,1.06,1.06,0.94,0.95,645400,0.95
2016-10-06,1.05,1.09,1.00,1.01,438100,1.01
2016-10-05,1.09,1.12,1.04,1.06,480900,1.06
2016-10-04,1.15,1.18,1.09,1.11,701200,1.11
2016-10-03,1.12,1.15,1.08,1.15,816200,1.15
2016-09-30,1.23,1.23,1.10,1.13,1632100,1.13
2016-09-29,1.33,1.38,1.18,1.22,2546300,1.22
2016-09-28,1.20,1.59,1.13,1.40,7848200,1.40
2016-09-27,2.50,2.53,2.34,2.47,537700,2.47
2016-09-26,2.70,2.70,2.33,2.52,1527100,2.52
2016-09-23,2.80,2.85,2.60,2.73,1880200,2.73
2016-09-22,2.87,3.05,2.61,2.87,6952400,2.87
2016-09-21,1.99,2.73,1.95,2.60,7488400,2.60
2016-09-20,1.96,2.06,1.83,1.92,1113500,1.92
2016-09-19,1.69,1.69,1.66,1.67,35800,1.67
2016-09-16,1.65,1.71,1.65,1.70,80700,1.70
2016-09-15,1.67,1.73,1.61,1.71,152500,1.71
2016-09-14,1.66,1.70,1.66,1.67,24800,1.67
2016-09-13,1.70,1.71,1.67,1.68,35500,1.68
2016-09-12,1.63,1.71,1.63,1.69,58500,1.69
2016-09-09,1.71,1.74,1.69,1.69,59300,1.69
2016-09-08,1.70,1.76,1.70,1.73,32200,1.73
2016-09-07,1.68,1.76,1.68,1.68,87300,1.68
2016-09-06,1.69,1.79,1.66,1.69,93600,1.69
2016-09-02,1.68,1.75,1.64,1.70,34300,1.70
2016-09-01,1.73,1.74,1.65,1.65,65900,1.65
2016-08-31,1.74,1.76,1.66,1.72,48100,1.72
2016-08-30,1.73,1.80,1.63,1.75,62000,1.75
2016-08-29,1.57,1.74,1.57,1.71,98800,1.71
2016-08-26,1.80,1.80,1.56,1.62,145600,1.62
2016-08-25,1.85,1.85,1.70,1.77,270200,1.77
2016-08-24,2.00,2.04,1.94,1.94,33300,1.94
2016-08-23,1.97,2.05,1.89,1.99,87800,1.99
2016-08-22,1.99,2.07,1.88,1.94,122800,1.94
2016-08-19,2.01,2.07,1.88,2.00,160200,2.00
2016-08-18,1.86,2.06,1.82,1.98,119200,1.98
2016-08-17,1.87,1.92,1.81,1.87,60800,1.87
2016-08-16,1.85,1.93,1.80,1.88,217300,1.88
2016-08-15,1.95,1.98,1.86,1.91,107800,1.91
2016-08-12,1.90,1.97,1.76,1.93,92700,1.93
2016-08-11,1.91,1.93,1.76,1.87,151900,1.87
2016-08-10,2.17,2.17,1.72,1.81,317400,1.81
2016-08-09,2.25,2.42,2.08,2.11,322400,2.11
2016-08-08,2.10,2.25,2.05,2.16,294700,2.16
2016-08-05,2.02,2.10,1.97,2.05,151700,2.05
2016-08-04,1.98,2.05,1.83,2.00,184400,2.00
2016-08-03,2.07,2.16,1.89,1.96,338800,1.96
2016-08-02,1.98,2.07,1.91,2.04,463600,2.04
2016-08-01,1.64,2.06,1.63,1.92,949300,1.92
2016-07-29,1.54,1.66,1.54,1.64,273100,1.64
2016-07-28,1.59,1.60,1.49,1.57,48600,1.57
2016-07-27,1.58,1.58,1.51,1.56,65100,1.56
2016-07-26,1.56,1.60,1.52,1.56,51200,1.56
2016-07-25,1.52,1.59,1.52,1.55,39700,1.55
2016-07-22,1.49,1.52,1.45,1.50,26300,1.50
2016-07-21,1.49,1.52,1.45,1.48,44600,1.48
2016-07-20,1.54,1.54,1.48,1.50,48500,1.50
2016-07-19,1.53,1.56,1.51,1.53,29100,1.53
2016-07-18,1.54,1.57,1.52,1.54,29900,1.54
2016-07-15,1.54,1.56,1.50,1.52,29600,1.52
2016-07-14,1.51,1.56,1.48,1.52,40500,1.52
2016-07-13,1.56,1.56,1.48,1.48,94100,1.48
2016-07-12,1.60,1.61,1.53,1.55,60300,1.55
2016-07-11,1.57,1.60,1.56,1.57,61400,1.57
2016-07-08,1.53,1.57,1.51,1.56,51900,1.56
2016-07-07,1.53,1.54,1.50,1.52,29800,1.52
2016-07-06,1.52,1.55,1.49,1.53,26300,1.53
2016-07-05,1.53,1.56,1.48,1.53,38000,1.53
2016-07-01,1.54,1.60,1.51,1.52,66100,1.52
2016-06-30,1.57,1.63,1.45,1.47,162000,1.47
2016-06-29,1.48,1.61,1.48,1.57,223600,1.57
2016-06-28,1.50,1.51,1.48,1.49,53700,1.49
2016-06-27,1.52,1.52,1.39,1.47,149000,1.47
2016-06-24,1.30,1.55,1.30,1.55,100400,1.55
2016-06-23,1.45,1.47,1.36,1.45,103400,1.45
2016-06-22,1.39,1.43,1.36,1.42,100700,1.42
2016-06-21,1.38,1.42,1.36,1.41,48900,1.41
2016-06-20,1.47,1.47,1.35,1.38,56300,1.38
2016-06-17,1.41,1.43,1.35,1.40,46900,1.40
2016-06-16,1.42,1.44,1.35,1.37,87700,1.37
2016-06-15,1.42,1.45,1.42,1.44,29100,1.44
2016-06-14,1.39,1.45,1.35,1.43,62000,1.43
2016-06-13,1.40,1.45,1.37,1.38,31500,1.38
2016-06-10,1.45,1.48,1.36,1.42,63700,1.42
2016-06-09,1.47,1.49,1.45,1.47,27000,1.47
2016-06-08,1.48,1.50,1.44,1.48,102000,1.48
2016-06-07,1.46,1.47,1.44,1.46,48800,1.46
2016-06-06,1.45,1.49,1.45,1.47,74600,1.47
2016-06-03,1.51,1.57,1.42,1.44,72500,1.44
2016-06-02,1.52,1.59,1.50,1.51,178500,1.51
2016-06-01,1.52,1.53,1.48,1.49,46000,1.49
2016-05-31,1.49,1.58,1.45,1.48,93400,1.48
2016-05-27,1.42,1.54,1.42,1.48,39200,1.48
2016-05-26,1.45,1.48,1.40,1.41,60800,1.41
2016-05-25,1.48,1.55,1.39,1.45,213900,1.45
2016-05-24,1.54,1.64,1.46,1.46,174300,1.46
2016-05-23,1.54,1.59,1.51,1.53,145200,1.53
2016-05-20,1.52,1.56,1.52,1.52,58000,1.52
2016-05-19,1.49,1.55,1.41,1.53,104500,1.53
2016-05-18,1.45,1.55,1.45,1.47,139700,1.47
2016-05-17,1.67,1.70,1.45,1.47,270600,1.47
2016-05-16,1.44,1.56,1.44,1.51,123400,1.51
2016-05-13,1.50,1.54,1.42,1.51,105400,1.51
2016-05-12,1.59,1.59,1.41,1.44,52400,1.44
2016-05-11,1.26,1.58,1.25,1.54,199400,1.54
2016-05-10,1.29,1.38,1.26,1.38,129100,1.38
2016-05-09,1.26,1.28,1.25,1.26,48300,1.26
2016-05-06,1.29,1.29,1.25,1.25,75000,1.25
2016-05-05,1.30,1.33,1.26,1.28,60900,1.28
2016-05-04,1.33,1.35,1.28,1.30,86400,1.30
2016-05-03,1.34,1.37,1.30,1.33,95000,1.33
2016-05-02,1.44,1.44,1.30,1.32,267000,1.32
2016-04-29,1.48,1.49,1.41,1.42,76500,1.42
2016-04-28,1.57,1.57,1.45,1.46,201700,1.46
2016-04-27,1.55,1.58,1.55,1.57,43300,1.57
2016-04-26,1.51,1.56,1.51,1.54,47500,1.54
2016-04-25,1.53,1.60,1.50,1.51,109800,1.51
2016-04-22,1.56,1.58,1.52,1.53,37500,1.53
2016-04-21,1.52,1.62,1.52,1.54,99700,1.54
2016-04-20,1.65,1.65,1.46,1.48,272700,1.48
2016-04-19,1.70,1.72,1.56,1.65,306300,1.65
2016-04-18,1.67,1.75,1.61,1.68,384900,1.68
2016-04-15,1.50,1.70,1.49,1.67,362900,1.67
2016-04-14,1.46,1.57,1.45,1.51,306500,1.51
2016-04-13,1.47,1.50,1.44,1.46,89900,1.46
2016-04-12,1.46,1.58,1.43,1.45,107200,1.45
2016-04-11,1.51,1.52,1.41,1.45,154500,1.45
2016-04-08,1.58,1.63,1.45,1.51,313900,1.51
2016-04-07,1.55,1.63,1.50,1.59,427600,1.59
2016-04-06,1.50,1.57,1.47,1.55,185300,1.55
2016-04-05,1.46,1.53,1.45,1.50,84600,1.50
2016-04-04,1.46,1.57,1.46,1.48,134200,1.48
2016-04-01,1.44,1.47,1.41,1.44,102900,1.44
2016-03-31,1.54,1.55,1.43,1.43,140800,1.43
2016-03-30,1.45,1.58,1.43,1.53,176300,1.53
2016-03-29,1.42,1.50,1.39,1.42,80400,1.42
2016-03-28,1.44,1.60,1.36,1.43,124800,1.43
2016-03-24,1.40,1.45,1.35,1.38,71800,1.38
2016-03-23,1.39,1.45,1.36,1.40,65000,1.40
2016-03-22,1.38,1.40,1.30,1.37,99400,1.37
2016-03-21,1.33,1.45,1.31,1.39,90800,1.39
2016-03-18,1.26,1.37,1.21,1.35,201500,1.35
2016-03-17,1.28,1.29,1.20,1.24,64200,1.24
2016-03-16,1.38,1.39,1.21,1.26,125400,1.26
2016-03-15,1.55,1.55,1.29,1.34,169900,1.34
2016-03-14,1.52,1.62,1.49,1.52,107500,1.52
2016-03-11,1.59,1.60,1.47,1.51,145500,1.51
2016-03-10,1.45,1.60,1.45,1.59,184900,1.59
2016-03-09,1.50,1.54,1.36,1.43,85900,1.43
2016-03-08,1.50,1.65,1.44,1.49,136000,1.49
2016-03-07,1.43,1.53,1.30,1.52,151300,1.52
2016-03-04,1.37,1.47,1.25,1.43,120800,1.43
2016-03-03,1.40,1.43,1.31,1.35,64800,1.35
2016-03-02,1.22,1.41,1.22,1.38,69000,1.38
2016-03-01,1.29,1.29,1.23,1.24,28900,1.24
2016-02-29,1.24,1.28,1.19,1.28,49800,1.28
2016-02-26,1.18,1.24,1.11,1.22,80900,1.22
2016-02-25,1.11,1.19,1.08,1.18,94500,1.18
2016-02-24,1.17,1.19,1.10,1.11,76800,1.11
2016-02-23,1.19,1.19,1.11,1.15,89900,1.15
2016-02-22,1.13,1.19,1.08,1.18,116400,1.18
2016-02-19,1.11,1.15,1.09,1.12,52000,1.12
2016-02-18,1.16,1.20,1.11,1.13,111300,1.13
2016-02-17,1.10,1.17,1.10,1.14,180100,1.14
2016-02-16,1.08,1.11,1.08,1.10,45800,1.10
2016-02-12,1.12,1.14,1.08,1.08,66400,1.08
2016-02-11,1.14,1.14,1.09,1.13,42800,1.13
2016-02-10,1.15,1.15,1.08,1.12,74400,1.12
2016-02-09,1.09,1.15,1.08,1.08,52300,1.08
2016-02-08,1.15,1.24,1.08,1.09,100100,1.09
2016-02-05,1.25,1.25,1.17,1.17,76700,1.17
2016-02-04,1.25,1.26,1.18,1.20,122200,1.20
2016-02-03,1.29,1.34,1.20,1.28,219200,1.28
2016-02-02,1.36,1.40,1.26,1.26,81300,1.26
2016-02-01,1.42,1.47,1.34,1.35,60600,1.35
2016-01-29,1.46,1.49,1.41,1.41,42700,1.41
2016-01-28,1.47,1.55,1.45,1.48,27100,1.48
2016-01-27,1.47,1.50,1.46,1.47,12700,1.47
2016-01-26,1.45,1.52,1.38,1.46,75300,1.46
2016-01-25,1.41,1.55,1.41,1.46,38300,1.46
2016-01-22,1.38,1.50,1.37,1.44,101400,1.44
2016-01-21,1.38,1.38,1.32,1.38,32100,1.38
2016-01-20,1.27,1.39,1.22,1.37,140700,1.37
2016-01-19,1.35,1.44,1.23,1.28,46400,1.28
2016-01-15,1.29,1.36,1.24,1.33,85800,1.33
2016-01-14,1.26,1.39,1.25,1.31,65800,1.31
2016-01-13,1.34,1.49,1.25,1.28,131400,1.28
2016-01-12,1.43,1.43,1.24,1.33,85300,1.33
2016-01-11,1.45,1.54,1.42,1.42,87400,1.42
2016-01-08,1.58,1.63,1.40,1.44,194800,1.44
2016-01-07,1.70,1.70,1.56,1.57,137600,1.57
2016-01-06,1.77,1.77,1.71,1.72,98500,1.72
2016-01-05,1.62,1.82,1.62,1.76,247200,1.76
2016-01-04,1.60,1.64,1.50,1.62,112600,1.62
2015-12-31,1.55,1.67,1.55,1.64,195300,1.64
2015-12-30,1.60,1.66,1.52,1.55,216900,1.55
2015-12-29,1.71,1.78,1.61,1.61,191300,1.61
2015-12-28,1.79,1.85,1.66,1.71,164400,1.71
2015-12-24,1.85,1.85,1.72,1.79,46300,1.79
2015-12-23,1.73,1.89,1.72,1.85,270000,1.85
2015-12-22,1.61,1.75,1.53,1.73,278900,1.73
2015-12-21,1.71,1.74,1.59,1.62,190200,1.62
2015-12-18,1.72,1.79,1.70,1.70,116300,1.70
2015-12-17,1.81,1.84,1.70,1.73,139100,1.73
2015-12-16,1.78,1.86,1.78,1.83,53600,1.83
2015-12-15,1.68,1.86,1.68,1.79,85100,1.79
2015-12-14,1.75,1.77,1.66,1.67,72200,1.67
2015-12-11,1.79,1.86,1.68,1.76,237800,1.76
2015-12-10,1.75,1.92,1.75,1.84,107300,1.84
2015-12-09,1.75,1.85,1.71,1.79,138600,1.79
2015-12-08,1.82,1.83,1.75,1.77,89800,1.77
2015-12-07,1.90,1.91,1.80,1.80,97200,1.80
2015-12-04,1.88,1.94,1.82,1.92,137000,1.92
2015-12-03,1.99,1.99,1.86,1.88,114700,1.88
2015-12-02,2.01,2.02,1.94,1.96,97400,1.96
2015-12-01,2.01,2.04,1.93,2.00,158300,2.00
2015-11-30,2.10,2.12,2.00,2.00,266900,2.00
2015-11-27,2.28,2.40,2.05,2.05,424600,2.05
2015-11-25,2.23,2.34,2.20,2.28,318200,2.28
2015-11-24,2.15,2.28,2.15,2.21,78500,2.21
2015-11-23,2.15,2.33,2.15,2.18,220000,2.18
2015-11-20,2.20,2.31,2.10,2.15,574200,2.15
2015-11-19,2.37,2.45,2.26,2.40,57700,2.40
2015-11-18,2.42,2.52,2.35,2.38,49400,2.38
2015-11-17,2.50,2.58,2.36,2.43,73200,2.43
2015-11-16,2.33,2.51,2.32,2.51,140000,2.51
2015-11-13,2.37,2.47,2.28,2.33,124700,2.33
2015-11-12,2.46,2.49,2.29,2.32,209500,2.32
2015-11-11,2.62,2.65,2.45,2.47,138200,2.47
2015-11-10,2.59,2.77,2.52,2.58,61300,2.58
2015-11-09,2.85,2.85,2.59,2.64,103300,2.64
2015-11-06,2.92,2.99,2.72,2.75,232500,2.75
2015-11-05,2.80,2.97,2.76,2.85,121900,2.85
2015-11-04,2.82,2.98,2.76,2.81,127400,2.81
2015-11-03,2.85,2.95,2.84,2.86,88600,2.86
2015-11-02,2.77,3.00,2.74,2.86,108900,2.86
2015-10-30,2.86,2.86,2.70,2.73,78300,2.73
2015-10-29,2.90,3.09,2.81,2.87,178600,2.87
2015-10-28,2.89,2.90,2.77,2.86,94200,2.86
2015-10-27,2.78,2.86,2.66,2.74,85400,2.74
2015-10-26,2.75,2.90,2.69,2.80,103700,2.80
2015-10-23,2.76,2.91,2.71,2.75,112800,2.75
2015-10-22,2.66,2.94,2.62,2.76,165800,2.76
2015-10-21,2.86,2.98,2.55,2.67,121900,2.67
2015-10-20,3.00,3.04,2.75,2.75,83700,2.75
2015-10-19,2.87,3.25,2.87,3.00,324400,3.00
2015-10-16,2.72,2.89,2.71,2.85,102700,2.85
2015-10-15,2.63,2.79,2.62,2.75,97600,2.75
2015-10-14,2.56,2.70,2.54,2.61,42500,2.61
2015-10-13,2.51,2.64,2.51,2.59,21400,2.59
2015-10-12,2.64,2.65,2.50,2.55,28100,2.55
2015-10-09,2.72,2.72,2.60,2.61,35900,2.61
2015-10-08,2.60,2.72,2.55,2.71,69100,2.71
2015-10-07,2.42,2.78,2.32,2.67,260800,2.67
2015-10-06,2.30,2.49,2.26,2.39,56600,2.39
2015-10-05,2.23,2.39,2.23,2.35,52100,2.35
2015-10-02,2.27,2.35,2.20,2.25,85700,2.25
2015-10-01,2.34,2.36,2.20,2.34,51200,2.34
2015-09-30,2.17,2.38,2.04,2.34,131100,2.34
2015-09-29,2.02,2.23,2.01,2.14,65400,2.14
2015-09-28,2.40,2.40,2.00,2.07,103300,2.07
2015-09-25,2.30,2.30,2.09,2.13,45400,2.13
2015-09-24,2.34,2.37,2.26,2.27,39600,2.27
2015-09-23,2.35,2.40,2.26,2.31,68800,2.31
2015-09-22,2.38,2.50,2.31,2.33,65900,2.33
2015-09-21,2.40,2.63,2.40,2.40,372400,2.40
2015-09-18,2.09,2.28,2.03,2.28,84800,2.28
2015-09-17,2.05,2.23,2.05,2.13,56900,2.13
2015-09-16,2.08,2.15,2.06,2.12,39700,2.12
2015-09-15,2.07,2.11,2.03,2.07,53100,2.07
2015-09-14,2.09,2.24,2.05,2.12,95000,2.12
2015-09-11,2.16,2.19,2.05,2.09,58600,2.09
2015-09-10,2.14,2.28,2.11,2.18,49500,2.18
2015-09-09,2.25,2.35,2.12,2.16,83000,2.16
2015-09-08,2.09,2.24,2.00,2.20,214600,2.20
2015-09-04,2.05,2.20,2.00,2.10,121300,2.10
2015-09-03,2.10,2.18,2.03,2.06,61400,2.06
2015-09-02,2.28,2.28,2.04,2.10,86100,2.10
2015-09-01,2.12,2.24,2.11,2.20,41800,2.20
2015-08-31,1.95,2.30,1.95,2.21,200100,2.21
2015-08-28,1.86,1.99,1.86,1.96,44900,1.96
2015-08-27,1.89,1.96,1.74,1.86,103500,1.86
2015-08-26,1.90,1.90,1.68,1.86,137800,1.86
2015-08-25,1.96,2.00,1.83,1.85,115800,1.85
2015-08-24,1.88,1.98,1.77,1.84,233200,1.84
2015-08-21,1.97,2.00,1.86,1.99,128400,1.99
2015-08-20,2.10,2.29,1.95,1.97,144800,1.97
2015-08-19,2.20,2.36,2.02,2.07,242200,2.07
2015-08-18,2.20,2.24,2.10,2.17,65700,2.17
2015-08-17,2.40,2.40,2.18,2.24,195700,2.24
2015-08-14,2.61,2.75,2.34,2.38,219900,2.38
2015-08-13,2.79,3.33,2.41,2.70,1525100,2.70
2015-08-12,2.00,2.49,1.97,2.38,203700,2.38
2015-08-11,2.30,2.41,1.91,1.97,155200,1.97
2015-08-10,2.40,2.47,2.30,2.30,100000,2.30
2015-08-07,2.50,2.59,2.40,2.42,88900,2.42
2015-08-06,2.55,2.65,2.52,2.53,75400,2.53
2015-08-05,2.61,2.78,2.54,2.56,54800,2.56
2015-08-04,2.69,2.77,2.60,2.65,83600,2.65
2015-08-03,2.62,2.84,2.61,2.78,100300,2.78
2015-07-31,2.59,2.69,2.56,2.57,24800,2.57
2015-07-30,2.64,2.68,2.54,2.54,50600,2.54
2015-07-29,2.60,2.70,2.60,2.67,36100,2.67
2015-07-28,2.64,2.67,2.60,2.61,29000,2.61
2015-07-27,2.70,2.78,2.62,2.63,76400,2.63
2015-07-24,2.80,2.80,2.65,2.69,54200,2.69
2015-07-23,2.78,2.95,2.75,2.83,93900,2.83
2015-07-22,2.67,2.84,2.62,2.73,74200,2.73
2015-07-21,2.62,2.84,2.57,2.67,110500,2.67
2015-07-20,2.77,2.96,2.60,2.64,98500,2.64
2015-07-17,2.89,2.99,2.73,2.74,40600,2.74
2015-07-16,2.82,2.90,2.78,2.88,43500,2.88
2015-07-15,2.72,2.90,2.72,2.79,89900,2.79
2015-07-14,2.63,2.78,2.63,2.73,43900,2.73
2015-07-13,2.67,2.73,2.60,2.63,48500,2.63
2015-07-10,2.58,2.75,2.52,2.67,76700,2.67
2015-07-09,2.52,2.59,2.50,2.55,36400,2.55
2015-07-08,2.61,2.63,2.50,2.50,123900,2.50
2015-07-07,2.56,2.65,2.55,2.59,102300,2.59
2015-07-06,2.57,2.62,2.55,2.56,71600,2.56
2015-07-02,2.65,2.65,2.56,2.59,56400,2.59
2015-07-01,2.76,2.77,2.61,2.62,88300,2.62
2015-06-30,2.81,2.84,2.60,2.73,173600,2.73
2015-06-29,2.56,2.75,2.50,2.71,355000,2.71
2015-06-26,2.81,2.84,2.52,2.56,2442300,2.56
2015-06-25,2.94,2.96,2.72,2.80,149300,2.80
2015-06-24,3.01,3.11,2.93,2.93,130800,2.93
2015-06-23,3.11,3.13,2.95,3.02,97000,3.02
2015-06-22,3.07,3.18,2.96,3.12,80800,3.12
2015-06-19,3.05,3.11,2.85,3.05,174900,3.05
2015-06-18,2.98,3.08,2.98,3.04,68400,3.04
2015-06-17,3.15,3.25,2.95,2.98,162300,2.98
2015-06-16,3.15,3.20,3.02,3.13,114000,3.13
2015-06-15,3.19,3.23,3.10,3.17,87400,3.17
2015-06-12,3.31,3.32,3.15,3.25,157900,3.25
2015-06-11,3.62,3.63,3.12,3.34,576600,3.34
2015-06-10,3.00,4.11,2.98,3.73,1971100,3.73
2015-06-09,2.99,3.04,2.88,3.00,111100,3.00
2015-06-08,2.85,3.05,2.83,2.95,129000,2.95
2015-06-05,2.77,2.90,2.75,2.89,60300,2.89
2015-06-04,2.76,2.86,2.73,2.80,90200,2.80
2015-06-03,2.72,2.84,2.61,2.81,112800,2.81
2015-06-02,2.65,2.78,2.61,2.68,163500,2.68
2015-06-01,2.56,2.70,2.51,2.69,84500,2.69
2015-05-29,2.75,2.76,2.51,2.51,105700,2.51
2015-05-28,2.71,2.75,2.62,2.74,65400,2.74
2015-05-27,2.70,2.75,2.58,2.70,131200,2.70
2015-05-26,2.71,2.75,2.52,2.62,115300,2.62
2015-05-22,2.70,2.77,2.66,2.75,62200,2.75
2015-05-21,2.72,2.77,2.63,2.71,72100,2.71
2015-05-20,2.78,2.78,2.64,2.71,66500,2.71
2015-05-19,2.83,2.86,2.72,2.75,71100,2.75
2015-05-18,2.75,2.84,2.70,2.83,65300,2.83
2015-05-15,2.68,2.80,2.68,2.76,88600,2.76
2015-05-14,2.70,2.74,2.67,2.69,86900,2.69
2015-05-13,2.77,2.80,2.61,2.63,70800,2.63
2015-05-12,2.70,2.86,2.70,2.77,76200,2.77
2015-05-11,2.93,2.93,2.65,2.70,139600,2.70
2015-05-08,3.04,3.05,2.89,2.92,67200,2.92
2015-05-07,3.07,3.16,3.00,3.02,54800,3.02
2015-05-06,2.96,3.15,2.92,3.08,127600,3.08
2015-05-05,2.92,2.97,2.79,2.95,101700,2.95
2015-05-04,2.95,3.05,2.88,2.93,84700,2.93
2015-05-01,2.97,3.07,2.83,2.95,139900,2.95
2015-04-30,3.05,3.16,2.90,2.99,216100,2.99
2015-04-29,3.11,3.21,3.05,3.09,76800,3.09
2015-04-28,3.10,3.25,3.03,3.12,118800,3.12
2015-04-27,3.33,3.35,3.08,3.13,149300,3.13
2015-04-24,3.35,3.35,3.26,3.29,46300,3.29
2015-04-23,3.29,3.38,3.26,3.33,79500,3.33
2015-04-22,3.27,3.39,3.17,3.29,118800,3.29
2015-04-21,3.33,3.33,3.20,3.28,114300,3.28
2015-04-20,3.36,3.39,3.31,3.36,111200,3.36
2015-04-17,3.38,3.47,3.34,3.36,64200,3.36
2015-04-16,3.42,3.46,3.38,3.43,60100,3.43
2015-04-15,3.36,3.48,3.27,3.39,139900,3.39
2015-04-14,3.34,3.34,3.23,3.30,102000,3.30
2015-04-13,3.28,3.35,3.22,3.34,107300,3.34
2015-04-10,3.26,3.37,3.24,3.26,44800,3.26
2015-04-09,3.31,3.40,3.22,3.24,111400,3.24
2015-04-08,3.34,3.40,3.31,3.32,68600,3.32
2015-04-07,3.30,3.40,3.30,3.32,63200,3.32
2015-04-06,3.34,3.44,3.30,3.33,65900,3.33
2015-04-02,3.35,3.42,3.32,3.32,77800,3.32
2015-04-01,3.34,3.44,3.30,3.34,72600,3.34
2015-03-31,3.52,3.54,3.35,3.35,166600,3.35
2015-03-30,3.58,3.58,3.50,3.57,37200,3.57
2015-03-27,3.56,3.73,3.50,3.54,63200,3.54
2015-03-26,3.57,3.76,3.50,3.55,118600,3.55
2015-03-25,3.83,3.84,3.50,3.54,132500,3.54
2015-03-24,3.66,3.89,3.64,3.80,107000,3.80
2015-03-23,3.86,3.86,3.53,3.69,106400,3.69
2015-03-20,3.98,4.03,3.83,3.86,213400,3.86
2015-03-19,3.68,4.08,3.68,3.89,255200,3.89
2015-03-18,3.60,3.80,3.57,3.74,122400,3.74
2015-03-17,3.59,3.70,3.56,3.60,80400,3.60
2015-03-16,3.52,3.69,3.50,3.61,90300,3.61
2015-03-13,3.62,3.62,3.38,3.50,77100,3.50
2015-03-12,3.42,3.60,3.37,3.60,91900,3.60
2015-03-11,3.46,3.52,3.35,3.38,46100,3.38
2015-03-10,3.50,3.52,3.37,3.46,80800,3.46
2015-03-09,3.76,3.76,3.50,3.53,85400,3.53
2015-03-06,3.68,3.77,3.53,3.71,125700,3.71
2015-03-05,3.56,3.79,3.52,3.69,159700,3.69
2015-03-04,3.36,3.64,3.36,3.57,73800,3.57
2015-03-03,3.36,3.43,3.35,3.37,59600,3.37
2015-03-02,3.41,3.49,3.35,3.37,71900,3.37
2015-02-27,3.46,3.74,3.40,3.40,119600,3.40
2015-02-26,3.58,3.60,3.40,3.48,134400,3.48
2015-02-25,3.65,3.65,3.46,3.58,111200,3.58
2015-02-24,3.84,3.85,3.58,3.68,157000,3.68
2015-02-23,4.05,4.05,3.75,3.81,184300,3.81
2015-02-20,4.13,4.15,4.00,4.04,109000,4.04
2015-02-19,4.32,4.40,4.10,4.10,135800,4.10
2015-02-18,4.07,4.36,4.04,4.30,487400,4.30
2015-02-17,3.83,4.05,3.82,4.04,250800,4.04
2015-02-13,3.62,3.91,3.62,3.84,140400,3.84
2015-02-12,3.60,3.69,3.53,3.68,130900,3.68
2015-02-11,3.60,3.65,3.58,3.59,61100,3.59
2015-02-10,3.60,3.65,3.50,3.62,117700,3.62
2015-02-09,3.51,3.65,3.51,3.57,61000,3.57
2015-02-06,3.58,3.60,3.51,3.52,82500,3.52
2015-02-05,3.33,3.63,3.29,3.58,274000,3.58
2015-02-04,3.40,3.46,3.26,3.34,117300,3.34
2015-02-03,3.23,3.42,3.23,3.41,101700,3.41
2015-02-02,3.23,3.24,3.12,3.22,506000,3.22
2015-01-30,3.38,3.50,3.22,3.22,161400,3.22
2015-01-29,3.35,3.48,3.26,3.45,70500,3.45
2015-01-28,3.61,3.67,3.33,3.36,132900,3.36
2015-01-27,3.43,3.60,3.43,3.57,108700,3.57
2015-01-26,3.42,3.58,3.40,3.47,112800,3.47
2015-01-23,3.22,3.43,3.19,3.41,135100,3.41
2015-01-22,3.19,3.26,3.08,3.22,127100,3.22
2015-01-21,3.21,3.26,3.15,3.18,120500,3.18
2015-01-20,3.34,3.37,3.12,3.23,199200,3.23
2015-01-16,3.27,3.37,3.26,3.35,116500,3.35
2015-01-15,3.58,3.58,3.25,3.27,262300,3.27
2015-01-14,3.54,3.65,3.51,3.55,162300,3.55
2015-01-13,3.70,3.70,3.50,3.58,306500,3.58
2015-01-12,3.76,3.79,3.62,3.65,217400,3.65
2015-01-09,3.92,3.93,3.65,3.76,237300,3.76
2015-01-08,4.00,4.03,3.79,3.92,493400,3.92
2015-01-07,4.40,4.50,3.82,4.00,7654900,4.00
2015-01-06,3.36,3.44,3.11,3.23,127400,3.23
2015-01-05,3.49,3.59,3.30,3.37,152800,3.37
2015-01-02,3.43,3.55,3.36,3.40,119300,3.40
2014-12-31,3.35,3.67,3.35,3.47,333200,3.47
2014-12-30,3.37,3.50,3.35,3.36,259000,3.36
2014-12-29,3.26,3.51,3.24,3.47,228300,3.47
2014-12-26,3.14,3.34,3.14,3.33,148300,3.33
2014-12-24,3.04,3.21,3.00,3.19,432300,3.19
2014-12-23,3.56,3.58,3.20,3.23,303100,3.23
2014-12-22,3.63,3.70,3.48,3.55,190400,3.55
2014-12-19,3.69,3.79,3.56,3.64,354900,3.64
2014-12-18,3.75,3.82,3.56,3.70,141700,3.70
2014-12-17,3.55,3.89,3.53,3.69,181500,3.69
2014-12-16,3.50,3.82,3.47,3.55,117100,3.55
2014-12-15,3.85,3.90,3.52,3.53,115200,3.53
2014-12-12,3.77,3.95,3.75,3.84,94800,3.84
2014-12-11,3.66,3.94,3.66,3.82,120000,3.82
2014-12-10,3.89,3.92,3.62,3.66,106300,3.66
2014-12-09,3.61,3.98,3.45,3.92,217500,3.92
2014-12-08,3.87,3.89,3.61,3.66,69300,3.66
2014-12-05,3.55,3.93,3.46,3.87,141000,3.87
2014-12-04,3.64,3.67,3.53,3.55,90400,3.55
2014-12-03,3.60,3.82,3.59,3.64,130900,3.64
2014-12-02,3.70,3.81,3.53,3.59,130400,3.59
2014-12-01,3.98,3.99,3.53,3.71,339600,3.71
2014-11-28,4.25,4.25,3.95,3.97,117100,3.97
2014-11-26,4.22,4.30,4.11,4.25,111600,4.25
2014-11-25,4.26,4.31,4.02,4.23,182500,4.23
2014-11-24,4.20,4.33,4.20,4.26,65000,4.26
2014-11-21,4.43,4.47,4.18,4.20,123000,4.20
2014-11-20,4.28,4.39,4.01,4.35,230100,4.35
2014-11-19,4.68,4.68,4.31,4.34,182800,4.34
2014-11-18,4.61,4.75,4.58,4.68,116600,4.68
2014-11-17,4.78,4.89,4.60,4.62,136400,4.62
2014-11-14,4.87,4.91,4.75,4.80,72700,4.80
2014-11-13,5.04,5.04,4.80,4.85,140900,4.85
2014-11-12,4.82,5.07,4.70,5.00,131600,5.00
2014-11-11,5.05,5.05,4.78,4.86,141400,4.86
2014-11-10,5.39,5.58,4.74,5.07,537900,5.07
2014-11-07,5.00,5.34,4.81,5.28,252600,5.28
2014-11-06,5.40,5.42,4.80,4.99,212500,4.99
2014-11-05,5.54,5.66,5.29,5.37,297300,5.37
2014-11-04,5.56,5.67,5.25,5.47,114800,5.47
2014-11-03,5.44,5.88,5.41,5.56,203800,5.56
2014-10-31,5.51,5.80,5.30,5.42,182300,5.42
2014-10-30,5.29,5.49,5.14,5.45,85300,5.45
2014-10-29,5.24,5.39,5.06,5.28,132600,5.28
2014-10-28,4.95,5.23,4.95,5.21,94800,5.21
2014-10-27,5.05,5.05,4.90,4.94,55200,4.94
2014-10-24,4.75,5.09,4.75,5.09,145800,5.09
2014-10-23,4.81,4.90,4.61,4.74,111000,4.74
2014-10-22,5.08,5.08,4.70,4.76,84100,4.76
2014-10-21,5.03,5.15,4.82,5.09,118000,5.09
2014-10-20,5.02,5.17,5.00,5.06,64800,5.06
2014-10-17,5.26,5.26,5.01,5.07,55900,5.07
2014-10-16,4.79,5.24,4.79,5.17,142500,5.17
2014-10-15,4.70,4.91,4.57,4.88,59800,4.88
2014-10-14,4.77,4.86,4.56,4.77,76700,4.77
2014-10-13,4.58,4.89,4.55,4.74,67400,4.74
2014-10-10,4.58,4.72,4.55,4.55,96200,4.55
2014-10-09,4.78,4.90,4.56,4.61,109100,4.61
2014-10-08,4.71,4.87,4.55,4.77,119500,4.77
2014-10-07,4.71,4.81,4.60,4.72,91900,4.72
2014-10-06,4.94,5.04,4.70,4.75,140800,4.75
2014-10-03,4.93,5.16,4.90,4.90,219100,4.90
2014-10-02,4.81,5.02,4.75,4.92,173900,4.92
2014-10-01,5.00,5.00,4.80,4.84,210900,4.84
2014-09-30,5.22,5.22,5.00,5.03,180500,5.03
2014-09-29,5.10,5.41,5.10,5.23,97700,5.23
2014-09-26,5.08,5.25,5.08,5.22,64900,5.22
2014-09-25,5.35,5.40,5.04,5.05,161700,5.05
2014-09-24,5.11,5.40,5.01,5.34,175500,5.34
2014-09-23,5.20,5.40,5.01,5.06,232600,5.06
2014-09-22,5.26,5.48,5.20,5.24,190900,5.24
2014-09-19,5.50,5.75,5.26,5.28,323900,5.28
2014-09-18,5.77,5.82,5.50,5.57,278000,5.57
2014-09-17,5.80,6.11,5.70,5.73,259300,5.73
2014-09-16,5.89,6.06,5.70,5.83,250600,5.83
2014-09-15,6.21,6.34,5.81,5.93,453300,5.93
2014-09-12,5.59,6.60,5.59,6.19,1275300,6.19
2014-09-11,5.62,5.73,5.50,5.62,274000,5.62
2014-09-10,5.69,5.74,5.54,5.63,146000,5.63
2014-09-09,5.85,5.93,5.65,5.67,185600,5.67
2014-09-08,5.55,5.87,5.44,5.81,264800,5.81
2014-09-05,5.56,5.63,5.33,5.55,266800,5.55
2014-09-04,5.75,5.95,5.58,5.59,275100,5.59
2014-09-03,6.16,6.20,5.72,5.79,380400,5.79
2014-09-02,6.28,6.43,6.03,6.16,390800,6.16
2014-08-29,6.06,6.59,5.86,6.26,778500,6.26
2014-08-28,6.01,6.17,5.73,6.00,1220700,6.00
2014-08-27,5.12,6.35,5.01,6.16,1931700,6.16
2014-08-26,4.95,5.09,4.90,5.02,407000,5.02
2014-08-25,5.24,5.30,4.87,4.90,622800,4.90
2014-08-22,4.80,5.37,4.74,5.22,631200,5.22
2014-08-21,5.09,5.35,4.75,4.86,596300,4.86
2014-08-20,4.53,5.38,4.40,5.08,1142700,5.08
2014-08-19,4.69,4.72,4.50,4.58,304200,4.58
2014-08-18,4.82,4.82,4.60,4.67,320400,4.67
2014-08-15,4.68,4.85,4.62,4.78,404500,4.78
2014-08-14,4.38,4.90,4.33,4.61,794000,4.61
2014-08-13,4.51,4.59,4.28,4.38,775000,4.38
2014-08-12,5.04,5.22,4.51,4.60,1030300,4.60
2014-08-11,5.25,5.25,5.05,5.10,344100,5.10
2014-08-08,5.43,5.45,5.06,5.22,682900,5.22
2014-08-07,5.46,5.68,5.39,5.47,407100,5.47
2014-08-06,5.50,5.64,5.32,5.56,640100,5.56
2014-08-05,5.30,5.63,5.16,5.60,632200,5.60
2014-08-04,5.69,5.78,5.27,5.33,811900,5.33
2014-08-01,5.98,6.04,5.55,5.69,1127700,5.69
2014-07-31,6.51,6.70,6.06,6.14,1098200,6.14
2014-07-30,6.20,7.50,6.20,6.60,8078300,6.60
2014-07-29,7.10,7.75,5.15,5.70,7685200,5.70
2014-07-28,15.91,16.200001,13.91,14.54,1412300,14.54
2014-07-25,14.03,16.549999,13.95,15.32,1804800,15.32
2014-07-24,13.59,13.99,13.48,13.72,196000,13.72
2014-07-23,13.51,13.58,13.25,13.48,102100,13.48
2014-07-22,13.57,13.83,13.44,13.55,171300,13.55
2014-07-21,13.45,13.64,13.23,13.49,82000,13.49
2014-07-18,12.22,13.59,12.22,13.52,277300,13.52
2014-07-17,12.80,13.00,12.18,12.20,264600,12.20
2014-07-16,13.13,13.48,12.72,12.88,141200,12.88
2014-07-15,13.54,13.89,12.85,13.04,179400,13.04
2014-07-14,13.11,13.89,13.04,13.54,201800,13.54
2014-07-11,12.59,13.00,12.39,12.98,133000,12.98
2014-07-10,12.20,12.94,12.01,12.58,145800,12.58
2014-07-09,12.34,12.74,12.20,12.47,142000,12.47
2014-07-08,12.78,13.36,12.17,12.28,419100,12.28
2014-07-07,13.80,13.80,12.75,12.91,449400,12.91
2014-07-03,14.05,14.21,13.65,13.79,123900,13.79
2014-07-02,14.07,14.30,13.85,13.98,128500,13.98
2014-07-01,14.03,14.30,13.77,14.09,205400,14.09
2014-06-30,14.10,14.48,13.67,13.81,341300,13.81
2014-06-27,14.10,14.70,13.83,14.15,2634200,14.15
2014-06-26,14.78,14.99,14.09,14.14,392600,14.14
2014-06-25,14.22,15.30,14.04,14.68,354500,14.68
2014-06-24,14.79,15.36,14.15,14.17,246700,14.17
2014-06-23,15.00,16.02,14.59,14.69,457800,14.69
2014-06-20,14.64,14.82,14.21,14.69,160700,14.69
2014-06-19,14.92,15.00,14.29,14.64,131700,14.64
2014-06-18,14.67,15.00,14.41,14.81,203500,14.81
2014-06-17,13.83,14.78,13.82,14.75,230100,14.75
2014-06-16,13.95,14.30,13.86,13.96,220200,13.96
2014-06-13,13.79,14.00,13.43,13.82,192600,13.82
2014-06-12,13.97,14.23,13.49,13.72,193100,13.72
2014-06-11,13.93,14.62,13.70,13.95,248900,13.95
2014-06-10,13.38,14.05,13.32,14.01,135500,14.01
2014-06-09,13.52,14.06,13.19,13.36,167400,13.36
2014-06-06,13.69,13.85,13.43,13.58,149000,13.58
2014-06-05,13.31,13.86,13.24,13.66,204200,13.66
2014-06-04,13.18,13.41,13.02,13.32,190700,13.32
2014-06-03,12.64,13.26,12.45,13.22,165100,13.22
2014-06-02,12.81,13.12,12.15,12.81,189400,12.81
2014-05-30,13.19,13.34,12.60,12.93,217700,12.93
2014-05-29,12.40,13.25,12.40,13.13,331200,13.13
2014-05-28,12.41,12.49,12.00,12.26,147500,12.26
2014-05-27,11.63,12.36,11.60,12.30,326900,12.30
2014-05-23,11.24,11.70,11.15,11.47,107100,11.47
2014-05-22,11.14,11.64,10.95,11.27,173200,11.27
2014-05-21,11.39,11.44,10.72,11.17,183700,11.17
2014-05-20,10.90,11.80,10.90,11.23,326200,11.23
2014-05-19,11.17,11.38,10.90,10.95,145000,10.95
2014-05-16,11.73,11.99,11.01,11.25,167900,11.25
2014-05-15,11.11,11.99,10.94,11.77,360500,11.77
2014-05-14,10.92,11.56,10.69,10.95,275900,10.95
2014-05-13,10.59,11.71,10.36,11.62,331900,11.62
2014-05-12,10.28,10.67,10.01,10.62,316300,10.62
2014-05-09,10.31,10.51,9.80,10.23,193900,10.23
2014-05-08,10.29,10.85,10.00,10.40,242400,10.40
2014-05-07,11.13,11.48,10.28,10.41,297800,10.41
2014-05-06,11.68,11.86,11.08,11.15,117000,11.15
2014-05-05,11.05,11.85,10.80,11.80,219200,11.80
2014-05-02,11.72,11.76,11.14,11.17,154000,11.17
2014-05-01,11.51,12.03,11.36,11.73,119800,11.73
2014-04-30,11.20,11.60,10.96,11.54,90200,11.54
2014-04-29,11.23,11.65,11.03,11.32,174800,11.32
2014-04-28,11.13,11.90,10.80,11.24,251500,11.24
2014-04-25,11.87,11.89,10.90,11.06,171600,11.06
2014-04-24,12.37,12.41,11.71,11.99,182400,11.99
2014-04-23,12.48,12.49,11.90,12.10,161900,12.10
2014-04-22,12.04,12.67,12.01,12.32,248100,12.32
2014-04-21,11.37,12.10,11.21,11.87,309900,11.87
2014-04-17,10.25,11.82,10.05,11.61,564900,11.61
2014-04-16,10.77,11.16,10.21,10.28,293800,10.28
2014-04-15,10.93,11.27,10.37,10.92,474700,10.92
2014-04-14,11.24,11.89,10.56,10.85,641100,10.85
2014-04-11,11.91,12.00,11.39,11.51,246500,11.51
2014-04-10,12.58,12.87,11.69,12.22,395700,12.22
2014-04-09,12.09,12.89,12.06,12.58,269600,12.58
2014-04-08,11.89,12.24,11.52,12.05,304600,12.05
2014-04-07,12.10,12.58,11.52,11.94,469200,11.94
2014-04-04,13.40,13.58,12.13,12.21,652300,12.21
2014-04-03,13.83,14.00,13.20,13.25,404700,13.25
2014-04-02,13.65,14.70,13.44,14.04,708600,14.04
2014-04-01,14.56,15.22,13.10,13.58,2241900,13.58
2014-03-31,16.040001,17.139999,14.75,15.31,973500,15.31
2014-03-28,15.80,15.90,14.75,15.72,709700,15.72
2014-03-27,14.58,15.69,14.25,15.42,379500,15.42
2014-03-26,15.90,16.34,14.25,14.51,869300,14.51
2014-03-25,16.00,18.620001,15.63,15.88,3446900,15.88
2014-03-24,15.25,15.48,12.53,14.59,1264000,14.59
2014-03-21,15.92,16.00,15.25,15.62,268300,15.62
2014-03-20,15.56,16.34,15.30,15.88,358100,15.88
2014-03-19,16.40,16.65,15.65,15.75,246900,15.75
2014-03-18,16.65,17.02,16.360001,16.50,212600,16.50
2014-03-17,16.08,16.959999,16.02,16.629999,370100,16.629999
2014-03-14,15.55,16.290001,15.16,16.139999,232600,16.139999
2014-03-13,16.10,16.33,15.30,15.51,187400,15.51
2014-03-12,15.90,16.35,15.52,15.95,295400,15.95
2014-03-11,15.40,17.290001,15.40,16.16,672500,16.16
2014-03-10,15.02,15.60,14.65,15.20,306900,15.20
2014-03-07,16.110001,16.26,14.81,15.15,407300,15.15
2014-03-06,16.969999,17.139999,15.19,15.93,387400,15.93
2014-03-05,17.15,17.16,16.01,16.66,429900,16.66
2014-03-04,16.83,17.360001,16.83,17.049999,364100,17.049999
2014-03-03,16.530001,17.27,16.299999,16.75,319500,16.75
2014-02-28,18.51,18.83,16.200001,16.860001,806900,16.860001
2014-02-27,18.50,18.82,17.559999,18.299999,391900,18.299999
2014-02-26,18.00,19.110001,17.209999,18.26,874100,18.26
2014-02-25,15.75,18.68,15.73,18.190001,1881300,18.190001
2014-02-24,15.09,15.78,14.75,15.54,254500,15.54
2014-02-21,14.99,15.51,14.81,14.95,224100,14.95
2014-02-20,15.17,15.36,14.80,14.97,210900,14.97
2014-02-19,15.35,15.74,15.13,15.26,146900,15.26
2014-02-18,15.10,15.58,14.50,15.46,319000,15.46
2014-02-14,15.69,16.25,14.77,14.82,627800,14.82
2014-02-13,16.01,16.34,15.66,15.99,496200,15.99
2014-02-12,15.70,16.32,15.08,16.17,645200,16.17
2014-02-11,15.90,15.91,14.82,15.46,812700,15.46
2014-02-10,13.98,16.700001,13.92,15.96,2190900,15.96
2014-02-07,12.50,14.20,12.24,13.91,772700,13.91
2014-02-06,12.74,12.77,12.22,12.29,113200,12.29
2014-02-05,12.26,12.66,11.75,12.57,274500,12.57
2014-02-04,12.53,12.91,12.16,12.48,206500,12.48
2014-02-03,13.84,14.18,12.00,12.55,519100,12.55
2014-01-31,12.98,13.98,12.31,13.71,439800,13.71
2014-01-30,12.18,12.94,12.13,12.87,316200,12.87
2014-01-29,12.49,12.49,12.00,12.01,133600,12.01
2014-01-28,11.75,12.73,11.55,12.51,555800,12.51
2014-01-27,11.64,12.49,11.43,12.14,395400,12.14
2014-01-24,12.08,12.38,11.36,11.59,551900,11.59
2014-01-23,12.34,12.82,12.03,12.47,264300,12.47
2014-01-22,13.68,14.10,12.34,12.61,863600,12.61
2014-01-21,12.50,14.33,11.82,13.38,1440900,13.38
2014-01-17,13.00,13.16,11.25,11.64,871600,11.64
2014-01-16,12.98,13.21,12.01,13.05,388700,13.05
2014-01-15,12.44,13.61,11.75,13.02,1039800,13.02
2014-01-14,13.25,13.25,11.20,12.05,1345500,12.05
2014-01-13,13.89,14.24,12.61,13.46,1904800,13.46
2014-01-10,17.02,17.879999,14.78,15.10,7245600,15.10
2014-01-09,8.75,14.20,8.75,13.49,7079100,13.49
2014-01-08,8.38,8.57,8.37,8.47,315200,8.47
2014-01-07,8.37,8.48,8.34,8.36,197300,8.36
2014-01-06,8.27,8.37,8.15,8.32,213700,8.32
2014-01-03,8.05,8.13,7.90,8.04,112800,8.04
2014-01-02,8.01,8.08,7.94,8.05,57600,8.05
2013-12-31,8.01,8.12,8.00,8.08,118200,8.08
2013-12-30,8.10,8.13,8.00,8.03,59900,8.03
2013-12-27,8.06,8.13,7.96,8.08,76200,8.08
2013-12-26,7.75,8.10,7.75,8.10,129500,8.10
2013-12-24,7.93,7.97,7.70,7.71,51400,7.71
2013-12-23,8.00,8.20,7.87,8.02,134500,8.02
2013-12-20,8.01,8.20,7.83,8.06,167100,8.06
2013-12-19,7.94,8.26,7.88,8.02,135400,8.02
2013-12-18,8.14,8.14,7.64,7.74,92800,7.74
2013-12-17,8.27,8.27,7.59,7.99,130300,7.99
2013-12-16,8.26,8.45,8.10,8.44,54900,8.44
2013-12-13,8.64,8.64,8.20,8.27,61400,8.27
2013-12-12,8.55,8.62,8.07,8.45,85200,8.45
2013-12-11,8.74,9.23,8.33,8.59,108900,8.59
2013-12-10,8.92,9.23,8.32,8.59,220300,8.59
2013-12-09,9.34,9.34,8.86,9.12,101300,9.12
2013-12-06,9.58,9.60,9.00,9.28,134700,9.28
2013-12-05,8.84,9.25,8.84,9.24,180200,9.24
2013-12-04,8.90,9.15,8.56,8.59,152000,8.59
2013-12-03,8.69,9.42,8.34,8.99,587900,8.99
2013-12-02,8.20,8.50,7.56,7.94,247700,7.94
2013-11-29,8.53,8.70,8.20,8.20,78900,8.20
2013-11-27,8.80,8.95,8.42,8.63,121500,8.63
2013-11-26,7.99,8.97,7.86,8.88,257600,8.88
2013-11-25,8.05,8.30,7.70,7.88,111400,7.88
2013-11-22,7.64,8.10,7.55,8.02,172800,8.02
2013-11-21,7.50,7.94,7.36,7.64,238600,7.64
2013-11-20,6.46,7.75,6.40,7.46,355800,7.46
2013-11-19,5.53,6.75,5.35,6.70,363600,6.70
2013-11-18,6.86,6.90,5.70,5.90,521500,5.90
2013-11-15,7.97,7.98,6.55,6.92,302900,6.92
2013-11-14,7.69,8.23,7.62,7.80,130100,7.80
2013-11-13,7.65,8.00,7.65,7.70,180900,7.70
2013-11-12,8.66,8.85,7.63,7.92,253400,7.92
2013-11-11,8.61,9.08,8.53,8.85,118700,8.85
2013-11-08,8.95,8.95,7.90,8.75,567600,8.75
2013-11-07,9.29,9.44,8.95,9.00,223700,9.00
2013-11-06,9.85,10.00,8.50,8.52,341800,8.52
2013-11-05,9.70,10.08,9.51,9.80,147200,9.80
2013-11-04,9.02,9.75,8.80,9.46,183600,9.46
2013-11-01,10.62,10.62,8.71,9.14,533400,9.14
2013-10-31,10.72,10.83,10.20,10.45,167300,10.45
2013-10-30,10.79,10.87,10.64,10.69,127000,10.69
2013-10-29,10.77,10.90,10.52,10.79,157300,10.79
2013-10-28,10.40,10.90,10.29,10.76,113200,10.76
2013-10-25,10.90,10.99,10.55,10.85,91500,10.85
2013-10-24,11.22,11.25,10.68,10.82,225200,10.82
2013-10-23,11.70,11.70,10.94,11.21,191600,11.21
2013-10-22,12.00,12.38,11.40,11.71,156200,11.71
2013-10-21,12.45,12.75,11.71,11.93,237600,11.93
2013-10-18,11.30,12.51,11.20,12.45,440100,12.45
2013-10-17,11.14,11.32,10.91,11.24,166200,11.24
2013-10-16,10.83,11.24,10.53,10.96,190600,10.96
2013-10-15,10.95,11.35,10.60,10.80,240300,10.80
2013-10-14,11.01,11.15,10.68,11.01,104700,11.01
2013-10-11,11.39,11.70,10.95,11.15,268900,11.15
2013-10-10,11.12,11.70,10.54,11.19,401700,11.19
2013-10-09,11.15,11.15,9.85,10.22,396000,10.22
2013-10-08,12.40,12.65,10.37,11.11,534700,11.11
2013-10-07,11.13,12.44,11.00,12.06,683100,12.06
2013-10-04,10.25,11.79,10.10,11.00,739400,11.00
2013-10-03,10.04,10.40,9.87,10.09,157500,10.09
2013-10-02,10.05,10.14,9.93,10.05,120900,10.05
2013-10-01,10.00,10.42,9.96,10.02,208100,10.02
2013-09-30,9.85,10.15,9.80,9.97,221600,9.97
2013-09-27,10.30,10.87,10.10,10.43,305000,10.43
2013-09-26,9.29,10.46,9.18,10.30,645000,10.30
2013-09-25,8.85,9.34,8.70,9.12,234300,9.12
2013-09-24,9.03,9.08,8.60,8.68,153000,8.68
2013-09-23,9.30,9.30,8.55,9.09,238000,9.09
2013-09-20,9.15,9.35,8.87,9.34,179700,9.34
2013-09-19,9.40,9.40,9.11,9.19,100600,9.19
2013-09-18,9.36,9.50,9.02,9.30,190700,9.30
2013-09-17,10.26,10.50,9.03,9.25,374100,9.25
2013-09-16,10.00,10.89,9.97,10.06,186900,10.06
2013-09-13,10.85,10.92,9.60,9.95,485500,9.95
2013-09-12,10.99,13.21,10.85,11.00,1380300,11.00
2013-09-11,8.79,11.25,8.66,10.85,1417100,10.85
2013-09-10,7.65,8.71,7.51,8.57,502200,8.57
2013-09-09,7.64,7.65,7.35,7.43,72800,7.43
2013-09-06,7.65,7.65,7.36,7.51,76700,7.51
2013-09-05,7.35,7.55,7.16,7.55,93400,7.55
2013-09-04,7.56,7.63,7.27,7.28,102700,7.28
2013-09-03,7.50,7.70,7.44,7.57,84600,7.57
2013-08-30,7.53,7.53,7.27,7.39,80500,7.39
2013-08-29,7.37,7.70,7.08,7.50,107000,7.50
2013-08-28,7.40,7.50,7.11,7.25,142000,7.25
2013-08-27,7.55,7.89,7.32,7.57,198000,7.57
2013-08-26,7.20,7.87,7.20,7.61,265700,7.61
2013-08-23,6.63,7.63,6.39,7.23,305600,7.23
2013-08-22,6.49,6.62,6.32,6.59,48800,6.59
2013-08-21,6.10,6.75,6.10,6.37,89500,6.37
2013-08-20,6.31,6.75,5.55,6.12,289700,6.12
2013-08-19,6.99,6.99,6.51,6.53,94200,6.53
2013-08-16,6.67,7.11,6.36,6.98,96000,6.98
2013-08-15,7.20,7.20,6.28,6.69,270500,6.69
2013-08-14,7.17,7.35,6.92,7.25,192100,7.25
2013-08-13,7.36,7.40,6.85,7.12,571000,7.12
2013-08-12,6.01,7.95,6.01,6.78,1365000,6.78
2013-08-09,5.83,5.83,5.28,5.57,119900,5.57
2013-08-08,5.49,5.88,5.48,5.79,106200,5.79
2013-08-07,5.77,5.90,5.51,5.54,72200,5.54
2013-08-06,5.85,6.03,5.34,5.65,157700,5.65
2013-08-05,6.00,6.08,5.63,5.81,110200,5.81
2013-08-02,6.46,6.48,6.00,6.08,151100,6.08
2013-08-01,6.01,6.48,6.01,6.41,227000,6.41
2013-07-31,5.17,5.97,5.17,5.95,191000,5.95
2013-07-30,4.93,5.17,4.93,5.16,81600,5.16
2013-07-29,4.90,5.03,4.80,5.00,42200,5.00
2013-07-26,4.95,5.00,4.84,4.93,40000,4.93
2013-07-25,4.84,4.94,4.55,4.94,99800,4.94
2013-07-24,4.92,5.00,4.81,4.82,42200,4.82
2013-07-23,4.90,4.94,4.80,4.83,39700,4.83
2013-07-22,4.90,4.90,4.76,4.86,45400,4.86
2013-07-19,4.76,4.93,4.70,4.86,38300,4.86
2013-07-18,4.71,4.96,4.60,4.86,36800,4.86
2013-07-17,4.70,4.80,4.59,4.74,52700,4.74
2013-07-16,4.65,4.65,4.53,4.64,26400,4.64
2013-07-15,4.62,4.62,4.50,4.62,39100,4.62
2013-07-12,4.60,4.65,4.50,4.62,103800,4.62
2013-07-11,4.59,4.60,4.47,4.50,52300,4.50
2013-07-10,4.50,4.52,4.40,4.47,51500,4.47
2013-07-09,4.20,4.49,4.10,4.46,87900,4.46
2013-07-08,4.08,4.28,4.08,4.16,25100,4.16
2013-07-05,4.31,4.32,3.97,4.09,15300,4.09
2013-07-03,4.31,4.40,3.96,4.20,34600,4.20
2013-07-02,4.44,4.44,4.26,4.36,43800,4.36
2013-07-01,4.25,4.42,4.22,4.41,72600,4.41
2013-06-28,4.10,4.25,3.99,4.25,27800,4.25
2013-06-27,3.96,4.10,3.96,4.03,16100,4.03
2013-06-26,3.93,4.03,3.92,3.95,6800,3.95
2013-06-25,3.95,4.06,3.93,3.94,15500,3.94
2013-06-24,4.09,4.09,3.90,3.91,22300,3.91
2013-06-21,4.23,4.23,3.93,4.05,22100,4.05
2013-06-20,3.95,4.08,3.90,4.00,30000,4.00
2013-06-19,3.99,4.05,3.95,3.97,24200,3.97
2013-06-18,4.15,4.15,3.95,3.98,40300,3.98
2013-06-17,4.10,4.21,4.06,4.16,27100,4.16
2013-06-14,4.05,4.13,3.96,4.09,18700,4.09
2013-06-13,4.09,4.10,3.96,4.09,26900,4.09
2013-06-12,4.19,4.20,4.00,4.09,50400,4.09
2013-06-11,4.08,4.18,3.95,3.99,51700,3.99
2013-06-10,4.13,4.20,4.05,4.07,26900,4.07
2013-06-07,4.20,4.32,4.05,4.20,53900,4.20
2013-06-06,4.00,4.18,4.00,4.15,42400,4.15
2013-06-05,4.24,4.27,3.95,4.06,126100,4.06
2013-06-04,4.34,4.42,4.13,4.15,56800,4.15
2013-06-03,4.23,4.30,4.05,4.29,86200,4.29
2013-05-31,4.40,4.40,4.21,4.25,28300,4.25
2013-05-30,4.35,4.40,4.32,4.35,26300,4.35
2013-05-29,4.21,4.35,4.20,4.29,22000,4.29
2013-05-28,4.47,4.47,4.16,4.26,76300,4.26
2013-05-24,4.21,4.47,4.15,4.40,76000,4.40
2013-05-23,4.10,4.40,4.10,4.23,31400,4.23
2013-05-22,4.42,4.49,4.11,4.18,53700,4.18
2013-05-21,4.37,4.45,4.32,4.42,25500,4.42
2013-05-20,4.47,4.55,4.36,4.42,38800,4.42
2013-05-17,4.19,4.45,4.10,4.40,28100,4.40
2013-05-16,4.15,4.32,4.10,4.22,33100,4.22
2013-05-15,4.39,4.43,4.10,4.28,54100,4.28
2013-05-14,4.10,4.55,4.10,4.41,44100,4.41
2013-05-13,4.21,4.27,4.05,4.15,111800,4.15
2013-05-10,4.39,4.39,4.21,4.29,40500,4.29
2013-05-09,4.53,4.53,4.34,4.37,41700,4.37
2013-05-08,4.50,4.53,4.32,4.51,35000,4.51
2013-05-07,4.53,4.55,4.22,4.50,110500,4.50
2013-05-06,4.75,4.83,4.55,4.60,92600,4.60
2013-05-03,5.03,5.03,4.76,4.83,54000,4.83
2013-05-02,4.75,5.15,4.67,4.89,191800,4.89
2013-05-01,4.67,4.88,4.62,4.73,105900,4.73
2013-04-30,5.00,5.00,4.51,4.68,229400,4.68
2013-04-29,4.28,5.22,4.28,4.98,898500,4.98
2013-04-26,4.03,4.15,4.00,4.15,21800,4.15
2013-04-25,4.07,4.15,3.90,3.97,98000,3.97
2013-04-24,4.09,4.19,4.02,4.15,57300,4.15
2013-04-23,3.97,4.15,3.89,4.02,61800,4.02
2013-04-22,4.00,4.17,3.85,3.87,32500,3.87
2013-04-19,3.92,3.98,3.89,3.95,28100,3.95
2013-04-18,3.96,4.15,3.80,3.91,104100,3.91
2013-04-17,3.80,4.05,3.73,3.97,160800,3.97
2013-04-16,3.32,3.59,3.32,3.57,58800,3.57
2013-04-15,3.30,3.49,3.23,3.29,29100,3.29
2013-04-12,3.48,3.48,3.19,3.26,42900,3.26
2013-04-11,3.53,3.56,3.40,3.45,48300,3.45
2013-04-10,3.62,3.62,3.51,3.58,19500,3.58
2013-04-09,3.61,3.62,3.50,3.56,18800,3.56
2013-04-08,3.61,3.66,3.40,3.63,35100,3.63
2013-04-05,3.67,3.78,3.56,3.64,33700,3.64
2013-04-04,3.51,3.79,3.41,3.61,48000,3.61
2013-04-03,3.37,3.45,3.28,3.45,40400,3.45
2013-04-02,3.52,3.52,3.36,3.43,23100,3.43
2013-04-01,3.49,3.56,3.35,3.55,66600,3.55
2013-03-28,3.62,3.68,3.49,3.59,29700,3.59
2013-03-27,3.25,3.68,3.21,3.62,103800,3.62
2013-03-26,3.50,3.50,3.05,3.29,202500,3.29
2013-03-25,3.74,3.74,3.40,3.49,92900,3.49
2013-03-22,4.12,4.12,3.73,3.81,131700,3.81
2013-03-21,4.19,4.20,4.01,4.14,66800,4.14
2013-03-20,4.28,4.28,4.16,4.17,19000,4.17
2013-03-19,4.33,4.37,4.16,4.28,64000,4.28
2013-03-18,4.35,4.45,4.20,4.36,40900,4.36
2013-03-15,4.20,4.37,4.01,4.35,127500,4.35
2013-03-14,4.30,4.30,4.03,4.24,51000,4.24
2013-03-13,4.38,4.50,4.01,4.21,282200,4.21
2013-03-12,4.30,4.55,4.21,4.22,205200,4.22
2013-03-11,4.00,4.21,3.90,4.21,88100,4.21
2013-03-08,3.80,4.05,3.80,3.90,120200,3.90
2013-03-07,3.72,3.80,3.66,3.76,53000,3.76
2013-03-06,3.80,3.80,3.61,3.66,98600,3.66
2013-03-05,3.42,3.95,3.42,3.80,214800,3.80
2013-03-04,3.36,3.37,3.31,3.32,16300,3.32
2013-03-01,3.40,3.47,3.30,3.36,48500,3.36
2013-02-28,3.55,3.55,3.36,3.40,57400,3.40
2013-02-27,3.62,3.69,3.54,3.56,38500,3.56
2013-02-26,3.69,3.83,3.50,3.62,56200,3.62
2013-02-25,3.47,3.98,3.35,3.65,203600,3.65
2013-02-22,2.92,3.30,2.78,3.29,136700,3.29
2013-02-21,3.10,3.10,2.75,3.01,36400,3.01
2013-02-20,3.21,3.21,3.00,3.09,62200,3.09
2013-02-19,3.20,3.20,2.98,3.06,91400,3.06
2013-02-15,3.49,3.49,3.20,3.21,62800,3.21
2013-02-14,3.11,3.40,3.03,3.39,129400,3.39
2013-02-13,2.80,3.05,2.73,3.03,61000,3.03
2013-02-12,2.77,2.91,2.73,2.80,28000,2.80
2013-02-11,2.84,2.90,2.61,2.73,61100,2.73
2013-02-08,2.56,3.03,2.50,2.90,171300,2.90
2013-02-07,2.51,2.72,2.50,2.59,17200,2.59
2013-02-06,2.60,2.60,2.51,2.54,25500,2.54
2013-02-05,2.64,2.72,2.60,2.60,19400,2.60
2013-02-04,2.61,2.64,2.52,2.63,21100,2.63
2013-02-01,2.50,2.60,2.50,2.60,41500,2.60
2013-01-31,2.58,2.65,2.56,2.57,24400,2.57
2013-01-30,2.75,2.75,2.60,2.65,48400,2.65
2013-01-29,2.63,2.75,2.54,2.75,48600,2.75
2013-01-28,2.47,2.70,2.39,2.63,100600,2.63
2013-01-25,2.45,2.60,2.30,2.38,39500,2.38
2013-01-24,2.51,2.63,2.30,2.44,81700,2.44
2013-01-23,2.65,2.72,2.44,2.46,80500,2.46
2013-01-22,2.41,2.72,2.41,2.63,229900,2.63
2013-01-18,2.30,2.44,2.28,2.31,29700,2.31
2013-01-17,2.37,2.37,2.28,2.34,27500,2.34
2013-01-16,2.46,2.50,2.11,2.39,62400,2.39
2013-01-15,2.14,2.48,2.06,2.45,79800,2.45
2013-01-14,2.10,2.14,2.00,2.14,18300,2.14
2013-01-11,2.10,2.15,2.04,2.13,16700,2.13
2013-01-10,2.10,2.14,1.99,2.13,27700,2.13
2013-01-09,2.10,2.15,2.06,2.10,34500,2.10
2013-01-08,2.02,2.10,2.02,2.10,18800,2.10
2013-01-07,2.01,2.10,1.96,2.00,19200,2.00
2013-01-04,2.09,2.09,2.01,2.05,15600,2.05
2013-01-03,2.09,2.10,2.01,2.04,46500,2.04
2013-01-02,2.05,2.15,2.05,2.13,18000,2.13
2012-12-31,2.03,2.08,1.91,2.05,87800,2.05
2012-12-28,2.01,2.13,1.99,2.07,39900,2.07
2012-12-27,1.99,2.15,1.99,2.03,36700,2.03
2012-12-26,2.17,2.17,2.00,2.03,30700,2.03
2012-12-24,2.00,2.21,2.00,2.17,33400,2.17
2012-12-21,2.06,2.07,2.00,2.03,43000,2.03
2012-12-20,2.06,2.11,2.03,2.08,38400,2.08
2012-12-19,2.24,2.24,2.03,2.05,57100,2.05
2012-12-18,2.08,2.24,2.05,2.21,237500,2.21
2012-12-17,1.87,2.08,1.79,2.05,159100,2.05
2012-12-14,1.83,1.95,1.80,1.87,29000,1.87
2012-12-13,1.85,1.89,1.80,1.89,49600,1.89
2012-12-12,1.91,1.91,1.81,1.87,43100,1.87
2012-12-11,1.81,1.90,1.81,1.90,24400,1.90
2012-12-10,1.84,1.88,1.81,1.87,16400,1.87
2012-12-07,2.00,2.00,1.82,1.88,22900,1.88
2012-12-06,1.87,2.02,1.86,1.98,15400,1.98
2012-12-05,1.90,2.02,1.81,2.02,40400,2.02
2012-12-04,1.94,1.97,1.88,1.94,12300,1.94
2012-12-03,1.95,1.99,1.83,1.90,28800,1.90
2012-11-30,1.92,2.00,1.92,2.00,19800,2.00
2012-11-29,1.97,1.98,1.89,1.97,23400,1.97
2012-11-28,1.95,2.03,1.75,2.00,41000,2.00
2012-11-27,2.11,2.15,2.02,2.05,50100,2.05
2012-11-26,1.98,2.22,1.83,2.07,262400,2.07
2012-11-23,1.71,1.78,1.63,1.75,3900,1.75
2012-11-21,1.65,1.75,1.65,1.75,21400,1.75
2012-11-20,1.67,1.75,1.60,1.68,19100,1.68
2012-11-19,1.72,1.73,1.60,1.73,27800,1.73
2012-11-16,1.65,1.70,1.65,1.67,15100,1.67
2012-11-15,1.72,1.88,1.65,1.66,61000,1.66
2012-11-14,1.80,1.87,1.69,1.76,36400,1.76
2012-11-13,1.89,1.90,1.80,1.81,17300,1.81
2012-11-12,1.85,1.94,1.83,1.89,24100,1.89
2012-11-09,1.81,1.94,1.81,1.83,23200,1.83
2012-11-08,1.88,1.97,1.82,1.83,15300,1.83
2012-11-07,1.88,2.09,1.82,1.89,20800,1.89
2012-11-06,1.90,1.90,1.79,1.87,23900,1.87
2012-11-05,1.89,1.91,1.81,1.90,15800,1.90
2012-11-02,1.93,1.95,1.80,1.89,17500,1.89
2012-11-01,1.88,1.92,1.78,1.89,25400,1.89
2012-10-31,2.00,2.04,1.89,1.90,22200,1.90
2012-10-26,1.90,2.09,1.86,1.88,42700,1.88
2012-10-25,1.95,1.96,1.88,1.91,13800,1.91
2012-10-24,1.98,2.00,1.88,1.94,14000,1.94
2012-10-23,2.05,2.06,1.90,1.97,45800,1.97
2012-10-22,2.08,2.10,2.01,2.10,31100,2.10
2012-10-19,2.10,2.10,2.03,2.08,9900,2.08
2012-10-18,2.07,2.08,2.04,2.08,3200,2.08
2012-10-17,2.06,2.10,2.03,2.10,6700,2.10
2012-10-16,2.05,2.17,2.00,2.10,42500,2.10
2012-10-15,2.11,2.11,2.06,2.08,19300,2.08
2012-10-12,2.06,2.17,2.06,2.15,18700,2.15
2012-10-11,2.17,2.19,2.02,2.17,28500,2.17
2012-10-10,2.01,2.15,2.01,2.14,27400,2.14
2012-10-09,2.09,2.09,1.94,2.06,48700,2.06
2012-10-08,2.07,2.09,2.07,2.09,14100,2.09
2012-10-05,2.05,2.09,2.01,2.07,15400,2.07
2012-10-04,2.09,2.10,2.02,2.08,40600,2.08
2012-10-03,2.08,2.14,1.99,2.12,22300,2.12
2012-10-02,2.15,2.19,2.07,2.08,11000,2.08
2012-10-01,2.20,2.20,2.10,2.10,39600,2.10
2012-09-28,2.23,2.23,2.15,2.23,11100,2.23
2012-09-27,2.21,2.23,2.14,2.23,9600,2.23
2012-09-26,2.24,2.24,2.13,2.24,32300,2.24
2012-09-25,2.21,2.24,2.13,2.20,61900,2.20
2012-09-24,2.06,2.24,2.01,2.13,42100,2.13
2012-09-21,2.22,2.24,2.09,2.10,66600,2.10
2012-09-20,2.25,2.30,2.16,2.22,62500,2.22
2012-09-19,2.00,2.24,1.98,2.24,196800,2.24
2012-09-18,1.66,1.89,1.65,1.89,96000,1.89
2012-09-17,1.88,1.90,1.67,1.72,122400,1.72
2012-09-14,1.92,1.95,1.82,1.88,62900,1.88
2012-09-13,2.01,2.01,1.91,1.96,34000,1.96
2012-09-12,1.97,2.00,1.90,1.98,38600,1.98
2012-09-11,2.00,2.02,1.91,2.00,110800,2.00
2012-09-10,1.97,2.02,1.93,1.98,129100,1.98
2012-09-07,2.06,2.06,1.96,2.02,38200,2.02
2012-09-06,2.10,2.10,1.95,2.05,43000,2.05
2012-09-05,2.07,2.09,1.94,2.04,93400,2.04
2012-09-04,2.21,2.24,2.06,2.06,82500,2.06
2012-08-31,2.19,2.22,2.06,2.16,36000,2.16
2012-08-30,2.15,2.32,2.08,2.20,75200,2.20
2012-08-29,2.37,2.37,2.16,2.17,71000,2.17
2012-08-28,2.34,2.44,2.28,2.38,39400,2.38
2012-08-27,2.19,2.32,2.19,2.32,41400,2.32
2012-08-24,2.11,2.25,2.11,2.20,43500,2.20
2012-08-23,2.20,2.25,2.13,2.20,34900,2.20
2012-08-22,2.22,2.27,2.15,2.21,21000,2.21
2012-08-21,2.17,2.27,2.15,2.21,22900,2.21
2012-08-20,2.26,2.28,2.16,2.28,25400,2.28
2012-08-17,2.30,2.35,2.23,2.34,40400,2.34
2012-08-16,2.35,2.35,2.21,2.29,23400,2.29
2012-08-15,2.35,2.36,2.26,2.33,22400,2.33
2012-08-14,2.35,2.44,2.35,2.35,8900,2.35
2012-08-13,2.50,2.50,2.24,2.35,39900,2.35
2012-08-10,2.51,2.51,2.31,2.31,33400,2.31
2012-08-09,2.25,2.50,2.25,2.30,94000,2.30
2012-08-08,2.20,2.41,2.20,2.28,105900,2.28
2012-08-07,2.02,2.45,2.02,2.30,150000,2.30
2012-08-06,2.10,2.27,2.01,2.09,75800,2.09
2012-08-03,2.30,2.40,2.11,2.23,65100,2.23
2012-08-02,2.35,2.40,2.20,2.36,59300,2.36
2012-08-01,2.46,2.46,2.13,2.31,116000,2.31
2012-07-31,2.58,2.58,2.22,2.34,124500,2.34
2012-07-30,2.70,3.07,2.51,2.54,128600,2.54
2012-07-27,2.57,2.79,2.57,2.70,110600,2.70
2012-07-26,2.80,2.90,2.56,2.57,249600,2.57
2012-07-25,2.82,3.25,2.77,2.82,1378700,2.82
2012-07-24,2.95,2.97,2.36,2.48,530900,2.48
2012-07-23,1.75,3.48,1.75,2.90,2565300,2.90
2012-07-20,1.80,1.80,1.70,1.77,23200,1.77
2012-07-19,1.80,1.81,1.71,1.80,11500,1.80
2012-07-18,1.71,1.85,1.61,1.78,35200,1.78
2012-07-17,1.78,1.78,1.68,1.68,15800,1.68
2012-07-16,1.71,1.80,1.71,1.77,28900,1.77
2012-07-13,1.78,1.91,1.78,1.82,17200,1.82
2012-07-12,1.80,1.91,1.75,1.84,25300,1.84
2012-07-11,1.80,1.92,1.80,1.84,23800,1.84
2012-07-10,1.93,1.93,1.79,1.85,18500,1.85
2012-07-09,1.86,1.97,1.86,1.92,14100,1.92
2012-07-06,1.75,1.92,1.75,1.86,35100,1.86
2012-07-05,1.95,1.95,1.75,1.89,85600,1.89
2012-07-03,1.80,1.80,1.65,1.65,79700,1.65
2012-07-02,2.00,2.00,1.76,1.76,94700,1.76
2012-06-29,2.13,2.13,2.01,2.05,8200,2.05
2012-06-28,2.12,2.12,2.01,2.04,27900,2.04
2012-06-27,2.11,2.18,2.04,2.09,11900,2.09
2012-06-26,2.10,2.22,2.03,2.08,23600,2.08
2012-06-25,2.20,2.20,2.11,2.16,13800,2.16
2012-06-22,2.12,2.15,2.10,2.15,73600,2.15
2012-06-21,2.10,2.15,2.07,2.14,9600,2.14
2012-06-20,2.10,2.15,2.05,2.14,37500,2.14
2012-06-19,2.03,2.07,2.00,2.05,20500,2.05
2012-06-18,1.96,2.04,1.89,2.02,35800,2.02
2012-06-15,1.97,2.05,1.97,1.98,56100,1.98
2012-06-14,2.00,2.03,1.98,2.00,19500,2.00
2012-06-13,2.02,2.09,1.99,2.00,50700,2.00
2012-06-12,2.05,2.10,2.03,2.08,19900,2.08
2012-06-11,2.10,2.13,2.08,2.10,47400,2.10
2012-06-08,2.20,2.20,2.11,2.14,20400,2.14
2012-06-07,2.21,2.28,2.21,2.26,18800,2.26
2012-06-06,2.23,2.28,2.19,2.28,8500,2.28
2012-06-05,2.20,2.20,2.15,2.17,9500,2.17
2012-06-04,2.27,2.30,2.15,2.19,37300,2.19
2012-06-01,2.25,2.33,2.25,2.32,23800,2.32
2012-05-31,2.30,2.39,2.26,2.34,26300,2.34
2012-05-30,2.30,2.35,2.30,2.30,34900,2.30
2012-05-29,2.48,2.48,2.31,2.40,53100,2.40
2012-05-25,2.49,2.49,2.38,2.38,52300,2.38
2012-05-24,2.36,2.47,2.32,2.41,80000,2.41
2012-05-23,2.10,2.53,2.08,2.34,163000,2.34
2012-05-22,2.00,2.13,1.97,2.08,176000,2.08
2012-05-21,2.27,2.27,1.96,1.96,47000,1.96
2012-05-18,2.03,2.05,2.00,2.04,39800,2.04
2012-05-17,2.17,2.29,2.02,2.02,74000,2.02
2012-05-16,2.21,2.25,2.10,2.15,29400,2.15
2012-05-15,2.62,2.63,2.17,2.31,62000,2.31
2012-05-14,2.87,2.91,2.54,2.54,36500,2.54
2012-05-11,2.92,2.95,2.89,2.93,19800,2.93
2012-05-10,2.98,3.00,2.91,2.98,4800,2.98
2012-05-09,2.95,2.99,2.89,2.97,17000,2.97
2012-05-08,2.91,2.98,2.91,2.97,13700,2.97
2012-05-07,2.95,2.99,2.93,2.99,11000,2.99
2012-05-04,2.90,3.10,2.90,2.95,11400,2.95
2012-05-03,2.93,2.96,2.85,2.87,26000,2.87
2012-05-02,3.10,3.10,3.00,3.00,27100,3.00
2012-05-01,3.11,3.15,3.10,3.11,22000,3.11
2012-04-30,3.10,3.16,3.04,3.11,5800,3.11
2012-04-27,3.31,3.48,3.12,3.17,18400,3.17
2012-04-26,3.24,3.33,3.10,3.29,19400,3.29
2012-04-25,3.11,3.20,2.97,3.14,86600,3.14
2012-04-24,2.90,3.05,2.90,3.04,44500,3.04
2012-04-23,2.95,2.96,2.81,2.82,23300,2.82
2012-04-20,3.18,3.18,2.90,2.95,45900,2.95
2012-04-19,3.00,3.14,2.94,3.08,112400,3.08
2012-04-18,2.81,2.95,2.81,2.93,22700,2.93
2012-04-17,2.78,2.99,2.75,2.89,46100,2.89
2012-04-16,2.96,2.96,2.69,2.81,51000,2.81
2012-04-13,3.20,3.30,2.53,3.00,147200,3.00
2012-04-12,3.55,3.60,3.11,3.25,143900,3.25
