Date,Open,High,Low,Close,Volume,Adj Close
2016-11-25,19.82,19.940001,19.74,19.91,61600,19.91
2016-11-23,19.610001,19.860001,19.60,19.860001,135800,19.860001
2016-11-22,19.68,19.870001,19.620001,19.66,316100,19.66
2016-11-21,19.540001,19.73,19.49,19.68,184800,19.68
2016-11-18,19.549999,19.549999,19.35,19.48,161200,19.48
2016-11-17,19.17,19.60,19.139999,19.530001,425200,19.530001
2016-11-16,19.139999,19.360001,19.059999,19.139999,215600,19.139999
2016-11-15,19.07,19.27,19.040001,19.23,227200,19.23
2016-11-14,19.049999,19.16,18.93,18.959999,276200,18.959999
2016-11-11,18.969999,19.120001,18.870001,19.09,417000,19.09
2016-11-10,18.799999,19.07,18.73,18.969999,550700,18.969999
2016-11-09,18.280001,18.780001,18.25,18.73,248600,18.62
2016-11-08,18.280001,18.52,18.25,18.450001,194100,18.341646
2016-11-07,18.16,18.34,18.129999,18.299999,177700,18.192525
2016-11-04,18.07,18.139999,18.00,18.01,136500,17.904229
2016-11-03,18.219999,18.290001,18.110001,18.129999,149100,18.023523
2016-11-02,18.50,18.59,18.15,18.17,204000,18.063289
2016-11-01,18.84,18.84,18.50,18.60,120600,18.490764
2016-10-31,18.67,18.809999,18.639999,18.799999,132400,18.689589
2016-10-28,18.719999,18.860001,18.530001,18.67,203700,18.560353
2016-10-27,19.08,19.08,18.77,18.780001,111100,18.669708
2016-10-26,18.950001,19.00,18.90,18.99,114800,18.878473
2016-10-25,19.10,19.15,18.93,18.959999,282200,18.848649
2016-10-24,19.120001,19.17,19.00,19.07,145000,18.958003
2016-10-21,18.790001,18.99,18.77,18.99,104200,18.878473
2016-10-20,18.82,18.879999,18.719999,18.84,101200,18.729355
2016-10-19,18.84,18.889999,18.780001,18.85,127800,18.739296
2016-10-18,18.709999,18.799999,18.68,18.780001,265600,18.669708
2016-10-17,18.780001,18.780001,18.440001,18.540001,146500,18.431117
2016-10-14,18.93,18.93,18.690001,18.84,230300,18.729355
2016-10-13,18.889999,18.889999,18.65,18.799999,197300,18.689589
2016-10-12,19.120001,19.120001,19.040001,19.10,155400,18.878473
2016-10-11,19.27,19.27,19.02,19.120001,203100,18.898242
2016-10-10,19.25,19.290001,19.219999,19.290001,144100,19.06627
2016-10-07,19.280001,19.280001,19.09,19.209999,130700,18.987196
2016-10-06,19.209999,19.32,19.110001,19.32,146300,19.095921
2016-10-05,19.209999,19.26,19.17,19.24,144600,19.016849
2016-10-04,19.280001,19.290001,19.059999,19.24,165200,19.016849
2016-10-03,19.26,19.32,19.16,19.32,111500,19.095921
2016-09-30,19.16,19.290001,19.16,19.209999,122600,18.987196
2016-09-29,19.27,19.280001,19.030001,19.16,143200,18.937777
2016-09-28,19.23,19.25,19.030001,19.24,158300,19.016849
2016-09-27,18.98,19.200001,18.950001,19.190001,151300,18.967429
2016-09-26,19.07,19.110001,18.950001,19.07,231100,18.84882
2016-09-23,19.17,19.200001,19.120001,19.16,195700,18.937777
2016-09-22,19.17,19.27,19.17,19.25,180300,19.026733
2016-09-21,19.00,19.08,18.91,19.040001,199700,18.819169
2016-09-20,18.950001,18.98,18.860001,18.92,200100,18.70056
2016-09-19,18.969999,19.049999,18.879999,18.93,165100,18.710445
2016-09-16,19.02,19.02,18.85,18.940001,143000,18.720329
2016-09-15,18.940001,19.049999,18.860001,19.030001,143600,18.809285
2016-09-14,19.040001,19.059999,18.82,18.92,160000,18.70056
2016-09-13,19.25,19.27,19.059999,19.10,165500,18.769749
2016-09-12,19.25,19.42,19.120001,19.41,212300,19.074388
2016-09-09,19.66,19.67,19.299999,19.299999,260100,18.96629
2016-09-08,19.77,19.83,19.719999,19.799999,210000,19.457644
2016-09-07,19.84,19.84,19.77,19.83,140200,19.487126
2016-09-06,19.809999,19.860001,19.73,19.82,149900,19.477299
2016-09-02,19.77,19.860001,19.74,19.799999,157200,19.457644
2016-09-01,19.950001,19.98,19.700001,19.74,355800,19.398682
2016-08-31,19.82,19.92,19.780001,19.91,153300,19.565743
2016-08-30,19.93,19.969999,19.799999,19.91,151000,19.565743
2016-08-29,19.91,19.969999,19.77,19.85,121200,19.506781
2016-08-26,19.969999,20.02,19.90,19.940001,131800,19.595225
2016-08-25,19.879999,20.00,19.809999,19.93,164800,19.585398
2016-08-24,20.08,20.08,19.870001,19.92,169900,19.57557
2016-08-23,20.030001,20.049999,19.99,20.040001,107800,19.693496
2016-08-22,19.959999,20.01,19.93,19.98,106000,19.634532
2016-08-19,19.969999,20.01,19.950001,19.99,108500,19.64436
2016-08-18,19.91,20.02,19.90,20.00,123700,19.654187
2016-08-17,19.98,20.00,19.90,19.950001,116700,19.605052
2016-08-16,19.959999,20.00,19.92,19.98,134600,19.634532
2016-08-15,20.040001,20.049999,19.950001,20.02,111000,19.673842
2016-08-12,20.030001,20.059999,19.940001,20.059999,129900,19.605051
2016-08-11,19.950001,20.02,19.90,19.969999,148400,19.517092
2016-08-10,19.959999,19.99,19.799999,19.85,138500,19.399815
2016-08-09,19.870001,19.98,19.860001,19.90,105600,19.44868
2016-08-08,19.90,19.92,19.799999,19.82,120000,19.370494
2016-08-05,19.74,19.84,19.73,19.83,94500,19.380268
2016-08-04,19.75,19.790001,19.68,19.719999,117900,19.272762
2016-08-03,19.559999,19.709999,19.540001,19.709999,165700,19.262988
2016-08-02,19.610001,19.74,19.50,19.610001,219500,19.165258
2016-08-01,19.98,20.01,19.83,19.84,137600,19.390041
2016-07-29,19.969999,20.02,19.969999,20.00,135300,19.546412
2016-07-28,20.00,20.040001,19.950001,20.00,93700,19.546412
2016-07-27,20.01,20.040001,19.950001,19.959999,130500,19.507319
2016-07-26,19.98,19.99,19.879999,19.889999,146100,19.438906
2016-07-25,19.93,19.99,19.889999,19.99,148200,19.536639
2016-07-22,19.99,20.00,19.85,19.91,171800,19.458453
2016-07-21,19.860001,19.950001,19.809999,19.950001,261400,19.497547
2016-07-20,19.77,19.83,19.639999,19.82,147700,19.370494
2016-07-19,19.66,19.709999,19.549999,19.700001,124500,19.253217
2016-07-18,19.639999,19.700001,19.620001,19.629999,169100,19.184803
2016-07-15,19.780001,19.790001,19.629999,19.67,134000,19.223897
2016-07-14,19.77,19.84,19.620001,19.719999,223700,19.272762
2016-07-13,19.77,19.77,19.469999,19.57,156100,19.126164
2016-07-12,19.76,19.879999,19.639999,19.83,234400,19.272762
2016-07-11,19.459999,19.68,19.459999,19.610001,172600,19.058945
2016-07-08,19.41,19.50,19.309999,19.440001,204300,18.893722
2016-07-07,19.27,19.360001,19.16,19.27,207200,18.728499
2016-07-06,19.059999,19.24,18.889999,19.18,196600,18.641028
2016-07-05,19.200001,19.24,18.950001,19.190001,210100,18.650748
2016-07-01,19.17,19.34,19.15,19.34,113600,18.796532
2016-06-30,18.90,19.139999,18.84,19.129999,284100,18.592432
2016-06-29,18.68,18.90,18.67,18.83,374900,18.300863
2016-06-28,18.559999,18.59,18.450001,18.50,232100,17.980137
2016-06-27,18.66,18.66,18.25,18.370001,283700,17.85379
2016-06-24,18.799999,19.049999,18.66,18.860001,414400,18.330021
2016-06-23,19.290001,19.290001,19.10,19.23,288500,18.689623
2016-06-22,19.15,19.190001,19.049999,19.10,185800,18.563276
2016-06-21,19.15,19.17,19.09,19.10,156300,18.563276
2016-06-20,19.15,19.26,19.10,19.10,140500,18.563276
2016-06-17,18.950001,19.040001,18.90,18.90,125500,18.368896
2016-06-16,18.90,19.049999,18.75,19.01,179000,18.475805
2016-06-15,19.040001,19.07,18.98,19.01,131000,18.475805
2016-06-14,19.059999,19.110001,18.92,18.969999,169500,18.436929
2016-06-13,19.40,19.41,19.23,19.280001,127100,18.631309
2016-06-10,19.60,19.629999,19.42,19.48,130200,18.824579
2016-06-09,19.67,19.73,19.59,19.65,175900,18.988859
2016-06-08,19.450001,19.73,19.450001,19.709999,227900,19.04684
2016-06-07,19.32,19.469999,19.280001,19.459999,186900,18.805252
2016-06-06,19.17,19.43,19.139999,19.35,225900,18.698954
2016-06-03,19.129999,19.17,19.059999,19.16,148400,18.515346
2016-06-02,19.10,19.17,19.049999,19.139999,121700,18.496019
2016-06-01,19.01,19.120001,18.98,19.120001,167800,18.476693
2016-05-31,19.09,19.16,19.02,19.049999,179000,18.409047
2016-05-27,18.98,19.10,18.959999,19.08,184000,18.438038
2016-05-26,19.00,19.040001,18.879999,18.959999,228200,18.322075
2016-05-25,18.860001,18.93,18.860001,18.870001,224700,18.235104
2016-05-24,18.559999,18.77,18.559999,18.77,261500,18.138469
2016-05-23,18.49,18.57,18.360001,18.52,341300,17.89688
2016-05-20,18.43,18.450001,18.309999,18.389999,152600,17.771253
2016-05-19,18.440001,18.52,18.200001,18.34,165500,17.722936
2016-05-18,18.540001,18.549999,18.43,18.48,187400,17.858225
2016-05-17,18.49,18.57,18.42,18.52,199500,17.89688
2016-05-16,18.450001,18.59,18.40,18.530001,217500,17.906544
2016-05-13,18.51,18.639999,18.35,18.370001,168400,17.751927
2016-05-12,18.709999,18.719999,18.530001,18.57,184800,17.945197
2016-05-11,18.700001,18.780001,18.67,18.719999,189100,17.983851
2016-05-10,18.60,18.74,18.58,18.719999,194900,17.983851
2016-05-09,18.459999,18.540001,18.43,18.530001,256300,17.801324
2016-05-06,18.280001,18.49,18.25,18.459999,158100,17.734075
2016-05-05,18.50,18.51,18.280001,18.35,192000,17.628402
2016-05-04,18.440001,18.469999,18.309999,18.450001,150800,17.72447
2016-05-03,18.620001,18.629999,18.48,18.540001,173500,17.810931
2016-05-02,18.799999,18.870001,18.74,18.74,175800,18.003065
2016-04-29,18.700001,18.809999,18.60,18.799999,140100,18.060705
2016-04-28,18.76,18.93,18.75,18.77,131600,18.031886
2016-04-27,18.75,18.93,18.74,18.90,149400,18.156773
2016-04-26,18.690001,18.780001,18.690001,18.780001,112600,18.041493
2016-04-25,18.75,18.809999,18.610001,18.690001,177200,17.955032
2016-04-22,18.790001,18.82,18.68,18.799999,186200,18.060705
2016-04-21,18.889999,18.889999,18.77,18.82,121300,18.079919
2016-04-20,18.67,18.90,18.67,18.85,159500,18.10874
2016-04-19,18.59,18.75,18.59,18.700001,207500,17.964639
2016-04-18,18.23,18.58,18.23,18.530001,176200,17.801324
2016-04-15,18.15,18.34,18.15,18.27,148700,17.551548
2016-04-14,18.190001,18.299999,18.18,18.18,245200,17.465087
2016-04-13,18.18,18.27,18.139999,18.190001,186600,17.474694
2016-04-12,18.08,18.26,17.98,18.139999,177900,17.320985
2016-04-11,18.049999,18.190001,18.01,18.040001,134800,17.225502
2016-04-08,17.99,18.10,17.91,17.91,148600,17.10137
2016-04-07,18.02,18.02,17.84,17.84,163800,17.034531
2016-04-06,17.969999,18.16,17.92,18.09,175700,17.273243
2016-04-05,18.00,18.00,17.870001,17.879999,245300,17.072724
2016-04-04,18.49,18.49,18.08,18.08,286800,17.263695
2016-04-01,18.360001,18.629999,18.309999,18.50,199800,17.664732
2016-03-31,18.50,18.540001,18.42,18.48,124300,17.645635
2016-03-30,18.40,18.48,18.33,18.459999,163700,17.626537
2016-03-29,18.00,18.299999,17.98,18.299999,170400,17.473761
2016-03-28,18.07,18.15,18.01,18.09,115900,17.273243
2016-03-24,18.139999,18.139999,18.00,18.01,191700,17.196855
2016-03-23,18.40,18.40,18.24,18.27,194700,17.445117
2016-03-22,18.280001,18.42,18.26,18.370001,162900,17.540602
2016-03-21,18.35,18.389999,18.290001,18.35,110700,17.521505
2016-03-18,18.25,18.40,18.24,18.40,190100,17.569247
2016-03-17,17.91,18.209999,17.90,18.190001,149600,17.368729
2016-03-16,17.700001,17.93,17.67,17.90,196400,17.091821
2016-03-15,17.84,17.84,17.75,17.790001,100100,16.986789
2016-03-14,17.85,17.99,17.85,17.950001,108300,17.139565
2016-03-11,17.879999,18.049999,17.84,18.00,125000,17.082273
2016-03-10,17.82,17.879999,17.59,17.74,132800,16.835528
2016-03-09,17.68,17.77,17.59,17.76,150400,16.854509
2016-03-08,17.76,17.83,17.540001,17.610001,143200,16.712157
2016-03-07,17.719999,17.879999,17.67,17.83,108000,16.92094
2016-03-04,17.68,17.85,17.610001,17.84,117700,16.93043
2016-03-03,17.58,17.639999,17.48,17.629999,110600,16.731136
2016-03-02,17.309999,17.549999,17.299999,17.549999,149400,16.655215
2016-03-01,17.02,17.370001,16.969999,17.360001,134900,16.474903
2016-02-29,17.040001,17.10,16.90,16.959999,236700,16.095296
2016-02-26,17.00,17.040001,16.93,17.02,163000,16.152238
2016-02-25,16.77,16.92,16.610001,16.92,155200,16.057336
2016-02-24,16.549999,16.77,16.370001,16.77,152300,15.914984
2016-02-23,16.83,16.84,16.629999,16.76,254600,15.905494
2016-02-22,16.790001,16.860001,16.719999,16.84,209800,15.981415
2016-02-19,16.48,16.66,16.42,16.66,186200,15.810592
2016-02-18,16.709999,16.709999,16.549999,16.629999,149800,15.782121
2016-02-17,16.43,16.700001,16.32,16.67,178900,15.820082
2016-02-16,16.10,16.290001,15.93,16.280001,418000,15.449967
2016-02-12,15.64,15.89,15.57,15.84,197500,15.0324
2016-02-11,15.43,15.60,15.25,15.46,372200,14.671774
2016-02-10,15.79,16.040001,15.73,15.77,195800,14.965969
2016-02-09,15.75,15.97,15.58,15.82,240500,14.909028
2016-02-08,16.299999,16.299999,15.81,16.030001,261100,15.106936
2016-02-05,16.76,16.77,16.35,16.370001,139000,15.427358
2016-02-04,16.57,16.82,16.57,16.799999,181800,15.832595
2016-02-03,16.60,16.629999,16.24,16.59,209800,15.634689
2016-02-02,16.41,16.58,16.360001,16.50,193900,15.549871
2016-02-01,16.549999,16.790001,16.549999,16.719999,151600,15.757202
2016-01-29,16.25,16.719999,16.209999,16.709999,165500,15.747778
2016-01-28,16.139999,16.280001,16.030001,16.18,183700,15.248298
2016-01-27,16.08,16.290001,15.94,15.97,173500,15.050391
2016-01-26,15.93,16.129999,15.93,16.07,234600,15.144632
2016-01-25,16.110001,16.209999,15.90,15.90,271800,14.984421
2016-01-22,15.89,16.24,15.88,16.219999,444900,15.285994
2016-01-21,15.39,15.78,15.34,15.61,275900,14.71112
2016-01-20,15.52,15.53,14.82,15.34,661000,14.456668
2016-01-19,16.10,16.27,15.67,15.74,358100,14.833634
2016-01-15,15.97,16.16,15.75,16.00,451200,15.078663
2016-01-14,16.23,16.549999,16.00,16.379999,260500,15.43678
2016-01-13,16.790001,16.879999,16.139999,16.15,325600,15.220025
2016-01-12,16.799999,16.959999,16.58,16.719999,205800,15.757202
2016-01-11,17.040001,17.08,16.67,16.76,250300,15.691234
2016-01-08,17.280001,17.379999,17.00,17.00,270200,15.915929
2016-01-07,17.440001,17.51,17.200001,17.209999,216100,16.112537
2016-01-06,17.790001,17.83,17.639999,17.639999,198300,16.515117
2016-01-05,18.030001,18.18,17.870001,17.959999,225500,16.81471
2016-01-04,18.10,18.10,17.77,18.00,283800,16.85216
2015-12-31,18.50,18.639999,18.450001,18.459999,223400,17.282826
2015-12-30,18.65,18.690001,18.52,18.549999,176300,17.367087
2015-12-29,18.639999,18.75,18.610001,18.629999,151600,17.441985
2015-12-28,18.459999,18.60,18.379999,18.58,250800,17.395174
2015-12-24,18.49,18.58,18.459999,18.58,73900,17.395174
2015-12-23,18.360001,18.59,18.26,18.51,280300,17.329639
2015-12-22,17.91,18.360001,17.889999,18.309999,266400,17.142392
2015-12-21,17.950001,18.10,17.77,17.91,234000,16.7679
2015-12-18,18.059999,18.200001,17.85,17.91,319800,16.7679
2015-12-17,18.309999,18.360001,18.08,18.18,215900,17.020682
2015-12-16,18.02,18.370001,18.02,18.23,272300,17.067493
2015-12-15,17.90,18.129999,17.879999,17.98,197900,16.833435
2015-12-14,17.92,18.00,17.530001,17.83,309100,16.693001
2015-12-11,18.07,18.32,17.950001,17.98,232300,16.833435
2015-12-10,18.23,18.440001,18.209999,18.219999,209800,17.058131
2015-12-09,18.450001,18.59,18.209999,18.280001,204300,17.114306
2015-12-08,18.629999,18.780001,18.51,18.66,318400,17.367088
2015-12-07,18.879999,18.889999,18.67,18.780001,114100,17.478774
2015-12-04,18.709999,19.00,18.68,18.959999,176500,17.646301
2015-12-03,19.110001,19.120001,18.639999,18.719999,164500,17.42293
2015-12-02,19.059999,19.18,19.00,19.059999,166100,17.739372
2015-12-01,19.08,19.139999,19.02,19.139999,150300,17.813829
2015-11-30,18.959999,19.07,18.959999,19.030001,138300,17.711452
2015-11-27,19.059999,19.059999,18.93,18.98,52300,17.664915
2015-11-25,18.969999,19.059999,18.959999,19.00,97000,17.68353
2015-11-24,18.82,19.01,18.77,18.950001,117400,17.636995
2015-11-23,19.07,19.09,18.879999,18.940001,182900,17.627688
2015-11-20,19.07,19.110001,19.02,19.049999,149400,17.730065
2015-11-19,18.780001,19.030001,18.780001,18.98,203800,17.664915
2015-11-18,18.58,18.889999,18.58,18.84,143100,17.534616
2015-11-17,18.51,18.66,18.469999,18.58,182400,17.292631
2015-11-16,18.27,18.59,18.27,18.530001,156700,17.246096
2015-11-13,18.50,18.52,18.27,18.280001,141400,17.013418
2015-11-12,18.65,18.77,18.49,18.530001,153700,17.246096
2015-11-11,18.92,19.00,18.790001,18.799999,145600,17.497387
2015-11-10,18.91,19.040001,18.889999,18.959999,127800,17.646301
2015-11-09,19.35,19.40,19.09,19.10,139900,17.674223
2015-11-06,19.450001,19.49,19.33,19.440001,97600,17.988843
2015-11-05,19.51,19.60,19.459999,19.48,128100,18.025856
2015-11-04,19.620001,19.68,19.469999,19.549999,140700,18.09063
2015-11-03,19.52,19.73,19.51,19.540001,248000,18.081378
2015-11-02,19.49,19.639999,19.43,19.51,107100,18.053617
2015-10-30,19.379999,19.57,19.219999,19.52,126900,18.062871
2015-10-29,19.17,19.35,19.139999,19.34,129800,17.896307
2015-10-28,19.17,19.290001,19.139999,19.27,129200,17.831533
2015-10-27,19.18,19.219999,19.01,19.219999,157800,17.785264
2015-10-26,19.27,19.33,19.200001,19.219999,164700,17.785264
2015-10-23,19.24,19.26,19.15,19.25,186300,17.813026
2015-10-22,18.83,19.09,18.76,19.030001,136500,17.609449
2015-10-21,18.809999,18.90,18.75,18.75,173700,17.35035
2015-10-20,18.90,18.959999,18.719999,18.77,176400,17.368857
2015-10-19,18.85,18.99,18.82,18.969999,132300,17.553926
2015-10-16,18.889999,18.969999,18.790001,18.969999,124000,17.553926
2015-10-15,18.709999,18.879999,18.559999,18.85,150500,17.442885
2015-10-14,18.93,18.93,18.459999,18.639999,233900,17.24856
2015-10-13,19.030001,19.059999,18.91,19.059999,185600,17.535419
2015-10-12,19.049999,19.16,18.959999,19.16,171500,17.627421
2015-10-09,18.98,19.129999,18.860001,19.129999,192400,17.59982
2015-10-08,18.68,18.940001,18.60,18.940001,122100,17.425019
2015-10-07,18.559999,18.74,18.48,18.74,176600,17.241016
2015-10-06,18.42,18.559999,18.32,18.559999,201100,17.075413
2015-10-05,18.10,18.41,18.07,18.41,234600,16.937412
2015-10-02,17.67,18.00,17.25,18.00,263400,16.560207
2015-10-01,17.51,18.35,17.34,18.35,143100,16.882212
2015-09-30,17.309999,17.559999,17.25,17.559999,191800,16.155402
2015-09-29,17.27,17.32,17.049999,17.110001,224200,15.741398
2015-09-28,17.790001,17.790001,17.27,17.280001,211900,15.8978
2015-09-25,17.870001,18.030001,17.809999,17.860001,107000,16.431406
2015-09-24,17.82,17.90,17.700001,17.799999,268200,16.376204
2015-09-23,18.129999,18.129999,17.889999,17.969999,143200,16.532606
2015-09-22,18.129999,18.129999,17.950001,18.08,178000,16.633808
2015-09-21,18.26,18.42,18.23,18.35,131000,16.882212
2015-09-18,18.26,18.40,18.24,18.26,142000,16.799411
2015-09-17,18.379999,18.870001,18.379999,18.559999,294500,17.075413
2015-09-16,18.24,18.450001,18.129999,18.450001,152900,16.974213
2015-09-15,17.93,18.23,17.90,18.23,148800,16.77181
2015-09-14,18.040001,18.040001,17.90,17.93,121000,16.495807
2015-09-11,18.17,18.219999,18.059999,18.129999,121000,16.578607
2015-09-10,18.16,18.34,18.10,18.280001,101100,16.715773
2015-09-09,18.48,18.58,18.139999,18.18,159600,16.624329
2015-09-08,18.379999,18.379999,18.17,18.33,156500,16.761493
2015-09-04,18.00,18.120001,17.860001,18.030001,126000,16.487165
2015-09-03,18.190001,18.34,18.139999,18.139999,211800,16.587751
2015-09-02,18.26,18.309999,18.07,18.16,273700,16.60604
2015-09-01,18.120001,18.25,17.950001,18.059999,287300,16.514597
2015-08-31,18.469999,18.629999,18.440001,18.530001,212200,16.94438
2015-08-28,18.370001,18.620001,18.370001,18.60,153400,17.00839
2015-08-27,18.209999,18.52,18.209999,18.42,373600,16.843792
2015-08-26,18.049999,18.110001,17.629999,17.99,529000,16.450587
2015-08-25,18.17,18.26,17.76,17.83,428400,16.304279
2015-08-24,17.85,18.24,16.469999,17.610001,830200,16.103105
2015-08-21,19.25,19.299999,18.799999,18.889999,393200,17.273574
2015-08-20,19.75,19.75,19.469999,19.48,240600,17.813087
2015-08-19,19.91,19.969999,19.799999,19.91,145800,18.206292
2015-08-18,20.00,20.059999,19.950001,19.969999,119700,18.261157
2015-08-17,19.92,20.049999,19.85,20.030001,149600,18.316024
2015-08-14,20.059999,20.110001,19.91,20.00,308200,18.288591
2015-08-13,20.120001,20.18,20.00,20.040001,309300,18.325169
2015-08-12,20.059999,20.25,19.860001,20.25,416500,18.425755
2015-08-11,20.16,20.23,20.049999,20.209999,162500,18.389358
2015-08-10,20.16,20.360001,20.16,20.35,166800,18.516747
2015-08-07,20.110001,20.129999,20.02,20.07,79400,18.26197
2015-08-06,20.33,20.34,20.09,20.16,126500,18.343863
2015-08-05,20.32,20.530001,20.280001,20.309999,150700,18.48035
2015-08-04,20.24,20.440001,20.23,20.23,148800,18.407557
2015-08-03,20.41,20.42,20.23,20.299999,78900,18.47125
2015-07-31,20.469999,20.52,20.360001,20.370001,130600,18.534946
2015-07-30,20.40,20.49,20.32,20.40,185400,18.562242
2015-07-29,20.280001,20.469999,20.280001,20.440001,190700,18.598639
2015-07-28,20.08,20.32,20.00,20.290001,170400,18.462153
2015-07-27,20.129999,20.17,20.01,20.049999,135300,18.243772
2015-07-24,20.59,20.59,20.23,20.280001,128200,18.453053
2015-07-23,20.629999,20.67,20.48,20.549999,113600,18.698729
2015-07-22,20.639999,20.709999,20.50,20.59,159700,18.735126
2015-07-21,20.700001,20.75,20.59,20.690001,163300,18.826118
2015-07-20,20.83,20.84,20.75,20.76,105600,18.889811
2015-07-17,20.969999,20.969999,20.799999,20.870001,102700,18.989903
2015-07-16,21.01,21.02,20.870001,21.02,195800,19.126389
2015-07-15,20.870001,20.959999,20.83,20.959999,171500,19.071793
2015-07-14,20.860001,21.02,20.790001,21.02,166200,19.035398
2015-07-13,20.74,20.91,20.74,20.90,267300,18.926727
2015-07-10,20.459999,20.629999,20.440001,20.620001,150300,18.673165
2015-07-09,20.41,20.49,20.27,20.27,176300,18.356209
2015-07-08,20.48,20.52,20.18,20.27,170900,18.356209
2015-07-07,20.620001,20.639999,20.309999,20.610001,200100,18.664108
2015-07-06,20.620001,20.66,20.50,20.59,156600,18.645996
2015-07-02,20.84,20.90,20.65,20.780001,293500,18.818058
2015-07-01,20.93,20.950001,20.799999,20.860001,141300,18.890505
2015-06-30,20.93,20.959999,20.66,20.82,151500,18.85428
2015-06-29,21.00,21.00,20.690001,20.709999,240200,18.754666
2015-06-26,21.25,21.25,21.059999,21.15,132400,19.153123
2015-06-25,21.41,21.41,21.209999,21.209999,211700,19.207458
2015-06-24,21.34,21.42,21.309999,21.389999,168600,19.370464
2015-06-23,21.379999,21.450001,21.25,21.42,278300,19.397632
2015-06-22,21.24,21.35,21.24,21.34,219800,19.325185
2015-06-19,21.209999,21.25,21.120001,21.209999,129700,19.207458
2015-06-18,21.110001,21.280001,21.10,21.209999,155000,19.207458
2015-06-17,21.10,21.139999,21.00,21.08,142700,19.089733
2015-06-16,20.969999,21.08,20.879999,21.07,128000,19.080677
2015-06-15,20.870001,20.98,20.790001,20.969999,162600,18.990118
2015-06-12,21.18,21.18,21.00,21.09,118600,19.098789
2015-06-11,21.26,21.370001,21.26,21.309999,82700,19.207459
2015-06-10,21.059999,21.290001,21.030001,21.24,139400,19.144365
2015-06-09,21.10,21.10,20.90,21.02,169800,18.946072
2015-06-08,21.17,21.17,21.040001,21.059999,103100,18.982125
2015-06-05,21.139999,21.209999,21.049999,21.17,137400,19.081272
2015-06-04,21.40,21.40,21.139999,21.190001,141000,19.099299
2015-06-03,21.40,21.48,21.360001,21.440001,75500,19.324633
2015-06-02,21.35,21.379999,21.280001,21.35,100800,19.243513
2015-06-01,21.41,21.450001,21.33,21.35,118100,19.243513
2015-05-29,21.540001,21.540001,21.35,21.41,89300,19.297592
2015-05-28,21.530001,21.540001,21.42,21.51,97700,19.387726
2015-05-27,21.459999,21.58,21.42,21.57,97300,19.441806
2015-05-26,21.57,21.57,21.309999,21.41,138100,19.297592
2015-05-22,21.709999,21.719999,21.549999,21.549999,107100,19.423779
2015-05-21,21.639999,21.719999,21.610001,21.709999,113400,19.567992
2015-05-20,21.58,21.65,21.50,21.59,112000,19.459833
2015-05-19,21.610001,21.629999,21.50,21.540001,105200,19.414767
2015-05-18,21.549999,21.67,21.51,21.629999,114500,19.495886
2015-05-15,21.559999,21.629999,21.48,21.620001,82800,19.486874
2015-05-14,21.49,21.60,21.440001,21.57,100200,19.441806
2015-05-13,21.52,21.540001,21.35,21.41,84000,19.297592
2015-05-12,21.40,21.51,21.25,21.459999,182400,19.342659
2015-05-11,21.52,21.59,21.48,21.549999,169700,19.333646
2015-05-08,21.48,21.57,21.469999,21.52,142200,19.306732
2015-05-07,21.32,21.43,21.24,21.34,123400,19.145244
2015-05-06,21.51,21.51,21.200001,21.290001,177800,19.100387
2015-05-05,21.52,21.549999,21.360001,21.42,112300,19.217016
2015-05-04,21.540001,21.60,21.530001,21.540001,203700,19.324676
2015-05-01,21.41,21.549999,21.41,21.549999,78900,19.333646
2015-04-30,21.549999,21.57,21.290001,21.35,173200,19.154216
2015-04-29,21.530001,21.67,21.50,21.58,139300,19.360561
2015-04-28,21.459999,21.60,21.40,21.59,135400,19.369533
2015-04-27,21.60,21.629999,21.43,21.48,153900,19.270845
2015-04-24,21.549999,21.67,21.51,21.549999,178300,19.333646
2015-04-23,21.459999,21.58,21.389999,21.530001,279800,19.315704
2015-04-22,21.540001,21.540001,21.42,21.540001,127300,19.324676
2015-04-21,21.50,21.549999,21.40,21.469999,98100,19.261873
2015-04-20,21.440001,21.49,21.42,21.469999,176800,19.261873
2015-04-17,21.52,21.52,21.27,21.360001,141300,19.163188
2015-04-16,21.530001,21.719999,21.530001,21.620001,92800,19.396448
2015-04-15,21.450001,21.59,21.440001,21.57,142000,19.351589
2015-04-14,21.370001,21.469999,21.34,21.389999,185700,19.190101
2015-04-13,21.51,21.59,21.450001,21.50,179600,19.199073
2015-04-10,21.40,21.549999,21.370001,21.50,104200,19.199073
2015-04-09,21.27,21.379999,21.24,21.35,103700,19.065127
2015-04-08,21.27,21.43,21.219999,21.32,207100,19.038337
2015-04-07,21.309999,21.48,21.27,21.299999,174800,19.020477
2015-04-06,20.950001,21.389999,20.92,21.290001,141700,19.011548
2015-04-02,20.98,21.16,20.969999,21.10,235200,18.841882
2015-04-01,21.18,21.18,20.99,21.08,139600,18.824022
2015-03-31,21.17,21.27,21.129999,21.190001,179500,18.92225
2015-03-30,21.18,21.389999,21.18,21.23,152600,18.957968
2015-03-27,21.08,21.110001,21.01,21.09,106600,18.832952
2015-03-26,21.049999,21.17,21.01,21.129999,90100,18.86867
2015-03-25,21.33,21.33,21.040001,21.10,140200,18.841882
2015-03-24,21.42,21.42,21.209999,21.299999,186400,19.020477
2015-03-23,21.370001,21.450001,21.32,21.370001,143600,19.082987
2015-03-20,21.32,21.370001,21.25,21.360001,184400,19.074057
2015-03-19,21.290001,21.33,21.16,21.27,147000,18.993688
2015-03-18,21.040001,21.43,20.98,21.34,136700,19.056197
2015-03-17,21.16,21.16,20.959999,21.120001,148100,18.859742
2015-03-16,21.07,21.219999,21.059999,21.190001,99700,18.92225
2015-03-13,21.110001,21.120001,20.860001,20.969999,67600,18.725793
2015-03-12,20.98,21.219999,20.98,21.17,119500,18.815092
2015-03-11,21.23,21.23,20.950001,20.969999,89800,18.637338
2015-03-10,21.379999,21.379999,21.09,21.17,139300,18.815092
2015-03-09,21.42,21.549999,21.360001,21.530001,120500,19.135046
2015-03-06,21.549999,21.66,21.360001,21.389999,133400,19.010619
2015-03-05,21.66,21.74,21.559999,21.629999,116300,19.223921
2015-03-04,21.700001,21.700001,21.540001,21.620001,93600,19.215035
2015-03-03,21.74,21.76,21.610001,21.719999,109900,19.30391
2015-03-02,21.76,21.860001,21.73,21.799999,112700,19.375011
2015-02-27,21.68,21.77,21.67,21.74,92900,19.321686
2015-02-26,21.75,21.809999,21.65,21.76,108400,19.339461
2015-02-25,21.719999,21.860001,21.700001,21.799999,179000,19.375011
2015-02-24,21.67,21.870001,21.639999,21.83,117900,19.401674
2015-02-23,21.709999,21.83,21.65,21.73,117600,19.312798
2015-02-20,21.60,21.709999,21.549999,21.709999,111900,19.295022
2015-02-19,21.49,21.690001,21.459999,21.559999,115600,19.161708
2015-02-18,21.450001,21.549999,21.42,21.52,101500,19.126159
2015-02-17,21.549999,21.60,21.469999,21.48,118000,19.090607
2015-02-13,21.51,21.59,21.469999,21.559999,119400,19.161708
2015-02-12,21.459999,21.60,21.450001,21.450001,81400,19.063946
2015-02-11,21.51,21.51,21.360001,21.42,125500,19.037282
2015-02-10,21.360001,21.559999,21.360001,21.51,93000,19.117271
2015-02-09,21.32,21.43,21.309999,21.389999,91700,18.921742
2015-02-06,21.389999,21.549999,21.27,21.33,85100,18.868666
2015-02-05,21.33,21.440001,21.26,21.40,86700,18.930589
2015-02-04,21.219999,21.42,21.129999,21.23,117700,18.780205
2015-02-03,20.83,21.25,20.83,21.25,99000,18.797898
2015-02-02,20.610001,20.83,20.49,20.82,138400,18.417517
2015-01-30,20.77,20.860001,20.58,20.629999,119900,18.249441
2015-01-29,20.84,20.91,20.57,20.870001,102700,18.461748
2015-01-28,21.16,21.190001,20.790001,20.790001,116100,18.390979
2015-01-27,20.99,21.08,20.889999,21.030001,146400,18.603285
2015-01-26,21.209999,21.299999,21.040001,21.139999,166300,18.700591
2015-01-23,21.219999,21.360001,21.18,21.18,121100,18.735976
2015-01-22,21.00,21.190001,20.870001,21.18,137700,18.735976
2015-01-21,20.860001,20.959999,20.73,20.860001,111100,18.452902
2015-01-20,20.82,20.91,20.610001,20.85,178300,18.444055
2015-01-16,20.389999,20.73,20.389999,20.709999,157100,18.320209
2015-01-15,20.629999,20.66,20.33,20.42,178100,18.063674
2015-01-14,20.389999,20.629999,20.379999,20.51,235400,18.143289
2015-01-13,20.940001,21.129999,20.549999,20.719999,151800,18.329056
2015-01-12,21.17,21.17,20.799999,20.93,108700,18.426363
2015-01-09,21.17,21.190001,20.99,21.120001,122500,18.593636
2015-01-08,21.040001,21.200001,20.93,21.110001,236400,18.584832
2015-01-07,20.90,20.90,20.74,20.860001,259000,18.364737
2015-01-06,20.719999,20.860001,20.459999,20.66,140100,18.18866
2015-01-05,21.33,21.43,20.639999,20.67,337800,18.197464
2015-01-02,21.629999,21.719999,21.389999,21.469999,87700,18.901768
2014-12-31,21.74,21.879999,21.620001,21.66,132200,19.06904
2014-12-30,21.60,21.709999,21.559999,21.65,99800,19.060236
2014-12-29,21.799999,21.799999,21.60,21.629999,94000,19.042628
2014-12-26,21.799999,21.950001,21.799999,21.84,51300,19.227509
2014-12-24,21.67,21.91,21.67,21.780001,83600,19.174687
2014-12-23,21.559999,21.690001,21.50,21.58,184100,18.99861
2014-12-22,21.469999,21.74,21.469999,21.59,116900,19.007414
2014-12-19,21.42,21.629999,21.23,21.469999,213600,18.901768
2014-12-18,21.129999,21.299999,21.01,21.25,166900,18.708085
2014-12-17,20.35,20.75,20.33,20.690001,118200,18.215072
2014-12-16,20.40,20.700001,20.299999,20.32,144000,17.889331
2014-12-15,20.889999,20.959999,20.50,20.530001,157100,18.074211
2014-12-12,21.15,21.219999,20.799999,20.799999,176200,18.311913
2014-12-11,21.120001,21.40,21.08,21.23,134900,18.690477
2014-12-10,21.379999,21.379999,20.99,21.030001,147600,18.514402
2014-12-09,21.49,21.559999,21.33,21.559999,150000,18.892964
2014-12-08,21.67,21.719999,21.58,21.66,120900,18.980594
2014-12-05,21.700001,21.77,21.67,21.74,99000,19.050698
2014-12-04,21.84,21.889999,21.709999,21.73,144900,19.041935
2014-12-03,21.860001,21.90,21.809999,21.889999,94200,19.182142
2014-12-02,21.74,21.84,21.65,21.82,117100,19.120802
2014-12-01,22.059999,22.059999,21.77,21.790001,140400,19.094514
2014-11-28,22.08,22.200001,22.059999,22.17,49300,19.427506
2014-11-26,22.030001,22.129999,21.99,22.110001,130200,19.374928
2014-11-25,21.85,22.00,21.84,21.98,87400,19.261009
2014-11-24,21.82,21.98,21.76,21.82,117400,19.120802
2014-11-21,21.809999,21.940001,21.76,21.790001,130300,19.094514
2014-11-20,21.620001,21.690001,21.57,21.67,130400,18.989357
2014-11-19,21.610001,21.67,21.50,21.66,98900,18.980594
2014-11-18,21.52,21.690001,21.52,21.67,110200,18.989357
2014-11-17,21.389999,21.549999,21.360001,21.469999,118000,18.814097
2014-11-14,21.440001,21.440001,21.35,21.379999,72000,18.73523
2014-11-13,21.52,21.58,21.33,21.440001,93700,18.787809
2014-11-12,21.42,21.51,21.42,21.49,82800,18.831624
2014-11-11,21.540001,21.540001,21.43,21.469999,99100,18.814097
2014-11-10,21.370001,21.59,21.35,21.52,125500,18.857913
2014-11-07,21.450001,21.549999,21.35,21.42,106500,18.682653
2014-11-06,21.379999,21.450001,21.32,21.440001,77100,18.700098
2014-11-05,21.280001,21.35,21.190001,21.35,135600,18.621599
2014-11-04,21.17,21.190001,21.01,21.16,114600,18.45588
2014-11-03,21.26,21.35,21.190001,21.290001,164000,18.569267
2014-10-31,21.26,21.33,21.120001,21.200001,130100,18.490769
2014-10-30,20.870001,21.129999,20.85,20.950001,129300,18.272717
2014-10-29,20.99,21.129999,20.85,21.00,116500,18.316327
2014-10-28,20.870001,20.98,20.82,20.950001,124600,18.272717
2014-10-27,20.85,20.940001,20.76,20.85,184400,18.185496
2014-10-24,20.860001,20.93,20.77,20.93,133600,18.255273
2014-10-23,20.700001,20.870001,20.66,20.790001,184900,18.133164
2014-10-22,20.59,20.700001,20.48,20.48,186600,17.862779
2014-10-21,19.99,20.540001,19.99,20.530001,209000,17.90639
2014-10-20,19.799999,19.99,19.74,19.92,146900,17.374344
2014-10-17,19.799999,19.99,19.68,19.82,162800,17.287123
2014-10-16,18.959999,19.610001,18.82,19.540001,312300,17.042907
2014-10-15,19.23,19.379999,18.690001,19.219999,676700,16.763799
2014-10-14,19.690001,19.76,19.02,19.610001,404100,17.01674
2014-10-13,20.059999,20.10,19.559999,19.57,261100,16.982029
2014-10-10,20.440001,20.530001,20.01,20.049999,159700,17.398553
2014-10-09,20.92,20.92,20.48,20.49,144700,17.780367
2014-10-08,20.889999,20.959999,20.549999,20.91,130600,18.144825
2014-10-07,20.77,20.860001,20.629999,20.75,161400,18.005984
2014-10-06,21.02,21.040001,20.77,20.860001,152400,18.101438
2014-10-03,20.74,20.969999,20.700001,20.940001,155200,18.170859
2014-10-02,21.02,21.02,20.43,20.65,321500,17.919208
2014-10-01,21.27,21.27,20.969999,21.030001,118100,18.248957
2014-09-30,21.379999,21.389999,21.18,21.299999,116600,18.483251
2014-09-29,21.309999,21.40,21.190001,21.370001,98900,18.543995
2014-09-26,21.34,21.469999,21.190001,21.41,101800,18.578705
2014-09-25,21.67,21.67,21.309999,21.370001,129600,18.543995
2014-09-24,21.629999,21.73,21.530001,21.690001,236800,18.821677
2014-09-23,21.700001,21.719999,21.50,21.530001,123400,18.682836
2014-09-22,21.809999,21.860001,21.66,21.719999,114000,18.847709
2014-09-19,21.92,21.969999,21.83,21.889999,78200,18.995228
2014-09-18,21.809999,21.940001,21.77,21.91,119500,19.012584
2014-09-17,21.700001,21.860001,21.700001,21.76,123900,18.88242
2014-09-16,21.530001,21.790001,21.51,21.73,107400,18.856387
2014-09-15,21.559999,21.559999,21.459999,21.530001,70700,18.682836
2014-09-12,21.67,21.709999,21.52,21.530001,52000,18.682836
2014-09-11,21.629999,21.799999,21.629999,21.75,137800,18.786967
2014-09-10,21.68,21.77,21.639999,21.75,87600,18.786967
2014-09-09,21.860001,21.860001,21.610001,21.65,135200,18.700589
2014-09-08,22.049999,22.059999,21.860001,21.92,122000,18.933807
2014-09-05,21.98,22.049999,21.879999,22.01,95200,19.011547
2014-09-04,22.120001,22.139999,21.99,22.02,119900,19.020184
2014-09-03,22.17,22.17,22.030001,22.049999,90800,19.046096
2014-09-02,22.02,22.15,21.92,22.15,123400,19.132474
2014-08-29,22.07,22.09,21.99,21.99,121500,18.994271
2014-08-28,21.92,22.07,21.92,22.030001,84500,19.028822
2014-08-27,22.10,22.110001,21.98,22.049999,163500,19.046096
2014-08-26,21.870001,22.07,21.870001,22.049999,226600,19.046096
2014-08-25,21.91,22.01,21.85,21.870001,169900,18.89062
2014-08-22,21.99,21.99,21.76,21.790001,155700,18.821518
2014-08-21,21.940001,22.030001,21.879999,21.959999,129400,18.968357
2014-08-20,21.77,21.91,21.73,21.889999,131200,18.907894
2014-08-19,21.700001,21.82,21.66,21.82,164600,18.84743
2014-08-18,21.51,21.639999,21.48,21.629999,134500,18.683314
2014-08-15,21.440001,21.52,21.27,21.379999,104500,18.467371
2014-08-14,21.290001,21.41,21.27,21.41,101400,18.493285
2014-08-13,21.26,21.27,21.190001,21.24,115200,18.346444
2014-08-12,21.129999,21.35,21.01,21.34,124500,18.346445
2014-08-11,21.07,21.219999,21.07,21.18,118800,18.20889
2014-08-08,20.809999,20.969999,20.74,20.969999,141500,18.028348
2014-08-07,20.92,21.01,20.809999,20.82,110600,17.89939
2014-08-06,20.940001,21.030001,20.85,20.85,192100,17.925182
2014-08-05,21.040001,21.139999,20.870001,20.959999,197400,18.01975
2014-08-04,20.969999,21.129999,20.950001,21.07,151300,18.11432
2014-08-01,21.27,21.33,20.940001,21.00,243900,18.05414
2014-07-31,21.790001,21.799999,21.25,21.25,273000,18.26907
2014-07-30,22.139999,22.18,21.85,21.860001,202100,18.7935
2014-07-29,22.09,22.190001,22.09,22.10,97300,18.999833
2014-07-28,22.139999,22.17,22.040001,22.120001,99100,19.017028
2014-07-25,22.17,22.25,22.10,22.139999,136400,19.034221
2014-07-24,22.26,22.280001,22.15,22.200001,115800,19.085806
2014-07-23,22.17,22.209999,22.08,22.190001,103900,19.077208
2014-07-22,22.030001,22.120001,21.99,22.120001,123000,19.017028
2014-07-21,21.85,21.98,21.799999,21.959999,90500,18.879471
2014-07-18,21.83,21.950001,21.82,21.90,162200,18.827888
2014-07-17,21.93,21.98,21.790001,21.84,116800,18.776306
2014-07-16,22.00,22.040001,21.90,21.959999,123800,18.879471
2014-07-15,21.93,21.969999,21.85,21.90,161800,18.827888
2014-07-14,21.93,22.059999,21.93,21.959999,199000,18.793499
2014-07-11,21.870001,21.879999,21.82,21.870001,83800,18.716478
2014-07-10,21.68,21.93,21.68,21.879999,121900,18.725034
2014-07-09,22.02,22.02,21.90,21.90,176200,18.742151
2014-07-08,22.040001,22.040001,21.90,21.99,160600,18.819174
2014-07-07,22.02,22.049999,21.92,22.040001,143000,18.861965
2014-07-03,21.98,22.059999,21.98,22.02,107300,18.844848
2014-07-02,22.00,22.030001,21.889999,21.969999,216400,18.802057
2014-07-01,21.940001,22.059999,21.93,22.049999,199600,18.870521
2014-06-30,21.950001,21.950001,21.799999,21.90,155800,18.742151
2014-06-27,21.84,21.93,21.790001,21.93,95600,18.767826
2014-06-26,21.799999,21.82,21.66,21.82,123200,18.673687
2014-06-25,21.59,21.75,21.59,21.75,270300,18.61378
2014-06-24,21.58,22.040001,21.309999,21.559999,540600,18.451177
2014-06-23,23.070005,23.070005,22.890003,22.899994,199600,18.593883
2014-06-20,23.020004,23.05,22.980004,23.01,144400,18.683203
2014-06-19,22.980004,22.999999,22.909998,22.989995,152300,18.66696
2014-06-18,22.840002,22.970003,22.810005,22.940004,189300,18.626369
2014-06-17,22.779997,22.819997,22.720004,22.819997,108100,18.528928
2014-06-16,22.720004,22.860007,22.699999,22.75,96200,18.472094
2014-06-13,22.689996,22.829998,22.670001,22.729995,100300,18.45585
2014-06-12,22.880001,22.880001,22.559995,22.630003,201500,18.37466
2014-06-11,22.899994,22.980004,22.850003,22.940004,211000,18.54517
2014-06-10,22.909998,22.949998,22.869998,22.949998,156300,18.553249
2014-06-09,22.840002,22.970003,22.779997,22.880001,159000,18.496662
2014-06-06,22.720004,22.840002,22.670001,22.810005,207700,18.440076
2014-06-05,22.710001,22.75,22.58,22.659999,406300,18.318808
2014-06-04,22.75,22.800002,22.659999,22.779997,126700,18.415817
2014-06-03,22.810005,22.869998,22.699999,22.760002,129300,18.399652
2014-06-02,22.770005,22.890003,22.699999,22.880001,144100,18.496662
2014-05-30,22.689996,22.760002,22.640004,22.720004,99900,18.367317
2014-05-29,22.649996,22.680004,22.540002,22.670001,161200,18.326894
2014-05-28,22.529998,22.600005,22.479997,22.600005,110800,18.270307
2014-05-27,22.550003,22.590003,22.389996,22.49,149400,18.181378
2014-05-23,22.269998,22.500002,22.269998,22.479997,164100,18.173291
2014-05-22,22.229998,22.299995,22.179997,22.210004,190800,17.955022
2014-05-21,22.170006,22.210004,22.129996,22.150001,165100,17.906515
2014-05-20,22.269998,22.290003,22.110001,22.170006,126900,17.922687
2014-05-19,22.129996,22.330003,22.120002,22.330003,168900,18.052033
2014-05-16,22.160002,22.160002,22.030003,22.129996,100900,17.890343
2014-05-15,22.200002,22.200002,22.02,22.170006,171000,17.922687
2014-05-14,22.200002,22.240002,22.139997,22.189999,129000,17.93885
2014-05-13,22.200002,22.290003,22.170006,22.219997,147300,17.963101
2014-05-12,22.32,22.370001,22.219997,22.269998,163300,17.922679
2014-05-09,22.129996,22.269998,22.049996,22.219997,283800,17.882439
2014-05-08,22.139997,22.32,22.139997,22.160002,124900,17.834156
2014-05-07,22.240002,22.240002,22.06,22.189999,169100,17.858297
2014-05-06,22.189999,22.219997,22.089996,22.179997,125200,17.850247
2014-05-05,22.110001,22.229998,22.000005,22.150001,143900,17.826107
2014-05-02,22.150001,22.299995,22.150001,22.210004,162200,17.874396
2014-05-01,22.299995,22.389996,22.240002,22.28,98400,17.930729
2014-04-30,22.099997,22.299995,22.070001,22.299995,168100,17.94682
2014-04-29,22.120002,22.120002,22.040005,22.049996,110800,17.745624
2014-04-28,22.089996,22.160002,21.919997,22.06,129000,17.753675
2014-04-25,22.06,22.099997,21.900002,22.099997,108500,17.785864
2014-04-24,22.070001,22.099997,21.929999,22.080005,236200,17.769774
2014-04-23,21.919997,22.02,21.770001,21.990003,227600,17.697342
2014-04-22,21.889999,22.129996,21.870006,22.030003,187500,17.729534
2014-04-21,21.850001,21.959995,21.76,21.919997,108000,17.641002
2014-04-17,21.68,21.860002,21.669999,21.850001,118200,17.58467
2014-04-16,21.539998,21.709996,21.489996,21.700005,111200,17.463954
2014-04-15,21.310004,21.430002,21.229994,21.399995,154800,17.222509
2014-04-14,21.440005,21.480005,21.260003,21.329999,115700,17.166177
2014-04-11,21.480005,21.550001,21.360005,21.38,143300,17.206418
2014-04-10,21.860002,21.910004,21.610004,21.68,260100,17.367372
2014-04-09,21.589999,21.879997,21.550001,21.860002,280800,17.511568
2014-04-08,21.770001,21.770001,21.499998,21.560003,188700,17.271245
2014-04-07,21.850001,21.889999,21.659995,21.709996,136000,17.391402
2014-04-04,22.200002,22.200002,21.879997,21.919997,219500,17.559629
2014-04-03,22.139997,22.139997,21.98,22.049996,111100,17.663768
2014-04-02,22.080005,22.120002,21.98,22.049996,157800,17.663768
2014-04-01,21.959995,22.110001,21.929999,22.099997,156000,17.703823
2014-03-31,21.950004,22.02,21.919997,21.969998,162200,17.599684
2014-03-28,21.730001,21.879997,21.730001,21.790006,162100,17.455496
2014-03-27,21.790006,21.790006,21.610004,21.72,101800,17.399415
2014-03-26,21.860002,21.870006,21.730001,21.730001,125000,17.407427
2014-03-25,21.810001,21.879997,21.76,21.799998,193300,17.4635
2014-03-24,21.870006,21.910004,21.629999,21.72,196700,17.399415
2014-03-21,21.850001,21.889999,21.790006,21.790006,161500,17.455496
2014-03-20,21.790006,21.850001,21.72,21.850001,204900,17.503556
2014-03-19,21.850001,21.929999,21.730001,21.810001,130500,17.471513
2014-03-18,21.730001,21.850001,21.690004,21.839997,151200,17.495543
2014-03-17,21.619995,21.749996,21.619995,21.68,149200,17.367372
2014-03-14,21.669999,21.730001,21.350004,21.610004,129300,17.3113
2014-03-13,21.889999,21.919997,21.669999,21.730001,238800,17.407427
2014-03-12,21.900002,21.940002,21.820003,21.929999,251900,17.48753
2014-03-11,22.009998,22.070001,21.929999,22.000005,117000,17.543355
2014-03-10,21.969998,22.089996,21.889999,22.02,110000,17.559299
2014-03-07,22.120002,22.129996,21.950004,22.02,216600,17.559299
2014-03-06,22.129996,22.179997,21.969998,22.089996,219100,17.615116
2014-03-05,22.139997,22.219997,21.959995,22.070001,162100,17.599171
2014-03-04,22.089996,22.219997,22.049996,22.170006,180800,17.678918
2014-03-03,21.790006,21.959995,21.730001,21.889999,134400,17.455633
2014-02-28,21.940002,22.089996,21.860002,21.98,170500,17.527402
2014-02-27,21.929999,21.98,21.820003,21.98,138100,17.527402
2014-02-26,21.829996,21.940002,21.820003,21.940002,173200,17.495507
2014-02-25,21.870006,21.929999,21.799998,21.860002,117200,17.431713
2014-02-24,21.879997,21.940002,21.810001,21.850001,259700,17.423738
2014-02-21,21.889999,21.919997,21.820003,21.870006,204400,17.43969
2014-02-20,21.579997,21.790006,21.539998,21.749996,136300,17.343992
2014-02-19,21.659995,21.810001,21.579997,21.619995,192000,17.240326
2014-02-18,21.589999,21.780005,21.530006,21.72,166400,17.320072
2014-02-14,21.470001,21.68,21.34,21.650004,167600,17.264255
2014-02-13,21.199998,21.480005,21.140005,21.480005,128000,17.128694
2014-02-12,21.210001,21.319995,21.170002,21.319995,167400,17.001098
2014-02-11,21.069999,21.360005,21.010004,21.289999,244200,16.90541
2014-02-10,20.740001,21.000003,20.729999,20.970004,187000,16.651317
2014-02-07,20.480001,20.859998,20.480001,20.759996,194600,16.484558
2014-02-06,20.299998,20.450004,20.240004,20.429999,226900,16.222524
2014-02-05,20.429999,20.480001,20.219999,20.35,186000,16.158999
2014-02-04,20.379996,20.559998,20.180001,20.530002,247600,16.301931
2014-02-03,20.729999,20.769997,20.110005,20.379996,499900,16.182818
2014-01-31,20.780001,20.899998,20.719996,20.750004,258100,16.476625
2014-01-30,21.000003,21.149997,20.979998,21.069999,204300,16.730718
2014-01-29,21.000003,21.019996,20.799995,20.939998,204100,16.62749
2014-01-28,21.229994,21.260003,21.100005,21.229994,149100,16.857763
2014-01-27,21.34,21.34,21.000003,21.100005,241000,16.754544
2014-01-24,21.600002,21.610004,21.249999,21.300003,249300,16.913353
2014-01-23,21.690004,21.730001,21.449996,21.629999,265200,17.175388
2014-01-22,21.700005,21.799998,21.610004,21.780005,199000,17.294501
2014-01-21,21.790006,21.900002,21.600002,21.669999,158800,17.20715
2014-01-17,21.76,21.780005,21.650004,21.669999,173300,17.20715
2014-01-16,21.650004,21.76,21.550001,21.700005,156400,17.230977
2014-01-15,21.589999,21.72,21.570004,21.629999,256100,17.175388
2014-01-14,21.850001,21.969998,21.64,21.669999,249400,17.135684
2014-01-13,21.879997,21.889999,21.709996,21.799998,166100,17.238481
2014-01-10,21.929999,21.929999,21.740005,21.889999,157300,17.30965
2014-01-09,21.879997,21.900002,21.72,21.860002,177700,17.28593
2014-01-08,21.820003,21.940002,21.740005,21.839997,165000,17.270111
2014-01-07,21.900002,22.009998,21.72,21.839997,202700,17.270111
2014-01-06,21.780005,21.780005,21.560003,21.659995,132300,17.127773
2014-01-03,21.629999,21.629999,21.360005,21.610004,234000,17.088242
2014-01-02,22.089996,22.099997,21.690004,21.700005,194400,17.159411
2013-12-31,22.080005,22.179997,22.02,22.170006,134400,17.531067
2013-12-30,22.32,22.349996,22.080005,22.120002,140200,17.491527
2013-12-27,22.089996,22.219997,22.030003,22.219997,136500,17.570598
2013-12-26,21.76,22.080005,21.76,22.06,204900,17.444079
2013-12-24,21.969998,21.969998,21.659995,21.770001,161200,17.214761
2013-12-23,21.780005,21.879997,21.749996,21.860002,341600,17.28593
2013-12-20,21.350004,21.650004,21.350004,21.480005,243200,16.985445
2013-12-19,21.34,21.360005,21.199998,21.34,197800,16.874736
2013-12-18,21.08,21.319995,20.970004,21.319995,199300,16.858917
2013-12-17,20.949999,21.100005,20.719996,21.050004,186300,16.645419
2013-12-16,20.960003,21.000003,20.849997,20.920003,140800,16.54262
2013-12-13,20.759996,20.930007,20.599998,20.799995,171500,16.447723
2013-12-12,21.050004,21.050004,20.599998,20.799995,216100,16.447723
2013-12-11,21.199998,21.300003,20.949999,21.000003,127600,16.60588
2013-12-10,21.170002,21.350004,21.08,21.289999,194900,16.764028
2013-12-09,21.270004,21.360005,21.130002,21.270004,158400,16.748283
2013-12-06,21.210001,21.399995,21.159998,21.260003,148000,16.740408
2013-12-05,21.12,21.470001,21.08,21.100005,111100,16.614424
2013-12-04,21.130002,21.239998,21.059995,21.180003,128600,16.677415
2013-12-03,21.369999,21.38,21.12,21.199998,130500,16.69316
2013-12-02,21.409997,21.480005,21.350004,21.38,137800,16.834896
2013-11-29,21.42,21.449996,21.360005,21.449996,48800,16.890012
2013-11-27,21.499998,21.499998,21.350004,21.38,96800,16.834896
2013-11-26,21.550001,21.550001,21.34,21.42,153500,16.866392
2013-11-25,21.550001,21.650004,21.470001,21.550001,196300,16.968757
2013-11-22,21.360005,21.550001,21.260003,21.550001,242900,16.968757
2013-11-21,21.249999,21.399995,21.170002,21.329999,187200,16.795524
2013-11-20,21.239998,21.270004,21.069999,21.130002,114600,16.638044
2013-11-19,21.189996,21.270004,21.109997,21.189996,191300,16.685284
2013-11-18,21.350004,21.350004,21.210001,21.229994,124800,16.716779
2013-11-15,21.199998,21.329999,21.130002,21.249999,146500,16.732531
2013-11-14,21.010004,21.170002,20.979998,21.12,136700,16.630168
2013-11-13,21.059995,21.08,20.960003,21.050004,127100,16.575052
2013-11-12,21.170002,21.229994,21.000003,21.090002,132500,16.606547
2013-11-11,21.050004,21.350004,21.050004,21.210001,112300,16.630169
2013-11-08,20.979998,21.149997,20.920003,21.109997,106100,16.551758
2013-11-07,21.010004,21.140005,20.960003,21.010004,155500,16.473356
2013-11-06,21.040001,21.149997,20.960003,21.010004,132500,16.473356
2013-11-05,21.019996,21.040001,20.899998,21.000003,146900,16.465514
2013-11-04,21.12,21.12,20.830002,21.059995,154300,16.512553
2013-11-01,21.350004,21.350004,20.939998,21.050004,144800,16.504719
2013-10-31,21.199998,21.42,21.000003,21.199998,154400,16.622325
2013-10-30,21.360005,21.409997,20.989999,21.130002,194600,16.567443
2013-10-29,21.300003,21.350004,21.249999,21.289999,258300,16.692892
2013-10-28,21.360005,21.38,21.270004,21.300003,162300,16.700736
2013-10-25,21.260003,21.319995,21.180003,21.289999,219800,16.692892
2013-10-24,21.189996,21.210001,21.050004,21.159998,219800,16.590962
2013-10-23,20.899998,21.090002,20.82,21.050004,207800,16.504719
2013-10-22,20.61,21.010004,20.580003,20.989999,212500,16.457671
2013-10-21,20.589997,20.639998,20.490002,20.589997,169400,16.14404
2013-10-18,20.469997,20.780001,20.450004,20.530002,261500,16.097
2013-10-17,20.100001,20.440001,20.01,20.39,198200,15.987228
2013-10-16,20.119996,20.200006,20.01,20.159996,201200,15.806889
2013-10-15,20.039998,20.119996,19.959999,20.039998,172100,15.712802
2013-10-14,19.959999,20.249997,19.959999,20.129998,131400,15.7128
2013-10-11,19.900006,20.150003,19.880001,20.140001,153600,15.720609
2013-10-10,19.609998,19.999999,19.600006,19.959999,213400,15.580105
2013-10-09,19.569998,19.569998,19.399999,19.45,217700,15.182017
2013-10-08,19.890003,19.989995,19.479997,19.500002,238100,15.221046
2013-10-07,19.890003,19.959999,19.79,19.880001,134000,15.517661
2013-10-04,19.940004,20.240004,19.909997,20.01,131900,15.619134
2013-10-03,19.919999,19.970002,19.779996,19.909997,172100,15.541075
2013-10-02,19.869998,19.989995,19.67,19.970002,277600,15.587913
2013-10-01,19.850003,20.129998,19.850003,20.070005,146500,15.665972
2013-09-30,20.01,20.039998,19.850003,19.880001,193000,15.517661
2013-09-27,20.290007,20.320003,20.070005,20.150003,146200,15.728415
2013-09-26,20.280004,20.39,20.180001,20.39,198600,15.915749
2013-09-25,20.219999,20.31,20.079996,20.249997,294700,15.806468
2013-09-24,19.949997,20.290007,19.949997,20.159996,199400,15.736216
2013-09-23,20.190002,20.249997,19.909997,19.949997,190700,15.572298
2013-09-20,20.259999,20.270002,20.140001,20.180001,141600,15.751831
2013-09-19,20.230002,20.299998,20.209997,20.290007,238700,15.837698
2013-09-18,19.890003,20.259999,19.880001,20.140001,200900,15.720609
2013-09-17,19.840001,19.949997,19.79,19.850003,152300,15.494246
2013-09-16,20.039998,20.129998,19.819996,19.819996,143600,15.470824
2013-09-13,19.75,19.900006,19.75,19.869998,127400,15.509853
2013-09-12,19.829998,19.840001,19.649995,19.779996,192200,15.439601
2013-09-11,19.79,19.940004,19.75,19.919999,172200,15.478631
2013-09-10,19.680004,19.840001,19.630003,19.819996,190800,15.400925
2013-09-09,19.45,19.619999,19.430005,19.559996,238800,15.198894
2013-09-06,19.519996,19.540001,19.359999,19.470005,177600,15.128968
2013-09-05,19.41,19.500002,19.380004,19.430005,224900,15.097886
2013-09-04,19.290003,19.500002,19.250003,19.41,149600,15.082342
2013-09-03,19.500002,19.529998,19.189998,19.250003,165100,14.958017
2013-08-30,19.349996,19.430005,19.269998,19.309998,100600,15.004636
2013-08-29,19.420004,19.550003,19.299994,19.380004,143100,15.059033
2013-08-28,19.319999,19.500002,19.299994,19.420004,165200,15.090115
2013-08-27,19.479997,19.619999,19.349996,19.359999,179000,15.043489
2013-08-26,19.919999,20.09,19.760002,19.760002,199600,15.354306
2013-08-23,19.890003,19.890003,19.71,19.869998,154400,15.439778
2013-08-22,19.500002,19.79,19.460002,19.760002,142300,15.354306
2013-08-21,19.460002,19.619999,19.41,19.460002,140600,15.121195
2013-08-20,19.370001,19.630003,19.309998,19.550003,230600,15.191129
2013-08-19,19.729995,19.739997,19.279999,19.290003,214000,14.989099
2013-08-16,19.880001,20.100001,19.79,19.819996,142800,15.400925
2013-08-15,20.200006,20.200006,19.67,19.869998,219400,15.439778
2013-08-14,20.259999,20.35,20.219999,20.299998,132400,15.773905
2013-08-13,20.200006,20.360003,20.05,20.339998,191300,15.735052
2013-08-12,20.030005,20.230002,20.030005,20.169997,178200,15.603539
2013-08-09,20.249997,20.299998,20.129998,20.129998,163600,15.572595
2013-08-08,20.419996,20.419996,20.190002,20.200006,182800,15.626754
2013-08-07,20.200006,20.410005,20.180001,20.270002,155000,15.680903
2013-08-06,20.259999,20.360003,20.169997,20.290007,215400,15.696379
2013-08-05,20.520001,20.540006,20.299998,20.320003,186800,15.719584
2013-08-02,20.440001,20.580003,20.39,20.520001,163100,15.874302
2013-08-01,20.450004,20.480001,20.35,20.429999,203300,15.804677
2013-07-31,20.360003,20.429999,20.270002,20.320003,194900,15.719584
2013-07-30,20.39,20.419996,20.190002,20.280004,180200,15.68864
2013-07-29,20.329995,20.429999,20.270002,20.360003,200000,15.750528
2013-07-26,20.159996,20.35,20.150003,20.35,133300,15.742789
2013-07-25,20.169997,20.370005,19.970002,20.329995,203600,15.727313
2013-07-24,20.360003,20.429999,20.209997,20.299998,274100,15.704108
2013-07-23,20.190002,20.290007,20.159996,20.240004,193600,15.657696
2013-07-22,20.200006,20.280004,20.119996,20.190002,132400,15.619015
2013-07-19,20.150003,20.200006,20.070005,20.190002,131600,15.619015
2013-07-18,20.09,20.219999,20.079996,20.190002,284900,15.619015
2013-07-17,20.039998,20.100001,19.999999,20.030005,247900,15.495241
2013-07-16,19.860006,19.989995,19.75,19.989995,175000,15.464289
2013-07-15,19.900006,20.01,19.840001,19.909997,199100,15.402403
2013-07-12,19.880001,19.940004,19.800001,19.940004,198600,15.355992
2013-07-11,19.75,19.800001,19.649995,19.800001,241000,15.248174
2013-07-10,19.389995,19.529998,19.359999,19.510005,251900,15.024845
2013-07-09,19.45,19.45,19.319999,19.430005,288800,14.963237
2013-07-08,19.559996,19.569998,19.319999,19.340004,239400,14.893926
2013-07-05,19.399999,19.439997,19.179997,19.389995,163400,14.932425
2013-07-03,19.049996,19.229998,19.000004,19.160002,219800,14.755305
2013-07-02,19.250003,19.45,19.229998,19.420004,235100,14.955535
2013-07-01,19.49,19.529998,19.269998,19.299994,167600,14.863114
2013-06-28,19.359999,19.49,19.269998,19.309998,199600,14.870818
2013-06-27,19.129995,19.580001,19.040004,19.479997,209200,15.001736
2013-06-26,18.560002,19.070001,18.560002,18.98,164700,14.616683
2013-06-25,18.430001,18.690003,18.300002,18.470001,237200,14.223928
2013-06-24,18.959995,18.959995,18.000002,18.249999,521900,14.054502
2013-06-21,19.389995,19.399999,18.98,19.099999,262000,14.709096
2013-06-20,19.640004,19.640004,19.049996,19.219997,278400,14.801507
2013-06-19,19.869998,19.940004,19.739997,19.800001,193800,15.248174
2013-06-18,19.500002,20.05,19.460002,19.880001,364700,15.309783
2013-06-17,19.640004,19.779996,19.399999,19.399999,262400,14.940129
2013-06-14,19.550003,19.79,19.439997,19.470005,181900,14.994041
2013-06-13,19.420004,19.779996,19.420004,19.569998,233400,15.071046
2013-06-12,19.900006,19.900006,19.399999,19.460002,193900,14.986337
2013-06-11,19.779996,20.100001,19.71,19.869998,413700,15.232768
2013-06-10,19.900006,19.989995,19.779996,19.880001,209500,15.240437
2013-06-07,19.500002,19.930002,19.479997,19.850003,284600,15.21744
2013-06-06,19.110001,19.340004,19.059999,19.340004,249600,14.826464
2013-06-05,19.380004,19.380004,19.049996,19.049996,240400,14.604137
2013-06-04,19.330003,19.420004,19.049996,19.349996,284600,14.834123
2013-06-03,19.659999,19.729995,19.080004,19.279999,344000,14.780463
2013-05-31,19.810005,19.949997,19.569998,19.569998,314500,15.002782
2013-05-30,19.890003,20.039998,19.79,19.850003,344600,15.21744
2013-05-29,19.989995,19.999999,19.640004,19.800001,292100,15.179108
2013-05-28,20.31,20.31,19.909997,20.05,229800,15.370762
2013-05-24,20.030005,20.140001,19.930002,20.100001,265500,15.409094
2013-05-23,20.079996,20.100001,19.909997,20.070005,385100,15.386098
2013-05-22,20.159996,20.31,20.05,20.140001,369000,15.439759
2013-05-21,20.100001,20.200006,20.060003,20.200006,232000,15.48576
2013-05-20,20.100001,20.270002,20.060003,20.079996,258100,15.393758
2013-05-17,20.169997,20.39,20.05,20.140001,208300,15.439759
2013-05-16,20.039998,20.270002,20.01,20.030005,273300,15.355433
2013-05-15,19.949997,20.070005,19.900006,20.070005,271100,15.386098
2013-05-14,19.890003,19.980004,19.819996,19.970002,283300,15.309434
2013-05-13,19.900006,19.940004,19.75,19.919999,251900,15.209772
2013-05-10,19.829998,19.900006,19.720004,19.869998,215300,15.171593
2013-05-09,19.720004,19.850003,19.689995,19.829998,295300,15.141052
2013-05-08,19.699999,19.779996,19.540001,19.659999,243400,15.01125
2013-05-07,19.720004,19.739997,19.630003,19.699999,231100,15.041792
2013-05-06,19.519996,19.71,19.460002,19.689995,218300,15.034154
2013-05-03,19.49,19.569998,19.370001,19.460002,314300,14.858544
2013-05-02,19.359999,19.399999,19.160002,19.340004,281100,14.766921
2013-05-01,19.380004,19.41,19.240002,19.279999,261500,14.721105
2013-04-30,19.189998,19.349996,19.129995,19.349996,150100,14.77455
2013-04-29,19.160002,19.259994,19.089996,19.139997,228500,14.614207
2013-04-26,19.059999,19.160002,19.000004,19.160002,191800,14.629481
2013-04-25,19.139997,19.210003,19.049996,19.070001,204300,14.560762
2013-04-24,19.000004,19.139997,18.950003,19.129995,206000,14.60657
2013-04-23,18.929998,19.000004,18.790006,19.000004,405300,14.507317
2013-04-22,18.72,18.830006,18.690003,18.810001,145600,14.36224
2013-04-19,18.650003,18.740004,18.589999,18.740004,175000,14.308795
2013-04-18,18.839997,18.839997,18.530006,18.579997,122600,14.186623
2013-04-17,18.919997,18.98,18.570006,18.799997,167400,14.354602
2013-04-16,18.959995,19.040004,18.799997,19.040004,233900,14.537858
2013-04-15,19.000004,19.000004,18.790006,18.820002,200200,14.369877
2013-04-12,18.940002,19.089996,18.929998,19.000004,195600,14.507317
2013-04-11,19.009998,19.139997,18.950003,19.019999,335600,14.461501
2013-04-10,18.889998,19.070001,18.870005,18.940002,247300,14.400677
2013-04-09,18.68,18.839997,18.659995,18.820002,171800,14.309437
2013-04-08,18.730001,18.740004,18.520002,18.650003,173100,14.180182
2013-04-05,18.610003,18.700005,18.530006,18.700005,192500,14.218199
2013-04-04,18.749996,18.770001,18.560002,18.669998,227100,14.195384
2013-04-03,18.919997,18.950003,18.550001,18.700005,232500,14.218199
2013-04-02,18.799997,18.959995,18.799997,18.889998,163400,14.362658
2013-04-01,18.969998,19.019999,18.740004,18.790006,179200,14.28663
2013-03-28,18.810001,18.98,18.790006,18.959995,210000,14.415878
2013-03-27,18.749996,18.870005,18.700005,18.749996,203400,14.256209
2013-03-26,18.659995,18.790006,18.629998,18.780004,180900,14.279026
2013-03-25,18.749996,18.759999,18.560002,18.669998,204800,14.195384
2013-03-22,18.619997,18.68,18.610003,18.669998,228100,14.195384
2013-03-21,18.629998,18.709996,18.510001,18.550001,249600,14.104147
2013-03-20,18.560002,18.700005,18.539997,18.629998,179300,14.164971
2013-03-19,18.42,18.480004,18.289999,18.449996,136000,14.02811
2013-03-18,18.400005,18.499997,18.289999,18.42,157800,14.005303
2013-03-15,18.650003,18.650003,18.449996,18.510001,131300,14.073733
2013-03-14,18.530006,18.579997,18.480004,18.530006,185100,14.088944
2013-03-13,18.46,18.550001,18.42,18.530006,194400,14.088944
2013-03-12,18.409996,18.480004,18.400005,18.430001,219900,14.012907
2013-03-11,18.499997,18.550001,18.430001,18.530006,188900,14.028118
2013-03-08,18.480004,18.499997,18.300002,18.46,226900,13.97512
2013-03-07,18.289999,18.430001,18.260002,18.400005,192000,13.929701
2013-03-06,18.279997,18.34,18.239997,18.289999,201200,13.846421
2013-03-05,18.140005,18.239997,18.140005,18.220002,273400,13.793431
2013-03-04,18.109996,18.109996,17.979997,18.090003,194800,13.695015
2013-03-01,17.960002,18.140005,17.939998,18.140005,203200,13.732868
2013-02-28,17.889996,18.109996,17.859998,18.04,268800,13.65716
2013-02-27,17.719995,17.870001,17.689999,17.849996,180900,13.513318
2013-02-26,17.729999,17.790002,17.599998,17.710004,256500,13.407337
2013-02-25,17.930006,17.939998,17.660003,17.660003,286000,13.369483
2013-02-22,17.750004,17.830001,17.700002,17.809997,210800,13.483036
2013-02-21,17.920003,17.920003,17.580003,17.660003,304700,13.369483
2013-02-20,18.029999,18.069999,17.899998,17.920003,273200,13.566316
2013-02-19,17.979997,18.04,17.949999,17.989999,247100,13.619307
2013-02-15,18.08,18.08,17.899998,17.930006,215400,13.573889
2013-02-14,18.050004,18.069999,17.960002,18.019995,235100,13.642015
2013-02-13,18.019995,18.109996,18.010004,18.059995,199900,13.672297
2013-02-12,18.019995,18.08,17.949999,18.08,276100,13.687442
2013-02-11,18.100005,18.100005,17.910001,17.989999,239500,13.619307
2013-02-08,18.059995,18.059995,17.939998,18.029999,226200,13.589025
2013-02-07,18.000002,18.010004,17.82,17.960002,250600,13.53627
2013-02-06,17.910001,17.960002,17.830001,17.949999,222400,13.52873
2013-02-05,17.790002,17.960002,17.78,17.939998,245100,13.521192
2013-02-04,17.849996,17.849996,17.679998,17.750004,299400,13.377996
2013-02-01,17.920003,17.960002,17.849996,17.870001,208600,13.468437
2013-01-31,17.750004,17.799995,17.670004,17.799995,329900,13.415674
2013-01-30,17.760005,17.78,17.660003,17.719995,199800,13.355379
2013-01-29,17.589996,17.710004,17.570001,17.710004,255900,13.347849
2013-01-28,17.679998,17.689999,17.549997,17.549997,259400,13.227253
2013-01-25,17.540005,17.660003,17.509997,17.629994,283100,13.287546
2013-01-24,17.549997,17.679998,17.419996,17.459995,399900,13.15942
2013-01-23,17.450004,17.580003,17.389999,17.540005,350800,13.219722
2013-01-22,17.349999,17.400001,17.230002,17.370004,232600,13.091594
2013-01-18,17.22,17.309999,17.150004,17.309999,248500,13.046369
2013-01-17,17.089999,17.200005,17.039998,17.159996,242800,12.933313
2013-01-16,16.999998,17.060003,16.970002,16.970002,172600,12.790117
2013-01-15,16.980003,17.020003,16.930002,16.980003,269700,12.797655
2013-01-14,17.049999,17.070004,16.930002,16.980003,260500,12.797655
2013-01-11,17.070004,17.129999,17.020003,17.129999,147500,12.850411
2013-01-10,16.970002,17.060003,16.959998,17.030005,245700,12.775398
2013-01-09,16.970002,17.01,16.829998,16.900006,260900,12.677877
2013-01-08,16.959998,16.959998,16.850003,16.930002,181100,12.700379
2013-01-07,16.919998,16.970002,16.810003,16.970002,280800,12.730386
2013-01-04,16.800001,16.900006,16.75,16.890002,205400,12.670373
2013-01-03,16.699998,16.869997,16.62,16.770005,292600,12.580354
2013-01-02,16.359999,16.720003,16.359999,16.690006,278600,12.520341
2012-12-31,15.990003,16.219996,15.960005,16.179996,275800,12.137748
2012-12-28,15.990003,16.089995,15.950003,15.969998,165600,11.980213
2012-12-27,16.120003,16.189999,15.94,16.11,163900,12.085238
2012-12-26,16.269998,16.290002,16.080004,16.139998,143800,12.107742
2012-12-24,16.309996,16.319999,16.15,16.200001,108900,12.152755
2012-12-21,16.139998,16.319999,16.129995,16.319999,301800,12.242773
2012-12-20,16.299994,16.319999,16.250004,16.319999,261800,12.242773
2012-12-19,16.269998,16.28,16.160002,16.200001,391800,12.152755
2012-12-18,16.080004,16.200001,16.049996,16.200001,501300,12.152755
2012-12-17,16.019999,16.129995,15.94,16.009997,327400,12.010219
2012-12-14,15.929998,15.98,15.910004,15.969998,180900,11.980213
2012-12-13,16.030001,16.049996,15.870004,15.950003,190700,11.965213
2012-12-12,16.080004,16.099998,15.969998,15.990003,299800,11.99522
2012-12-11,16.089995,16.11,16.030001,16.099998,305800,12.017722
2012-12-10,16.009997,16.059999,15.98,16.009997,229100,11.950542
2012-12-07,16.040004,16.080004,15.969998,16.009997,222000,11.950542
2012-12-06,16.000005,16.030001,15.950003,16.009997,191500,11.950542
2012-12-05,16.000005,16.099998,15.950003,16.000005,243400,11.943084
2012-12-04,16.11,16.11,15.919995,16.019999,154300,11.958008
2012-12-03,16.250004,16.309996,16.059999,16.11,214300,12.025188
2012-11-30,16.139998,16.229999,16.11,16.229999,151000,12.11476
2012-11-29,16.139998,16.179996,16.030001,16.120003,263500,12.032655
2012-11-28,16.000005,16.040004,15.919995,16.040004,172900,11.97294
2012-11-27,16.009997,16.070001,15.98,16.030001,288300,11.965474
2012-11-26,15.94,16.000005,15.929998,15.969998,294200,11.920685
2012-11-23,16.179996,16.229999,15.799998,15.950003,179800,11.90576
2012-11-21,15.990003,16.080004,15.98,16.070001,142900,11.995332
2012-11-20,15.789995,15.919995,15.700005,15.919995,263200,11.883361
2012-11-19,15.650003,15.900001,15.600002,15.749997,340700,11.756466
2012-11-16,14.95,15.499998,14.750003,15.489996,371300,11.562391
2012-11-15,15.300002,15.319996,14.679996,14.970005,554600,11.174247
2012-11-14,15.730002,15.81,15.279997,15.359995,317900,11.465352
2012-11-13,16.009997,16.009997,15.669998,15.749997,305700,11.756466
2012-11-12,16.290002,16.290002,16.11,16.139998,104300,11.987865
2012-11-09,16.330001,16.330001,16.200001,16.210004,165400,12.039862
2012-11-08,16.500001,16.529999,16.299994,16.299994,206600,12.106701
2012-11-07,16.630002,16.630002,16.299994,16.489999,214100,12.247826
2012-11-06,16.739997,16.779996,16.649996,16.680003,154200,12.388951
2012-11-05,16.890002,16.900006,16.559995,16.670001,165400,12.381521
2012-11-02,17.049999,17.049999,16.880001,16.890002,127000,12.544926
2012-11-01,16.739997,16.980003,16.739997,16.919998,163700,12.567205
2012-10-31,16.690006,16.720003,16.58,16.710001,199000,12.411231
2012-10-26,16.62,16.670001,16.540001,16.659999,192500,12.374092
2012-10-25,16.699998,16.710001,16.559995,16.609997,180700,12.336954
2012-10-24,16.609997,16.640005,16.550003,16.600005,213900,12.329532
2012-10-23,16.649996,16.649996,16.41,16.489999,288100,12.247826
2012-10-22,16.919998,16.930002,16.690006,16.75,157600,12.44094
2012-10-19,17.020003,17.020003,16.860006,16.930002,155900,12.574635
2012-10-18,17.020003,17.100001,16.900006,17.030005,138200,12.648912
2012-10-17,16.829998,17.030005,16.779996,17.030005,174500,12.648912
2012-10-16,16.670001,16.829998,16.670001,16.779996,197500,12.463219
2012-10-15,16.880001,16.900006,16.670001,16.670001,116200,12.381521
2012-10-12,16.890002,16.940003,16.720003,16.919998,156800,12.507787
2012-10-11,16.980003,16.999998,16.840001,16.850003,102400,12.456045
2012-10-10,16.940003,16.949997,16.840001,16.909997,213200,12.500394
2012-10-09,16.999998,17.01,16.840001,16.940003,110700,12.522576
2012-10-08,16.819996,16.999998,16.800001,16.999998,168300,12.566926
2012-10-05,16.919998,16.999998,16.810003,16.909997,153600,12.500394
2012-10-04,16.789998,16.850003,16.729995,16.840001,222200,12.448651
2012-10-03,16.919998,16.930002,16.690006,16.789998,289000,12.411687
2012-10-02,16.860006,16.900006,16.710001,16.840001,186100,12.448651
2012-10-01,16.999998,17.060003,16.829998,16.869997,143700,12.470825
2012-09-28,16.940003,16.980003,16.869997,16.949997,143700,12.529963
2012-09-27,16.869997,17.01,16.789998,16.959998,174000,12.537357
2012-09-26,16.930002,16.930002,16.800001,16.829998,250200,12.441256
2012-09-25,16.959998,17.129999,16.880001,16.930002,312200,12.515182
2012-09-24,16.880001,16.959998,16.860006,16.940003,247900,12.522576
2012-09-21,16.829998,16.959998,16.75,16.949997,250600,12.529963
2012-09-20,16.600005,16.789998,16.569997,16.739997,201300,12.374725
2012-09-19,16.760002,16.850003,16.649996,16.670001,213200,12.322981
2012-09-18,16.860006,16.880001,16.75,16.779996,131900,12.404293
2012-09-17,16.840001,16.880001,16.729995,16.869997,167100,12.470825
2012-09-14,16.789998,16.880001,16.75,16.869997,214700,12.470825
2012-09-13,16.519996,16.75,16.460002,16.729995,174400,12.367331
2012-09-12,16.479996,16.540001,16.45,16.500001,147600,12.197312
2012-09-11,16.420002,16.550003,16.399998,16.510004,139500,12.145569
2012-09-10,16.489999,16.519996,16.389995,16.389995,95400,12.057285
2012-09-07,16.430005,16.500001,16.380004,16.489999,180000,12.130852
2012-09-06,16.359999,16.470005,16.349996,16.470005,234500,12.116144
2012-09-05,16.340004,16.349996,16.240001,16.290002,162600,11.983725
2012-09-04,16.309996,16.359999,16.170005,16.349996,158200,12.027859
2012-08-31,16.260006,16.340004,16.170005,16.309996,152100,11.998434
2012-08-30,16.200001,16.210004,16.120003,16.15,177500,11.880732
2012-08-29,16.28,16.319999,16.250004,16.319999,189700,12.005792
2012-08-28,16.170005,16.290002,16.170005,16.269998,219500,11.969008
2012-08-27,16.129995,16.219996,16.089995,16.219996,217900,11.932225
2012-08-24,16.049996,16.120003,16.040004,16.099998,251600,11.843948
2012-08-23,16.170005,16.179996,16.059999,16.070001,168500,11.821881
2012-08-22,16.179996,16.240001,16.129995,16.219996,176900,11.932225
2012-08-21,16.349996,16.370001,16.120003,16.240001,255600,11.946942
2012-08-20,16.290002,16.349996,16.250004,16.319999,185800,12.005792
2012-08-17,16.319999,16.359999,16.299994,16.340004,159000,12.020508
2012-08-16,16.330001,16.370001,16.269998,16.340004,259900,12.020508
2012-08-15,16.309996,16.330001,16.210004,16.28,146100,11.976367
2012-08-14,16.430005,16.489999,16.359999,16.370001,196000,11.983725
2012-08-13,16.41,16.45,16.290002,16.389995,150900,11.998362
2012-08-10,16.319999,16.380004,16.229999,16.359999,149100,11.976403
2012-08-09,16.330001,16.380004,16.260006,16.319999,149000,11.947121
2012-08-08,16.269998,16.299994,16.200001,16.28,144700,11.917839
2012-08-07,16.129995,16.250004,16.129995,16.210004,173300,11.866598
2012-08-06,16.120003,16.170005,16.049996,16.049996,231200,11.749464
2012-08-03,16.170005,16.240001,16.040004,16.049996,201400,11.749464
2012-08-02,16.11,16.170005,15.900001,16.009997,163900,11.720182
2012-08-01,16.319999,16.340004,16.219996,16.229999,146900,11.881236
2012-07-31,16.179996,16.290002,16.15,16.260006,167200,11.903203
2012-07-30,16.179996,16.240001,16.099998,16.229999,183300,11.881236
2012-07-27,16.189999,16.229999,16.089995,16.200001,280500,11.859276
2012-07-26,16.11,16.139998,16.000005,16.099998,183800,11.786068
2012-07-25,15.960005,15.990003,15.820003,15.910004,243100,11.646982
2012-07-24,16.019999,16.019999,15.770001,15.900001,200200,11.63966
2012-07-23,15.900001,16.009997,15.849999,15.990003,152900,11.705546
2012-07-20,16.080004,16.129995,16.059999,16.129995,149700,11.808028
2012-07-19,16.129995,16.229999,16.080004,16.15,194800,11.822672
2012-07-18,15.969998,16.170005,15.94,16.080004,174800,11.771431
2012-07-17,15.94,16.040004,15.780004,15.98,177700,11.698223
2012-07-16,15.719999,15.900001,15.64,15.889999,160700,11.632337
2012-07-13,15.530005,15.759999,15.530005,15.719999,121000,11.507888
2012-07-12,15.499998,15.690003,15.419999,15.549999,179000,11.324876
2012-07-11,15.749997,15.789995,15.470001,15.570004,225300,11.339446
2012-07-10,15.910004,15.919995,15.650003,15.709997,163600,11.4414
2012-07-09,15.759999,15.830005,15.68,15.830005,151500,11.528801
2012-07-06,15.749997,15.780004,15.629998,15.759999,166700,11.477816
2012-07-05,15.900001,15.94,15.799998,15.820003,176300,11.521516
2012-07-03,15.709997,15.879997,15.669998,15.849999,93200,11.543362
2012-07-02,15.499998,15.659995,15.499998,15.650003,176800,11.397708
2012-06-29,15.570004,15.579997,15.480003,15.51,147100,11.295746
2012-06-28,15.210001,15.329998,15.119999,15.319996,211300,11.157367
2012-06-27,15.260002,15.350003,15.249999,15.279997,144900,11.128237
2012-06-26,15.130002,15.249999,15.100005,15.239997,266600,11.099105
2012-06-25,15.159998,15.159998,15.029998,15.119999,201300,11.011713
2012-06-22,15.229995,15.310004,15.210001,15.310004,176800,11.150091
2012-06-21,15.390002,15.449996,15.109997,15.140004,227900,11.026282
2012-06-20,15.350003,15.430002,15.260002,15.369997,177900,11.193783
2012-06-19,15.180003,15.359995,15.149996,15.340001,208800,11.171937
2012-06-18,14.95,15.189996,14.95,15.100005,260500,10.99715
2012-06-15,15.050003,15.090002,14.880003,14.989998,422200,10.917034
2012-06-14,14.960002,15.050003,14.930005,14.979996,191100,10.90975
2012-06-13,14.979996,15.060006,14.920002,14.920002,157400,10.866057
2012-06-12,14.970005,15.100005,14.930005,15.050003,215300,10.902473
2012-06-11,15.159998,15.199998,14.859998,14.890006,178000,10.786568
2012-06-08,14.95,15.119999,14.95,15.090002,140600,10.931449
2012-06-07,14.979996,15.119999,14.95,14.979996,194300,10.851758
2012-06-06,14.710004,14.890006,14.700001,14.859998,204300,10.76483
2012-06-05,14.620002,14.679996,14.559999,14.589995,197400,10.569235
2012-06-04,14.729998,14.82,14.48,14.639997,235600,10.605458
2012-06-01,14.830002,14.899997,14.429998,14.679996,502300,10.634434
2012-05-31,15.08,15.119999,14.840005,15.08,153700,10.924203
2012-05-30,15.180003,15.180003,15.010003,15.050003,164700,10.902473
2012-05-29,15.159998,15.270004,15.149996,15.239997,171000,11.040107
2012-05-25,14.989998,15.069997,14.989998,15.069997,141000,10.916957
2012-05-24,15.050003,15.050003,14.870001,14.970005,274400,10.84452
2012-05-23,14.82,14.989998,14.719996,14.989998,289900,10.859004
2012-05-22,14.849996,14.95,14.790002,14.870001,238900,10.772076
2012-05-21,14.599997,14.78,14.599997,14.78,244400,10.706878
2012-05-18,14.899997,14.899997,14.549996,14.549996,313200,10.540259
2012-05-17,15.180003,15.229995,14.840005,14.840005,355600,10.750346
2012-05-16,15.650003,15.669998,15.159998,15.229995,292500,11.032862
2012-05-15,15.539997,15.600002,15.470001,15.579997,180200,11.286409
2012-05-14,15.749997,15.749997,15.589999,15.629998,203200,11.322631
2012-05-11,15.860002,16.040004,15.820003,15.919995,113800,11.474758
2012-05-10,16.059999,16.059999,15.889999,15.919995,195800,11.474758
2012-05-09,15.870004,16.019999,15.770001,15.889999,222400,11.453137
2012-05-08,16.009997,16.059999,15.820003,16.019999,223200,11.546838
2012-05-07,16.099998,16.160002,16.049996,16.070001,161300,11.582879
2012-05-04,16.260006,16.28,16.099998,16.15,161100,11.64054
2012-05-03,16.500001,16.500001,16.309996,16.319999,108700,11.763071
2012-05-02,16.519996,16.550003,16.420002,16.479996,145500,11.878393
2012-05-01,16.529999,16.62,16.470005,16.590002,168900,11.957683
2012-04-30,16.479996,16.519996,16.460002,16.519996,127500,11.907224
2012-04-27,16.710001,16.710001,16.349996,16.519996,149000,11.907224
2012-04-26,16.319999,16.399998,16.299994,16.389995,149100,11.813523
2012-04-25,16.319999,16.380004,16.269998,16.349996,152600,11.784692
2012-04-24,16.170005,16.200001,16.11,16.179996,190700,11.662161
2012-04-23,16.139998,16.170005,16.059999,16.170005,234900,11.654959
2012-04-20,16.250004,16.290002,16.189999,16.219996,119900,11.690991
2012-04-19,16.179996,16.260006,16.059999,16.15,143100,11.64054
2012-04-18,16.059999,16.189999,16.009997,16.189999,169000,11.66937
2012-04-17,15.94,16.15,15.94,16.099998,161200,11.604499
2012-04-16,15.929998,15.950003,15.81,15.830005,144400,11.409895
2012-04-13,16.080004,16.080004,15.849999,15.870004,148600,11.438725
2012-04-12,15.900001,16.11,15.900001,16.11,227700,11.611709
