Date,Open,High,Low,Close,Volume,Adj Close
2018-03-07,4.74,4.87,4.57,4.73,368096,4.73
2018-03-06,4.68,4.82,4.52,4.79,389377,4.79
2018-03-05,4.27,4.63,4.27,4.57,385737,4.57
2018-03-02,4,4.39,3.99,4.27,617730,4.27
2018-03-01,4.18,4.39,3.99,4.01,653751,4.01
2018-02-28,4.43,4.69,3.98,4.12,1673376,4.12
2018-02-27,4.53,4.92,4.45,4.85,446093,4.85
2018-02-26,4.17,4.66,4.17,4.53,712807,4.53
2018-02-23,4.29,4.3,4.12,4.25,190928,4.25
2018-02-22,4.43,4.51,4.115,4.25,333136,4.25
2018-02-21,4.42,4.62,4.37,4.46,152675,4.46
2018-02-20,4.37,4.59,4.37,4.39,298430,4.39
2018-02-16,4.74,4.81,4.46,4.49,276611,4.49
2018-02-15,4.25,4.765,4.24,4.75,450185,4.75
2018-02-14,4.54,4.75,4.18,4.24,604861,4.24
2018-02-13,4.7,4.7965,4.54,4.56,185881,4.56
2018-02-12,4.83,4.89,4.65,4.74,182173,4.74
2018-02-09,4.81,4.85,4.61,4.82,258067,4.82
2018-02-08,5.13,5.13,4.76,4.79,260350,4.79
2018-02-07,5.09,5.18,5.05,5.12,132374,5.12
2018-02-06,4.91,5.17,4.86,5.1,308128,5.1
2018-02-05,5.15,5.18,5.02,5.02,373154,5.02
2018-02-02,5.13,5.37,5.12,5.15,317987,5.15
2018-02-01,5.41,5.49,5.17,5.19,282989,5.19
2018-01-31,5.31,5.47,5.3,5.44,404736,5.44
2018-01-30,5.46,5.48,5.2212,5.3,306944,5.3
2018-01-29,5.88,5.9799,5.48,5.51,510297,5.51
2018-01-26,5.84,5.95,5.7281,5.87,1455855,5.87
2018-01-25,5.57,5.96,5.56,5.85,516524,5.85
2018-01-24,5.85,6.29,5.53,5.56,846396,5.56
2018-01-23,5.05,5.84,5.03,5.78,780049,5.78
2018-01-22,4.83,5.47,4.81,5.03,1538264,5.03
2018-01-19,4.7,4.86,4.67,4.83,313296,4.83
2018-01-18,4.64,4.84,4.56,4.71,230742,4.71
2018-01-17,4.69,4.82,4.62,4.66,321972,4.66
2018-01-16,4.64,4.89,4.595,4.68,441924,4.68
2018-01-12,4.76,4.76,4.57,4.6,357944,4.6
2018-01-11,4.77,4.89,4.71,4.73,365850,4.73
2018-01-10,5,5.06,4.76,4.77,390027,4.77
2018-01-09,5.16,5.825,5,5.03,801001,5.03
2018-01-08,5.03,5.28,4.79,5.16,1124902,5.16
2018-01-05,4.73,5.06,4.6,5.03,608484,5.03
2018-01-04,4.76,4.8299,4.46,4.68,353762,4.68
2018-01-03,4.66,4.92,4.64,4.72,555639,4.72
2018-01-02,4.17,4.715,4.17,4.65,614012,4.65
2017-12-29,4.3,4.3612,4.14,4.17,333899,4.17
2017-12-28,4.38,4.47,4.25,4.29,562710,4.29
2017-12-27,4.48,4.5,4.285,4.39,425267,4.39
2017-12-26,4.5,4.61,4.4146,4.47,239179,4.47
2017-12-22,4.63,4.66,4.46,4.52,239839,4.52
2017-12-21,4.59,4.8,4.54,4.61,450169,4.61
2017-12-20,4.39,4.7,4.39,4.65,348060,4.65
2017-12-19,4.24,4.48,4.21,4.41,378664,4.41
2017-12-18,4.24,4.4,4.2,4.23,296295,4.23
2017-12-15,4.29,4.43,4.24,4.24,938210,4.24
2017-12-14,4.8,4.8,4.25,4.3,407461,4.3
2017-12-13,4.41,4.825,4.41,4.78,504421,4.78
2017-12-12,4.47,4.55,4.33,4.4,329244,4.4
2017-12-11,4.36,4.47,4.23,4.46,309408,4.46
2017-12-08,4.27,4.485,4.22,4.39,319968,4.39
2017-12-07,4.24,4.365,4.2,4.26,346285,4.26
2017-12-06,4.42,4.51,4.22,4.22,221991,4.22
2017-12-05,4.5,4.62,4.385,4.44,340254,4.44
2017-12-04,4.7,4.85,4.345,4.52,802627,4.52
2017-12-01,4.47,4.75,4.4,4.7,673554,4.7
2017-11-30,4.4,4.5,4.35,4.45,578035,4.45
2017-11-29,4.5,4.61,4.39,4.4,410595,4.4
2017-11-28,4.7,4.71,4.48,4.51,567044,4.51
2017-11-27,4.65,4.755,4.6,4.68,457052,4.68
2017-11-24,4.64,4.6632,4.55,4.65,139375,4.65
2017-11-22,4.74,4.8,4.64,4.64,334395,4.64
2017-11-21,4.69,4.72,4.55,4.71,425851,4.71
2017-11-20,4.74,4.92,4.59,4.64,698430,4.64
2017-11-17,4.8,4.93,4.71,4.77,415855,4.77
2017-11-16,4.86,5,4.725,4.8,828792,4.8
2017-11-15,4.68,4.8769,4.551,4.86,826767,4.86
2017-11-14,4.71,4.96,4.59,4.71,277194,4.71
2017-11-13,4.93,4.97,4.65,4.74,828467,4.74
2017-11-10,4.95,5.03,4.8,4.93,721374,4.93
2017-11-09,5.15,5.15,4.69,4.99,1114231,4.99
2017-11-08,4.14,5.01,4.08,4.93,2171636,4.93
2017-11-07,3.88,4.26,3.87,4.1,2360417,4.1
2017-11-06,4.36,4.45,3.63,3.81,4687482,3.81
2017-11-03,6,6.17,3.87,4.26,7043372,4.26
2017-11-02,7.24,7.47,7.13,7.26,656878,7.26
2017-11-01,7.5,7.54,7.29,7.3,359435,7.3
2017-10-31,7.45,7.6,7.31,7.45,586794,7.45
2017-10-30,7.53,7.71,7.3,7.39,460304,7.39
2017-10-27,7.73,7.81,7.51,7.58,383489,7.58
2017-10-26,7.82,7.9133,7.72,7.73,120985,7.73
2017-10-25,7.78,7.88,7.65,7.83,195823,7.83
2017-10-24,7.91,7.95,7.79,7.82,162539,7.82
2017-10-23,7.94,8.03,7.8,7.93,248093,7.93
2017-10-20,7.92,7.95,7.73,7.92,262875,7.92
2017-10-19,8.03,8.06,7.68,7.84,331377,7.84
2017-10-18,8.09,8.18,8,8.06,238043,8.06
2017-10-17,8.49,8.57,8.06,8.11,377155,8.11
2017-10-16,8.87,9.32,8.49,8.5,841960,8.5
2017-10-13,8.77,8.955,8.7,8.89,415774,8.89
2017-10-12,9.15,9.15,8.77,8.79,317220,8.79
2017-10-11,9.44,9.53,9.1,9.18,310486,9.18
2017-10-10,9.72,9.8,9.34,9.45,387357,9.45
2017-10-09,9.77,9.81,9.55,9.65,302516,9.65
2017-10-06,9.61,9.78,9.58,9.74,231935,9.74
2017-10-05,9.58,9.66,9.38,9.6,197836,9.6
2017-10-04,9.61,9.69,9.47,9.56,313922,9.56
2017-10-03,9.87,9.87,9.495,9.66,322239,9.66
2017-10-02,9.6,9.85,9.47,9.85,216616,9.85
2017-09-29,9.43,9.69,9.37,9.63,307475,9.63
2017-09-28,9.53,9.53,9.32,9.39,195187,9.39
2017-09-27,9.37,9.55,9.28,9.49,346137,9.49
2017-09-26,9.44,9.59,9.34,9.36,203015,9.36
2017-09-25,9.47,9.535,9.19,9.45,306647,9.45
2017-09-22,9.56,9.64,9.44,9.52,226012,9.52
2017-09-21,9.53,9.66,9.4,9.56,238607,9.56
2017-09-20,9.37,9.6,9.14,9.56,380762,9.56
2017-09-19,9.69,9.93,9.24,9.4,459966,9.4
2017-09-18,9.73,9.78,9.02,9.65,1056670,9.65
2017-09-15,9.15,9.3,8.88,8.92,1126429,8.92
2017-09-14,9.67,9.67,9.15,9.19,613078,9.19
2017-09-13,9.72,9.76,9.39,9.75,870564,9.75
2017-09-12,9.51,9.955,9.42,9.8,900803,9.8
2017-09-11,9.49,9.59,9.08,9.43,990170,9.43
2017-09-08,9.09,9.44,9.08,9.4,618957,9.4
2017-09-07,9.38,9.44,9.02,9.08,209962,9.08
2017-09-06,9.49,9.5,9.23,9.34,259495,9.34
2017-09-05,9.75,9.93,9.34,9.44,249271,9.44
2017-09-01,9.75,9.99,9.59,9.83,251185,9.83
2017-08-31,9.39,10.16,9.37,9.74,652440,9.74
2017-08-30,9.52,9.62,9.31,9.31,311459,9.31
2017-08-29,9.44,9.61,9.37,9.54,242463,9.54
2017-08-28,9.42,9.52,9.37,9.47,103187,9.47
2017-08-25,9.69,9.71,9.36,9.4,282303,9.4
2017-08-24,9.51,9.71,9.36,9.68,188632,9.68
2017-08-23,9.42,9.6,9.32,9.49,182074,9.49
2017-08-22,9.56,9.66,9.42,9.44,376146,9.44
2017-08-21,9.45,9.56,9.33,9.54,275461,9.54
2017-08-18,9.62,9.7,9.33,9.6,317784,9.6
2017-08-17,9.75,9.9,9.62,9.69,219463,9.69
2017-08-16,9.99,10.04,9.75,9.79,196671,9.79
2017-08-15,10.16,10.23,9.98,9.99,205246,9.99
2017-08-14,10.06,10.31,9.87,10.09,497623,10.09
2017-08-11,10.22,10.279,9.81,10,450043,10
2017-08-10,10.31,10.36,10.03,10.17,756334,10.17
2017-08-09,10.72,10.75,10.23,10.33,352881,10.33
2017-08-08,10.83,10.9,10.59,10.76,277413,10.76
2017-08-07,10.98,11.08,10.715,10.84,339725,10.84
2017-08-04,10.7,11.05,10.61,11.04,332760,11.04
2017-08-03,10.88,10.95,10.49,10.64,795432,10.64
2017-08-02,10.33,11.17,10.2701,10.87,1195150,10.87
2017-08-01,11.52,11.59,9.45,10.705,3119052,10.705
2017-07-31,11.82,11.83,11.63,11.83,184689,11.83
2017-07-28,12.1,12.32,11.71,11.77,192717,11.77
2017-07-27,12.47,12.53,12.08,12.11,283610,12.11
2017-07-26,12.28,12.55,12.11,12.51,200994,12.51
2017-07-25,12.11,12.34,12.06,12.27,274672,12.27
2017-07-24,12.02,12.11,11.78,12.09,163456,12.09
2017-07-21,12.39,12.46,12,12.05,318516,12.05
2017-07-20,11.93,12.31,11.785,12.26,309456,12.26
2017-07-19,11.74,11.93,11.74,11.89,177851,11.89
2017-07-18,11.67,11.795,11.64,11.73,249839,11.73
2017-07-17,11.61,11.77,11.6,11.69,282558,11.69
2017-07-14,11.43,11.71,11.38,11.62,287638,11.62
2017-07-13,11.34,11.445,11.25,11.43,210382,11.43
2017-07-12,11.33,11.4,11.17,11.36,292439,11.36
2017-07-11,11.16,11.301,11.02,11.3,353225,11.3
2017-07-10,11.45,11.5,11.11,11.13,228538,11.13
2017-07-07,11.28,11.48,11.11,11.48,514244,11.48
2017-07-06,11.65,11.71,11.235,11.27,324406,11.27
2017-07-05,11.67,11.75,11.5,11.74,291280,11.74
2017-07-03,11.85,11.95,11.56,11.66,387321,11.66
2017-06-30,12.11,12.11,11.74,11.83,351524,11.83
2017-06-29,12.53,12.68,11.9533,12.06,371019,12.06
2017-06-28,12.28,12.51,12.079,12.51,249070,12.51
2017-06-27,12.61,12.61,12.22,12.24,220672,12.24
2017-06-26,12.79,12.8,12.51,12.59,219420,12.59
2017-06-23,12.65,12.87,12.37,12.75,552101,12.75
2017-06-22,12.37,12.72,12.3,12.65,505470,12.65
2017-06-21,12.26,12.44,12.19,12.39,295085,12.39
2017-06-20,12.18,12.37,11.95,12.21,328402,12.21
2017-06-19,12.02,12.235,11.95,12.18,248339,12.18
2017-06-16,11.84,12.2,11.84,12.01,365100,12.01
2017-06-15,12.07,12.1,11.7301,12.02,689245,12.02
2017-06-14,12.5,12.54,11.94,12.2,3306428,12.2
2017-06-13,12.5,12.5,11.45,11.82,1385790,11.82
2017-06-12,13.02,13.5,12.65,12.85,780375,12.85
2017-06-09,13.02,13.17,12.63,12.79,249083,12.79
2017-06-08,12.64,13.02,12.48,13.01,432866,13.01
2017-06-07,12.5,12.95,12.29,12.71,365658,12.71
2017-06-06,12.65,12.75,12.38,12.46,283654,12.46
2017-06-05,12.94,12.97,12.57,12.7,184298,12.7
2017-06-02,12.89,13.11,12.87,12.89,192790,12.89
2017-06-01,13.01,13.01,12.84,12.91,190752,12.91
2017-05-31,12.98,13.1,12.65,12.94,208870,12.94
2017-05-30,13.05,13.13,12.8,12.92,230507,12.92
2017-05-26,12.99,13.15,12.83,13.14,129049,13.14
2017-05-25,12.85,13.065,12.76,13,114518,13
2017-05-24,13.1,13.1,12.71,12.8,192006,12.8
2017-05-23,13.25,13.25,13.02,13.1,106666,13.1
2017-05-22,13.03,13.22,12.84,13.21,131426,13.21
2017-05-19,12.89,13.2,12.78,13.01,252657,13.01
2017-05-18,13.1,13.2,12.6644,12.99,274257,12.99
2017-05-17,13.32,13.4,13.15,13.16,149036,13.16
2017-05-16,13.43,13.46,13.25,13.45,178433,13.45
2017-05-15,13.35,13.55,13.28,13.36,78051,13.36
2017-05-12,13.20,13.32,13.05,13.31,99400,13.31
2017-05-11,13.35,13.45,13.18,13.23,150500,13.23
2017-05-10,13.25,13.37,13.00,13.35,208500,13.35
2017-05-09,13.25,13.67,13.21,13.24,427000,13.24
2017-05-08,13.01,13.46,13.01,13.26,188000,13.26
2017-05-05,12.64,13.06,12.61,13.05,143600,13.05
2017-05-04,12.57,12.70,12.24,12.65,232600,12.65
2017-05-03,13.34,13.35,12.21,12.58,510200,12.58
2017-05-02,13.05,13.30,12.96,13.07,365700,13.07
2017-05-01,12.84,13.22,12.84,13.00,292500,13.00
2017-04-28,12.91,13.04,12.78,12.82,162600,12.82
2017-04-27,13.02,13.19,12.85,12.88,189400,12.88
2017-04-26,12.92,13.09,12.90,13.07,152300,13.07
2017-04-25,12.66,12.94,12.66,12.86,163300,12.86
2017-04-24,12.78,12.78,12.43,12.55,176900,12.55
2017-04-21,12.80,12.88,12.45,12.50,313100,12.50
2017-04-20,13.00,13.06,12.87,12.96,118700,12.96
2017-04-19,12.74,13.18,12.66,12.97,281700,12.97
2017-04-18,12.64,12.73,12.40,12.66,122100,12.66
2017-04-17,12.42,12.78,12.30,12.71,130400,12.71
2017-04-13,12.58,12.60,12.30,12.42,237000,12.42
2017-04-12,12.79,12.79,12.44,12.60,240500,12.60
2017-04-11,12.72,12.85,12.57,12.82,174100,12.82
2017-04-10,12.98,13.09,12.79,12.79,196200,12.79
2017-04-07,13.03,13.11,12.91,12.99,145100,12.99
2017-04-06,12.97,13.22,12.88,13.09,259800,13.09
2017-04-05,12.88,13.27,12.84,13.00,397600,13.00
2017-04-04,13.21,13.34,12.72,12.86,267200,12.86
2017-04-03,12.88,13.36,12.80,13.25,339400,13.25
2017-03-31,12.75,12.90,12.69,12.82,221800,12.82
2017-03-30,12.54,12.82,12.49,12.79,172000,12.79
2017-03-29,12.45,12.80,12.36,12.56,243500,12.56
2017-03-28,12.98,13.02,12.27,12.45,321300,12.45
2017-03-27,13.25,13.40,12.92,13.04,234500,13.04
2017-03-24,13.15,13.62,13.05,13.40,432300,13.40
2017-03-23,13.00,13.21,12.84,13.14,334600,13.14
2017-03-22,12.93,13.09,12.72,13.02,195600,13.02
2017-03-21,13.14,13.17,12.69,12.88,274500,12.88
2017-03-20,12.83,13.13,12.57,13.00,204700,13.00
2017-03-17,12.71,13.04,12.55,12.79,607800,12.79
2017-03-16,12.22,12.82,12.09,12.81,419800,12.81
2017-03-15,12.18,12.39,12.13,12.24,206600,12.24
2017-03-14,12.16,12.26,11.83,12.10,95300,12.10
2017-03-13,12.21,12.24,11.99,12.17,128600,12.17
2017-03-10,12.14,12.39,12.03,12.26,205100,12.26
2017-03-09,12.03,12.34,11.91,12.10,202900,12.10
2017-03-08,12.17,12.29,11.99,12.04,175700,12.04
2017-03-07,12.18,12.39,12.01,12.12,218100,12.12
2017-03-06,12.35,12.43,12.07,12.31,304200,12.31
2017-03-03,12.29,12.66,12.03,12.38,491200,12.38
2017-03-02,12.18,12.52,12.08,12.36,398600,12.36
2017-03-01,11.54,12.50,11.52,12.24,779100,12.24
2017-02-28,11.58,11.58,11.27,11.32,280000,11.32
2017-02-27,11.19,11.71,10.88,11.59,416900,11.59
2017-02-24,10.89,11.32,10.72,11.25,222500,11.25
2017-02-23,10.71,10.97,10.46,10.94,228500,10.94
2017-02-22,10.44,10.94,10.42,10.80,282200,10.80
2017-02-21,10.08,10.57,9.80,10.55,491700,10.55
2017-02-17,10.50,10.64,10.40,10.55,265900,10.55
2017-02-16,11.04,11.07,10.44,10.50,290200,10.50
2017-02-15,11.00,11.21,10.84,11.07,208500,11.07
2017-02-14,10.98,11.09,10.92,11.02,150800,11.02
2017-02-13,11.28,11.36,10.90,10.97,200200,10.97
2017-02-10,11.36,11.38,11.07,11.18,143200,11.18
2017-02-09,10.91,11.47,10.75,11.36,196200,11.36
2017-02-08,11.16,11.17,10.90,10.95,144500,10.95
2017-02-07,11.04,11.26,10.97,11.23,201800,11.23
2017-02-06,11.40,11.42,10.94,11.03,222400,11.03
2017-02-03,11.47,11.56,11.27,11.52,209000,11.52
2017-02-02,11.58,11.86,11.29,11.36,216600,11.36
2017-02-01,12.09,12.17,11.67,11.68,192700,11.68
2017-01-31,11.77,12.21,11.61,12.13,227800,12.13
2017-01-30,12.24,12.24,11.67,11.85,199100,11.85
2017-01-27,12.42,12.46,12.16,12.26,197000,12.26
2017-01-26,12.38,12.66,12.05,12.35,311300,12.35
2017-01-25,12.49,12.69,12.33,12.38,308900,12.38
2017-01-24,12.58,12.76,12.19,12.45,344100,12.45
2017-01-23,12.31,12.58,12.19,12.48,234500,12.48
2017-01-20,12.25,12.42,12.13,12.25,306800,12.25
2017-01-19,12.47,12.60,11.91,12.25,497200,12.25
2017-01-18,12.65,12.75,12.36,12.65,124600,12.65
2017-01-17,12.66,12.78,12.40,12.61,183800,12.61
2017-01-13,12.68,13.09,12.65,12.75,200800,12.75
2017-01-12,12.64,12.74,12.36,12.62,189800,12.62
2017-01-11,13.07,13.43,12.35,12.73,294200,12.73
2017-01-10,11.91,13.42,11.76,13.00,1017000,13.00
2017-01-09,11.75,11.91,11.61,11.67,149200,11.67
2017-01-06,11.94,11.94,11.67,11.73,260100,11.73
2017-01-05,12.34,12.45,11.86,11.89,150800,11.89
2017-01-04,12.07,12.56,12.03,12.33,214100,12.33
2017-01-03,12.38,12.40,11.87,12.02,197200,12.02
2016-12-30,12.48,12.57,12.20,12.24,173300,12.24
2016-12-29,12.52,12.67,12.31,12.49,133300,12.49
2016-12-28,12.22,12.55,12.04,12.54,293400,12.54
2016-12-27,12.18,12.33,12.12,12.18,127200,12.18
2016-12-23,12.24,12.56,11.98,12.21,261800,12.21
2016-12-22,12.21,12.58,12.07,12.27,302600,12.27
2016-12-21,12.23,12.39,11.77,12.11,165300,12.11
2016-12-20,12.06,12.34,12.01,12.23,329700,12.23
2016-12-19,12.00,12.30,11.74,11.99,218100,11.99
2016-12-16,11.82,12.04,11.61,12.00,1203700,12.00
2016-12-15,11.83,12.15,11.65,11.77,404100,11.77
2016-12-14,11.71,11.99,11.55,11.76,261500,11.76
2016-12-13,11.08,11.77,11.08,11.74,531800,11.74
2016-12-12,10.96,11.21,10.84,11.03,68800,11.03
2016-12-09,11.26,11.49,10.93,10.96,184300,10.96
2016-12-08,10.97,11.38,10.81,11.18,183500,11.18
2016-12-07,11.08,11.46,10.86,10.98,175300,10.98
2016-12-06,11.32,11.32,10.89,11.24,167400,11.24
2016-12-05,11.31,11.48,11.04,11.34,235700,11.34
2016-12-02,11.30,11.51,11.17,11.27,206900,11.27
2016-12-01,11.59,11.71,11.22,11.35,261100,11.35
2016-11-30,11.76,11.76,11.46,11.62,197000,11.62
2016-11-29,11.64,11.90,11.58,11.72,253600,11.72
2016-11-28,11.78,11.78,11.49,11.68,217900,11.68
2016-11-25,11.78,11.91,11.62,11.88,63300,11.88
2016-11-23,11.73,11.94,11.51,11.72,266200,11.72
2016-11-22,12.20,12.20,11.58,11.66,281600,11.66
2016-11-21,12.55,12.64,12.12,12.22,153900,12.22
2016-11-18,12.62,12.73,12.35,12.57,317500,12.57
2016-11-17,12.33,12.63,12.20,12.53,219800,12.53
2016-11-16,12.62,12.69,12.10,12.18,259300,12.18
2016-11-15,12.77,12.84,12.52,12.60,251100,12.60
2016-11-14,12.76,12.91,12.40,12.60,238100,12.60
2016-11-11,12.26,12.64,12.03,12.58,328800,12.58
2016-11-10,12.81,12.90,12.18,12.24,297600,12.24
2016-11-09,11.92,12.85,11.92,12.70,280600,12.70
2016-11-08,12.09,12.24,11.95,12.10,272800,12.10
2016-11-07,12.22,12.50,11.96,12.19,404000,12.19
2016-11-04,11.00,12.41,11.00,11.99,804600,11.99
2016-11-03,10.46,11.01,10.14,11.00,944500,11.00
2016-11-02,10.30,10.56,10.01,10.38,474400,10.38
2016-11-01,10.68,10.72,10.11,10.43,234400,10.43
2016-10-31,10.81,10.81,10.59,10.67,128400,10.67
2016-10-28,10.90,11.04,10.63,10.83,167300,10.83
2016-10-27,11.22,11.22,10.89,10.92,182200,10.92
2016-10-26,11.50,11.63,11.04,11.18,264900,11.18
2016-10-25,11.80,11.91,11.44,11.46,97700,11.46
2016-10-24,11.99,12.08,11.78,11.79,169100,11.79
2016-10-21,11.93,12.10,11.88,11.91,226000,11.91
2016-10-20,11.93,12.19,11.92,12.07,431600,12.07
2016-10-19,11.94,12.25,11.68,12.01,132500,12.01
2016-10-18,11.96,12.01,11.77,11.96,166100,11.96
2016-10-17,11.84,12.01,11.49,11.81,386800,11.81
2016-10-14,11.89,12.04,11.38,11.76,399000,11.76
2016-10-13,12.43,12.50,11.86,11.92,202200,11.92
2016-10-12,12.50,12.70,12.39,12.64,129600,12.64
2016-10-11,12.97,12.97,12.25,12.58,265700,12.58
2016-10-10,12.81,13.29,12.81,12.99,300400,12.99
2016-10-07,12.68,12.72,12.16,12.66,288700,12.66
2016-10-06,12.60,13.10,12.31,12.63,665000,12.63
2016-10-05,12.21,12.66,12.18,12.62,183600,12.62
2016-10-04,12.13,12.34,12.03,12.25,313900,12.25
2016-10-03,11.80,12.14,11.69,12.06,276800,12.06
2016-09-30,10.83,11.98,10.83,11.80,600200,11.80
2016-09-29,11.62,11.65,10.85,10.88,379900,10.88
2016-09-28,11.94,12.17,11.59,11.69,190700,11.69
2016-09-27,11.58,12.03,11.54,11.95,220100,11.95
2016-09-26,11.55,11.82,11.44,11.56,190000,11.56
2016-09-23,11.76,11.98,11.60,11.70,220100,11.70
2016-09-22,10.93,11.79,10.93,11.78,371100,11.78
2016-09-21,11.03,11.18,10.63,10.89,670700,10.89
2016-09-20,10.84,11.09,10.84,11.04,394300,11.04
2016-09-19,10.77,11.04,10.67,10.82,660300,10.82
2016-09-16,10.04,10.98,9.74,10.61,2665700,10.61
2016-09-15,8.36,8.86,8.30,8.82,269400,8.82
2016-09-14,8.34,8.41,8.03,8.33,756700,8.33
2016-09-13,8.43,8.59,8.27,8.40,181300,8.40
2016-09-12,8.53,8.71,8.39,8.51,419800,8.51
2016-09-09,8.71,8.78,8.49,8.54,480200,8.54
2016-09-08,8.73,8.99,8.70,8.74,297700,8.74
2016-09-07,8.69,8.88,8.67,8.75,239300,8.75
2016-09-06,8.80,8.89,8.65,8.72,188800,8.72
2016-09-02,8.62,8.90,8.51,8.74,210800,8.74
2016-09-01,8.51,8.71,8.35,8.63,265500,8.63
2016-08-31,8.66,8.66,8.48,8.52,234000,8.52
2016-08-30,8.61,8.84,8.58,8.64,618600,8.64
2016-08-29,8.71,8.79,8.60,8.64,281600,8.64
2016-08-26,8.77,8.96,8.68,8.75,721700,8.75
2016-08-25,8.69,8.95,8.57,8.74,270700,8.74
2016-08-24,8.76,8.91,8.66,8.75,187400,8.75
2016-08-23,8.65,9.00,8.63,8.80,319500,8.80
2016-08-22,8.92,9.08,8.53,8.67,776200,8.67
2016-08-19,8.98,9.09,8.92,8.99,185300,8.99
2016-08-18,9.14,9.30,8.99,9.02,177200,9.02
2016-08-17,9.05,9.30,8.90,9.15,219100,9.15
2016-08-16,9.33,9.33,8.88,8.92,334700,8.92
2016-08-15,9.37,9.50,9.32,9.37,238400,9.37
2016-08-12,9.51,9.54,9.33,9.38,661700,9.38
2016-08-11,9.51,9.76,9.45,9.49,252000,9.49
2016-08-10,9.60,9.69,9.39,9.50,300100,9.50
2016-08-09,9.76,9.92,9.58,9.60,181300,9.60
2016-08-08,9.83,10.00,9.69,9.74,165600,9.74
2016-08-05,9.80,10.09,9.74,9.82,290500,9.82
2016-08-04,9.65,10.03,9.60,9.73,470200,9.73
2016-08-03,9.64,10.05,9.53,9.61,412500,9.61
2016-08-02,9.88,10.23,9.50,9.55,450700,9.55
2016-08-01,10.59,10.61,9.88,10.00,375100,10.00
2016-07-29,10.45,11.31,10.35,10.65,595400,10.65
2016-07-28,10.05,10.30,10.00,10.26,154900,10.26
2016-07-27,9.99,10.17,9.92,10.10,154200,10.10
2016-07-26,9.61,10.00,9.61,9.97,149200,9.97
2016-07-25,9.79,9.88,9.53,9.66,65700,9.66
2016-07-22,9.56,9.89,9.56,9.80,82800,9.80
2016-07-21,9.68,9.89,9.52,9.55,118100,9.55
2016-07-20,9.79,9.84,9.53,9.65,118300,9.65
2016-07-19,9.83,9.89,9.68,9.76,106100,9.76
2016-07-18,9.85,9.88,9.68,9.86,111100,9.86
2016-07-15,9.59,9.75,9.37,9.72,193900,9.72
2016-07-14,9.90,9.90,9.43,9.48,150200,9.48
2016-07-13,9.83,9.95,9.68,9.80,297500,9.80
2016-07-12,9.56,9.89,9.56,9.73,157000,9.73
2016-07-11,9.98,9.98,9.49,9.56,324100,9.56
2016-07-08,9.89,10.08,9.89,9.98,242500,9.98
2016-07-07,9.62,10.03,9.27,9.88,693700,9.88
2016-07-06,9.47,9.84,9.34,9.57,186600,9.57
2016-07-05,9.02,9.58,8.94,9.49,169100,9.49
2016-07-01,8.65,9.08,8.51,9.05,174400,9.05
2016-06-30,8.67,8.89,8.46,8.70,266400,8.70
2016-06-29,8.42,8.70,8.25,8.67,267500,8.67
2016-06-28,8.24,8.50,8.16,8.28,364600,8.28
2016-06-27,8.26,8.31,7.82,8.14,238900,8.14
2016-06-24,8.53,8.82,8.25,8.35,419700,8.35
2016-06-23,8.77,8.98,8.54,8.97,158800,8.97
2016-06-22,8.64,8.79,8.45,8.64,90400,8.64
2016-06-21,8.67,8.83,8.28,8.62,198800,8.62
2016-06-20,8.70,8.97,8.53,8.63,151200,8.63
2016-06-17,8.53,8.84,8.49,8.63,273900,8.63
2016-06-16,8.33,8.60,8.21,8.50,212500,8.50
2016-06-15,8.78,8.78,8.05,8.38,239200,8.38
2016-06-14,8.69,8.93,8.65,8.85,206200,8.85
2016-06-13,8.75,8.94,8.65,8.74,202400,8.74
2016-06-10,8.96,9.01,8.72,8.74,208900,8.74
2016-06-09,9.30,9.48,8.80,8.95,408900,8.95
2016-06-08,9.06,9.45,8.88,9.27,169600,9.27
2016-06-07,8.98,9.18,8.79,9.06,217300,9.06
2016-06-06,8.42,9.13,8.36,9.04,238300,9.04
2016-06-03,8.53,8.62,8.24,8.38,142700,8.38
2016-06-02,8.20,8.58,8.05,8.52,308500,8.52
2016-06-01,7.55,8.27,7.40,8.18,385800,8.18
2016-05-31,7.34,7.84,7.24,7.53,203900,7.53
2016-05-27,7.17,7.32,7.05,7.32,167600,7.32
2016-05-26,7.14,7.49,7.05,7.15,126900,7.15
2016-05-25,6.89,7.14,6.86,7.12,225600,7.12
2016-05-24,6.70,6.96,6.65,6.87,180500,6.87
2016-05-23,6.49,6.95,6.49,6.64,200400,6.64
2016-05-20,6.06,6.59,5.98,6.56,228900,6.56
2016-05-19,5.91,6.05,5.86,6.02,138400,6.02
2016-05-18,5.44,5.96,5.42,5.94,182600,5.94
2016-05-17,5.56,5.78,5.31,5.47,161200,5.47
2016-05-16,5.55,5.82,5.50,5.58,172300,5.58
2016-05-13,5.23,5.54,5.23,5.51,301900,5.51
2016-05-12,5.37,5.42,5.13,5.25,202600,5.25
2016-05-11,5.52,5.75,5.31,5.33,215900,5.33
2016-05-10,5.55,5.64,5.41,5.53,171700,5.53
2016-05-09,5.42,5.66,5.37,5.50,202300,5.50
2016-05-06,5.42,5.56,5.32,5.42,244600,5.42
2016-05-05,5.60,5.80,5.45,5.48,204700,5.48
2016-05-04,5.50,5.79,5.46,5.63,283100,5.63
2016-05-03,5.76,6.09,5.51,5.70,148800,5.70
2016-05-02,5.79,5.96,5.75,5.84,147400,5.84
2016-04-29,6.02,6.09,5.69,5.91,125000,5.91
2016-04-28,6.45,6.51,6.00,6.07,150900,6.07
2016-04-27,6.41,6.63,6.30,6.46,105100,6.46
2016-04-26,6.31,6.49,6.20,6.43,101600,6.43
2016-04-25,6.36,6.45,6.20,6.35,128500,6.35
2016-04-22,6.34,6.50,6.23,6.39,163900,6.39
2016-04-21,6.02,6.50,5.99,6.36,231400,6.36
2016-04-20,5.69,6.15,5.61,6.05,165100,6.05
2016-04-19,5.82,5.98,5.52,5.65,274000,5.65
2016-04-18,5.39,5.86,5.13,5.78,453800,5.78
2016-04-15,5.56,5.61,5.29,5.37,365600,5.37
2016-04-14,5.75,5.81,5.56,5.60,141900,5.60
2016-04-13,5.42,5.88,5.42,5.76,169100,5.76
2016-04-12,5.24,5.55,5.21,5.46,178900,5.46
2016-04-11,5.61,5.67,5.22,5.26,122000,5.26
2016-04-08,5.38,5.65,5.32,5.60,178100,5.60
2016-04-07,5.51,5.76,5.29,5.31,142100,5.31
2016-04-06,5.27,5.59,5.26,5.56,80500,5.56
2016-04-05,5.23,5.40,5.15,5.26,267500,5.26
2016-04-04,5.25,5.49,5.23,5.27,109300,5.27
2016-04-01,5.22,5.46,5.13,5.26,142300,5.26
2016-03-31,5.10,5.40,5.10,5.27,169500,5.27
2016-03-30,5.22,5.41,5.10,5.12,106500,5.12
2016-03-29,4.84,5.24,4.73,5.20,118100,5.20
2016-03-28,5.01,5.18,4.84,4.85,119500,4.85
2016-03-24,4.90,5.00,4.66,4.99,212200,4.99
2016-03-23,5.11,5.16,4.80,4.93,162200,4.93
2016-03-22,5.23,5.30,5.00,5.10,99600,5.10
2016-03-21,5.51,5.60,5.16,5.20,103000,5.20
2016-03-18,5.16,5.58,5.05,5.51,652000,5.51
2016-03-17,4.92,5.19,4.86,5.11,189400,5.11
2016-03-16,4.95,5.11,4.74,4.90,251200,4.90
2016-03-15,5.04,5.12,4.83,5.00,204000,5.00
2016-03-14,4.98,5.10,4.80,5.05,203400,5.05
2016-03-11,4.99,5.09,4.81,4.95,173500,4.95
2016-03-10,5.10,5.23,4.85,4.93,117200,4.93
2016-03-09,5.57,5.79,5.05,5.10,183500,5.10
2016-03-08,6.05,6.05,5.51,5.52,164300,5.52
2016-03-07,5.76,6.24,5.52,6.11,111600,6.11
2016-03-04,6.16,6.43,5.74,5.81,176600,5.81
2016-03-03,5.27,6.21,5.09,6.15,276100,6.15
2016-03-02,4.87,5.37,4.87,5.29,168000,5.29
2016-03-01,4.93,5.10,4.76,4.91,134400,4.91
2016-02-29,4.92,5.17,4.92,4.95,231200,4.95
2016-02-26,4.68,4.98,4.67,4.94,135700,4.94
2016-02-25,4.71,4.71,4.44,4.65,147300,4.65
2016-02-24,4.34,4.76,4.20,4.71,589100,4.71
2016-02-23,5.08,5.48,5.07,5.11,167400,5.11
2016-02-22,4.70,5.62,4.57,5.12,268200,5.12
2016-02-19,4.72,4.76,4.40,4.65,98400,4.65
2016-02-18,4.89,4.89,4.57,4.70,92300,4.70
2016-02-17,4.76,5.00,4.75,4.90,169900,4.90
2016-02-16,4.84,5.52,4.68,4.75,217300,4.75
2016-02-12,5.08,5.08,4.75,4.78,183200,4.78
2016-02-11,4.87,5.13,4.87,5.04,234400,5.04
2016-02-10,5.06,5.39,4.90,4.96,227300,4.96
2016-02-09,5.04,5.30,5.00,5.04,181500,5.04
2016-02-08,5.03,5.22,4.84,5.14,181700,5.14
2016-02-05,5.46,5.66,5.08,5.08,327600,5.08
2016-02-04,5.31,5.54,5.26,5.50,179000,5.50
2016-02-03,4.99,5.35,4.99,5.30,242100,5.30
2016-02-02,5.20,5.28,4.99,5.17,209900,5.17
2016-02-01,5.27,5.44,5.09,5.24,325300,5.24
2016-01-29,5.32,5.53,5.16,5.29,313700,5.29
2016-01-28,5.66,5.78,5.21,5.27,246500,5.27
2016-01-27,5.78,5.94,5.59,5.63,176000,5.63
2016-01-26,6.25,6.25,5.75,5.81,146400,5.81
2016-01-25,6.18,6.47,6.16,6.20,123400,6.20
2016-01-22,6.51,7.33,6.20,6.22,302600,6.22
2016-01-21,6.80,6.86,6.34,6.36,194600,6.36
2016-01-20,6.67,6.95,6.19,6.82,253000,6.82
2016-01-19,7.26,7.45,6.68,6.79,456600,6.79
2016-01-15,7.04,7.29,6.80,7.18,347000,7.18
2016-01-14,6.92,7.49,6.81,7.27,234100,7.27
2016-01-13,6.40,7.16,6.06,6.89,536200,6.89
2016-01-12,6.69,6.96,6.29,6.29,307800,6.29
2016-01-11,6.82,6.82,6.42,6.60,249700,6.60
2016-01-08,7.17,7.36,6.75,6.80,165400,6.80
2016-01-07,6.99,7.31,6.87,7.15,194600,7.15
2016-01-06,7.41,7.51,7.13,7.16,160200,7.16
2016-01-05,7.58,7.73,7.35,7.55,153000,7.55
2016-01-04,7.52,7.73,7.31,7.55,243300,7.55
2015-12-31,7.73,7.87,7.36,7.76,282300,7.76
2015-12-30,7.92,7.95,7.51,7.77,148700,7.77
2015-12-29,7.56,7.90,7.49,7.90,175800,7.90
2015-12-28,7.95,8.02,7.36,7.48,246100,7.48
2015-12-24,8.01,8.14,7.78,8.00,121900,8.00
2015-12-23,8.13,8.15,7.95,8.03,85500,8.03
2015-12-22,7.99,8.10,7.85,8.06,226500,8.06
2015-12-21,7.92,8.18,7.81,7.99,121000,7.99
2015-12-18,7.93,8.20,7.80,7.84,250000,7.84
2015-12-17,8.14,8.19,7.95,7.97,187900,7.97
2015-12-16,7.83,8.10,7.76,8.09,195900,8.09
2015-12-15,7.33,7.82,7.33,7.77,280500,7.77
2015-12-14,7.37,7.57,7.22,7.30,183600,7.30
2015-12-11,7.47,7.74,7.35,7.40,182000,7.40
2015-12-10,7.64,7.84,7.64,7.72,104600,7.72
2015-12-09,7.70,7.84,7.44,7.67,219800,7.67
2015-12-08,7.26,7.76,7.26,7.74,146900,7.74
2015-12-07,7.64,7.64,7.17,7.41,166200,7.41
2015-12-04,7.65,7.73,7.48,7.69,115000,7.69
2015-12-03,7.71,8.00,7.56,7.69,196200,7.69
2015-12-02,7.60,8.01,7.54,7.84,212700,7.84
2015-12-01,8.00,8.17,7.50,7.70,367500,7.70
2015-11-30,7.67,8.03,7.61,7.97,163600,7.97
2015-11-27,7.56,7.73,7.49,7.65,31900,7.65
2015-11-25,7.30,7.62,7.30,7.58,149700,7.58
2015-11-24,7.20,7.56,7.11,7.28,116400,7.28
2015-11-23,7.04,7.52,7.04,7.27,149400,7.27
2015-11-20,7.16,7.28,7.05,7.08,135700,7.08
2015-11-19,7.30,7.78,6.97,7.10,185600,7.10
2015-11-18,6.97,7.34,6.96,7.34,190200,7.34
2015-11-17,7.14,7.51,6.77,6.96,402800,6.96
2015-11-16,7.29,7.44,6.98,7.10,230600,7.10
2015-11-13,7.06,7.27,6.91,7.16,177000,7.16
2015-11-12,7.40,7.40,7.01,7.14,258200,7.14
2015-11-11,7.67,8.15,7.47,7.48,170800,7.48
2015-11-10,7.54,7.69,7.30,7.67,189400,7.67
2015-11-09,7.15,7.63,7.08,7.58,254300,7.58
2015-11-06,6.99,7.22,6.78,7.16,403600,7.16
2015-11-05,7.17,7.17,6.91,7.03,334300,7.03
2015-11-04,6.68,7.27,6.56,7.12,653100,7.12
2015-11-03,6.62,6.85,6.56,6.65,1387700,6.65
2015-11-02,6.45,6.85,6.36,6.66,924500,6.66
2015-10-30,7.18,7.18,6.26,6.36,2627300,6.36
2015-10-29,6.90,7.74,6.56,7.16,535500,7.16
2015-10-28,5.60,7.28,4.63,6.88,2401100,6.88
2015-10-27,6.73,7.33,6.73,6.79,649500,6.79
2015-10-26,7.66,8.11,6.66,6.74,605500,6.74
2015-10-23,7.92,8.00,7.40,7.65,475900,7.65
2015-10-22,7.98,8.21,7.63,7.80,268700,7.80
2015-10-21,8.11,8.14,7.35,7.90,422600,7.90
2015-10-20,8.16,8.16,7.94,8.03,201300,8.03
2015-10-19,8.40,8.59,8.05,8.17,98100,8.17
2015-10-16,8.39,8.53,8.25,8.47,174600,8.47
2015-10-15,8.03,8.40,8.03,8.33,292700,8.33
2015-10-14,8.34,8.68,8.00,8.00,289900,8.00
2015-10-13,8.85,8.88,8.12,8.29,166700,8.29
2015-10-12,9.42,9.61,8.88,8.94,240500,8.94
2015-10-09,9.49,9.74,9.25,9.36,296900,9.36
2015-10-08,9.06,9.47,8.81,9.46,434900,9.46
2015-10-07,8.45,9.11,8.28,9.11,295000,9.11
2015-10-06,8.33,8.64,8.10,8.42,175000,8.42
2015-10-05,8.01,8.45,7.95,8.40,185100,8.40
2015-10-02,7.58,8.22,7.53,7.92,325200,7.92
2015-10-01,7.86,7.86,7.21,7.65,249600,7.65
2015-09-30,7.62,7.91,7.40,7.87,614700,7.87
2015-09-29,7.63,7.74,7.22,7.51,308900,7.51
2015-09-28,8.36,8.36,7.52,7.63,292300,7.63
2015-09-25,9.79,9.79,8.18,8.40,437700,8.40
2015-09-24,9.45,9.78,9.40,9.66,173900,9.66
2015-09-23,9.60,9.91,9.47,9.55,108300,9.55
2015-09-22,9.98,10.05,9.48,9.59,148700,9.59
2015-09-21,10.40,10.54,10.06,10.16,108700,10.16
2015-09-18,10.10,10.42,10.10,10.37,223000,10.37
2015-09-17,9.84,10.35,9.79,10.28,221600,10.28
2015-09-16,9.87,9.92,9.64,9.87,104100,9.87
2015-09-15,10.15,10.20,9.83,9.85,105300,9.85
2015-09-14,10.00,10.29,9.74,10.17,145300,10.17
2015-09-11,9.71,10.00,9.55,10.00,99600,10.00
2015-09-10,9.79,10.00,9.79,9.82,58600,9.82
2015-09-09,10.01,10.03,9.49,9.80,251600,9.80
2015-09-08,9.74,10.00,9.65,9.89,89000,9.89
2015-09-04,9.35,9.66,9.35,9.58,94500,9.58
2015-09-03,9.87,9.90,9.48,9.51,97800,9.51
2015-09-02,9.81,9.81,9.42,9.81,182300,9.81
2015-09-01,10.18,10.39,9.60,9.66,152100,9.66
2015-08-31,9.93,10.50,9.86,10.34,307500,10.34
2015-08-28,9.34,10.10,9.34,10.02,273400,10.02
2015-08-27,9.50,9.57,9.24,9.43,125800,9.43
2015-08-26,9.36,9.65,9.17,9.46,215500,9.46
2015-08-25,9.44,9.44,8.95,9.05,395100,9.05
2015-08-24,8.96,9.37,8.70,9.14,353300,9.14
2015-08-21,9.00,9.53,8.98,9.40,206600,9.40
2015-08-20,9.25,9.48,9.00,9.02,258900,9.02
2015-08-19,9.36,9.58,9.11,9.35,201200,9.35
2015-08-18,9.59,9.59,9.01,9.45,164200,9.45
2015-08-17,9.11,9.65,9.10,9.57,117300,9.57
2015-08-14,9.02,9.20,8.97,9.20,199800,9.20
2015-08-13,9.30,9.57,9.01,9.03,158100,9.03
2015-08-12,9.00,9.40,8.95,9.29,252000,9.29
2015-08-11,8.75,9.05,8.51,9.00,210500,9.00
2015-08-10,8.46,8.85,8.46,8.77,195600,8.77
2015-08-07,9.00,9.00,7.57,8.39,291500,8.39
2015-08-06,8.32,8.32,7.92,8.01,198200,8.01
2015-08-05,8.22,8.41,8.14,8.28,150900,8.28
2015-08-04,8.05,8.22,8.04,8.12,168700,8.12
2015-08-03,8.53,8.53,8.00,8.04,268700,8.04
2015-07-31,8.54,8.74,8.49,8.50,190600,8.50
2015-07-30,8.68,8.70,8.28,8.48,188700,8.48
2015-07-29,8.82,9.01,8.57,8.75,264900,8.75
2015-07-28,9.09,9.09,8.74,8.83,145700,8.83
2015-07-27,9.60,9.61,8.76,9.10,216700,9.10
2015-07-24,10.26,10.26,9.57,9.76,196500,9.76
2015-07-23,10.38,10.55,10.12,10.31,410000,10.31
2015-07-22,10.18,10.39,10.18,10.37,219500,10.37
2015-07-21,10.15,10.38,9.79,10.26,231300,10.26
2015-07-20,9.75,10.17,9.61,10.15,305300,10.15
2015-07-17,9.55,9.82,9.47,9.77,177500,9.77
2015-07-16,9.31,9.60,9.24,9.53,383600,9.53
2015-07-15,9.16,9.36,8.73,9.26,252600,9.26
2015-07-14,8.70,9.40,8.69,9.21,234200,9.21
2015-07-13,8.73,8.86,8.62,8.75,117400,8.75
2015-07-10,8.64,8.79,8.48,8.69,72800,8.69
2015-07-09,8.73,8.95,8.50,8.54,163400,8.54
2015-07-08,8.98,8.98,8.44,8.59,129000,8.59
2015-07-07,8.94,9.15,8.69,9.10,119000,9.10
2015-07-06,8.84,9.00,8.71,8.97,139100,8.97
2015-07-02,8.79,9.00,8.75,8.91,116900,8.91
2015-07-01,9.12,9.17,8.66,8.75,290000,8.75
2015-06-30,9.23,9.37,8.81,9.06,174100,9.06
2015-06-29,9.34,9.52,9.08,9.10,196900,9.10
2015-06-26,9.85,9.85,9.40,9.49,292700,9.49
2015-06-25,9.55,9.82,9.50,9.80,96200,9.80
2015-06-24,9.66,9.75,9.39,9.45,122000,9.45
2015-06-23,9.80,9.90,9.62,9.71,63400,9.71
2015-06-22,10.45,10.54,9.74,9.82,239500,9.82
2015-06-19,9.64,10.84,9.55,10.40,738900,10.40
2015-06-18,9.18,9.61,9.18,9.60,311500,9.60
2015-06-17,9.04,9.36,9.03,9.13,145000,9.13
2015-06-16,9.43,9.43,9.02,9.05,133000,9.05
2015-06-15,9.25,9.47,9.03,9.41,119500,9.41
2015-06-12,9.91,9.93,9.17,9.29,172600,9.29
2015-06-11,9.63,9.91,9.44,9.89,118900,9.89
2015-06-10,9.53,9.74,9.47,9.59,164500,9.59
2015-06-09,9.42,9.63,9.29,9.48,146400,9.48
2015-06-08,9.84,9.90,9.24,9.46,200500,9.46
2015-06-05,9.84,9.93,9.52,9.84,100100,9.84
2015-06-04,9.58,9.97,9.43,9.84,459400,9.84
2015-06-03,9.26,9.72,9.26,9.69,191300,9.69
2015-06-02,9.30,9.50,9.28,9.36,96700,9.36
2015-06-01,9.26,9.44,9.12,9.39,239900,9.39
2015-05-29,9.39,9.41,9.11,9.17,198100,9.17
2015-05-28,9.18,9.38,9.17,9.37,230400,9.37
2015-05-27,9.10,9.29,9.00,9.26,136900,9.26
2015-05-26,9.00,9.12,8.90,9.05,143500,9.05
2015-05-22,9.03,9.18,8.99,9.04,183300,9.04
2015-05-21,9.10,9.18,8.97,9.03,137900,9.03
2015-05-20,9.44,9.53,9.11,9.11,125700,9.11
2015-05-19,9.55,9.62,9.32,9.38,153600,9.38
2015-05-18,9.34,9.67,9.21,9.57,193500,9.57
2015-05-15,9.40,9.50,9.25,9.40,71700,9.40
2015-05-14,9.41,9.54,9.21,9.42,90300,9.42
2015-05-13,9.58,9.70,9.32,9.37,138100,9.37
2015-05-12,9.36,9.56,9.14,9.51,124900,9.51
2015-05-11,9.55,9.57,9.39,9.41,180000,9.41
2015-05-08,9.61,9.61,9.34,9.52,216300,9.52
2015-05-07,9.33,9.37,9.10,9.36,211100,9.36
2015-05-06,9.87,10.04,9.08,9.38,367900,9.38
2015-05-05,10.12,10.19,9.75,9.78,133600,9.78
2015-05-04,10.09,10.45,10.00,10.19,291400,10.19
2015-05-01,9.67,10.11,9.67,10.11,202300,10.11
2015-04-30,9.57,9.79,9.51,9.60,159600,9.60
2015-04-29,10.00,10.22,9.62,9.68,291400,9.68
2015-04-28,10.31,10.42,9.93,10.04,260400,10.04
2015-04-27,10.68,10.84,10.20,10.35,227200,10.35
2015-04-24,11.00,11.04,10.58,10.69,113000,10.69
2015-04-23,10.52,10.95,10.45,10.93,147600,10.93
2015-04-22,10.71,10.78,10.42,10.51,164900,10.51
2015-04-21,10.74,10.85,10.62,10.73,105600,10.73
2015-04-20,10.75,11.16,10.75,10.85,367300,10.85
2015-04-17,12.75,12.93,10.58,10.86,1125600,10.86
2015-04-16,12.52,13.00,12.29,12.88,463700,12.88
2015-04-15,12.38,12.60,12.21,12.56,105800,12.56
2015-04-14,12.12,12.33,11.93,12.27,126700,12.27
2015-04-13,11.87,12.33,11.62,12.14,201000,12.14
2015-04-10,11.76,11.88,11.63,11.80,164600,11.80
2015-04-09,11.67,11.86,11.37,11.66,132900,11.66
2015-04-08,11.65,11.85,11.57,11.74,82400,11.74
2015-04-07,11.78,11.89,11.54,11.56,112400,11.56
2015-04-06,12.06,12.27,11.81,11.84,155400,11.84
2015-04-02,12.32,12.42,12.01,12.18,78800,12.18
2015-04-01,12.95,13.04,12.14,12.27,201400,12.27
2015-03-31,13.25,13.35,12.89,12.98,243900,12.98
2015-03-30,13.23,13.54,13.12,13.30,247100,13.30
2015-03-27,13.07,13.30,13.02,13.29,176600,13.29
2015-03-26,12.97,13.21,12.81,13.09,206900,13.09
2015-03-25,13.50,13.89,12.81,13.05,156300,13.05
2015-03-24,13.36,13.62,13.29,13.44,206400,13.44
2015-03-23,13.75,14.11,13.34,13.35,334700,13.35
2015-03-20,13.52,13.92,13.51,13.82,544600,13.82
2015-03-19,13.06,13.50,13.06,13.46,144200,13.46
2015-03-18,13.01,13.28,12.83,13.09,211600,13.09
2015-03-17,12.84,13.16,12.70,13.00,220000,13.00
2015-03-16,12.67,12.99,12.53,12.83,233300,12.83
2015-03-13,12.53,12.73,12.40,12.60,175500,12.60
2015-03-12,11.95,12.62,11.95,12.50,156300,12.50
2015-03-11,11.78,12.01,11.67,11.79,112200,11.79
2015-03-10,11.90,11.95,11.76,11.78,119600,11.78
2015-03-09,12.50,12.58,11.94,12.07,123900,12.07
2015-03-06,12.67,12.72,12.33,12.44,86400,12.44
2015-03-05,12.64,13.03,12.56,12.82,83000,12.82
2015-03-04,12.67,12.80,12.39,12.58,85300,12.58
2015-03-03,12.95,12.95,12.55,12.78,87400,12.78
2015-03-02,12.71,13.10,12.71,12.98,181800,12.98
2015-02-27,12.89,13.06,12.65,12.71,103700,12.71
2015-02-26,12.85,13.05,12.75,12.90,177400,12.90
2015-02-25,13.22,13.47,12.66,12.91,260600,12.91
2015-02-24,13.42,13.49,13.16,13.22,86200,13.22
2015-02-23,13.12,13.57,13.01,13.38,49400,13.38
2015-02-20,13.19,13.35,13.02,13.22,63800,13.22
2015-02-19,13.13,13.32,13.11,13.17,43300,13.17
2015-02-18,13.14,13.23,12.85,13.20,72400,13.20
2015-02-17,13.49,13.59,13.00,13.14,81900,13.14
2015-02-13,13.28,13.68,13.20,13.51,90400,13.51
2015-02-12,13.26,13.30,13.00,13.30,67800,13.30
2015-02-11,12.89,13.23,12.89,13.16,72100,13.16
2015-02-10,13.01,13.19,12.90,12.93,92200,12.93
2015-02-09,13.13,13.19,12.69,12.84,93500,12.84
2015-02-06,13.30,13.60,13.10,13.24,87900,13.24
2015-02-05,12.76,13.51,12.76,13.26,123900,13.26
2015-02-04,13.05,13.19,12.79,13.04,83400,13.04
2015-02-03,13.32,13.56,13.06,13.16,139900,13.16
2015-02-02,12.98,13.45,12.57,13.21,125700,13.21
2015-01-30,13.17,13.41,12.85,12.88,169700,12.88
2015-01-29,13.19,13.35,12.93,13.31,141000,13.31
2015-01-28,13.64,13.73,12.96,13.11,148100,13.11
2015-01-27,13.06,13.66,13.06,13.51,90600,13.51
2015-01-26,13.15,13.31,12.95,13.28,93800,13.28
2015-01-23,13.13,13.24,12.95,13.15,38000,13.15
2015-01-22,12.96,13.14,12.54,13.09,151100,13.09
2015-01-21,13.08,13.13,12.68,12.80,123200,12.80
2015-01-20,13.40,13.59,12.83,13.11,158800,13.11
2015-01-16,13.06,13.48,13.06,13.40,76600,13.40
2015-01-15,13.54,13.55,12.95,13.11,75100,13.11
2015-01-14,13.38,13.73,13.10,13.51,158200,13.51
2015-01-13,13.50,14.00,13.28,13.58,295600,13.58
2015-01-12,13.13,13.24,12.96,12.98,72800,12.98
2015-01-09,13.29,13.31,13.03,13.10,81100,13.10
2015-01-08,13.36,13.51,13.13,13.33,85500,13.33
2015-01-07,13.38,13.38,12.88,13.18,101200,13.18
2015-01-06,13.63,13.74,12.80,13.16,139700,13.16
2015-01-05,13.80,14.40,13.40,13.53,274300,13.53
2015-01-02,13.72,14.03,13.45,13.87,149700,13.87
2014-12-31,13.66,14.18,13.58,13.61,170500,13.61
2014-12-30,13.63,13.71,13.04,13.60,559500,13.60
2014-12-29,13.66,13.85,13.42,13.71,94100,13.71
2014-12-26,13.76,13.85,13.61,13.70,39200,13.70
2014-12-24,13.66,13.77,13.44,13.67,47700,13.67
2014-12-23,13.98,13.98,13.41,13.61,86600,13.61
2014-12-22,13.57,13.85,13.44,13.81,80600,13.81
2014-12-19,13.37,13.71,13.15,13.57,384600,13.57
2014-12-18,13.29,13.48,12.96,13.40,104100,13.40
2014-12-17,12.13,13.01,12.13,12.99,131800,12.99
2014-12-16,12.34,12.67,12.12,12.13,192900,12.13
2014-12-15,13.24,13.41,12.38,12.38,222500,12.38
2014-12-12,13.19,13.55,13.05,13.16,200300,13.16
2014-12-11,13.29,13.62,13.24,13.38,198800,13.38
2014-12-10,13.13,13.73,12.94,13.21,220800,13.21
2014-12-09,12.75,13.33,12.75,13.16,194700,13.16
2014-12-08,12.90,13.36,12.83,12.92,111500,12.92
2014-12-05,12.40,13.14,12.39,12.98,126200,12.98
2014-12-04,12.43,12.50,11.95,12.36,163000,12.36
2014-12-03,11.85,12.68,11.62,12.41,259700,12.41
2014-12-02,11.18,11.60,11.18,11.55,120100,11.55
2014-12-01,11.37,11.45,11.02,11.08,146300,11.08
2014-11-28,11.64,11.87,11.29,11.36,95700,11.36
2014-11-26,11.07,11.61,11.04,11.59,133300,11.59
2014-11-25,10.62,11.06,10.58,10.99,1014800,10.99
2014-11-24,10.65,10.75,10.37,10.58,254000,10.58
2014-11-21,11.07,11.07,10.57,10.60,100300,10.60
2014-11-20,10.81,10.95,10.71,10.86,67500,10.86
2014-11-19,11.33,11.36,10.87,10.90,91500,10.90
2014-11-18,11.20,11.62,11.18,11.38,246300,11.38
2014-11-17,11.14,11.42,10.94,11.16,280700,11.16
2014-11-14,11.35,11.35,10.93,11.19,217700,11.19
2014-11-13,11.53,11.62,11.27,11.30,82200,11.30
2014-11-12,11.63,11.68,11.39,11.48,175100,11.48
2014-11-11,11.49,11.77,11.43,11.72,111100,11.72
2014-11-10,11.35,11.60,11.21,11.59,191800,11.59
2014-11-07,11.45,11.59,11.07,11.33,193500,11.33
2014-11-06,11.30,11.47,11.16,11.43,135000,11.43
2014-11-05,11.00,11.31,10.95,11.27,153400,11.27
2014-11-04,10.97,11.22,10.87,10.99,92200,10.99
2014-11-03,11.41,11.57,11.05,11.07,229200,11.07
2014-10-31,11.35,11.57,10.71,11.40,641700,11.40
2014-10-30,9.89,10.40,9.89,10.29,196900,10.29
2014-10-29,10.06,10.21,9.86,10.00,225900,10.00
2014-10-28,9.46,10.00,9.43,10.00,265100,10.00
2014-10-27,9.54,9.60,9.34,9.42,99700,9.42
2014-10-24,9.55,9.72,9.36,9.66,226700,9.66
2014-10-23,9.22,9.88,9.09,9.52,114700,9.52
2014-10-22,9.06,9.14,8.95,9.14,148800,9.14
2014-10-21,8.75,9.05,8.72,9.02,66100,9.02
2014-10-20,8.85,9.20,8.62,8.67,302100,8.67
2014-10-17,9.53,9.53,8.97,9.00,113600,9.00
2014-10-16,9.17,9.75,8.90,9.39,220100,9.39
2014-10-15,9.00,9.36,8.97,9.36,171800,9.36
2014-10-14,8.92,9.45,8.82,9.08,145400,9.08
2014-10-13,9.07,9.34,8.72,8.78,178100,8.78
2014-10-10,9.07,9.45,9.04,9.08,106700,9.08
2014-10-09,9.47,9.57,9.00,9.15,78400,9.15
2014-10-08,9.08,9.50,8.98,9.47,153200,9.47
2014-10-07,9.10,9.27,9.04,9.12,105700,9.12
2014-10-06,9.41,9.42,9.08,9.21,93200,9.21
2014-10-03,9.33,9.57,9.18,9.41,68200,9.41
2014-10-02,9.02,9.27,8.91,9.22,118900,9.22
2014-10-01,8.97,9.08,8.71,8.99,189300,8.99
2014-09-30,9.05,9.16,8.94,8.97,234400,8.97
2014-09-29,8.92,9.11,8.92,9.08,150100,9.08
2014-09-26,8.88,9.07,8.87,9.05,173500,9.05
2014-09-25,9.20,9.20,8.64,8.85,182800,8.85
2014-09-24,9.18,9.23,9.02,9.20,112500,9.20
2014-09-23,9.31,9.38,9.15,9.15,188800,9.15
2014-09-22,9.77,9.77,9.28,9.36,183900,9.36
2014-09-19,10.03,10.08,9.73,9.84,211300,9.84
2014-09-18,9.96,10.13,9.96,9.99,129000,9.99
2014-09-17,9.70,10.08,9.70,9.89,189600,9.89
2014-09-16,9.60,9.72,9.30,9.64,1152000,9.64
2014-09-15,9.95,9.95,9.63,9.67,184400,9.67
2014-09-12,10.14,10.14,9.83,9.96,165000,9.96
2014-09-11,10.09,10.25,9.82,10.11,315000,10.11
2014-09-10,10.16,10.24,10.10,10.20,61100,10.20
2014-09-09,10.27,10.39,10.03,10.10,86700,10.10
2014-09-08,10.11,10.36,10.04,10.28,84300,10.28
2014-09-05,10.14,10.14,9.87,10.11,103300,10.11
2014-09-04,10.53,10.58,10.18,10.19,72400,10.19
2014-09-03,10.81,10.95,10.48,10.52,140500,10.52
2014-09-02,10.75,10.95,10.66,10.77,119800,10.77
2014-08-29,10.68,10.79,10.63,10.75,157500,10.75
2014-08-28,10.60,10.79,10.55,10.66,71100,10.66
2014-08-27,10.82,10.86,10.55,10.68,133300,10.68
2014-08-26,10.69,10.98,10.55,10.80,234900,10.80
2014-08-25,10.68,10.86,10.63,10.68,219600,10.68
2014-08-22,10.72,10.94,10.53,10.62,91400,10.62
2014-08-21,10.76,10.85,10.50,10.76,63100,10.76
2014-08-20,10.84,10.87,10.56,10.78,73000,10.78
2014-08-19,11.02,11.02,10.81,10.92,106200,10.92
2014-08-18,10.95,11.05,10.75,10.97,76100,10.97
2014-08-15,11.15,11.15,10.59,10.80,185100,10.80
2014-08-14,10.99,11.23,10.88,11.03,145300,11.03
2014-08-13,11.12,11.16,10.90,11.02,116100,11.02
2014-08-12,11.75,11.75,10.88,11.04,127000,11.04
2014-08-11,11.27,11.40,11.10,11.21,177200,11.21
2014-08-08,11.17,11.41,11.13,11.18,122200,11.18
2014-08-07,11.63,11.64,11.06,11.12,102100,11.12
2014-08-06,11.14,11.67,11.05,11.61,114300,11.61
2014-08-05,11.09,11.38,11.04,11.29,144700,11.29
2014-08-04,11.03,11.25,10.76,11.17,137000,11.17
2014-08-01,10.74,11.04,10.65,11.02,159100,11.02
2014-07-31,10.85,11.07,10.66,10.70,144900,10.70
2014-07-30,10.73,11.04,10.69,11.04,93300,11.04
2014-07-29,10.70,10.98,10.56,10.64,272300,10.64
2014-07-28,10.66,10.66,10.28,10.56,155700,10.56
2014-07-25,10.81,11.00,10.63,10.67,153900,10.67
2014-07-24,10.96,11.11,10.81,10.93,108400,10.93
2014-07-23,11.00,11.13,10.92,10.96,78900,10.96
2014-07-22,11.08,11.22,10.87,10.99,116700,10.99
2014-07-21,10.90,11.08,10.85,11.02,135200,11.02
2014-07-18,10.81,11.14,10.81,11.00,165100,11.00
2014-07-17,11.06,11.25,10.80,10.83,136100,10.83
2014-07-16,11.50,11.50,11.07,11.20,122000,11.20
2014-07-15,11.69,11.72,11.38,11.40,131900,11.40
2014-07-14,11.82,11.82,11.66,11.72,144600,11.72
2014-07-11,11.69,11.83,11.53,11.60,266100,11.60
2014-07-10,11.46,11.86,11.35,11.74,141700,11.74
2014-07-09,11.83,11.89,11.50,11.81,186500,11.81
2014-07-08,12.40,12.45,11.59,11.75,304200,11.75
2014-07-07,13.30,13.30,12.45,12.50,200800,12.50
2014-07-03,13.64,13.64,13.24,13.40,73800,13.40
2014-07-02,13.55,13.83,13.43,13.59,132100,13.59
2014-07-01,13.63,13.87,13.49,13.59,173600,13.59
2014-06-30,13.32,13.63,13.21,13.53,122000,13.53
2014-06-27,12.88,13.40,12.88,13.30,809500,13.30
2014-06-26,13.00,13.00,12.76,13.00,104300,13.00
2014-06-25,12.80,13.07,12.52,12.97,251300,12.97
2014-06-24,13.45,13.60,12.72,12.86,261100,12.86
2014-06-23,13.48,13.54,13.23,13.54,153700,13.54
2014-06-20,13.35,13.53,13.30,13.48,222700,13.48
2014-06-19,13.33,13.40,12.67,13.27,84400,13.27
2014-06-18,12.80,13.39,12.80,13.32,164800,13.32
2014-06-17,12.67,12.92,12.38,12.91,137600,12.91
2014-06-16,12.00,12.80,12.00,12.73,184500,12.73
2014-06-13,12.06,12.09,11.92,11.99,129900,11.99
2014-06-12,11.96,12.20,11.82,12.00,101400,12.00
2014-06-11,11.59,12.21,11.49,12.05,236300,12.05
2014-06-10,11.51,11.75,11.43,11.68,148900,11.68
2014-06-09,11.09,11.60,11.09,11.50,243400,11.50
2014-06-06,10.90,11.20,10.90,11.14,136800,11.14
2014-06-05,10.58,10.90,10.47,10.81,224300,10.81
2014-06-04,10.57,10.67,10.47,10.51,173100,10.51
2014-06-03,10.60,10.81,10.44,10.65,256600,10.65
2014-06-02,11.00,11.06,10.55,10.63,197200,10.63
2014-05-30,11.18,11.25,10.92,11.01,370300,11.01
2014-05-29,10.98,11.25,10.90,11.23,111000,11.23
2014-05-28,10.78,11.12,10.55,10.89,170600,10.89
2014-05-27,9.91,11.07,9.82,10.73,380900,10.73
2014-05-23,9.85,9.99,9.71,9.83,87300,9.83
2014-05-22,9.24,9.89,9.06,9.83,274000,9.83
2014-05-21,8.83,9.44,8.48,9.26,348600,9.26
2014-05-20,9.02,9.02,8.74,8.79,146200,8.79
2014-05-19,8.89,9.15,8.78,9.02,120700,9.02
2014-05-16,8.81,8.91,8.65,8.89,135800,8.89
2014-05-15,8.85,8.96,8.65,8.78,132000,8.78
2014-05-14,9.40,9.43,8.89,8.93,107900,8.93
2014-05-13,9.35,9.55,9.35,9.43,177200,9.43
2014-05-12,9.09,9.40,8.97,9.34,149500,9.34
2014-05-09,8.84,9.16,8.75,9.08,79000,9.08
2014-05-08,9.08,9.38,8.87,8.90,132500,8.90
2014-05-07,10.18,10.18,8.78,9.15,187300,9.15
2014-05-06,8.80,9.00,8.61,8.77,236900,8.77
2014-05-05,9.19,9.19,8.67,8.80,281000,8.80
2014-05-02,9.16,9.41,9.16,9.30,297400,9.30
2014-05-01,8.91,9.18,8.65,9.15,236800,9.15
2014-04-30,8.73,9.01,8.69,8.95,182200,8.95
2014-04-29,8.75,8.85,8.70,8.76,157900,8.76
2014-04-28,9.03,9.34,8.48,8.71,260800,8.71
2014-04-25,8.96,9.02,8.88,8.98,172200,8.98
2014-04-24,9.17,9.21,8.96,9.03,262400,9.03
2014-04-23,9.35,9.53,9.03,9.06,156600,9.06
2014-04-22,9.53,9.64,9.34,9.38,112600,9.38
2014-04-21,9.41,9.56,9.39,9.51,79100,9.51
2014-04-17,9.36,9.54,9.32,9.43,113800,9.43
2014-04-16,9.38,9.44,9.26,9.42,126900,9.42
2014-04-15,9.53,9.61,9.21,9.29,436100,9.29
2014-04-14,9.59,9.68,9.41,9.55,229500,9.55
2014-04-11,9.58,9.63,9.35,9.47,294500,9.47
2014-04-10,9.91,9.99,9.59,9.68,280200,9.68
2014-04-09,9.83,10.00,9.71,9.94,163900,9.94
2014-04-08,9.62,9.88,9.56,9.75,214000,9.75
2014-04-07,10.23,10.23,9.35,9.63,463900,9.63
2014-04-04,10.49,10.63,10.22,10.31,485200,10.31
2014-04-03,10.63,10.75,10.38,10.43,339500,10.43
2014-04-02,10.46,10.65,10.46,10.62,207400,10.62
2014-04-01,9.98,10.49,9.96,10.42,297300,10.42
2014-03-31,9.82,9.96,9.55,9.94,217900,9.94
2014-03-28,9.32,10.00,9.32,9.73,371300,9.73
2014-03-27,9.64,9.72,9.28,9.31,235800,9.31
2014-03-26,10.40,10.40,9.55,9.60,346900,9.60
2014-03-25,10.54,10.70,10.08,10.32,157800,10.32
2014-03-24,10.88,10.96,10.37,10.50,370100,10.50
2014-03-21,11.40,11.49,10.79,10.81,228300,10.81
2014-03-20,11.48,11.53,11.31,11.40,94400,11.40
2014-03-19,11.63,11.66,11.35,11.49,122200,11.49
2014-03-18,11.59,11.66,11.47,11.60,148400,11.60
2014-03-17,11.58,11.65,11.47,11.56,177100,11.56
2014-03-14,11.40,11.54,11.20,11.54,309200,11.54
2014-03-13,11.92,11.92,11.08,11.30,314100,11.30
2014-03-12,11.99,12.17,11.13,11.89,516600,11.89
2014-03-11,12.24,12.39,11.90,12.07,112500,12.07
2014-03-10,12.24,12.46,12.05,12.19,176800,12.19
2014-03-07,12.37,12.50,12.20,12.49,145500,12.49
2014-03-06,12.66,12.88,12.20,12.30,99200,12.30
2014-03-05,12.34,12.66,12.32,12.64,129300,12.64
2014-03-04,12.32,12.91,12.21,12.33,258900,12.33
2014-03-03,12.33,12.43,11.89,12.18,164400,12.18
2014-02-28,12.54,13.22,12.29,12.46,156400,12.46
2014-02-27,12.47,12.76,12.39,12.49,299500,12.49
2014-02-26,12.47,12.76,12.36,12.52,233100,12.52
2014-02-25,12.59,12.88,12.41,12.43,134100,12.43
2014-02-24,12.83,13.00,12.53,12.61,260200,12.61
2014-02-21,13.06,13.06,12.83,12.86,164000,12.86
2014-02-20,12.78,13.14,12.74,12.99,152000,12.99
2014-02-19,12.89,13.13,12.75,12.76,99000,12.76
2014-02-18,13.10,13.21,12.80,12.96,183800,12.96
2014-02-14,12.97,13.44,12.75,13.05,257900,13.05
2014-02-13,12.57,13.01,12.57,12.99,182000,12.99
2014-02-12,12.56,12.82,12.23,12.66,94700,12.66
2014-02-11,12.25,12.69,12.25,12.52,148900,12.52
2014-02-10,12.33,12.56,12.10,12.28,102300,12.28
2014-02-07,12.13,12.64,12.13,12.38,171200,12.38
2014-02-06,12.00,12.43,11.87,12.11,205000,12.11
2014-02-05,12.21,12.50,11.73,11.89,151100,11.89
2014-02-04,12.08,12.39,11.96,12.21,284600,12.21
2014-02-03,12.88,12.93,11.93,12.02,207700,12.02
2014-01-31,12.29,12.97,11.50,12.92,269100,12.92
2014-01-30,12.70,12.87,12.48,12.50,169900,12.50
2014-01-29,12.96,13.08,12.55,12.66,115200,12.66
2014-01-28,12.87,13.13,12.80,13.09,172500,13.09
2014-01-27,13.22,13.40,12.75,12.88,101700,12.88
2014-01-24,13.95,13.95,13.16,13.26,216200,13.26
2014-01-23,13.74,14.05,13.36,14.03,248800,14.03
2014-01-22,13.83,14.14,13.45,13.76,268300,13.76
2014-01-21,13.93,14.13,13.61,13.77,174900,13.77
2014-01-17,14.05,14.17,13.74,13.93,178400,13.93
2014-01-16,13.83,14.18,13.83,14.05,332700,14.05
2014-01-15,13.99,14.00,13.59,13.88,247600,13.88
2014-01-14,13.27,14.00,13.15,13.99,289800,13.99
2014-01-13,13.50,13.73,12.96,13.17,349200,13.17
2014-01-10,13.80,13.91,13.59,13.75,130100,13.75
2014-01-09,13.83,13.86,13.61,13.73,184100,13.73
2014-01-08,13.56,13.82,13.40,13.82,100100,13.82
2014-01-07,13.32,13.56,13.09,13.54,134500,13.54
2014-01-06,13.33,13.50,12.51,13.31,211300,13.31
2014-01-03,13.20,13.45,13.08,13.33,106600,13.33
2014-01-02,13.23,13.30,13.01,13.22,259500,13.22
2013-12-31,13.27,13.37,13.04,13.29,193400,13.29
2013-12-30,13.04,13.25,12.78,13.21,105100,13.21
2013-12-27,13.15,13.24,12.82,13.08,75500,13.08
2013-12-26,12.95,13.15,12.87,13.09,101700,13.09
2013-12-24,12.87,12.95,12.46,12.90,49800,12.90
2013-12-23,12.52,12.86,12.52,12.84,153400,12.84
2013-12-20,12.34,12.53,12.21,12.50,423100,12.50
2013-12-19,12.57,12.58,11.99,12.23,382100,12.23
2013-12-18,11.52,12.01,11.22,11.98,227300,11.98
2013-12-17,11.18,11.52,11.05,11.47,173700,11.47
2013-12-16,11.75,11.75,10.85,11.22,600100,11.22
2013-12-13,11.23,11.83,11.19,11.75,293700,11.75
2013-12-12,11.30,11.34,11.18,11.19,154600,11.19
2013-12-11,11.29,11.41,11.12,11.25,160900,11.25
2013-12-10,11.29,11.34,11.21,11.28,144000,11.28
2013-12-09,11.31,11.37,11.18,11.34,92100,11.34
2013-12-06,10.99,11.36,10.90,11.33,195500,11.33
2013-12-05,11.08,11.27,10.78,10.93,133200,10.93
2013-12-04,11.38,11.49,11.01,11.10,175300,11.10
2013-12-03,11.56,11.66,11.35,11.39,137800,11.39
2013-12-02,11.88,12.05,11.45,11.60,197800,11.60
2013-11-29,12.01,12.20,11.87,11.90,74000,11.90
2013-11-27,12.00,12.00,11.81,11.94,96700,11.94
2013-11-26,11.74,12.05,11.53,11.98,316800,11.98
2013-11-25,12.05,12.15,11.74,11.79,302400,11.79
2013-11-22,12.34,12.45,11.95,12.03,820200,12.03
2013-11-21,12.48,12.79,12.30,12.30,280400,12.30
2013-11-20,12.44,12.50,12.27,12.43,246900,12.43
2013-11-19,12.62,12.73,12.25,12.40,361700,12.40
2013-11-18,12.70,12.91,12.31,12.64,347700,12.64
2013-11-15,12.86,13.22,12.55,12.67,574200,12.67
2013-11-14,12.67,13.03,12.53,12.87,492300,12.87
2013-11-13,11.65,12.98,11.40,12.70,970700,12.70
2013-11-12,11.51,12.08,11.51,12.01,292000,12.01
2013-11-11,11.59,11.59,11.41,11.51,124500,11.51
2013-11-08,11.81,12.01,11.56,11.64,123400,11.64
2013-11-07,11.79,11.91,11.78,11.81,256400,11.81
2013-11-06,11.67,11.90,11.64,11.79,160300,11.79
2013-11-05,11.80,12.03,11.58,11.59,270200,11.59
2013-11-04,12.07,12.07,11.78,11.90,230400,11.90
2013-11-01,12.08,12.16,11.82,12.07,252600,12.07
2013-10-31,12.23,12.28,11.90,12.10,145800,12.10
2013-10-30,12.35,12.35,12.11,12.21,136900,12.21
2013-10-29,12.33,12.40,12.17,12.39,169200,12.39
2013-10-28,12.27,12.40,12.18,12.34,142800,12.34
2013-10-25,12.41,12.51,12.16,12.30,150900,12.30
2013-10-24,12.36,12.46,12.23,12.35,187500,12.35
2013-10-23,12.39,12.60,12.26,12.31,274600,12.31
2013-10-22,12.45,12.60,12.29,12.41,121300,12.41
2013-10-21,12.75,12.75,12.36,12.39,210700,12.39
2013-10-18,12.77,12.84,12.57,12.69,143700,12.69
2013-10-17,12.59,12.78,12.51,12.69,255600,12.69
2013-10-16,12.53,12.80,12.51,12.64,120000,12.64
2013-10-15,12.61,12.75,12.31,12.48,166100,12.48
2013-10-14,12.38,12.68,12.37,12.60,138100,12.60
2013-10-11,11.98,12.42,11.87,12.38,184000,12.38
2013-10-10,12.19,12.37,11.83,12.04,144600,12.04
2013-10-09,12.33,12.36,11.93,12.02,197700,12.02
2013-10-08,12.38,12.55,12.17,12.33,363400,12.33
2013-10-07,12.46,12.54,12.32,12.42,176800,12.42
2013-10-04,12.22,12.62,12.14,12.52,262400,12.52
2013-10-03,12.26,12.36,12.06,12.20,172600,12.20
2013-10-02,12.19,12.29,11.94,12.22,318000,12.22
2013-10-01,12.14,12.53,12.10,12.24,324100,12.24
2013-09-30,11.60,12.21,11.60,12.14,335000,12.14
2013-09-27,11.69,11.93,11.51,11.64,190800,11.64
2013-09-26,11.85,11.94,11.69,11.77,177900,11.77
2013-09-25,12.00,12.16,11.78,11.83,178700,11.83
2013-09-24,11.78,12.05,11.52,12.02,246100,12.02
2013-09-23,12.05,12.14,11.54,11.79,361000,11.79
2013-09-20,12.19,12.27,11.98,12.10,353800,12.10
2013-09-19,12.29,12.39,11.96,12.19,158800,12.19
2013-09-18,12.25,12.59,12.05,12.28,246000,12.28
2013-09-17,11.94,12.36,11.83,12.25,268600,12.25
2013-09-16,11.98,12.03,11.90,11.94,246600,11.94
2013-09-13,11.67,11.95,11.48,11.89,207900,11.89
2013-09-12,11.81,11.85,11.54,11.63,197200,11.63
2013-09-11,11.72,11.92,11.64,11.84,174400,11.84
2013-09-10,11.56,11.77,11.48,11.75,138200,11.75
2013-09-09,11.64,11.79,11.36,11.54,373200,11.54
2013-09-06,11.43,11.74,11.14,11.64,223400,11.64
2013-09-05,11.46,11.60,11.35,11.39,209000,11.39
2013-09-04,11.69,11.69,11.19,11.45,429900,11.45
2013-09-03,11.60,11.74,11.18,11.42,440700,11.42
2013-08-30,11.63,11.73,11.35,11.50,1034500,11.50
2013-08-29,11.38,11.85,11.34,11.67,484900,11.67
2013-08-28,11.06,11.43,11.00,11.37,414900,11.37
2013-08-27,11.15,11.20,10.95,11.09,601700,11.09
2013-08-26,10.76,11.29,10.60,11.24,269700,11.24
2013-08-23,10.64,10.76,10.55,10.70,527800,10.70
2013-08-22,10.57,10.67,10.46,10.65,287000,10.65
2013-08-21,10.20,10.66,10.18,10.50,505700,10.50
2013-08-20,10.15,10.30,10.11,10.23,270800,10.23
2013-08-19,10.12,10.21,10.07,10.17,274900,10.17
2013-08-16,10.15,10.21,9.91,10.16,464200,10.16
2013-08-15,10.18,10.25,10.00,10.19,465100,10.19
2013-08-14,10.40,10.46,9.95,10.26,4256800,10.26
2013-08-13,9.65,9.95,9.24,9.89,562800,9.89
2013-08-12,10.02,10.06,9.60,9.72,218700,9.72
2013-08-09,9.64,10.17,9.30,10.03,412600,10.03
2013-08-08,9.11,9.78,8.75,9.69,359500,9.69
2013-08-07,9.91,10.04,9.00,9.02,427700,9.02
2013-08-06,9.89,9.98,9.67,9.96,131900,9.96
2013-08-05,9.82,9.97,9.69,9.96,130900,9.96
2013-08-02,9.68,9.97,9.62,9.87,94900,9.87
2013-08-01,9.31,9.80,9.27,9.70,345000,9.70
2013-07-31,10.02,10.05,9.46,9.50,219200,9.50
2013-07-30,9.88,10.02,9.80,9.98,177800,9.98
2013-07-29,9.80,9.89,9.75,9.81,117800,9.81
2013-07-26,9.80,9.98,9.76,9.83,244200,9.83
2013-07-25,10.01,10.07,9.75,9.83,371500,9.83
2013-07-24,10.27,10.27,9.92,9.99,141800,9.99
2013-07-23,10.25,10.25,10.01,10.07,132900,10.07
2013-07-22,9.98,10.32,9.90,10.25,131200,10.25
2013-07-19,10.01,10.05,9.85,10.01,81100,10.01
2013-07-18,9.90,10.17,9.85,10.01,83500,10.01
2013-07-17,10.15,10.34,9.89,9.92,216300,9.92
2013-07-16,10.13,10.27,10.01,10.13,257300,10.13
2013-07-15,10.26,10.44,10.09,10.22,377400,10.22
2013-07-12,10.31,10.50,10.14,10.22,140900,10.22
2013-07-11,10.17,10.46,10.12,10.44,201900,10.44
2013-07-10,10.05,10.26,9.88,10.08,310200,10.08
2013-07-09,10.14,10.34,9.95,10.02,203800,10.02
2013-07-08,10.19,10.47,9.98,10.05,243600,10.05
2013-07-05,10.54,10.54,9.75,10.13,332200,10.13
2013-07-03,10.52,10.71,10.32,10.41,65400,10.41
2013-07-02,10.50,10.63,10.36,10.58,207200,10.58
2013-07-01,10.41,10.58,10.26,10.53,324700,10.53
2013-06-28,10.43,10.49,10.10,10.35,4103900,10.35
2013-06-27,10.40,10.51,10.11,10.43,331900,10.43
2013-06-26,10.12,10.44,9.88,10.39,308800,10.39
2013-06-25,10.14,10.40,9.75,10.11,414200,10.11
2013-06-24,9.80,10.28,9.52,10.11,407800,10.11
2013-06-21,9.66,9.97,9.55,9.87,200700,9.87
2013-06-20,9.58,9.64,9.43,9.59,287000,9.59
2013-06-19,9.39,10.06,9.25,9.79,661800,9.79
2013-06-18,10.45,10.68,9.51,9.57,1863200,9.57
2013-06-17,11.97,12.18,10.95,10.97,523200,10.97
2013-06-14,11.98,12.20,11.86,11.97,278000,11.97
2013-06-13,12.28,12.47,11.86,12.03,436000,12.03
2013-06-12,13.31,13.33,11.50,12.24,2024200,12.24
2013-06-11,14.86,14.90,10.24,13.17,4336500,13.17
2013-06-10,15.05,15.16,14.78,15.13,54800,15.13
2013-06-07,15.09,15.14,14.89,14.92,37000,14.92
2013-06-06,14.52,15.13,14.31,15.08,62900,15.08
2013-06-05,15.19,15.44,14.37,14.55,74800,14.55
2013-06-04,15.35,15.49,15.05,15.14,73300,15.14
2013-06-03,14.86,15.40,14.78,15.36,111400,15.36
2013-05-31,14.98,15.19,14.49,14.90,152800,14.90
2013-05-30,15.07,15.18,14.91,15.00,81100,15.00
2013-05-29,14.73,15.09,14.30,15.04,69800,15.04
2013-05-28,14.87,15.14,14.74,14.74,85800,14.74
2013-05-24,14.56,14.84,14.32,14.77,40800,14.77
2013-05-23,13.84,14.71,13.75,14.66,112900,14.66
2013-05-22,14.60,15.00,13.84,14.00,142400,14.00
2013-05-21,14.96,15.10,14.30,14.54,114700,14.54
2013-05-20,15.08,15.39,14.82,14.86,80600,14.86
2013-05-17,15.28,15.32,14.98,15.20,93000,15.20
2013-05-16,15.28,15.49,15.05,15.29,65000,15.29
2013-05-15,15.13,15.28,15.00,15.27,109600,15.27
2013-05-14,14.98,15.29,14.92,15.10,134200,15.10
2013-05-13,14.89,15.14,14.73,15.01,63300,15.01
2013-05-10,14.56,14.92,14.45,14.85,65300,14.85
2013-05-09,15.50,16.00,13.50,14.63,563100,14.63
2013-05-08,14.96,15.21,14.76,15.21,281500,15.21
2013-05-07,14.68,15.01,14.62,14.89,69500,14.89
2013-05-06,14.69,15.16,14.56,14.73,72300,14.73
2013-05-03,15.24,15.45,14.78,14.81,174100,14.81
2013-05-02,15.38,15.38,14.94,15.08,78200,15.08
2013-05-01,15.56,15.71,14.87,15.08,104300,15.08
2013-04-30,15.07,15.56,14.96,15.55,94000,15.55
2013-04-29,15.21,15.41,14.86,15.20,281200,15.20
2013-04-26,15.00,15.10,14.82,15.08,67400,15.08
2013-04-25,14.25,15.00,14.20,15.00,138900,15.00
2013-04-24,15.32,15.36,13.98,14.13,252700,14.13
2013-04-23,14.99,15.21,14.94,15.16,159900,15.16
2013-04-22,15.42,15.42,14.88,14.92,205700,14.92
2013-04-19,14.11,14.73,14.09,14.71,143000,14.71
2013-04-18,14.34,14.47,14.14,14.23,87600,14.23
2013-04-17,14.36,14.48,14.06,14.37,93500,14.37
2013-04-16,14.06,14.48,13.88,14.47,224700,14.47
2013-04-15,14.05,14.10,13.50,13.62,186300,13.62
2013-04-12,13.82,14.09,13.64,13.98,81900,13.98
2013-04-11,14.10,14.18,13.68,13.83,121900,13.83
2013-04-10,13.89,14.18,13.75,14.05,167300,14.05
2013-04-09,13.70,14.04,13.61,13.90,160000,13.90
2013-04-08,13.70,13.73,13.09,13.63,162800,13.63
2013-04-05,13.37,13.68,13.26,13.62,139000,13.62
2013-04-04,13.64,13.82,13.31,13.68,128300,13.68
2013-04-03,14.11,14.20,13.42,13.69,260400,13.69
2013-04-02,13.21,14.10,13.21,13.94,421500,13.94
2013-04-01,13.00,13.45,12.91,13.30,260900,13.30
2013-03-28,12.47,13.03,12.39,12.92,230200,12.92
2013-03-27,12.14,12.49,12.03,12.39,85200,12.39
2013-03-26,12.02,12.41,11.94,12.18,147300,12.18
2013-03-25,12.12,12.16,11.82,12.02,137300,12.02
2013-03-22,12.23,12.25,11.90,12.04,86800,12.04
2013-03-21,11.40,12.15,11.28,12.02,894300,12.02
2013-03-20,11.86,11.86,11.25,11.48,128700,11.48
2013-03-19,12.25,12.25,11.87,12.08,66400,12.08
2013-03-18,11.73,12.24,11.50,12.19,115600,12.19
2013-03-15,11.88,12.13,11.40,11.98,204300,11.98
2013-03-14,12.28,12.55,12.17,12.39,359100,12.39
2013-03-13,11.86,12.50,11.40,12.16,670000,12.16
2013-03-12,11.08,11.35,11.00,11.05,122500,11.05
2013-03-11,10.89,11.15,10.79,11.04,97200,11.04
2013-03-08,10.78,11.00,10.70,10.91,27800,10.91
2013-03-07,10.85,11.00,10.59,10.72,46700,10.72
2013-03-06,10.79,11.03,10.53,10.89,37100,10.89
2013-03-05,10.37,10.87,10.37,10.71,31300,10.71
2013-03-04,10.41,10.59,10.22,10.47,92800,10.47
2013-03-01,10.06,10.45,10.04,10.31,78100,10.31
2013-02-28,10.49,10.50,10.34,10.43,85600,10.43
2013-02-27,10.44,10.82,10.31,10.50,121000,10.50
2013-02-26,10.45,10.45,10.15,10.18,62300,10.18
2013-02-25,10.54,10.83,10.40,10.44,42400,10.44
2013-02-22,10.58,10.68,10.38,10.52,38900,10.52
2013-02-21,10.65,10.94,10.46,10.53,51800,10.53
2013-02-20,10.96,11.04,10.60,10.87,231500,10.87
2013-02-19,10.70,11.01,10.59,10.91,90200,10.91
2013-02-15,10.55,10.75,10.55,10.64,47000,10.64
2013-02-14,10.79,10.79,10.53,10.55,41400,10.55
2013-02-13,10.75,11.01,10.59,10.76,70100,10.76
2013-02-12,10.45,10.88,10.37,10.64,73800,10.64
2013-02-11,10.72,10.72,10.35,10.42,100200,10.42
2013-02-08,10.53,10.70,10.35,10.58,29200,10.58
2013-02-07,10.63,10.78,10.41,10.43,62400,10.43
2013-02-06,10.91,10.91,10.50,10.58,135000,10.58
2013-02-05,10.78,11.09,10.76,11.02,60900,11.02
2013-02-04,10.97,11.30,10.71,10.86,91600,10.86
2013-02-01,10.79,11.12,10.71,11.09,96200,11.09
2013-01-31,10.60,10.94,10.50,10.76,128000,10.76
2013-01-30,11.21,11.33,10.60,10.64,167500,10.64
2013-01-29,11.42,11.50,10.75,11.11,138900,11.11
2013-01-28,11.36,11.46,11.36,11.40,107000,11.40
2013-01-25,11.19,11.32,11.14,11.32,83900,11.32
2013-01-24,11.11,11.22,10.94,11.18,71900,11.18
2013-01-23,11.27,11.45,11.15,11.18,74300,11.18
2013-01-22,11.19,11.45,11.05,11.32,61600,11.32
2013-01-18,11.23,11.45,11.12,11.14,79000,11.14
2013-01-17,11.00,11.44,10.75,11.17,179900,11.17
2013-01-16,11.34,11.56,11.07,11.19,152200,11.19
2013-01-15,11.30,11.50,11.16,11.40,565200,11.40
2013-01-14,10.86,11.35,10.84,11.14,317100,11.14
2013-01-11,10.16,10.86,10.13,10.83,376100,10.83
2013-01-10,9.78,10.15,9.76,10.11,315800,10.11
2013-01-09,9.06,9.75,8.86,9.72,227000,9.72
2013-01-08,9.02,9.34,8.92,9.00,41800,9.00
2013-01-07,9.40,9.40,8.87,9.01,84100,9.01
2013-01-04,9.47,9.66,9.17,9.23,107900,9.23
2013-01-03,9.45,9.54,9.37,9.47,56800,9.47
2013-01-02,9.25,9.57,9.25,9.48,129600,9.48
2012-12-31,8.66,9.17,8.51,9.00,143900,9.00
2012-12-28,8.92,8.93,8.60,8.71,59200,8.71
2012-12-27,9.47,9.50,8.67,8.77,227600,8.77
2012-12-26,9.94,10.00,9.43,9.45,69900,9.45
2012-12-24,9.91,10.10,9.79,9.95,147400,9.95
2012-12-21,9.86,10.13,9.74,9.86,276000,9.86
2012-12-20,9.17,9.89,9.01,9.85,263900,9.85
2012-12-19,9.46,9.83,9.20,9.22,110200,9.22
2012-12-18,9.36,9.50,9.14,9.44,157900,9.44
2012-12-17,9.45,9.83,9.29,9.39,121300,9.39
2012-12-14,9.74,9.97,9.10,9.44,237700,9.44
2012-12-13,9.75,9.90,9.70,9.83,131100,9.83
2012-12-12,9.55,9.77,9.25,9.75,114800,9.75
2012-12-11,9.39,9.79,9.11,9.42,119400,9.42
2012-12-10,9.46,9.71,9.25,9.41,85100,9.41
2012-12-07,9.74,9.76,9.25,9.50,83200,9.50
2012-12-06,9.72,9.90,9.53,9.74,89000,9.74
2012-12-05,9.83,10.00,9.66,9.67,77900,9.67
2012-12-04,9.93,10.00,9.64,9.72,89900,9.72
2012-12-03,10.14,10.24,9.85,9.93,251000,9.93
2012-11-30,9.45,10.08,9.37,9.90,2641800,9.90
2012-11-29,9.48,9.50,9.27,9.45,55500,9.45
2012-11-28,9.09,9.43,8.99,9.40,74000,9.40
2012-11-27,9.22,9.23,8.91,9.10,83300,9.10
2012-11-26,9.53,9.58,9.22,9.34,102700,9.34
2012-11-23,9.46,9.53,9.38,9.48,77400,9.48
2012-11-21,9.00,9.40,8.85,9.37,239800,9.37
2012-11-20,8.98,8.98,8.85,8.95,80000,8.95
2012-11-19,8.78,8.95,8.65,8.90,247500,8.90
2012-11-16,8.46,8.72,8.21,8.70,472400,8.70
2012-11-15,8.43,8.78,8.07,8.40,116000,8.40
2012-11-14,8.12,8.56,7.97,8.32,118600,8.32
2012-11-13,8.48,8.50,8.02,8.40,50600,8.40
2012-11-12,8.70,8.71,8.24,8.49,47200,8.49
2012-11-09,8.68,8.75,8.37,8.65,121700,8.65
2012-11-08,8.10,8.79,8.10,8.64,234700,8.64
2012-11-07,8.32,8.34,7.98,8.08,109700,8.08
2012-11-06,8.47,8.63,8.33,8.35,21000,8.35
2012-11-05,8.64,8.73,8.40,8.50,45200,8.50
2012-11-02,8.74,8.74,8.61,8.64,221300,8.64
2012-11-01,8.52,8.70,8.44,8.55,46500,8.55
2012-10-31,8.74,8.74,8.36,8.52,92600,8.52
2012-10-26,8.63,8.75,8.44,8.54,116600,8.54
2012-10-25,8.50,8.61,8.50,8.58,41200,8.58
2012-10-24,8.56,8.68,8.35,8.50,87800,8.50
2012-10-23,8.53,8.65,8.42,8.59,87400,8.59
2012-10-22,8.31,8.75,8.09,8.59,138200,8.59
2012-10-19,8.43,8.50,7.55,8.08,148000,8.08
2012-10-18,8.67,8.67,8.40,8.42,13200,8.42
2012-10-17,8.57,8.71,8.35,8.63,34600,8.63
2012-10-16,8.66,8.68,8.28,8.52,41300,8.52
2012-10-15,8.60,8.74,8.50,8.62,41000,8.62
2012-10-12,8.75,8.75,8.50,8.61,35300,8.61
2012-10-11,8.37,8.72,8.30,8.55,41000,8.55
2012-10-10,8.27,8.36,8.24,8.30,11200,8.30
2012-10-09,8.66,8.66,8.25,8.31,48900,8.31
2012-10-08,8.60,8.70,8.35,8.60,72900,8.60
2012-10-05,8.66,9.10,8.47,8.58,90400,8.58
2012-10-04,8.31,8.87,8.15,8.69,127100,8.69
2012-10-03,8.85,9.07,8.40,8.50,178500,8.50
2012-10-02,9.36,9.36,8.72,8.80,84900,8.80
2012-10-01,9.30,9.41,9.11,9.37,77200,9.37
2012-09-28,9.18,9.36,9.02,9.21,42300,9.21
2012-09-27,9.15,9.50,9.13,9.15,63900,9.15
2012-09-26,9.42,9.42,8.83,9.08,100800,9.08
2012-09-25,9.20,9.39,9.05,9.35,91000,9.35
2012-09-24,9.10,9.25,9.00,9.22,153100,9.22
2012-09-21,8.82,8.97,8.62,8.95,128900,8.95
2012-09-20,8.59,8.93,8.43,8.83,124800,8.83
2012-09-19,8.50,8.65,8.40,8.60,105100,8.60
2012-09-18,8.35,8.45,8.19,8.45,68500,8.45
2012-09-17,8.00,8.37,7.53,8.35,106500,8.35
2012-09-14,8.20,8.35,8.05,8.27,60800,8.27
2012-09-13,8.31,8.40,8.10,8.23,112600,8.23
2012-09-12,8.00,8.25,8.00,8.20,134900,8.20
2012-09-11,7.55,7.90,7.50,7.90,111600,7.90
2012-09-10,7.38,7.63,7.28,7.55,88500,7.55
2012-09-07,7.62,7.64,7.32,7.41,38200,7.41
2012-09-06,7.53,7.59,7.44,7.53,36000,7.53
2012-09-05,7.39,7.52,7.34,7.43,51400,7.43
2012-09-04,7.53,7.53,7.35,7.45,89800,7.45
2012-08-31,7.52,7.83,7.43,7.53,43300,7.53
2012-08-30,7.15,7.50,7.14,7.46,69500,7.46
2012-08-29,7.15,7.20,6.92,7.15,65200,7.15
2012-08-28,7.20,7.20,7.00,7.19,42600,7.19
2012-08-27,7.20,7.35,7.06,7.14,45300,7.14
2012-08-24,7.16,7.20,7.10,7.20,53500,7.20
2012-08-23,6.91,7.23,6.91,7.08,47800,7.08
2012-08-22,7.33,7.38,6.83,7.01,148300,7.01
2012-08-21,7.58,7.61,7.20,7.30,171200,7.30
2012-08-20,7.62,7.69,7.36,7.50,66000,7.50
2012-08-17,7.55,7.65,7.44,7.55,90600,7.55
2012-08-16,7.44,7.51,7.32,7.51,81600,7.51
2012-08-15,7.34,7.45,7.23,7.40,126700,7.40
2012-08-14,7.39,7.48,7.00,7.26,144000,7.26
2012-08-13,7.25,7.45,6.89,7.35,118500,7.35
2012-08-10,6.85,7.35,6.55,7.23,139300,7.23
2012-08-09,7.00,7.25,6.52,6.90,196700,6.90
2012-08-08,5.68,7.15,5.30,7.05,855000,7.05
2012-08-07,5.75,5.88,5.66,5.73,72200,5.73
2012-08-06,5.50,5.75,5.18,5.74,107700,5.74
2012-08-03,5.61,5.70,5.32,5.55,108600,5.55
2012-08-02,5.55,5.72,5.50,5.60,108700,5.60
2012-08-01,5.64,5.72,5.40,5.59,57300,5.59
2012-07-31,5.54,5.90,5.07,5.65,55500,5.65
2012-07-30,5.68,5.71,5.44,5.48,47200,5.48
2012-07-27,5.52,5.71,5.25,5.65,39400,5.65
2012-07-26,5.79,5.79,5.22,5.50,85600,5.50
2012-07-25,5.98,5.98,5.69,5.71,52200,5.71
2012-07-24,5.93,5.96,5.86,5.96,83900,5.96
2012-07-23,5.99,5.99,5.74,5.95,30900,5.95
2012-07-20,5.77,6.00,5.55,6.00,49700,6.00
2012-07-19,6.03,6.05,5.75,5.97,108700,5.97
2012-07-18,5.98,6.05,5.91,5.97,106100,5.97
2012-07-17,5.91,6.03,5.91,6.03,123900,6.03
2012-07-16,5.95,6.05,5.85,5.98,130100,5.98
2012-07-13,5.66,5.97,5.60,5.92,307900,5.92
2012-07-12,5.76,5.78,5.38,5.55,725100,5.55
2012-07-11,5.10,5.45,5.01,5.37,127100,5.37
2012-07-10,5.05,5.45,5.02,5.26,373200,5.26
2012-07-09,4.80,5.03,4.55,4.99,252900,4.99
2012-07-06,4.74,4.92,4.61,4.77,151900,4.77
2012-07-05,4.72,4.76,4.52,4.67,55300,4.67
2012-07-03,4.55,4.69,4.53,4.65,129000,4.65
2012-07-02,4.45,4.57,4.42,4.55,117600,4.55
2012-06-29,4.43,4.50,4.22,4.34,126600,4.34
2012-06-28,4.20,4.24,4.15,4.21,52900,4.21
2012-06-27,4.21,4.27,4.18,4.26,55500,4.26
2012-06-26,4.13,4.36,4.08,4.21,53200,4.21
2012-06-25,4.21,4.25,4.15,4.21,63900,4.21
2012-06-22,4.25,4.30,4.10,4.25,201600,4.25
2012-06-21,4.50,4.50,4.06,4.28,2631000,4.28
2012-06-20,4.02,4.77,4.02,4.29,135300,4.29
2012-06-19,4.45,4.76,4.36,4.44,41300,4.44
2012-06-18,4.53,4.69,4.35,4.46,76900,4.46
2012-06-15,4.55,4.60,4.36,4.57,68100,4.57
2012-06-14,4.33,4.50,4.30,4.46,14100,4.46
2012-06-13,4.41,4.52,4.27,4.34,51900,4.34
2012-06-12,4.78,4.88,4.45,4.45,242600,4.45
2012-06-11,4.18,4.38,4.18,4.22,1100,4.22
2012-06-08,4.34,4.35,4.14,4.32,16000,4.32
2012-06-07,4.44,4.60,4.15,4.35,20300,4.35
2012-06-06,4.02,4.45,4.01,4.45,18700,4.45
2012-06-05,4.15,4.21,4.15,4.20,6000,4.20
2012-06-04,4.42,4.42,4.07,4.18,21700,4.18
2012-06-01,4.50,4.50,4.34,4.37,14400,4.37
2012-05-31,4.50,4.60,4.50,4.50,10100,4.50
2012-05-30,4.63,4.63,4.41,4.41,4900,4.41
2012-05-29,4.59,4.65,4.50,4.61,10300,4.61
2012-05-25,4.43,4.59,4.43,4.58,12600,4.58
2012-05-24,4.33,4.57,4.33,4.49,58600,4.49
2012-05-23,4.49,4.49,4.25,4.39,19900,4.39
2012-05-22,4.27,4.50,4.21,4.50,10300,4.50
2012-05-21,4.56,4.60,4.26,4.43,60900,4.43
2012-05-18,4.65,4.65,4.50,4.54,19000,4.54
2012-05-17,4.64,4.68,4.50,4.58,8900,4.58
2012-05-16,4.80,4.80,4.65,4.67,21000,4.67
2012-05-15,4.93,4.99,4.65,4.72,30500,4.72
2012-05-14,4.91,5.10,4.61,4.79,14000,4.79
2012-05-11,4.99,5.00,4.92,4.95,21200,4.95
2012-05-10,4.95,5.00,4.95,4.99,19000,4.99
2012-05-09,5.07,5.07,4.86,4.94,36400,4.94
2012-05-08,5.00,5.05,4.74,5.00,34800,5.00
2012-05-07,4.80,5.10,4.80,4.96,33400,4.96
2012-05-04,4.70,4.82,4.70,4.73,27300,4.73
2012-05-03,4.85,4.85,4.51,4.70,16200,4.70
2012-05-02,4.65,5.05,4.65,4.87,41000,4.87
2012-05-01,4.65,4.65,4.65,4.65,500,4.65
2012-04-30,4.60,4.73,4.50,4.63,13600,4.63
2012-04-27,4.65,4.95,4.49,4.62,81000,4.62
2012-04-26,4.52,4.80,4.48,4.58,250700,4.58
2012-04-25,4.45,4.48,4.40,4.48,4800,4.48
2012-04-24,4.27,4.45,4.13,4.36,75000,4.36
2012-04-23,4.15,4.27,4.00,4.25,4600,4.25
2012-04-20,4.10,4.19,4.00,4.16,10200,4.16
2012-04-19,4.11,4.18,4.08,4.17,17100,4.17
2012-04-18,4.01,4.12,4.01,4.11,14300,4.11
2012-04-17,4.26,4.27,3.81,4.01,48200,4.01
2012-04-16,3.91,4.28,3.90,4.19,8000,4.19
2012-04-13,3.96,3.98,3.78,3.93,6000,3.93
2012-04-12,3.77,4.00,3.75,3.97,37100,3.97
