Date,Open,High,Low,Close,Volume,Adj Close
2016-11-25,7.95,8.04,7.91,8.00,41500,8.00
2016-11-23,7.86,7.95,7.84,7.90,40100,7.90
2016-11-22,7.82,7.91,7.80,7.90,92600,7.90
2016-11-21,7.79,7.82,7.68,7.79,81700,7.79
2016-11-18,7.78,7.78,7.68,7.74,35200,7.74
2016-11-17,7.72,7.79,7.67,7.77,72300,7.77
2016-11-16,7.54,7.70,7.54,7.69,64700,7.69
2016-11-15,7.54,7.62,7.51,7.57,49900,7.57
2016-11-14,7.54,7.58,7.35,7.55,112300,7.55
2016-11-11,7.55,7.58,7.48,7.55,47600,7.55
2016-11-10,7.67,7.71,7.54,7.60,95500,7.60
2016-11-09,7.48,7.61,7.47,7.59,77400,7.59
2016-11-08,7.52,7.56,7.50,7.56,84200,7.56
2016-11-07,7.53,7.60,7.45,7.56,92600,7.56
2016-11-04,7.49,7.53,7.40,7.40,47400,7.40
2016-11-03,7.71,7.74,7.48,7.49,69300,7.49
2016-11-02,7.77,7.78,7.70,7.71,46100,7.71
2016-11-01,7.84,7.84,7.77,7.80,45100,7.80
2016-10-31,7.88,7.88,7.83,7.83,48400,7.83
2016-10-28,7.82,7.93,7.82,7.86,24300,7.86
2016-10-27,7.83,7.86,7.79,7.85,38200,7.85
2016-10-26,7.77,7.84,7.75,7.81,41000,7.81
2016-10-25,7.78,7.80,7.78,7.80,24500,7.80
2016-10-24,7.75,7.80,7.75,7.80,63500,7.80
2016-10-21,7.73,7.74,7.69,7.74,49600,7.74
2016-10-20,7.74,7.75,7.72,7.74,36600,7.74
2016-10-19,7.75,7.77,7.71,7.74,67400,7.74
2016-10-18,7.70,7.74,7.69,7.73,29000,7.73
2016-10-17,7.77,7.77,7.67,7.67,34300,7.67
2016-10-14,7.76,7.82,7.73,7.75,44200,7.75
2016-10-13,7.79,7.79,7.68,7.71,72200,7.71
2016-10-12,7.80,7.81,7.78,7.80,36400,7.80
2016-10-11,7.85,7.90,7.78,7.78,62900,7.78
2016-10-10,7.86,7.87,7.83,7.86,111500,7.86
2016-10-07,7.79,7.85,7.79,7.84,46900,7.84
2016-10-06,7.81,7.82,7.76,7.81,61800,7.81
2016-10-05,7.81,7.83,7.79,7.79,36500,7.79
2016-10-04,7.79,7.84,7.70,7.79,88600,7.79
2016-10-03,7.80,7.88,7.76,7.81,115100,7.81
2016-09-30,7.82,7.91,7.79,7.79,121400,7.79
2016-09-29,7.91,7.95,7.75,7.80,112500,7.80
2016-09-28,7.96,8.01,7.94,7.94,25000,7.94
2016-09-27,7.90,7.97,7.89,7.95,43400,7.95
2016-09-26,7.89,7.94,7.87,7.88,35900,7.88
2016-09-23,7.92,7.97,7.92,7.92,27700,7.92
2016-09-22,7.96,8.03,7.92,7.94,125600,7.94
2016-09-21,7.93,7.99,7.92,7.95,32900,7.95
2016-09-20,7.92,7.97,7.90,7.92,40100,7.92
2016-09-19,7.96,7.97,7.90,7.90,56000,7.90
2016-09-16,7.98,7.98,7.89,7.92,30400,7.92
2016-09-15,7.98,7.99,7.85,7.96,43800,7.96
2016-09-14,7.88,8.00,7.88,7.99,84500,7.99
2016-09-13,7.98,8.05,7.77,7.86,102000,7.86
2016-09-12,8.25,8.32,8.15,8.21,142200,7.97
2016-09-09,8.19,8.32,8.13,8.30,193100,8.057369
2016-09-08,8.19,8.29,8.14,8.21,84100,7.97
2016-09-07,8.14,8.34,8.14,8.21,153500,7.97
2016-09-06,8.06,8.29,8.06,8.13,107400,7.892339
2016-09-02,8.07,8.09,8.03,8.05,186400,7.814678
2016-09-01,8.05,8.07,8.03,8.05,79600,7.814678
2016-08-31,8.16,8.18,8.08,8.10,50200,7.863216
2016-08-30,8.15,8.19,8.14,8.16,96000,7.921462
2016-08-29,8.11,8.19,8.11,8.15,65100,7.911754
2016-08-26,8.03,8.11,8.03,8.11,68200,7.872923
2016-08-25,8.12,8.16,8.03,8.06,65900,7.824385
2016-08-24,8.25,8.25,8.11,8.14,51300,7.902047
2016-08-23,8.20,8.27,8.20,8.22,94900,7.979708
2016-08-22,8.15,8.21,8.15,8.20,98500,7.960292
2016-08-19,8.13,8.16,8.12,8.16,34200,7.921462
2016-08-18,8.11,8.13,8.09,8.13,52400,7.892339
2016-08-17,8.08,8.11,8.06,8.11,82300,7.872923
2016-08-16,8.07,8.09,8.05,8.08,89700,7.8438
2016-08-15,8.05,8.11,8.05,8.10,40100,7.863216
2016-08-12,8.01,8.06,7.99,8.03,52400,7.795262
2016-08-11,8.02,8.04,7.99,8.02,54800,7.785555
2016-08-10,8.06,8.06,7.98,8.02,91000,7.785555
2016-08-09,8.00,8.06,8.00,8.05,57600,7.814678
2016-08-08,8.01,8.02,7.96,8.02,97400,7.785555
2016-08-05,7.99,8.03,7.98,7.99,236100,7.756431
2016-08-04,7.99,8.03,7.95,7.98,99300,7.746724
2016-08-03,8.00,8.08,7.97,7.98,243000,7.746724
2016-08-02,8.12,8.17,8.00,8.04,81600,7.80497
2016-08-01,8.15,8.19,8.12,8.14,60700,7.902047
2016-07-29,8.18,8.26,8.08,8.13,69800,7.892339
2016-07-28,8.19,8.25,8.19,8.20,53400,7.960292
2016-07-27,8.26,8.32,8.18,8.19,76500,7.950584
2016-07-26,8.10,8.26,8.10,8.25,150900,8.008831
2016-07-25,8.11,8.16,8.08,8.13,80900,7.892339
2016-07-22,8.09,8.18,8.08,8.09,62400,7.853508
2016-07-21,8.08,8.14,8.07,8.12,100700,7.882631
2016-07-20,8.00,8.09,7.98,8.06,86000,7.824385
2016-07-19,7.89,8.03,7.87,8.01,82600,7.775847
2016-07-18,7.90,8.03,7.85,7.90,112500,7.669062
2016-07-15,7.87,7.95,7.84,7.87,79000,7.639939
2016-07-14,7.85,7.85,7.77,7.84,56500,7.610816
2016-07-13,7.75,7.82,7.68,7.82,79700,7.591401
2016-07-12,7.72,7.80,7.69,7.77,60500,7.542863
2016-07-11,7.75,7.77,7.67,7.68,53800,7.455493
2016-07-08,7.73,7.75,7.65,7.69,96500,7.465201
2016-07-07,7.65,7.74,7.63,7.68,63300,7.455493
2016-07-06,7.47,7.69,7.46,7.65,69600,7.426371
2016-07-05,7.54,7.55,7.39,7.49,79100,7.271047
2016-07-01,7.51,7.60,7.50,7.59,74100,7.368125
2016-06-30,7.46,7.55,7.45,7.50,68300,7.280755
2016-06-29,7.38,7.44,7.33,7.43,81000,7.212801
2016-06-28,7.29,7.35,7.29,7.30,43900,7.086602
2016-06-27,7.31,7.34,7.20,7.25,92100,7.038063
2016-06-24,7.15,7.43,7.09,7.38,69500,7.164263
2016-06-23,7.55,7.55,7.45,7.46,72000,7.241925
2016-06-22,7.47,7.52,7.47,7.50,35400,7.280755
2016-06-21,7.49,7.52,7.41,7.46,67000,7.241925
2016-06-20,7.44,7.54,7.44,7.44,51800,7.222509
2016-06-17,7.34,7.47,7.34,7.37,55400,7.154555
2016-06-16,7.41,7.42,7.26,7.36,77600,7.144848
2016-06-15,7.49,7.53,7.42,7.42,64000,7.203094
2016-06-14,7.49,7.54,7.37,7.50,57600,7.280755
2016-06-13,7.52,7.60,7.49,7.50,61800,7.280755
2016-06-10,7.75,7.78,7.70,7.73,72900,7.271047
2016-06-09,7.78,7.82,7.75,7.80,43700,7.336892
2016-06-08,7.75,7.82,7.72,7.81,78600,7.346298
2016-06-07,7.75,7.78,7.71,7.75,81700,7.28986
2016-06-06,7.71,7.76,7.70,7.74,89900,7.280454
2016-06-03,7.67,7.69,7.62,7.69,91300,7.233422
2016-06-02,7.61,7.67,7.61,7.64,50600,7.186391
2016-06-01,7.60,7.65,7.59,7.65,42900,7.195797
2016-05-31,7.64,7.68,7.60,7.60,67100,7.148766
2016-05-27,7.60,7.62,7.59,7.60,22200,7.148766
2016-05-26,7.60,7.63,7.55,7.58,38000,7.129953
2016-05-25,7.57,7.62,7.46,7.61,69100,7.158172
2016-05-24,7.52,7.57,7.50,7.57,59300,7.120547
2016-05-23,7.43,7.50,7.41,7.47,82500,7.026484
2016-05-20,7.39,7.47,7.39,7.43,43400,6.988859
2016-05-19,7.38,7.39,7.31,7.37,55000,6.932422
2016-05-18,7.40,7.43,7.36,7.37,78700,6.932422
2016-05-17,7.46,7.49,7.36,7.39,44000,6.951234
2016-05-16,7.40,7.50,7.39,7.48,49900,7.035891
2016-05-13,7.45,7.47,7.39,7.41,17200,6.970047
2016-05-12,7.51,7.51,7.40,7.44,68300,6.998266
2016-05-11,7.50,7.52,7.43,7.48,83400,7.035891
2016-05-10,7.46,7.52,7.46,7.51,23600,7.06411
2016-05-09,7.38,7.42,7.34,7.42,43900,6.979453
2016-05-06,7.36,7.37,7.35,7.37,21100,6.932422
2016-05-05,7.37,7.40,7.35,7.36,38400,6.923016
2016-05-04,7.38,7.38,7.32,7.35,25300,6.913609
2016-05-03,7.44,7.44,7.34,7.40,48100,6.960641
2016-05-02,7.45,7.47,7.42,7.46,36200,7.017078
2016-04-29,7.50,7.50,7.39,7.44,72300,6.998266
2016-04-28,7.49,7.55,7.42,7.49,62100,7.045297
2016-04-27,7.49,7.55,7.48,7.52,38200,7.073516
2016-04-26,7.46,7.50,7.45,7.49,39500,7.045297
2016-04-25,7.47,7.49,7.45,7.45,44000,7.007672
2016-04-22,7.48,7.50,7.46,7.49,32400,7.045297
2016-04-21,7.52,7.54,7.48,7.50,74500,7.054703
2016-04-20,7.43,7.51,7.41,7.48,52000,7.035891
2016-04-19,7.44,7.50,7.40,7.47,43900,7.026484
2016-04-18,7.30,7.47,7.29,7.44,130300,6.998266
2016-04-15,7.35,7.39,7.34,7.34,42300,6.904203
2016-04-14,7.36,7.38,7.33,7.37,41500,6.932422
2016-04-13,7.30,7.36,7.30,7.34,59900,6.904203
2016-04-12,7.26,7.31,7.24,7.27,57800,6.838359
2016-04-11,7.25,7.30,7.22,7.24,107300,6.81014
2016-04-08,7.23,7.25,7.19,7.20,16200,6.772515
2016-04-07,7.24,7.26,7.16,7.18,50600,6.753702
2016-04-06,7.24,7.28,7.20,7.28,100700,6.847765
2016-04-05,7.29,7.29,7.20,7.22,110800,6.791327
2016-04-04,7.28,7.32,7.24,7.28,91800,6.847765
2016-04-01,7.26,7.31,7.25,7.31,81800,6.875984
2016-03-31,7.33,7.37,7.29,7.29,125400,6.857172
2016-03-30,7.23,7.35,7.18,7.35,87400,6.913609
2016-03-29,7.09,7.21,7.08,7.21,48600,6.781921
2016-03-28,7.13,7.14,7.09,7.09,54700,6.669046
2016-03-24,7.10,7.10,7.05,7.09,79200,6.669046
2016-03-23,7.15,7.18,7.10,7.11,96700,6.687859
2016-03-22,7.13,7.20,7.12,7.16,93200,6.73489
2016-03-21,7.12,7.18,7.12,7.16,76800,6.73489
2016-03-18,7.17,7.18,7.13,7.14,86800,6.716077
2016-03-17,7.09,7.16,7.07,7.12,43400,6.697265
2016-03-16,7.00,7.09,7.00,7.06,82400,6.640827
2016-03-15,7.02,7.05,6.99,7.02,83600,6.603202
2016-03-14,7.00,7.05,7.00,7.03,59100,6.612609
2016-03-11,7.05,7.07,7.01,7.03,56400,6.612609
2016-03-10,7.20,7.30,7.17,7.18,147100,6.527952
2016-03-09,7.22,7.23,7.17,7.18,62800,6.527952
2016-03-08,7.22,7.24,7.17,7.19,99400,6.537044
2016-03-07,7.21,7.31,7.18,7.23,102700,6.573411
2016-03-04,7.16,7.25,7.15,7.21,110800,6.555228
2016-03-03,7.16,7.19,7.14,7.17,24000,6.51886
2016-03-02,7.11,7.18,7.10,7.18,37700,6.527952
2016-03-01,7.00,7.16,7.00,7.14,79400,6.491585
2016-02-29,6.99,7.04,6.96,6.97,23600,6.337023
2016-02-26,7.00,7.04,6.98,6.98,37100,6.346115
2016-02-25,6.91,6.97,6.86,6.96,29000,6.327931
2016-02-24,6.81,6.90,6.75,6.90,65200,6.27338
2016-02-23,6.85,6.89,6.83,6.85,36300,6.227921
2016-02-22,6.84,6.91,6.84,6.85,42700,6.227921
2016-02-19,6.75,6.81,6.75,6.75,40200,6.137002
2016-02-18,6.82,6.86,6.73,6.73,66800,6.118819
2016-02-17,6.77,6.86,6.75,6.78,52300,6.164278
2016-02-16,6.63,6.69,6.59,6.69,63200,6.082451
2016-02-12,6.52,6.55,6.49,6.52,90000,5.92789
2016-02-11,6.44,6.50,6.35,6.47,94500,5.88243
2016-02-10,6.58,6.64,6.53,6.54,121300,5.946073
2016-02-09,6.55,6.62,6.51,6.55,60900,5.955165
2016-02-08,6.62,6.71,6.56,6.61,100600,6.009716
2016-02-05,6.85,6.87,6.76,6.76,31200,6.146094
2016-02-04,6.86,6.95,6.85,6.88,36500,6.255197
2016-02-03,6.90,6.90,6.76,6.87,34200,6.246104
2016-02-02,6.92,6.92,6.80,6.84,33900,6.218829
2016-02-01,6.87,7.00,6.87,7.00,54000,6.364299
2016-01-29,6.77,6.98,6.77,6.96,76000,6.327931
2016-01-28,6.70,6.75,6.67,6.74,55700,6.12791
2016-01-27,6.62,6.77,6.62,6.63,63200,6.0279
2016-01-26,6.60,6.70,6.59,6.66,29400,6.055175
2016-01-25,6.58,6.64,6.56,6.57,36100,5.973349
2016-01-22,6.55,6.65,6.55,6.63,60600,6.0279
2016-01-21,6.41,6.56,6.41,6.42,171400,5.836971
2016-01-20,6.40,6.40,6.21,6.36,189700,5.78242
2016-01-19,6.56,6.62,6.47,6.47,63500,5.88243
2016-01-15,6.62,6.62,6.48,6.50,151900,5.909706
2016-01-14,6.71,6.82,6.67,6.70,99900,6.091543
2016-01-13,6.94,6.98,6.67,6.67,113600,6.064268
2016-01-12,6.93,6.99,6.86,6.86,73300,6.237013
2016-01-11,6.95,6.96,6.83,6.83,58200,6.209737
2016-01-08,7.10,7.11,6.89,6.89,133800,6.264288
2016-01-07,7.10,7.13,6.99,6.99,153900,6.355207
2016-01-06,7.25,7.35,7.15,7.15,69800,6.500677
2016-01-05,7.45,7.46,7.27,7.27,75900,6.609779
2016-01-04,7.53,7.56,7.33,7.33,115500,6.66433
2015-12-31,7.63,7.72,7.60,7.68,118400,6.982545
2015-12-30,7.61,7.67,7.58,7.63,41100,6.937086
2015-12-29,7.59,7.65,7.57,7.63,43300,6.937086
2015-12-28,7.52,7.57,7.52,7.56,28000,6.873443
2015-12-24,7.56,7.61,7.55,7.56,23000,6.873443
2015-12-23,7.48,7.55,7.46,7.53,71900,6.846167
2015-12-22,7.46,7.48,7.40,7.46,45000,6.782524
2015-12-21,7.53,7.55,7.38,7.43,74300,6.755248
2015-12-18,7.51,7.51,7.43,7.46,44100,6.782524
2015-12-17,7.54,7.66,7.46,7.52,72900,6.837075
2015-12-16,7.49,7.55,7.43,7.55,79700,6.864351
2015-12-15,7.24,7.44,7.24,7.41,118500,6.737065
2015-12-14,7.28,7.29,7.06,7.22,117700,6.564319
2015-12-11,7.49,7.49,7.27,7.28,109500,6.618871
2015-12-10,7.72,7.82,7.72,7.73,90200,6.8098
2015-12-09,7.80,7.85,7.70,7.73,75700,6.8098
2015-12-08,7.82,7.87,7.73,7.87,91100,6.933133
2015-12-07,7.84,7.86,7.79,7.85,50800,6.915514
2015-12-04,7.71,7.88,7.71,7.88,72800,6.941943
2015-12-03,7.86,7.86,7.67,7.73,112700,6.8098
2015-12-02,7.92,7.93,7.81,7.83,48900,6.897895
2015-12-01,7.85,7.92,7.85,7.91,77200,6.968372
2015-11-30,7.90,7.90,7.83,7.86,56400,6.924324
2015-11-27,7.85,7.93,7.85,7.86,28600,6.924324
2015-11-25,7.86,7.90,7.84,7.87,26900,6.933133
2015-11-24,7.84,7.89,7.82,7.86,88000,6.924324
2015-11-23,7.85,7.91,7.83,7.85,114700,6.915514
2015-11-20,7.80,7.89,7.80,7.83,85000,6.897895
2015-11-19,7.78,7.81,7.75,7.76,43600,6.836228
2015-11-18,7.65,7.83,7.65,7.78,157000,6.853848
2015-11-17,7.66,7.66,7.58,7.64,203700,6.730513
2015-11-16,7.56,7.63,7.56,7.63,79900,6.721704
2015-11-13,7.63,7.68,7.58,7.59,63100,6.686466
2015-11-12,7.75,7.75,7.66,7.66,46200,6.748132
2015-11-11,7.81,7.81,7.76,7.76,24100,6.836228
2015-11-10,7.82,7.83,7.72,7.78,83800,6.853848
2015-11-09,7.83,7.85,7.80,7.82,64400,6.889086
2015-11-06,7.84,7.87,7.82,7.87,54200,6.933133
2015-11-05,7.87,7.87,7.82,7.87,42500,6.933133
2015-11-04,7.88,7.88,7.83,7.85,44400,6.915514
2015-11-03,7.78,7.88,7.78,7.86,78700,6.924324
2015-11-02,7.72,7.83,7.72,7.83,83400,6.897895
2015-10-30,7.71,7.75,7.67,7.72,49800,6.80099
2015-10-29,7.71,7.82,7.67,7.69,68500,6.774561
2015-10-28,7.68,7.76,7.68,7.75,89600,6.827419
2015-10-27,7.69,7.75,7.62,7.68,121300,6.765751
2015-10-26,7.76,7.78,7.69,7.71,91900,6.79218
2015-10-23,7.80,7.83,7.73,7.78,77600,6.853848
2015-10-22,7.70,7.80,7.70,7.73,56500,6.8098
2015-10-21,7.69,7.74,7.66,7.66,36900,6.748132
2015-10-20,7.67,7.73,7.63,7.65,65900,6.739323
2015-10-19,7.63,7.68,7.59,7.64,123000,6.730513
2015-10-16,7.57,7.68,7.56,7.63,55300,6.721704
2015-10-15,7.55,7.58,7.43,7.58,123200,6.677656
2015-10-14,7.54,7.57,7.48,7.52,79600,6.624798
2015-10-13,7.54,7.58,7.51,7.58,49600,6.677656
2015-10-12,7.50,7.60,7.50,7.60,52000,6.695275
2015-10-09,7.48,7.57,7.46,7.53,168600,6.633608
2015-10-08,7.49,7.51,7.44,7.44,77000,6.554322
2015-10-07,7.49,7.51,7.39,7.51,105800,6.615989
2015-10-06,7.37,7.44,7.34,7.44,82000,6.554322
2015-10-05,7.34,7.40,7.30,7.40,70500,6.519084
2015-10-02,7.20,7.26,7.12,7.26,128100,6.39575
2015-10-01,7.21,7.33,7.12,7.33,98100,6.457417
2015-09-30,7.16,7.20,7.06,7.20,103600,6.342892
2015-09-29,7.01,7.07,6.95,7.03,91600,6.19313
2015-09-28,7.27,7.27,6.99,7.01,118500,6.17551
2015-09-25,7.35,7.37,7.27,7.28,57900,6.413369
2015-09-24,7.22,7.29,7.21,7.27,81700,6.404559
2015-09-23,7.23,7.34,7.23,7.27,50900,6.404559
2015-09-22,7.23,7.26,7.19,7.23,57400,6.369321
2015-09-21,7.35,7.44,7.24,7.33,157000,6.457417
2015-09-18,7.31,7.35,7.22,7.35,191100,6.475036
2015-09-17,7.38,7.41,7.33,7.39,61100,6.510274
2015-09-16,7.29,7.38,7.29,7.36,81900,6.483845
2015-09-15,7.24,7.32,7.21,7.30,119600,6.430988
2015-09-14,7.22,7.26,7.20,7.21,67800,6.351702
2015-09-11,7.23,7.27,7.16,7.25,98900,6.38694
2015-09-10,7.41,7.52,7.41,7.48,105400,6.37813
2015-09-09,7.41,7.62,7.40,7.45,485700,6.35255
2015-09-08,7.58,7.69,7.57,7.59,48100,6.471927
2015-09-04,7.49,7.51,7.45,7.48,65500,6.37813
2015-09-03,7.53,7.67,7.53,7.57,66600,6.454873
2015-09-02,7.48,7.52,7.46,7.50,32100,6.395184
2015-09-01,7.42,7.50,7.35,7.38,72400,6.292861
2015-08-31,7.50,7.62,7.48,7.60,85900,6.480453
2015-08-28,7.56,7.65,7.56,7.56,50600,6.446346
2015-08-27,7.42,7.67,7.42,7.62,104200,6.497507
2015-08-26,7.30,7.38,7.17,7.31,120700,6.233173
2015-08-25,7.33,7.41,7.14,7.15,116500,6.096742
2015-08-24,7.40,7.46,6.75,7.22,355800,6.156431
2015-08-21,7.99,7.99,7.65,7.73,249700,6.591303
2015-08-20,8.11,8.14,8.02,8.03,135300,6.84711
2015-08-19,8.23,8.23,8.16,8.19,87000,6.983541
2015-08-18,8.21,8.26,8.20,8.25,66800,7.034703
2015-08-17,8.19,8.26,8.16,8.25,75500,7.034703
2015-08-14,8.15,8.25,8.14,8.25,103400,7.034703
2015-08-13,8.16,8.19,8.12,8.16,82600,6.95796
2015-08-12,8.13,8.21,8.07,8.18,110400,6.975015
2015-08-11,8.23,8.24,8.15,8.22,65700,7.009122
2015-08-10,8.27,8.30,8.24,8.27,52200,7.051757
2015-08-07,8.26,8.26,8.20,8.20,39300,6.992068
2015-08-06,8.35,8.36,8.26,8.26,31400,7.04323
2015-08-05,8.39,8.40,8.31,8.36,46900,7.128498
2015-08-04,8.34,8.42,8.32,8.36,40400,7.128498
2015-08-03,8.40,8.41,8.31,8.31,29800,7.085865
2015-07-31,8.38,8.46,8.37,8.39,18500,7.15408
2015-07-30,8.36,8.40,8.35,8.39,27400,7.15408
2015-07-29,8.33,8.36,8.32,8.36,29000,7.128498
2015-07-28,8.30,8.33,8.28,8.29,35900,7.06881
2015-07-27,8.32,8.37,8.26,8.26,68500,7.04323
2015-07-24,8.42,8.42,8.33,8.33,58600,7.102918
2015-07-23,8.44,8.47,8.40,8.41,58500,7.171133
2015-07-22,8.44,8.46,8.41,8.42,29500,7.17966
2015-07-21,8.45,8.45,8.40,8.44,58500,7.196714
2015-07-20,8.46,8.48,8.42,8.43,49100,7.188187
2015-07-17,8.47,8.49,8.43,8.44,41900,7.196714
2015-07-16,8.45,8.50,8.43,8.45,56200,7.205241
2015-07-15,8.49,8.51,8.41,8.41,49200,7.171133
2015-07-14,8.42,8.51,8.40,8.47,78400,7.222295
2015-07-13,8.39,8.45,8.37,8.39,78700,7.15408
2015-07-10,8.45,8.47,8.34,8.36,74800,7.128498
2015-07-09,8.54,8.54,8.35,8.35,32800,7.119972
2015-07-08,8.52,8.61,8.42,8.44,35200,7.196714
2015-07-07,8.45,8.59,8.39,8.56,87500,7.299037
2015-07-06,8.45,8.47,8.36,8.40,55300,7.162606
2015-07-02,8.47,8.51,8.44,8.46,31100,7.213768
2015-07-01,8.38,8.50,8.32,8.47,88800,7.222295
2015-06-30,8.38,8.58,8.28,8.28,87500,7.060283
2015-06-29,8.40,8.44,8.33,8.34,89100,7.111445
2015-06-26,8.53,8.54,8.46,8.46,52000,7.213768
2015-06-25,8.56,8.63,8.51,8.54,65900,7.281983
2015-06-24,8.58,8.60,8.50,8.52,48500,7.26493
2015-06-23,8.59,8.63,8.55,8.57,34700,7.307564
2015-06-22,8.66,8.67,8.55,8.58,46100,7.316091
2015-06-19,8.62,8.64,8.55,8.57,34200,7.307564
2015-06-18,8.58,8.67,8.57,8.62,64800,7.350198
2015-06-17,8.52,8.60,8.51,8.56,53800,7.299037
2015-06-16,8.57,8.60,8.51,8.53,51500,7.273456
2015-06-15,8.51,8.72,8.42,8.54,98000,7.281983
2015-06-12,8.57,8.61,8.50,8.53,68000,7.273456
2015-06-11,8.64,8.68,8.52,8.61,104100,7.341671
2015-06-10,8.69,8.79,8.66,8.77,86900,7.273457
2015-06-09,8.68,8.70,8.65,8.66,52600,7.182227
2015-06-08,8.70,8.70,8.64,8.68,40800,7.198815
2015-06-05,8.68,8.70,8.67,8.68,39000,7.198815
2015-06-04,8.72,8.73,8.64,8.67,88100,7.190521
2015-06-03,8.78,8.78,8.71,8.71,84600,7.223695
2015-06-02,8.75,8.79,8.73,8.74,73600,7.248576
2015-06-01,8.71,8.78,8.69,8.76,74800,7.265163
2015-05-29,8.70,8.73,8.66,8.68,65200,7.198815
2015-05-28,8.72,8.74,8.67,8.71,82800,7.223695
2015-05-27,8.72,8.74,8.69,8.70,76400,7.215401
2015-05-26,8.84,8.84,8.68,8.69,110600,7.207108
2015-05-22,8.81,8.85,8.77,8.83,81600,7.323218
2015-05-21,8.76,8.80,8.70,8.80,84000,7.298337
2015-05-20,8.61,8.82,8.59,8.74,167200,7.248576
2015-05-19,8.60,8.61,8.57,8.58,53200,7.115879
2015-05-18,8.62,8.64,8.56,8.62,81600,7.149053
2015-05-15,8.64,8.73,8.58,8.61,251100,7.140759
2015-05-14,8.62,8.66,8.61,8.66,86000,7.182227
2015-05-13,8.55,8.60,8.55,8.60,109200,7.132466
2015-05-12,8.50,8.55,8.49,8.53,63400,7.074411
2015-05-11,8.50,8.55,8.48,8.52,83900,7.066118
2015-05-08,8.53,8.55,8.48,8.51,58400,7.057824
2015-05-07,8.42,8.47,8.40,8.46,47200,7.016356
2015-05-06,8.48,8.48,8.40,8.40,66100,6.966594
2015-05-05,8.48,8.51,8.44,8.45,59900,7.008062
2015-05-04,8.53,8.54,8.48,8.48,72900,7.032943
2015-05-01,8.50,8.53,8.48,8.48,51600,7.032943
2015-04-30,8.50,8.51,8.45,8.46,58000,7.016356
2015-04-29,8.52,8.54,8.48,8.51,63900,7.057824
2015-04-28,8.56,8.58,8.52,8.52,38700,7.066118
2015-04-27,8.60,8.62,8.54,8.54,45500,7.082704
2015-04-24,8.61,8.62,8.58,8.59,42600,7.124172
2015-04-23,8.58,8.61,8.54,8.60,41200,7.132466
2015-04-22,8.59,8.60,8.54,8.58,62700,7.115879
2015-04-21,8.62,8.62,8.54,8.54,24900,7.082704
2015-04-20,8.55,8.61,8.55,8.61,26000,7.140759
2015-04-17,8.60,8.64,8.52,8.52,57300,7.066118
2015-04-16,8.60,8.64,8.56,8.63,59400,7.157347
2015-04-15,8.54,8.63,8.54,8.59,41700,7.124172
2015-04-14,8.58,8.60,8.52,8.54,31800,7.082704
2015-04-13,8.58,8.62,8.56,8.56,33500,7.099292
2015-04-10,8.55,8.60,8.52,8.58,46800,7.115879
2015-04-09,8.55,8.60,8.49,8.54,37100,7.082704
2015-04-08,8.55,8.59,8.51,8.52,36700,7.066118
2015-04-07,8.52,8.59,8.51,8.53,62300,7.074411
2015-04-06,8.44,8.53,8.43,8.52,57800,7.066118
2015-04-02,8.44,8.47,8.42,8.44,43100,6.999768
2015-04-01,8.44,8.48,8.35,8.45,105300,7.008062
2015-03-31,8.46,8.51,8.40,8.45,118800,7.008062
2015-03-30,8.39,8.52,8.39,8.47,208400,7.02465
2015-03-27,8.41,8.41,8.36,8.38,66400,6.950007
2015-03-26,8.43,8.45,8.36,8.38,54800,6.950007
2015-03-25,8.52,8.53,8.43,8.43,55800,6.991475
2015-03-24,8.60,8.60,8.51,8.53,58500,7.074411
2015-03-23,8.60,8.61,8.57,8.59,68900,7.124172
2015-03-20,8.48,8.60,8.47,8.60,133200,7.132466
2015-03-19,8.46,8.49,8.42,8.47,51200,7.02465
2015-03-18,8.36,8.52,8.33,8.48,51700,7.032943
2015-03-17,8.41,8.42,8.37,8.41,27900,6.974888
2015-03-16,8.33,8.43,8.33,8.43,46500,6.991475
2015-03-13,8.37,8.38,8.31,8.32,23600,6.900246
2015-03-12,8.36,8.39,8.33,8.37,64300,6.941714
2015-03-11,8.39,8.42,8.26,8.33,88400,6.90854
2015-03-10,8.62,8.63,8.54,8.57,90100,6.908539
2015-03-09,8.63,8.65,8.60,8.65,50500,6.97303
2015-03-06,8.71,8.75,8.53,8.58,290700,6.916601
2015-03-05,8.66,8.73,8.66,8.72,75100,7.029459
2015-03-04,8.67,8.68,8.60,8.66,97200,6.981091
2015-03-03,8.66,8.70,8.63,8.69,53700,7.005275
2015-03-02,8.64,8.67,8.62,8.67,57700,6.989153
2015-02-27,8.62,8.65,8.60,8.64,55200,6.964969
2015-02-26,8.60,8.63,8.58,8.60,55600,6.932724
2015-02-25,8.68,8.68,8.57,8.60,185900,6.932724
2015-02-24,8.63,8.67,8.63,8.66,39700,6.981091
2015-02-23,8.64,8.66,8.62,8.63,131200,6.956908
2015-02-20,8.61,8.64,8.55,8.64,82900,6.964969
2015-02-19,8.57,8.64,8.56,8.62,97300,6.948846
2015-02-18,8.55,8.59,8.50,8.59,78700,6.924662
2015-02-17,8.57,8.59,8.52,8.56,50800,6.900479
2015-02-13,8.56,8.61,8.54,8.61,32300,6.940785
2015-02-12,8.52,8.58,8.51,8.57,59700,6.908539
2015-02-11,8.45,8.51,8.45,8.51,32500,6.860172
2015-02-10,8.42,8.49,8.40,8.49,51200,6.844049
2015-02-09,8.41,8.44,8.38,8.40,53000,6.771497
2015-02-06,8.47,8.48,8.38,8.41,49000,6.779559
2015-02-05,8.41,8.46,8.38,8.45,64000,6.811804
2015-02-04,8.40,8.43,8.35,8.36,46100,6.739252
2015-02-03,8.34,8.42,8.34,8.42,60300,6.78762
2015-02-02,8.33,8.33,8.27,8.32,82900,6.707007
2015-01-30,8.32,8.41,8.27,8.30,66400,6.690885
2015-01-29,8.38,8.38,8.31,8.36,51600,6.739252
2015-01-28,8.41,8.43,8.37,8.37,70000,6.747313
2015-01-27,8.39,8.42,8.33,8.42,61300,6.78762
2015-01-26,8.42,8.44,8.40,8.42,55700,6.78762
2015-01-23,8.41,8.45,8.39,8.43,66600,6.795682
2015-01-22,8.36,8.45,8.36,8.43,31300,6.795682
2015-01-21,8.36,8.39,8.30,8.38,27100,6.755375
2015-01-20,8.37,8.38,8.28,8.37,57500,6.747313
2015-01-16,8.22,8.31,8.22,8.31,48800,6.698946
2015-01-15,8.32,8.32,8.20,8.22,55300,6.626394
2015-01-14,8.29,8.32,8.19,8.27,76900,6.666701
2015-01-13,8.41,8.50,8.28,8.36,70900,6.739252
2015-01-12,8.49,8.49,8.32,8.37,76700,6.747313
2015-01-09,8.53,8.54,8.43,8.45,73200,6.811804
2015-01-08,8.46,8.53,8.46,8.50,57100,6.852111
2015-01-07,8.33,8.43,8.33,8.37,79800,6.747313
2015-01-06,8.41,8.45,8.27,8.30,62400,6.690885
2015-01-05,8.51,8.51,8.35,8.40,70100,6.771497
2015-01-02,8.64,8.64,8.50,8.54,92800,6.884356
2014-12-31,8.61,8.64,8.52,8.64,179400,6.964969
2014-12-30,8.58,8.59,8.52,8.57,101600,6.908539
2014-12-29,8.65,8.65,8.58,8.58,113100,6.916601
2014-12-26,8.68,8.70,8.63,8.63,54200,6.956908
2014-12-24,8.62,8.71,8.61,8.63,37800,6.956908
2014-12-23,8.54,8.69,8.54,8.69,95900,7.005275
2014-12-22,8.56,8.59,8.50,8.55,74100,6.892417
2014-12-19,8.46,8.59,8.46,8.56,96000,6.900479
2014-12-18,8.28,8.45,8.28,8.44,104100,6.803742
2014-12-17,8.05,8.18,8.03,8.17,88700,6.586087
2014-12-16,8.15,8.27,8.03,8.06,93600,6.497413
2014-12-15,8.28,8.39,8.16,8.20,76600,6.610271
2014-12-12,8.42,8.43,8.27,8.27,79300,6.666701
2014-12-11,8.50,8.56,8.46,8.46,108500,6.819865
2014-12-10,8.74,8.76,8.68,8.71,66700,6.827927
2014-12-09,8.78,8.80,8.67,8.76,170200,6.867123
2014-12-08,8.87,8.89,8.77,8.84,134700,6.929836
2014-12-05,8.88,8.90,8.83,8.86,69600,6.945514
2014-12-04,8.89,8.91,8.85,8.89,102700,6.969032
2014-12-03,8.87,8.90,8.85,8.89,68100,6.969032
2014-12-02,8.76,8.87,8.76,8.87,66300,6.953353
2014-12-01,8.85,8.85,8.75,8.77,81300,6.874962
2014-11-28,8.85,8.86,8.84,8.85,36800,6.937675
2014-11-26,8.80,8.85,8.79,8.83,97800,6.921997
2014-11-25,8.83,8.83,8.78,8.80,52900,6.898479
2014-11-24,8.80,8.83,8.79,8.82,76900,6.914157
2014-11-21,8.81,8.84,8.73,8.79,63000,6.89064
2014-11-20,8.72,8.81,8.72,8.75,74400,6.859283
2014-11-19,8.75,8.78,8.73,8.75,62100,6.859283
2014-11-18,8.75,8.79,8.73,8.76,93200,6.867123
2014-11-17,8.74,8.82,8.70,8.74,98400,6.851444
2014-11-14,8.77,8.80,8.74,8.78,76800,6.882801
2014-11-13,8.77,8.83,8.75,8.81,62300,6.906319
2014-11-12,8.77,8.80,8.75,8.79,46100,6.89064
2014-11-11,8.73,8.80,8.71,8.80,52700,6.898479
2014-11-10,8.72,8.77,8.70,8.74,128200,6.851444
2014-11-07,8.78,8.79,8.68,8.73,231700,6.843605
2014-11-06,8.80,8.82,8.75,8.79,72400,6.89064
2014-11-05,8.82,8.84,8.80,8.81,73900,6.906319
2014-11-04,8.89,8.89,8.76,8.79,87000,6.89064
2014-11-03,8.85,8.92,8.82,8.88,67000,6.961193
2014-10-31,8.89,8.91,8.84,8.86,87000,6.945514
2014-10-30,8.83,8.87,8.78,8.81,96400,6.906319
2014-10-29,8.85,8.92,8.76,8.90,118200,6.976871
2014-10-28,8.77,8.87,8.77,8.82,68100,6.914157
2014-10-27,8.79,8.83,8.71,8.77,64900,6.874962
2014-10-24,8.77,8.86,8.68,8.86,41700,6.945514
2014-10-23,8.79,8.89,8.76,8.78,30600,6.882801
2014-10-22,8.76,8.80,8.68,8.71,53800,6.827927
2014-10-21,8.54,8.79,8.53,8.78,71000,6.882801
2014-10-20,8.40,8.46,8.39,8.45,56800,6.624108
2014-10-17,8.31,8.48,8.30,8.39,75600,6.577073
2014-10-16,7.97,8.25,7.94,8.23,79600,6.451645
2014-10-15,8.10,8.13,7.85,8.05,273400,6.310541
2014-10-14,8.64,8.69,8.19,8.19,328700,6.420289
2014-10-13,8.77,8.83,8.63,8.63,138400,6.765213
2014-10-10,8.92,9.03,8.80,8.82,119000,6.914157
2014-10-09,9.12,9.12,8.93,8.95,25300,7.016067
2014-10-08,8.99,9.10,8.93,9.10,124700,7.133655
2014-10-07,8.97,9.04,8.87,8.95,75800,7.016067
2014-10-06,9.01,9.05,8.96,8.96,56800,7.023906
2014-10-03,8.94,8.99,8.93,8.99,47000,7.047423
2014-10-02,8.94,8.97,8.84,8.92,105500,6.992549
2014-10-01,9.00,9.04,8.97,8.97,94600,7.031745
2014-09-30,9.10,9.13,8.99,8.99,101400,7.047423
2014-09-29,9.05,9.09,8.99,9.07,61500,7.110137
2014-09-26,9.06,9.09,9.00,9.08,58200,7.117976
2014-09-25,9.11,9.12,9.03,9.08,98000,7.117976
2014-09-24,9.15,9.16,9.10,9.13,49800,7.157172
2014-09-23,9.17,9.17,9.15,9.15,39800,7.17285
2014-09-22,9.23,9.25,9.16,9.17,53600,7.188529
2014-09-19,9.29,9.34,9.22,9.23,40100,7.235564
2014-09-18,9.21,9.31,9.20,9.29,69900,7.282599
2014-09-17,9.20,9.27,9.20,9.22,59600,7.227725
2014-09-16,9.15,9.22,9.13,9.20,40100,7.212046
2014-09-15,9.15,9.18,9.13,9.16,36200,7.18069
2014-09-12,9.16,9.19,9.13,9.15,53700,7.17285
2014-09-11,9.24,9.28,9.16,9.19,61700,7.204207
2014-09-10,9.41,9.49,9.40,9.49,86200,7.251242
2014-09-09,9.47,9.48,9.40,9.41,85900,7.190115
2014-09-08,9.57,9.59,9.45,9.45,81100,7.220679
2014-09-05,9.50,9.60,9.44,9.54,74000,7.289447
2014-09-04,9.53,9.59,9.50,9.53,59900,7.281806
2014-09-03,9.63,9.64,9.51,9.54,52000,7.289447
2014-09-02,9.63,9.65,9.54,9.56,71800,7.304729
2014-08-29,9.58,9.61,9.55,9.60,43400,7.335293
2014-08-28,9.52,9.58,9.51,9.58,30300,7.320011
2014-08-27,9.55,9.56,9.48,9.55,45500,7.297088
2014-08-26,9.58,9.58,9.51,9.51,91800,7.266524
2014-08-25,9.53,9.60,9.52,9.57,53600,7.31237
2014-08-22,9.48,9.53,9.44,9.53,41200,7.281806
2014-08-21,9.43,9.54,9.43,9.52,46400,7.274166
2014-08-20,9.43,9.44,9.39,9.43,33500,7.205397
2014-08-19,9.41,9.48,9.40,9.48,80500,7.243601
2014-08-18,9.37,9.46,9.34,9.44,84000,7.213037
2014-08-15,9.30,9.36,9.21,9.36,77200,7.15191
2014-08-14,9.29,9.30,9.18,9.26,71800,7.075501
2014-08-13,9.10,9.25,9.05,9.25,74300,7.06786
2014-08-12,9.17,9.21,9.05,9.05,123100,6.915042
2014-08-11,9.05,9.16,9.00,9.14,52600,6.98381
2014-08-08,8.97,9.05,8.95,9.00,42300,6.876837
2014-08-07,9.03,9.03,8.93,8.99,46300,6.869196
2014-08-06,9.00,9.00,8.85,8.98,71800,6.861555
2014-08-05,9.05,9.10,8.98,8.98,133300,6.861555
2014-08-04,9.08,9.11,9.03,9.05,46600,6.915042
2014-08-01,9.11,9.17,9.05,9.11,73100,6.960887
2014-07-31,9.22,9.22,9.11,9.11,66000,6.960887
2014-07-30,9.40,9.41,9.27,9.29,55500,7.098424
2014-07-29,9.36,9.41,9.35,9.41,77800,7.190115
2014-07-28,9.36,9.36,9.31,9.35,30300,7.14427
2014-07-25,9.31,9.39,9.31,9.35,94300,7.14427
2014-07-24,9.27,9.36,9.27,9.34,91100,7.136629
2014-07-23,9.27,9.33,9.26,9.33,72600,7.128987
2014-07-22,9.19,9.24,9.17,9.23,77400,7.052578
2014-07-21,9.21,9.22,9.16,9.19,45100,7.022014
2014-07-18,9.18,9.25,9.15,9.18,44700,7.014374
2014-07-17,9.13,9.19,9.13,9.14,58500,6.98381
2014-07-16,9.14,9.25,9.14,9.15,123600,6.99145
2014-07-15,9.13,9.22,9.11,9.13,95100,6.976169
2014-07-14,9.21,9.25,9.17,9.17,213100,7.006733
2014-07-11,9.28,9.30,9.19,9.19,135700,7.022014
2014-07-10,9.23,9.29,9.22,9.27,56600,7.083142
2014-07-09,9.35,9.36,9.18,9.23,161000,7.052578
2014-07-08,9.42,9.45,9.31,9.32,83300,7.121346
2014-07-07,9.36,9.44,9.35,9.43,42100,7.205397
2014-07-03,9.34,9.45,9.34,9.41,25000,7.190115
2014-07-02,9.46,9.50,9.34,9.34,43800,7.136629
2014-07-01,9.54,9.57,9.42,9.42,54800,7.197756
2014-06-30,9.43,9.51,9.37,9.51,82800,7.266524
2014-06-27,9.35,9.44,9.31,9.43,64800,7.205397
2014-06-26,9.27,9.33,9.24,9.33,69800,7.128987
2014-06-25,9.22,9.33,9.22,9.31,65700,7.113706
2014-06-24,9.23,9.30,9.22,9.25,83600,7.06786
2014-06-23,9.20,9.27,9.19,9.22,50900,7.044937
2014-06-20,9.23,9.27,9.19,9.19,55900,7.022014
2014-06-19,9.24,9.34,9.17,9.22,63700,7.044937
2014-06-18,9.22,9.24,9.18,9.22,86700,7.044937
2014-06-17,9.30,9.36,9.21,9.22,99600,7.044937
2014-06-16,9.28,9.36,9.27,9.29,84300,7.098424
2014-06-13,9.34,9.37,9.29,9.29,75400,7.098424
2014-06-12,9.47,9.47,9.31,9.33,118000,7.128987
2014-06-11,9.34,9.61,9.26,9.51,137100,7.266524
2014-06-10,9.38,9.64,9.36,9.51,96000,7.083142
2014-06-09,9.47,9.54,9.38,9.38,178900,6.986317
2014-06-06,9.55,9.59,9.49,9.49,69100,7.068245
2014-06-05,9.53,9.61,9.51,9.54,81200,7.105486
2014-06-04,9.57,9.59,9.52,9.52,55800,7.09059
2014-06-03,9.59,9.61,9.47,9.61,83100,7.157623
2014-06-02,9.61,9.61,9.50,9.52,85000,7.09059
2014-05-30,9.45,9.70,9.44,9.64,192700,7.179967
2014-05-29,9.40,9.48,9.40,9.44,59100,7.031005
2014-05-28,9.37,9.42,9.33,9.41,63300,7.008661
2014-05-27,9.42,9.42,9.35,9.37,105500,6.978868
2014-05-23,9.37,9.41,9.35,9.39,48000,6.993765
2014-05-22,9.37,9.41,9.34,9.40,33500,7.001212
2014-05-21,9.35,9.38,9.32,9.37,46200,6.978868
2014-05-20,9.31,9.34,9.28,9.32,76700,6.941628
2014-05-19,9.30,9.33,9.26,9.33,61600,6.949076
2014-05-16,9.18,9.32,9.16,9.32,90100,6.941628
2014-05-15,9.29,9.29,9.17,9.17,65400,6.829907
2014-05-14,9.32,9.32,9.27,9.28,29000,6.911835
2014-05-13,9.28,9.35,9.28,9.30,71200,6.926732
2014-05-12,9.30,9.34,9.29,9.29,63600,6.919284
2014-05-09,9.28,9.28,9.21,9.26,52600,6.89694
2014-05-08,9.13,9.32,9.13,9.26,114200,6.89694
2014-05-07,9.16,9.21,9.11,9.12,47700,6.792666
2014-05-06,9.21,9.23,9.17,9.17,48500,6.829907
2014-05-05,9.14,9.23,9.10,9.21,60500,6.859699
2014-05-02,9.10,9.15,9.09,9.14,48400,6.807562
2014-05-01,9.07,9.10,9.06,9.08,34700,6.762874
2014-04-30,9.09,9.09,9.04,9.07,76300,6.755425
2014-04-29,9.02,9.10,9.02,9.09,45600,6.770322
2014-04-28,9.05,9.05,9.01,9.04,50400,6.733081
2014-04-25,9.00,9.02,8.98,9.02,48500,6.718185
2014-04-24,9.03,9.04,8.98,8.99,90000,6.695841
2014-04-23,9.00,9.04,8.97,9.01,66100,6.710737
2014-04-22,8.98,9.04,8.98,9.00,48100,6.703289
2014-04-21,8.92,8.99,8.92,8.98,41300,6.688392
2014-04-17,8.97,9.00,8.92,8.93,42900,6.651152
2014-04-16,8.96,8.97,8.92,8.97,33900,6.680945
2014-04-15,8.92,8.99,8.86,8.91,27800,6.636256
2014-04-14,8.86,8.88,8.83,8.86,37300,6.599015
2014-04-11,8.78,8.87,8.78,8.82,120800,6.569223
2014-04-10,8.92,8.95,8.86,8.87,58200,6.606463
2014-04-09,8.85,8.90,8.83,8.88,53600,6.613912
2014-04-08,8.84,8.84,8.80,8.81,81300,6.561775
2014-04-07,8.90,8.90,8.80,8.81,69800,6.561775
2014-04-04,9.01,9.05,8.92,8.93,64600,6.651152
2014-04-03,9.01,9.01,8.96,9.01,68600,6.710737
2014-04-02,9.00,9.03,8.96,9.02,84900,6.718185
2014-04-01,8.97,9.02,8.94,8.99,105500,6.695841
2014-03-31,9.07,9.10,8.89,8.92,135000,6.643704
2014-03-28,8.97,9.04,8.97,9.03,50300,6.725633
2014-03-27,9.04,9.05,8.96,8.96,88900,6.673496
2014-03-26,9.07,9.13,9.04,9.08,118100,6.762874
2014-03-25,9.05,9.08,9.02,9.04,60800,6.733081
2014-03-24,9.07,9.10,9.03,9.05,72000,6.740529
2014-03-21,9.10,9.10,9.06,9.07,47900,6.755425
2014-03-20,9.03,9.08,9.01,9.08,61000,6.762874
2014-03-19,9.07,9.07,9.00,9.05,54400,6.740529
2014-03-18,9.03,9.08,9.02,9.06,64300,6.747978
2014-03-17,8.99,9.03,8.99,9.02,51000,6.718185
2014-03-14,8.94,8.96,8.92,8.95,46300,6.666048
2014-03-13,9.10,9.10,8.91,8.94,54200,6.6586
2014-03-12,8.93,8.98,8.89,8.98,74700,6.688392
2014-03-11,9.14,9.19,9.12,9.18,116400,6.6586
2014-03-10,9.09,9.14,9.07,9.12,71100,6.61508
2014-03-07,9.20,9.20,8.95,8.95,81400,6.491772
2014-03-06,9.17,9.18,9.11,9.14,64400,6.629587
2014-03-05,9.08,9.13,9.08,9.10,61300,6.600573
2014-03-04,9.05,9.16,9.05,9.08,66100,6.586066
2014-03-03,9.03,9.04,8.96,8.99,61000,6.520786
2014-02-28,9.09,9.12,9.05,9.05,68800,6.564306
2014-02-27,9.02,9.11,9.02,9.10,99200,6.600573
2014-02-26,8.99,9.09,8.98,9.03,98100,6.549799
2014-02-25,8.98,9.02,8.97,9.00,73700,6.528039
2014-02-24,8.98,9.02,8.98,9.01,81100,6.535293
2014-02-21,8.92,8.99,8.90,8.96,59500,6.499026
2014-02-20,8.86,8.93,8.84,8.93,55000,6.477266
2014-02-19,8.87,8.90,8.85,8.89,94600,6.448252
2014-02-18,8.92,8.93,8.87,8.88,63600,6.440999
2014-02-14,8.84,8.89,8.81,8.88,64400,6.440999
2014-02-13,8.74,8.87,8.73,8.87,62600,6.433745
2014-02-12,8.79,8.83,8.75,8.76,67900,6.353958
2014-02-11,8.57,8.77,8.57,8.74,133200,6.339451
2014-02-10,8.50,8.57,8.49,8.57,100200,6.216144
2014-02-07,8.43,8.46,8.40,8.46,59000,6.136357
2014-02-06,8.31,8.44,8.31,8.35,113700,6.05657
2014-02-05,8.30,8.33,8.26,8.30,78500,6.020303
2014-02-04,8.28,8.33,8.27,8.30,75800,6.020303
2014-02-03,8.50,8.52,8.27,8.28,156100,6.005796
2014-01-31,8.58,8.58,8.51,8.52,100100,6.179877
2014-01-30,8.58,8.64,8.57,8.60,71600,6.237904
2014-01-29,8.64,8.64,8.56,8.56,59900,6.208891
2014-01-28,8.63,8.67,8.61,8.65,91200,6.274171
2014-01-27,8.68,8.70,8.56,8.58,106400,6.223397
2014-01-24,8.84,8.84,8.70,8.70,109700,6.310438
2014-01-23,8.88,8.88,8.85,8.85,72400,6.419239
2014-01-22,8.91,8.93,8.88,8.88,69300,6.440999
2014-01-21,8.94,8.94,8.87,8.88,47400,6.440999
2014-01-17,8.86,8.97,8.86,8.90,78900,6.455505
2014-01-16,8.92,8.95,8.90,8.92,38300,6.470012
2014-01-15,8.91,8.97,8.90,8.92,47100,6.470012
2014-01-14,8.86,8.95,8.84,8.91,72600,6.462759
2014-01-13,8.95,8.95,8.83,8.85,97800,6.419239
2014-01-10,8.89,8.93,8.84,8.93,102600,6.477266
2014-01-09,8.90,8.91,8.84,8.89,76600,6.448252
2014-01-08,8.95,8.95,8.84,8.91,121700,6.462759
2014-01-07,8.73,8.89,8.73,8.89,91500,6.448252
2014-01-06,8.74,8.82,8.70,8.72,145200,6.324945
2014-01-03,8.72,8.76,8.69,8.75,127200,6.346705
2014-01-02,8.85,8.94,8.74,8.75,169700,6.346705
2013-12-31,8.96,9.08,8.85,8.85,146800,6.419239
2013-12-30,9.06,9.06,8.86,8.91,96600,6.462759
2013-12-27,9.15,9.16,9.01,9.03,70900,6.549799
2013-12-26,9.16,9.16,9.08,9.14,77900,6.629587
2013-12-24,9.06,9.16,9.04,9.16,48500,6.644093
2013-12-23,9.01,9.12,9.00,9.10,76600,6.600573
2013-12-20,8.90,9.02,8.90,9.01,73400,6.535293
2013-12-19,8.95,8.99,8.88,8.92,77800,6.470012
2013-12-18,8.80,8.94,8.79,8.90,63200,6.455505
2013-12-17,8.86,8.89,8.76,8.83,56200,6.404732
2013-12-16,8.81,8.90,8.80,8.89,55700,6.448252
2013-12-13,8.74,8.81,8.71,8.81,48400,6.390225
2013-12-12,8.76,8.80,8.71,8.75,51100,6.346705
2013-12-11,8.83,8.87,8.67,8.72,60600,6.324945
2013-12-10,9.07,9.11,8.93,9.03,105200,6.375718
2013-12-09,9.11,9.14,9.05,9.05,62400,6.38984
2013-12-06,9.12,9.17,9.08,9.11,46600,6.432203
2013-12-05,8.93,9.08,8.93,9.08,65200,6.411021
2013-12-04,9.02,9.10,8.95,8.95,74800,6.319234
2013-12-03,9.10,9.13,9.02,9.03,71000,6.375718
2013-12-02,9.12,9.14,9.10,9.10,58000,6.425143
2013-11-29,9.17,9.21,9.14,9.16,69400,6.467506
2013-11-27,9.00,9.14,9.00,9.10,80500,6.425143
2013-11-26,9.01,9.03,9.00,9.00,72900,6.354537
2013-11-25,9.03,9.04,9.00,9.01,60300,6.361597
2013-11-22,9.05,9.05,9.01,9.02,63300,6.368658
2013-11-21,8.93,9.10,8.93,9.09,101900,6.418082
2013-11-20,8.97,9.01,8.90,8.95,119500,6.319234
2013-11-19,9.29,9.32,8.92,9.00,323800,6.354537
2013-11-18,9.40,9.41,9.30,9.30,161400,6.566355
2013-11-15,9.14,9.44,9.08,9.41,277600,6.644021
2013-11-14,9.14,9.23,9.10,9.16,49700,6.467506
2013-11-13,9.05,9.18,9.05,9.15,35200,6.460445
2013-11-12,9.07,9.11,9.05,9.08,32100,6.411021
2013-11-11,9.08,9.15,9.03,9.14,43300,6.453385
2013-11-08,8.97,9.05,8.97,9.05,38700,6.38984
2013-11-07,9.07,9.09,8.95,8.97,49500,6.333355
2013-11-06,9.06,9.10,9.05,9.08,29000,6.411021
2013-11-05,9.05,9.19,9.05,9.06,37600,6.396901
2013-11-04,9.12,9.16,9.05,9.07,52000,6.403961
2013-11-01,9.02,9.18,9.02,9.10,86100,6.425143
2013-10-31,9.02,9.07,8.93,9.04,70700,6.382779
2013-10-30,8.91,9.07,8.91,9.05,113600,6.38984
2013-10-29,8.71,8.92,8.71,8.91,68400,6.290991
2013-10-28,8.72,8.78,8.71,8.72,28300,6.15684
2013-10-25,8.74,8.79,8.72,8.73,55800,6.1639
2013-10-24,8.74,8.81,8.67,8.77,73400,6.192143
2013-10-23,8.60,8.72,8.60,8.70,81500,6.142719
2013-10-22,8.65,8.70,8.63,8.67,54100,6.121537
2013-10-21,8.62,8.70,8.60,8.62,45800,6.086234
2013-10-18,8.61,8.69,8.55,8.67,50400,6.121537
2013-10-17,8.53,8.62,8.52,8.61,38500,6.079173
2013-10-16,8.49,8.54,8.48,8.54,23500,6.029749
2013-10-15,8.47,8.50,8.45,8.49,50500,5.994446
2013-10-14,8.50,8.52,8.43,8.51,37300,6.008568
2013-10-11,8.46,8.50,8.46,8.49,37500,5.994446
2013-10-10,8.40,8.46,8.39,8.41,48300,5.937961
2013-10-09,8.27,8.35,8.26,8.33,68300,5.881477
2013-10-08,8.25,8.32,8.24,8.27,70300,5.839114
2013-10-07,8.30,8.31,8.25,8.28,48600,5.846174
2013-10-04,8.30,8.37,8.29,8.34,62300,5.888537
2013-10-03,8.39,8.39,8.30,8.33,58600,5.881477
2013-10-02,8.42,8.46,8.38,8.39,67500,5.923841
2013-10-01,8.38,8.48,8.38,8.47,76800,5.980325
2013-09-30,8.39,8.46,8.33,8.33,134300,5.881477
2013-09-27,8.43,8.46,8.41,8.46,35700,5.973265
2013-09-26,8.49,8.52,8.42,8.44,34000,5.959143
2013-09-25,8.53,8.59,8.43,8.44,63800,5.959143
2013-09-24,8.37,8.51,8.35,8.50,80700,6.001507
2013-09-23,8.33,8.41,8.29,8.41,156600,5.937961
2013-09-20,8.46,8.48,8.40,8.40,37100,5.930901
2013-09-19,8.50,8.52,8.42,8.49,84500,5.994446
2013-09-18,8.45,8.55,8.40,8.55,97400,6.03681
2013-09-17,8.52,8.58,8.45,8.49,48700,5.994446
2013-09-16,8.61,8.62,8.52,8.53,63800,6.022688
2013-09-13,8.56,8.63,8.55,8.56,49200,6.043871
2013-09-12,8.61,8.63,8.52,8.58,85200,6.057992
2013-09-11,8.55,8.61,8.50,8.58,65900,6.057992
2013-09-10,8.65,8.77,8.64,8.76,80900,6.015628
2013-09-09,8.56,8.63,8.55,8.63,46900,5.926355
2013-09-06,8.61,8.64,8.53,8.53,43900,5.857683
2013-09-05,8.56,8.64,8.56,8.56,43300,5.878285
2013-09-04,8.51,8.58,8.50,8.57,33500,5.885152
2013-09-03,8.70,8.74,8.50,8.52,61800,5.850817
2013-08-30,8.53,8.64,8.53,8.60,47900,5.905754
2013-08-29,8.45,8.55,8.45,8.53,60000,5.857683
2013-08-28,8.48,8.56,8.45,8.47,52100,5.816481
2013-08-27,8.61,8.66,8.50,8.50,74400,5.837082
2013-08-26,8.63,8.72,8.63,8.65,53100,5.940089
2013-08-23,8.64,8.72,8.61,8.64,48300,5.933223
2013-08-22,8.70,8.72,8.60,8.60,102400,5.905754
2013-08-21,8.74,8.89,8.63,8.63,96000,5.926355
2013-08-20,8.80,8.83,8.74,8.75,45500,6.008761
2013-08-19,8.90,8.91,8.79,8.79,20800,6.03623
2013-08-16,8.87,9.03,8.87,8.88,30900,6.098034
2013-08-15,9.17,9.21,8.84,8.87,78500,6.091167
2013-08-14,9.26,9.33,9.12,9.28,68000,6.37272
2013-08-13,9.23,9.31,9.21,9.21,69400,6.32465
2013-08-12,9.16,9.34,9.12,9.24,92700,6.345251
2013-08-09,8.99,9.20,8.95,9.13,56500,6.269713
2013-08-08,8.97,9.00,8.92,8.98,25000,6.166705
2013-08-07,8.94,8.99,8.82,8.94,50400,6.139237
2013-08-06,8.95,9.00,8.80,8.91,46500,6.118635
2013-08-05,8.93,9.05,8.87,8.99,50300,6.173573
2013-08-02,8.91,8.98,8.86,8.89,38900,6.104901
2013-08-01,8.92,8.96,8.90,8.90,41600,6.111768
2013-07-31,8.83,8.95,8.83,8.92,75300,6.125503
2013-07-30,8.89,8.89,8.79,8.86,42500,6.084299
2013-07-29,8.87,8.87,8.81,8.84,68500,6.070566
2013-07-26,8.68,8.83,8.66,8.83,37400,6.063698
2013-07-25,8.64,8.74,8.61,8.67,69700,5.953824
2013-07-24,8.72,8.75,8.68,8.70,43800,5.974425
2013-07-23,8.65,8.74,8.65,8.73,37600,5.995026
2013-07-22,8.65,8.66,8.62,8.65,39000,5.940089
2013-07-19,8.64,8.70,8.62,8.70,58900,5.974425
2013-07-18,8.55,8.74,8.55,8.71,67200,5.981292
2013-07-17,8.66,8.72,8.62,8.63,46500,5.926355
2013-07-16,8.73,8.73,8.64,8.65,41400,5.940089
2013-07-15,8.82,8.84,8.68,8.68,62900,5.960691
2013-07-12,8.90,8.93,8.81,8.83,55300,6.063698
2013-07-11,8.80,8.92,8.72,8.84,82100,6.070566
2013-07-10,8.65,8.75,8.60,8.65,40800,5.940089
2013-07-09,8.58,8.67,8.58,8.63,48600,5.926355
2013-07-08,8.71,8.74,8.58,8.59,67500,5.898887
2013-07-05,8.68,8.74,8.67,8.72,36600,5.98816
2013-07-03,8.75,8.78,8.64,8.65,63100,5.940089
2013-07-02,8.91,8.91,8.71,8.75,91600,6.008761
2013-07-01,8.85,8.98,8.85,8.91,48800,6.118635
2013-06-28,8.84,8.94,8.82,8.83,57800,6.063698
2013-06-27,8.73,8.89,8.72,8.87,52900,6.091167
2013-06-26,8.58,8.70,8.55,8.66,55800,5.946956
2013-06-25,8.46,8.55,8.41,8.50,43200,5.837082
2013-06-24,8.40,8.42,8.35,8.37,83800,5.747809
2013-06-21,8.57,8.62,8.40,8.44,90000,5.795879
2013-06-20,8.71,8.78,8.50,8.59,84600,5.898887
2013-06-19,8.93,8.97,8.80,8.80,40700,6.043097
2013-06-18,8.80,8.97,8.80,8.95,35600,6.146104
2013-06-17,8.85,8.93,8.80,8.80,70400,6.043097
2013-06-14,8.99,9.02,8.83,8.83,37100,6.063698
2013-06-13,8.84,8.98,8.84,8.94,51300,6.139237
2013-06-12,9.21,9.21,8.97,8.99,16000,6.173573
2013-06-11,9.21,9.38,9.16,9.37,74700,6.269713
2013-06-10,9.20,9.27,9.20,9.25,56000,6.189417
2013-06-07,9.16,9.23,9.13,9.16,39000,6.129196
2013-06-06,9.05,9.13,9.05,9.08,27300,6.075666
2013-06-05,9.07,9.12,9.01,9.06,52200,6.062284
2013-06-04,9.11,9.25,9.05,9.11,87100,6.09574
2013-06-03,9.02,9.11,8.97,9.11,85000,6.09574
2013-05-31,9.12,9.15,9.02,9.02,150000,6.035519
2013-05-30,9.18,9.19,9.11,9.15,67300,6.122505
2013-05-29,9.19,9.21,9.06,9.15,74000,6.122505
2013-05-28,9.24,9.30,9.20,9.20,37400,6.155961
2013-05-24,9.14,9.20,9.11,9.20,66800,6.155961
2013-05-23,9.15,9.18,9.10,9.17,76700,6.135887
2013-05-22,9.24,9.29,9.19,9.20,114400,6.155961
2013-05-21,9.21,9.28,9.17,9.26,128400,6.196109
2013-05-20,9.20,9.23,9.10,9.21,91800,6.162652
2013-05-17,9.19,9.23,9.17,9.23,58600,6.176035
2013-05-16,9.17,9.19,9.14,9.19,78000,6.14927
2013-05-15,9.11,9.17,9.06,9.16,88100,6.129196
2013-05-14,9.10,9.16,9.09,9.14,49800,6.115814
2013-05-13,9.09,9.12,9.06,9.10,68000,6.089049
2013-05-10,9.01,9.12,9.00,9.11,95600,6.09574
2013-05-09,9.08,9.10,8.98,8.98,126800,6.008753
2013-05-08,9.02,9.11,9.01,9.11,94800,6.09574
2013-05-07,9.01,9.05,8.96,9.05,74500,6.055592
2013-05-06,9.03,9.11,9.00,9.01,113700,6.028827
2013-05-03,9.10,9.10,9.01,9.03,72000,6.04221
2013-05-02,8.97,9.04,8.94,9.01,46700,6.028827
2013-05-01,8.92,9.05,8.91,8.93,93900,5.975297
2013-04-30,8.96,8.96,8.89,8.94,66800,5.981988
2013-04-29,8.94,8.96,8.91,8.94,86600,5.981988
2013-04-26,8.94,8.95,8.87,8.91,65000,5.961914
2013-04-25,8.94,8.99,8.93,8.94,61000,5.981988
2013-04-24,8.92,9.00,8.89,8.93,66900,5.975297
2013-04-23,8.95,9.03,8.93,8.96,54700,5.995371
2013-04-22,8.82,8.96,8.80,8.93,87800,5.975297
2013-04-19,8.79,8.84,8.75,8.83,57700,5.908384
2013-04-18,8.87,8.87,8.78,8.83,86400,5.908384
2013-04-17,8.94,8.94,8.82,8.89,62000,5.948532
2013-04-16,8.99,9.00,8.85,9.00,96900,6.022136
2013-04-15,9.00,9.01,8.96,8.97,29500,6.002062
2013-04-12,9.03,9.05,8.92,9.04,32500,6.048901
2013-04-11,9.04,9.09,9.02,9.06,70000,6.062284
2013-04-10,8.98,9.07,8.96,9.06,54600,6.062284
2013-04-09,8.96,9.02,8.92,9.02,43000,6.035519
2013-04-08,8.97,9.03,8.90,8.94,56800,5.981988
2013-04-05,8.89,8.95,8.89,8.95,52500,5.988679
2013-04-04,8.93,9.00,8.85,8.99,68500,6.015444
2013-04-03,8.98,9.00,8.92,8.96,97100,5.995371
2013-04-02,9.07,9.13,9.02,9.03,116100,6.04221
2013-04-01,9.04,9.19,9.03,9.05,72700,6.055592
2013-03-28,9.15,9.16,8.95,8.95,156300,5.988679
2013-03-27,9.10,9.13,9.03,9.08,62300,6.075666
2013-03-26,9.15,9.19,9.09,9.15,42200,6.122505
2013-03-25,9.23,9.26,9.12,9.15,51800,6.122505
2013-03-22,9.14,9.19,9.13,9.18,47800,6.142579
2013-03-21,9.03,9.12,9.03,9.11,47400,6.09574
2013-03-20,9.08,9.14,9.00,9.03,46700,6.04221
2013-03-19,9.14,9.14,9.05,9.05,11800,6.055592
2013-03-18,9.23,9.44,9.23,9.32,63300,6.075666
2013-03-15,9.35,9.39,9.29,9.36,38300,6.101742
2013-03-14,9.29,9.38,9.29,9.38,47800,6.11478
2013-03-13,9.35,9.36,9.23,9.29,51600,6.056109
2013-03-12,9.51,9.51,9.29,9.31,101900,6.069148
2013-03-11,9.52,9.55,9.45,9.47,73400,6.173451
2013-03-08,9.55,9.55,9.43,9.53,85000,6.212564
2013-03-07,9.23,9.44,9.23,9.42,70200,6.140856
2013-03-06,9.36,9.40,9.27,9.38,55800,6.11478
2013-03-05,9.28,9.32,9.23,9.27,80800,6.043072
2013-03-04,9.20,9.27,9.15,9.27,77500,6.043072
2013-03-01,9.12,9.27,9.12,9.19,49200,5.99092
2013-02-28,9.24,9.25,9.16,9.17,51900,5.977882
2013-02-27,9.27,9.29,9.21,9.23,78700,6.016995
2013-02-26,9.20,9.26,9.14,9.26,56900,6.036553
2013-02-25,9.20,9.29,9.15,9.20,91800,5.997439
2013-02-22,9.13,9.20,9.09,9.17,102300,5.977882
2013-02-21,9.06,9.12,8.97,9.07,51700,5.912692
2013-02-20,9.14,9.14,9.06,9.07,73600,5.912692
2013-02-19,9.10,9.14,9.08,9.13,67000,5.951806
2013-02-15,9.01,9.08,8.99,9.08,39400,5.919211
2013-02-14,9.09,9.09,8.98,8.99,70500,5.860541
2013-02-13,9.05,9.09,9.03,9.07,60800,5.912692
2013-02-12,8.99,9.10,8.98,9.06,71900,5.906174
2013-02-11,9.04,9.08,8.95,9.00,102800,5.86706
2013-02-08,9.03,9.09,9.00,9.04,51700,5.893136
2013-02-07,9.03,9.04,8.96,9.01,53700,5.873579
2013-02-06,9.03,9.04,8.96,9.02,91800,5.880098
2013-02-05,8.86,9.05,8.83,9.03,106500,5.886616
2013-02-04,8.82,8.86,8.78,8.78,98100,5.723643
2013-02-01,8.96,8.96,8.84,8.88,60200,5.788832
2013-01-31,8.89,8.95,8.81,8.89,89000,5.795351
2013-01-30,9.04,9.04,8.84,8.88,137200,5.788832
2013-01-29,9.06,9.09,9.02,9.06,74500,5.906174
2013-01-28,9.09,9.09,9.04,9.07,71200,5.912692
2013-01-25,9.09,9.11,9.02,9.08,81800,5.919211
2013-01-24,9.04,9.06,9.00,9.06,101700,5.906174
2013-01-23,8.96,9.02,8.93,9.00,142900,5.86706
2013-01-22,8.88,8.99,8.82,8.95,138300,5.834465
2013-01-18,8.81,8.86,8.80,8.86,76000,5.775794
2013-01-17,8.77,8.83,8.76,8.82,59900,5.749718
2013-01-16,8.79,8.81,8.69,8.74,114400,5.697567
2013-01-15,8.73,8.81,8.71,8.79,106500,5.730162
2013-01-14,8.75,8.78,8.71,8.74,49700,5.697567
2013-01-11,8.78,8.80,8.71,8.75,77700,5.704086
2013-01-10,8.82,8.82,8.74,8.78,87300,5.723643
2013-01-09,8.71,8.81,8.71,8.77,98800,5.717124
2013-01-08,8.63,8.69,8.60,8.68,58400,5.658453
2013-01-07,8.65,8.69,8.58,8.69,64700,5.664972
2013-01-04,8.50,8.63,8.50,8.62,163300,5.619339
2013-01-03,8.45,8.48,8.43,8.46,92600,5.515036
2013-01-02,8.37,8.48,8.36,8.48,138200,5.528074
2012-12-31,8.14,8.20,8.07,8.20,169000,5.345543
2012-12-28,8.08,8.17,8.06,8.07,107000,5.260797
2012-12-27,8.23,8.25,8.09,8.14,141100,5.30643
2012-12-26,8.30,8.30,8.21,8.24,58200,5.371619
2012-12-24,8.21,8.26,8.20,8.26,55100,5.384657
2012-12-21,8.18,8.22,8.11,8.17,94700,5.325986
2012-12-20,8.22,8.25,8.17,8.23,92700,5.3651
2012-12-19,8.21,8.26,8.16,8.18,114900,5.332506
2012-12-18,8.15,8.21,8.13,8.21,106200,5.352062
2012-12-17,8.15,8.15,8.06,8.12,199100,5.293392
2012-12-14,8.18,8.19,8.08,8.08,161400,5.267316
2012-12-13,8.25,8.27,8.10,8.15,170900,5.312948
2012-12-12,8.22,8.24,8.17,8.20,30400,5.345543
2012-12-11,8.67,8.67,8.36,8.44,128500,5.345543
2012-12-10,8.45,8.48,8.37,8.41,145400,5.326542
2012-12-07,8.46,8.47,8.37,8.43,166500,5.33921
2012-12-06,8.47,8.54,8.44,8.48,117600,5.370877
2012-12-05,8.49,8.52,8.45,8.47,131100,5.364544
2012-12-04,8.50,8.55,8.44,8.49,162400,5.377211
2012-12-03,8.67,8.67,8.50,8.51,122800,5.389878
2012-11-30,8.68,8.68,8.58,8.62,71900,5.459547
2012-11-29,8.71,8.73,8.61,8.65,84400,5.478548
2012-11-28,8.64,8.69,8.58,8.66,63000,5.484882
2012-11-27,8.65,8.67,8.60,8.64,60200,5.472215
2012-11-26,8.60,8.65,8.54,8.62,51400,5.459547
2012-11-23,8.65,8.66,8.60,8.66,29000,5.484882
2012-11-21,8.60,8.60,8.51,8.59,69400,5.440547
2012-11-20,8.54,8.56,8.49,8.54,67200,5.408879
2012-11-19,8.39,8.58,8.36,8.51,55300,5.389878
2012-11-16,7.99,8.26,7.92,8.25,56800,5.225205
2012-11-15,8.31,8.31,7.92,8.02,208600,5.079533
2012-11-14,8.62,8.62,8.36,8.36,57600,5.294874
2012-11-13,8.66,8.70,8.57,8.60,78000,5.446881
2012-11-12,8.67,8.71,8.64,8.66,58600,5.484882
2012-11-09,8.71,8.71,8.61,8.65,83700,5.478548
2012-11-08,8.82,8.85,8.70,8.73,120900,5.529217
2012-11-07,8.94,8.95,8.85,8.86,88000,5.611553
2012-11-06,8.96,9.01,8.94,8.99,64900,5.69389
2012-11-05,8.88,8.96,8.86,8.93,69600,5.655889
2012-11-02,9.00,9.06,8.97,9.01,102000,5.706557
2012-11-01,8.84,8.98,8.84,8.96,96900,5.674889
2012-10-31,8.81,8.84,8.70,8.80,133300,5.573552
2012-10-26,8.79,8.88,8.74,8.82,83200,5.586219
2012-10-25,8.82,8.85,8.76,8.82,76600,5.586219
2012-10-24,8.94,8.94,8.79,8.79,76700,5.567218
2012-10-23,8.88,8.92,8.81,8.90,100600,5.636888
2012-10-22,8.98,8.99,8.88,8.92,89500,5.649555
2012-10-19,9.08,9.12,8.92,8.96,61100,5.674889
2012-10-18,9.11,9.15,9.10,9.11,41400,5.769893
2012-10-17,9.16,9.16,9.10,9.11,50500,5.769893
2012-10-16,9.12,9.15,9.10,9.14,39900,5.788894
2012-10-15,9.04,9.10,9.02,9.08,54700,5.750892
2012-10-12,9.11,9.13,9.02,9.03,39400,5.719224
2012-10-11,9.13,9.18,9.04,9.05,34200,5.731892
2012-10-10,9.16,9.17,9.02,9.07,61000,5.744559
2012-10-09,9.27,9.27,9.11,9.13,73200,5.78256
2012-10-08,9.12,9.28,9.11,9.25,77000,5.858563
2012-10-05,9.23,9.29,9.13,9.14,100700,5.788894
2012-10-04,9.17,9.20,9.16,9.20,35200,5.826895
2012-10-03,9.17,9.18,9.11,9.13,49600,5.78256
2012-10-02,9.16,9.16,9.09,9.12,34900,5.776227
2012-10-01,9.15,9.19,9.08,9.12,83100,5.776227
2012-09-28,9.07,9.12,9.03,9.11,116500,5.769893
2012-09-27,8.97,9.06,8.94,9.06,92900,5.738225
2012-09-26,8.98,9.01,8.88,8.92,116300,5.649555
2012-09-25,9.08,9.10,8.95,8.98,126700,5.687556
2012-09-24,8.99,9.05,8.97,9.03,66900,5.719224
2012-09-21,9.05,9.05,8.99,9.01,100500,5.706557
2012-09-20,9.00,9.02,8.97,9.01,76000,5.706557
2012-09-19,9.00,9.08,8.99,9.04,162300,5.725558
2012-09-18,9.04,9.06,9.01,9.01,68600,5.706557
2012-09-17,9.11,9.14,9.04,9.06,44500,5.738225
2012-09-14,9.12,9.20,9.11,9.14,56300,5.788894
2012-09-13,9.17,9.20,9.11,9.12,59300,5.776227
2012-09-12,9.23,9.26,9.15,9.16,79300,5.801561
2012-09-11,9.42,9.42,9.32,9.40,57900,5.801561
2012-09-10,9.34,9.42,9.33,9.40,45000,5.801561
2012-09-07,9.34,9.39,9.29,9.38,55400,5.789218
2012-09-06,9.35,9.39,9.29,9.32,51600,5.752186
2012-09-05,9.25,9.33,9.22,9.32,40400,5.752186
2012-09-04,9.23,9.25,9.17,9.25,31100,5.708983
2012-08-31,9.12,9.24,9.12,9.20,43800,5.678124
2012-08-30,9.04,9.14,9.04,9.11,58900,5.622577
2012-08-29,9.13,9.19,9.08,9.09,39900,5.610233
2012-08-28,9.13,9.17,9.08,9.11,53300,5.622577
2012-08-27,9.16,9.18,9.09,9.13,63200,5.634921
2012-08-24,9.19,9.21,9.14,9.14,50400,5.641093
2012-08-23,9.25,9.25,9.19,9.22,49900,5.690468
2012-08-22,9.17,9.26,9.16,9.24,79900,5.702811
2012-08-21,9.13,9.21,9.13,9.19,68500,5.671952
2012-08-20,9.09,9.15,9.09,9.10,48600,5.616405
2012-08-17,9.10,9.12,9.07,9.09,32700,5.610233
2012-08-16,9.08,9.15,9.08,9.11,46100,5.622577
2012-08-15,9.12,9.12,9.07,9.08,61600,5.604061
2012-08-14,9.09,9.14,9.06,9.12,59300,5.628749
2012-08-13,9.07,9.13,9.05,9.07,65800,5.597889
2012-08-10,9.09,9.15,9.08,9.08,33800,5.604061
2012-08-09,9.09,9.19,9.06,9.13,41600,5.634921
2012-08-08,9.08,9.16,9.08,9.11,39000,5.622577
2012-08-07,9.12,9.18,9.09,9.17,47900,5.659608
2012-08-06,9.15,9.15,9.11,9.13,25700,5.634921
2012-08-03,9.07,9.14,9.07,9.14,31000,5.641093
2012-08-02,9.06,9.12,9.02,9.03,31000,5.573202
2012-08-01,9.17,9.19,9.11,9.17,27600,5.659608
2012-07-31,9.11,9.19,9.11,9.12,57000,5.628749
2012-07-30,9.11,9.16,9.11,9.14,32800,5.641093
2012-07-27,9.15,9.18,9.09,9.14,29300,5.641093
2012-07-26,9.13,9.20,9.08,9.16,33400,5.653436
2012-07-25,9.05,9.14,9.03,9.10,48800,5.616405
2012-07-24,9.25,9.27,9.03,9.05,71300,5.585546
2012-07-23,9.33,9.33,9.21,9.29,56300,5.733671
2012-07-20,9.35,9.40,9.30,9.39,28900,5.79539
2012-07-19,9.42,9.49,9.31,9.40,33600,5.801561
2012-07-18,9.34,9.45,9.33,9.44,54200,5.826249
2012-07-17,9.34,9.35,9.27,9.34,38400,5.76453
2012-07-16,9.33,9.35,9.22,9.35,62000,5.770702
2012-07-13,9.27,9.38,9.21,9.32,47000,5.752186
2012-07-12,9.13,9.25,9.13,9.21,26400,5.684296
2012-07-11,9.32,9.35,9.18,9.21,43300,5.684296
2012-07-10,9.45,9.45,9.20,9.32,75000,5.752186
2012-07-09,9.44,9.45,9.25,9.44,34000,5.826249
2012-07-06,9.38,9.41,9.30,9.41,22100,5.807733
2012-07-05,9.40,9.43,9.33,9.41,24600,5.807733
2012-07-03,9.39,9.43,9.32,9.38,35900,5.789218
2012-07-02,9.19,9.39,9.19,9.39,64800,5.79539
2012-06-29,9.22,9.24,9.16,9.16,57300,5.653436
2012-06-28,9.12,9.19,9.09,9.17,33800,5.659608
2012-06-27,9.13,9.20,8.97,9.11,28600,5.622577
2012-06-26,9.11,9.20,9.07,9.13,53600,5.634921
2012-06-25,9.10,9.14,9.03,9.11,43100,5.622577
2012-06-22,9.09,9.15,9.03,9.10,28000,5.616405
2012-06-21,9.10,9.16,9.00,9.07,46200,5.597889
2012-06-20,9.14,9.19,9.07,9.09,47100,5.610233
2012-06-19,9.05,9.15,9.00,9.14,45400,5.641093
2012-06-18,8.85,8.98,8.85,8.96,30600,5.529999
2012-06-15,8.91,8.97,8.81,8.86,38900,5.46828
2012-06-14,8.97,9.00,8.89,8.90,37400,5.492967
2012-06-13,8.91,9.02,8.81,8.90,80900,5.492967
2012-06-12,9.10,9.15,9.03,9.09,72000,5.462108
2012-06-11,9.09,9.18,9.05,9.08,67400,5.456099
2012-06-08,9.05,9.19,9.05,9.19,38100,5.522197
2012-06-07,9.04,9.11,9.04,9.06,54100,5.444082
2012-06-06,8.80,8.98,8.76,8.93,26400,5.365966
2012-06-05,8.71,8.77,8.65,8.72,32200,5.239778
2012-06-04,8.70,8.75,8.65,8.75,54200,5.257805
2012-06-01,8.75,8.80,8.68,8.71,41700,5.233769
2012-05-31,8.84,8.89,8.77,8.81,48600,5.293859
2012-05-30,8.95,8.95,8.80,8.81,33800,5.293859
2012-05-29,8.97,9.05,8.89,8.90,38000,5.347939
2012-05-25,8.89,8.98,8.89,8.94,37000,5.371974
2012-05-24,9.00,9.00,8.88,8.90,33500,5.347939
2012-05-23,8.87,9.00,8.87,8.96,53000,5.383992
2012-05-22,8.78,8.91,8.78,8.86,46200,5.323903
2012-05-21,8.69,8.78,8.66,8.71,45200,5.233769
2012-05-18,8.95,8.96,8.67,8.68,106300,5.215743
2012-05-17,9.22,9.22,8.99,9.01,53400,5.414037
2012-05-16,9.13,9.23,9.10,9.20,65400,5.528206
2012-05-15,9.16,9.18,9.05,9.11,50000,5.474126
2012-05-14,9.11,9.21,9.11,9.19,41400,5.522197
2012-05-11,9.16,9.22,9.15,9.19,38000,5.522197
2012-05-10,9.28,9.29,9.19,9.20,47000,5.528206
2012-05-09,9.25,9.32,9.19,9.23,78000,5.546233
2012-05-08,9.42,9.44,9.28,9.32,82000,5.600313
2012-05-07,9.38,9.49,9.37,9.45,82000,5.678429
2012-05-04,9.53,9.53,9.36,9.45,60300,5.678429
2012-05-03,9.63,9.66,9.50,9.52,49000,5.720492
2012-05-02,9.63,9.65,9.57,9.59,28000,5.762554
2012-05-01,9.59,9.67,9.52,9.62,65800,5.780581
2012-04-30,9.56,9.66,9.50,9.55,87000,5.738519
2012-04-27,9.46,9.52,9.46,9.52,54100,5.720492
2012-04-26,9.40,9.48,9.37,9.46,50000,5.684438
2012-04-25,9.41,9.45,9.33,9.38,56100,5.636367
2012-04-24,9.28,9.43,9.26,9.43,69300,5.666412
2012-04-23,9.32,9.32,9.22,9.31,70900,5.594305
2012-04-20,9.34,9.39,9.32,9.37,45000,5.630358
2012-04-19,9.32,9.38,9.22,9.35,48100,5.61834
2012-04-18,9.25,9.36,9.25,9.32,55400,5.600313
2012-04-17,9.22,9.26,9.19,9.26,36000,5.56426
2012-04-16,9.18,9.21,9.13,9.16,48400,5.504171
2012-04-13,9.20,9.21,9.11,9.16,42400,5.504171
2012-04-12,9.12,9.20,9.01,9.17,80100,5.51018
