Date,Open,High,Low,Close,Volume,Adj Close
2018-01-10,11.45,11.5,11.3,11.45,23688,11.45
2018-01-09,11.4,11.7,11.35,11.5,25290,11.5
2018-01-08,11.35,11.4772,11.2,11.4,24413,11.4
2018-01-05,11.3,11.4,11.219,11.35,64446,11.35
2018-01-04,11.7,11.75,11.15,11.25,65040,11.25
2018-01-03,11.9,11.9,11.35,11.6,49622,11.6
2018-01-02,11.35,11.95,11.255,11.9,54834,11.9
2017-12-29,11.15,11.5,11,11.3,58363,11.3
2017-12-28,11.15,11.25,11.05,11.15,12940,11.15
2017-12-27,11.4,11.4,11.1,11.15,9706,11.15
2017-12-26,11.3,11.4,11.1,11.25,39784,11.25
2017-12-22,11.4,11.5,11.2,11.25,18440,11.25
2017-12-21,11.4,11.5,11.15,11.45,24382,11.45
2017-12-20,11.35,11.45,11.15,11.4,38685,11.4
2017-12-19,11.7,11.7,11.15,11.25,35976,11.25
2017-12-18,11.8,11.9,11.6,11.7,33528,11.7
2017-12-15,11.55,11.85,11.25,11.7,171371,11.7
2017-12-14,11.85,12,11.45,11.55,55042,11.55
2017-12-13,11.25,11.9,11.15,11.85,107297,11.85
2017-12-12,11.05,11.45,11,11.2,53784,11.2
2017-12-11,11.55,11.75,10.8,10.95,178573,10.95
2017-12-08,11.35,11.9,11.2,11.75,51185,11.75
2017-12-07,11.15,11.6,11,11.3,43768,11.3
2017-12-06,11.3,11.45,11.1,11.1,2171018,11.1
2017-12-05,11.6,11.6,11.3,11.35,27388,11.35
2017-12-04,11.95,12.05,11.5,11.55,39169,11.55
2017-12-01,12.1,12.2,11.2,11.85,38824,11.85
2017-11-30,12,12.2,11.85,12.05,47604,12.05
2017-11-29,11.7,12,11.7,12,22695,12
2017-11-28,11.65,11.8,11.45,11.7,53087,11.7
2017-11-27,11.6,11.95,11.55,11.55,50275,11.55
2017-11-24,11.75,11.8,11.6,11.7,16689,11.7
2017-11-22,11.75,11.9,11.7,11.7,25579,11.7
2017-11-21,11.4,11.9,11.25,11.725,84359,11.725
2017-11-20,11.3,11.35,11,11.3,55952,11.3
2017-11-17,11.1,11.3,10.95,11.3,54035,11.3
2017-11-16,10.9,11.4,10.9,11.2,44068,11.2
2017-11-15,10.9,11.15,10.5,10.85,86277,10.85
2017-11-14,11.05,11.05,10.85,11,14755,11
2017-11-13,11.15,11.4,10.9,11.05,29146,11.05
2017-11-10,10.9,11.6,10.8,11.2,54929,11.2
2017-11-09,10.75,11.058,10.695,10.9,39880,10.9
2017-11-08,10.8,10.95,10.5,10.9,28359,10.9
2017-11-07,11.7,11.75,10.8,10.85,87655,10.85
2017-11-06,10.95,11.1,10.7,10.9,31395,10.9
2017-11-03,10.85,11,10.5711,10.9,63544,10.9
2017-11-02,10.8,11,10.65,10.9,49110,10.9
2017-11-01,10.85,11,10.75,10.85,32257,10.85
2017-10-31,10.8,10.9,10.6,10.85,69772,10.85
2017-10-30,10.8,10.9,10.7,10.85,43976,10.85
2017-10-27,10.6,11.15,10.6,10.9,45884,10.9
2017-10-26,10.7,10.9,10.6,10.8,24476,10.8
2017-10-25,11.05,11.25,10.45,10.6,98672,10.6
2017-10-24,10.9,11.177,10.7465,11.05,46600,11.05
2017-10-23,10.45,10.9,10.35,10.8,69193,10.8
2017-10-20,10.5,10.6,10.2501,10.5,35069,10.5
2017-10-19,10.5,10.5,10.15,10.4,47416,10.4
2017-10-18,10.05,10.6,10.05,10.5,51709,10.5
2017-10-17,9.75,10.05,9.6,10,58941,10
2017-10-16,10.15,10.15,9.6501,9.8,60456,9.8
2017-10-13,10.15,10.15,9.95,10.1,16256,10.1
2017-10-12,10.15,10.15,10.05,10.075,16679,10.075
2017-10-11,10,10.15,9.975,10.1,29973,10.1
2017-10-10,10.05,10.1,9.75,10.1,27489,10.1
2017-10-09,10.05,10.1,9.9,9.95,15869,9.95
2017-10-06,9.85,10.1,9.85,10,7878,10
2017-10-05,10,10.25,9.55,10,44353,10
2017-10-04,10.05,10.25,9.8,9.95,82547,9.95
2017-10-03,10.15,10.1665,9.95,10.05,40704,10.05
2017-10-02,10,10.2705,9.9,10.1,74409,10.1
2017-09-29,9.95,10,9.9,9.9,35610,9.9
2017-09-28,9.95,10,9.535,9.9,33144,9.9
2017-09-27,9.95,10,9.5,10,33355,10
2017-09-26,9.45,9.95,9.45,9.85,50367,9.85
2017-09-25,9.4,9.5,9.301,9.4,35537,9.4
2017-09-22,9.4,9.55,9.2,9.45,22270,9.45
2017-09-21,9.2,9.45,9.2,9.45,39484,9.45
2017-09-20,9.275,9.35,9.2,9.2,33672,9.2
2017-09-19,9.4,9.4,9.15,9.25,37438,9.25
2017-09-18,8.95,9.4,8.9,9.3,81665,9.3
2017-09-15,9.2,9.3,8.9,8.9,127188,8.9
2017-09-14,9.25,9.25,9.05,9.15,103903,9.15
2017-09-13,9.3,9.4,9.1,9.1,41157,9.1
2017-09-12,9.3,9.35,9.1,9.25,29832,9.25
2017-09-11,9.25,9.4,9.2,9.3,52742,9.3
2017-09-08,8.95,9.3,8.9,9.15,52339,9.15
2017-09-07,9.15,9.2,8.9,9,53216,9
2017-09-06,9.2,9.4,8.9,9.2,53852,9.2
2017-09-05,9.7,9.7315,9.15,9.2,52800,9.2
2017-09-01,9.4,9.7,9.4,9.7,51725,9.7
2017-08-31,9.45,9.699,9.45,9.45,41850,9.45
2017-08-30,9.25,9.55,9.2,9.4,50914,9.4
2017-08-29,9.2,9.4,9.2,9.3,33397,9.3
2017-08-28,9.5,9.5,9.25,9.35,28206,9.35
2017-08-25,9.2,9.5,9.15,9.5,67652,9.5
2017-08-24,9.3,9.35,9.2,9.3,31193,9.3
2017-08-23,9.4,9.45,9.15,9.25,177893,9.25
2017-08-22,9.55,9.6,9.4,9.5,22251,9.5
2017-08-21,9.6,9.65,9.45,9.45,41361,9.45
2017-08-18,9.5,9.9,9.25,9.7,46577,9.7
2017-08-17,9.9,10.05,9.6,9.65,66700,9.65
2017-08-16,9.85,10,9.85,10,48970,10
2017-08-15,9.9,10.1,9.9,9.9,75645,9.9
2017-08-14,10,10.075,9.45,10,185298,10
2017-08-11,9.95,10.1,9.9,10,48435,10
2017-08-10,10.3,10.35,10,10,41777,10
2017-08-09,10.45,10.6018,10.25,10.35,50101,10.35
2017-08-08,10.25,11.25,10.25,10.5,79465,10.5
2017-08-07,11.25,11.55,10.975,11.3,66867,11.3
2017-08-04,11.35,11.45,11.15,11.25,45867,11.25
2017-08-03,11.35,11.5,11.2,11.35,33441,11.35
2017-08-02,11.6,11.65,11.25,11.3,34038,11.3
2017-08-01,11.35,11.6,11.25,11.55,48763,11.55
2017-07-31,11.35,11.6,11.15,11.25,105762,11.25
2017-07-28,11.1,11.4,11.05,11.25,133854,11.25
2017-07-27,11.45,11.5,11.15,11.2,25074,11.2
2017-07-26,11.6,11.65,11.45,11.45,31285,11.45
2017-07-25,11.5,11.65,11.5,11.5,43466,11.5
2017-07-24,11.35,11.55,11.35,11.45,38890,11.45
2017-07-21,11.6,11.6,11.3,11.4,57712,11.4
2017-07-20,11.3,11.5,11.15,11.45,51370,11.45
2017-07-19,11.25,11.35,11.25,11.3,20632,11.3
2017-07-18,11.25,11.35,11,11.3,57687,11.3
2017-07-17,11.45,11.45,11.25,11.3,30699,11.3
2017-07-14,11.45,11.6,11.4,11.5,23848,11.5
2017-07-13,11.65,11.8,11.45,11.5,25232,11.5
2017-07-12,11.8,11.85,11.5,11.7,40919,11.7
2017-07-11,11.8,11.9,11.45,11.75,67633,11.75
2017-07-10,11.7,12,11.65,11.85,45169,11.85
2017-07-07,11.65,11.925,11.65,11.75,35024,11.75
2017-07-06,11.85,11.95,11.6,11.65,61604,11.65
2017-07-05,11.75,11.9,11.6,11.9,47633,11.9
2017-07-03,11.4,12.1,11.4,11.9,73153,11.9
2017-06-30,11.278,11.55,11.2,11.45,63971,11.45
2017-06-29,11.35,11.35,11,11.2,28100,11.2
2017-06-28,10.8,11.4,10.8,11.35,59258,11.35
2017-06-27,10.7,10.95,10.65,10.8,40296,10.8
2017-06-26,10.5,10.8499,10,10.75,84089,10.75
2017-06-23,10.7,10.825,10.4,10.5,145036,10.5
2017-06-22,10.95,11,10.7,10.75,39019,10.75
2017-06-21,11,11.15,10.85,10.85,55790,10.85
2017-06-20,11,11.15,10.85,11.1,45696,11.1
2017-06-19,10.9,11.2375,10.9,11.1,56574,11.1
2017-06-16,10.9,11,10.825,10.9,137010,10.9
2017-06-15,11.05,11.25,11,11.1,40025,11.1
2017-06-14,11.3,11.3,11,11.15,61057,11.15
2017-06-13,11.05,11.4,10.95,11.25,139684,11.25
2017-06-12,11.2,11.3,10.8,11,53673,11
2017-06-09,11.25,11.3,11.05,11.2,60941,11.2
2017-06-08,10.7,11.3,10.65,11.1,124678,11.1
2017-06-07,10.55,10.75,10.4,10.65,64567,10.65
2017-06-06,10.35,10.55,10.35,10.45,65280,10.45
2017-06-05,10.25,10.5,10,10.5,86601,10.5
2017-06-02,9.95,10.4,9.95,10.3,90671,10.3
2017-06-01,9.9,10,9.75,9.9,24694,9.9
2017-05-31,9.9,10,9.55,9.9,92909,9.9
2017-05-30,9.95,10.1,9.9,9.9,26461,9.9
2017-05-26,9.9,10,9.7,9.9,31006,9.9
2017-05-25,10.182,10.2,9.8,9.95,28730,9.95
2017-05-24,10.4,10.45,10.2,10.25,16261,10.25
2017-05-23,10.45,10.5,10.3,10.4,46195,10.4
2017-05-22,10.55,10.65,10.35,10.45,41643,10.45
2017-05-19,10.5,10.7,10.45,10.5,46231,10.5
2017-05-18,10.45,10.7018,10.45,10.55,42018,10.55
2017-05-17,10.8,10.95,10.425,10.45,67755,10.45
2017-05-16,10.95,11,10.875,10.9,41058,10.9
2017-05-15,10.85,11.05,10.8,10.95,51703,10.95
2017-05-12,10.40,11.00,10.40,10.85,46300,10.85
2017-05-11,10.20,10.60,10.15,10.45,27100,10.45
2017-05-10,10.20,10.30,10.15,10.25,24800,10.25
2017-05-09,10.20,10.40,9.95,10.25,83500,10.25
2017-05-08,10.15,10.55,10.05,10.20,40600,10.20
2017-05-05,10.20,10.55,10.10,10.20,52800,10.20
2017-05-04,10.70,10.70,10.10,10.20,40600,10.20
2017-05-03,10.65,10.80,10.45,10.65,33000,10.65
2017-05-02,10.50,10.85,10.43,10.75,66600,10.75
2017-05-01,10.35,10.50,10.30,10.50,26100,10.50
2017-04-28,10.45,10.45,10.10,10.30,30500,10.30
2017-04-27,10.55,10.60,10.40,10.50,47100,10.50
2017-04-26,10.25,10.60,10.25,10.55,80800,10.55
2017-04-25,10.25,10.55,10.06,10.30,58500,10.30
2017-04-24,10.20,10.25,9.90,10.20,24600,10.20
2017-04-21,9.70,10.05,8.20,9.95,44500,9.95
2017-04-20,9.85,10.00,9.35,9.70,55900,9.70
2017-04-19,10.18,10.18,9.70,9.85,36700,9.85
2017-04-18,10.15,10.25,9.90,10.10,91000,10.10
2017-04-17,10.25,10.40,9.90,10.20,44200,10.20
2017-04-13,9.95,10.54,9.95,10.20,108900,10.20
2017-04-12,9.95,10.05,9.90,10.00,51900,10.00
2017-04-11,9.85,10.00,9.77,10.00,26300,10.00
2017-04-10,10.00,10.06,9.60,9.85,48100,9.85
2017-04-07,9.90,10.05,9.90,10.00,37800,10.00
2017-04-06,9.80,10.00,9.73,9.95,25200,9.95
2017-04-05,9.94,10.00,9.80,9.80,45800,9.80
2017-04-04,9.75,10.00,9.65,9.85,27200,9.85
2017-04-03,10.00,10.00,9.65,9.80,46700,9.80
2017-03-31,9.95,10.15,9.85,9.95,44200,9.95
2017-03-30,10.05,10.05,9.90,10.00,29100,10.00
2017-03-29,10.00,10.10,9.90,10.05,51100,10.05
2017-03-28,9.90,10.00,9.85,10.00,28100,10.00
2017-03-27,9.80,10.00,9.60,9.95,37900,9.95
2017-03-24,9.85,10.00,9.80,9.80,50000,9.80
2017-03-23,9.50,9.85,9.50,9.80,44100,9.80
2017-03-22,9.45,9.50,9.25,9.45,37800,9.45
2017-03-21,9.75,9.75,9.40,9.45,61400,9.45
2017-03-20,9.55,9.80,9.45,9.65,31200,9.65
2017-03-17,9.60,9.80,9.50,9.55,150600,9.55
2017-03-16,9.35,9.70,9.35,9.70,60400,9.70
2017-03-15,9.35,9.42,9.10,9.35,50900,9.35
2017-03-14,9.30,9.55,9.00,9.25,49000,9.25
2017-03-13,9.00,9.15,8.00,9.10,31800,9.10
2017-03-10,8.95,9.25,8.65,9.10,53500,9.10
2017-03-09,9.00,9.20,8.80,8.90,44100,8.90
2017-03-08,9.40,9.45,9.00,9.05,49500,9.05
2017-03-07,9.35,9.50,9.20,9.30,28800,9.30
2017-03-06,9.10,9.45,9.05,9.35,32500,9.35
2017-03-03,9.45,9.50,9.00,9.25,119700,9.25
2017-03-02,9.65,9.80,9.30,9.50,61900,9.50
2017-03-01,9.60,9.90,9.45,9.75,44100,9.75
2017-02-28,9.70,9.75,9.45,9.45,28100,9.45
2017-02-27,9.70,9.80,9.60,9.75,20700,9.75
2017-02-24,9.45,9.70,9.23,9.70,47100,9.70
2017-02-23,9.70,9.80,9.45,9.45,29000,9.45
2017-02-22,9.45,9.75,9.45,9.70,37900,9.70
2017-02-21,9.65,9.65,9.45,9.55,25500,9.55
2017-02-17,9.80,9.80,9.60,9.70,31500,9.70
2017-02-16,9.65,9.88,9.50,9.80,39400,9.80
2017-02-15,9.45,9.75,9.45,9.60,35800,9.60
2017-02-14,9.55,9.55,9.43,9.45,31800,9.45
2017-02-13,9.95,9.98,9.50,9.60,64200,9.60
2017-02-10,9.70,9.90,9.55,9.85,28200,9.85
2017-02-09,9.50,9.65,9.26,9.60,36400,9.60
2017-02-08,9.45,9.65,9.25,9.40,26500,9.40
2017-02-07,9.55,9.71,9.45,9.45,51700,9.45
2017-02-06,9.45,9.57,9.45,9.50,26600,9.50
2017-02-03,9.55,9.65,9.40,9.55,52600,9.55
2017-02-02,9.65,9.65,9.45,9.45,48200,9.45
2017-02-01,9.70,9.98,9.65,9.65,29600,9.65
2017-01-31,9.50,9.60,9.40,9.60,38100,9.60
2017-01-30,9.85,9.85,9.45,9.45,33000,9.45
2017-01-27,9.75,9.95,9.50,9.90,27900,9.90
2017-01-26,9.80,9.90,9.65,9.80,24400,9.80
2017-01-25,9.70,10.05,9.70,9.85,75800,9.85
2017-01-24,9.35,10.00,9.25,9.60,58100,9.60
2017-01-23,9.35,9.50,9.25,9.30,42900,9.30
2017-01-20,9.35,9.60,9.25,9.40,69400,9.40
2017-01-19,9.50,9.53,9.30,9.35,54000,9.35
2017-01-18,9.70,9.80,9.40,9.55,93800,9.55
2017-01-17,9.85,9.85,9.62,9.65,38100,9.65
2017-01-13,9.80,10.00,9.75,9.95,33600,9.95
2017-01-12,9.80,9.85,9.55,9.70,31200,9.70
2017-01-11,10.05,10.05,9.75,9.95,29000,9.95
2017-01-10,9.55,10.00,9.55,10.00,26800,10.00
2017-01-09,9.80,9.80,9.45,9.55,46900,9.55
2017-01-06,10.20,10.85,9.80,9.90,53900,9.90
2017-01-05,10.20,10.30,9.85,10.05,43300,10.05
2017-01-04,10.05,10.35,9.75,10.30,28400,10.30
2017-01-03,10.25,10.25,9.85,9.95,59600,9.95
2016-12-30,9.90,10.25,9.90,10.05,28200,10.05
2016-12-29,10.05,10.20,10.03,10.10,28300,10.10
2016-12-28,10.40,10.45,9.90,10.00,58600,10.00
2016-12-27,10.35,10.55,10.10,10.35,36000,10.35
2016-12-23,10.15,10.55,10.05,10.40,48900,10.40
2016-12-22,10.00,10.20,9.70,10.15,49900,10.15
2016-12-21,10.05,10.10,9.65,10.00,26700,10.00
2016-12-20,10.00,10.20,9.95,10.10,26400,10.10
2016-12-19,10.00,10.20,9.80,9.90,40800,9.90
2016-12-16,10.00,10.20,9.55,9.95,171300,9.95
2016-12-15,10.00,10.30,9.90,9.95,65400,9.95
2016-12-14,10.00,10.00,9.90,9.95,30800,9.95
2016-12-13,10.10,10.20,9.80,9.95,39700,9.95
2016-12-12,10.25,10.35,9.90,10.00,16100,10.00
2016-12-09,10.25,10.75,9.95,10.30,80400,10.30
2016-12-08,9.75,10.25,9.65,10.20,61400,10.20
2016-12-07,9.60,10.00,9.50,9.70,69200,9.70
2016-12-06,9.40,9.60,9.20,9.55,77700,9.55
2016-12-05,9.10,9.40,9.10,9.35,42800,9.35
2016-12-02,9.20,9.40,8.85,9.00,78500,9.00
2016-12-01,9.10,9.30,9.05,9.20,67300,9.20
2016-11-30,9.35,9.40,9.15,9.15,25300,9.15
2016-11-29,9.30,9.45,9.15,9.25,41100,9.25
2016-11-28,9.40,9.45,9.15,9.30,34200,9.30
2016-11-25,9.50,9.55,9.40,9.50,13500,9.50
2016-11-23,9.45,9.55,9.30,9.50,55500,9.50
2016-11-22,9.45,9.50,9.30,9.50,60400,9.50
2016-11-21,9.25,9.50,9.15,9.40,117400,9.40
2016-11-18,8.80,9.30,8.75,9.25,125800,9.25
2016-11-17,8.55,8.85,8.36,8.80,85400,8.80
2016-11-16,8.30,8.50,7.85,8.50,56100,8.50
2016-11-15,8.25,8.45,8.20,8.30,58100,8.30
2016-11-14,8.65,8.75,8.15,8.20,122400,8.20
2016-11-11,8.35,8.55,8.30,8.55,213400,8.55
2016-11-10,8.35,8.45,8.20,8.30,135100,8.30
2016-11-09,8.10,8.35,7.50,8.30,90100,8.30
2016-11-08,8.15,8.15,8.05,8.10,53400,8.10
2016-11-07,7.85,8.05,7.80,8.00,39200,8.00
2016-11-04,7.75,7.85,7.70,7.75,28100,7.75
2016-11-03,7.75,7.75,7.60,7.70,42300,7.70
2016-11-02,7.65,7.85,7.65,7.70,42700,7.70
2016-11-01,7.70,7.80,7.65,7.75,58700,7.75
2016-10-31,7.65,7.70,7.55,7.65,70500,7.65
2016-10-28,7.75,7.84,7.65,7.70,33900,7.70
2016-10-27,7.95,7.95,7.70,7.75,43800,7.75
2016-10-26,7.90,8.20,7.85,7.85,49900,7.85
2016-10-25,8.35,8.40,7.98,8.00,51400,8.00
2016-10-24,8.35,8.40,8.20,8.30,24700,8.30
2016-10-21,8.15,8.40,8.15,8.25,45000,8.25
2016-10-20,8.35,8.35,8.15,8.25,44000,8.25
2016-10-19,8.10,8.40,8.00,8.35,105800,8.35
2016-10-18,8.10,8.20,8.00,8.15,20600,8.15
2016-10-17,8.05,8.15,8.05,8.10,17600,8.10
2016-10-14,8.14,8.14,8.01,8.10,38400,8.10
2016-10-13,8.10,8.19,8.04,8.08,68300,8.08
2016-10-12,8.13,8.21,8.07,8.16,19800,8.16
2016-10-11,8.22,8.23,8.07,8.12,35000,8.12
2016-10-10,8.19,8.30,8.13,8.18,24100,8.18
2016-10-07,8.33,8.33,8.13,8.13,44800,8.13
2016-10-06,8.13,8.28,7.98,8.27,52500,8.27
2016-10-05,8.08,8.23,8.04,8.09,64100,8.09
2016-10-04,8.11,8.38,8.07,8.08,49900,8.08
2016-10-03,8.30,8.30,7.95,8.12,70000,8.12
2016-09-30,8.00,8.36,7.93,8.26,242900,8.26
2016-09-29,8.15,8.18,7.92,7.94,46500,7.94
2016-09-28,7.96,8.17,7.96,8.14,36900,8.14
2016-09-27,7.91,7.98,7.80,7.96,53100,7.96
2016-09-26,8.05,8.09,7.85,7.86,73400,7.86
2016-09-23,8.06,8.27,7.98,8.06,108100,8.06
2016-09-22,7.95,8.06,7.88,8.00,63600,8.00
2016-09-21,7.88,7.99,7.76,7.89,37800,7.89
2016-09-20,8.44,8.44,7.87,7.88,99500,7.88
2016-09-19,8.23,8.68,8.22,8.39,216200,8.39
2016-09-16,7.79,8.18,7.67,8.13,961500,8.13
2016-09-15,7.73,7.80,7.70,7.79,97400,7.79
2016-09-14,7.79,7.88,7.68,7.70,71800,7.70
2016-09-13,7.75,7.81,7.68,7.75,111600,7.75
2016-09-12,7.65,7.85,7.65,7.79,61500,7.79
2016-09-09,7.72,7.76,7.64,7.68,137300,7.68
2016-09-08,7.93,7.96,7.71,7.76,117400,7.76
2016-09-07,7.76,8.01,7.76,7.90,80600,7.90
2016-09-06,7.96,7.96,7.67,7.76,109300,7.76
2016-09-02,7.95,8.10,7.91,7.97,40300,7.97
2016-09-01,7.97,7.97,7.73,7.90,62000,7.90
2016-08-31,7.95,8.06,7.85,7.94,57600,7.94
2016-08-30,7.99,8.05,7.99,8.03,37200,8.03
2016-08-29,7.90,8.05,7.90,7.96,31000,7.96
2016-08-26,7.87,8.11,7.86,7.91,28300,7.91
2016-08-25,7.79,7.91,7.78,7.90,21200,7.90
2016-08-24,7.75,7.85,7.73,7.84,29200,7.84
2016-08-23,7.80,7.97,7.71,7.74,106700,7.74
2016-08-22,7.74,7.79,7.67,7.76,43200,7.76
2016-08-19,7.78,7.85,7.69,7.80,71300,7.80
2016-08-18,7.81,7.85,7.65,7.79,55600,7.79
2016-08-17,8.01,8.07,7.77,7.88,44200,7.88
2016-08-16,7.89,8.14,7.86,8.02,143000,8.02
2016-08-15,7.56,8.00,7.56,7.90,145200,7.90
2016-08-12,7.46,7.56,7.37,7.50,114800,7.50
2016-08-11,7.50,7.64,7.46,7.57,60700,7.57
2016-08-10,7.61,7.68,7.40,7.49,52100,7.49
2016-08-09,7.69,7.75,7.36,7.54,143300,7.54
2016-08-08,7.22,7.29,7.18,7.24,53400,7.24
2016-08-05,7.27,7.38,7.20,7.26,89700,7.26
2016-08-04,7.28,7.36,7.06,7.24,56000,7.24
2016-08-03,6.94,7.26,6.84,7.22,49100,7.22
2016-08-02,6.99,7.20,6.90,6.97,34900,6.97
2016-08-01,7.07,7.07,6.94,6.99,45300,6.99
2016-07-29,7.16,7.16,6.97,7.06,123900,7.06
2016-07-28,7.20,7.26,7.10,7.15,49400,7.15
2016-07-27,7.19,7.27,7.12,7.19,35600,7.19
2016-07-26,7.04,7.33,7.02,7.15,64600,7.15
2016-07-25,7.20,7.32,7.15,7.26,31900,7.26
2016-07-22,7.29,7.37,7.12,7.24,48200,7.24
2016-07-21,7.34,7.39,7.21,7.29,44000,7.29
2016-07-20,7.40,7.41,7.30,7.37,19800,7.37
2016-07-19,7.46,7.46,7.34,7.39,46000,7.39
2016-07-18,7.42,7.61,7.38,7.50,58400,7.50
2016-07-15,7.43,7.49,7.16,7.40,61600,7.40
2016-07-14,7.39,7.44,7.29,7.37,67500,7.37
2016-07-13,7.38,7.43,7.29,7.34,61200,7.34
2016-07-12,7.46,7.51,7.34,7.35,92400,7.35
2016-07-11,7.41,7.46,7.32,7.37,160400,7.37
2016-07-08,7.32,7.39,7.24,7.36,130100,7.36
2016-07-07,7.14,7.42,7.09,7.25,103700,7.25
2016-07-06,6.75,7.31,6.61,7.14,64900,7.14
2016-07-05,7.02,7.10,6.77,6.79,56300,6.79
2016-07-01,7.28,7.33,7.02,7.10,84700,7.10
2016-06-30,6.99,7.30,6.57,7.27,161600,7.27
2016-06-29,6.74,6.98,6.68,6.95,86900,6.95
2016-06-28,6.83,6.91,6.64,6.67,99400,6.67
2016-06-27,7.05,7.05,6.65,6.74,156700,6.74
2016-06-24,7.10,7.28,7.05,7.17,297700,7.17
2016-06-23,7.42,7.55,7.39,7.45,66800,7.45
2016-06-22,7.37,7.50,7.26,7.38,85900,7.38
2016-06-21,7.29,7.36,7.20,7.33,110700,7.33
2016-06-20,7.07,7.37,6.82,7.25,125200,7.25
2016-06-17,7.00,7.04,6.88,6.97,143800,6.97
2016-06-16,7.03,7.23,6.80,7.01,124700,7.01
2016-06-15,7.05,7.28,6.94,7.09,50300,7.09
2016-06-14,7.13,7.23,6.95,7.05,79900,7.05
2016-06-13,7.29,7.33,7.12,7.15,51200,7.15
2016-06-10,7.38,7.38,7.24,7.29,58000,7.29
2016-06-09,7.48,7.49,7.31,7.44,48600,7.44
2016-06-08,7.57,7.63,7.49,7.51,55900,7.51
2016-06-07,7.53,7.68,7.46,7.59,113900,7.59
2016-06-06,7.34,7.60,7.31,7.52,116500,7.52
2016-06-03,7.37,7.41,7.20,7.33,62600,7.33
2016-06-02,7.45,7.45,7.14,7.40,86900,7.40
2016-06-01,7.14,7.53,7.05,7.51,118600,7.51
2016-05-31,7.30,7.33,6.98,7.14,120600,7.14
2016-05-27,7.35,7.53,7.19,7.29,88800,7.29
2016-05-26,7.39,7.42,7.28,7.33,107700,7.33
2016-05-25,7.50,7.54,7.26,7.39,87900,7.39
2016-05-24,7.14,7.65,7.11,7.44,205800,7.44
2016-05-23,7.14,7.18,6.96,7.04,95800,7.04
2016-05-20,7.05,7.30,6.99,7.18,139900,7.18
2016-05-19,7.07,7.10,6.93,6.99,85400,6.99
2016-05-18,6.90,7.17,6.86,7.13,98600,7.13
2016-05-17,6.96,7.12,6.77,6.90,100300,6.90
2016-05-16,7.03,7.23,6.90,6.95,102700,6.95
2016-05-13,6.98,7.12,6.83,7.01,129000,7.01
2016-05-12,7.07,7.14,6.82,7.02,160700,7.02
2016-05-11,7.34,7.34,6.91,7.04,119400,7.04
2016-05-10,7.34,7.79,7.26,7.34,162500,7.34
2016-05-09,7.39,7.89,7.34,7.80,117700,7.80
2016-05-06,7.10,7.45,7.03,7.42,123800,7.42
2016-05-05,7.25,7.33,7.07,7.13,107500,7.13
2016-05-04,7.17,7.27,7.12,7.24,133000,7.24
2016-05-03,7.25,7.28,7.13,7.20,96900,7.20
2016-05-02,7.37,7.44,7.25,7.30,54000,7.30
2016-04-29,7.34,7.39,7.11,7.37,77100,7.37
2016-04-28,7.38,7.39,7.24,7.33,69800,7.33
2016-04-27,7.41,7.44,7.30,7.40,40100,7.40
2016-04-26,7.27,7.39,7.10,7.37,59800,7.37
2016-04-25,7.35,7.42,7.02,7.21,153100,7.21
2016-04-22,7.53,7.59,7.27,7.37,90000,7.37
2016-04-21,7.58,7.71,7.43,7.50,95000,7.50
2016-04-20,7.70,7.75,7.51,7.56,103100,7.56
2016-04-19,7.74,7.91,7.56,7.70,75900,7.70
2016-04-18,7.79,7.85,7.44,7.73,79700,7.73
2016-04-15,7.57,7.73,7.57,7.69,69100,7.69
2016-04-14,7.75,7.85,7.57,7.59,56500,7.59
2016-04-13,7.42,7.78,7.36,7.75,139200,7.75
2016-04-12,7.56,7.56,7.23,7.39,84200,7.39
2016-04-11,7.27,7.64,7.13,7.57,139800,7.57
2016-04-08,7.23,7.28,7.09,7.20,836300,7.20
2016-04-07,7.29,7.34,7.12,7.14,99800,7.14
2016-04-06,7.15,7.54,7.15,7.39,109500,7.39
2016-04-05,7.20,7.49,7.17,7.17,124900,7.17
2016-04-04,7.40,7.49,7.31,7.33,78200,7.33
2016-04-01,7.55,7.65,7.35,7.45,122800,7.45
2016-03-31,7.66,7.72,7.49,7.59,100200,7.59
2016-03-30,7.66,7.80,7.55,7.67,99700,7.67
2016-03-29,7.41,7.62,7.33,7.58,186400,7.58
2016-03-28,7.37,7.60,7.29,7.46,59400,7.46
2016-03-24,7.31,7.42,7.15,7.37,122900,7.37
2016-03-23,7.58,7.69,7.42,7.43,161200,7.43
2016-03-22,7.69,7.84,7.59,7.66,107500,7.66
2016-03-21,7.67,7.79,7.54,7.77,99500,7.77
2016-03-18,7.61,7.86,7.51,7.66,227800,7.66
2016-03-17,7.11,7.60,7.04,7.51,260600,7.51
2016-03-16,7.07,7.40,7.02,7.31,146900,7.31
2016-03-15,7.23,7.34,7.11,7.14,186600,7.14
2016-03-14,7.32,7.35,6.92,7.27,266600,7.27
2016-03-11,7.00,7.43,6.50,7.39,436400,7.39
2016-03-10,6.41,6.53,6.26,6.32,150600,6.32
2016-03-09,6.32,6.45,6.16,6.36,101800,6.36
2016-03-08,6.53,6.54,6.22,6.29,155800,6.29
2016-03-07,6.54,6.82,6.45,6.55,160700,6.55
2016-03-04,6.70,6.78,6.24,6.55,294000,6.55
2016-03-03,6.24,6.71,6.01,6.71,290800,6.71
2016-03-02,6.20,6.44,6.00,6.24,186000,6.24
2016-03-01,6.15,6.23,5.99,6.21,115800,6.21
2016-02-29,6.04,6.28,6.01,6.11,182500,6.11
2016-02-26,6.16,6.24,5.94,6.01,205200,6.01
2016-02-25,5.70,6.20,5.66,6.14,213900,6.14
2016-02-24,5.47,5.81,5.34,5.66,202500,5.66
2016-02-23,5.55,5.67,5.42,5.56,121300,5.56
2016-02-22,5.59,5.80,5.48,5.58,103700,5.58
2016-02-19,5.56,5.61,5.43,5.55,112200,5.55
2016-02-18,5.74,5.74,5.43,5.58,241700,5.58
2016-02-17,5.22,5.75,5.10,5.73,332300,5.73
2016-02-16,5.06,5.40,4.84,5.15,390800,5.15
2016-02-12,5.03,5.36,4.83,5.01,237800,5.01
2016-02-11,4.89,5.06,4.75,4.99,263800,4.99
2016-02-10,5.09,5.20,4.92,5.00,376800,5.00
2016-02-09,5.10,5.18,4.98,5.08,228200,5.08
2016-02-08,5.25,5.49,5.09,5.17,259700,5.17
2016-02-05,5.47,5.70,5.26,5.33,180800,5.33
2016-02-04,5.34,5.71,5.34,5.52,181200,5.52
2016-02-03,5.52,5.52,5.22,5.38,188600,5.38
2016-02-02,5.65,5.69,5.38,5.45,219100,5.45
2016-02-01,5.81,5.85,5.61,5.73,172800,5.73
2016-01-29,5.70,5.93,5.37,5.88,267100,5.88
2016-01-28,5.60,5.74,5.48,5.70,211000,5.70
2016-01-27,5.58,5.68,5.41,5.56,203100,5.56
2016-01-26,5.41,5.59,5.27,5.51,196600,5.51
2016-01-25,5.53,5.65,5.24,5.40,121900,5.40
2016-01-22,5.68,5.76,5.29,5.53,440600,5.53
2016-01-21,5.22,5.67,5.16,5.53,317600,5.53
2016-01-20,5.34,5.34,5.12,5.20,397800,5.20
2016-01-19,5.56,5.70,5.31,5.41,272000,5.41
2016-01-15,5.40,5.60,5.29,5.46,908500,5.46
2016-01-14,5.77,5.91,5.40,5.58,423300,5.58
2016-01-13,5.71,6.08,5.29,5.75,215000,5.75
2016-01-12,5.92,6.04,5.65,5.72,190300,5.72
2016-01-11,6.02,6.07,5.79,5.86,170100,5.86
2016-01-08,6.32,6.34,5.97,5.99,220100,5.99
2016-01-07,6.54,6.57,6.24,6.26,168500,6.26
2016-01-06,6.84,6.93,6.68,6.68,210100,6.68
2016-01-05,7.00,7.09,6.81,6.99,123000,6.99
2016-01-04,7.01,7.13,6.88,7.00,367500,7.00
2015-12-31,7.22,7.33,7.08,7.20,157000,7.20
2015-12-30,7.27,7.29,7.12,7.22,114300,7.22
2015-12-29,7.33,7.37,7.20,7.31,117100,7.31
2015-12-28,7.67,7.67,7.29,7.31,113400,7.31
2015-12-24,7.54,7.74,7.47,7.69,30700,7.69
2015-12-23,7.47,7.68,7.47,7.51,99500,7.51
2015-12-22,7.31,7.54,7.21,7.42,77300,7.42
2015-12-21,7.47,7.47,7.16,7.32,159500,7.32
2015-12-18,7.43,7.50,7.29,7.44,247900,7.44
2015-12-17,7.69,7.69,7.26,7.49,180700,7.49
2015-12-16,7.19,7.65,7.18,7.61,209800,7.61
2015-12-15,7.15,7.30,7.06,7.18,171700,7.18
2015-12-14,7.23,7.49,7.04,7.08,305700,7.08
2015-12-11,7.18,7.37,7.13,7.25,225500,7.25
2015-12-10,7.32,7.45,7.22,7.29,175800,7.29
2015-12-09,7.44,7.56,7.17,7.36,215500,7.36
2015-12-08,7.43,7.54,7.20,7.46,250800,7.46
2015-12-07,7.64,7.64,7.22,7.52,368700,7.52
2015-12-04,7.72,7.77,7.58,7.72,337300,7.72
2015-12-03,7.52,7.73,7.43,7.72,341300,7.72
2015-12-02,7.61,7.63,7.42,7.51,186700,7.51
2015-12-01,7.57,7.67,7.39,7.62,191700,7.62
2015-11-30,7.63,7.64,7.38,7.55,448800,7.55
2015-11-27,7.56,7.67,7.47,7.64,59600,7.64
2015-11-25,7.50,7.74,7.36,7.63,143700,7.63
2015-11-24,7.34,7.42,7.11,7.36,133300,7.36
2015-11-23,7.42,7.61,7.39,7.41,178900,7.41
2015-11-20,7.14,7.49,7.00,7.46,292800,7.46
2015-11-19,7.19,7.30,6.97,6.99,267300,6.99
2015-11-18,6.67,7.14,6.58,7.08,441400,7.08
2015-11-17,7.41,7.57,6.59,6.64,749200,6.64
2015-11-16,7.79,7.81,7.45,7.48,334100,7.48
2015-11-13,7.95,8.33,7.77,7.81,398000,7.81
2015-11-12,8.07,8.24,7.75,7.94,304900,7.94
2015-11-11,8.32,8.36,8.02,8.15,185200,8.15
2015-11-10,7.96,8.46,7.88,8.32,290400,8.32
2015-11-09,8.01,8.17,7.66,8.02,326600,8.02
2015-11-06,8.17,8.19,7.83,8.04,313900,8.04
2015-11-05,8.42,8.42,8.02,8.15,270900,8.15
2015-11-04,8.52,8.58,8.28,8.41,206300,8.41
2015-11-03,8.23,8.69,7.91,8.50,721200,8.50
2015-11-02,9.72,9.72,7.68,8.31,1577800,8.31
2015-10-30,10.77,10.77,10.42,10.55,207300,10.55
2015-10-29,11.62,11.86,10.66,10.75,173300,10.75
2015-10-28,11.40,11.82,11.29,11.67,111400,11.67
2015-10-27,11.43,11.81,11.14,11.36,160300,11.36
2015-10-26,11.42,11.54,11.10,11.43,79300,11.43
2015-10-23,11.79,12.04,11.33,11.44,170200,11.44
2015-10-22,11.68,11.85,11.42,11.78,97400,11.78
2015-10-21,11.90,12.13,11.59,11.60,73600,11.60
2015-10-20,11.85,12.05,11.72,11.86,80300,11.86
2015-10-19,11.42,11.86,11.30,11.83,95700,11.83
2015-10-16,11.81,11.81,11.31,11.46,127500,11.46
2015-10-15,11.21,11.93,11.21,11.75,116700,11.75
2015-10-14,11.55,11.99,11.12,11.14,279100,11.14
2015-10-13,12.08,12.23,11.48,11.55,132300,11.55
2015-10-12,11.58,12.18,11.39,12.13,157400,12.13
2015-10-09,11.69,11.96,11.45,11.53,184700,11.53
2015-10-08,11.54,11.95,11.41,11.69,162900,11.69
2015-10-07,11.30,11.74,11.29,11.55,214900,11.55
2015-10-06,10.99,11.33,10.98,11.18,184200,11.18
2015-10-05,10.78,11.08,10.69,11.03,219900,11.03
2015-10-02,10.48,10.77,10.39,10.74,113000,10.74
2015-10-01,10.77,10.85,10.28,10.57,220200,10.57
2015-09-30,10.76,10.84,10.39,10.83,283600,10.83
2015-09-29,10.82,11.10,10.59,10.69,181400,10.69
2015-09-28,10.64,10.81,10.39,10.74,249400,10.74
2015-09-25,11.30,11.44,10.67,10.71,226900,10.71
2015-09-24,10.90,11.44,10.70,11.20,208700,11.20
2015-09-23,10.73,11.12,10.65,11.00,140900,11.00
2015-09-22,11.36,11.77,10.26,10.65,441000,10.65
2015-09-21,12.07,12.28,11.18,11.48,238200,11.48
2015-09-18,11.70,12.17,11.58,12.06,414300,12.06
2015-09-17,11.60,12.07,11.47,11.85,251000,11.85
2015-09-16,11.40,11.79,11.31,11.68,180900,11.68
2015-09-15,11.35,11.63,11.30,11.34,151900,11.34
2015-09-14,11.65,11.80,11.20,11.26,221900,11.26
2015-09-11,11.71,11.87,10.95,11.51,321900,11.51
2015-09-10,11.79,12.05,11.64,11.82,193700,11.82
2015-09-09,12.09,12.09,11.72,11.85,186200,11.85
2015-09-08,11.75,12.06,11.58,11.95,319300,11.95
2015-09-04,11.38,11.82,11.38,11.61,211600,11.61
2015-09-03,12.00,12.14,11.52,11.55,170300,11.55
2015-09-02,11.78,12.02,11.35,11.94,227700,11.94
2015-09-01,11.94,12.14,11.62,11.80,230300,11.80
2015-08-31,11.87,12.22,11.75,12.15,284100,12.15
2015-08-28,12.04,12.26,11.83,11.95,195400,11.95
2015-08-27,12.37,12.92,11.73,12.13,333800,12.13
2015-08-26,12.39,12.62,11.96,12.38,272500,12.38
2015-08-25,12.61,12.61,11.87,12.18,274600,12.18
2015-08-24,12.81,12.88,10.87,12.26,372000,12.26
2015-08-21,13.02,13.68,13.01,13.48,227700,13.48
2015-08-20,14.17,14.53,13.40,13.47,281300,13.47
2015-08-19,14.44,14.64,13.91,14.20,174500,14.20
2015-08-18,14.74,14.94,14.12,14.36,320900,14.36
2015-08-17,13.91,14.93,13.54,14.55,455300,14.55
2015-08-14,12.87,14.35,12.87,14.12,345000,14.12
2015-08-13,12.26,13.15,12.08,12.84,655500,12.84
2015-08-12,12.09,12.28,11.65,12.26,174700,12.26
2015-08-11,11.97,12.33,11.64,12.09,130300,12.09
2015-08-10,12.03,12.16,11.83,11.96,131900,11.96
2015-08-07,11.85,12.18,11.77,12.01,87400,12.01
2015-08-06,12.10,12.10,11.61,11.93,243500,11.93
2015-08-05,12.14,12.26,11.80,12.04,244400,12.04
2015-08-04,12.14,12.35,11.83,12.14,216800,12.14
2015-08-03,12.03,12.43,11.88,12.14,286100,12.14
2015-07-31,12.50,12.50,11.87,12.06,882100,12.06
2015-07-30,12.35,12.70,12.27,12.57,225700,12.57
2015-07-29,12.10,12.59,11.75,12.46,188400,12.46
2015-07-28,11.87,12.21,11.70,12.07,265400,12.07
2015-07-27,11.85,12.10,11.51,11.85,316800,11.85
2015-07-24,11.72,11.94,11.37,11.85,162600,11.85
2015-07-23,11.54,11.89,11.54,11.72,177400,11.72
2015-07-22,11.60,11.72,11.38,11.58,185800,11.58
2015-07-21,11.69,11.95,11.44,11.70,128900,11.70
2015-07-20,12.10,12.21,11.51,11.73,315600,11.73
2015-07-17,11.83,12.27,11.83,12.10,129500,12.10
2015-07-16,12.01,12.22,11.85,11.86,89600,11.86
2015-07-15,12.39,12.39,11.80,12.04,189800,12.04
2015-07-14,12.35,12.50,12.00,12.40,153500,12.40
2015-07-13,12.71,12.75,12.05,12.43,211400,12.43
2015-07-10,12.09,12.40,11.85,12.39,232400,12.39
2015-07-09,11.74,12.10,11.74,12.00,251300,12.00
2015-07-08,11.88,11.97,11.54,11.78,177500,11.78
2015-07-07,12.10,12.16,11.40,11.97,283100,11.97
2015-07-06,11.84,12.30,11.50,12.02,560900,12.02
2015-07-02,12.49,12.49,11.76,11.90,1023800,11.90
2015-07-01,11.24,12.11,11.14,11.54,762600,11.54
2015-06-30,10.31,11.09,10.30,10.95,1166000,10.95
2015-06-29,10.00,10.62,10.00,10.31,558700,10.31
2015-06-26,10.20,10.37,9.97,10.10,5575300,10.10
2015-06-25,10.80,10.96,10.20,10.27,239300,10.27
2015-06-24,10.75,11.10,10.51,10.71,354500,10.71
2015-06-23,9.50,10.87,9.18,10.65,565000,10.65
2015-06-22,10.25,10.27,9.60,9.72,294200,9.72
2015-06-19,10.27,10.32,10.11,10.15,36000,10.15
2015-06-18,10.47,10.47,10.19,10.22,46300,10.22
2015-06-17,10.57,10.57,10.21,10.25,56300,10.25
2015-06-16,10.52,10.63,10.25,10.50,36200,10.50
2015-06-15,10.33,10.62,10.23,10.48,91000,10.48
2015-06-12,10.41,10.41,10.30,10.40,43000,10.40
2015-06-11,10.54,10.55,10.16,10.39,52900,10.39
2015-06-10,10.40,10.62,10.32,10.48,79600,10.48
2015-06-09,10.40,10.52,10.15,10.49,80400,10.49
2015-06-08,10.50,10.58,10.30,10.37,123000,10.37
2015-06-05,9.96,10.63,9.90,10.50,103700,10.50
2015-06-04,10.25,10.25,9.75,10.00,49200,10.00
2015-06-03,10.38,10.40,10.19,10.22,48200,10.22
2015-06-02,9.69,10.46,9.55,10.38,255100,10.38
2015-06-01,9.72,9.75,9.58,9.72,48600,9.72
2015-05-29,9.75,9.75,9.60,9.73,66100,9.73
2015-05-28,9.73,9.75,9.53,9.72,28600,9.72
2015-05-27,9.80,9.80,9.58,9.69,74100,9.69
2015-05-26,9.39,9.95,9.20,9.80,68400,9.80
2015-05-22,9.59,9.68,9.06,9.39,50300,9.39
2015-05-21,9.30,9.68,9.06,9.55,75100,9.55
2015-05-20,8.80,9.48,8.59,9.23,57900,9.23
2015-05-19,8.73,8.75,8.59,8.72,30800,8.72
2015-05-18,8.81,8.87,8.54,8.73,43100,8.73
2015-05-15,8.39,8.87,8.30,8.81,39300,8.81
2015-05-14,8.48,8.67,8.23,8.39,63000,8.39
2015-05-13,8.42,8.42,8.35,8.39,18700,8.39
2015-05-12,8.42,8.54,8.25,8.35,148900,8.35
2015-05-11,8.53,8.53,8.38,8.44,99600,8.44
2015-05-08,8.47,8.51,8.31,8.40,45000,8.40
2015-05-07,8.38,8.59,8.37,8.40,92700,8.40
2015-05-06,8.31,8.40,8.24,8.33,25200,8.33
2015-05-05,8.35,8.39,8.25,8.27,36600,8.27
2015-05-04,8.35,8.48,8.19,8.25,38700,8.25
2015-05-01,8.22,8.34,8.22,8.32,18400,8.32
2015-04-30,8.26,8.39,8.19,8.20,71600,8.20
2015-04-29,8.45,8.54,8.40,8.40,51700,8.40
2015-04-28,8.44,8.50,8.27,8.49,49500,8.49
2015-04-27,8.55,8.56,8.31,8.43,111500,8.43
2015-04-24,8.59,8.64,8.56,8.58,52400,8.58
2015-04-23,8.60,8.78,8.57,8.60,79800,8.60
2015-04-22,8.68,8.69,8.57,8.63,51000,8.63
2015-04-21,8.70,8.71,8.60,8.64,43200,8.64
2015-04-20,8.84,8.84,8.56,8.65,59900,8.65
2015-04-17,8.64,8.80,8.52,8.73,51800,8.73
2015-04-16,8.68,8.80,8.46,8.80,51300,8.80
2015-04-15,8.69,8.79,8.60,8.74,103800,8.74
2015-04-14,8.58,8.80,8.54,8.66,56400,8.66
2015-04-13,8.60,8.66,8.46,8.59,87800,8.59
2015-04-10,8.41,8.63,8.39,8.60,49700,8.60
2015-04-09,8.36,8.44,8.26,8.39,75100,8.39
2015-04-08,8.45,8.47,8.29,8.40,32400,8.40
2015-04-07,8.27,8.55,8.26,8.40,47600,8.40
2015-04-06,8.49,8.69,8.28,8.32,61600,8.32
2015-04-02,8.57,8.63,8.24,8.43,85400,8.43
2015-04-01,8.28,8.47,8.05,8.38,26000,8.38
2015-03-31,7.99,8.75,7.98,8.28,126600,8.28
2015-03-30,7.78,8.00,7.77,7.98,41200,7.98
2015-03-27,7.86,8.00,7.75,7.89,15100,7.89
2015-03-26,8.09,8.09,7.78,7.92,47900,7.92
2015-03-25,8.24,8.25,8.01,8.19,28500,8.19
2015-03-24,8.24,8.24,8.03,8.23,21600,8.23
2015-03-23,8.11,8.24,8.11,8.18,8900,8.18
2015-03-20,8.13,8.25,8.00,8.17,76400,8.17
2015-03-19,7.94,8.14,7.88,8.07,29000,8.07
2015-03-18,7.78,8.00,7.73,8.00,28900,8.00
2015-03-17,7.68,7.93,7.52,7.86,55800,7.86
2015-03-16,7.69,7.78,7.57,7.65,43300,7.65
2015-03-13,7.74,7.74,7.47,7.62,45300,7.62
2015-03-12,7.58,7.70,7.54,7.54,71200,7.54
2015-03-11,7.45,7.90,7.44,7.62,78200,7.62
2015-03-10,7.64,7.71,7.19,7.45,58400,7.45
2015-03-09,7.85,7.85,7.58,7.75,40600,7.75
2015-03-06,7.89,7.99,7.79,7.84,33300,7.84
2015-03-05,8.05,8.05,7.85,7.95,23700,7.95
2015-03-04,8.08,8.08,7.90,7.99,54300,7.99
2015-03-03,8.31,8.34,8.09,8.15,41500,8.15
2015-03-02,8.25,8.47,8.23,8.34,87500,8.34
2015-02-27,8.09,8.20,8.06,8.15,29500,8.15
2015-02-26,8.05,8.22,8.00,8.15,34300,8.15
2015-02-25,8.10,8.10,7.60,8.07,19200,8.07
2015-02-24,8.00,8.17,8.00,8.12,21800,8.12
2015-02-23,8.14,8.26,8.00,8.08,25800,8.08
2015-02-20,8.00,8.32,8.00,8.20,27800,8.20
2015-02-19,8.25,8.38,7.90,8.19,78300,8.19
2015-02-18,7.61,8.14,7.55,8.13,68000,8.13
2015-02-17,7.35,7.75,7.25,7.69,58300,7.69
2015-02-13,7.29,7.50,7.15,7.45,49200,7.45
2015-02-12,7.10,7.36,7.10,7.29,49200,7.29
2015-02-11,7.00,7.19,7.00,7.15,18300,7.15
2015-02-10,7.20,7.20,7.03,7.10,19600,7.10
2015-02-09,7.22,7.22,7.03,7.21,26400,7.21
2015-02-06,7.35,7.35,6.83,7.19,93000,7.19
2015-02-05,7.05,7.38,7.01,7.37,30600,7.37
2015-02-04,6.98,7.36,6.82,7.20,52500,7.20
2015-02-03,7.26,7.58,6.78,7.05,117200,7.05
2015-02-02,7.32,7.50,7.20,7.28,25600,7.28
2015-01-30,7.51,7.62,7.27,7.33,23700,7.33
2015-01-29,7.66,7.66,7.36,7.49,27900,7.49
2015-01-28,7.60,7.78,7.44,7.63,41000,7.63
2015-01-27,7.60,7.79,7.41,7.68,31400,7.68
2015-01-26,7.67,7.90,7.63,7.68,34000,7.68
2015-01-23,7.60,7.72,7.36,7.62,33800,7.62
2015-01-22,7.54,7.65,7.30,7.53,36800,7.53
2015-01-21,7.77,7.79,7.49,7.63,24600,7.63
2015-01-20,7.61,7.80,7.61,7.76,28500,7.76
2015-01-16,7.45,7.80,7.41,7.79,28600,7.79
2015-01-15,7.70,7.70,7.36,7.48,54800,7.48
2015-01-14,7.63,7.79,7.44,7.73,46700,7.73
2015-01-13,7.60,7.89,7.38,7.81,71100,7.81
2015-01-12,7.41,7.69,7.26,7.58,36900,7.58
2015-01-09,7.54,7.71,7.38,7.48,33200,7.48
2015-01-08,7.70,7.93,7.50,7.50,63400,7.50
2015-01-07,7.60,7.73,7.35,7.64,47200,7.64
2015-01-06,7.82,7.88,7.23,7.54,162600,7.54
2015-01-05,8.16,8.21,7.62,7.68,106200,7.68
2015-01-02,8.08,8.38,8.00,8.21,72800,8.21
2014-12-31,8.32,8.39,8.15,8.20,55200,8.20
2014-12-30,8.36,8.43,8.10,8.31,35900,8.31
2014-12-29,8.48,8.50,8.30,8.45,54300,8.45
2014-12-26,8.44,8.80,8.37,8.48,119200,8.48
2014-12-24,8.21,8.43,8.15,8.32,36700,8.32
2014-12-23,8.37,8.40,8.00,8.12,69900,8.12
2014-12-22,8.55,8.60,8.21,8.43,64000,8.43
2014-12-19,8.85,8.85,8.40,8.60,75200,8.60
2014-12-18,8.29,8.94,8.26,8.52,157600,8.52
2014-12-17,7.78,8.58,7.78,8.28,125500,8.28
2014-12-16,7.82,8.20,7.63,7.82,70700,7.82
2014-12-15,8.35,8.37,7.82,8.00,76700,8.00
2014-12-12,8.19,8.48,7.15,8.13,239100,8.13
2014-12-11,8.39,8.61,8.19,8.25,211500,8.25
2014-12-10,8.50,8.70,8.23,8.36,169800,8.36
2014-12-09,8.57,8.99,8.30,8.77,282900,8.77
2014-12-08,8.59,8.69,8.27,8.52,165300,8.52
2014-12-05,8.10,8.70,8.10,8.60,234600,8.60
2014-12-04,8.09,8.25,7.89,8.13,137500,8.13
2014-12-03,8.14,8.40,7.86,8.11,90700,8.11
2014-12-02,7.93,8.49,7.60,8.13,158500,8.13
2014-12-01,8.50,8.50,7.54,8.06,217000,8.06
2014-11-28,8.50,8.79,8.31,8.50,123300,8.50
2014-11-26,8.05,9.04,7.85,8.66,474900,8.66
2014-11-25,8.29,8.50,7.84,8.18,238700,8.18
2014-11-24,8.26,8.47,8.00,8.31,229900,8.31
2014-11-21,7.76,8.38,7.71,8.14,461300,8.14
2014-11-20,7.11,7.94,7.07,7.88,493800,7.88
2014-11-19,6.61,7.60,6.61,7.33,671100,7.33
2014-11-18,6.40,6.69,6.37,6.61,95400,6.61
2014-11-17,6.40,6.54,6.14,6.42,282200,6.42
2014-11-14,6.38,6.49,6.13,6.37,139000,6.37
2014-11-13,6.40,6.50,6.30,6.46,233900,6.46
2014-11-12,6.08,6.35,6.07,6.32,160400,6.32
2014-11-11,6.21,6.21,6.02,6.10,128500,6.10
2014-11-10,6.01,6.32,6.01,6.10,211400,6.10
2014-11-07,5.95,6.17,5.84,6.14,123500,6.14
2014-11-06,5.92,6.11,5.79,5.97,136300,5.97
2014-11-05,6.15,6.27,5.82,5.94,201200,5.94
2014-11-04,6.26,6.49,6.15,6.23,246100,6.23
2014-11-03,6.62,6.81,6.26,6.37,217200,6.37
2014-10-31,6.02,6.70,6.02,6.61,127600,6.61
2014-10-30,7.00,7.00,5.66,6.37,303100,6.37
2014-10-29,7.11,7.31,6.88,7.04,138900,7.04
2014-10-28,6.97,7.74,6.80,7.22,127700,7.22
2014-10-27,7.27,7.50,6.75,7.28,337300,7.28
2014-10-24,7.59,7.59,7.14,7.27,264900,7.27
2014-10-23,7.75,8.02,7.50,7.62,328300,7.62
2014-10-22,7.83,7.95,7.20,7.75,559000,7.75
2014-10-21,7.20,8.06,7.04,7.41,1056500,7.41
2014-10-20,6.80,7.49,6.40,7.29,809700,7.29
2014-10-17,5.61,7.15,5.60,6.88,1002000,6.88
2014-10-16,5.57,5.94,5.56,5.58,243200,5.58
2014-10-15,5.11,5.95,5.01,5.74,400400,5.74
2014-10-14,5.29,5.34,5.07,5.17,274900,5.17
2014-10-13,5.24,5.35,5.12,5.22,113300,5.22
2014-10-10,5.34,5.45,5.17,5.22,124800,5.22
2014-10-09,5.38,5.77,5.25,5.31,245600,5.31
2014-10-08,5.48,5.49,5.25,5.33,258600,5.33
2014-10-07,5.63,5.73,5.41,5.51,146000,5.51
2014-10-06,6.08,6.17,5.55,5.63,286200,5.63
2014-10-03,6.02,6.03,5.84,5.94,141800,5.94
2014-10-02,6.15,6.24,5.79,5.91,263500,5.91
2014-10-01,6.22,6.38,6.15,6.19,194800,6.19
2014-09-30,6.52,6.60,6.32,6.38,226900,6.38
2014-09-29,6.15,6.74,6.00,6.47,401800,6.47
2014-09-26,6.26,6.48,6.11,6.25,224700,6.25
2014-09-25,6.48,6.60,6.05,6.26,446600,6.26
2014-09-24,6.59,7.48,6.41,6.56,1555000,6.56
2014-09-23,7.160001,9.279997,6.550004,9.070007,1652100,5.92037
2014-09-22,9.520001,10.009995,8.849996,8.910004,628900,5.81593
2014-09-19,10.570003,10.570003,9.729992,9.910002,420200,6.46867
2014-09-18,10.91,10.91,10.509995,10.549995,143700,6.88642
2014-09-17,10.960004,11.260001,10.760002,10.770005,130100,7.03003
2014-09-16,10.690004,11.110002,10.619992,11.040006,125200,7.20627
2014-09-15,11.540004,11.730003,10.819995,10.840002,265200,7.07572
2014-09-12,11.279993,12.339999,11.199992,11.430007,563300,7.46084
2014-09-11,10.009995,11.80,9.859997,11.390006,698400,7.43473
2014-09-10,10.730005,11.000005,10.150005,10.319996,514000,6.73629
2014-09-09,11.599998,11.599998,10.659993,10.829999,402300,7.06919
2014-09-08,11.430007,11.779992,11.22,11.559997,154400,7.54569
2014-09-05,11.340002,11.599998,11.019998,11.479996,322300,7.49347
2014-09-04,12.310002,12.550005,11.49,11.53,381300,7.52611
2014-09-03,12.639996,12.829994,12.200005,12.310002,270400,8.035249
2014-09-02,12.609998,12.749992,12.15,12.609998,269900,8.231069
2014-08-29,12.449996,13.109997,12.399993,12.609998,785600,8.231069
2014-08-28,11.080006,12.399993,10.770005,12.310002,1328600,8.035249
2014-08-27,10.819995,11.599998,10.749998,11.22,423100,7.32376
2014-08-26,11.209996,11.319994,10.91,10.95,390800,7.14752
2014-08-25,11.160006,11.669994,11.040006,11.129995,494400,7.26501
2014-08-22,11.080006,11.279993,10.749998,11.009993,291800,7.18668
2014-08-21,10.690004,11.650002,10.690004,11.049994,563900,7.21279
2014-08-20,10.690004,11.099998,10.619992,10.720001,233900,6.99739
2014-08-19,11.080006,11.190004,10.540006,10.789998,311900,7.04308
2014-08-18,11.460003,12.000002,10.91,10.990001,620600,7.17363
2014-08-15,11.329997,11.920002,10.60,11.239993,915800,7.33681
2014-08-14,10.310008,11.599998,10.310008,11.369998,1140600,7.42167
2014-08-13,9.690007,10.880003,9.600002,10.540006,1299300,6.8799
2014-08-12,9.560001,9.75,9.389995,9.650007,258300,6.29896
2014-08-11,9.279997,9.600002,9.199997,9.44,426700,6.16188
2014-08-08,9.370003,9.370003,8.959993,9.129999,309600,5.95953
2014-08-07,9.070007,9.539993,9.060002,9.260005,463400,6.04439
2014-08-06,9.279997,10.000007,8.919993,8.999994,1399800,5.87467
2014-08-05,9.149992,9.769993,9.020002,9.380006,702400,6.12272
2014-08-04,8.900001,9.399999,8.609993,9.359999,812000,6.10966
2014-08-01,8.809995,9.159996,8.760006,8.910004,354200,5.81593
2014-07-31,9.399999,9.469996,8.729995,8.910004,967200,5.81593
2014-07-30,9.760004,10.140001,9.539993,9.600002,779200,6.26632
2014-07-29,9.199997,10.340004,9.049999,9.870002,2726200,6.44256
2014-07-28,9.030006,9.589998,8.699998,9.199997,1310200,6.00522
2014-07-25,8.790003,9.690007,8.509999,9.149992,2345000,5.97258
2014-07-24,8.699998,8.950005,8.229995,8.790003,918000,5.7376
2014-07-23,7.830006,9.239997,7.499997,8.699998,2552200,5.67885
2014-07-22,7.929999,8.24,7.700001,7.849999,724300,5.12402
2014-07-21,8.360001,8.779999,7.900003,7.989993,3017600,5.2154
2014-07-18,7.179993,9.880006,7.179993,8.779999,6538400,5.73107
2014-07-17,8.020005,8.020005,6.750007,7.050003,663000,4.60183
2014-07-16,6.679995,8.229995,6.510004,7.849999,3152100,5.12402
2014-07-15,6.829993,7.219994,6.46,6.609998,300600,4.31462
2014-07-14,6.289994,6.930002,6.240004,6.820004,516700,4.4517
2014-07-11,6.050006,6.299997,5.899992,6.23,75400,4.06658
2014-07-10,6.200004,6.209993,6.010005,6.080002,125000,3.96867
2014-07-09,6.350002,6.440007,6.200004,6.320005,56800,4.12533
2014-07-08,6.440007,6.510004,6.209993,6.249993,140300,4.07963
2014-07-07,6.609998,6.949994,6.430003,6.489996,139000,4.23629
2014-07-03,6.719995,7.12,6.599994,6.609998,120000,4.31462
2014-07-02,6.890001,7.099992,6.599994,6.620001,144900,4.32115
2014-07-01,6.909994,7.099992,6.869994,6.919998,128500,4.51697
2014-06-30,6.700003,7.12,6.649998,6.869994,277800,4.48433
2014-06-27,6.919998,6.980006,6.670006,6.729999,94100,4.39295
2014-06-26,6.710007,6.940005,6.559993,6.909994,94800,4.51044
2014-06-25,6.569997,6.750007,6.50,6.700003,122700,4.37337
2014-06-24,7.219994,7.219994,6.630006,6.649998,215200,4.34073
2014-06-23,7.269998,7.409993,6.909994,7.200001,108500,4.69974
2014-06-20,7.12,7.39,7.010003,7.200001,179600,4.69974
2014-06-19,7.320003,7.39,6.900005,7.020007,236800,4.58225
2014-06-18,7.409993,7.409993,7.010003,7.259995,357900,4.7389
2014-06-17,6.919998,7.419996,6.729999,7.309999,352400,4.77154
2014-06-16,6.740003,7.229998,6.740003,6.890001,336100,4.49739
2014-06-13,7.109996,7.130004,6.660002,6.77,363700,4.41906
2014-06-12,7.670003,7.860002,7.069996,7.210006,692000,4.70627
2014-06-11,7.980004,9.199997,7.339996,7.520005,7886600,4.90862
2014-06-10,5.580003,5.92,5.380001,5.780006,231000,3.77285
2014-06-09,5.380001,5.829995,5.310004,5.669993,241600,3.70104
2014-06-06,5.139998,5.500002,5.139998,5.430005,239100,3.54439
2014-06-05,5.219999,5.34,4.899995,5.190002,212500,3.38773
2014-06-04,5.390005,5.420001,5.099997,5.240007,124400,3.42037
2014-06-03,5.30,5.449998,5.249995,5.390005,83600,3.51828
2014-06-02,5.510006,5.730002,5.310004,5.409998,103100,3.53133
2014-05-30,5.620004,5.799999,5.420001,5.479994,236500,3.57702
2014-05-29,5.500002,5.679997,5.359993,5.57,284600,3.63577
2014-05-28,5.249995,5.740006,5.249995,5.629993,256200,3.67493
2014-05-27,5.430005,5.559996,5.249995,5.30,140500,3.45953
2014-05-23,5.240007,5.629993,5.240007,5.510006,119600,3.59661
2014-05-22,5.669993,5.810002,5.319992,5.369997,262400,3.50522
2014-05-21,5.500002,5.92,5.470006,5.660004,287400,3.69452
2014-05-20,5.65,5.749994,5.409998,5.500002,243600,3.59008
2014-05-19,5.799999,5.850003,5.620004,5.740006,118600,3.74674
2014-05-16,5.700005,6.029998,5.620004,5.749994,195200,3.75326
2014-05-15,6.179996,6.289994,5.629993,5.719998,459900,3.73368
2014-05-14,6.149999,6.789992,6.149999,6.329994,713500,4.13185
2014-05-13,5.799999,6.689998,5.799999,6.209993,1632300,4.05352
2014-05-12,6.350002,6.449995,6.120003,6.240004,492500,4.07311
2014-05-09,6.599994,6.700003,6.320005,6.350002,413300,4.14491
2014-05-08,7.309999,7.499997,6.369994,6.550004,807500,4.27546
2014-05-07,7.430001,7.539998,7.08,7.409993,406400,4.83681
2014-05-06,7.97,8.079997,7.349999,7.430001,514900,4.84987
2014-05-05,7.679992,8.180006,7.339996,7.700001,1009900,5.02611
2014-05-02,7.229998,8.389998,7.090004,7.879995,1298800,5.1436
2014-05-01,7.360004,7.499997,7.04,7.229998,535700,4.71932
2014-04-30,7.160001,7.740001,7.04,7.430001,1050500,4.84987
2014-04-29,8.769995,8.919993,7.259995,7.409993,1702500,4.83681
2014-04-28,8.940001,9.340006,8.520003,8.760006,1402400,5.71802
2014-04-25,8.670001,8.849996,8.250003,8.659997,737000,5.65274
2014-04-24,8.769995,9.44,8.299993,8.790003,2303200,5.7376
2014-04-23,7.670003,9.199997,7.499997,8.750003,5466200,5.71149
2014-04-22,7.149997,7.809998,6.930002,7.619999,1068600,4.97389
2014-04-21,7.700001,8.640005,6.930002,7.149997,3549600,4.6671
2014-04-17,6.149999,8.499995,6.139996,7.719993,10802400,5.03916
2014-04-16,5.709994,6.099995,5.460002,6.059994,988300,3.95561
2014-04-15,5.200006,5.740006,5.099997,5.679997,797600,3.70757
2014-04-14,5.510006,5.57,5.129994,5.169994,359100,3.37467
2014-04-11,5.310004,5.780006,5.129994,5.319992,829700,3.47258
2014-04-10,5.620004,5.749994,5.280007,5.369997,860500,3.50522
2014-04-09,5.230003,6.200004,5.230003,5.740006,2737500,3.74674
2014-04-08,5.350004,5.529999,5.089993,5.329996,561800,3.47911
2014-04-07,5.620004,5.65,5.209995,5.259999,575600,3.43342
2014-04-04,5.820006,6.329994,5.359993,5.61,1242900,3.66188
2014-04-03,6.109999,6.289994,5.799999,6.010005,977100,3.92298
2014-04-02,6.019994,6.679995,5.740006,6.310002,2541400,4.1188
2014-04-01,6.50,7.330007,5.740006,5.88,8918700,3.83812
2014-03-31,4.220001,7.799994,4.000006,7.299995,27712200,4.76501
2014-03-28,3.030005,3.230007,3.020001,3.140002,535700,2.04961
2014-03-27,3.049997,3.070005,2.929996,2.959992,384100,1.93211
2014-03-26,3.230007,3.359997,3.049997,3.049997,581100,1.99086
2014-03-25,3.509996,3.709998,3.25,3.319997,710800,2.1671
2014-03-24,3.939997,4.049995,3.169999,3.479999,1195300,2.27154
2014-03-21,3.950001,4.650003,3.589997,3.910001,4188000,2.55222
2014-03-20,3.399998,4.150004,3.399998,4.110004,2649000,2.68277
2014-03-19,3.439999,3.549996,3.300005,3.399998,554900,2.21932
2014-03-18,3.230007,3.669998,3.220003,3.439999,773200,2.24543
2014-03-17,3.290001,3.490003,3.159995,3.199995,477800,2.08877
2014-03-14,3.140002,3.779995,3.140002,3.319997,1549900,2.1671
2014-03-13,3.330001,3.429995,3.140002,3.169999,484700,2.06919
2014-03-12,3.119995,3.539992,3.049997,3.340005,844000,2.18016
2014-03-11,3.319997,3.330001,3.070005,3.119995,508300,2.03655
2014-03-10,3.060001,3.199995,3.020001,3.199995,395900,2.08877
2014-03-07,3.110006,3.190007,2.950004,3.060001,407100,1.99739
2014-03-06,3.650005,3.650005,3.049997,3.100002,875400,2.0235
2014-03-05,3.450003,3.720002,3.359997,3.600001,897300,2.34987
2014-03-04,3.539992,3.859996,3.359997,3.579993,2896700,2.33681
2014-03-03,2.899999,3.600001,2.750001,3.389994,1726300,2.21279
2014-02-28,3.300005,3.439999,2.899999,2.910003,1622100,1.89948
2014-02-27,2.100004,4.099999,2.100004,3.460007,14187200,2.25849
2014-02-26,1.860001,1.940002,1.849997,1.889998,38800,1.23368
2014-02-25,1.959995,1.999995,1.860001,1.889998,59400,1.23368
2014-02-24,1.910006,2.009999,1.799993,1.950006,197200,1.27285
2014-02-21,1.820001,1.999995,1.809997,1.900002,170700,1.24021
2014-02-20,1.820001,1.900002,1.820001,1.820001,40300,1.18799
2014-02-19,1.860001,1.879994,1.78,1.830005,136000,1.19452
2014-02-18,1.870005,1.870005,1.790004,1.849997,24400,1.20757
2014-02-14,1.849997,1.879994,1.809997,1.860001,28500,1.2141
2014-02-13,1.860001,1.879994,1.809997,1.860001,23700,1.2141
2014-02-12,1.769996,1.910006,1.769996,1.879994,50200,1.22715
2014-02-11,1.769996,1.799993,1.750004,1.769996,28300,1.15535
2014-02-10,1.799993,1.820001,1.750004,1.769996,58500,1.15535
2014-02-07,1.830005,1.860001,1.809997,1.839993,61900,1.20104
2014-02-06,1.809997,1.849997,1.799993,1.839993,84700,1.20104
2014-02-05,1.820001,1.860001,1.750004,1.78,73400,1.16188
2014-02-04,1.860001,1.900002,1.799993,1.820001,81500,1.18799
2014-02-03,1.870005,1.910006,1.839993,1.860001,59100,1.2141
2014-01-31,1.860001,1.910006,1.860001,1.900002,28500,1.24021
2014-01-30,1.910006,1.910006,1.849997,1.860001,50400,1.2141
2014-01-29,1.929998,1.940002,1.849997,1.919994,106000,1.25326
2014-01-28,1.940002,1.950006,1.910006,1.940002,107100,1.26632
2014-01-27,1.999995,2.030007,1.769996,1.870005,212200,1.22063
2014-01-24,2.09,2.09,2.009999,2.009999,121200,1.31201
2014-01-23,2.210002,2.210002,2.05,2.09,157000,1.36423
2014-01-22,2.079996,2.229994,2.079996,2.199998,134100,1.43603
2014-01-21,2.060004,2.079996,2.009999,2.079996,73200,1.3577
2014-01-17,2.119997,2.119997,2.030007,2.039996,68900,1.33159
2014-01-16,2.170001,2.340007,2.05,2.130001,500000,1.39034
2014-01-15,2.060004,2.250002,1.999995,2.189994,324500,1.4295
2014-01-14,2.030007,2.100004,1.999995,2.030007,115700,1.32507
2014-01-13,2.140005,2.189994,1.950006,2.030007,156100,1.32507
2014-01-10,2.130001,2.159997,2.039996,2.100004,88900,1.37076
2014-01-09,2.05,2.140005,1.969999,2.100004,306400,1.37076
2014-01-08,2.239998,2.419993,1.900002,2.009999,735100,1.31201
2014-01-07,1.769996,2.239998,1.769996,2.239998,1035000,1.46214
2014-01-06,1.769996,1.790004,1.729996,1.78,40100,1.16188
2014-01-03,1.799993,1.809997,1.720007,1.790004,87500,1.16841
2014-01-02,1.710003,1.790004,1.710003,1.750004,79700,1.1423
2013-12-31,1.710003,1.750004,1.619998,1.710003,104200,1.11619
2013-12-30,1.799993,1.820001,1.720007,1.720007,140600,1.12272
2013-12-27,1.720007,1.820001,1.720007,1.799993,203100,1.17493
2013-12-26,1.78,1.799993,1.720007,1.729996,57000,1.12924
2013-12-24,1.750004,1.790004,1.720007,1.790004,40800,1.16841
2013-12-23,1.729996,1.849997,1.729996,1.760008,86300,1.14883
2013-12-20,1.830005,1.849997,1.699999,1.710003,69200,1.11619
2013-12-19,1.699999,1.830005,1.699999,1.809997,75500,1.18146
2013-12-18,1.710003,1.750004,1.689995,1.710003,79500,1.11619
2013-12-17,1.710003,1.750004,1.619998,1.710003,99300,1.11619
2013-12-16,1.799993,1.799993,1.729996,1.729996,52700,1.12924
2013-12-13,1.830005,1.839993,1.729996,1.760008,137100,1.14883
2013-12-12,1.910006,1.929998,1.830005,1.830005,85500,1.19452
2013-12-11,1.969999,1.980003,1.900002,1.910006,104800,1.24674
2013-12-10,1.910006,2.009999,1.900002,1.969999,269500,1.2859
2013-12-09,1.929998,1.999995,1.900002,1.910006,98700,1.24674
2013-12-06,1.950006,2.180005,1.919994,1.929998,579900,1.25979
2013-12-05,1.940002,1.980003,1.919994,1.940002,72600,1.26632
2013-12-04,1.919994,2.05,1.820001,1.950006,273000,1.27285
2013-12-03,1.879994,1.900002,1.820001,1.889998,59400,1.23368
2013-12-02,1.929998,1.950006,1.849997,1.900002,59300,1.24021
2013-11-29,1.969999,1.990007,1.929998,1.929998,29300,1.25979
2013-11-27,1.969999,1.999995,1.809997,1.929998,230900,1.25979
2013-11-26,1.999995,2.119997,1.950006,1.980003,111500,1.29243
2013-11-25,2.119997,2.119997,1.980003,1.980003,221700,1.29243
2013-11-22,2.079996,2.229994,1.980003,2.109993,174300,1.37728
2013-11-21,2.05,2.210002,2.05,2.060004,112600,1.34465
2013-11-20,2.140005,2.180005,1.950006,2.05,189400,1.33812
2013-11-19,2.300007,2.309996,2.149993,2.199998,74600,1.43603
2013-11-18,2.410004,2.469998,1.999995,2.330003,322800,1.52089
2013-11-15,2.440001,2.63,2.180005,2.400001,412900,1.56658
2013-11-14,1.919994,2.739997,1.900002,2.450005,952000,1.59922
2013-11-13,1.799993,1.940002,1.729996,1.879994,192300,1.22715
2013-11-12,1.74,1.790004,1.699999,1.78,172000,1.16188
2013-11-11,1.799993,1.900002,1.699999,1.769996,163600,1.15535
2013-11-08,1.579997,1.889998,1.569993,1.799993,483200,1.17493
2013-11-07,1.459996,1.78,1.259993,1.600005,586100,1.04439
2013-11-06,2.579995,2.650007,1.130003,1.450007,2349000,0.94648
2013-11-05,3.420006,3.52,2.600003,2.659996,677000,1.73629
2013-11-04,3.340005,3.389994,3.209999,3.239996,56400,2.11488
2013-11-01,3.399998,3.399998,3.330001,3.340005,30800,2.18016
2013-10-31,3.429995,3.490003,3.429995,3.460007,15300,2.25849
2013-10-30,3.420006,3.52,3.340005,3.479999,24700,2.27154
2013-10-29,3.330001,3.500007,3.319997,3.460007,37700,2.25849
2013-10-28,3.410002,3.500007,3.330001,3.330001,11800,2.17363
2013-10-25,3.349994,3.420006,3.340005,3.389994,27700,2.21279
2013-10-24,3.309993,3.479999,3.309993,3.450003,13200,2.25196
2013-10-23,3.450003,3.450003,3.349994,3.389994,22800,2.21279
2013-10-22,3.399998,3.500007,3.399998,3.490003,41200,2.27807
2013-10-21,3.450003,3.589997,3.450003,3.479999,93000,2.27154
2013-10-18,3.389994,3.450003,3.349994,3.450003,17500,2.25196
2013-10-17,3.539992,3.549996,3.319997,3.399998,54700,2.21932
2013-10-16,3.370001,3.659994,3.300005,3.490003,129900,2.27807
2013-10-15,3.56,3.56,3.359997,3.370001,112000,2.19974
2013-10-14,3.570004,3.600001,3.490003,3.56,21300,2.32376
2013-10-11,3.500007,3.650005,3.460007,3.570004,39400,2.33029
2013-10-10,3.509996,3.549996,3.469995,3.500007,26200,2.2846
2013-10-09,3.439999,3.539992,3.439999,3.469995,19500,2.26501
2013-10-08,3.549996,3.56,3.410002,3.450003,19000,2.25196
2013-10-07,3.469995,3.589997,3.469995,3.490003,15500,2.27807
2013-10-04,3.490003,3.650005,3.460007,3.460007,34900,2.25849
2013-10-03,3.610005,3.690006,3.410002,3.410002,107100,2.22585
2013-10-02,3.669998,3.789999,3.600001,3.629997,118900,2.36945
2013-10-01,3.650005,3.800003,3.600001,3.650005,86100,2.38251
2013-09-30,3.749999,3.800003,3.619993,3.650005,84000,2.38251
2013-09-27,3.840004,3.840004,3.749999,3.810007,19300,2.48695
2013-09-26,3.840004,3.899997,3.819996,3.819996,24200,2.49347
2013-09-25,3.859996,3.950001,3.810007,3.849993,33900,2.51305
2013-09-24,3.83,3.960006,3.83,3.859996,21400,2.51958
2013-09-23,3.810007,3.920005,3.810007,3.819996,10600,2.49347
2013-09-20,3.840004,4.059999,3.819996,3.859996,37400,2.51958
2013-09-19,4.019999,4.099999,3.83,3.920005,56700,2.55875
2013-09-18,3.990002,4.249997,3.899997,4.040006,115500,2.63708
2013-09-17,3.889993,4.080007,3.849993,3.990002,139300,2.60444
2013-09-16,3.819996,3.899997,3.709998,3.83,105700,2.50
2013-09-13,3.819996,3.939997,3.749999,3.810007,34500,2.48695
2013-09-12,3.819996,3.979998,3.800003,3.83,35700,2.50
2013-09-11,3.929993,3.950001,3.840004,3.849993,40300,2.51305
2013-09-10,3.969994,4.14,3.849993,3.969994,28300,2.59138
2013-09-09,3.889993,4.249997,3.749999,3.969994,187700,2.59138
2013-09-06,4.000006,4.300002,3.990002,4.230005,171400,2.7611
2013-09-05,3.950001,4.000006,3.810007,3.990002,59000,2.60444
2013-09-04,3.920005,4.000006,3.810007,3.960006,46300,2.58486
2013-09-03,3.889993,4.030002,3.889993,3.910001,31100,2.55222
2013-08-30,3.730006,4.129996,3.690006,3.899997,151200,2.54569
2013-08-29,3.899997,3.960006,3.749999,3.749999,66200,2.44778
2013-08-28,3.349994,4.009995,3.349994,3.929993,520000,2.56527
2013-08-27,3.380005,3.399998,3.349994,3.349994,43500,2.18668
2013-08-26,3.500007,3.500007,3.359997,3.370001,55300,2.19974
2013-08-23,3.450003,3.469995,3.399998,3.469995,33200,2.26501
2013-08-22,3.460007,3.469995,3.349994,3.380005,27000,2.20627
2013-08-21,3.619993,3.619993,3.349994,3.410002,75700,2.22585
2013-08-20,3.610005,3.690006,3.439999,3.479999,15300,2.27154
2013-08-19,3.549996,3.640001,3.410002,3.619993,47200,2.36292
2013-08-16,3.25,3.600001,3.199995,3.349994,67600,2.18668
2013-08-15,3.420006,3.509996,3.300005,3.460007,54800,2.25849
2013-08-14,3.349994,3.650005,3.349994,3.450003,200100,2.25196
2013-08-13,3.939997,4.049995,3.779995,3.990002,56800,2.60444
2013-08-12,3.899997,3.920005,3.690006,3.920005,28300,2.55875
2013-08-09,3.899997,3.929993,3.789999,3.929993,27300,2.56527
2013-08-08,3.800003,3.969994,3.800003,3.929993,39200,2.56527
2013-08-07,3.899997,3.899997,3.709998,3.789999,28300,2.47389
2013-08-06,3.889993,4.009995,3.849993,3.939997,38500,2.5718
2013-08-05,3.889993,3.979998,3.849993,3.859996,46900,2.51958
2013-08-02,3.920005,3.950001,3.87,3.910001,16200,2.55222
2013-08-01,3.87,4.040006,3.87,3.880004,50900,2.53264
2013-07-31,3.979998,4.300002,3.800003,3.899997,206500,2.54569
2013-07-30,3.819996,4.040006,3.690006,4.040006,233200,2.63708
2013-07-29,3.52,3.749999,3.52,3.690006,83200,2.40862
2013-07-26,3.579993,3.659994,3.500007,3.530003,60100,2.30418
2013-07-25,3.730006,3.83,3.549996,3.629997,102200,2.36945
2013-07-24,3.709998,3.990002,3.539992,3.749999,274400,2.44778
2013-07-23,3.52,3.749999,3.479999,3.709998,150000,2.42167
2013-07-22,3.479999,3.640001,3.399998,3.490003,74000,2.27807
2013-07-19,3.500007,3.570004,3.429995,3.490003,8900,2.27807
2013-07-18,3.439999,3.549996,3.399998,3.549996,16200,2.31723
2013-07-17,3.490003,3.490003,3.380005,3.469995,26700,2.26501
2013-07-16,3.579993,3.640001,3.469995,3.509996,20100,2.29112
2013-07-15,3.640001,3.690006,3.52,3.539992,33400,2.3107
2013-07-12,3.650005,3.690006,3.600001,3.619993,8300,2.36292
2013-07-11,3.699994,3.699994,3.619993,3.690006,16700,2.40862
2013-07-10,3.56,3.709998,3.349994,3.680002,30800,2.40209
2013-07-09,3.760003,3.979998,3.530003,3.570004,55500,2.33029
2013-07-08,3.749999,4.119992,3.619993,3.699994,158700,2.41514
2013-07-05,3.779995,3.779995,3.650005,3.680002,29700,2.40209
2013-07-03,3.699994,3.840004,3.600001,3.800003,71100,2.48042
2013-07-02,3.429995,3.789999,3.429995,3.709998,121000,2.42167
2013-07-01,3.309993,3.920005,3.300005,3.479999,300700,2.27154
2013-06-28,3.420006,3.52,3.25,3.340005,100000,2.18016
2013-06-27,3.140002,3.749999,3.140002,3.380005,341900,2.20627
2013-06-26,3.190007,3.389994,3.119995,3.140002,99600,2.04961
2013-06-25,3.079994,3.25,3.030005,3.169999,47000,2.06919
2013-06-24,3.230007,3.230007,3.009997,3.079994,84600,2.01044
2013-06-21,3.399998,3.410002,3.169999,3.25,76400,2.12141
2013-06-20,3.669998,3.669998,3.380005,3.420006,65300,2.23238
2013-06-19,3.730006,3.730006,3.659994,3.680002,15300,2.40209
2013-06-18,3.749999,3.779995,3.600001,3.680002,87800,2.40209
2013-06-17,3.810007,3.810007,3.709998,3.749999,32600,2.44778
2013-06-14,3.889993,3.889993,3.789999,3.800003,29100,2.48042
2013-06-13,3.730006,3.87,3.690006,3.770007,46900,2.46084
2013-06-12,3.819996,3.87,3.720002,3.749999,46300,2.44778
2013-06-11,3.889993,4.000006,3.810007,3.810007,51300,2.48695
2013-06-10,3.760003,3.899997,3.669998,3.880004,26200,2.53264
2013-06-07,3.789999,3.990002,3.650005,3.779995,97300,2.46736
2013-06-06,3.87,3.899997,3.819996,3.819996,52900,2.49347
2013-06-05,3.960006,4.030002,3.859996,3.87,52400,2.52611
2013-06-04,4.000006,4.169997,3.950001,3.950001,75500,2.57833
2013-06-03,4.099999,4.119992,3.859996,4.000006,94200,2.61097
2013-05-31,4.159993,4.159993,4.099999,4.099999,93500,2.67624
2013-05-30,4.329999,4.350007,4.14,4.150004,93000,2.70888
2013-05-29,4.220001,4.340003,4.180001,4.319995,71200,2.81984
2013-05-28,4.369999,4.509993,4.249997,4.249997,108900,2.77415
2013-05-24,4.620006,4.620006,4.319995,4.369999,63400,2.85248
2013-05-23,4.76,4.76,4.359995,4.690003,152400,3.06136
2013-05-22,4.850006,5.190002,4.500005,4.779993,350700,3.1201
2013-05-21,4.129996,4.899995,4.099999,4.589994,771100,2.99608
2013-05-20,4.089995,4.300002,4.000006,4.159993,83000,2.7154
2013-05-17,4.110004,4.209997,4.009995,4.110004,29400,2.68277
2013-05-16,4.209997,4.279994,4.009995,4.190004,74300,2.73499
2013-05-15,4.239994,4.41,4.209997,4.220001,40800,2.75457
2013-05-14,4.300002,4.350007,4.209997,4.319995,46400,2.81984
2013-05-13,4.300002,4.420004,4.249997,4.340003,59100,2.8329
2013-05-10,4.310006,4.45,4.279994,4.310006,34200,2.81332
2013-05-09,4.249997,4.380003,4.199993,4.340003,59900,2.8329
2013-05-08,4.399996,4.439996,4.279994,4.310006,49800,2.81332
2013-05-07,4.289998,4.399996,4.289998,4.390007,20800,2.86554
2013-05-06,4.420004,4.479997,4.169997,4.300002,38100,2.80679
2013-05-03,4.559998,4.589994,4.390007,4.429992,51000,2.89164
2013-05-02,4.45,4.559998,4.359995,4.439996,61400,2.89817
2013-05-01,4.45,4.460004,4.300002,4.420004,28200,2.88512
2013-04-30,4.300002,4.549994,4.119992,4.319995,48100,2.81984
2013-04-29,4.469993,4.469993,4.300002,4.329999,28500,2.82637
2013-04-26,4.580006,4.580006,4.340003,4.45,42100,2.9047
2013-04-25,4.399996,4.660007,4.239994,4.570002,176600,2.98303
2013-04-24,4.150004,4.329999,4.089995,4.289998,88900,2.80026
2013-04-23,4.099999,4.230005,3.960006,4.049995,59400,2.6436
2013-04-22,3.979998,4.199993,3.899997,4.099999,122600,2.67624
2013-04-19,3.859996,3.969994,3.659994,3.899997,112400,2.54569
2013-04-18,4.119992,4.119992,3.709998,3.859996,118600,2.51958
2013-04-17,4.119992,4.180001,4.000006,4.129996,61900,2.69582
2013-04-16,4.009995,4.270006,4.009995,4.129996,68900,2.69582
2013-04-15,4.469993,4.469993,4.019999,4.049995,170400,2.6436
2013-04-12,4.570002,4.620006,4.380003,4.420004,82600,2.88512
2013-04-11,4.68,4.789997,4.509993,4.580006,80300,2.98956
2013-04-10,4.460004,4.730004,4.420004,4.730004,143500,3.08747
2013-04-09,4.540005,4.540005,4.310006,4.380003,159500,2.85901
2013-04-08,4.739993,4.810005,4.530001,4.549994,123200,2.96997
2013-04-05,4.810005,4.899995,4.650003,4.810005,163000,3.13969
2013-04-04,5.010008,5.080004,4.749996,4.930006,224400,3.21802
2013-04-03,5.120005,5.120005,5.000004,5.019996,109400,3.27676
2013-04-02,5.080004,5.259999,5.000004,5.040004,126800,3.28982
2013-04-01,5.150002,5.150002,5.010008,5.150002,90700,3.36162
2013-03-28,5.329996,5.329996,5.049993,5.110001,180500,3.33551
2013-03-27,5.200006,5.390005,4.909999,5.310004,739600,3.46606
2013-03-26,5.700005,5.869996,5.519995,5.639996,234900,3.68146
2013-03-25,5.500002,5.759998,5.399994,5.540003,190600,3.61619
2013-03-22,5.740006,5.829995,5.359993,5.369997,186300,3.50522
2013-03-21,6.050006,6.270001,5.629993,5.669993,391900,3.70104
2013-03-20,5.590007,6.369994,5.57,6.029998,1407800,3.93603
2013-03-19,5.230003,5.690001,5.120005,5.519995,463600,3.60313
2013-03-18,5.209995,5.289996,5.110001,5.209995,83000,3.40078
2013-03-15,5.319992,5.479994,5.179998,5.289996,95100,3.453
2013-03-14,5.449998,5.639996,5.179998,5.289996,165900,3.453
2013-03-13,5.679997,5.850003,5.390005,5.489998,371400,3.58355
2013-03-12,5.129994,5.899992,5.129994,5.599996,850900,3.65535
2013-03-11,5.219999,5.280007,4.970007,5.089993,228300,3.32245
2013-03-08,5.420001,5.749994,5.249995,5.270003,581400,3.43995
2013-03-07,4.890006,5.449998,4.840002,5.420001,397400,3.53786
2013-03-06,5.129994,5.160006,4.850006,4.930006,136500,3.21802
2013-03-05,5.209995,5.209995,4.949999,5.049993,166100,3.29634
2013-03-04,5.259999,5.289996,4.899995,5.129994,280000,3.34856
2013-03-01,5.099997,5.65,5.019996,5.310004,885200,3.46606
2013-02-28,4.709996,5.190002,4.690003,5.049993,471400,3.29634
2013-02-27,4.599998,4.890006,4.580006,4.68,237200,3.05483
2013-02-26,5.049993,5.070001,4.599998,4.629995,235000,3.02219
2013-02-25,5.329996,5.470006,4.949999,4.949999,396200,3.23107
2013-02-22,5.280007,5.700005,5.190002,5.34,503000,3.48564
2013-02-21,5.399994,5.399994,5.03,5.270003,425400,3.43995
2013-02-20,5.869996,5.869996,5.310004,5.420001,469600,3.53786
2013-02-19,7.099992,7.250006,5.709994,5.869996,1462600,3.83159
2013-02-15,5.679997,6.839996,5.679997,6.729999,2713500,4.39295
2013-02-14,4.739993,5.57,4.699992,5.500002,839800,3.59008
2013-02-13,4.76,5.150002,4.629995,4.730004,221100,3.08747
2013-02-12,4.949999,4.979996,4.629995,4.779993,185700,3.1201
2013-02-11,5.190002,5.190002,4.76,4.949999,506500,3.23107
2013-02-08,4.340003,5.049993,4.310006,4.930006,997600,3.21802
2013-02-07,4.45,4.45,4.300002,4.350007,75400,2.83943
2013-02-06,4.45,4.549994,4.359995,4.429992,58100,2.89164
2013-02-05,4.559998,4.800001,4.399996,4.41,157900,2.87859
2013-02-04,4.699992,5.080004,4.45,4.479997,742600,2.92428
2013-02-01,4.68,5.209995,4.420004,4.770004,939600,3.11358
2013-01-31,4.110004,4.840002,4.030002,4.699992,857500,3.06788
2013-01-30,4.300002,4.300002,4.119992,4.150004,141700,2.70888
2013-01-29,4.329999,4.350007,4.249997,4.249997,121800,2.77415
2013-01-28,4.329999,4.439996,4.300002,4.310006,59100,2.81332
2013-01-25,4.359995,4.41,4.249997,4.319995,88500,2.81984
2013-01-24,4.390007,4.500005,4.329999,4.380003,167300,2.85901
2013-01-23,4.310006,4.390007,4.260002,4.329999,116000,2.82637
2013-01-22,4.260002,4.420004,4.260002,4.270006,65700,2.78721
2013-01-18,4.420004,4.479997,4.209997,4.289998,54200,2.80026
2013-01-17,4.220001,4.500005,4.199993,4.359995,112300,2.84595
2013-01-16,4.209997,4.300002,4.209997,4.220001,66200,2.75457
2013-01-15,4.249997,4.319995,4.209997,4.209997,53900,2.74804
2013-01-14,4.420004,4.479997,4.199993,4.220001,85000,2.75457
2013-01-11,4.530001,4.549994,4.340003,4.390007,94500,2.86554
2013-01-10,4.350007,4.639999,4.110004,4.479997,320300,2.92428
2013-01-09,4.329999,4.399996,4.230005,4.279994,96800,2.79373
2013-01-08,4.249997,4.439996,4.209997,4.270006,126400,2.78721
2013-01-07,4.599998,4.599998,4.220001,4.239994,375300,2.76762
2013-01-04,5.190002,5.30,4.620006,4.629995,464700,3.02219
2013-01-03,4.949999,5.439994,4.920002,5.110001,1096900,3.33551
2013-01-02,4.340003,4.949999,4.209997,4.909999,1063100,3.20496
2012-12-31,3.749999,3.749999,3.389994,3.680002,271300,2.40209
2012-12-28,3.920005,3.920005,3.760003,3.770007,90800,2.46084
2012-12-27,4.040006,4.110004,3.899997,3.950001,66200,2.57833
2012-12-26,4.099999,4.150004,4.000006,4.040006,69200,2.63708
2012-12-24,4.110004,4.110004,3.960006,4.049995,103100,2.6436
2012-12-21,4.509993,4.509993,4.14,4.190004,205300,2.73499
2012-12-20,4.439996,4.500005,4.41,4.490001,64500,2.93081
2012-12-19,4.559998,4.639999,4.420004,4.45,104200,2.9047
2012-12-18,4.559998,4.650003,4.45,4.460004,105400,2.91123
2012-12-17,4.650003,4.749996,4.530001,4.549994,127000,2.96997
2012-12-14,4.599998,4.72,4.530001,4.690003,152100,3.06136
2012-12-13,4.709996,4.749996,4.549994,4.549994,137300,2.96997
2012-12-12,5.000004,5.139998,4.709996,4.749996,322600,3.10052
2012-12-11,4.899995,5.660004,4.709996,5.000004,1079000,3.26371
2012-12-10,4.509993,4.970007,4.490001,4.739993,347900,3.09399
2012-12-07,4.390007,4.650003,4.329999,4.580006,196600,2.98956
2012-12-06,4.329999,4.739993,4.319995,4.369999,355700,2.85248
2012-12-05,4.429992,4.490001,4.300002,4.359995,48100,2.84595
2012-12-04,4.490001,4.500005,4.310006,4.369999,91500,2.85248
2012-12-03,4.490001,4.549994,4.340003,4.479997,84400,2.92428
2012-11-30,4.359995,4.530001,4.319995,4.509993,119600,2.94386
2012-11-29,4.599998,4.599998,4.279994,4.390007,150400,2.86554
2012-11-28,4.699992,5.099997,4.270006,4.479997,627000,2.92428
2012-11-27,4.629995,4.730004,4.500005,4.650003,50400,3.03525
2012-11-26,5.000004,5.000004,4.610002,4.68,116700,3.05483
2012-11-23,4.739993,4.749996,4.699992,4.749996,40900,3.10052
2012-11-21,4.749996,4.76,4.690003,4.690003,64300,3.06136
2012-11-20,4.800001,4.930006,4.699992,4.779993,89800,3.1201
2012-11-19,4.909999,5.240007,4.699992,4.800001,194100,3.13316
2012-11-16,4.859994,5.259999,4.580006,4.859994,191800,3.17232
2012-11-15,4.880002,4.880002,4.660007,4.810005,56800,3.13969
2012-11-14,5.010008,5.099997,4.589994,4.749996,392000,3.10052
2012-11-13,5.740006,5.740006,5.380001,5.479994,147700,3.57702
2012-11-12,6.010005,6.029998,5.500002,5.709994,110600,3.72715
2012-11-09,6.069998,6.550004,6.010005,6.059994,210800,3.95561
2012-11-08,6.069998,6.329994,5.960001,6.130007,146000,4.00131
2012-11-07,5.730002,6.149999,5.580003,6.090006,338000,3.9752
2012-11-06,5.289996,5.92,5.289996,5.810002,268100,3.79243
2012-11-05,5.65,5.669993,5.350004,5.420001,109100,3.53786
2012-11-02,5.88,6.010005,5.690001,5.690001,85600,3.7141
2012-11-01,5.970004,6.299997,5.550007,5.899992,111500,3.85117
2012-10-31,6.360006,6.360006,5.850003,5.92,231900,3.86423
2012-10-26,6.620001,6.670006,6.299997,6.419999,159200,4.1906
2012-10-25,6.630006,6.780004,6.400006,6.639994,166800,4.3342
2012-10-24,6.999999,7.069996,6.519992,6.559993,95400,4.28198
2012-10-23,6.550004,6.919998,6.409995,6.799996,192700,4.43864
2012-10-22,6.879997,6.980006,6.259997,6.550004,312800,4.27546
2012-10-19,7.670003,7.670003,6.599994,6.940005,393000,4.53003
2012-10-18,7.250006,7.799994,7.250006,7.309999,556400,4.77154
2012-10-17,7.029995,7.539998,6.799996,7.259995,669200,4.7389
2012-10-16,7.109996,7.259995,6.850001,7.029995,182800,4.58877
2012-10-15,7.539998,7.590003,6.850001,7.029995,541900,4.58877
2012-10-12,6.379999,7.299995,6.19,7.149997,1059800,4.6671
2012-10-11,6.350002,6.599994,6.069998,6.320005,416100,4.12533
2012-10-10,6.660002,6.839996,6.160004,6.270001,566700,4.09269
2012-10-09,6.879997,7.689996,6.50,6.580001,2885800,4.29504
2012-10-08,5.099997,6.480008,5.010008,6.360006,1114500,4.15144
2012-10-05,5.219999,5.350004,5.000004,5.160006,422200,3.36815
2012-10-04,5.30,5.470006,5.049993,5.209995,380900,3.40078
2012-10-03,5.629993,5.890004,5.359993,5.529999,333700,3.60966
2012-10-02,5.88,6.249993,5.500002,5.639996,704400,3.68146
2012-10-01,5.129994,6.590005,5.120005,5.890004,1276500,3.84465
2012-09-28,5.240007,5.249995,4.890006,5.070001,488400,3.3094
2012-09-27,5.829995,5.949997,5.259999,5.30,457800,3.45953
2012-09-26,6.390002,6.390002,5.770002,5.829995,629700,3.80548
2012-09-25,5.679997,6.850001,5.350004,6.449995,1802900,4.21018
2012-09-24,7.109996,7.339996,5.850003,5.949997,1019500,3.88381
2012-09-21,7.349999,7.769998,7.130004,7.139993,1011600,4.66057
2012-09-20,7.499997,7.769998,6.999999,7.149997,1027500,4.6671
2012-09-19,8.269996,8.400001,7.299995,7.679992,2025900,5.01305
2012-09-18,10.349992,10.349992,8.710002,8.900001,1426300,5.8094
2012-09-17,9.939998,10.749998,8.760006,10.209999,3184700,6.66449
2012-09-14,7.550002,9.889994,7.550002,8.980001,4638100,5.86162
2012-09-13,4.220001,6.649998,4.190004,6.409995,2560300,4.18407
2012-09-12,4.209997,4.340003,3.910001,4.150004,324200,2.70888
2012-09-11,4.099999,4.310006,3.749999,4.249997,344900,2.77415
2012-09-10,4.610002,4.650003,4.080007,4.099999,412400,2.67624
2012-09-07,3.300005,5.890004,3.220003,4.709996,2609300,3.07441
2012-09-06,3.039994,3.079994,2.950004,2.999993,15000,1.95822
2012-09-05,3.020001,3.049997,2.999993,3.030005,9300,1.97781
2012-09-04,2.990004,3.079994,2.969996,3.079994,25900,2.01044
2012-08-31,3.049997,3.089998,2.950004,3.049997,21300,1.99086
2012-08-30,3.100002,3.100002,2.950004,3.009997,14900,1.96475
2012-08-29,3.039994,3.159995,2.990004,3.100002,54500,2.0235
2012-08-28,2.969996,3.070005,2.959992,3.020001,26000,1.97128
2012-08-27,3.060001,3.439999,2.899999,2.929996,166500,1.91253
2012-08-24,3.100002,3.110006,2.999993,3.100002,31400,2.0235
2012-08-23,3.049997,3.159995,2.999993,3.129999,42100,2.04308
2012-08-22,2.999993,2.999993,2.910003,2.999993,9500,1.95822
2012-08-21,2.969996,3.190007,2.830002,3.039994,37800,1.98433
2012-08-20,2.990004,3.060001,2.849995,2.950004,36000,1.92559
2012-08-17,3.060001,3.089998,2.94,2.999993,51900,1.95822
2012-08-16,3.110006,3.150006,3.070005,3.089998,30000,2.01697
2012-08-15,3.150006,3.190007,3.030005,3.070005,42300,2.00392
2012-08-14,2.840006,3.100002,2.840006,3.009997,34000,1.96475
2012-08-13,2.880007,2.950004,2.830002,2.830002,80100,1.84726
2012-08-10,3.079994,3.079994,2.830002,2.94,152400,1.91906
2012-08-09,3.290001,3.290001,2.999993,3.089998,146900,2.01697
2012-08-08,3.260004,3.300005,3.150006,3.300005,109800,2.15405
2012-08-07,3.150006,3.469995,3.150006,3.220003,188300,2.10183
2012-08-06,3.140002,3.140002,2.910003,3.089998,36200,2.01697
2012-08-03,3.279997,3.279997,2.790002,3.150006,101100,2.05614
2012-08-02,3.100002,3.389994,2.769994,3.140002,152000,2.04961
2012-08-01,2.769994,3.389994,2.729993,3.049997,138300,1.99086
2012-07-31,2.910003,2.910003,2.699997,2.779998,41100,1.81462
2012-07-30,2.889995,2.98,2.63,2.870003,105200,1.87337
2012-07-27,2.750001,2.830002,2.600003,2.689993,86700,1.75587
2012-07-26,3.169999,3.56,2.600003,2.650007,310500,1.72977
2012-07-25,2.260006,3.849993,2.069992,3.150006,579700,2.05614
2012-07-24,2.330003,2.379993,2.109993,2.239998,50200,1.46214
2012-07-23,2.490005,2.539995,2.300007,2.349996,50100,1.53394
2012-07-20,2.750001,2.800006,2.549999,2.549999,36600,1.66449
2012-07-19,2.94,2.94,2.689993,2.699997,40400,1.7624
2012-07-18,3.070005,3.070005,2.790002,2.959992,55000,1.93211
2012-07-17,2.950004,3.140002,2.790002,3.030005,139100,1.97781
2012-07-16,2.539995,3.500007,2.539995,2.929996,498700,1.91253
2012-07-13,2.819998,2.819998,2.490005,2.490005,78600,1.62533
2012-07-12,3.039994,3.039994,2.699997,2.809994,47500,1.8342
2012-07-11,3.079994,3.319997,2.98,3.079994,53500,2.01044
2012-07-10,3.539992,3.539992,2.98,3.100002,51800,2.0235
2012-07-09,3.56,3.640001,3.340005,3.549996,23600,2.31723
2012-07-06,3.549996,3.600001,3.549996,3.600001,16400,2.34987
2012-07-05,3.579993,3.739995,3.539992,3.600001,23400,2.34987
2012-07-03,3.539992,3.640001,3.530003,3.56,11500,2.32376
2012-07-02,3.600001,3.600001,3.500007,3.539992,56100,2.3107
2012-06-29,3.650005,3.859996,3.460007,3.56,49900,2.32376
2012-06-28,4.180001,4.180001,3.389994,3.650005,131400,2.38251
2012-06-27,4.490001,4.490001,4.049995,4.300002,79100,2.80679
2012-06-26,4.490001,4.699992,4.369999,4.519997,38900,2.95039
2012-06-25,4.41,4.620006,4.350007,4.509993,44600,2.94386
2012-06-22,4.840002,4.840002,4.509993,4.650003,40300,3.03525
2012-06-21,4.979996,4.979996,4.639999,4.789997,36500,3.12663
2012-06-20,4.699992,5.169994,4.699992,4.899995,123900,3.19843
2012-06-19,4.490001,4.829998,4.260002,4.599998,56400,3.00261
2012-06-18,4.789997,4.789997,4.119992,4.490001,77200,2.93081
2012-06-15,4.99,4.99,4.169997,4.580006,164800,2.98956
2012-06-14,0.25,0.27,0.25,0.25,2100,3.26371
2012-06-13,0.29,0.29,0.26,0.26,14400,3.39426
2012-06-12,0.29,0.29,0.25,0.26,15500,3.39426
2012-06-11,0.29,0.29,0.28,0.29,13600,3.7859
2012-06-08,0.28,0.29,0.27,0.28,23700,3.65535
2012-06-07,0.30,0.30,0.27,0.27,42000,3.5248
2012-06-06,0.27,0.30,0.27,0.30,19500,3.91645
2012-06-05,0.28,0.30,0.28,0.29,11900,3.7859
2012-06-04,0.29,0.30,0.28,0.30,17000,3.91645
2012-06-01,0.28,0.30,0.27,0.29,9800,3.7859
2012-05-31,0.28,0.31,0.28,0.30,20700,3.91645
2012-05-30,0.31,0.31,0.27,0.29,60800,3.7859
2012-05-29,0.35,0.35,0.32,0.33,18400,4.30809
2012-05-25,0.36,0.36,0.33,0.35,13300,4.56919
2012-05-24,0.36,0.38,0.33,0.35,73500,4.56919
2012-05-23,0.36,0.36,0.32,0.34,16200,4.43864
2012-05-22,0.33,0.36,0.32,0.34,70900,4.43864
2012-05-21,0.32,0.32,0.30,0.32,20100,4.17755
2012-05-18,0.34,0.34,0.29,0.31,56800,4.047
2012-05-17,0.33,0.36,0.33,0.33,24800,4.30809
2012-05-16,0.34,0.37,0.34,0.35,18100,4.56919
2012-05-15,0.33,0.38,0.32,0.35,55600,4.56919
2012-05-14,0.40,0.40,0.35,0.36,28000,4.69974
2012-05-11,0.40,0.43,0.35,0.41,143400,5.35248
2012-05-10,0.45,0.50,0.45,0.49,102600,6.39687
2012-05-09,0.43,0.48,0.40,0.46,62000,6.00522
2012-05-08,0.44,0.44,0.42,0.43,6400,5.61358
2012-05-07,0.43,0.45,0.40,0.43,27700,5.61358
2012-05-04,0.45,0.45,0.43,0.43,11900,5.61358
2012-05-03,0.43,0.47,0.43,0.45,34900,5.87467
2012-05-02,0.45,0.46,0.43,0.43,39700,5.61358
2012-05-01,0.47,0.48,0.45,0.45,34000,5.87467
2012-04-30,0.46,0.50,0.46,0.46,25600,6.00522
2012-04-27,0.49,0.50,0.46,0.46,91000,6.00522
2012-04-26,0.55,0.55,0.50,0.50,65000,6.52742
2012-04-25,0.52,0.57,0.50,0.52,32800,6.78851
2012-04-24,0.54,0.55,0.52,0.55,15500,7.18016
2012-04-23,0.60,0.60,0.52,0.55,40400,7.18016
2012-04-20,0.52,0.62,0.51,0.58,124600,7.5718
2012-04-19,0.50,0.53,0.49,0.50,22700,6.52742
2012-04-18,0.55,0.55,0.46,0.52,41400,6.78851
2012-04-17,0.54,0.56,0.53,0.55,26700,7.18016
2012-04-16,0.56,0.56,0.51,0.55,55800,7.18016
2012-04-13,0.59,0.60,0.55,0.56,46000,7.3107
2012-04-12,0.60,0.61,0.59,0.59,16900,7.70235
