Date,Open,High,Low,Close,Volume,Adj Close
2017-11-13,10.0116,10.023,10.0116,10.02,2300,10.02
2017-11-10,10.0499,10.0875,10.0499,10.0875,798,10.0875
2017-11-09,10.1,10.1,10,10.06,1831,10.06
2017-11-08,9.91,10.031,9.91,10.03,2857,10.03
2017-11-07,9.93,9.93,9.858,9.858,1720,9.858
2017-11-06,9.9,9.9343,9.85,9.9,2461,9.9
2017-11-03,10,10.093,9.9,9.9,3610,9.9
2017-11-02,10,10,9.95,9.95,1824,9.95
2017-11-01,9.96,9.97,9.95,9.95,1520,9.95
2017-10-31,10.0999,10.3001,9.95,10.3001,3400,10.3001
2017-10-30,9.974,10.06,9.97,10.06,479,10.06
2017-10-27,10.09,10.09,10.09,10.09,217,10.09
2017-10-26,10,10.06,10,10.06,2708,10.06
2017-10-25,9.9,10.09,9.9,10.08,11991,10.08
2017-10-24,10.1,10.1,9.8699,9.95,2010,9.95
2017-10-23,10.65,10.65,10,10.1775,5248,10.1775
2017-10-20,10.14,10.34,10.14,10.34,1739,10.34
2017-10-19,10.06,10.15,10.001,10.15,2602,10.15
2017-10-18,10.17,10.17,9.8001,10,13442,10
2017-10-17,9.9494,10.28,9.9454,10.021,5873,10.021
2017-10-16,10.395,10.4,10.05,10.1964,4866,10.1964
2017-10-13,10.25,10.29,10.06,10.06,3195,10.06
2017-10-12,10.05,10.19,10.05,10.18,4144,10.18
2017-10-11,10.25,10.252,10.1905,10.1905,2949,10.1905
2017-10-10,10.2501,10.2501,10.2501,10.2501,270,10.2501
2017-10-09,10.28,10.28,10.25,10.25,683,10.25
2017-10-06,10.25,10.35,10.25,10.29,4543,10.29
2017-10-05,10.39,10.39,10.29,10.29,337,10.29
2017-10-04,10.07,10.424,9.83,10.424,9237,10.424
2017-10-03,9.8,10.3,9.8,10.1126,5761,10.1126
2017-10-02,10.0499,10.0499,9.7,9.7,5953,9.7
2017-09-29,10.2,10.2,9.9,10.0703,6038,10.0703
2017-09-28,10.2,10.2,9.6888,10.2,7061,10.2
2017-09-27,9.82,9.94,9.6984,9.94,4970,9.94
2017-09-26,9.901,9.9031,9.85,9.85,1872,9.85
2017-09-25,9.67,9.69,9.67,9.69,355,9.69
2017-09-22,9.97,9.97,9.6221,9.6221,1283,9.6221
2017-09-21,9.83,10.15,9.68,10.029,1671,10.029
2017-09-20,9.8,10.3924,9.65,9.7,9876,9.7
2017-09-19,10,10,9.61,9.97,6509,9.97
2017-09-18,10.02,10.05,10,10,3984,10
2017-09-15,10.25,10.25,10.25,10.25,2213,10.25
2017-09-14,10.2,10.2276,10.0001,10.2276,5202,10.2276
2017-09-13,10.2625,10.2935,10,10.149,8819,10.149
2017-09-12,10.4,10.4206,10.29,10.4001,1179,10.4001
2017-09-11,10.17,10.44,10.17,10.4003,3951,10.4003
2017-09-08,10.6,10.6,10.06,10.13,2761,10.13
2017-09-07,10.65,10.65,10.65,10.65,00,10.65
2017-09-06,10.55,10.65,10.55,10.65,372,10.65
2017-09-05,10.63,10.63,10.63,10.63,00,10.63
2017-09-01,10.0001,10.65,10.0001,10.63,3978,10.63
2017-08-31,10.421,10.85,10.35,10.4,11546,10.4
2017-08-30,10.43,10.43,10.43,10.43,958,10.43
2017-08-29,10.63,10.63,10.43,10.43,1749,10.43
2017-08-28,10.63,10.63,10.63,10.63,247,10.63
2017-08-25,10.69,10.85,10.6467,10.6467,4724,10.6467
2017-08-24,10.44,10.44,10.44,10.44,00,10.44
2017-08-23,10.44,10.44,10.44,10.44,00,10.44
2017-08-22,10.44,10.44,10.44,10.44,800,10.44
2017-08-21,10.441,10.48,10.43,10.48,2331,10.48
2017-08-18,10.47,10.47,10.44,10.44,2064,10.44
2017-08-17,10.506,10.506,10.47,10.47,1121,10.47
2017-08-16,10.51,10.55,10.51,10.55,443,10.55
2017-08-15,10.679,10.679,10.47,10.4781,1994,10.4781
2017-08-14,10.7,10.7,10.7,10.7,312,10.7
2017-08-11,10.47,10.6,10.47,10.6,1521,10.6
2017-08-10,10.76,10.77,10.3,10.47,13325,10.47
2017-08-09,10.8441,10.8441,10.75,10.75,2510,10.75
2017-08-08,10.8132,10.8132,10.75,10.75,2829,10.75
2017-08-07,10.87,10.87,10.8517,10.8517,475,10.8517
2017-08-04,10.9484,10.9484,10.9484,10.9484,00,10.9484
2017-08-03,10.8753,10.9484,10.8753,10.9484,1289,10.9484
2017-08-02,10.9499,10.9499,10.9499,10.9499,00,10.9499
2017-08-01,10.8,10.9499,10.8,10.9499,511,10.9499
2017-07-31,10.79,10.8146,10.79,10.8146,2066,10.8146
2017-07-28,10.8075,10.8113,10.7999,10.7999,2071,10.7999
2017-07-27,10.8,10.8,10.8,10.8,400,10.8
2017-07-26,10.7,10.8943,10.64,10.8,9818,10.8
2017-07-25,10.75,10.803,10.65,10.65,8736,10.65
2017-07-24,10.75,10.75,10.75,10.75,1175,10.75
2017-07-21,10.6001,10.8,10.6001,10.69,4852,10.69
2017-07-20,10.3437,10.3437,10.3437,10.3437,00,10.3437
2017-07-19,10.7499,10.75,10.3437,10.3437,445,10.3437
2017-07-18,10.55,10.75,10.4999,10.4999,2771,10.4999
2017-07-17,10.63,10.66,10.25,10.25,3082,10.25
2017-07-14,10.53,10.5646,10.35,10.52,6157,10.52
2017-07-13,10.3,10.65,10.3,10.5,6865,10.5
2017-07-12,10.35,10.35,10.35,10.35,425,10.35
2017-07-11,10.45,10.65,10.2,10.38,12306,10.38
2017-07-10,10.6,10.6,10.25,10.32,4004,10.32
2017-07-07,10.2,10.5,10.2,10.47,2636,10.47
2017-07-06,10.19,10.2,10.005,10.2,1734,10.2
2017-07-05,10.21,10.5,10.01,10.2,7714,10.2
2017-07-03,10.05,10.06,10,10,2513,10
2017-06-30,10.45,10.5845,10.45,10.58,3334,10.58
2017-06-29,10.16,10.2,10.16,10.2,2000,10.2
2017-06-28,10.2499,10.2499,10.1999,10.2,952,10.2
2017-06-27,10.03,10.25,10.03,10.23,3117,10.23
2017-06-26,10.23,10.23,10.03,10.2,907,10.2
2017-06-23,10.1499,10.1499,10.02,10.1499,673,10.1499
2017-06-22,10.01,10.25,10.01,10.25,856,10.25
2017-06-21,10.25,10.25,10.08,10.25,3597,10.25
2017-06-20,10.2,10.25,10.15,10.25,1813,10.25
2017-06-19,10.2,10.2,10.05,10.19,972,10.19
2017-06-16,10.05,10.51,10,10.51,9486,10.51
2017-06-15,10.485,10.485,9.98,10.08,3039,10.08
2017-06-14,10.01,10.31,10.01,10.2,2726,10.2
2017-06-13,10.16,10.16,10,10.15,1321,10.15
2017-06-12,10.31,10.31,9.95,10.31,1549,10.31
2017-06-09,10.16,10.16,9.95,10.16,2750,10.16
2017-06-08,10.05,10.19,9.95,10,6892,10
2017-06-07,10.091,10.16,10.05,10.16,4218,10.16
2017-06-06,10.03,10.1,10.02,10.02,837,10.02
2017-06-05,10.01,10.05,10,10,1840,10
2017-06-02,9.95,9.95,9.95,9.95,00,9.95
2017-06-01,9.95,10.16,9.95,9.95,1870,9.95
2017-05-31,10.159,10.159,9.95,9.95,5829,9.95
2017-05-30,10.1,10.1,10.1,10.1,185,10.1
2017-05-26,10.05,10.05,10.05,10.05,100,10.05
2017-05-25,10.05,10.05,10.05,10.05,164,10.05
2017-05-24,10.1228,10.1228,10.1228,10.1228,252,10.1228
2017-05-23,10.05,10.05,10.05,10.05,200,10.05
2017-05-22,10.05,10.05,10.05,10.05,100,10.05
2017-05-19,10.16,10.16,10.02,10.02,2026,10.02
2017-05-18,10.0051,10.2899,10,10.2,3120,10.2
2017-05-17,9.95,10.0322,9.95,10.0322,1334,10.0322
2017-05-16,10.009,10.009,10.009,10.009,225,10.009
2017-05-15,10.0499,10.0499,10.0499,10.0499,257,10.0499
2017-05-12,10.20,10.20,9.90,10.05,4500,10.05
2017-05-11,10.20,10.20,10.20,10.20,1400,10.20
2017-05-10,10.16,10.16,10.03,10.13,4500,10.13
2017-05-09,10.16,10.16,10.16,10.16,200,10.16
2017-05-08,10.00,10.05,9.91,10.05,2800,10.05
2017-05-05,10.038,10.038,10.038,10.038,600,10.038
2017-05-04,10.003,10.39,10.00,10.39,5200,10.39
2017-05-03,10.00,10.00,10.00,10.00,000,10.00
2017-05-02,10.00,10.036,10.00,10.00,2100,10.00
2017-05-01,10.205,10.205,10.205,10.205,500,10.205
2017-04-28,10.052,10.287,10.048,10.13,1400,10.13
2017-04-27,9.901,9.901,9.901,9.901,300,9.901
2017-04-26,10.25,10.59,10.085,10.59,5200,10.59
2017-04-25,10.44,10.44,10.27,10.27,2300,10.27
2017-04-24,10.39,10.39,10.30,10.30,4100,10.30
2017-04-21,10.50,10.55,10.50,10.53,2800,10.53
2017-04-20,10.335,10.60,10.335,10.60,3000,10.60
2017-04-19,10.45,10.687,10.438,10.67,4300,10.67
2017-04-18,10.29,10.70,10.21,10.69,3200,10.69
2017-04-17,9.20,10.70,8.59,10.38,31800,10.38
2017-04-13,10.53,10.54,9.661,10.54,7200,10.54
2017-04-12,10.712,10.77,10.50,10.50,2200,10.50
2017-04-11,10.64,10.88,10.50,10.50,5300,10.50
2017-04-10,10.694,10.717,10.694,10.717,700,10.717
2017-04-07,10.70,10.70,10.574,10.574,1400,10.574
2017-04-06,10.95,10.95,10.55,10.571,5600,10.571
2017-04-05,10.85,10.934,10.85,10.85,5000,10.85
2017-04-04,10.99,10.99,10.67,10.80,3800,10.80
2017-04-03,11.00,11.00,10.672,11.00,10500,11.00
2017-03-31,11.24,11.24,10.80,11.10,12600,8.60
2017-03-30,10.749,11.25,10.55,11.24,15400,8.708468
2017-03-29,10.41,10.41,10.41,10.41,000,8.065405
2017-03-28,10.50,10.748,10.41,10.41,9200,8.065405
2017-03-27,10.249,10.627,10.249,10.627,5200,8.233532
2017-03-24,10.122,10.39,10.122,10.374,3100,8.037513
2017-03-23,9.815,10.40,9.815,10.139,3000,7.855442
2017-03-22,10.34,10.40,10.29,10.36,5600,8.026667
2017-03-21,10.201,10.34,10.201,10.34,3300,8.011171
2017-03-20,9.92,10.48,9.92,10.28,2100,7.964685
2017-03-17,10.10,10.38,9.63,9.63,7500,7.461081
2017-03-16,10.15,10.445,10.15,10.21,3100,7.910451
2017-03-15,10.13,10.55,9.988,10.51,7300,8.142883
2017-03-14,10.00,10.13,9.971,10.101,7200,7.826
2017-03-13,10.00,10.00,9.47,10.00,5900,7.747748
2017-03-10,9.58,10.00,9.58,9.85,9500,7.631532
2017-03-09,9.599,9.64,9.545,9.60,1800,7.437838
2017-03-08,9.20,9.62,9.20,9.34,2400,7.236397
2017-03-07,9.66,9.73,8.559,9.00,11700,6.972973
2017-03-06,9.50,9.685,9.50,9.685,700,7.503694
2017-03-03,9.971,9.971,9.613,9.613,300,7.44791
2017-03-02,9.55,9.952,9.40,9.40,7500,7.282883
2017-03-01,9.50,9.50,9.50,9.50,600,7.360361
2017-02-28,9.501,9.501,9.501,9.501,000,7.361136
2017-02-27,9.25,10.001,9.25,9.501,3000,7.361136
2017-02-24,9.25,9.476,9.25,9.26,3500,7.174415
2017-02-23,9.28,9.303,8.703,9.10,4500,7.050451
2017-02-22,9.49,9.49,9.49,9.49,300,7.352613
2017-02-21,8.42,9.75,8.27,9.50,5400,7.360361
2017-02-17,8.25,9.55,8.25,9.50,5900,7.360361
2017-02-16,8.40,9.04,8.26,9.04,8100,7.003964
2017-02-15,8.50,8.668,8.466,8.668,4000,6.715748
2017-02-14,8.489,8.49,8.489,8.49,700,6.577838
2017-02-13,8.10,8.71,8.10,8.68,2200,6.725045
2017-02-10,8.10,8.31,8.10,8.31,1300,6.438379
2017-02-09,8.34,8.34,8.34,8.34,900,6.461622
2017-02-08,8.34,8.34,8.34,8.34,000,6.461622
2017-02-07,8.34,8.34,8.34,8.34,500,6.461622
2017-02-06,8.35,8.35,8.082,8.35,400,6.46937
2017-02-03,8.30,8.324,7.78,8.25,11400,6.391892
2017-02-02,7.868,8.35,7.868,8.35,3200,6.46937
2017-02-01,7.984,7.984,7.984,7.984,000,6.185802
2017-01-31,7.79,7.984,7.79,7.984,800,6.185802
2017-01-30,7.75,7.75,7.75,7.75,600,6.004505
2017-01-27,8.161,8.161,8.161,8.161,500,6.322937
2017-01-26,7.75,8.35,7.75,8.35,3800,6.46937
2017-01-25,7.71,7.76,7.71,7.76,1000,6.012253
2017-01-24,7.64,7.976,7.64,7.921,3100,6.136991
2017-01-23,7.75,7.75,7.75,7.75,000,6.004505
2017-01-20,7.75,7.75,7.75,7.75,900,6.004505
2017-01-19,7.75,8.00,7.72,7.72,7700,5.981261
2017-01-18,7.72,7.99,7.72,7.99,2900,6.19045
2017-01-17,8.03,8.03,7.71,7.71,25000,5.973514
2017-01-13,7.972,7.972,7.972,7.972,200,6.176505
2017-01-12,7.99,7.99,7.912,7.912,600,6.130018
2017-01-11,7.988,8.00,7.987,7.99,800,6.19045
2017-01-10,8.00,8.00,7.912,8.00,1100,6.198198
2017-01-09,7.914,8.00,7.91,7.99,4700,6.19045
2017-01-06,8.11,8.11,8.00,8.00,4200,6.198198
2017-01-05,7.911,7.911,7.911,7.911,900,6.129243
2017-01-04,7.90,7.90,7.90,7.90,500,6.120721
2017-01-03,7.98,8.00,7.90,7.90,4200,6.120721
2016-12-30,7.915,7.953,7.915,7.94,1400,6.151712
2016-12-29,8.00,8.00,8.00,8.00,000,6.198198
2016-12-28,7.992,8.00,7.962,8.00,6500,6.198198
2016-12-27,7.90,7.90,7.90,7.90,200,6.120721
2016-12-23,8.305,8.305,8.228,8.228,400,6.374847
2016-12-22,7.90,7.90,7.90,7.90,000,6.120721
2016-12-21,7.943,7.943,7.90,7.90,500,6.120721
2016-12-20,7.744,8.00,7.744,7.93,7800,6.143964
2016-12-19,7.72,7.72,7.72,7.72,800,5.981261
2016-12-16,7.94,7.94,7.71,7.93,11000,6.143964
2016-12-15,7.90,7.94,7.76,7.94,6000,6.151712
2016-12-14,7.72,7.786,7.72,7.786,1900,6.032396
2016-12-13,7.60,7.90,7.55,7.71,2700,5.973514
2016-12-12,7.745,7.745,7.60,7.608,1300,5.894486
2016-12-09,7.611,7.611,7.611,7.611,700,5.896811
2016-12-08,7.90,7.90,7.90,7.90,100,6.120721
2016-12-07,7.85,7.90,7.50,7.59,4700,5.880541
2016-12-06,7.85,7.99,7.85,7.85,4500,6.081982
2016-12-05,7.91,8.00,7.85,7.85,10500,6.081982
2016-12-02,7.93,8.00,7.90,7.99,9200,6.19045
2016-12-01,7.84,7.84,7.84,7.84,000,6.074234
2016-11-30,7.88,7.88,7.772,7.84,1300,6.074234
2016-11-29,7.98,7.98,7.81,7.88,6100,6.105225
2016-11-28,8.05,8.05,7.85,8.00,14100,6.198198
2016-11-25,7.84,7.84,7.84,7.84,000,6.074234
2016-11-23,7.56,8.00,7.56,7.84,12500,6.074234
2016-11-22,7.973,7.973,7.46,7.50,6600,5.810811
2016-11-21,8.36,8.36,7.32,7.76,14000,6.012253
2016-11-18,8.561,8.561,8.38,8.38,500,6.492613
2016-11-17,8.12,8.80,8.12,8.80,6600,6.818018
2016-11-16,8.45,8.54,8.41,8.54,800,6.616577
2016-11-15,8.30,8.30,8.30,8.30,000,6.430631
2016-11-14,8.39,8.57,8.255,8.30,6300,6.430631
2016-11-11,8.31,8.65,8.185,8.65,3500,6.701802
2016-11-10,8.85,9.65,8.18,8.61,84800,6.670811
2016-11-09,9.025,9.20,8.246,8.33,21200,6.453874
2016-11-08,8.38,9.208,8.16,9.04,23200,7.003964
2016-11-07,8.532,8.80,8.35,8.80,2800,6.818018
2016-11-04,8.35,8.35,8.35,8.35,100,6.46937
2016-11-03,8.57,8.588,8.40,8.41,9100,6.515856
2016-11-02,8.42,8.42,8.42,8.42,800,6.523604
2016-11-01,8.39,8.39,8.39,8.39,000,6.500361
2016-10-31,8.912,8.912,8.36,8.39,2300,6.500361
2016-10-28,8.987,8.987,8.77,8.811,4200,6.826541
2016-10-27,8.85,8.85,8.85,8.85,1000,6.856757
2016-10-26,8.99,9.00,8.861,8.861,4300,6.865279
2016-10-25,8.98,8.98,8.98,8.98,100,6.957477
2016-10-24,8.963,8.963,8.72,8.72,1700,6.756036
2016-10-21,8.62,8.62,8.62,8.62,1100,6.678559
2016-10-20,8.55,8.55,8.52,8.52,600,6.601082
2016-10-19,8.45,8.617,8.35,8.35,2200,6.46937
2016-10-18,8.873,8.873,8.45,8.46,3700,6.554595
2016-10-17,8.877,8.877,8.877,8.877,900,6.877676
2016-10-14,8.48,8.48,8.48,8.48,000,6.57009
2016-10-13,8.48,8.48,8.48,8.48,1100,6.57009
2016-10-12,8.93,9.33,8.50,8.50,900,6.585586
2016-10-11,8.50,8.55,8.48,8.48,3100,6.57009
2016-10-10,8.70,8.70,8.52,8.52,2400,6.601082
2016-10-07,8.60,8.83,8.60,8.83,600,6.841261
2016-10-06,8.50,8.893,8.39,8.795,2500,6.814144
2016-10-05,8.40,8.50,8.40,8.50,800,6.585586
2016-10-04,8.42,8.962,8.37,8.37,3400,6.484865
2016-10-03,8.82,8.82,8.75,8.75,900,6.779279
2016-09-30,8.82,8.82,8.82,8.82,000,6.833513
2016-09-29,8.41,9.22,8.41,8.82,8000,6.833513
2016-09-28,8.08,8.45,8.03,8.45,5500,6.546847
2016-09-27,8.16,8.22,8.13,8.13,3700,6.298919
2016-09-26,8.32,8.35,8.11,8.14,6700,6.306667
2016-09-23,8.22,8.45,8.22,8.30,1500,6.430631
2016-09-22,8.321,8.47,8.27,8.47,2300,6.562343
2016-09-21,8.60,8.63,8.21,8.359,1400,6.476343
2016-09-20,8.80,9.25,8.61,8.62,3400,6.678559
2016-09-19,9.54,9.749,8.10,8.76,16500,6.787027
2016-09-16,9.72,9.72,9.35,9.37,2100,7.25964
2016-09-15,9.79,10.39,9.75,9.98,5800,7.732252
2016-09-14,10.18,10.50,9.85,9.95,13600,7.709009
2016-09-13,10.40,10.40,9.75,10.04,19300,7.778739
2016-09-12,10.338,10.50,10.25,10.50,12800,8.135135
2016-09-09,10.384,10.482,10.25,10.40,4000,8.057658
2016-09-08,10.34,10.61,10.103,10.35,3400,8.018919
2016-09-07,10.55,10.87,10.20,10.20,7300,7.902703
2016-09-06,10.00,10.86,9.97,10.86,26400,8.414054
2016-09-02,9.95,10.00,9.642,10.00,8900,7.747748
2016-09-01,9.96,10.00,9.625,10.00,1700,7.747748
2016-08-31,9.25,9.88,9.25,9.44,2000,7.313874
2016-08-30,9.934,10.10,9.625,10.00,8900,7.747748
2016-08-29,9.82,9.95,9.23,9.75,15800,7.554054
2016-08-26,9.30,9.999,8.793,8.793,8500,6.812595
2016-08-25,9.80,9.989,8.68,9.565,35500,7.410721
2016-08-24,9.81,9.849,8.90,9.80,8400,7.592793
2016-08-23,9.00,10.00,8.58,9.90,28200,7.67027
2016-08-22,9.35,9.39,8.26,9.00,17500,6.972973
2016-08-19,10.12,10.755,9.05,9.05,18300,7.011712
2016-08-18,7.94,11.56,7.77,10.10,106700,7.825226
2016-08-17,7.80,8.35,7.68,7.91,23300,6.128468
2016-08-16,7.68,8.20,7.51,7.83,34400,6.066487
2016-08-15,7.58,7.65,7.28,7.50,9300,5.810811
2016-08-12,6.90,7.527,6.85,7.26,30200,5.624865
2016-08-11,6.79,6.84,6.79,6.84,1900,5.29946
2016-08-10,6.80,6.80,6.80,6.80,500,5.268469
2016-08-09,6.726,6.726,6.726,6.726,000,5.211135
2016-08-08,6.726,6.726,6.726,6.726,900,5.211135
2016-08-05,6.60,6.60,6.60,6.60,000,5.113514
2016-08-04,6.60,6.60,6.60,6.60,300,5.113514
2016-08-03,6.75,6.75,6.75,6.75,000,5.22973
2016-08-02,6.75,6.75,6.75,6.75,000,5.22973
2016-08-01,6.56,6.79,6.56,6.75,900,5.22973
2016-07-29,6.84,6.84,6.69,6.69,900,5.183243
2016-07-28,6.36,7.10,6.36,6.93,6000,5.369189
2016-07-27,6.343,6.40,6.343,6.40,700,4.958559
2016-07-26,6.66,6.66,6.22,6.333,4200,4.906649
2016-07-25,6.67,6.67,6.38,6.482,10200,5.02209
2016-07-22,6.711,6.736,6.711,6.736,1400,5.218883
2016-07-21,7.00,7.00,6.67,6.685,2200,5.179369
2016-07-20,6.72,6.72,6.72,6.72,400,5.206486
2016-07-19,6.62,6.825,6.62,6.69,2200,5.183243
2016-07-18,6.815,6.815,6.75,6.75,1300,5.22973
2016-07-15,6.88,6.88,6.85,6.85,1100,5.307207
2016-07-14,6.75,6.75,6.75,6.75,600,5.22973
2016-07-13,6.75,6.75,6.75,6.75,1700,5.22973
2016-07-12,6.85,7.00,6.70,7.00,1500,5.423424
2016-07-11,6.75,6.75,6.75,6.75,000,5.22973
2016-07-08,6.80,6.82,6.68,6.75,5400,5.22973
2016-07-07,7.05,7.05,6.71,6.90,5600,5.345946
2016-07-06,7.18,7.18,6.71,6.82,600,5.283964
2016-07-05,6.90,7.399,6.84,6.85,8800,5.307207
2016-07-01,7.29,7.29,6.811,7.00,5100,5.423424
2016-06-30,8.31,8.31,6.93,7.00,3600,5.423424
2016-06-29,6.93,7.43,6.74,7.20,10100,5.578378
2016-06-28,6.70,6.827,6.61,6.815,24600,5.28009
2016-06-27,6.74,6.74,6.50,6.50,2300,5.036036
2016-06-24,6.71,6.71,6.71,6.71,300,5.198739
2016-06-23,6.50,6.727,6.50,6.70,2300,5.190991
2016-06-22,6.70,6.70,6.70,6.70,100,5.190991
2016-06-21,6.68,6.92,6.68,6.85,2900,5.307207
2016-06-20,6.77,7.13,6.62,6.66,4100,5.16
2016-06-17,6.934,6.934,6.85,6.89,2400,5.338198
2016-06-16,6.93,6.93,6.90,6.91,1000,5.353694
2016-06-15,8.08,8.08,6.92,7.00,3500,5.423424
2016-06-14,7.00,7.38,6.90,7.088,18200,5.491604
2016-06-13,7.30,7.57,7.09,7.223,6100,5.596198
2016-06-10,7.30,7.56,7.07,7.07,13700,5.477658
2016-06-09,7.06,7.60,7.06,7.29,15300,5.648108
2016-06-08,6.93,7.20,6.67,7.00,6300,5.423424
2016-06-07,7.36,7.95,7.07,7.07,8400,5.477658
2016-06-06,8.08,8.08,7.29,7.70,5300,5.965766
2016-06-03,7.627,7.627,7.627,7.627,000,5.909207
2016-06-02,8.50,8.50,7.52,7.627,4500,5.909207
2016-06-01,8.102,8.102,8.102,8.102,000,6.277226
2016-05-31,7.453,8.37,7.45,8.102,7000,6.277226
2016-05-27,8.74,8.74,8.74,8.74,400,6.771531
2016-05-26,8.17,8.17,8.17,8.17,200,6.32991
2016-05-25,8.75,8.75,8.169,8.20,3300,6.353153
2016-05-24,7.34,8.11,7.25,7.887,4400,6.110649
2016-05-23,6.77,7.321,6.77,7.19,9900,5.570631
2016-05-20,6.64,6.80,6.64,6.73,3600,5.214234
2016-05-19,6.295,6.65,6.295,6.56,2000,5.082523
2016-05-18,6.612,6.612,6.612,6.612,100,5.122811
2016-05-17,6.585,6.585,6.585,6.585,200,5.101892
2016-05-16,6.57,6.589,6.46,6.55,2100,5.074775
2016-05-13,6.41,6.41,6.41,6.41,600,4.966306
2016-05-12,6.532,6.532,6.532,6.532,000,5.060829
2016-05-11,6.60,6.60,6.532,6.532,800,5.060829
2016-05-10,6.30,6.30,6.30,6.30,000,4.881081
2016-05-09,6.57,6.599,6.30,6.30,1000,4.881081
2016-05-06,6.37,6.37,6.37,6.37,1500,4.935315
2016-05-05,6.38,6.38,6.38,6.38,000,4.943063
2016-05-04,6.31,6.40,6.27,6.38,2300,4.943063
2016-05-03,6.60,6.60,6.278,6.575,2100,5.094144
2016-05-02,6.214,6.38,6.214,6.26,2300,4.85009
2016-04-29,6.47,6.47,6.15,6.35,3300,4.91982
2016-04-28,6.43,6.45,6.23,6.45,1000,4.997297
2016-04-27,6.225,6.225,6.225,6.225,500,4.822973
2016-04-26,6.24,6.45,6.24,6.279,900,4.864811
2016-04-25,6.25,6.25,6.25,6.25,1900,4.842342
2016-04-22,6.25,6.25,6.25,6.25,000,4.842342
2016-04-21,6.249,6.25,6.19,6.25,2100,4.842342
2016-04-20,6.10,6.357,6.10,6.357,600,4.925243
2016-04-19,6.26,6.30,5.96,6.10,8600,4.726126
2016-04-18,6.21,6.28,6.19,6.265,2600,4.853964
2016-04-15,6.30,6.30,6.30,6.30,000,4.881081
2016-04-14,6.25,6.35,6.24,6.30,2000,4.881081
2016-04-13,6.19,6.19,6.19,6.19,000,4.795856
2016-04-12,6.19,6.19,6.19,6.19,500,4.795856
2016-04-11,6.10,6.10,6.10,6.10,000,4.726126
2016-04-08,6.23,6.23,6.10,6.10,200,4.726126
2016-04-07,6.33,6.33,6.33,6.33,000,4.904324
2016-04-06,6.33,6.33,6.33,6.33,000,4.904324
2016-04-05,6.33,6.33,6.33,6.33,000,4.904324
2016-04-04,6.45,6.45,6.33,6.33,600,4.904324
2016-04-01,6.17,6.17,6.17,6.17,000,4.780361
2016-03-31,6.17,6.17,6.17,6.17,000,4.780361
2016-03-30,6.10,6.38,6.10,6.17,2900,4.780361
2016-03-29,6.00,6.00,6.00,6.00,000,4.648649
2016-03-28,6.01,6.02,5.96,6.00,4400,4.648649
2016-03-24,5.96,5.96,5.96,5.96,000,4.617658
2016-03-23,6.311,6.35,5.96,5.96,2500,4.617658
2016-03-22,6.27,6.27,6.27,6.27,000,4.857838
2016-03-21,6.27,6.27,6.27,6.27,000,4.857838
2016-03-18,6.401,6.43,6.10,6.27,3100,4.857838
2016-03-17,6.15,6.15,6.07,6.07,800,4.702883
2016-03-16,6.15,6.15,6.15,6.15,1000,4.764865
2016-03-15,6.00,6.00,5.75,5.80,5500,4.493694
2016-03-14,5.75,6.201,5.75,5.94,2700,4.602162
2016-03-11,5.75,5.885,5.75,5.885,1100,4.55955
2016-03-10,5.85,5.956,5.85,5.956,300,4.614559
2016-03-09,6.462,6.462,6.462,6.462,000,5.006595
2016-03-08,6.55,6.55,6.41,6.462,1800,5.006595
2016-03-07,6.75,6.80,6.55,6.55,2500,5.074775
2016-03-04,6.50,6.50,6.50,6.50,000,5.036036
2016-03-03,6.50,6.50,6.50,6.50,000,5.036036
2016-03-02,6.36,7.19,6.23,6.50,2200,5.036036
2016-03-01,6.25,7.10,5.74,6.91,4500,5.353694
2016-02-29,6.75,6.75,6.00,6.00,2400,4.648649
2016-02-26,6.25,6.25,6.25,6.25,000,4.842342
2016-02-25,6.25,6.25,6.25,6.25,1100,4.842342
2016-02-24,6.00,6.00,6.00,6.00,000,4.648649
2016-02-23,6.16,6.16,5.95,6.00,1900,4.648649
2016-02-22,5.65,5.75,5.65,5.75,1000,4.454955
2016-02-19,5.60,5.60,5.60,5.60,000,4.338739
2016-02-18,5.60,5.60,5.60,5.60,000,4.338739
2016-02-17,5.60,5.60,5.60,5.60,000,4.338739
2016-02-16,5.60,5.60,5.60,5.60,000,4.338739
2016-02-12,5.60,5.60,5.60,5.60,000,4.338739
2016-02-11,5.59,5.60,5.58,5.60,2100,4.338739
2016-02-10,5.42,5.42,5.42,5.42,000,4.199279
2016-02-09,5.42,5.42,5.42,5.42,000,4.199279
2016-02-08,5.42,5.42,5.42,5.42,600,4.199279
2016-02-05,5.301,5.44,5.301,5.44,1000,4.214775
2016-02-04,5.25,5.25,5.01,5.03,3100,3.897117
2016-02-03,5.08,5.08,5.00,5.00,4200,3.873874
2016-02-02,5.00,5.08,5.00,5.08,700,3.935856
2016-02-01,5.07,5.07,5.07,5.07,000,3.928108
2016-01-29,5.07,5.07,5.07,5.07,100,3.928108
2016-01-28,4.81,5.00,4.76,4.83,1700,3.742162
2016-01-27,4.739,4.739,4.739,4.739,000,3.671658
2016-01-26,4.739,4.739,4.739,4.739,000,3.671658
2016-01-25,4.99,5.08,4.739,4.739,1800,3.671658
2016-01-22,4.21,5.00,4.21,5.00,200,3.873874
2016-01-21,5.19,5.20,4.50,4.60,6000,3.563964
2016-01-20,5.251,5.49,5.07,5.39,3200,4.176036
2016-01-19,5.35,5.35,5.35,5.35,100,4.145045
2016-01-15,5.19,5.60,5.19,5.22,16900,4.044324
2016-01-14,5.23,5.30,5.10,5.19,4100,4.021081
2016-01-13,5.50,5.50,5.50,5.50,000,4.261261
2016-01-12,5.37,5.61,5.37,5.50,1500,4.261261
2016-01-11,5.78,5.78,5.78,5.78,300,4.478198
2016-01-08,5.66,6.00,5.39,5.50,8000,4.261261
2016-01-07,5.50,5.50,5.40,5.50,1300,4.261261
2016-01-06,5.65,5.70,5.14,5.14,4400,3.982342
2016-01-05,5.61,5.61,5.61,5.61,000,4.346487
2016-01-04,5.90,6.40,5.61,5.61,7700,4.346487
2015-12-31,6.25,6.88,6.25,6.44,6900,4.98955
2015-12-30,6.10,6.10,6.10,6.10,300,4.726126
2015-12-29,6.08,6.08,6.00,6.00,1400,4.648649
2015-12-28,5.91,6.10,5.91,6.10,1500,4.726126
2015-12-24,6.20,6.20,6.20,6.20,400,4.803604
2015-12-23,6.175,6.175,6.175,6.175,000,4.784234
2015-12-22,6.54,6.55,6.175,6.175,800,4.784234
2015-12-21,6.08,6.08,6.08,6.08,000,4.710631
2015-12-18,6.25,6.25,6.05,6.08,1300,4.710631
2015-12-17,6.00,6.09,6.00,6.00,2000,4.648649
2015-12-16,5.66,5.66,5.66,5.66,000,4.385225
2015-12-15,5.84,6.00,5.66,5.66,3400,4.385225
2015-12-14,5.95,6.00,5.45,5.45,6600,4.222522
2015-12-11,5.58,6.38,4.65,5.00,10400,3.873874
2015-12-10,6.01,6.433,5.58,5.85,2700,4.532432
2015-12-09,6.40,6.40,6.40,6.40,000,4.958559
2015-12-08,6.41,6.41,6.40,6.40,600,4.958559
2015-12-07,6.055,6.415,6.055,6.415,800,4.97018
2015-12-04,6.599,6.599,6.45,6.45,7000,4.997297
2015-12-03,7.08,7.08,6.30,6.40,3700,4.958559
2015-12-02,6.05,6.05,6.05,6.05,200,4.687388
2015-12-01,6.48,6.80,6.48,6.50,1100,5.036036
2015-11-30,6.50,6.50,6.50,6.50,600,5.036036
2015-11-27,6.00,6.02,6.00,6.02,500,4.664144
2015-11-25,5.99,6.00,5.99,6.00,300,4.648649
2015-11-24,6.05,6.109,5.87,5.90,12000,4.571171
2015-11-23,6.05,6.05,6.05,6.05,000,4.687388
2015-11-20,6.45,6.45,6.05,6.05,1100,4.687388
2015-11-19,6.46,6.46,6.33,6.33,700,4.904324
2015-11-18,6.30,6.782,6.01,6.01,6100,4.656397
2015-11-17,5.79,5.79,5.79,5.79,000,4.485946
2015-11-16,6.02,6.02,5.79,5.79,3400,4.485946
2015-11-13,6.00,6.38,6.00,6.38,600,4.943063
2015-11-12,5.98,6.10,5.98,6.00,2900,4.648649
2015-11-11,7.09,7.124,5.05,6.15,40300,4.764865
2015-11-10,7.174,7.24,7.06,7.211,11400,5.586901
2015-11-09,7.13,7.13,7.13,7.13,000,5.524144
2015-11-06,7.13,7.13,7.13,7.13,000,5.524144
2015-11-05,7.13,7.13,7.13,7.13,000,5.524144
2015-11-04,7.13,7.13,7.13,7.13,000,5.524144
2015-11-03,7.13,7.13,7.13,7.13,000,5.524144
2015-11-02,7.13,7.13,7.13,7.13,500,5.524144
2015-10-30,7.19,7.35,7.19,7.35,1000,5.694595
2015-10-29,7.08,7.089,7.08,7.089,200,5.492379
2015-10-28,7.29,7.29,7.29,7.29,000,5.648108
2015-10-27,7.29,7.29,7.29,7.29,000,5.648108
2015-10-26,7.29,7.29,7.29,7.29,000,5.648108
2015-10-23,7.29,7.29,7.29,7.29,100,5.648108
2015-10-22,7.31,7.31,7.31,7.31,000,5.663604
2015-10-21,7.31,7.31,7.31,7.31,500,5.663604
2015-10-20,7.061,7.08,7.06,7.06,2200,5.46991
2015-10-19,7.26,7.26,7.26,7.26,200,5.624865
2015-10-16,7.49,7.49,7.25,7.25,1100,5.617117
2015-10-15,7.17,7.35,7.06,7.23,14600,5.601622
2015-10-14,7.39,7.39,7.39,7.39,300,5.725586
2015-10-13,7.38,7.38,7.38,7.38,100,5.717838
2015-10-12,7.22,7.31,7.161,7.30,2300,5.655856
2015-10-09,7.57,7.57,7.57,7.57,000,5.865045
2015-10-08,7.57,7.57,7.57,7.57,000,5.865045
2015-10-07,7.26,7.57,7.10,7.57,1200,5.865045
2015-10-06,7.73,7.73,7.73,7.73,000,5.989009
2015-10-05,7.83,7.83,7.11,7.73,8500,5.989009
2015-10-02,7.72,8.475,7.70,8.475,1200,6.566217
2015-10-01,8.45,8.45,8.45,8.45,000,6.546847
2015-09-30,8.45,8.45,8.45,8.45,1000,6.546847
2015-09-29,7.78,8.05,7.71,8.05,1800,6.236937
2015-09-28,8.01,8.01,8.01,8.01,000,6.205946
2015-09-25,8.01,8.01,8.01,8.01,1000,6.205946
2015-09-24,8.62,8.62,8.41,8.41,600,6.515856
2015-09-23,9.22,9.22,8.15,8.15,2700,6.314414
2015-09-22,8.37,8.37,8.37,8.37,000,6.484865
2015-09-21,8.37,8.37,8.37,8.37,000,6.484865
2015-09-18,8.15,9.22,8.01,8.37,6300,6.484865
2015-09-17,8.00,8.15,7.99,8.15,1300,6.314414
2015-09-16,8.04,8.14,7.93,8.00,3900,6.198198
2015-09-15,8.12,8.14,8.00,8.12,2100,6.291171
2015-09-14,7.81,8.14,7.81,8.13,1600,6.298919
2015-09-11,8.15,8.15,7.76,8.14,5900,6.306667
2015-09-10,8.00,8.15,7.71,8.15,3700,6.314414
2015-09-09,8.00,8.00,7.90,7.90,900,6.120721
2015-09-08,7.99,8.00,7.877,8.00,2600,6.198198
2015-09-04,7.80,7.88,7.75,7.77,2700,6.02
2015-09-03,7.712,7.712,7.70,7.70,600,5.965766
2015-09-02,8.12,8.12,8.12,8.12,100,6.291171
2015-09-01,8.15,8.15,8.15,8.15,100,6.314414
2015-08-31,7.97,7.97,7.70,7.70,2500,5.965766
2015-08-28,7.70,8.075,7.70,8.075,1300,6.256306
2015-08-27,7.70,7.70,7.70,7.70,200,5.965766
2015-08-26,7.28,7.41,7.11,7.11,1400,5.508649
2015-08-25,7.28,7.28,7.28,7.28,100,5.640361
2015-08-24,7.35,7.35,7.35,7.35,000,5.694595
2015-08-21,7.43,7.43,7.35,7.35,1100,5.694595
2015-08-20,7.55,7.55,7.37,7.38,400,5.717838
2015-08-19,7.58,7.66,7.57,7.66,500,5.934775
2015-08-18,8.175,8.175,8.175,8.175,100,6.333784
2015-08-17,7.76,7.76,7.76,7.76,100,6.012253
2015-08-14,8.06,8.18,7.90,8.00,3100,6.198198
2015-08-13,7.45,7.45,7.33,7.36,2200,5.702343
2015-08-12,7.18,7.72,7.18,7.66,5300,5.934775
2015-08-11,7.10,7.45,7.10,7.36,6100,5.702343
2015-08-10,7.55,7.55,7.55,7.55,000,5.84955
2015-08-07,8.80,8.80,7.30,7.55,8100,5.84955
2015-08-06,8.00,8.05,8.00,8.00,900,6.198198
2015-08-05,7.31,7.31,7.25,7.25,1300,5.617117
2015-08-04,7.26,7.26,7.26,7.26,000,5.624865
2015-08-03,7.26,7.26,7.26,7.26,000,5.624865
2015-07-31,7.75,8.00,7.26,7.26,3000,5.624865
2015-07-30,7.62,8.38,7.61,8.00,1200,6.198198
2015-07-29,8.16,8.16,7.56,7.56,3200,5.857297
2015-07-28,8.06,8.06,8.06,8.06,000,6.244685
2015-07-27,8.25,8.25,8.05,8.06,2100,6.244685
2015-07-24,8.55,8.55,8.25,8.27,1200,6.407388
2015-07-23,8.564,8.564,8.564,8.564,100,6.635171
2015-07-22,8.56,8.56,8.56,8.56,2100,6.632073
2015-07-21,8.75,8.75,8.74,8.74,3100,6.771531
2015-07-20,8.55,8.55,8.55,8.55,1000,6.624325
2015-07-17,8.55,8.55,8.55,8.55,100,6.624325
2015-07-16,8.75,8.75,8.75,8.75,000,6.779279
2015-07-15,8.75,8.75,8.75,8.75,100,6.779279
2015-07-14,8.52,8.988,8.52,8.75,800,6.779279
2015-07-13,8.52,8.52,8.52,8.52,300,6.601082
2015-07-10,8.85,8.85,8.85,8.85,000,6.856757
2015-07-09,8.75,8.85,8.75,8.85,700,6.856757
2015-07-08,8.56,8.75,8.40,8.70,4000,6.740541
2015-07-07,8.99,9.03,8.60,8.60,2700,6.663063
2015-07-06,9.41,9.41,9.41,9.41,000,7.290631
2015-07-02,9.41,9.41,9.41,9.41,300,7.290631
2015-07-01,8.95,8.95,8.95,8.95,100,6.934234
2015-06-30,8.95,8.95,8.95,8.95,100,6.934234
2015-06-29,8.95,8.95,8.95,8.95,100,6.934234
2015-06-26,9.11,9.11,8.69,9.07,1400,7.027207
2015-06-25,8.49,8.98,8.46,8.92,7400,6.910991
2015-06-24,8.50,8.91,8.50,8.91,500,6.903243
2015-06-23,8.30,9.35,8.26,9.35,800,7.244145
2015-06-22,8.37,8.46,8.35,8.45,1400,6.546847
2015-06-19,9.33,9.33,8.50,8.90,2900,6.895495
2015-06-18,8.85,8.99,7.95,8.30,11600,6.430631
2015-06-17,9.29,9.29,8.66,8.68,11100,6.725045
2015-06-16,9.42,9.42,9.12,9.15,2100,7.089189
2015-06-15,9.11,9.25,9.11,9.25,1100,7.166667
2015-06-12,9.12,9.25,9.05,9.25,7300,7.166667
2015-06-11,9.42,9.45,9.15,9.15,7000,7.089189
2015-06-10,9.16,9.46,9.12,9.43,1500,7.306127
2015-06-09,9.15,9.15,9.15,9.15,400,7.089189
2015-06-08,9.50,9.50,9.10,9.48,3100,7.344865
2015-06-05,9.30,9.30,9.30,9.30,700,7.205406
2015-06-04,9.08,9.50,9.07,9.21,1700,7.135676
2015-06-03,9.75,9.85,9.18,9.26,14400,7.174415
2015-06-02,9.575,9.71,9.05,9.50,8000,7.360361
2015-06-01,10.00,10.00,9.68,9.69,3400,7.507567
2015-05-29,9.573,9.95,9.50,9.80,2200,7.592793
2015-05-28,9.75,10.50,9.38,10.24,10200,7.933694
2015-05-27,10.00,10.00,9.05,9.67,16200,7.492072
2015-05-26,9.50,10.00,9.50,10.00,8200,7.747748
2015-05-22,9.70,9.70,9.50,9.60,1900,7.437838
2015-05-21,9.78,9.90,9.45,9.70,9000,7.515315
2015-05-20,9.45,9.75,8.88,9.75,15100,7.554054
2015-05-19,8.50,9.72,8.50,9.25,39600,7.166667
2015-05-18,8.84,9.10,8.45,8.474,15400,6.565442
2015-05-15,9.35,9.496,8.601,8.76,15200,6.787027
2015-05-14,9.00,9.95,8.99,9.57,27200,7.414595
2015-05-13,8.00,9.814,7.89,9.00,166600,6.972973
2015-05-12,8.00,8.00,7.81,7.987,10000,6.188126
2015-05-11,7.71,8.00,7.409,7.81,6600,6.050991
2015-05-08,7.97,8.00,7.75,8.00,29300,6.198198
2015-05-07,7.97,7.98,7.96,7.98,3800,6.182703
2015-05-06,7.78,7.98,7.60,7.98,4800,6.182703
2015-05-05,7.412,8.00,7.412,7.999,14900,6.197424
2015-05-04,7.23,7.24,7.18,7.19,2200,5.570631
2015-05-01,7.20,7.20,6.77,6.908,3800,5.352144
2015-04-30,7.19,7.79,6.81,6.81,10100,5.276216
2015-04-29,7.25,7.25,7.02,7.19,3400,5.570631
2015-04-28,6.82,7.18,6.82,7.18,1600,5.562883
2015-04-27,6.85,7.03,6.84,6.937,6500,5.374613
2015-04-24,7.25,7.25,7.249,7.249,1000,5.616343
2015-04-23,7.50,7.50,6.81,7.30,800,5.655856
2015-04-22,7.20,7.20,7.05,7.05,3800,5.462162
2015-04-21,7.20,7.20,6.99,7.20,3900,5.578378
2015-04-20,7.26,7.31,7.25,7.25,1600,5.617117
2015-04-17,7.25,7.25,7.25,7.25,400,5.617117
2015-04-16,7.26,7.26,7.26,7.26,500,5.624865
2015-04-15,7.32,7.487,7.25,7.252,3800,5.618667
2015-04-14,7.50,7.50,7.30,7.301,7300,5.656631
2015-04-13,7.52,7.54,7.35,7.54,2600,5.841802
2015-04-10,7.38,7.38,7.38,7.38,200,5.717838
2015-04-09,7.54,7.60,7.54,7.59,1500,5.880541
2015-04-08,7.62,7.62,7.25,7.50,7400,5.810811
2015-04-07,7.55,7.55,7.55,7.55,600,5.84955
2015-04-06,7.89,7.89,7.50,7.528,3200,5.832505
2015-04-02,7.94,7.95,7.55,7.92,6800,6.136216
2015-04-01,7.36,7.66,7.35,7.40,1200,5.733334
2015-03-31,7.35,8.00,7.35,7.754,4100,6.007604
2015-03-30,7.51,7.51,7.36,7.36,1000,5.702343
2015-03-27,7.80,7.95,7.447,7.447,2400,5.769748
2015-03-26,7.50,8.00,7.50,7.60,5200,5.888288
2015-03-25,8.00,8.00,7.43,7.43,3000,5.756577
2015-03-24,7.85,8.00,7.85,8.00,21000,6.198198
2015-03-23,7.75,7.75,7.75,7.75,600,6.004505
2015-03-20,7.67,7.81,7.60,7.60,5100,5.888288
2015-03-19,7.78,7.78,7.78,7.78,100,6.027748
2015-03-18,8.225,8.225,8.225,8.225,200,6.372523
2015-03-17,8.02,8.02,8.01,8.01,3100,6.205946
2015-03-16,8.10,8.10,8.10,8.10,200,6.275676
2015-03-13,8.00,8.00,8.00,8.00,000,6.198198
2015-03-12,8.00,8.00,8.00,8.00,000,6.198198
2015-03-11,8.00,8.00,8.00,8.00,000,6.198198
2015-03-10,7.71,8.20,7.71,8.00,600,6.198198
2015-03-09,8.20,8.20,8.20,8.20,200,6.353153
2015-03-06,8.18,8.18,8.18,8.18,000,6.337658
2015-03-05,7.53,8.18,7.53,8.18,200,6.337658
2015-03-04,7.80,8.00,7.80,8.00,2100,6.198198
2015-03-03,8.02,8.22,7.87,8.00,1900,6.198198
2015-03-02,7.86,8.16,7.86,8.16,200,6.322162
2015-02-27,7.65,8.22,7.65,8.22,300,6.368649
2015-02-26,7.55,8.23,7.55,8.23,400,6.376396
2015-02-25,8.22,8.22,8.22,8.22,100,6.368649
2015-02-24,8.32,8.60,7.99,7.99,1500,6.19045
2015-02-23,8.26,8.65,8.00,8.25,3700,6.391892
2015-02-20,8.70,8.70,8.03,8.405,1500,6.511982
2015-02-19,7.10,8.72,7.10,8.50,25200,6.585586
2015-02-18,7.60,8.24,7.25,7.68,10500,5.95027
2015-02-17,6.73,7.50,6.73,7.50,10200,5.810811
2015-02-13,6.64,6.98,6.454,6.642,6700,5.146054
2015-02-12,6.64,6.64,6.64,6.64,000,5.144505
2015-02-11,6.64,6.64,6.64,6.64,000,5.144505
2015-02-10,6.33,6.64,6.30,6.64,800,5.144505
2015-02-09,6.89,6.89,6.89,6.89,200,5.338198
2015-02-06,6.64,6.64,6.50,6.50,900,5.036036
2015-02-05,6.70,6.70,6.70,6.70,000,5.190991
2015-02-04,6.70,6.702,6.70,6.70,2500,5.190991
2015-02-03,6.70,6.70,6.70,6.70,000,5.190991
2015-02-02,6.75,6.95,6.70,6.70,400,5.190991
2015-01-30,6.70,6.70,6.70,6.70,400,5.190991
2015-01-29,6.70,6.75,6.70,6.70,1500,5.190991
2015-01-28,6.50,6.50,6.50,6.50,000,5.036036
2015-01-27,6.50,6.50,6.50,6.50,000,5.036036
2015-01-26,6.50,6.50,6.50,6.50,000,5.036036
2015-01-23,6.50,6.94,6.50,6.50,2100,5.036036
2015-01-22,6.50,6.50,6.50,6.50,1200,5.036036
2015-01-21,6.94,6.94,6.50,6.931,1400,5.369964
2015-01-20,6.46,6.46,6.05,6.05,700,4.687388
2015-01-16,6.75,6.86,6.05,6.73,4700,5.214234
2015-01-15,6.50,6.50,6.50,6.50,000,5.036036
2015-01-14,6.75,6.75,6.50,6.50,4500,5.036036
2015-01-13,7.05,7.05,7.05,7.05,700,5.462162
2015-01-12,7.309,7.309,7.309,7.309,200,5.662829
2015-01-09,7.00,7.00,7.00,7.00,200,5.423424
2015-01-08,7.00,7.00,7.00,7.00,000,5.423424
2015-01-07,6.75,7.028,6.75,7.00,800,5.423424
2015-01-06,7.335,7.335,7.00,7.00,700,5.423424
2015-01-05,6.65,7.97,6.60,6.83,1500,5.291712
2015-01-02,7.74,7.84,7.74,7.74,600,5.996757
2014-12-31,7.65,7.759,6.30,6.76,19600,5.237478
2014-12-30,7.53,8.25,7.53,7.98,2100,6.182703
2014-12-29,7.76,8.02,7.50,8.00,4200,6.198198
2014-12-26,7.88,9.09,7.81,8.101,2300,6.27645
2014-12-24,8.138,8.138,8.04,8.04,1400,6.229189
2014-12-23,7.81,8.24,7.61,8.11,9900,6.283423
2014-12-22,8.58,8.78,8.11,8.11,1700,6.283423
2014-12-19,9.19,9.23,8.00,8.00,13400,6.198198
2014-12-18,9.11,9.11,8.75,9.00,1700,6.972973
2014-12-17,8.75,8.999,8.75,8.75,3400,6.779279
2014-12-16,8.91,9.24,8.75,8.97,5100,6.94973
2014-12-15,9.22,9.25,8.85,9.22,3300,7.143424
2014-12-12,9.25,9.25,8.94,9.10,1000,7.050451
2014-12-11,9.08,9.25,9.08,9.25,1300,7.166667
2014-12-10,9.18,9.25,9.05,9.24,2400,7.158919
2014-12-09,9.12,9.17,8.80,9.15,1200,7.089189
2014-12-08,9.09,9.18,9.07,9.13,1300,7.073694
2014-12-05,9.12,9.15,9.04,9.09,1300,7.042703
2014-12-04,8.58,8.95,8.58,8.85,1700,6.856757
2014-12-03,8.794,9.04,8.50,8.50,1300,6.585586
2014-12-02,8.50,8.50,8.50,8.50,200,6.585586
2014-12-01,8.26,8.26,8.15,8.20,2400,6.353153
2014-11-28,8.98,8.98,8.87,8.87,1200,6.872252
2014-11-26,8.75,9.10,8.75,9.04,1400,7.003964
2014-11-25,9.05,9.17,9.00,9.00,2500,6.972973
2014-11-24,9.04,9.16,9.00,9.01,6000,6.980721
2014-11-21,9.18,9.18,9.05,9.18,1800,7.112433
2014-11-20,9.06,9.14,9.05,9.14,3600,7.081442
2014-11-19,9.081,9.15,9.05,9.05,6600,7.011712
2014-11-18,9.039,9.15,8.86,9.15,2300,7.089189
2014-11-17,8.84,9.18,8.80,9.18,5400,7.112433
2014-11-14,9.19,9.19,9.13,9.13,3800,7.073694
2014-11-13,9.22,9.22,9.001,9.22,2400,7.143424
2014-11-12,9.24,9.24,9.22,9.24,1700,7.158919
2014-11-11,9.204,9.24,8.80,9.24,1600,7.158919
2014-11-10,9.19,9.19,9.19,9.19,800,7.12018
2014-11-07,9.05,9.15,9.05,9.15,3900,7.089189
2014-11-06,8.621,9.05,8.621,9.05,1500,7.011712
2014-11-05,8.90,9.10,8.75,8.90,1100,6.895495
2014-11-04,9.00,9.08,8.96,9.08,1500,7.034955
2014-11-03,9.07,9.07,9.07,9.07,000,7.027207
2014-10-31,9.089,9.10,9.00,9.07,1400,7.027207
2014-10-30,9.00,9.055,9.00,9.055,1000,7.015586
2014-10-29,8.66,8.71,8.66,8.69,1300,6.732793
2014-10-28,9.099,9.099,8.68,8.73,7100,6.763784
2014-10-27,9.11,9.11,9.00,9.05,2800,7.011712
2014-10-24,9.05,9.05,9.05,9.05,800,7.011712
2014-10-23,8.79,9.00,8.63,8.90,7100,6.895495
2014-10-22,8.78,8.79,8.78,8.79,200,6.81027
2014-10-21,8.53,8.99,8.19,8.63,11100,6.686307
2014-10-20,8.57,8.57,8.50,8.50,800,6.585586
2014-10-17,8.55,8.738,8.55,8.702,1300,6.74209
2014-10-16,8.29,9.04,8.25,8.966,3100,6.94663
2014-10-15,8.419,8.928,8.419,8.928,1200,6.91719
2014-10-14,8.99,9.15,8.75,8.75,4700,6.779279
2014-10-13,9.09,9.09,9.09,9.09,200,7.042703
2014-10-10,8.76,9.79,8.75,9.00,2800,6.972973
2014-10-09,8.77,8.83,8.77,8.821,800,6.834288
2014-10-08,9.00,9.00,8.17,9.00,4500,6.972973
2014-10-07,9.00,9.05,8.32,8.32,1800,6.446126
2014-10-06,9.24,9.25,8.51,8.63,6900,6.686307
2014-10-03,9.76,9.76,9.15,9.74,6100,7.546306
2014-10-02,10.15,10.65,9.731,9.75,7600,7.554054
2014-10-01,10.25,10.25,9.65,10.10,4300,7.825226
2014-09-30,10.20,10.35,9.51,10.25,13600,7.941442
2014-09-29,11.51,11.75,10.50,10.50,6000,8.135135
2014-09-26,12.84,12.84,10.14,11.75,30300,9.103604
2014-09-25,12.25,17.469999,12.001,13.15,283400,10.188288
