Date,Open,High,Low,Close,Volume,Adj Close
2017-03-31,13.24,13.40,13.16,13.35,330500,13.35
2017-03-30,12.77,13.60,12.77,13.39,231600,13.39
2017-03-29,12.80,13.07,12.75,12.82,192300,12.82
2017-03-28,12.58,12.96,12.58,12.88,65100,12.88
2017-03-27,12.36,12.70,12.28,12.62,56500,12.62
2017-03-24,12.47,12.62,12.47,12.60,111700,12.60
2017-03-23,12.13,12.52,12.13,12.52,112000,12.52
2017-03-22,12.08,12.36,11.95,12.11,76000,12.11
2017-03-21,13.44,13.44,12.16,12.24,281200,12.24
2017-03-20,13.76,13.76,13.36,13.38,78000,13.38
2017-03-17,13.42,13.89,13.42,13.80,175400,13.80
2017-03-16,13.44,13.52,13.33,13.47,141700,13.47
2017-03-15,13.56,13.67,13.42,13.44,44100,13.44
2017-03-14,13.54,13.62,13.30,13.58,56700,13.58
2017-03-13,13.48,13.86,13.48,13.59,91200,13.59
2017-03-10,13.51,13.59,13.30,13.58,115600,13.58
2017-03-09,13.54,13.70,13.36,13.41,182900,13.41
2017-03-08,13.67,13.82,13.57,13.59,69000,13.59
2017-03-07,13.72,13.76,13.61,13.65,49800,13.65
2017-03-06,13.80,13.80,13.49,13.72,63800,13.72
2017-03-03,13.96,14.05,13.83,13.91,23200,13.91
2017-03-02,14.30,14.30,13.89,13.95,55200,13.95
2017-03-01,14.00,14.44,14.00,14.27,87400,14.27
2017-02-28,13.96,14.05,13.67,13.76,68800,13.76
2017-02-27,13.93,14.12,13.89,14.06,68900,14.06
2017-02-24,13.97,14.08,13.93,13.99,39500,13.99
2017-02-23,14.05,14.14,13.94,14.12,74000,14.12
2017-02-22,13.95,14.09,13.95,14.05,105400,14.05
2017-02-21,13.71,13.95,13.71,13.93,96500,13.93
2017-02-17,13.78,13.87,13.60,13.81,61900,13.81
2017-02-16,13.81,13.89,13.66,13.76,77000,13.76
2017-02-15,13.86,14.02,13.84,13.88,67000,13.88
2017-02-14,13.57,13.97,13.55,13.95,90200,13.95
2017-02-13,13.49,13.69,13.29,13.66,283700,13.66
2017-02-10,13.14,13.50,13.06,13.47,102000,13.410001
2017-02-09,13.15,13.43,13.11,13.16,27400,13.101381
2017-02-08,13.32,13.40,12.97,13.13,64400,13.071515
2017-02-07,13.54,13.60,13.27,13.32,60300,13.260668
2017-02-06,13.63,13.65,13.37,13.45,40300,13.390089
2017-02-03,13.39,13.69,13.38,13.66,79300,13.599154
2017-02-02,13.43,13.43,13.09,13.26,108800,13.200936
2017-02-01,13.70,13.83,13.44,13.44,56500,13.380134
2017-01-31,13.63,13.66,13.23,13.54,107200,13.479689
2017-01-30,13.60,13.65,13.28,13.37,94400,13.310446
2017-01-27,13.24,13.88,13.24,13.67,75900,13.60911
2017-01-26,13.81,14.00,13.75,13.79,63000,13.728575
2017-01-25,13.52,14.12,13.52,13.79,190400,13.728575
2017-01-24,12.36,13.52,12.36,13.47,221200,13.410001
2017-01-23,12.43,12.56,12.21,12.35,66200,12.29499
2017-01-20,12.32,12.57,12.32,12.49,89100,12.434365
2017-01-19,12.41,12.51,12.35,12.37,81100,12.3149
2017-01-18,12.47,12.50,12.19,12.48,182500,12.42441
2017-01-17,12.88,12.88,12.39,12.50,101800,12.444321
2017-01-13,12.78,13.07,12.78,12.87,189100,12.812673
2017-01-12,12.68,12.77,12.51,12.73,121600,12.673296
2017-01-11,12.76,12.79,12.58,12.73,186000,12.673296
2017-01-10,12.25,12.75,12.25,12.75,543300,12.693207
2017-01-09,12.28,12.50,12.20,12.27,61100,12.215346
2017-01-06,12.11,12.44,12.11,12.37,768800,12.3149
2017-01-05,12.04,12.25,11.91,12.06,236700,12.006281
2017-01-04,12.17,12.24,11.99,12.13,354800,12.075969
2017-01-03,12.42,12.75,11.91,12.08,183700,12.026192
2016-12-30,12.30,12.38,12.20,12.33,116600,12.275078
2016-12-29,12.45,12.59,12.21,12.32,88200,12.265123
2016-12-28,12.21,12.64,12.17,12.47,229200,12.414455
2016-12-27,11.94,12.18,11.90,12.15,174900,12.09588
2016-12-23,12.00,12.00,11.86,11.94,183900,11.886815
2016-12-22,11.78,12.08,11.78,11.95,639800,11.896771
2016-12-21,11.79,11.83,11.67,11.75,147600,11.697662
2016-12-20,11.68,11.79,11.62,11.74,494800,11.687706
2016-12-19,11.69,11.73,11.56,11.61,134900,11.558285
2016-12-16,11.69,12.01,11.51,11.62,620800,11.568241
2016-12-15,11.70,11.80,11.59,11.73,436800,11.67775
2016-12-14,11.60,12.06,11.41,11.75,582100,11.697662
2016-12-13,11.27,11.55,11.27,11.54,2508800,11.488597
2016-12-12,11.19,12.52,10.54,10.86,61300,10.811626
2016-12-09,11.07,11.63,10.73,11.26,95500,11.209845
2016-12-08,10.33,11.07,10.26,10.95,73200,10.901225
2016-12-07,10.12,10.45,9.97,10.28,54600,10.234209
2016-12-06,10.15,10.22,10.09,10.16,61800,10.114744
2016-12-05,10.20,10.20,10.09,10.10,64600,10.055012
2016-12-02,10.16,10.23,10.10,10.11,27600,10.064967
2016-12-01,10.00,10.21,10.00,10.16,34700,10.114744
2016-11-30,10.10,10.24,9.94,9.95,34300,9.905679
2016-11-29,10.21,10.23,10.09,10.13,24100,10.084878
2016-11-28,10.36,10.40,10.02,10.11,42500,10.064967
2016-11-25,10.20,10.51,10.01,10.39,55300,10.34372
2016-11-23,10.00,10.08,9.95,10.04,47400,9.995279
2016-11-22,9.66,10.00,9.60,9.99,56100,9.945501
2016-11-21,9.79,10.06,9.50,9.61,127200,9.567194
2016-11-18,9.29,9.84,9.05,9.81,66300,9.766304
2016-11-17,8.95,9.33,8.89,9.31,42100,9.268531
2016-11-16,8.88,9.00,8.46,9.00,58200,8.959911
2016-11-15,8.89,8.93,8.83,8.88,76400,8.840446
2016-11-14,9.04,9.10,8.77,8.86,54400,8.820534
2016-11-11,8.92,9.48,8.88,8.90,173600,8.860356
2016-11-10,8.30,8.85,8.20,8.84,166000,8.800624
2016-11-09,8.28,8.37,8.18,8.25,74000,8.153519
2016-11-08,8.21,8.25,8.21,8.24,9800,8.143636
2016-11-07,8.19,8.22,8.09,8.20,35900,8.104104
2016-11-04,8.10,8.18,8.02,8.03,16100,7.936092
2016-11-03,8.00,8.13,7.91,8.06,80100,7.965741
2016-11-02,8.04,8.12,7.99,8.00,71400,7.906443
2016-11-01,7.98,8.05,7.96,8.01,101300,7.916326
2016-10-31,8.02,8.47,7.92,7.95,79300,7.857027
2016-10-28,8.11,8.39,7.90,7.96,25100,7.86691
2016-10-27,8.20,8.22,8.12,8.14,9000,8.044806
2016-10-26,8.27,8.29,8.12,8.13,57600,8.034922
2016-10-25,8.25,8.36,8.18,8.32,13800,8.2227
2016-10-24,8.28,8.33,8.12,8.28,59600,8.183168
2016-10-21,8.14,8.36,8.11,8.28,72400,8.183168
2016-10-20,8.20,8.23,8.10,8.22,51800,8.12387
2016-10-19,8.15,8.24,8.11,8.18,9900,8.084338
2016-10-18,8.10,8.16,7.98,8.11,50900,8.015156
2016-10-17,8.01,8.18,8.01,8.06,6400,7.965741
2016-10-14,8.08,8.09,7.95,8.05,7000,7.955858
2016-10-13,8.13,8.15,8.04,8.06,64100,7.965741
2016-10-12,8.08,8.18,8.08,8.13,10200,8.034922
2016-10-11,8.18,8.18,8.04,8.06,20500,7.965741
2016-10-10,8.05,8.17,8.05,8.14,13600,8.044806
2016-10-07,8.16,8.16,8.06,8.13,9800,8.034922
2016-10-06,8.06,8.18,8.03,8.15,86000,8.054688
2016-10-05,8.07,8.14,8.04,8.05,21400,7.955858
2016-10-04,8.07,8.07,8.05,8.07,3600,7.975624
2016-10-03,8.14,8.14,8.06,8.08,9000,7.985507
2016-09-30,8.05,8.28,8.02,8.20,22200,8.104104
2016-09-29,8.13,8.24,8.01,8.02,7700,7.926209
2016-09-28,8.20,8.24,8.13,8.16,20300,8.064571
2016-09-27,8.19,8.26,8.19,8.20,43800,8.104104
2016-09-26,8.04,8.18,8.01,8.17,22000,8.074455
2016-09-23,8.14,8.16,8.09,8.11,14300,8.015156
2016-09-22,8.03,8.16,8.02,8.13,43700,8.034922
2016-09-21,8.07,8.07,7.93,8.03,31700,7.936092
2016-09-20,8.10,8.10,8.02,8.02,6500,7.926209
2016-09-19,8.11,8.12,8.03,8.09,22400,7.99539
2016-09-16,8.15,8.15,8.06,8.06,63700,7.965741
2016-09-15,8.11,8.17,8.10,8.17,9600,8.074455
2016-09-14,8.05,8.20,8.03,8.12,15900,8.025039
2016-09-13,7.96,8.09,7.96,8.05,95700,7.955858
2016-09-12,8.03,8.06,7.90,8.06,128300,7.965741
2016-09-09,8.06,8.14,7.99,8.01,17100,7.916326
2016-09-08,8.17,8.25,8.15,8.23,9700,8.133752
2016-09-07,8.15,8.20,7.99,8.15,28400,8.054688
2016-09-06,8.08,8.22,8.01,8.15,119800,8.054688
2016-09-02,8.12,8.23,8.08,8.12,19600,8.025039
2016-09-01,8.09,8.09,7.90,8.06,95300,7.965741
2016-08-31,8.20,8.32,8.02,8.07,47400,7.975624
2016-08-30,8.22,8.28,8.19,8.21,13700,8.113987
2016-08-29,8.27,8.32,8.13,8.26,11300,8.163402
2016-08-26,8.28,8.35,8.18,8.28,12300,8.183168
2016-08-25,8.27,8.35,8.22,8.28,9700,8.183168
2016-08-24,8.13,8.32,8.13,8.18,23100,8.084338
2016-08-23,8.31,8.31,8.21,8.27,10600,8.173286
2016-08-22,8.20,8.35,8.20,8.28,15600,8.183168
2016-08-19,8.15,8.25,8.10,8.21,40700,8.113987
2016-08-18,8.19,8.19,8.01,8.15,9400,8.054688
2016-08-17,8.12,8.14,8.00,8.05,12500,7.955858
2016-08-16,8.32,8.35,8.24,8.25,12500,8.153519
2016-08-15,8.39,8.41,8.25,8.26,18800,8.163402
2016-08-12,8.33,8.40,8.30,8.34,14000,8.242467
2016-08-11,8.39,8.44,8.35,8.37,10000,8.272116
2016-08-10,8.20,8.49,8.14,8.41,71600,8.252349
2016-08-09,8.22,8.34,8.13,8.27,101000,8.114974
2016-08-08,8.26,8.31,8.22,8.25,11100,8.095349
2016-08-05,8.25,8.37,8.19,8.27,32400,8.114974
2016-08-04,8.26,8.32,8.15,8.18,13600,8.026661
2016-08-03,8.10,8.30,8.10,8.25,16800,8.095349
2016-08-02,8.25,8.35,8.11,8.11,12300,7.957973
2016-08-01,8.15,8.21,8.14,8.16,10300,8.007036
2016-07-29,8.12,8.23,8.10,8.14,13700,7.987411
2016-07-28,8.21,8.25,8.10,8.18,7700,8.026661
2016-07-27,8.14,8.32,8.11,8.21,8300,8.056099
2016-07-26,8.44,8.44,8.08,8.12,8700,7.967786
2016-07-25,8.32,8.33,7.56,8.19,17300,8.036473
2016-07-22,8.18,8.41,8.18,8.23,8700,8.075723
2016-07-21,8.35,8.35,8.15,8.20,27200,8.046286
2016-07-20,8.46,8.46,8.37,8.40,19200,8.242537
2016-07-19,8.39,8.46,8.35,8.41,13600,8.252349
2016-07-18,8.43,8.50,8.36,8.42,22900,8.262162
2016-07-15,8.49,8.50,8.31,8.46,23100,8.301412
2016-07-14,8.38,8.49,8.27,8.45,20200,8.291599
2016-07-13,8.04,8.30,8.04,8.29,49100,8.134599
2016-07-12,7.90,8.15,7.90,8.03,225300,7.879473
2016-07-11,8.00,8.00,7.89,7.91,38200,7.761722
2016-07-08,7.82,8.00,7.82,7.99,77700,7.840222
2016-07-07,7.80,7.84,7.71,7.71,284000,7.565471
2016-07-06,7.73,7.87,7.73,7.81,21000,7.663597
2016-07-05,7.80,7.86,7.80,7.82,35200,7.67341
2016-07-01,7.90,8.00,7.84,7.91,94900,7.761722
2016-06-30,7.97,7.99,7.90,7.94,50100,7.79116
2016-06-29,7.80,7.98,7.70,7.96,278200,7.810785
2016-06-28,7.76,7.92,7.70,7.75,36800,7.604722
2016-06-27,7.73,7.76,7.59,7.69,46600,7.545846
2016-06-24,7.84,8.03,7.75,7.79,166800,7.643972
2016-06-23,7.95,8.15,7.95,8.12,819200,7.967786
2016-06-22,7.95,8.06,7.84,7.86,28800,7.71266
2016-06-21,7.82,7.95,7.76,7.92,30700,7.771535
2016-06-20,7.70,7.93,7.70,7.79,31700,7.643972
2016-06-17,7.80,7.85,7.55,7.58,108000,7.437908
2016-06-16,7.67,7.80,7.53,7.77,22300,7.624347
2016-06-15,7.76,7.86,7.75,7.77,9400,7.624347
2016-06-14,7.88,7.98,7.75,7.81,10600,7.663597
2016-06-13,8.05,8.19,7.88,7.99,254100,7.840222
2016-06-10,8.03,8.10,7.96,8.09,20000,7.938348
2016-06-09,7.99,8.09,7.86,8.07,23500,7.918723
2016-06-08,7.97,8.08,7.97,8.06,13200,7.908911
2016-06-07,7.96,8.00,7.91,7.95,18300,7.800972
2016-06-06,7.97,8.15,7.77,7.90,38500,7.75191
2016-06-03,8.07,8.07,7.95,7.98,9400,7.83041
2016-06-02,8.02,8.10,8.00,8.09,17800,7.938348
2016-06-01,8.04,8.14,7.96,8.08,20000,7.928535
2016-05-31,8.03,8.09,7.92,8.05,23600,7.899098
2016-05-27,8.07,8.11,7.97,8.03,18300,7.879473
2016-05-26,8.15,8.17,8.09,8.09,4700,7.938348
2016-05-25,8.23,8.23,8.13,8.15,18500,7.997223
2016-05-24,8.28,8.30,8.15,8.26,111600,8.105162
2016-05-23,8.06,8.25,7.96,8.13,14800,7.977598
2016-05-20,7.91,8.11,7.86,8.10,80100,7.948161
2016-05-19,7.91,8.04,7.72,7.86,22600,7.71266
2016-05-18,7.69,8.02,7.69,7.96,12000,7.810785
2016-05-17,8.01,8.13,7.70,7.72,34500,7.575284
2016-05-16,7.96,8.10,7.95,8.10,18500,7.948161
2016-05-13,8.08,8.08,7.97,8.03,20700,7.820597
2016-05-12,8.07,8.14,7.97,8.08,637700,7.869294
2016-05-11,8.26,8.26,8.17,8.19,15100,7.976425
2016-05-10,8.14,8.26,8.14,8.25,48000,8.034861
2016-05-09,8.10,8.14,8.07,8.08,40100,7.869294
2016-05-06,7.86,8.09,7.78,8.07,23500,7.859554
2016-05-05,8.06,8.07,7.81,7.85,17000,7.645291
2016-05-04,8.09,8.14,7.95,8.00,38100,7.79138
2016-05-03,8.29,8.37,8.11,8.11,55400,7.898511
2016-05-02,8.40,8.49,8.31,8.34,16100,8.122514
2016-04-29,8.32,8.45,8.32,8.35,21500,8.132253
2016-04-28,8.44,8.48,8.18,8.25,11700,8.034861
2016-04-27,8.44,8.44,8.26,8.38,8100,8.161471
2016-04-26,7.98,8.46,7.98,8.41,38700,8.190688
2016-04-25,7.90,8.01,7.90,7.97,21200,7.762162
2016-04-22,7.94,8.04,7.90,7.99,99400,7.78164
2016-04-21,8.08,8.09,7.84,7.86,56800,7.655031
2016-04-20,8.13,8.13,8.06,8.10,10600,7.888773
2016-04-19,8.21,8.22,8.11,8.13,10100,7.91799
2016-04-18,8.14,8.23,8.14,8.20,26200,7.986164
2016-04-15,8.03,8.24,8.03,8.22,16300,8.005643
2016-04-14,7.95,8.10,7.95,8.08,15100,7.869294
2016-04-13,7.94,8.00,7.84,8.00,25000,7.79138
2016-04-12,7.64,7.80,7.62,7.73,10800,7.528421
2016-04-11,7.70,7.75,7.68,7.71,14100,7.508942
2016-04-08,7.66,7.73,7.63,7.66,5800,7.460246
2016-04-07,7.54,7.55,7.50,7.54,16900,7.343376
2016-04-06,7.54,7.59,7.51,7.58,21200,7.382332
2016-04-05,7.74,7.79,7.51,7.52,19300,7.323897
2016-04-04,7.80,7.83,7.60,7.62,12400,7.421289
2016-04-01,7.75,7.89,7.69,7.80,22500,7.596596
2016-03-31,8.01,8.01,7.78,7.79,20100,7.586856
2016-03-30,7.96,8.03,7.90,7.98,30500,7.771901
2016-03-29,7.73,7.98,7.71,7.92,30700,7.713466
2016-03-28,7.69,7.75,7.65,7.68,11400,7.479725
2016-03-24,7.45,7.70,7.45,7.65,36300,7.450507
2016-03-23,7.59,7.75,7.59,7.64,22000,7.440768
2016-03-22,7.45,7.69,7.37,7.58,18600,7.382332
2016-03-21,7.48,7.50,7.45,7.46,15100,7.265462
2016-03-18,7.30,7.42,7.25,7.42,96000,7.226505
2016-03-17,7.33,7.40,7.22,7.26,44400,7.070678
2016-03-16,7.42,7.44,7.30,7.36,19100,7.16807
2016-03-15,7.50,7.50,7.30,7.32,15800,7.129113
2016-03-14,7.59,7.59,7.49,7.52,10600,7.323897
2016-03-11,7.55,7.60,7.45,7.59,25200,7.392072
2016-03-10,7.41,7.50,7.27,7.48,12900,7.28494
2016-03-09,7.33,7.38,7.26,7.37,8500,7.177809
2016-03-08,7.42,7.48,7.28,7.31,22400,7.119373
2016-03-07,7.41,7.51,7.41,7.47,19400,7.275201
2016-03-04,7.42,7.50,7.37,7.47,12100,7.275201
2016-03-03,7.45,7.45,7.36,7.39,21100,7.197287
2016-03-02,7.24,7.40,7.24,7.39,16600,7.197287
2016-03-01,7.30,7.34,7.20,7.27,56800,7.080416
2016-02-29,7.34,7.37,7.24,7.26,33300,7.070678
2016-02-26,7.30,7.36,7.25,7.32,23300,7.129113
2016-02-25,7.20,7.30,7.16,7.27,45400,7.080416
2016-02-24,7.08,7.30,6.95,7.23,32200,7.04146
2016-02-23,7.22,7.28,7.07,7.18,32300,6.992763
2016-02-22,7.30,7.35,7.21,7.22,47500,7.03172
2016-02-19,7.24,7.30,7.20,7.22,30000,7.03172
2016-02-18,7.28,7.28,7.18,7.26,63100,7.070678
2016-02-17,7.20,7.29,7.20,7.25,71700,7.060938
2016-02-16,7.21,7.21,7.08,7.14,66400,6.953806
2016-02-12,7.17,7.17,7.05,7.10,90100,6.91485
2016-02-11,7.04,7.20,7.04,7.10,45800,6.856414
2016-02-10,7.30,7.38,7.04,7.21,1881300,6.962641
2016-02-09,7.14,7.32,7.14,7.23,32200,6.981954
2016-02-08,7.15,7.29,7.14,7.25,48900,7.001268
2016-02-05,7.50,7.51,7.15,7.20,120100,6.952983
2016-02-04,7.48,7.68,7.48,7.51,14000,7.252348
2016-02-03,7.62,7.77,7.47,7.51,185000,7.252348
2016-02-02,7.15,7.84,7.15,7.61,31000,7.348917
2016-02-01,7.65,7.65,7.47,7.61,30400,7.348917
2016-01-29,7.43,7.70,7.42,7.70,24800,7.435829
2016-01-28,7.32,7.48,7.32,7.41,10300,7.155779
2016-01-27,7.42,7.55,7.21,7.27,27800,7.020582
2016-01-26,7.48,7.57,7.39,7.47,14700,7.21372
2016-01-25,7.64,7.66,7.39,7.43,22800,7.175093
2016-01-22,7.71,7.71,7.56,7.70,34800,7.435829
2016-01-21,7.80,7.82,7.60,7.69,51400,7.426173
2016-01-20,7.69,7.82,7.60,7.80,57800,7.532399
2016-01-19,7.75,7.88,7.70,7.83,38500,7.56137
2016-01-15,7.50,7.67,7.45,7.65,65300,7.387545
2016-01-14,7.60,7.73,7.51,7.69,30900,7.426173
2016-01-13,7.84,7.89,7.50,7.53,39500,7.271662
2016-01-12,7.70,7.79,7.58,7.79,46000,7.522742
2016-01-11,7.70,7.80,7.60,7.61,12400,7.348917
2016-01-08,7.70,7.77,7.63,7.65,31700,7.387545
2016-01-07,7.74,7.92,7.67,7.68,40800,7.416516
2016-01-06,7.60,7.92,7.60,7.84,44100,7.571027
2016-01-05,7.71,7.78,7.63,7.66,33700,7.397202
2016-01-04,7.88,7.95,7.64,7.66,45600,7.397202
2015-12-31,8.22,8.31,7.97,8.01,25100,7.735194
2015-12-30,8.41,8.45,8.22,8.24,22900,7.957303
2015-12-29,8.09,8.39,8.09,8.39,21100,8.102158
2015-12-28,7.87,8.06,7.87,8.03,15100,7.754508
2015-12-24,8.04,8.04,7.92,7.93,13600,7.657939
2015-12-23,8.06,8.15,7.99,8.03,15100,7.754508
2015-12-22,7.92,8.08,7.80,8.02,35800,7.744852
2015-12-21,7.90,7.94,7.80,7.89,19700,7.619311
2015-12-18,7.92,8.02,7.80,7.86,176700,7.590341
2015-12-17,8.24,8.30,7.95,7.97,23600,7.696566
2015-12-16,8.15,8.23,7.98,8.19,38800,7.909018
2015-12-15,8.04,8.13,8.02,8.13,34000,7.851077
2015-12-14,7.95,8.04,7.87,7.98,80400,7.706223
2015-12-11,8.00,8.15,7.94,7.97,38600,7.696566
2015-12-10,8.10,8.25,8.04,8.14,76100,7.860735
2015-12-09,8.20,8.28,8.00,8.08,796100,7.802793
2015-12-08,8.30,8.32,8.17,8.19,13800,7.909018
2015-12-07,8.31,8.40,8.24,8.30,45500,8.015245
2015-12-04,8.27,8.45,8.27,8.35,8700,8.06353
2015-12-03,8.44,8.44,8.25,8.29,20700,8.005588
2015-12-02,8.23,8.48,8.23,8.44,21300,8.150441
2015-12-01,8.34,8.46,8.19,8.41,24100,8.121471
2015-11-30,8.50,8.54,8.30,8.33,48400,8.044216
2015-11-27,8.45,8.55,8.29,8.48,13400,8.189069
2015-11-25,8.48,8.53,8.31,8.48,17200,8.189069
2015-11-24,8.39,8.52,8.35,8.49,41300,8.198726
2015-11-23,8.50,8.53,8.40,8.45,27400,8.160099
2015-11-20,8.50,8.57,8.33,8.49,27500,8.198726
2015-11-19,8.50,8.54,8.24,8.45,33800,8.160099
2015-11-18,8.22,8.51,8.22,8.49,32200,8.198726
2015-11-17,8.36,8.38,8.00,8.23,2336400,7.947646
2015-11-16,8.30,8.35,8.26,8.32,13300,8.034558
2015-11-13,8.35,8.39,8.20,8.30,20200,8.015245
2015-11-12,8.54,8.54,8.30,8.41,10200,8.121471
2015-11-11,8.78,8.78,8.61,8.62,4100,8.266324
2015-11-10,8.57,8.78,8.36,8.77,39000,8.410171
2015-11-09,8.98,8.98,8.50,8.62,17600,8.266324
2015-11-06,8.97,9.08,8.94,9.04,16300,8.669092
2015-11-05,8.96,9.12,8.94,9.02,20100,8.649913
2015-11-04,8.93,8.99,8.83,8.94,13200,8.573195
2015-11-03,8.93,9.10,8.92,8.94,24100,8.573195
2015-11-02,8.82,9.03,8.82,9.02,13900,8.649913
2015-10-30,8.18,9.17,8.09,8.81,15900,8.448529
2015-10-29,9.10,9.25,9.10,9.16,15600,8.784168
2015-10-28,8.75,9.16,8.75,9.16,30800,8.784168
2015-10-27,9.12,9.25,8.68,8.73,19200,8.371811
2015-10-26,8.98,9.12,8.88,9.12,22300,8.74581
2015-10-23,8.96,9.00,8.84,8.97,22300,8.601964
2015-10-22,8.62,8.90,8.62,8.89,10700,8.525247
2015-10-21,8.88,8.88,8.52,8.53,10500,8.180017
2015-10-20,8.61,8.90,8.61,8.87,14800,8.506067
2015-10-19,8.61,8.85,8.60,8.65,8000,8.295093
2015-10-16,8.53,8.70,8.46,8.69,15500,8.333452
2015-10-15,8.05,8.52,7.97,8.50,21700,8.151248
2015-10-14,8.15,8.15,7.97,7.97,9200,7.642994
2015-10-13,8.14,8.18,8.13,8.13,13800,7.796429
2015-10-12,8.24,8.24,8.04,8.17,16200,7.834788
2015-10-09,8.31,8.31,8.16,8.20,10000,7.863557
2015-10-08,8.29,8.48,8.24,8.25,43100,7.911506
2015-10-07,8.18,8.29,8.18,8.27,11600,7.930685
2015-10-06,7.95,8.24,7.76,8.14,95700,7.806019
2015-10-05,7.93,8.21,7.88,8.15,20700,7.815608
2015-10-02,7.78,7.88,7.51,7.86,31200,7.537507
2015-10-01,7.92,8.01,7.79,7.86,80300,7.537507
2015-09-30,7.89,7.96,7.76,7.96,57000,7.633404
2015-09-29,7.91,7.91,7.75,7.80,16000,7.479969
2015-09-28,8.16,8.16,7.85,7.87,28600,7.547097
2015-09-25,8.34,8.34,8.09,8.15,60000,7.815608
2015-09-24,8.15,8.29,8.10,8.27,29100,7.930685
2015-09-23,7.95,8.18,7.95,8.14,60500,7.806019
2015-09-22,7.86,7.99,7.74,7.96,32300,7.633404
2015-09-21,8.01,8.01,7.85,7.94,10800,7.614225
2015-09-18,7.61,8.00,7.48,7.97,130800,7.642994
2015-09-17,7.72,8.00,7.65,7.69,36800,7.374482
2015-09-16,7.66,7.83,7.66,7.77,36200,7.4512
2015-09-15,8.00,8.04,7.68,7.74,75400,7.42243
2015-09-14,7.86,8.09,7.85,8.04,20200,7.710122
2015-09-11,7.73,7.93,7.72,7.91,16200,7.585455
2015-09-10,7.88,7.94,7.59,7.81,19900,7.489559
2015-09-09,8.00,8.00,7.82,7.91,25200,7.585455
2015-09-08,8.03,8.03,7.73,7.93,38400,7.604635
2015-09-04,7.68,7.99,7.68,7.93,40200,7.604635
2015-09-03,7.75,7.82,7.72,7.79,22900,7.470379
2015-09-02,7.62,7.81,7.57,7.70,17100,7.384072
2015-09-01,7.65,7.80,7.46,7.50,31100,7.192278
2015-08-31,7.69,7.83,7.67,7.77,11900,7.4512
2015-08-28,7.58,7.82,7.45,7.66,17400,7.345713
2015-08-27,7.83,7.83,7.52,7.67,16400,7.355303
2015-08-26,7.68,7.81,7.56,7.81,20200,7.489559
2015-08-25,7.71,7.71,7.46,7.53,36100,7.221047
2015-08-24,7.39,7.58,7.39,7.50,49800,7.192278
2015-08-21,7.62,8.02,7.62,7.68,28600,7.364892
2015-08-20,7.81,7.86,7.73,7.76,37000,7.44161
2015-08-19,7.92,8.03,7.87,7.90,10100,7.575866
2015-08-18,8.06,8.08,8.00,8.00,13000,7.671763
2015-08-17,7.96,8.11,7.95,8.08,20200,7.74848
2015-08-14,7.84,8.01,7.84,8.01,13400,7.681353
2015-08-13,8.00,8.07,7.88,7.88,9100,7.556687
2015-08-12,7.90,8.04,7.90,8.01,7800,7.623815
2015-08-11,8.12,8.15,8.02,8.02,7000,7.633333
2015-08-10,8.04,8.16,8.03,8.16,27000,7.766583
2015-08-07,7.98,8.04,7.94,8.02,24700,7.633333
2015-08-06,8.11,8.15,7.99,8.05,12300,7.661886
2015-08-05,8.11,8.18,8.01,8.07,12400,7.680922
2015-08-04,8.06,8.21,8.03,8.03,4300,7.64285
2015-08-03,7.93,8.05,7.93,8.03,19200,7.64285
2015-07-31,8.07,8.13,7.85,7.96,34300,7.576225
2015-07-30,7.85,8.10,7.85,8.05,17600,7.661886
2015-07-29,7.93,8.05,7.92,7.92,17000,7.538154
2015-07-28,7.91,7.95,7.87,7.92,17300,7.538154
2015-07-27,7.84,7.93,7.84,7.90,13400,7.519118
2015-07-24,7.81,8.03,7.81,7.90,27300,7.519118
2015-07-23,8.39,8.39,7.90,7.90,9200,7.519118
2015-07-22,8.27,8.40,8.27,8.29,13300,7.890315
2015-07-21,8.37,8.39,8.23,8.25,6500,7.852244
2015-07-20,8.28,8.41,8.27,8.32,16300,7.918868
2015-07-17,8.46,8.46,8.35,8.39,24300,7.985494
2015-07-16,8.43,8.45,8.37,8.45,9500,8.042601
2015-07-15,8.36,8.43,8.34,8.38,11600,7.975976
2015-07-14,8.27,8.35,8.16,8.35,5000,7.947423
2015-07-13,8.11,8.38,8.11,8.27,13700,7.87128
2015-07-10,8.02,8.12,7.90,8.10,19800,7.709476
2015-07-09,7.96,8.01,7.89,7.95,23200,7.566707
2015-07-08,7.94,7.96,7.85,7.85,10600,7.471529
2015-07-07,7.91,8.09,7.85,7.99,12700,7.604779
2015-07-06,7.80,8.05,7.80,8.03,17800,7.64285
2015-07-02,8.03,8.03,7.84,7.88,36600,7.500083
2015-07-01,7.93,8.12,7.93,7.98,42600,7.595261
2015-06-30,7.99,8.00,7.87,7.87,23200,7.490564
2015-06-29,8.00,8.05,7.81,7.95,29100,7.566707
2015-06-26,8.37,8.40,8.02,8.09,82100,7.699958
2015-06-25,8.38,8.42,8.27,8.33,12200,7.928387
2015-06-24,8.35,8.42,8.32,8.33,15700,7.928387
2015-06-23,8.37,8.47,8.34,8.42,24800,8.014048
2015-06-22,8.28,8.41,8.19,8.39,11200,7.985494
2015-06-19,8.29,8.32,8.12,8.22,63800,7.82369
2015-06-18,8.27,8.41,8.22,8.31,31000,7.909351
2015-06-17,8.56,8.56,8.22,8.27,219800,7.87128
2015-06-16,8.41,8.62,8.41,8.56,69600,8.147298
2015-06-15,8.57,8.61,8.30,8.46,86100,8.052119
2015-06-12,8.54,8.80,8.46,8.74,28900,8.318619
2015-06-11,8.43,8.75,8.36,8.55,47600,8.13778
2015-06-10,8.34,8.48,8.24,8.45,62000,8.042601
2015-06-09,8.16,8.35,8.11,8.24,31700,7.842726
2015-06-08,8.00,8.20,8.00,8.17,40100,7.776101
2015-06-05,7.90,8.05,7.90,8.05,44700,7.661886
2015-06-04,7.99,7.99,7.83,7.83,7400,7.452493
2015-06-03,7.80,8.03,7.76,8.00,71900,7.614297
2015-06-02,7.78,7.87,7.78,7.87,21100,7.490564
2015-06-01,7.83,7.85,7.78,7.79,43600,7.414422
2015-05-29,7.79,7.84,7.72,7.76,20100,7.385868
2015-05-28,7.77,7.85,7.77,7.83,35100,7.452493
2015-05-27,7.67,7.86,7.67,7.86,11400,7.481047
2015-05-26,7.72,7.76,7.67,7.67,23000,7.300207
2015-05-22,7.90,7.95,7.67,7.73,19300,7.357314
2015-05-21,8.00,8.02,7.88,7.90,13600,7.519118
2015-05-20,7.94,8.00,7.90,7.94,18700,7.55719
2015-05-19,7.79,7.95,7.62,7.89,50300,7.5096
2015-05-18,7.76,7.86,7.74,7.77,19200,7.395386
2015-05-15,7.93,8.01,7.73,7.75,22600,7.37635
2015-05-14,7.53,7.98,7.53,7.92,29600,7.538154
2015-05-13,7.44,7.60,7.44,7.52,19900,7.157439
2015-05-12,7.66,7.66,7.44,7.47,27200,7.052742
2015-05-11,7.58,7.75,7.58,7.74,16400,7.307661
2015-05-08,7.65,7.82,7.50,7.56,31700,7.137715
2015-05-07,7.60,7.66,7.55,7.63,20200,7.203805
2015-05-06,7.66,7.73,7.60,7.64,45000,7.213246
2015-05-05,7.60,7.73,7.56,7.60,254900,7.175481
2015-05-04,7.67,7.78,7.60,7.65,37800,7.222688
2015-05-01,8.03,8.03,7.65,7.72,77900,7.288778
2015-04-30,8.00,8.14,7.85,7.97,37200,7.524813
2015-04-29,8.13,8.15,8.05,8.10,9200,7.647552
2015-04-28,8.06,8.16,8.06,8.14,49400,7.685318
2015-04-27,8.13,8.15,8.05,8.10,20900,7.647552
2015-04-24,8.11,8.19,8.05,8.16,14400,7.7042
2015-04-23,8.15,8.15,8.07,8.14,4600,7.685318
2015-04-22,8.10,8.20,8.05,8.15,2800,7.694759
2015-04-21,8.15,8.15,8.12,8.13,1900,7.675876
2015-04-20,8.02,8.21,8.02,8.21,6700,7.751408
2015-04-17,8.16,8.25,7.98,7.98,24800,7.534255
2015-04-16,8.30,8.34,8.16,8.22,11400,7.760849
2015-04-15,8.19,8.40,8.13,8.29,13900,7.826939
2015-04-14,8.10,8.23,8.07,8.12,11900,7.666435
2015-04-13,8.20,8.20,8.11,8.11,6200,7.656993
2015-04-10,8.20,8.20,8.11,8.14,4700,7.685318
2015-04-09,8.15,8.15,8.12,8.12,6400,7.666435
2015-04-08,8.10,8.26,8.06,8.20,11400,7.741966
2015-04-07,8.11,8.24,8.05,8.09,12900,7.638111
2015-04-06,8.10,8.23,8.10,8.11,11800,7.656993
2015-04-02,8.29,8.29,8.09,8.16,73100,7.7042
2015-04-01,8.26,8.39,8.14,8.26,13400,7.798615
2015-03-31,8.38,8.38,8.25,8.31,22500,7.845822
2015-03-30,8.26,8.47,8.26,8.45,10500,7.978002
2015-03-27,8.27,8.27,8.16,8.26,19300,7.798615
2015-03-26,8.33,8.35,8.24,8.28,9800,7.817497
2015-03-25,8.49,8.53,8.26,8.31,13500,7.845822
2015-03-24,8.50,8.52,8.43,8.49,16500,8.015767
2015-03-23,8.29,8.50,8.29,8.49,42000,8.015767
2015-03-20,8.38,8.44,8.37,8.39,48700,7.921354
2015-03-19,8.33,8.39,8.30,8.35,18700,7.883588
2015-03-18,8.31,8.48,8.29,8.38,78700,7.911912
2015-03-17,8.23,8.35,8.23,8.31,17100,7.845822
2015-03-16,8.37,8.38,8.26,8.32,151600,7.855263
2015-03-13,8.01,8.48,8.00,8.36,270900,7.893029
2015-03-12,7.97,8.01,7.97,8.01,126700,7.562579
2015-03-11,7.83,7.93,7.83,7.90,22000,7.458724
2015-03-10,7.86,7.89,7.80,7.82,24800,7.383192
2015-03-09,7.84,7.99,7.82,7.94,21000,7.496489
2015-03-06,7.80,7.93,7.80,7.81,16500,7.373751
2015-03-05,7.73,7.89,7.68,7.84,11500,7.402075
2015-03-04,7.66,7.86,7.66,7.75,18100,7.317102
2015-03-03,7.79,7.81,7.71,7.71,5000,7.279337
2015-03-02,7.72,7.93,7.72,7.84,15900,7.402075
2015-02-27,7.91,7.95,7.70,7.70,14800,7.269895
2015-02-26,7.91,7.99,7.84,7.94,7700,7.496489
2015-02-25,7.82,7.98,7.79,7.94,12200,7.496489
2015-02-24,7.85,7.94,7.73,7.81,4200,7.373751
2015-02-23,7.86,7.91,7.67,7.82,18700,7.383192
2015-02-20,7.99,7.99,7.86,7.87,16800,7.430399
2015-02-19,7.97,7.99,7.96,7.96,7100,7.515372
2015-02-18,7.81,8.09,7.81,8.00,41000,7.553138
2015-02-17,7.91,7.91,7.78,7.83,12200,7.392634
2015-02-13,7.88,7.94,7.83,7.89,16900,7.449282
2015-02-12,7.87,7.88,7.74,7.86,9500,7.420958
2015-02-11,7.93,7.95,7.72,7.83,16500,7.392634
2015-02-10,8.05,8.16,7.97,7.97,13300,7.477606
2015-02-09,7.82,8.20,7.82,7.98,49500,7.486989
2015-02-06,8.03,8.12,8.03,8.04,30200,7.543282
2015-02-05,8.08,8.09,7.98,8.03,28400,7.533899
2015-02-04,8.06,8.12,7.92,7.99,52200,7.496371
2015-02-03,8.12,8.26,8.06,8.12,31000,7.618339
2015-02-02,7.70,7.95,7.70,7.82,57500,7.336874
2015-01-30,7.62,7.92,7.57,7.68,143700,7.205523
2015-01-29,7.83,7.83,7.50,7.70,49300,7.224287
2015-01-28,8.04,8.08,7.73,7.75,23700,7.271198
2015-01-27,8.00,8.10,7.97,8.02,19000,7.524518
2015-01-26,8.12,8.12,7.96,8.07,21200,7.571428
2015-01-23,8.30,8.30,8.15,8.15,9400,7.646486
2015-01-22,8.00,8.36,7.96,8.30,42600,7.787219
2015-01-21,8.09,8.18,7.90,7.98,34200,7.486989
2015-01-20,8.22,8.92,8.09,8.14,23900,7.637104
2015-01-16,7.90,8.25,7.90,8.25,45700,7.740308
2015-01-15,8.05,8.06,7.90,7.92,22500,7.430696
2015-01-14,8.17,8.20,8.05,8.13,8800,7.627722
2015-01-13,8.19,8.40,8.09,8.27,22100,7.759073
2015-01-12,8.22,8.26,8.12,8.14,11100,7.637104
2015-01-09,8.39,8.45,8.27,8.27,7500,7.759073
2015-01-08,8.45,8.50,8.34,8.42,36400,7.899805
2015-01-07,8.48,8.50,8.30,8.37,33100,7.852894
2015-01-06,8.17,8.50,8.17,8.39,169300,7.871659
2015-01-05,8.50,8.53,8.18,8.24,53600,7.730925
2015-01-02,8.44,8.58,7.99,8.21,222200,7.702779
2014-12-31,8.45,8.51,8.35,8.39,19700,7.871659
2014-12-30,8.29,8.45,8.25,8.42,58600,7.899805
2014-12-29,8.29,8.37,8.28,8.34,27200,7.824748
2014-12-26,8.17,8.37,8.08,8.25,25900,7.740308
2014-12-24,8.03,8.13,7.94,8.13,12000,7.627722
2014-12-23,8.00,8.09,7.86,8.01,73100,7.515135
2014-12-22,7.86,8.10,7.82,7.99,57100,7.496371
2014-12-19,7.76,7.89,7.72,7.79,96700,7.308727
2014-12-18,7.88,7.88,7.73,7.79,34300,7.308727
2014-12-17,7.64,7.84,7.64,7.80,32100,7.318109
2014-12-16,7.53,7.83,7.50,7.68,54700,7.205523
2014-12-15,7.47,7.57,7.44,7.56,23100,7.092937
2014-12-12,7.40,7.67,7.40,7.45,27400,6.989732
2014-12-11,7.65,7.69,7.30,7.56,16000,7.092937
2014-12-10,7.76,7.83,7.62,7.63,29600,7.158612
2014-12-09,7.39,7.82,7.39,7.81,46700,7.327491
2014-12-08,7.59,7.65,7.48,7.48,10900,7.017879
2014-12-05,7.56,7.69,7.51,7.59,11600,7.121083
2014-12-04,7.53,7.63,7.50,7.57,17700,7.102319
2014-12-03,7.39,7.65,7.39,7.62,23500,7.14923
2014-12-02,7.29,7.48,7.29,7.47,21400,7.008497
2014-12-01,7.30,7.40,7.25,7.25,26000,6.802089
2014-11-28,7.50,7.52,7.25,7.27,18200,6.820853
2014-11-26,7.66,7.66,7.53,7.55,9400,7.083555
2014-11-25,7.76,7.76,7.64,7.64,6900,7.167994
2014-11-24,7.60,7.75,7.50,7.74,16500,7.261816
2014-11-21,7.60,7.64,7.51,7.60,52200,7.130465
2014-11-20,7.41,7.53,7.41,7.50,25100,7.036643
2014-11-19,7.42,7.53,7.35,7.46,33700,6.999115
2014-11-18,7.39,7.43,7.28,7.41,18000,6.952204
2014-11-17,7.52,7.52,7.33,7.37,29000,6.914675
2014-11-14,7.58,7.60,7.53,7.55,36600,7.083555
2014-11-13,7.57,7.74,7.51,7.60,78600,7.130465
2014-11-12,7.56,7.63,7.53,7.60,27300,7.083554
2014-11-11,7.67,7.67,7.57,7.60,47300,7.083554
2014-11-10,7.79,7.79,7.68,7.70,37000,7.176759
2014-11-07,7.73,7.83,7.67,7.75,18100,7.223362
2014-11-06,7.85,7.85,7.72,7.84,43900,7.307246
2014-11-05,7.77,7.85,7.75,7.81,20900,7.279284
2014-11-04,7.64,7.82,7.55,7.74,84100,7.214041
2014-11-03,7.86,7.86,7.50,7.69,50100,7.167439
2014-10-31,7.99,7.99,7.72,7.87,46900,7.335207
2014-10-30,7.89,7.98,7.72,7.97,59800,7.428412
2014-10-29,7.93,7.93,7.75,7.89,28700,7.353848
2014-10-28,7.69,7.93,7.69,7.92,51700,7.38181
2014-10-27,7.48,7.67,7.46,7.64,29000,7.120836
2014-10-24,7.57,7.67,7.49,7.51,21400,6.999671
2014-10-23,7.53,7.61,7.48,7.54,17400,7.027632
2014-10-22,7.77,7.77,7.40,7.40,18200,6.897145
2014-10-21,7.54,7.64,7.45,7.55,20100,7.036952
2014-10-20,7.48,7.61,7.42,7.52,28500,7.008991
2014-10-17,7.78,7.78,7.50,7.50,30800,6.99035
2014-10-16,7.50,7.79,7.50,7.66,50100,7.139477
2014-10-15,7.39,7.80,7.31,7.62,72000,7.102195
2014-10-14,7.52,7.62,7.41,7.47,43400,6.962388
2014-10-13,7.20,7.49,7.20,7.46,37100,6.953068
2014-10-10,7.06,7.29,7.06,7.22,44400,6.729377
2014-10-09,7.13,7.26,7.11,7.11,23300,6.626852
2014-10-08,7.06,7.38,7.05,7.36,39600,6.859863
2014-10-07,7.25,7.27,7.05,7.06,34100,6.580249
2014-10-06,7.23,7.40,7.23,7.34,60400,6.841223
2014-10-03,7.21,7.42,7.15,7.31,76900,6.813261
2014-10-02,7.02,7.15,7.00,7.15,65100,6.664134
2014-10-01,7.01,7.15,6.95,7.00,110500,6.524327
2014-09-30,7.01,7.14,6.95,7.00,60800,6.524327
2014-09-29,6.93,7.07,6.92,7.04,54900,6.561608
2014-09-26,7.00,7.02,6.90,6.94,20800,6.468404
2014-09-25,7.01,7.04,6.96,7.01,60500,6.533647
2014-09-24,6.97,7.15,6.90,7.03,62400,6.552288
2014-09-23,6.92,7.02,6.81,6.84,38700,6.375199
2014-09-22,7.01,7.15,6.95,6.95,32100,6.477724
2014-09-19,6.98,7.13,6.84,7.07,108400,6.58957
2014-09-18,6.96,7.00,6.94,6.95,24000,6.477724
2014-09-17,6.84,6.93,6.84,6.93,42600,6.459083
2014-09-16,6.87,6.94,6.80,6.84,32000,6.375199
2014-09-15,6.85,6.93,6.80,6.86,28300,6.39384
2014-09-12,7.02,7.02,6.81,6.82,22700,6.356558
2014-09-11,7.10,7.10,6.94,7.00,36500,6.524327
2014-09-10,7.08,7.22,7.07,7.16,21700,6.673454
2014-09-09,7.06,7.13,6.95,7.10,34300,6.617531
2014-09-08,7.10,7.13,6.99,7.09,17300,6.608211
2014-09-05,6.85,7.04,6.85,7.00,33000,6.524327
2014-09-04,6.70,6.90,6.70,6.87,13400,6.40316
2014-09-03,7.03,7.03,6.78,6.79,16800,6.328597
2014-09-02,7.17,7.17,6.89,7.01,26400,6.533647
2014-08-29,7.02,7.12,7.02,7.11,11800,6.626852
2014-08-28,6.96,7.10,6.96,7.02,82400,6.542967
2014-08-27,7.09,7.10,6.98,7.01,40600,6.533647
2014-08-26,6.99,7.13,6.99,7.13,57400,6.617531
2014-08-25,6.98,7.03,6.95,6.99,11900,6.487593
2014-08-22,6.90,6.98,6.90,6.95,24300,6.450468
2014-08-21,6.80,6.89,6.78,6.88,12200,6.3855
2014-08-20,6.93,7.04,6.81,6.83,22900,6.339093
2014-08-19,6.97,7.01,6.95,6.96,15000,6.45975
2014-08-18,6.89,7.01,6.89,6.99,18800,6.487593
2014-08-15,6.97,6.98,6.80,6.83,31600,6.339093
2014-08-14,6.94,6.94,6.88,6.88,19100,6.3855
2014-08-13,6.78,6.99,6.78,6.91,18200,6.413343
2014-08-12,6.85,6.85,6.75,6.77,15800,6.283406
2014-08-11,7.01,7.01,6.83,6.89,27700,6.394781
2014-08-08,6.93,7.03,6.93,6.96,18000,6.45975
2014-08-07,7.03,7.03,6.91,6.94,12100,6.441187
2014-08-06,6.87,7.06,6.85,7.03,71900,6.524719
2014-08-05,6.90,7.02,6.85,6.87,94200,6.376218
2014-08-04,7.01,7.05,6.90,6.93,57600,6.431906
2014-08-01,7.17,7.21,6.86,6.96,127200,6.45975
2014-07-31,7.12,7.28,7.07,7.14,100700,6.626812
2014-07-30,7.20,7.27,7.12,7.20,34600,6.6825
2014-07-29,7.12,7.45,7.11,7.15,33400,6.636094
2014-07-28,7.25,7.25,7.07,7.07,20900,6.561844
2014-07-25,7.36,7.52,7.21,7.27,88200,6.747468
2014-07-24,7.19,7.43,7.10,7.37,101100,6.840281
2014-07-23,7.28,7.29,7.02,7.16,22200,6.645375
2014-07-22,7.28,7.38,7.19,7.27,115800,6.747468
2014-07-21,7.16,7.29,7.07,7.25,28900,6.728906
2014-07-18,7.07,7.26,7.07,7.18,31100,6.663937
2014-07-17,7.22,7.32,7.05,7.11,275500,6.598969
2014-07-16,7.32,7.66,7.23,7.25,50900,6.728906
2014-07-15,7.22,7.36,7.15,7.26,52700,6.738187
2014-07-14,7.39,7.53,7.26,7.30,26500,6.775312
2014-07-11,7.34,7.45,7.30,7.31,31000,6.784593
2014-07-10,7.33,7.41,7.23,7.38,25800,6.849562
2014-07-09,7.52,7.58,7.47,7.51,9700,6.970219
2014-07-08,7.64,7.64,7.48,7.52,30000,6.9795
2014-07-07,7.78,7.78,7.56,7.62,27500,7.072312
2014-07-03,7.80,7.90,7.72,7.80,26400,7.239375
2014-07-02,7.89,7.90,7.75,7.78,89200,7.220812
2014-07-01,7.68,7.94,7.67,7.86,78600,7.295062
2014-06-30,7.60,7.69,7.52,7.63,28100,7.081594
2014-06-27,7.37,7.61,7.28,7.58,109900,7.035187
2014-06-26,7.36,7.46,7.27,7.43,19900,6.895968
2014-06-25,7.30,7.39,7.28,7.38,43900,6.849562
2014-06-24,7.59,7.64,7.29,7.32,82900,6.793875
2014-06-23,7.74,7.74,7.59,7.63,13400,7.081594
2014-06-20,7.74,7.89,7.65,7.74,262800,7.183687
2014-06-19,7.83,7.83,7.68,7.69,34100,7.137281
2014-06-18,7.76,7.78,7.58,7.78,54200,7.220812
2014-06-17,7.52,7.90,7.52,7.78,45100,7.220812
2014-06-16,7.74,7.90,7.52,7.80,39700,7.239375
2014-06-13,7.93,8.08,7.89,7.92,27300,7.35075
2014-06-12,7.98,8.10,7.92,7.96,139000,7.387875
2014-06-11,7.96,8.05,7.91,7.99,81200,7.415718
2014-06-10,8.01,8.06,7.89,8.02,145200,7.443563
2014-06-09,7.94,8.22,7.94,8.07,70100,7.489968
2014-06-06,7.75,7.97,7.75,7.93,121100,7.360031
2014-06-05,7.24,7.72,7.20,7.69,406000,7.137281
2014-06-04,7.19,7.23,7.12,7.20,44800,6.6825
2014-06-03,7.31,7.34,7.22,7.22,42300,6.701062
2014-06-02,7.27,7.48,7.20,7.36,60000,6.831
2014-05-30,7.29,7.45,7.28,7.36,234200,6.831
2014-05-29,7.27,7.31,7.23,7.29,217100,6.766031
2014-05-28,7.25,7.29,7.21,7.26,50400,6.738187
2014-05-27,7.25,7.39,7.25,7.27,26100,6.747468
2014-05-23,7.14,7.27,7.12,7.20,56600,6.6825
2014-05-22,7.16,7.22,7.10,7.11,22300,6.598969
2014-05-21,7.25,7.27,7.10,7.12,62100,6.60825
2014-05-20,7.26,7.26,7.01,7.18,59900,6.663937
2014-05-19,7.13,7.33,7.13,7.31,18300,6.784593
2014-05-16,7.09,7.19,7.02,7.19,71000,6.673219
2014-05-15,7.09,7.17,7.02,7.11,35100,6.598969
2014-05-14,7.33,7.33,6.83,7.16,29600,6.645375
2014-05-13,7.64,7.64,7.25,7.37,141900,6.840281
2014-05-12,7.23,7.70,7.17,7.67,32800,7.118719
2014-05-09,6.97,7.41,6.88,7.16,27900,6.645375
2014-05-08,7.17,7.20,6.86,7.00,39100,6.496875
2014-05-07,7.13,7.21,7.03,7.21,196400,6.691781
2014-05-06,7.28,7.43,7.10,7.13,118800,6.617531
2014-05-05,7.26,7.35,7.20,7.34,28800,6.812437
2014-05-02,7.36,7.37,7.29,7.34,50500,6.812437
2014-05-01,7.42,7.42,7.09,7.35,71700,6.821718
2014-04-30,7.31,7.55,7.30,7.41,47800,6.877406
2014-04-29,7.59,7.59,7.25,7.37,42000,6.840281
2014-04-28,7.60,7.74,7.51,7.52,25400,6.9795
2014-04-25,7.80,7.88,7.62,7.63,34300,7.081594
2014-04-24,7.71,7.90,7.71,7.86,36300,7.295062
2014-04-23,7.86,7.92,7.80,7.82,40900,7.257937
2014-04-22,7.91,7.92,7.84,7.91,16800,7.341468
2014-04-21,7.95,8.00,7.85,7.90,18500,7.332187
2014-04-17,7.96,8.02,7.96,7.98,16300,7.406437
2014-04-16,8.07,8.07,7.91,8.00,15000,7.425
2014-04-15,8.02,8.02,7.76,8.00,32000,7.425
2014-04-14,8.07,8.19,7.96,8.01,71900,7.434281
2014-04-11,7.97,8.04,7.95,7.97,38700,7.397156
2014-04-10,8.29,8.31,7.96,8.00,110100,7.425
2014-04-09,8.12,8.35,8.02,8.34,45500,7.740562
2014-04-08,7.96,8.13,7.95,8.12,64500,7.536375
2014-04-07,7.95,8.08,7.95,7.99,27400,7.415718
2014-04-04,8.08,8.09,7.90,7.96,75600,7.387875
2014-04-03,8.01,8.07,7.95,8.00,25000,7.425
2014-04-02,8.10,8.12,8.00,8.05,28300,7.471406
2014-04-01,8.06,8.22,8.06,8.09,21200,7.508531
2014-03-31,8.04,8.36,8.04,8.08,104200,7.49925
2014-03-28,8.00,8.16,7.91,8.00,74000,7.425
2014-03-27,8.23,8.23,7.95,8.00,54400,7.425
2014-03-26,8.42,8.42,8.23,8.24,29600,7.647749
2014-03-25,8.42,8.42,8.27,8.39,99600,7.786969
2014-03-24,8.36,8.44,8.11,8.39,54300,7.786969
2014-03-21,8.14,8.48,8.09,8.31,131400,7.712719
2014-03-20,8.16,8.16,8.02,8.12,20900,7.536375
2014-03-19,7.98,8.15,7.95,8.03,21000,7.452843
2014-03-18,8.01,8.05,7.97,8.00,37300,7.425
2014-03-17,8.05,8.22,8.00,8.01,21200,7.434281
2014-03-14,8.00,8.10,7.94,8.00,42700,7.425
2014-03-13,8.09,8.14,7.96,8.05,74200,7.471406
2014-03-12,7.86,8.10,7.86,8.08,29500,7.49925
2014-03-11,8.01,8.03,7.80,7.91,18800,7.341468
2014-03-10,8.25,8.25,7.84,8.03,26600,7.452843
2014-03-07,8.30,8.30,8.22,8.25,13100,7.657031
2014-03-06,8.17,8.33,8.05,8.25,92900,7.657031
2014-03-05,8.08,8.19,8.08,8.15,17700,7.564218
2014-03-04,7.81,8.24,7.81,8.13,75300,7.545656
2014-03-03,7.94,8.10,7.71,7.75,48700,7.192968
2014-02-28,8.02,8.12,7.93,7.99,26300,7.415718
2014-02-27,7.98,8.02,7.92,7.99,36400,7.415718
2014-02-26,8.07,8.21,7.80,8.01,17500,7.434281
2014-02-25,8.26,8.26,8.02,8.03,10800,7.452843
2014-02-24,8.25,8.28,8.14,8.23,23400,7.638468
2014-02-21,8.21,8.37,8.13,8.16,88700,7.5735
2014-02-20,8.03,8.19,8.03,8.16,26600,7.5735
2014-02-19,8.20,8.30,8.01,8.02,26200,7.443563
2014-02-18,8.06,8.28,7.83,8.19,61200,7.601343
2014-02-14,7.96,8.13,7.96,8.07,65900,7.489968
2014-02-13,7.94,8.04,7.84,8.01,17900,7.434281
2014-02-12,7.78,8.04,7.71,7.98,43700,7.406437
2014-02-11,7.79,7.79,7.67,7.74,18100,7.183687
2014-02-10,7.69,7.75,7.63,7.69,47100,7.137281
2014-02-07,7.66,7.68,7.63,7.66,48200,7.109437
2014-02-06,7.71,7.77,7.59,7.67,45700,7.118719
2014-02-05,7.62,7.71,7.61,7.66,41200,7.109437
2014-02-04,7.65,7.80,7.60,7.63,32100,7.081594
2014-02-03,7.67,7.79,7.62,7.65,82700,7.100156
2014-01-31,7.55,7.73,7.50,7.66,93500,7.109437
2014-01-30,7.62,7.79,7.62,7.69,38800,7.137281
2014-01-29,7.59,7.65,7.50,7.55,59800,7.007344
2014-01-28,7.60,7.74,7.59,7.64,53000,7.090875
2014-01-27,7.68,7.68,7.58,7.62,42800,7.072312
2014-01-24,7.55,7.70,7.55,7.68,154900,7.128
2014-01-23,7.84,7.84,7.57,7.60,35400,7.05375
2014-01-22,7.79,7.85,7.68,7.79,10100,7.230093
2014-01-21,7.65,7.87,7.61,7.75,12300,7.192968
2014-01-17,7.66,7.73,7.54,7.61,369100,7.063031
2014-01-16,7.90,7.90,7.62,7.65,8700,7.100156
2014-01-15,7.55,7.90,7.55,7.87,98500,7.304343
2014-01-14,7.57,7.58,7.50,7.57,201000,7.025906
2014-01-13,7.64,7.80,7.47,7.53,30800,6.988781
2014-01-10,7.50,7.73,7.50,7.69,136100,7.137281
2014-01-09,7.34,7.50,7.34,7.47,27500,6.933093
2014-01-08,7.36,7.60,7.27,7.29,12400,6.766031
2014-01-07,7.29,7.45,7.29,7.39,19900,6.858843
2014-01-06,7.49,7.58,7.37,7.38,20000,6.849562
2014-01-03,7.44,7.50,7.41,7.46,7100,6.923812
2014-01-02,7.46,7.50,7.34,7.44,50300,6.90525
2013-12-31,7.48,7.61,7.39,7.50,38000,6.960937
2013-12-30,7.60,7.60,7.40,7.44,172800,6.90525
2013-12-27,7.62,7.62,7.30,7.58,10400,7.035187
2013-12-26,7.70,7.70,7.47,7.58,24300,7.035187
2013-12-24,7.66,7.75,7.66,7.69,15500,7.137281
2013-12-23,7.61,7.70,7.45,7.63,25200,7.081594
2013-12-20,7.39,7.62,7.38,7.61,297000,7.063031
2013-12-19,7.38,7.45,7.33,7.35,15400,6.821718
2013-12-18,7.29,7.42,7.24,7.41,36900,6.877406
2013-12-17,7.26,7.34,7.25,7.29,116100,6.766031
2013-12-16,7.30,7.39,7.25,7.33,46500,6.803156
2013-12-13,7.28,7.34,7.26,7.29,16400,6.766031
2013-12-12,7.35,7.39,7.26,7.30,27400,6.775312
2013-12-11,7.27,7.39,7.25,7.29,22900,6.766031
2013-12-10,7.50,7.51,7.25,7.27,50000,6.747468
2013-12-09,7.65,7.65,7.45,7.49,35500,6.951656
2013-12-06,7.61,7.65,7.53,7.62,40100,7.072312
2013-12-05,7.62,7.62,7.50,7.58,16900,7.035187
2013-12-04,7.55,7.66,7.55,7.65,18000,7.100156
2013-12-03,7.67,7.75,7.52,7.60,41400,7.05375
2013-12-02,7.95,7.95,7.70,7.70,30200,7.146562
2013-11-29,7.97,8.10,7.80,7.99,12600,7.415718
2013-11-27,7.66,7.94,7.66,7.91,21600,7.341468
2013-11-26,7.54,7.75,7.54,7.61,54800,7.063031
2013-11-25,7.60,7.84,7.51,7.55,43600,7.007344
2013-11-22,7.55,7.64,7.36,7.56,23700,7.016625
2013-11-21,7.36,7.61,7.27,7.53,29500,6.988781
2013-11-20,7.25,7.49,7.25,7.30,13000,6.775312
2013-11-19,7.25,7.29,7.21,7.26,83900,6.738187
2013-11-18,7.40,7.40,7.18,7.24,197800,6.719625
2013-11-15,7.24,7.27,7.10,7.25,56500,6.728906
2013-11-14,7.08,7.38,7.08,7.25,133900,6.728906
2013-11-13,6.97,7.07,6.90,7.03,32600,6.524719
2013-11-12,7.09,7.09,6.96,7.03,44700,6.524719
2013-11-11,7.21,7.21,7.02,7.09,41700,6.580406
2013-11-08,7.03,7.27,7.03,7.20,66500,6.6825
2013-11-07,6.99,7.02,6.91,7.00,64200,6.496875
2013-11-06,6.94,7.05,6.88,6.94,42800,6.441187
2013-11-05,6.90,6.98,6.80,6.93,37700,6.431906
2013-11-04,6.93,6.93,6.82,6.91,53800,6.413343
2013-11-01,6.84,6.94,6.83,6.92,107800,6.422625
2013-10-31,6.80,6.92,6.78,6.85,49800,6.357656
2013-10-30,6.85,6.91,6.76,6.85,35800,6.357656
2013-10-29,6.81,6.90,6.80,6.82,53100,6.329812
2013-10-28,6.83,6.90,6.71,6.78,30700,6.292687
2013-10-25,6.70,6.98,6.68,6.82,45400,6.329812
2013-10-24,6.63,6.84,6.60,6.83,288500,6.339093
2013-10-23,6.60,6.72,6.55,6.61,193300,6.134906
2013-10-22,6.53,6.68,6.46,6.61,376800,6.134906
2013-10-21,6.42,6.50,6.31,6.41,61900,5.949281
2013-10-18,6.50,6.52,6.33,6.42,41800,5.958562
2013-10-17,6.43,6.53,6.42,6.44,21800,5.977125
2013-10-16,6.45,6.50,6.40,6.44,80100,5.977125
2013-10-15,6.43,6.43,6.32,6.33,19500,5.875031
2013-10-14,6.39,6.45,5.95,6.45,27600,5.986406
2013-10-11,6.34,6.43,6.28,6.42,25000,5.958562
2013-10-10,6.25,6.43,6.17,6.37,45400,5.912156
2013-10-09,6.17,6.20,6.16,6.17,21600,5.726531
2013-10-08,6.20,6.20,6.06,6.13,117400,5.689406
2013-10-07,6.12,6.20,6.11,6.12,15300,5.680125
2013-10-04,6.14,6.28,6.14,6.19,83000,5.745094
2013-10-03,6.22,6.22,6.07,6.17,100700,5.726531
2013-10-02,6.29,6.34,6.24,6.24,18200,5.7915
2013-10-01,6.44,6.50,6.33,6.35,81600,5.893593
2013-09-30,6.31,6.44,6.29,6.40,37200,5.94
2013-09-27,6.37,6.42,6.37,6.39,4000,5.930718
2013-09-26,6.45,6.49,6.40,6.42,10900,5.958562
2013-09-25,6.47,6.53,6.43,6.46,11600,5.995687
2013-09-24,6.45,6.50,6.44,6.44,20400,5.977125
2013-09-23,6.42,6.49,6.39,6.45,63800,5.986406
2013-09-20,6.36,6.50,6.36,6.47,35500,6.004968
2013-09-19,6.41,6.41,6.30,6.36,16200,5.902875
2013-09-18,6.48,6.48,6.39,6.41,15600,5.949281
2013-09-17,6.35,6.41,6.30,6.40,24100,5.94
2013-09-16,6.39,6.39,6.26,6.35,20900,5.893593
2013-09-13,6.42,6.42,6.28,6.32,11200,5.86575
2013-09-12,6.40,6.40,6.35,6.40,9300,5.94
2013-09-11,6.37,6.41,6.33,6.39,21000,5.930718
2013-09-10,6.30,6.37,6.29,6.36,17300,5.902875
2013-09-09,6.25,6.30,6.25,6.28,15900,5.828625
2013-09-06,6.32,6.32,6.25,6.25,10900,5.800781
2013-09-05,6.20,6.33,6.20,6.28,18900,5.828625
2013-09-04,6.23,6.23,6.16,6.18,16200,5.735812
2013-09-03,6.31,6.41,6.15,6.22,21700,5.772937
2013-08-30,6.24,6.27,6.17,6.25,30400,5.800781
2013-08-29,6.17,6.28,6.11,6.26,22600,5.810062
2013-08-28,6.16,6.27,6.13,6.17,19400,5.726531
2013-08-27,6.37,6.37,6.05,6.14,29100,5.698687
2013-08-26,6.42,6.47,6.36,6.43,11800,5.967843
2013-08-23,6.54,6.54,6.29,6.40,31900,5.94
2013-08-22,6.49,6.55,6.44,6.55,10200,6.079219
2013-08-21,6.54,6.56,6.42,6.46,21800,5.995687
2013-08-20,6.33,6.59,6.27,6.57,22500,6.097781
2013-08-19,6.50,6.59,6.27,6.27,32000,5.819344
2013-08-16,6.50,6.59,6.50,6.50,30000,6.032812
2013-08-15,6.50,6.63,6.50,6.50,21500,6.032812
2013-08-14,6.65,6.65,6.52,6.53,6100,6.060656
2013-08-13,6.55,6.65,6.55,6.63,47400,6.153469
2013-08-12,6.55,6.66,6.55,6.60,13600,6.125625
2013-08-09,6.63,6.71,6.55,6.60,20300,6.125625
2013-08-08,6.65,6.71,6.63,6.66,9300,6.181312
2013-08-07,6.58,6.79,6.53,6.64,18800,6.16275
2013-08-06,6.70,6.70,6.57,6.60,60600,6.125625
2013-08-05,6.70,6.80,6.66,6.70,19200,6.218437
2013-08-02,6.61,6.79,6.61,6.66,41600,6.181312
2013-08-01,6.70,6.78,6.62,6.65,46900,6.172031
2013-07-31,6.70,6.74,6.62,6.65,48900,6.172031
2013-07-30,6.65,6.65,6.58,6.60,22100,6.125625
2013-07-29,6.76,6.76,6.60,6.62,20700,6.144187
2013-07-26,6.73,6.75,6.69,6.69,39500,6.209156
2013-07-25,6.65,6.93,6.65,6.78,52400,6.292687
2013-07-24,6.78,7.00,6.60,6.68,50000,6.199875
2013-07-23,6.71,6.79,6.68,6.77,9400,6.283406
2013-07-22,6.60,6.71,6.60,6.71,17300,6.227719
2013-07-19,6.66,6.69,6.62,6.65,24600,6.172031
2013-07-18,6.63,6.70,6.63,6.69,21400,6.209156
2013-07-17,6.66,6.70,6.59,6.61,3100,6.134906
2013-07-16,6.67,6.75,6.63,6.64,16700,6.16275
2013-07-15,6.70,6.80,6.63,6.65,59900,6.172031
2013-07-12,6.62,6.71,6.54,6.69,9200,6.209156
2013-07-11,6.57,6.72,6.48,6.71,20400,6.227719
2013-07-10,6.62,6.74,6.48,6.53,27900,6.060656
2013-07-09,6.49,7.00,6.49,6.60,244200,6.125625
2013-07-08,6.24,6.83,6.07,6.48,55800,6.01425
2013-07-05,6.13,6.25,6.06,6.25,26600,5.800781
2013-07-03,6.01,6.12,6.01,6.12,8700,5.680125
2013-07-02,6.11,6.24,6.00,6.05,50900,5.615156
2013-07-01,6.13,6.25,6.05,6.15,29200,5.707969
2013-06-28,6.10,6.34,6.05,6.17,236700,5.726531
2013-06-27,5.95,6.16,5.91,6.14,54100,5.698687
2013-06-26,6.00,6.00,5.87,5.91,9300,5.485218
2013-06-25,5.98,6.00,5.88,5.96,17500,5.531625
2013-06-24,5.92,5.99,5.81,5.86,21600,5.438812
2013-06-21,5.87,5.98,5.85,5.98,65900,5.550187
2013-06-20,5.86,5.89,5.81,5.85,37500,5.429531
2013-06-19,5.93,6.02,5.88,5.91,11100,5.485218
2013-06-18,5.91,5.97,5.85,5.91,22400,5.485218
2013-06-17,5.99,6.00,5.82,5.91,49000,5.485218
2013-06-14,6.00,6.15,5.90,5.93,11200,5.503781
2013-06-13,5.95,6.00,5.93,6.00,8200,5.56875
2013-06-12,6.05,6.05,5.90,5.91,10700,5.485218
2013-06-11,6.01,6.09,6.01,6.04,6200,5.605875
2013-06-10,6.00,6.15,5.98,6.08,3600,5.643
2013-06-07,6.07,6.07,5.96,6.00,14300,5.56875
2013-06-06,5.87,6.02,5.80,6.02,23800,5.587312
2013-06-05,5.88,5.92,5.83,5.85,7000,5.429531
2013-06-04,5.91,5.91,5.80,5.87,15000,5.448093
2013-06-03,5.94,6.00,5.83,5.89,73100,5.466656
2013-05-31,5.90,6.05,5.84,5.92,37800,5.4945
2013-05-30,5.95,5.99,5.92,5.94,10600,5.513062
2013-05-29,5.89,5.99,5.85,5.94,53800,5.513062
2013-05-28,5.98,6.05,5.88,5.90,33000,5.475937
2013-05-24,5.81,5.95,5.75,5.95,4800,5.522343
2013-05-23,5.80,5.83,5.80,5.82,20000,5.401687
2013-05-22,5.84,5.99,5.80,5.82,29200,5.401687
2013-05-21,5.79,5.85,5.79,5.85,14600,5.429531
2013-05-20,5.71,5.81,5.67,5.80,10800,5.383125
2013-05-17,5.70,5.78,5.65,5.74,23700,5.327437
2013-05-16,5.67,5.70,5.65,5.70,9600,5.290312
2013-05-15,5.62,5.66,5.61,5.64,7000,5.234625
2013-05-14,5.60,5.67,5.60,5.65,14000,5.243906
2013-05-13,5.60,5.63,5.60,5.63,7100,5.225344
2013-05-10,5.65,5.66,5.60,5.66,7300,5.253187
2013-05-09,5.68,5.68,5.63,5.63,6200,5.225344
2013-05-08,5.73,5.80,5.60,5.67,9000,5.262469
2013-05-07,5.66,5.75,5.66,5.73,10300,5.318156
2013-05-06,5.60,5.64,5.52,5.62,8200,5.216062
2013-05-03,5.60,5.62,5.54,5.60,12100,5.1975
2013-05-02,5.55,5.60,5.52,5.56,27000,5.160375
2013-05-01,5.52,5.55,5.49,5.50,71200,5.104687
2013-04-30,5.60,5.60,5.49,5.52,11200,5.12325
2013-04-29,5.65,5.65,5.53,5.59,65000,5.188219
2013-04-26,5.66,5.66,5.58,5.62,15600,5.216062
2013-04-25,5.67,5.67,5.59,5.66,6200,5.253187
2013-04-24,5.64,5.68,5.64,5.67,9500,5.262469
2013-04-23,5.62,5.75,5.60,5.75,7700,5.336719
2013-04-22,5.45,5.63,5.45,5.60,9400,5.1975
2013-04-19,5.50,5.59,5.50,5.58,16500,5.178937
2013-04-18,5.58,5.58,5.45,5.52,14600,5.12325
2013-04-17,5.53,5.55,5.45,5.49,22600,5.095406
2013-04-16,5.40,5.55,5.40,5.53,25700,5.132531
2013-04-15,5.50,5.54,5.35,5.35,36400,4.965468
2013-04-12,5.53,5.60,5.51,5.51,5900,5.113969
2013-04-11,5.57,5.58,5.50,5.53,3300,5.132531
2013-04-10,5.50,5.57,5.50,5.57,14200,5.169656
2013-04-09,5.54,5.54,5.47,5.47,8700,5.076843
2013-04-08,5.52,5.57,5.52,5.55,7000,5.151094
2013-04-05,5.47,5.58,5.47,5.49,11200,5.095406
2013-04-04,5.53,5.57,5.49,5.55,9700,5.151094
2013-04-03,5.57,5.60,5.51,5.51,27100,5.113969
2013-04-02,5.61,5.64,5.55,5.55,17200,5.151094
2013-04-01,5.68,5.68,5.56,5.57,19900,5.169656
2013-03-28,5.64,5.75,5.61,5.70,11200,5.290312
2013-03-27,5.67,5.71,5.66,5.69,4800,5.281031
2013-03-26,5.71,5.71,5.63,5.69,9200,5.281031
2013-03-25,5.70,5.70,5.69,5.70,4000,5.290312
2013-03-22,5.59,5.66,5.57,5.61,51000,5.206781
2013-03-21,5.61,5.62,5.55,5.56,14700,5.160375
2013-03-20,5.66,5.78,5.60,5.63,9100,5.225344
2013-03-19,5.58,5.66,5.57,5.62,11100,5.216062
2013-03-18,5.67,5.67,5.58,5.58,9900,5.178937
2013-03-15,5.81,5.81,5.61,5.73,56200,5.318156
2013-03-14,5.80,5.82,5.70,5.80,12700,5.383125
2013-03-13,5.73,5.79,5.71,5.79,4800,5.373844
2013-03-12,5.71,5.78,5.67,5.71,5400,5.299594
2013-03-11,5.76,5.82,5.67,5.73,9200,5.318156
2013-03-08,5.75,5.82,5.75,5.79,16700,5.373844
2013-03-07,5.77,5.79,5.68,5.70,17800,5.290312
2013-03-06,5.71,5.78,5.70,5.78,8900,5.364562
2013-03-05,5.60,5.71,5.54,5.71,14600,5.299594
2013-03-04,5.70,5.70,5.65,5.67,4600,5.262469
2013-03-01,5.55,5.69,5.55,5.65,11700,5.243906
2013-02-28,5.57,5.67,5.57,5.62,13200,5.216062
2013-02-27,5.60,5.77,5.57,5.60,27300,5.1975
2013-02-26,5.53,5.67,5.51,5.62,17000,5.216062
2013-02-25,5.75,5.75,5.43,5.45,35800,5.058281
2013-02-22,5.66,5.71,5.57,5.70,13000,5.290312
2013-02-21,5.63,5.63,5.59,5.62,9700,5.216062
2013-02-20,5.80,5.80,5.61,5.62,27500,5.216062
2013-02-19,5.77,5.81,5.71,5.81,8500,5.392406
2013-02-15,5.69,5.78,5.64,5.75,36100,5.336719
2013-02-14,5.56,5.66,5.54,5.63,7300,5.225344
2013-02-13,5.75,5.82,5.52,5.58,265900,5.178937
2013-02-12,5.72,5.82,5.72,5.82,11900,5.401687
2013-02-11,5.79,5.80,5.68,5.78,5900,5.364562
2013-02-08,5.80,5.83,5.78,5.81,7200,5.392406
2013-02-07,5.75,5.79,5.70,5.79,6600,5.373844
2013-02-06,5.65,5.76,5.63,5.74,4700,5.327437
2013-02-05,5.75,5.75,5.61,5.69,17200,5.281031
2013-02-04,5.76,5.79,5.67,5.72,18200,5.308875
2013-02-01,5.80,5.81,5.71,5.80,14800,5.383125
2013-01-31,5.74,5.82,5.74,5.80,17100,5.383125
2013-01-30,5.79,5.84,5.72,5.76,10100,5.346
2013-01-29,5.75,5.82,5.75,5.81,16500,5.392406
2013-01-28,5.79,5.80,5.66,5.79,13700,5.373844
2013-01-25,5.80,5.80,5.70,5.80,11900,5.383125
2013-01-24,5.79,5.84,5.61,5.80,18200,5.383125
2013-01-23,5.76,5.80,5.75,5.77,11400,5.355281
2013-01-22,5.78,5.80,5.76,5.80,15300,5.383125
2013-01-18,5.78,5.83,5.76,5.80,15200,5.383125
2013-01-17,5.76,5.84,5.70,5.80,17200,5.383125
2013-01-16,5.79,5.81,5.72,5.77,3800,5.355281
2013-01-15,5.76,5.83,5.74,5.79,5900,5.373844
2013-01-14,5.84,5.85,5.77,5.80,11100,5.383125
2013-01-11,5.80,5.83,5.74,5.79,3500,5.373844
2013-01-10,5.80,5.87,5.71,5.81,76500,5.392406
2013-01-09,5.80,5.88,5.79,5.82,13200,5.401687
2013-01-08,5.78,5.82,5.75,5.79,6600,5.373844
2013-01-07,5.77,5.85,5.77,5.80,11800,5.383125
2013-01-04,5.84,5.90,5.78,5.81,32500,5.392406
2013-01-03,5.80,5.90,5.70,5.79,29100,5.373844
2013-01-02,5.82,5.88,5.72,5.79,89000,5.373844
2012-12-31,5.60,5.80,5.60,5.80,22100,5.383125
2012-12-28,5.80,5.80,5.57,5.61,44500,5.206781
2012-12-27,5.75,5.81,5.75,5.79,8500,5.373844
2012-12-26,5.84,5.88,5.67,5.73,11100,5.318156
2012-12-24,5.75,5.80,5.74,5.78,11200,5.364562
2012-12-21,5.81,5.90,5.67,5.76,120400,5.346
2012-12-20,5.82,5.85,5.68,5.81,35600,5.392406
2012-12-19,5.83,5.83,5.61,5.78,20300,5.364562
2012-12-18,5.82,5.88,5.79,5.81,28400,5.392406
2012-12-17,5.84,5.87,5.78,5.84,25300,5.42025
2012-12-14,5.68,5.84,5.65,5.81,236200,5.392406
2012-12-13,5.66,5.81,5.55,5.67,150600,5.262469
2012-12-12,5.85,5.87,5.65,5.68,9700,5.27175
2012-12-11,5.74,5.88,5.68,5.82,19600,5.401687
2012-12-10,5.59,5.70,5.53,5.70,20700,5.290312
2012-12-07,5.52,5.60,5.50,5.57,35000,5.169656
2012-12-06,5.50,5.52,5.43,5.52,10200,5.12325
2012-12-05,5.50,5.59,5.36,5.48,6500,5.086125
2012-12-04,5.54,5.75,5.37,5.48,40700,5.086125
2012-12-03,5.43,5.56,5.37,5.52,15000,5.12325
2012-11-30,5.42,5.49,5.34,5.39,18700,5.002593
2012-11-29,5.42,5.48,5.30,5.40,40100,5.011875
2012-11-28,5.27,5.38,5.27,5.38,12000,4.993312
2012-11-27,5.42,5.42,5.25,5.28,56100,4.9005
2012-11-26,5.38,5.45,5.30,5.35,17000,4.965468
2012-11-23,5.35,5.38,5.35,5.37,10800,4.984031
2012-11-21,5.28,5.72,5.23,5.36,16700,4.97475
2012-11-20,5.32,5.32,5.22,5.25,26000,4.872656
2012-11-19,5.31,5.74,5.31,5.38,18200,4.993312
2012-11-16,5.29,5.38,5.27,5.31,20300,4.928344
2012-11-15,5.30,5.35,5.28,5.30,8400,4.919062
2012-11-14,5.30,5.34,5.29,5.30,17400,4.919062
2012-11-13,5.34,5.34,5.30,5.34,4400,4.956187
2012-11-12,5.30,5.42,5.30,5.34,10000,4.956187
2012-11-09,5.25,5.35,5.25,5.32,6700,4.937625
2012-11-08,5.38,5.43,5.25,5.25,24500,4.872656
2012-11-07,5.28,5.32,5.20,5.31,55900,4.928344
2012-11-06,5.19,5.38,5.16,5.33,241100,4.946906
2012-11-05,5.25,5.46,5.15,5.17,48500,4.798406
2012-11-02,5.38,5.51,5.16,5.23,41400,4.854094
2012-11-01,5.43,5.66,5.26,5.40,106300,5.011875
2012-10-31,5.40,5.48,5.30,5.44,7200,5.049
2012-10-26,5.49,5.51,5.40,5.41,3000,5.021156
2012-10-25,5.34,5.50,5.34,5.46,4900,5.067562
2012-10-24,5.34,5.51,5.32,5.35,6100,4.965468
2012-10-23,5.37,5.49,5.32,5.33,7100,4.946906
2012-10-22,5.34,5.50,5.30,5.38,6700,4.993312
2012-10-19,5.47,5.51,5.31,5.36,27800,4.97475
2012-10-18,5.51,5.51,5.46,5.48,7200,5.086125
2012-10-17,5.50,5.60,5.47,5.50,4900,5.104687
2012-10-16,5.49,5.54,5.41,5.49,12000,5.095406
2012-10-15,5.54,5.54,5.40,5.49,19200,5.095406
2012-10-12,5.75,5.88,5.51,5.53,17200,5.132531
2012-10-11,5.75,5.77,5.65,5.73,14900,5.318156
2012-10-10,5.67,5.80,5.67,5.80,14000,5.383125
2012-10-09,5.75,5.80,5.54,5.68,12600,5.27175
2012-10-08,5.75,5.76,5.67,5.73,8300,5.318156
2012-10-05,5.82,5.84,5.73,5.76,12200,5.346
2012-10-04,5.79,5.83,5.65,5.79,18500,5.373844
2012-10-03,5.83,5.89,5.74,5.76,22000,5.346
2012-10-02,5.82,5.85,5.77,5.81,31400,5.392406
2012-10-01,5.79,5.90,5.79,5.83,15500,5.410968
2012-09-28,5.79,5.85,5.76,5.76,33000,5.346
2012-09-27,5.80,5.85,5.77,5.82,31600,5.401687
2012-09-26,5.89,5.94,5.77,5.79,18600,5.373844
2012-09-25,5.88,5.92,5.85,5.86,33100,5.438812
2012-09-24,5.76,5.89,5.76,5.88,16200,5.457375
2012-09-21,5.90,5.95,5.72,5.76,82800,5.346
2012-09-20,5.60,5.89,5.53,5.83,12700,5.410968
2012-09-19,5.58,5.62,5.49,5.60,30500,5.1975
2012-09-18,5.57,5.62,5.57,5.59,16300,5.188219
2012-09-17,5.58,5.60,5.36,5.59,17800,5.188219
2012-09-14,5.64,5.64,5.59,5.60,35700,5.1975
2012-09-13,5.60,5.66,5.52,5.60,89600,5.1975
2012-09-12,5.53,5.63,5.53,5.60,68100,5.1975
2012-09-11,5.58,5.65,5.57,5.60,115200,5.1975
2012-09-10,5.55,5.67,5.50,5.55,23400,5.151094
2012-09-07,5.58,5.58,5.53,5.55,37900,5.151094
2012-09-06,5.59,5.64,5.50,5.57,117000,5.169656
2012-09-05,5.68,5.68,5.50,5.55,157100,5.151094
2012-09-04,5.72,5.87,5.70,5.73,29900,5.318156
2012-08-31,5.61,5.70,5.54,5.70,19600,5.290312
2012-08-30,5.75,5.75,5.67,5.68,10800,5.27175
2012-08-29,5.68,5.70,5.67,5.70,9300,5.290312
2012-08-28,5.67,5.75,5.62,5.70,17400,5.290312
2012-08-27,5.71,5.76,5.63,5.70,4700,5.290312
2012-08-24,5.44,5.75,5.40,5.70,7700,5.290312
2012-08-23,5.54,5.71,5.41,5.47,113300,5.076843
2012-08-22,5.67,5.67,5.50,5.51,1800,5.113969
2012-08-21,5.74,5.83,5.60,5.67,10600,5.262469
2012-08-20,5.88,5.88,5.05,5.76,21700,5.346
2012-08-17,5.67,5.93,5.67,5.92,40000,5.4945
2012-08-16,5.50,5.76,5.44,5.69,13400,5.281031
2012-08-15,5.35,5.50,5.31,5.50,19500,5.104687
2012-08-14,5.32,5.46,5.25,5.33,107700,4.946906
2012-08-13,5.36,5.50,5.26,5.31,24500,4.928344
2012-08-10,5.50,5.50,5.31,5.32,152600,4.937625
2012-08-09,5.48,5.50,5.33,5.48,6400,5.086125
2012-08-08,5.49,5.49,5.34,5.43,10700,5.039718
2012-08-07,5.50,5.50,5.43,5.49,26900,5.095406
2012-08-06,5.47,5.50,5.31,5.48,23000,5.086125
2012-08-03,5.48,5.50,5.41,5.49,27200,5.095406
2012-08-02,5.39,5.50,5.30,5.47,28700,5.076843
2012-08-01,5.43,5.43,5.34,5.34,55000,4.956187
2012-07-31,5.44,5.44,5.35,5.40,22600,5.011875
2012-07-30,5.58,5.59,5.44,5.46,15300,5.067562
2012-07-27,5.79,5.79,5.43,5.60,34200,5.1975
2012-07-26,5.38,5.69,5.36,5.64,32400,5.234625
2012-07-25,5.31,5.39,5.31,5.36,10500,4.97475
2012-07-24,5.37,5.37,5.18,5.31,26700,4.928344
2012-07-23,5.66,5.66,5.33,5.33,53400,4.946906
2012-07-20,5.73,5.82,5.72,5.72,19500,5.308875
2012-07-19,5.93,5.93,5.75,5.75,12400,5.336719
2012-07-18,5.90,5.93,5.89,5.91,17400,5.485218
2012-07-17,5.95,5.95,5.88,5.90,49300,5.475937
2012-07-16,5.86,5.95,5.82,5.95,39900,5.522343
2012-07-13,5.89,5.90,5.58,5.89,23000,5.466656
2012-07-12,5.83,5.92,5.65,5.89,38600,5.466656
2012-07-11,5.58,5.93,5.58,5.89,65300,5.466656
2012-07-10,5.49,5.61,5.34,5.60,19600,5.1975
2012-07-09,5.68,5.68,5.26,5.43,26000,5.039718
2012-07-06,5.67,5.75,5.53,5.72,30600,5.308875
2012-07-05,5.73,5.75,5.58,5.75,16200,5.336719
2012-07-03,5.53,5.71,5.40,5.71,30600,5.299594
2012-07-02,5.63,5.74,5.31,5.54,65800,5.141812
2012-06-29,5.90,5.90,5.25,5.57,170000,5.169656
2012-06-28,5.72,5.91,5.67,5.84,126500,5.42025
2012-06-27,5.75,5.91,5.54,5.78,31300,5.364562
2012-06-26,5.57,5.86,5.43,5.78,22600,5.364562
2012-06-25,5.77,5.83,5.56,5.57,71700,5.169656
2012-06-22,5.75,6.00,5.39,5.81,2710000,5.392406
2012-06-21,5.83,5.94,5.64,5.74,100400,5.327437
2012-06-20,5.53,5.84,5.24,5.76,65600,5.346
2012-06-19,5.34,5.57,5.23,5.56,114500,5.160375
2012-06-18,5.34,5.35,5.18,5.30,93000,4.919062
2012-06-15,5.30,5.35,5.22,5.31,85900,4.928344
2012-06-14,5.30,5.40,5.06,5.30,90200,4.919062
2012-06-13,5.29,5.35,5.07,5.33,15400,4.946906
2012-06-12,5.30,5.40,5.02,5.24,56600,4.863375
2012-06-11,5.26,5.35,5.07,5.33,57300,4.946906
2012-06-08,5.38,5.44,5.06,5.30,57000,4.919062
2012-06-07,5.23,5.43,5.23,5.35,85300,4.965468
2012-06-06,5.11,5.26,5.00,5.20,8900,4.82625
2012-06-05,5.07,5.33,4.98,5.26,8500,4.881938
2012-06-04,5.29,5.39,4.95,5.09,9800,4.724156
2012-06-01,4.98,5.24,4.83,5.24,10400,4.863375
2012-05-31,5.11,5.37,4.76,4.92,56200,4.566375
2012-05-30,5.29,5.29,5.08,5.12,6800,4.752
2012-05-29,5.07,5.54,5.07,5.40,9800,5.011875
2012-05-25,5.42,5.45,5.05,5.05,5800,4.687031
2012-05-24,5.25,5.51,5.05,5.31,10200,4.928344
2012-05-23,5.20,5.32,5.20,5.25,36000,4.872656
2012-05-22,5.25,5.25,5.09,5.20,20000,4.82625
2012-05-21,5.18,5.36,5.05,5.20,18200,4.82625
2012-05-18,5.12,5.37,5.00,5.16,14700,4.789125
2012-05-17,5.29,5.47,5.08,5.16,8700,4.789125
2012-05-16,5.42,5.54,5.25,5.35,7500,4.965468
2012-05-15,5.38,5.55,5.27,5.48,11000,5.086125
2012-05-14,5.62,5.62,5.26,5.44,7400,5.049
2012-05-11,5.55,5.55,5.43,5.55,15100,5.151094
2012-05-10,5.45,5.55,5.45,5.55,11000,5.151094
2012-05-09,5.49,5.55,5.28,5.44,18000,5.049
2012-05-08,5.40,5.55,5.07,5.46,231500,5.067562
2012-05-07,5.36,5.55,5.30,5.40,37000,5.011875
2012-05-04,5.24,5.55,5.24,5.39,17900,5.002593
2012-05-03,5.20,5.25,5.14,5.20,9200,4.82625
2012-05-02,5.02,5.35,5.00,5.20,42900,4.82625
2012-05-01,5.02,5.02,4.90,5.00,7500,4.640625
2012-04-30,5.00,5.00,4.98,4.99,6200,4.631343
2012-04-27,4.95,5.00,4.94,5.00,10700,4.640625
2012-04-26,4.97,5.00,4.73,5.00,33500,4.640625
2012-04-25,5.00,5.00,4.86,4.95,62500,4.594218
2012-04-24,5.00,5.04,4.89,5.00,15500,4.640625
2012-04-23,4.94,5.05,4.94,4.97,7200,4.612781
2012-04-20,5.05,5.05,4.90,4.94,12700,4.584937
2012-04-19,4.94,5.05,4.93,5.05,3900,4.687031
2012-04-18,5.04,5.04,4.93,5.00,16100,4.640625
2012-04-17,4.86,5.00,4.85,5.00,18900,4.640625
2012-04-16,4.94,5.04,4.84,4.99,27000,4.631343
2012-04-13,4.89,4.94,4.89,4.94,6100,4.584937
2012-04-12,4.71,4.95,4.71,4.94,25100,4.584937
