Date,Open,High,Low,Close,Volume,Adj Close
2016-11-25,179.179993,180.800003,178.009995,180.800003,230400,180.800003
2016-11-23,178.550003,181.149994,175.720001,177.720001,618700,177.720001
2016-11-22,176.330002,179.369995,176.199997,178.919998,415500,178.919998
2016-11-21,177.139999,177.710007,174.940002,176.199997,556800,175.599998
2016-11-18,176.279999,177.110001,175.100006,176.119995,463000,175.520269
2016-11-17,175.110001,178.00,173.470001,176.910004,606500,176.307587
2016-11-16,171.289993,174.869995,170.149994,174.380005,582900,173.786204
2016-11-15,178.410004,178.410004,170.899994,171.25,678300,170.666857
2016-11-14,179.00,179.00,174.100006,176.949997,505000,176.347444
2016-11-11,173.50,175.160004,169.869995,174.610001,476600,174.015416
2016-11-10,169.440002,173.389999,168.470001,172.899994,599700,172.311233
2016-11-09,153.619995,169.050003,153.600006,167.589996,1105600,167.019317
2016-11-08,147.970001,151.300003,146.520004,150.419998,475700,149.907786
2016-11-07,147.929993,149.539993,147.789993,148.940002,517300,148.43283
2016-11-04,148.880005,149.559998,146.720001,146.75,511400,146.250285
2016-11-03,155.00,156.110001,148.479996,148.740005,817300,148.233514
2016-11-02,162.550003,163.539993,159.850006,159.970001,377200,159.425269
2016-11-01,161.669998,162.740005,160.190002,161.570007,271000,161.019827
2016-10-31,160.509995,161.970001,160.059998,161.360001,180000,160.810535
2016-10-28,159.089996,161.429993,159.089996,160.070007,180300,159.524935
2016-10-27,159.529999,159.570007,157.389999,159.130005,258500,158.588133
2016-10-26,155.820007,159.619995,155.050003,159.289993,331900,158.747577
2016-10-25,156.059998,157.149994,155.639999,156.600006,271800,156.06675
2016-10-24,157.399994,157.50,155.779999,155.979996,237400,155.448851
2016-10-21,156.490005,156.490005,155.429993,155.679993,152800,155.149869
2016-10-20,159.190002,159.449997,156.860001,157.190002,205600,156.654737
2016-10-19,160.940002,161.679993,158.509995,159.070007,249400,158.52834
2016-10-18,159.929993,161.520004,159.320007,160.580002,197400,160.033193
2016-10-17,156.949997,159.570007,156.759995,159.270004,273700,158.727656
2016-10-14,156.039993,157.369995,156.039993,156.600006,179100,156.06675
2016-10-13,155.059998,155.860001,154.199997,155.589996,216800,155.060179
2016-10-12,154.50,157.130005,153.759995,155.940002,242200,155.408993
2016-10-11,155.850006,155.850006,153.229996,154.139999,250500,153.61512
2016-10-10,155.279999,157.360001,154.460007,156.289993,265900,155.757793
2016-10-07,155.800003,155.830002,153.940002,155.279999,373300,154.751237
2016-10-06,154.369995,156.070007,154.309998,156.059998,261100,155.52858
2016-10-05,154.479996,155.339996,153.789993,154.619995,279000,154.093481
2016-10-04,153.639999,154.600006,152.949997,153.800003,325700,153.276281
2016-10-03,153.25,153.630005,151.669998,153.520004,243600,152.997236
2016-09-30,154.149994,154.369995,151.990005,153.419998,292200,152.89757
2016-09-29,154.699997,154.789993,151.190002,152.529999,180400,152.010602
2016-09-28,153.910004,155.259995,153.020004,154.809998,207700,154.282836
2016-09-27,154.960007,155.550003,153.589996,153.850006,232600,153.326114
2016-09-26,153.270004,155.539993,152.979996,154.520004,266600,153.993831
2016-09-23,153.139999,154.490005,152.75,153.460007,266900,152.937443
2016-09-22,151.149994,154.350006,150.770004,154.029999,396100,153.505494
2016-09-21,149.169998,150.190002,149.100006,150.050003,684200,149.539051
2016-09-20,150.399994,151.190002,149.070007,149.110001,535700,148.602249
2016-09-19,156.880005,157.699997,154.50,154.669998,541500,154.143314
2016-09-16,159.490005,159.899994,156.149994,156.360001,488100,155.827561
2016-09-15,159.25,160.350006,158.199997,159.889999,386100,159.34554
2016-09-14,161.330002,162.380005,159.139999,159.470001,257900,158.926972
2016-09-13,163.279999,163.479996,160.800003,160.899994,179700,160.352095
2016-09-12,162.00,165.130005,160.240005,164.080002,246700,163.521274
2016-09-09,165.800003,166.110001,162.880005,162.919998,202000,162.365221
2016-09-08,166.729996,167.419998,166.009995,166.589996,188700,166.022722
2016-09-07,166.350006,167.119995,166.160004,166.460007,263600,165.893175
2016-09-06,166.240005,167.479996,166.240005,167.039993,226100,166.471186
2016-09-02,166.00,167.460007,165.960007,166.710007,194500,166.142324
2016-09-01,165.169998,166.509995,165.169998,165.960007,229500,165.394877
2016-08-31,165.139999,165.389999,162.539993,165.169998,278200,164.607559
2016-08-30,166.300003,166.889999,164.580002,165.419998,240400,164.856708
2016-08-29,165.679993,167.380005,165.679993,166.990005,137900,166.421369
2016-08-26,167.25,168.509995,165.169998,165.860001,188400,165.295212
2016-08-25,166.429993,167.490005,165.610001,166.75,152200,166.182181
2016-08-24,167.289993,167.520004,165.979996,166.630005,105400,166.062594
2016-08-23,169.110001,169.630005,166.910004,167.389999,210900,166.321698
2016-08-22,168.179993,169.149994,167.509995,168.460007,160300,167.384877
2016-08-19,167.460007,167.820007,166.130005,167.770004,225800,166.699278
2016-08-18,165.850006,167.770004,165.850006,167.440002,405400,166.371382
2016-08-17,164.600006,166.089996,164.220001,165.880005,251100,164.821341
2016-08-16,168.580002,168.580002,165.179993,165.240005,189400,164.185426
2016-08-15,167.619995,169.479996,166.800003,169.279999,231000,168.199636
2016-08-12,167.470001,168.050003,166.270004,166.800003,290200,165.735467
2016-08-11,167.860001,169.369995,167.009995,167.869995,385700,166.798631
2016-08-10,169.080002,169.649994,166.729996,166.899994,473000,165.83482
2016-08-09,168.100006,169.369995,167.889999,169.279999,318800,168.199636
2016-08-08,170.139999,170.339996,167.740005,167.759995,289200,166.689332
2016-08-05,172.449997,173.380005,169.770004,169.979996,411500,168.895165
2016-08-04,174.089996,177.100006,172.100006,172.789993,460200,171.687229
2016-08-03,173.139999,174.389999,172.429993,174.089996,517200,172.978935
2016-08-02,172.559998,173.699997,171.960007,172.600006,320800,171.498454
2016-08-01,172.25,174.25,172.029999,172.740005,435200,171.63756
2016-07-29,172.529999,173.270004,171.710007,172.580002,191800,171.478578
2016-07-28,171.669998,172.869995,171.539993,172.559998,214200,171.458701
2016-07-27,171.089996,172.309998,170.699997,171.520004,325000,170.425345
2016-07-26,169.589996,171.580002,169.589996,170.820007,278300,169.729816
2016-07-25,169.009995,169.720001,168.050003,168.509995,214400,167.434546
2016-07-22,168.320007,169.440002,167.259995,169.130005,223400,168.050599
2016-07-21,170.00,170.039993,168.220001,168.820007,222300,167.74258
2016-07-20,169.940002,170.399994,169.009995,169.669998,228400,168.587146
2016-07-19,170.039993,171.869995,168.330002,169.419998,494400,168.338741
2016-07-18,172.619995,172.619995,170.199997,170.330002,195400,169.242937
2016-07-15,172.360001,172.830002,171.50,171.610001,229000,170.514767
2016-07-14,174.380005,174.589996,171.809998,171.970001,254300,170.87247
2016-07-13,173.639999,174.039993,173.050003,173.149994,318400,172.044932
2016-07-12,174.880005,176.259995,172.389999,173.139999,214400,172.035001
2016-07-11,173.020004,174.990005,172.869995,173.860001,208900,172.750407
2016-07-08,171.830002,173.419998,171.389999,172.520004,301600,171.418963
2016-07-07,172.369995,172.690002,170.429993,171.330002,248200,170.236555
2016-07-06,170.490005,173.190002,169.039993,172.399994,378200,171.299719
2016-07-05,168.289993,170.580002,167.110001,170.300003,353600,169.21313
2016-07-01,169.339996,170.789993,167.399994,168.330002,350700,167.255702
2016-06-30,164.75,168.029999,164.380005,168.029999,439100,166.957613
2016-06-29,162.50,165.539993,161.789993,164.449997,480300,163.400459
2016-06-28,159.710007,160.869995,158.240005,160.850006,304800,159.823444
2016-06-27,160.00,160.380005,156.970001,159.100006,322100,158.084613
2016-06-24,158.160004,162.449997,157.899994,160.720001,732500,159.694269
2016-06-23,163.589996,163.589996,161.649994,163.00,213000,161.959716
2016-06-22,162.050003,162.710007,161.690002,162.00,220100,160.966099
2016-06-21,161.300003,162.00,160.460007,161.300003,279900,160.270569
2016-06-20,161.440002,162.179993,160.470001,160.630005,233900,159.604847
2016-06-17,159.929993,160.050003,158.259995,159.75,352600,158.730458
2016-06-16,158.910004,159.940002,157.449997,159.25,162600,158.233649
2016-06-15,159.960007,160.490005,158.660004,159.759995,217000,158.740389
2016-06-14,159.369995,159.740005,158.25,159.289993,186500,158.273387
2016-06-13,161.970001,162.490005,159.360001,159.50,220400,158.482054
2016-06-10,163.059998,164.220001,162.509995,163.160004,354000,162.118699
2016-06-09,162.520004,164.039993,161.809998,163.75,375100,162.70493
2016-06-08,158.100006,163.270004,158.100006,162.779999,531100,161.741119
2016-06-07,158.779999,159.50,157.50,158.119995,337900,157.110856
2016-06-06,157.850006,158.949997,157.25,158.419998,314600,157.408945
2016-06-03,156.649994,158.00,156.440002,157.589996,335200,156.58424
2016-06-02,156.50,156.970001,155.899994,156.740005,374300,155.739674
2016-06-01,152.820007,156.770004,152.820007,156.619995,320300,155.620429
2016-05-31,155.119995,155.490005,152.089996,153.410004,247200,152.430924
2016-05-27,153.919998,155.169998,153.460007,154.669998,318300,153.682878
2016-05-26,152.259995,154.279999,152.259995,154.220001,258400,153.235753
2016-05-25,151.550003,152.690002,151.309998,151.820007,238500,150.851076
2016-05-24,149.479996,152.059998,148.559998,151.559998,454000,150.095918
2016-05-23,154.929993,154.929993,153.399994,154.119995,271500,152.631186
2016-05-20,154.520004,155.490005,153.460007,154.520004,271500,153.027331
2016-05-19,153.50,154.570007,152.539993,154.039993,156500,152.551957
2016-05-18,153.479996,155.770004,152.75,154.330002,308900,152.839164
2016-05-17,154.059998,154.990005,152.860001,153.919998,257700,152.433121
2016-05-16,153.190002,155.369995,152.289993,154.270004,289900,152.779746
2016-05-13,153.449997,154.169998,150.860001,152.240005,317000,150.769357
2016-05-12,154.169998,154.809998,152.330002,153.619995,307100,152.136016
2016-05-11,156.479996,157.389999,153.029999,153.669998,300200,152.185536
2016-05-10,155.240005,156.949997,154.380005,156.169998,601800,154.661386
2016-05-09,154.520004,155.190002,152.580002,154.360001,320700,152.868873
2016-05-06,151.979996,156.820007,151.649994,155.199997,724500,153.700755
2016-05-05,145.600006,153.410004,145.199997,151.130005,461800,149.670079
2016-05-04,144.869995,145.809998,143.339996,145.130005,364100,143.72804
2016-05-03,144.800003,146.470001,144.389999,145.949997,252200,144.54011
2016-05-02,144.929993,146.160004,144.520004,145.970001,238700,144.559921
2016-04-29,144.660004,145.470001,143.589996,144.770004,321500,143.371517
2016-04-28,146.00,146.399994,144.289993,145.160004,283200,143.757749
2016-04-27,144.559998,146.899994,143.470001,146.419998,262300,145.005571
2016-04-26,143.550003,144.850006,142.759995,144.380005,256800,142.985285
2016-04-25,143.479996,144.529999,142.169998,143.009995,167800,141.628509
2016-04-22,143.380005,144.610001,142.789993,144.199997,270900,142.807016
2016-04-21,143.860001,144.610001,142.789993,143.75,213700,142.361366
2016-04-20,144.389999,144.419998,142.970001,144.059998,219800,142.668369
2016-04-19,144.25,145.279999,143.460007,144.470001,394100,143.074412
2016-04-18,142.00,143.949997,142.00,143.949997,255800,142.559431
2016-04-15,143.190002,143.550003,141.509995,142.970001,331500,141.588902
2016-04-14,143.320007,143.740005,141.410004,143.619995,348400,142.232617
2016-04-13,142.660004,143.50,141.199997,143.139999,274200,141.757258
2016-04-12,139.710007,142.149994,138.169998,141.309998,267500,139.944934
2016-04-11,137.320007,140.800003,136.949997,139.089996,335500,137.746378
2016-04-08,140.179993,140.479996,138.75,139.419998,354500,138.073192
2016-04-07,139.720001,140.300003,137.169998,138.940002,437300,137.597833
2016-04-06,137.089996,140.779999,136.759995,140.690002,351600,139.330928
2016-04-05,136.809998,138.369995,136.50,137.350006,221100,136.023196
2016-04-04,137.490005,138.479996,136.410004,137.899994,232800,136.567871
2016-04-01,136.00,138.119995,135.509995,137.460007,298200,136.132134
2016-03-31,138.50,139.929993,136.490005,136.940002,371600,135.617153
2016-03-30,138.910004,140.699997,138.199997,138.460007,273200,137.122474
2016-03-29,136.699997,138.850006,136.119995,138.179993,513100,136.845165
2016-03-28,138.289993,138.289993,136.240005,137.050003,162100,135.726091
2016-03-24,137.639999,138.100006,135.419998,137.330002,230400,136.003385
2016-03-23,136.880005,140.070007,136.880005,138.389999,262100,137.053143
2016-03-22,137.809998,138.50,137.050003,137.589996,171900,136.260868
2016-03-21,137.919998,139.649994,137.240005,137.839996,226100,136.508453
2016-03-18,137.080002,139.440002,137.080002,138.520004,344100,137.181892
2016-03-17,135.429993,138.130005,134.580002,137.580002,312200,136.25097
2016-03-16,134.320007,135.699997,133.25,135.410004,163100,134.101934
2016-03-15,132.199997,134.75,131.880005,134.330002,217200,133.032365
2016-03-14,132.029999,134.089996,131.25,132.610001,236000,131.328979
2016-03-11,132.960007,135.940002,132.360001,134.059998,249600,132.764969
2016-03-10,132.070007,132.669998,130.889999,131.940002,267200,130.665453
2016-03-09,130.619995,132.589996,130.190002,131.679993,304900,130.407955
2016-03-08,131.899994,131.899994,129.529999,130.080002,267500,128.823421
2016-03-07,133.009995,133.270004,131.089996,132.279999,297400,131.002165
2016-03-04,131.600006,134.839996,131.479996,133.809998,298700,132.517384
2016-03-03,131.330002,133.570007,131.229996,133.539993,228700,132.249988
2016-03-02,132.429993,132.970001,130.429993,131.470001,393300,130.199992
2016-03-01,132.449997,133.610001,131.259995,132.809998,332800,131.031877
2016-02-29,133.740005,134.289993,130.809998,131.059998,404500,129.305307
2016-02-26,135.070007,135.229996,133.50,133.550003,265600,131.761975
2016-02-25,132.860001,135.00,132.289993,133.990005,289700,132.196086
2016-02-24,131.600006,133.520004,130.110001,132.860001,372900,131.08121
2016-02-23,133.839996,135.720001,132.039993,132.880005,399600,131.100947
2016-02-22,132.119995,135.600006,132.039993,134.529999,472300,132.72885
2016-02-19,131.830002,133.110001,130.320007,133.009995,361500,131.229196
2016-02-18,132.00,133.729996,128.559998,133.020004,613400,131.239072
2016-02-17,134.589996,135.220001,132.729996,134.860001,514400,133.054434
2016-02-16,132.610001,134.470001,130.229996,134.339996,402500,132.541391
2016-02-12,129.270004,131.630005,128.50,131.300003,463500,129.542099
2016-02-11,125.589996,129.399994,124.639999,128.429993,544900,126.710514
2016-02-10,126.139999,130.589996,125.650002,129.440002,501200,127.707001
2016-02-09,123.199997,126.68,122.910004,125.459999,623600,123.780284
2016-02-08,126.269997,126.449997,123.370003,125.169998,386300,123.494165
2016-02-05,125.730003,126.349998,124.470001,125.379997,352300,123.701353
2016-02-04,125.559998,128.00,124.50,125.949997,359900,124.263721
2016-02-03,125.919998,126.260002,123.32,125.629997,288700,123.948006
2016-02-02,125.650002,126.220001,124.190002,124.580002,266100,122.912068
2016-02-01,126.650002,127.980003,125.07,126.720001,346300,125.023416
2016-01-29,122.949997,127.980003,122.480003,127.879997,376800,126.167882
2016-01-28,122.980003,123.529999,121.410004,122.449997,368800,120.810581
2016-01-27,123.269997,124.529999,120.870003,122.160004,446600,120.52447
2016-01-26,122.349998,125.110001,122.349998,124.779999,192100,123.109387
2016-01-25,122.68,123.290001,121.57,121.860001,421900,120.228483
2016-01-22,122.550003,123.730003,121.910004,122.860001,434300,121.215095
2016-01-21,122.029999,123.540001,120.309998,121.410004,672600,119.784511
2016-01-20,121.040001,123.290001,118.199997,121.980003,462800,120.34688
2016-01-19,124.82,124.919998,119.650002,121.800003,428200,120.169289
2016-01-15,122.290001,124.830002,121.82,123.650002,420100,121.994519
2016-01-14,123.18,126.510002,120.779999,124.959999,431100,123.286978
2016-01-13,128.020004,129.919998,121.720001,122.910004,538400,121.264429
2016-01-12,127.370003,129.649994,127.18,129.020004,390500,127.292626
2016-01-11,127.849998,128.869995,125.769997,126.470001,324500,124.776763
2016-01-08,127.75,130.279999,126.150002,127.220001,510300,125.516722
2016-01-07,125.419998,127.110001,123.300003,124.889999,377900,123.217915
2016-01-06,125.879997,127.580002,125.080002,127.470001,375600,125.763375
2016-01-05,124.220001,127.629997,123.860001,127.019997,365800,125.319395
2016-01-04,124.970001,124.970001,122.349998,124.220001,327200,122.556887
2015-12-31,127.059998,128.490005,125.650002,126.849998,260700,125.151673
2015-12-30,129.179993,129.229996,127.360001,127.639999,135700,125.931097
2015-12-29,129.399994,130.360001,128.490005,129.479996,134200,127.746459
2015-12-28,129.309998,129.960007,126.629997,128.289993,132800,126.572388
2015-12-24,128.449997,130.380005,128.100006,129.449997,67500,127.716862
2015-12-23,128.889999,129.919998,127.669998,128.419998,139200,126.700653
2015-12-22,127.690002,128.229996,126.089996,127.75,223700,126.039625
2015-12-21,126.610001,127.959999,125.900002,127.25,281600,125.546319
2015-12-18,126.989998,127.139999,124.900002,125.449997,491100,123.770415
2015-12-17,128.639999,129.520004,126.910004,126.989998,222800,125.289798
2015-12-16,128.220001,129.429993,126.739998,128.570007,212800,126.848654
2015-12-15,127.419998,127.790001,126.230003,126.959999,351400,125.260201
2015-12-14,126.730003,127.230003,124.900002,126.410004,303000,124.717569
2015-12-11,126.699997,127.610001,126.07,126.580002,211100,124.885291
2015-12-10,128.559998,129.619995,127.739998,128.479996,198300,126.759847
2015-12-09,130.100006,131.479996,128.460007,128.660004,294500,126.937445
2015-12-08,130.880005,131.720001,130.020004,130.580002,335100,128.831737
2015-12-07,133.080002,133.080002,131.080002,132.529999,260400,130.755627
2015-12-04,130.320007,133.479996,129.220001,133.080002,259000,131.298266
2015-12-03,131.360001,132.410004,128.929993,130.100006,309100,128.358168
2015-12-02,133.380005,133.380005,130.690002,131.210007,207600,129.453307
2015-12-01,131.190002,133.869995,130.419998,133.75,332700,131.959294
2015-11-30,132.830002,132.830002,130.25,130.919998,305400,129.167182
2015-11-27,132.800003,133.279999,131.169998,132.770004,106000,130.992419
2015-11-25,133.850006,134.50,131.600006,132.300003,215900,130.52871
2015-11-24,133.399994,133.860001,131.179993,133.850006,272600,132.057961
2015-11-23,135.070007,135.570007,132.880005,133.669998,194500,131.387057
2015-11-20,135.300003,136.550003,133.520004,134.520004,271700,132.222546
2015-11-19,132.389999,134.220001,130.610001,134.080002,376700,131.790058
2015-11-18,132.00,132.600006,130.279999,131.429993,416600,129.185308
2015-11-17,132.050003,133.860001,130.729996,131.75,312800,129.49985
2015-11-16,128.089996,131.580002,127.370003,131.449997,315300,129.204971
2015-11-13,127.510002,128.080002,126.199997,127.489998,278800,125.312604
2015-11-12,129.190002,130.139999,127.989998,127.989998,310500,125.804065
2015-11-11,129.160004,131.070007,127.949997,130.580002,543400,128.349834
2015-11-10,127.57,128.75,125.980003,128.160004,407200,125.971167
2015-11-09,128.770004,128.960007,125.809998,127.580002,319500,125.401071
2015-11-06,130.970001,131.080002,126.910004,129.00,439100,126.796817
2015-11-05,121.57,131.190002,120.699997,130.130005,820100,127.907523
2015-11-04,122.099998,122.339996,119.25,120.370003,504700,118.314211
2015-11-03,120.580002,121.779999,119.68,121.629997,298100,119.552686
2015-11-02,120.300003,121.93,117.900002,121.080002,343100,119.012084
2015-10-30,114.660004,121.010002,113.580002,119.940002,652200,117.891555
2015-10-29,112.220001,113.980003,112.220001,113.82,181900,111.876075
2015-10-28,111.010002,112.949997,110.160004,112.709999,319500,110.785032
2015-10-27,107.760002,110.269997,106.760002,110.129997,484200,108.249094
2015-10-26,108.709999,108.779999,107.239998,107.639999,297900,105.801623
2015-10-23,107.510002,109.220001,107.410004,108.730003,233500,106.873011
2015-10-22,105.620003,107.440002,105.400002,106.669998,212300,104.848188
2015-10-21,105.93,106.440002,105.089996,105.239998,141800,103.442611
2015-10-20,104.589996,106.360001,104.410004,105.220001,244500,103.422956
2015-10-19,105.57,106.330002,104.370003,104.629997,323900,102.843028
2015-10-16,108.18,108.330002,105.449997,106.239998,156200,104.425532
2015-10-15,108.580002,109.059998,106.650002,108.300003,206900,106.450354
2015-10-14,109.980003,110.75,108.220001,108.610001,239900,106.755057
2015-10-13,111.010002,112.129997,109.419998,109.519997,230400,107.649512
2015-10-12,113.540001,113.540001,111.559998,111.889999,198600,109.979037
2015-10-09,112.25,113.699997,111.120003,113.510002,221800,111.571372
2015-10-08,109.620003,112.18,109.050003,111.470001,234200,109.566212
2015-10-07,109.220001,110.980003,108.059998,110.220001,284200,108.337561
2015-10-06,108.489998,109.400002,107.989998,108.300003,225900,106.450354
2015-10-05,108.230003,108.900002,107.480003,108.300003,295600,106.450354
2015-10-02,104.230003,106.940002,103.580002,106.940002,188700,105.113581
2015-10-01,106.849998,107.620003,104.519997,105.75,317100,103.943903
2015-09-30,106.75,107.660004,105.650002,107.150002,245500,105.319993
2015-09-29,104.480003,105.660004,103.510002,105.349998,240200,103.550733
2015-09-28,104.889999,105.550003,103.43,103.980003,304200,102.204136
2015-09-25,108.150002,108.300003,105.139999,105.720001,161300,103.914416
2015-09-24,105.790001,107.529999,104.989998,107.080002,244700,105.251189
2015-09-23,109.849998,109.889999,107.050003,107.239998,116200,105.408453
2015-09-22,109.239998,110.129997,108.080002,109.010002,199500,107.148227
2015-09-21,112.599998,112.599998,110.339996,110.830002,280600,108.937143
2015-09-18,114.120003,114.400002,111.199997,111.599998,481600,109.693989
2015-09-17,116.290001,117.190002,115.040001,115.279999,167100,113.311139
2015-09-16,116.43,116.800003,115.019997,116.400002,245500,114.412013
2015-09-15,115.639999,116.449997,114.989998,116.300003,138100,114.313723
2015-09-14,115.379997,115.389999,114.029999,115.040001,146700,113.07524
2015-09-11,114.099998,115.650002,113.800003,115.540001,131000,113.566701
2015-09-10,114.849998,116.910004,114.059998,115.230003,238200,113.261997
2015-09-09,116.949997,117.260002,114.550003,114.790001,238600,112.82951
2015-09-08,114.519997,116.089996,113.370003,116.00,270500,114.018843
2015-09-04,112.43,113.769997,111.849998,112.610001,221500,110.686742
2015-09-03,114.400002,116.18,113.639999,113.989998,506100,112.04317
2015-09-02,109.400002,114.339996,108.400002,114.260002,764600,112.308563
2015-09-01,110.900002,112.260002,106.970001,107.550003,867100,105.713163
2015-08-31,112.93,114.379997,111.910004,112.580002,285200,110.657255
2015-08-28,112.50,114.129997,111.480003,113.57,393000,111.630345
2015-08-27,110.349998,113.620003,110.129997,113.129997,385400,111.197857
2015-08-26,106.529999,109.529999,105.400002,109.389999,364800,107.521735
2015-08-25,110.330002,110.330002,104.559998,104.870003,430400,102.685763
2015-08-24,103.809998,112.010002,102.760002,107.360001,609700,105.123899
2015-08-21,111.910004,114.040001,109.980003,110.07,483800,107.777454
2015-08-20,117.699997,118.059998,112.669998,112.779999,403200,110.431009
2015-08-19,119.809998,120.370003,117.739998,118.309998,367900,115.845829
2015-08-18,119.75,121.400002,119.559998,120.529999,208400,118.019592
2015-08-17,118.589996,120.529999,117.760002,120.129997,329700,117.627921
2015-08-14,116.910004,119.800003,116.610001,119.199997,288900,116.717291
2015-08-13,117.400002,118.730003,116.760002,117.18,359800,114.739367
2015-08-12,117.980003,117.989998,114.639999,117.690002,410900,115.238747
2015-08-11,119.550003,120.75,118.379997,118.980003,349400,116.50188
2015-08-10,117.019997,121.029999,116.489998,120.550003,368900,118.039179
2015-08-07,121.610001,122.309998,113.540001,115.809998,657600,113.397899
2015-08-06,116.459999,128.220001,114.709999,122.260002,591000,119.713562
2015-08-05,116.650002,118.800003,115.769997,117.120003,444300,114.680619
2015-08-04,115.839996,116.900002,114.610001,115.949997,247900,113.534982
2015-08-03,117.029999,117.029999,115.059998,115.730003,278200,113.319571
2015-07-31,116.970001,118.309998,115.839996,117.410004,302900,114.96458
2015-07-30,117.00,117.760002,115.040001,116.610001,249900,114.18124
2015-07-29,114.739998,117.970001,114.470001,117.480003,412100,115.033122
2015-07-28,113.220001,114.989998,112.269997,114.860001,299000,112.467689
2015-07-27,111.690002,112.550003,110.50,112.25,202900,109.912049
2015-07-24,114.940002,115.519997,111.720001,112.040001,249500,109.706424
2015-07-23,115.019997,116.989998,114.169998,114.839996,219900,112.448101
2015-07-22,114.959999,115.150002,113.959999,114.699997,232100,112.311018
2015-07-21,116.339996,116.480003,114.449997,115.459999,247400,113.05519
2015-07-20,117.099998,117.260002,115.870003,116.169998,181900,113.750402
2015-07-17,117.360001,117.639999,116.019997,116.620003,188900,114.191033
2015-07-16,116.739998,117.620003,115.620003,117.589996,249300,115.140824
2015-07-15,116.839996,117.07,115.010002,115.739998,192200,113.329357
2015-07-14,115.980003,117.349998,115.019997,117.110001,283700,114.670826
2015-07-13,115.129997,116.790001,115.129997,116.209999,250600,113.789569
2015-07-10,114.00,114.879997,113.300003,114.169998,213600,111.792058
2015-07-09,113.379997,113.970001,112.449997,112.589996,156200,110.244964
2015-07-08,113.139999,113.75,111.300003,111.93,407100,109.598715
2015-07-07,113.449997,114.580002,111.839996,114.32,283900,111.938935
2015-07-06,111.870003,113.790001,111.650002,113.260002,318100,110.901015
2015-07-02,114.470001,114.470001,112.43,113.07,247800,110.71497
2015-07-01,113.57,114.449997,112.919998,113.790001,346200,111.419975
2015-06-30,113.580002,113.580002,111.379997,112.589996,476300,110.244964
2015-06-29,113.709999,114.110001,112.25,112.449997,288600,110.107881
2015-06-26,116.190002,116.550003,114.709999,114.839996,488200,112.448101
2015-06-25,116.699997,117.080002,115.739998,116.190002,239400,113.769989
2015-06-24,119.25,119.25,116.18,116.269997,254900,113.848317
2015-06-23,117.889999,119.370003,116.410004,119.300003,429000,116.815214
2015-06-22,118.029999,118.120003,116.68,118.019997,262300,115.561868
2015-06-19,117.68,118.610001,117.43,117.440002,326700,114.993954
2015-06-18,117.690002,118.809998,117.459999,117.980003,334300,115.522708
2015-06-17,117.00,117.980003,116.040001,117.580002,285100,115.131038
2015-06-16,116.839996,118.110001,116.339996,116.860001,293700,114.426033
2015-06-15,117.099998,117.82,115.50,116.699997,336200,114.269361
2015-06-12,117.529999,118.410004,117.379997,118.129997,291100,115.669578
2015-06-11,118.82,119.57,118.099998,118.529999,564200,116.061248
2015-06-10,118.160004,119.970001,117.889999,118.75,401000,116.276667
2015-06-09,119.080002,119.080002,117.32,117.440002,251400,114.993954
2015-06-08,119.760002,119.989998,118.489998,118.910004,212200,116.433338
2015-06-05,119.010002,119.739998,117.720001,119.669998,222800,117.177503
2015-06-04,121.099998,121.900002,118.129997,119.379997,254200,116.893543
2015-06-03,122.559998,123.57,121.349998,121.779999,252800,119.243557
2015-06-02,120.50,123.519997,120.50,121.93,329100,119.390434
2015-06-01,124.919998,124.919998,121.139999,121.730003,572000,119.194603
2015-05-29,123.459999,124.389999,121.849998,123.989998,402700,121.407526
2015-05-28,123.459999,124.160004,122.540001,123.410004,254300,120.839612
2015-05-27,122.00,124.239998,121.360001,123.910004,263200,121.329198
2015-05-26,122.190002,122.730003,121.900002,122.330002,377200,119.390437
2015-05-22,122.489998,123.419998,121.360001,122.860001,261300,119.9077
2015-05-21,122.720001,123.68,122.099998,123.129997,242200,120.171209
2015-05-20,121.160004,122.610001,119.919998,122.129997,343100,119.195239
2015-05-19,120.00,121.489998,119.650002,120.489998,395600,117.594648
2015-05-18,122.50,123.730003,122.00,123.50,218100,120.532321
2015-05-15,124.059998,124.309998,122.550003,122.900002,257600,119.94674
2015-05-14,122.949997,124.720001,122.849998,124.150002,309900,121.166703
2015-05-13,121.639999,123.07,121.019997,122.589996,444400,119.644184
2015-05-12,120.029999,121.510002,119.379997,120.669998,504100,117.770323
2015-05-11,118.550003,121.900002,118.510002,120.949997,636100,118.043594
2015-05-08,121.419998,122.57,116.900002,118.75,1286800,115.896462
2015-05-07,128.809998,128.809998,120.519997,123.529999,1337700,120.561599
2015-05-06,134.330002,134.919998,132.929993,133.729996,293900,130.516492
2015-05-05,135.929993,136.160004,133.679993,133.869995,300800,130.653127
2015-05-04,133.639999,136.240005,132.089996,135.660004,231900,132.400122
2015-05-01,132.059998,134.539993,131.410004,133.960007,291600,130.740976
2015-04-30,135.639999,136.580002,131.320007,131.589996,433200,128.427916
2015-04-29,137.029999,137.699997,136.580002,136.690002,199000,133.40537
2015-04-28,137.50,138.699997,136.119995,137.220001,203400,133.922633
2015-04-27,139.539993,140.100006,137.169998,138.119995,193000,134.801
2015-04-24,139.119995,139.910004,138.690002,139.559998,131300,136.2064
2015-04-23,138.940002,139.990005,138.509995,139.009995,209600,135.669613
2015-04-22,139.149994,140.149994,137.339996,139.759995,169200,136.401591
2015-04-21,139.059998,139.770004,138.119995,139.210007,353000,135.864819
2015-04-20,137.960007,138.899994,137.50,138.160004,189700,134.840048
2015-04-17,139.410004,139.410004,136.830002,137.50,156800,134.195904
2015-04-16,139.940002,140.929993,138.740005,140.559998,259000,137.18237
2015-04-15,140.210007,140.699997,139.240005,139.729996,228100,136.372313
2015-04-14,140.199997,140.839996,138.740005,139.00,270100,135.659859
2015-04-13,141.300003,141.699997,139.979996,140.25,263700,136.879822
2015-04-10,140.229996,142.020004,140.229996,142.00,240600,138.58777
2015-04-09,140.160004,140.809998,139.460007,140.339996,208300,136.967656
2015-04-08,141.619995,142.490005,140.399994,140.820007,232100,137.436132
2015-04-07,141.380005,142.990005,141.259995,141.419998,193200,138.021705
2015-04-06,138.779999,141.539993,138.649994,141.380005,188200,137.982673
2015-04-02,140.619995,141.690002,138.75,139.440002,162100,136.089288
2015-04-01,139.929993,140.789993,137.660004,140.630005,234200,137.250695
2015-03-31,141.460007,142.020004,139.240005,140.149994,287300,136.782219
2015-03-30,139.009995,142.770004,138.449997,141.910004,388900,138.499936
2015-03-27,138.410004,139.309998,137.130005,137.630005,460400,134.322785
2015-03-26,137.789993,139.279999,137.119995,138.300003,286100,134.976683
2015-03-25,142.240005,142.330002,137.860001,138.00,213700,134.683889
2015-03-24,142.470001,143.729996,141.279999,142.240005,268500,138.822008
2015-03-23,143.149994,143.580002,141.029999,142.229996,260400,138.812239
2015-03-20,141.949997,144.00,141.490005,143.070007,406000,139.632065
2015-03-19,141.669998,141.940002,140.059998,141.330002,195000,137.933871
2015-03-18,140.229996,141.710007,138.460007,141.479996,209000,138.080261
2015-03-17,139.039993,140.690002,137.860001,140.360001,244000,136.987179
2015-03-16,140.169998,141.149994,138.75,139.429993,368800,136.079519
2015-03-13,140.110001,141.630005,138.419998,139.330002,254200,135.981931
2015-03-12,140.059998,141.130005,138.940002,140.649994,244300,137.270204
2015-03-11,137.75,138.990005,136.619995,138.910004,327400,135.572025
2015-03-10,138.25,138.919998,136.949997,137.330002,317100,134.029991
2015-03-09,137.660004,140.380005,136.839996,139.289993,362900,135.942884
2015-03-06,139.649994,139.979996,136.149994,137.070007,449100,133.776244
2015-03-05,143.059998,143.059998,140.600006,140.880005,256900,137.494688
2015-03-04,141.550003,143.300003,140.389999,142.919998,417300,139.48566
2015-03-03,142.490005,143.770004,140.880005,142.190002,302600,138.382822
2015-03-02,141.330002,143.830002,140.309998,143.550003,579500,139.706409
2015-02-27,143.00,143.059998,141.179993,141.330002,328100,137.545849
2015-02-26,141.100006,143.860001,140.910004,142.639999,385800,138.820771
2015-02-25,140.130005,143.529999,139.449997,142.070007,488800,138.26604
2015-02-24,140.669998,142.279999,138.429993,139.669998,648900,135.930292
2015-02-23,137.720001,142.419998,137.720001,142.410004,533300,138.596933
2015-02-20,133.00,137.800003,132.449997,137.690002,821900,134.003311
2015-02-19,132.00,138.779999,129.369995,133.00,1074000,129.438885
2015-02-18,125.199997,128.449997,125.199997,128.410004,528900,124.971787
2015-02-17,125.410004,126.989998,125.019997,125.510002,420600,122.149434
2015-02-13,124.029999,125.269997,123.110001,125.120003,402300,121.769877
2015-02-12,122.849998,124.580002,121.830002,124.099998,284900,120.777184
2015-02-11,119.919998,122.32,119.919998,121.970001,256700,118.704218
2015-02-10,120.00,120.720001,118.879997,120.489998,176000,117.263842
2015-02-09,120.959999,121.599998,119.029999,119.220001,212100,116.02785
2015-02-06,120.599998,122.489998,120.139999,121.709999,375200,118.451177
2015-02-05,121.879997,122.209999,120.510002,120.839996,184000,117.604469
2015-02-04,121.169998,121.93,120.419998,120.860001,208100,117.623938
2015-02-03,118.50,121.309998,118.50,121.169998,317000,117.925635
2015-02-02,116.720001,118.059998,114.610001,118.010002,223800,114.850249
2015-01-30,117.510002,118.410004,116.239998,116.599998,283200,113.477998
2015-01-29,118.529999,118.919998,116.650002,118.489998,224700,115.317393
2015-01-28,120.279999,120.790001,117.910004,118.440002,216200,115.268736
2015-01-27,117.650002,119.690002,117.650002,119.050003,309700,115.862403
2015-01-26,119.220001,119.57,117.75,119.519997,272100,116.319813
2015-01-23,119.400002,119.830002,117.870003,119.610001,258900,116.407407
2015-01-22,116.879997,119.779999,115.43,119.400002,312600,116.203031
2015-01-21,114.599998,116.110001,114.010002,115.910004,285900,112.806478
2015-01-20,115.599998,116.459999,113.370003,114.790001,369700,111.716464
2015-01-16,112.279999,115.830002,112.279999,115.650002,274000,112.553438
2015-01-15,113.360001,114.93,111.830002,112.839996,335800,109.818672
2015-01-14,113.150002,115.160004,112.330002,113.529999,432700,110.490199
2015-01-13,115.790001,117.559998,113.760002,114.919998,300800,111.842981
2015-01-12,116.459999,116.540001,114.160004,115.50,254300,112.407453
2015-01-09,117.650002,118.419998,115.82,115.879997,183200,112.777276
2015-01-08,115.080002,117.910004,114.57,117.739998,341100,114.587474
2015-01-07,115.059998,116.18,113.089996,114.080002,381700,111.025476
2015-01-06,111.739998,115.040001,111.010002,114.279999,438300,111.220117
2015-01-05,111.650002,112.07,109.419998,110.230003,210200,107.278562
2015-01-02,112.489998,113.389999,110.589996,111.910004,198100,108.91358
2014-12-31,114.519997,115.239998,112.440002,112.459999,225800,109.448849
2014-12-30,114.510002,115.269997,114.18,114.330002,133400,111.268782
2014-12-29,115.089996,116.050003,114.919998,114.980003,105900,111.901379
2014-12-26,115.370003,115.790001,114.209999,115.480003,92500,112.387992
2014-12-24,114.519997,115.400002,114.25,114.839996,82600,111.765121
2014-12-23,115.370003,116.290001,114.480003,114.599998,317800,111.531549
2014-12-22,111.75,115.419998,111.629997,114.699997,345400,111.62887
2014-12-19,110.00,111.620003,109.93,111.339996,385400,108.358834
2014-12-18,107.339996,110.279999,106.93,110.230003,276900,107.278562
2014-12-17,104.900002,107.220001,103.779999,106.839996,232400,103.979323
2014-12-16,103.459999,105.360001,102.650002,104.610001,267300,101.809036
2014-12-15,104.339996,104.360001,102.519997,103.730003,234600,100.952601
2014-12-12,103.589996,104.540001,103.040001,103.650002,286900,100.874742
2014-12-11,104.529999,105.669998,104.400002,104.739998,173300,101.935553
2014-12-10,107.279999,107.279999,104.129997,104.209999,148400,101.419745
2014-12-09,106.769997,108.110001,105.790001,107.709999,188600,104.826031
2014-12-08,109.279999,110.209999,107.970001,108.330002,317000,105.429433
2014-12-05,108.00,110.00,108.00,109.339996,287800,106.412385
2014-12-04,108.480003,109.220001,107.279999,107.529999,150000,104.650851
2014-12-03,107.68,109.449997,107.389999,109.279999,192100,106.353994
2014-12-02,106.699997,108.800003,106.580002,107.699997,199900,104.816297
2014-12-01,108.199997,109.050003,107.019997,107.089996,227500,104.22263
2014-11-28,108.989998,110.169998,108.82,108.970001,106700,106.052297
2014-11-26,109.900002,110.25,108.870003,109.440002,109400,106.509713
2014-11-25,109.75,110.449997,109.440002,110.129997,134800,107.181233
2014-11-24,107.959999,110.110001,107.959999,110.059998,154500,106.723813
2014-11-21,109.589996,109.75,107.760002,107.959999,217000,104.68747
2014-11-20,108.199997,108.989998,108.029999,108.440002,192700,105.152924
2014-11-19,108.339996,109.139999,107.650002,109.080002,154200,105.773523
2014-11-18,108.510002,109.00,108.160004,108.690002,299500,105.395346
2014-11-17,107.669998,108.25,107.480003,108.050003,185000,104.774746
2014-11-14,107.580002,108.610001,107.25,107.849998,228600,104.580804
2014-11-13,108.279999,108.889999,107.589996,107.830002,273100,104.561414
2014-11-12,108.150002,108.57,107.599998,108.360001,188400,105.075347
2014-11-11,109.839996,110.379997,107.080002,108.279999,346100,104.99777
2014-11-10,107.169998,109.660004,106.839996,109.559998,408000,106.238969
2014-11-07,106.00,107.019997,105.50,106.830002,546100,103.591726
2014-11-06,100.699997,105.940002,100.00,105.919998,326000,102.709307
2014-11-05,105.760002,106.269997,104.610001,104.959999,279500,101.778408
2014-11-04,105.199997,105.830002,104.739998,105.489998,360300,102.292341
2014-11-03,105.349998,106.32,104.389999,105.239998,223200,102.049919
2014-10-31,105.00,106.00,104.629997,105.82,251600,102.61234
2014-10-30,103.540001,103.970001,102.669998,103.919998,235600,100.769932
2014-10-29,101.989998,103.440002,101.790001,103.309998,298200,100.178422
2014-10-28,99.239998,102.029999,99.169998,102.019997,257100,98.927524
2014-10-27,97.50,98.970001,97.040001,98.910004,331300,95.911802
2014-10-24,97.720001,97.959999,97.040001,97.650002,253800,94.689994
2014-10-23,97.43,98.870003,97.400002,97.730003,187100,94.767571
2014-10-22,97.00,98.379997,96.120003,96.230003,183900,93.313039
2014-10-21,93.269997,96.870003,93.269997,96.839996,257900,93.904542
2014-10-20,93.779999,94.059998,92.57,93.169998,380400,90.34579
2014-10-17,93.849998,94.629997,93.32,94.339996,467400,91.480323
2014-10-16,91.50,93.389999,91.099998,92.529999,442200,89.725191
2014-10-15,92.25,94.07,90.459999,93.309998,425700,90.481546
2014-10-14,92.800003,94.889999,92.400002,93.910004,324500,91.063364
2014-10-13,95.230003,96.120003,92.290001,92.370003,421600,89.570045
2014-10-10,97.489998,98.089996,95.260002,95.300003,408500,92.411229
2014-10-09,98.949997,99.019997,97.580002,97.910004,313300,94.942115
2014-10-08,98.529999,99.519997,97.230003,99.400002,448300,96.386947
2014-10-07,101.57,101.57,98.269997,98.410004,539700,95.426958
2014-10-06,103.839996,104.029999,101.599998,101.93,305200,98.840255
2014-10-03,103.620003,104.470001,103.190002,103.93,224700,100.779631
2014-10-02,103.00,103.870003,102.00,102.900002,318100,99.780854
2014-10-01,103.800003,103.800003,101.389999,103.040001,441700,99.916609
2014-09-30,105.040001,105.449997,104.050003,104.209999,241700,101.051142
2014-09-29,103.989998,105.32,103.720001,105.199997,204400,102.011131
2014-09-26,104.150002,105.150002,103.529999,104.879997,263100,101.700831
2014-09-25,103.949997,104.260002,103.239998,104.099998,273400,100.944476
2014-09-24,103.459999,104.510002,103.050003,104.410004,334600,101.245084
2014-09-23,104.25,104.339996,103.389999,103.559998,220100,100.420844
2014-09-22,105.610001,105.610001,103.800003,104.360001,178000,101.196597
2014-09-19,107.599998,108.230003,105.709999,105.879997,354800,102.670518
2014-09-18,107.610001,107.889999,107.00,107.589996,157300,104.328683
2014-09-17,105.779999,107.480003,105.330002,107.019997,271200,103.775962
2014-09-16,105.239998,106.400002,104.849998,105.779999,270900,102.573551
2014-09-15,105.300003,105.690002,104.660004,105.059998,137000,101.875375
2014-09-12,105.339996,105.889999,104.940002,105.169998,202500,101.982041
2014-09-11,106.07,106.360001,105.169998,105.629997,218600,102.428097
2014-09-10,104.75,106.400002,104.529999,106.25,311900,103.029305
2014-09-09,103.410004,104.839996,103.230003,104.610001,266100,101.439018
2014-09-08,102.510002,103.57,102.43,103.389999,194700,100.255998
2014-09-05,101.169998,102.650002,100.540001,102.610001,225900,99.499643
2014-09-04,102.480003,102.970001,100.839996,101.169998,232300,98.103291
2014-09-03,104.690002,105.120003,101.800003,102.349998,286700,99.247522
2014-09-02,102.260002,104.779999,101.830002,104.739998,413200,101.565075
2014-08-29,102.110001,102.449997,101.480003,102.110001,104800,99.014799
2014-08-28,102.870003,103.019997,101.919998,102.080002,159200,98.98571
2014-08-27,102.629997,103.470001,102.269997,103.00,219100,99.877821
2014-08-26,103.00,103.160004,102.419998,102.510002,169800,99.208742
2014-08-25,103.480003,103.839996,103.010002,103.169998,143700,99.847484
2014-08-22,103.559998,103.739998,102.889999,102.910004,146600,99.595862
2014-08-21,102.82,103.550003,102.580002,103.43,183900,100.099113
2014-08-20,102.660004,103.050003,102.139999,102.860001,170900,99.547469
2014-08-19,101.68,103.480003,101.68,102.790001,455200,99.479724
2014-08-18,100.199997,101.739998,100.18,101.440002,175700,98.173201
2014-08-15,100.389999,100.860001,98.949997,99.709999,250900,96.498911
2014-08-14,99.300003,100.580002,98.629997,100.199997,275500,96.973129
2014-08-13,96.57,99.32,96.57,99.220001,305100,96.024693
2014-08-12,96.059998,96.839996,95.269997,95.870003,314800,92.782579
2014-08-11,96.120003,97.709999,95.650002,96.029999,290600,92.937423
2014-08-08,93.169998,95.080002,93.07,94.860001,346400,91.805104
2014-08-07,89.699997,93.379997,89.559998,93.160004,426500,90.159854
2014-08-06,89.459999,89.879997,88.889999,89.400002,238200,86.52094
2014-08-05,89.099998,90.480003,88.620003,89.959999,301300,87.062903
2014-08-04,90.129997,90.589996,88.839996,89.290001,283300,86.414482
2014-08-01,90.529999,91.790001,89.330002,90.410004,435100,87.498415
2014-07-31,92.480003,93.010002,90.910004,90.919998,351400,87.991986
2014-07-30,93.220001,93.739998,92.75,93.059998,284000,90.063068
2014-07-29,93.57,93.970001,92.970001,92.980003,313100,89.98565
2014-07-28,93.559998,93.860001,93.059998,93.629997,326400,90.614712
2014-07-25,93.150002,93.660004,93.010002,93.400002,373400,90.392123
2014-07-24,93.239998,93.510002,92.68,93.400002,328800,90.392123
2014-07-23,93.150002,93.260002,92.489998,93.239998,245300,90.237272
2014-07-22,93.040001,93.459999,92.470001,93.040001,255000,90.043716
2014-07-21,91.860001,92.709999,91.650002,92.290001,299100,89.317869
2014-07-18,90.639999,92.309998,90.57,92.050003,290700,89.0856
2014-07-17,91.709999,92.559998,90.43,90.470001,317300,87.556481
2014-07-16,93.529999,93.699997,91.739998,91.739998,398100,88.785578
2014-07-15,92.720001,93.699997,92.269997,92.870003,199000,89.879192
2014-07-14,92.860001,93.260002,92.00,92.760002,353000,89.772734
2014-07-11,92.470001,92.82,91.50,92.110001,260300,89.143665
2014-07-10,91.050003,92.660004,90.639999,92.419998,436500,89.44368
2014-07-09,92.779999,93.040001,91.669998,92.040001,381800,89.07592
2014-07-08,93.50,93.660004,91.75,92.209999,367600,89.240443
2014-07-07,94.00,94.00,93.209999,93.529999,233100,90.517933
2014-07-03,94.68,94.980003,93.959999,94.040001,310300,91.011511
2014-07-02,95.00,95.589996,94.099998,94.209999,278000,91.176035
2014-07-01,95.010002,95.989998,94.220001,95.339996,630400,92.269641
2014-06-30,94.50,94.68,93.50,94.589996,418300,91.543795
2014-06-27,93.120003,94.550003,93.00,94.230003,859200,91.195395
2014-06-26,94.139999,94.209999,93.040001,93.589996,234100,90.575999
2014-06-25,94.029999,94.279999,93.790001,94.139999,322400,91.108289
2014-06-24,96.00,96.239998,93.82,93.900002,328900,90.87602
2014-06-23,97.040001,97.260002,96.300003,96.309998,233800,93.208404
2014-06-20,97.209999,97.949997,96.790001,97.150002,495900,94.021357
2014-06-19,97.849998,98.599998,96.75,97.339996,324900,94.205233
2014-06-18,99.059998,99.440002,96.849998,97.870003,422400,94.718171
2014-06-17,98.400002,99.279999,97.730003,98.809998,363100,95.627894
2014-06-16,98.589996,99.059998,98.129997,98.43,301900,95.260134
2014-06-13,99.190002,99.410004,98.709999,98.839996,316200,95.656926
2014-06-12,100.949997,100.959999,98.879997,99.139999,227400,95.947268
2014-06-11,102.080002,102.25,100.839996,101.019997,269000,97.766721
2014-06-10,102.879997,103.160004,101.50,102.599998,361000,99.29584
2014-06-09,102.639999,103.93,102.279999,103.239998,265700,99.915229
2014-06-06,102.00,102.830002,101.980003,102.50,346200,99.199062
2014-06-05,101.559998,102.050003,101.190002,101.809998,300000,98.531281
2014-06-04,100.940002,101.580002,100.660004,101.129997,280700,97.873179
2014-06-03,100.360001,101.470001,100.360001,101.089996,292300,97.834467
2014-06-02,99.540001,101.239998,98.690002,101.010002,395000,97.757049
2014-05-30,98.940002,100.050003,98.800003,99.830002,382200,96.615049
2014-05-29,100.440002,100.440002,98.989998,99.379997,226200,96.179537
2014-05-28,99.110001,100.50,99.110001,99.940002,528600,96.721508
2014-05-27,98.669998,99.550003,98.239998,99.279999,368300,95.889202
2014-05-23,97.50,99.010002,97.290001,98.620003,380300,95.251747
2014-05-22,96.260002,97.599998,95.879997,97.199997,337400,93.88024
2014-05-21,95.699997,96.540001,95.290001,96.410004,441200,93.117228
2014-05-20,95.779999,96.309998,94.870003,95.220001,615500,91.967869
2014-05-19,95.790001,97.269997,95.389999,96.00,491000,92.721228
2014-05-16,96.790001,96.970001,95.220001,96.150002,401100,92.866106
2014-05-15,98.360001,98.690002,95.349998,96.449997,549100,93.155855
2014-05-14,101.68,101.980003,99.470001,99.699997,274700,96.294855
2014-05-13,101.449997,101.839996,101.160004,101.699997,258700,98.226548
2014-05-12,100.199997,101.720001,100.010002,101.239998,562800,97.782259
2014-05-09,100.510002,101.580002,98.93,100.230003,565400,96.80676
2014-05-08,100.080002,104.519997,100.029999,100.760002,800100,97.318657
2014-05-07,102.120003,103.959999,101.209999,103.75,244300,100.206535
2014-05-06,102.949997,103.699997,101.809998,102.019997,351300,98.535618
2014-05-05,103.949997,104.540001,102.550003,103.57,220300,100.032682
2014-05-02,102.879997,105.00,102.879997,104.290001,238100,100.728093
2014-05-01,102.970001,104.419998,102.459999,103.220001,123900,99.694638
2014-04-30,101.260002,103.059998,100.830002,103.00,265900,99.48215
2014-04-29,99.449997,101.480003,99.230003,101.279999,161700,97.820894
2014-04-28,101.540001,101.769997,98.050003,99.080002,344500,95.696035
2014-04-25,103.300003,103.580002,100.480003,100.559998,259700,97.125484
2014-04-24,104.379997,104.639999,102.589996,103.82,215500,100.274144
2014-04-23,103.730003,104.239998,103.209999,104.099998,292400,100.54458
2014-04-22,104.00,105.080002,103.620003,103.629997,279700,100.090631
2014-04-21,103.669998,104.220001,103.00,103.949997,237800,100.399701
2014-04-17,101.360001,104.120003,101.360001,104.040001,303900,100.486631
2014-04-16,100.260002,101.599998,99.330002,101.360001,319700,97.898163
2014-04-15,98.519997,100.089996,97.199997,99.809998,339900,96.401099
2014-04-14,98.510002,99.230003,98.190002,98.519997,287200,95.155157
2014-04-11,99.209999,100.160004,98.050003,98.169998,313200,94.817112
2014-04-10,100.349998,100.860001,99.230003,99.410004,525000,96.014766
2014-04-09,98.980003,100.610001,98.589996,100.269997,290900,96.845387
2014-04-08,99.830002,100.099998,97.139999,98.230003,457900,94.875068
2014-04-07,100.839996,100.849998,98.919998,99.82,362200,96.41076
2014-04-04,104.360001,105.339996,100.75,100.809998,240700,97.366945
2014-04-03,104.610001,104.870003,103.68,104.489998,262400,100.921259
2014-04-02,103.650002,104.389999,103.220001,104.160004,314100,100.602536
2014-04-01,102.339996,103.769997,102.169998,103.32,381700,99.791221
2014-03-31,100.57,102.690002,100.150002,102.260002,273200,98.767426
2014-03-28,100.209999,101.650002,99.769997,99.900002,322400,96.488029
2014-03-27,99.489998,100.660004,99.080002,99.959999,435700,96.545977
2014-03-26,100.730003,101.519997,99.360001,99.400002,312900,96.005106
2014-03-25,100.25,100.790001,99.900002,100.360001,305900,96.932317
2014-03-24,100.449997,100.519997,97.860001,99.879997,442900,96.468708
2014-03-21,101.370003,101.620003,99.389999,99.50,605600,96.101689
2014-03-20,101.18,101.400002,100.339996,100.690002,298700,97.251048
2014-03-19,102.370003,102.489998,100.129997,101.07,277100,97.618067
2014-03-18,101.75,102.389999,101.550003,102.309998,321900,98.815714
2014-03-17,101.660004,102.940002,101.50,101.889999,347800,98.410061
2014-03-14,102.300003,103.449997,101.860001,102.349998,382000,98.854349
2014-03-13,104.07,104.470001,101.889999,102.300003,392000,98.806061
2014-03-12,103.00,104.110001,102.120003,103.860001,416700,100.312779
2014-03-11,105.400002,105.519997,103.459999,103.629997,399600,100.090631
2014-03-10,104.949997,105.75,104.620003,105.370003,439800,101.771208
2014-03-07,106.00,106.589996,104.75,104.809998,578300,101.23033
2014-03-06,104.129997,106.040001,103.610001,104.959999,862500,101.375208
2014-03-05,104.82,105.739998,103.800003,103.889999,490300,100.341753
2014-03-04,105.790001,105.790001,103.800003,104.550003,502600,100.786046
2014-03-03,100.169998,103.919998,99.07,103.260002,531900,99.542487
2014-02-28,101.43,102.580002,100.339996,101.330002,574700,97.681969
2014-02-27,100.669998,101.260002,98.010002,100.68,958300,97.055369
2014-02-26,97.32,97.730003,96.410004,96.900002,456000,93.411456
2014-02-25,98.279999,98.519997,96.790001,97.00,306100,93.507854
2014-02-24,98.269997,99.57,98.050003,98.089996,394400,94.558609
2014-02-21,98.279999,98.980003,97.129997,98.099998,336200,94.568251
2014-02-20,96.230003,98.330002,95.82,98.010002,373800,94.481495
2014-02-19,96.779999,97.389999,95.889999,96.00,251400,92.543856
2014-02-18,96.379997,97.699997,95.940002,97.169998,330300,93.671732
2014-02-14,95.139999,96.379997,94.580002,96.010002,326600,92.553498
2014-02-13,93.080002,96.160004,92.860001,95.32,427300,91.888336
2014-02-12,92.989998,94.110001,92.75,93.480003,368400,90.114583
2014-02-11,91.660004,93.169998,91.120003,92.809998,216000,89.468698
2014-02-10,92.919998,92.919998,91.300003,91.43,202700,88.138383
2014-02-07,91.00,93.239998,91.00,92.889999,280200,89.54582
2014-02-06,90.93,92.00,90.080002,90.82,333200,87.550343
2014-02-05,90.699997,91.209999,89.410004,90.559998,408300,87.299701
2014-02-04,89.919998,91.290001,88.940002,90.699997,721000,87.434661
2014-02-03,95.07,95.629997,89.519997,89.709999,661300,86.480304
2014-01-31,92.870003,95.779999,92.830002,95.019997,632200,91.599134
2014-01-30,93.900002,94.099998,93.239998,93.910004,326900,90.529102
2014-01-29,93.050003,94.07,92.610001,93.230003,279500,89.873583
2014-01-28,92.989998,93.889999,92.760002,93.879997,454300,90.500176
2014-01-27,93.489998,94.410004,91.370003,92.989998,574700,89.642218
2014-01-24,96.510002,96.540001,92.910004,93.449997,565300,90.085657
2014-01-23,97.349998,97.879997,97.00,97.199997,448900,93.700651
2014-01-22,96.510002,97.949997,96.510002,97.93,414700,94.404373
2014-01-21,96.150002,96.75,95.550003,96.150002,507000,92.688457
2014-01-17,95.199997,95.610001,95.040001,95.239998,390200,91.811215
2014-01-16,95.019997,95.699997,94.510002,95.220001,555800,91.791938
2014-01-15,94.75,95.489998,94.440002,95.300003,623000,91.86906
2014-01-14,93.110001,94.870003,93.050003,94.139999,696500,90.750818
2014-01-13,92.75,93.980003,92.650002,93.019997,443300,89.671137
2014-01-10,90.93,92.650002,90.760002,92.599998,207500,89.266259
2014-01-09,91.360001,91.68,90.400002,90.870003,274000,87.598546
2014-01-08,91.190002,91.620003,90.370003,90.75,518000,87.482864
2014-01-07,92.00,93.199997,90.849998,91.190002,437100,87.907025
2014-01-06,89.099998,90.599998,88.459999,90.040001,404700,86.798426
2014-01-03,87.860001,88.540001,87.50,88.419998,394400,85.236745
2014-01-02,89.629997,90.080002,87.419998,87.910004,479100,84.745111
2013-12-31,88.900002,90.050003,88.769997,90.010002,267200,86.769507
2013-12-30,88.769997,89.019997,88.330002,88.82,162800,85.622346
2013-12-27,90.650002,93.040001,88.389999,88.779999,230700,85.583785
2013-12-26,88.489998,89.300003,87.769997,88.230003,129800,85.053591
2013-12-24,87.529999,88.25,87.410004,87.860001,63300,84.696908
2013-12-23,88.00,88.220001,86.669998,87.620003,277900,84.465551
2013-12-20,84.730003,87.699997,84.589996,87.040001,882600,83.90643
2013-12-19,84.650002,84.730003,84.00,84.349998,333000,81.313272
2013-12-18,84.830002,84.940002,83.290001,84.690002,555200,81.641035
2013-12-17,85.50,85.50,84.059998,84.360001,550700,81.322914
2013-12-16,81.529999,83.059998,81.529999,82.779999,385800,79.799794
2013-12-13,80.68,81.800003,80.300003,81.370003,419600,78.44056
2013-12-12,79.550003,80.669998,79.470001,80.239998,777000,77.351237
2013-12-11,80.639999,80.650002,79.239998,79.519997,563200,76.657157
2013-12-10,81.120003,81.419998,80.309998,80.410004,470800,77.515123
2013-12-09,82.309998,82.440002,81.18,81.480003,344500,78.546601
2013-12-06,82.260002,82.730003,82.040001,82.309998,326700,79.346714
2013-12-05,82.470001,83.099998,81.260002,81.769997,441500,78.826154
2013-12-04,82.730003,83.169998,82.080002,82.769997,561900,79.790152
2013-12-03,82.379997,83.260002,81.760002,83.00,676700,80.011875
2013-12-02,82.559998,83.470001,82.019997,82.43,455200,79.462396
2013-11-29,82.809998,83.019997,82.00,82.230003,149000,79.2696
2013-11-27,81.940002,83.080002,81.879997,82.739998,176600,79.761234
2013-11-26,80.970001,82.00,80.610001,81.860001,311100,78.912918
2013-11-25,80.50,81.25,80.190002,80.989998,435800,77.881435
2013-11-22,80.410004,80.610001,80.239998,80.470001,519400,77.381397
2013-11-21,79.660004,81.209999,79.660004,80.510002,401500,77.419863
2013-11-20,79.400002,80.089996,78.830002,79.449997,231500,76.400543
2013-11-19,79.00,79.43,78.699997,79.160004,320900,76.12168
2013-11-18,79.919998,80.349998,78.940002,79.110001,361200,76.073596
2013-11-15,79.00,79.660004,78.68,79.360001,280500,76.314001
2013-11-14,78.599998,79.43,78.489998,78.970001,350500,75.93897
2013-11-13,77.099998,78.610001,77.099998,78.440002,510900,75.429314
2013-11-12,76.75,77.580002,76.550003,77.25,480800,74.284986
2013-11-11,76.330002,76.919998,75.910004,76.730003,408100,73.784948
2013-11-08,73.779999,76.089996,72.980003,76.080002,538600,73.159895
2013-11-07,75.00,75.709999,72.620003,72.959999,421600,70.159645
2013-11-06,72.410004,72.980003,72.18,72.650002,171200,69.861545
2013-11-05,72.550003,72.889999,72.110001,72.25,284900,69.476897
2013-11-04,71.970001,72.839996,71.809998,72.790001,233200,69.996171
2013-11-01,71.690002,72.309998,71.059998,71.830002,169000,69.073019
2013-10-31,71.870003,72.330002,71.519997,71.550003,311400,68.803767
2013-10-30,72.00,72.599998,71.32,71.620003,196400,68.87108
2013-10-29,71.650002,72.019997,71.470001,72.00,244300,69.236492
2013-10-28,71.769997,71.849998,71.470001,71.660004,176000,68.909546
2013-10-25,72.489998,72.489998,71.57,71.940002,394300,69.178797
2013-10-24,72.309998,72.510002,71.900002,72.419998,348100,69.64037
2013-10-23,71.940002,72.50,71.790001,72.07,341100,69.303805
2013-10-22,72.43,72.790001,72.169998,72.220001,305000,69.448049
2013-10-21,73.029999,73.230003,72.150002,72.269997,186800,69.496126
2013-10-18,72.32,73.059998,71.68,73.029999,340800,70.226957
2013-10-17,71.220001,72.209999,71.220001,71.949997,316100,69.188408
2013-10-16,71.540001,71.980003,71.230003,71.529999,257700,68.784531
2013-10-15,71.239998,71.550003,70.889999,71.190002,317000,68.457584
2013-10-14,70.370003,71.400002,70.330002,71.300003,463000,68.563363
2013-10-11,69.959999,70.959999,69.720001,70.760002,740600,68.044088
2013-10-10,68.25,70.389999,68.139999,70.349998,503200,67.649821
2013-10-09,67.529999,68.019997,66.699997,67.410004,489400,64.822669
2013-10-08,67.480003,68.050003,66.82,67.309998,351600,64.726502
2013-10-07,67.419998,67.889999,66.769997,67.57,212000,64.976524
2013-10-04,67.75,68.089996,67.410004,67.870003,246100,65.265013
2013-10-03,67.959999,68.040001,67.169998,67.629997,415600,65.034219
2013-10-02,68.370003,68.550003,67.919998,68.07,289800,65.457333
2013-10-01,67.25,68.93,67.25,68.720001,422400,66.082386
2013-09-30,67.029999,67.82,66.489998,67.400002,295500,64.813051
2013-09-27,66.93,67.50,66.57,67.419998,274200,64.83228
2013-09-26,67.50,67.800003,67.120003,67.410004,245600,64.822669
2013-09-25,67.510002,67.779999,67.089996,67.379997,407600,64.793815
2013-09-24,67.599998,68.120003,67.129997,67.470001,367900,64.880364
2013-09-23,67.910004,68.190002,67.440002,67.620003,384100,65.024608
2013-09-20,69.239998,69.559998,67.760002,67.790001,416600,65.188081
2013-09-19,69.519997,69.730003,68.779999,69.089996,158100,66.43818
2013-09-18,69.150002,69.809998,68.50,69.489998,406100,66.822829
2013-09-17,68.730003,69.400002,68.32,69.32,256800,66.659356
2013-09-16,68.809998,68.860001,68.050003,68.699997,165000,66.06315
2013-09-13,68.00,68.18,66.779999,67.849998,302800,65.245776
2013-09-12,67.669998,68.279999,67.220001,68.00,854700,65.39002
2013-09-11,66.68,67.559998,66.559998,67.559998,136500,64.966906
2013-09-10,66.139999,66.879997,65.830002,66.830002,211500,64.264929
2013-09-09,64.629997,65.93,64.629997,65.919998,131900,63.389853
2013-09-06,64.279999,64.980003,63.459999,64.769997,181500,62.283991
2013-09-05,64.089996,64.339996,63.900002,64.129997,128800,61.668556
2013-09-04,63.450001,64.300003,63.369999,64.239998,324700,61.774335
2013-09-03,64.269997,64.650002,63.290001,63.59,355300,61.149285
2013-08-30,64.580002,64.709999,63.220001,63.32,220300,60.889648
2013-08-29,64.050003,65.010002,64.050003,64.610001,122200,62.130136
2013-08-28,63.950001,64.75,63.759998,64.220001,96000,61.755106
2013-08-27,65.120003,65.610001,63.919998,63.919998,194800,61.370455
2013-08-26,65.269997,66.410004,65.010002,65.620003,168000,63.002652
2013-08-23,65.57,65.690002,65.110001,65.349998,109800,62.743417
2013-08-22,64.129997,65.699997,64.029999,65.209999,113400,62.609002
2013-08-21,63.700001,64.550003,63.700001,63.93,176000,61.380058
2013-08-20,63.50,64.459999,63.450001,63.959999,130800,61.40886
2013-08-19,63.360001,63.709999,63.25,63.50,127700,60.967209
2013-08-16,63.240002,63.900002,63.240002,63.470001,123900,60.938407
2013-08-15,63.48,63.639999,62.959999,63.240002,315800,60.717581
2013-08-14,64.849998,64.889999,63.84,63.919998,140500,61.370455
2013-08-13,64.550003,65.160004,63.759998,64.800003,330300,62.215359
2013-08-12,63.970001,64.68,63.77,64.400002,297200,61.831313
2013-08-09,63.259998,64.139999,62.900002,64.110001,297400,61.552879
2013-08-08,63.700001,63.990002,63.189999,63.529999,416800,60.996011
2013-08-07,62.860001,63.599998,62.130001,63.330002,281800,60.803991
2013-08-06,63.32,63.619999,62.77,63.189999,120500,60.669572
2013-08-05,63.119999,63.630001,62.580002,63.549999,109700,61.015214
2013-08-02,62.98,63.50,62.939999,63.349998,180600,60.82319
2013-08-01,62.959999,63.990002,62.720001,63.200001,450200,60.679176
2013-07-31,62.150002,62.509998,61.849998,62.18,304300,59.699859
2013-07-30,62.450001,62.91,61.740002,61.93,148100,59.459831
2013-07-29,62.27,62.599998,62.029999,62.09,103700,59.613449
2013-07-26,62.740002,63.18,62.310001,62.509998,96300,60.016695
2013-07-25,63.310001,63.310001,62.41,63.09,144800,60.573562
2013-07-24,63.360001,63.790001,63.23,63.34,172700,60.813591
2013-07-23,63.07,63.400002,62.860001,63.259998,177300,60.73678
2013-07-22,62.93,63.189999,62.490002,62.93,256300,60.419944
2013-07-19,61.759998,62.900002,61.759998,62.790001,267500,60.285529
2013-07-18,60.669998,62.060001,60.669998,61.990002,241700,59.517439
2013-07-17,60.18,60.669998,60.060001,60.50,143600,58.086868
2013-07-16,60.82,61.23,59.970001,60.02,162100,57.626014
2013-07-15,60.389999,60.959999,60.110001,60.869999,140900,58.442109
2013-07-12,60.639999,60.869999,59.27,60.189999,155100,57.789232
2013-07-11,59.849998,60.759998,59.740002,60.59,228600,58.173279
2013-07-10,58.259998,59.32,58.259998,59.16,122100,56.800316
2013-07-09,58.16,58.810001,57.84,58.27,137600,55.945816
2013-07-08,58.310001,58.84,57.66,57.779999,315000,55.475358
2013-07-05,57.360001,58.130001,57.360001,58.049999,182800,55.734589
2013-07-03,56.50,57.34,56.50,57.299999,354500,55.014504
2013-07-02,56.939999,57.34,56.139999,56.599998,251900,54.342424
2013-07-01,56.82,57.52,56.369999,56.919998,244700,54.64966
2013-06-28,56.459999,56.950001,56.029999,56.48,812300,54.227211
2013-06-27,55.700001,56.82,55.700001,56.59,173600,54.332825
2013-06-26,55.009998,55.57,54.790001,55.330002,159500,53.123083
2013-06-25,55.389999,55.50,54.619999,54.68,277500,52.499008
2013-06-24,54.66,55.50,54.32,55.040001,214500,52.844649
2013-06-21,55.950001,56.130001,54.849998,55.049999,449500,52.854249
2013-06-20,56.00,56.639999,55.720001,55.93,210100,53.69915
2013-06-19,57.639999,57.639999,56.57,56.650002,109800,54.390433
2013-06-18,56.240002,57.700001,56.09,57.639999,134000,55.340943
2013-06-17,56.490002,56.700001,55.619999,56.310001,224800,54.063994
2013-06-14,55.939999,56.59,55.52,56.09,95500,53.852768
2013-06-13,55.09,56.080002,55.02,55.990002,187000,53.756758
2013-06-12,56.48,56.790001,55.07,55.27,101000,53.065475
2013-06-11,56.040001,56.470001,55.34,56.029999,114900,53.79516
2013-06-10,56.209999,56.669998,55.68,56.66,171400,54.400032
2013-06-07,55.189999,56.139999,52.41,56.02,135100,53.78556
2013-06-06,54.48,55.209999,54.029999,55.200001,142100,52.998267
2013-06-05,54.66,55.049999,53.98,54.439999,187700,52.268579
2013-06-04,54.43,55.139999,53.869999,54.869999,268200,52.681428
2013-06-03,55.330002,55.560001,54.169998,54.459999,298400,52.287782
2013-05-31,55.23,56.220001,54.799999,55.220001,183800,53.01747
2013-05-30,54.700001,55.810001,54.700001,55.290001,178700,53.084678
2013-05-29,55.310001,55.490002,54.50,54.830002,162600,52.643026
2013-05-28,55.93,56.720001,55.509998,55.73,119300,53.411114
2013-05-24,55.84,56.00,55.099998,55.34,126800,53.037342
2013-05-23,55.18,56.040001,54.84,56.00,188700,53.66988
2013-05-22,56.150002,56.540001,55.349998,55.57,204100,53.257772
2013-05-21,55.27,56.110001,55.119999,56.00,194200,53.66988
2013-05-20,55.82,55.82,55.150002,55.259998,331000,52.960669
2013-05-17,55.540001,56.00,55.310001,55.82,224400,53.497369
2013-05-16,54.669998,55.389999,54.490002,55.169998,209500,52.874414
2013-05-15,54.00,54.700001,53.849998,54.580002,157000,52.308967
2013-05-14,53.560001,54.240002,53.50,54.150002,227800,51.896859
2013-05-13,53.639999,53.799999,53.389999,53.509998,203700,51.283485
2013-05-10,53.700001,54.049999,53.490002,53.810001,145100,51.571006
2013-05-09,53.740002,53.919998,52.860001,53.66,189700,51.427245
2013-05-08,54.00,54.450001,52.549999,53.52,179300,51.293071
2013-05-07,53.57,54.099998,53.380001,54.00,250200,51.753098
2013-05-06,53.23,53.75,52.84,53.439999,137500,51.216398
2013-05-03,53.259998,53.66,53.119999,53.34,116500,51.120561
2013-05-02,52.049999,53.02,51.43,52.950001,169700,50.746789
2013-05-01,52.73,53.060001,51.880001,51.93,132300,49.76923
2013-04-30,52.91,53.110001,52.639999,52.900002,195700,50.69887
2013-04-29,52.080002,52.990002,52.080002,52.91,190700,50.708452
2013-04-26,52.52,52.75,51.709999,51.880001,194200,49.721311
2013-04-25,51.509998,52.509998,51.360001,52.48,201100,50.296344
2013-04-24,51.00,51.389999,50.889999,51.279999,140100,49.146275
2013-04-23,50.279999,51.009998,50.279999,50.98,142500,48.858758
2013-04-22,50.23,50.310001,49.73,50.119999,126400,48.034541
2013-04-19,50.23,50.619999,49.900002,50.27,149900,48.178302
2013-04-18,50.869999,50.869999,49.84,50.110001,214800,48.024959
2013-04-17,51.119999,51.310001,50.029999,50.630001,138000,48.523323
2013-04-16,52.419998,52.630001,50.66,51.50,177100,49.357122
2013-04-15,53.279999,53.580002,51.50,51.869999,321300,49.711725
2013-04-12,52.169998,53.68,52.169998,53.650002,543400,51.417663
2013-04-11,51.860001,52.299999,51.799999,52.130001,109900,49.960909
2013-04-10,50.98,51.860001,50.959999,51.860001,240700,49.702143
2013-04-09,51.259998,51.439999,50.41,51.080002,214000,48.954599
2013-04-08,51.919998,51.919998,50.91,51.299999,188300,49.165443
2013-04-05,51.189999,51.779999,50.880001,51.580002,134300,49.433795
2013-04-04,52.189999,52.669998,51.790001,51.91,163400,49.750062
2013-04-03,52.560001,53.310001,51.889999,51.950001,440100,49.788398
2013-04-02,53.939999,53.959999,52.290001,52.48,228400,50.296344
2013-04-01,53.52,54.16,53.189999,53.779999,218500,51.542251
2013-03-28,53.080002,53.470001,52.939999,53.330002,122600,51.110978
2013-03-27,52.889999,53.080002,52.630001,52.959999,121500,50.756371
2013-03-26,52.400002,53.34,52.400002,53.200001,190400,50.986387
2013-03-25,52.630001,53.189999,52.110001,52.360001,181200,50.181338
2013-03-22,52.439999,53.060001,52.189999,52.41,185100,50.229257
2013-03-21,52.639999,52.959999,51.830002,52.049999,221100,49.884236
2013-03-20,52.59,52.98,52.48,52.82,199400,50.622197
2013-03-19,52.91,53.330002,52.27,52.50,364100,50.315512
2013-03-18,53.529999,53.900002,53.25,53.639999,190700,51.408077
2013-03-15,54.209999,54.220001,53.610001,54.02,529800,51.772267
2013-03-14,52.889999,54.119999,52.59,54.080002,283400,51.829771
2013-03-13,51.380001,53.110001,51.380001,52.849998,320300,50.650948
2013-03-12,50.700001,51.43,50.66,51.34,227500,49.203779
2013-03-11,50.25,50.98,50.009998,50.900002,217200,48.782089
2013-03-08,49.349998,50.759998,49.349998,50.560001,293700,48.456236
2013-03-07,49.16,49.200001,48.810001,49.049999,319600,47.009064
2013-03-06,48.369999,49.18,48.349998,49.169998,224800,47.12407
2013-03-05,47.470001,48.099998,47.259998,48.07,187200,46.069841
2013-03-04,47.73,47.790001,47.18,47.25,314900,45.283961
2013-03-01,47.779999,48.57,47.290001,47.91,415500,45.916499
2013-02-28,46.77,48.52,46.759998,48.040001,385800,46.041091
2013-02-27,45.470001,47.139999,44.77,47.119999,365400,45.159369
2013-02-26,44.349998,45.740002,44.349998,45.470001,81400,43.578027
2013-02-25,45.099998,45.59,44.27,44.290001,290100,42.351287
2013-02-22,44.849998,45.189999,44.799999,44.950001,263900,42.982397
2013-02-21,45.349998,45.439999,44.599998,44.630001,225800,42.676404
2013-02-20,45.450001,45.950001,45.380001,45.439999,480000,43.450946
2013-02-19,45.349998,45.549999,45.23,45.540001,295500,43.546571
2013-02-15,45.099998,45.59,45.029999,45.349998,121700,43.364885
2013-02-14,45.389999,45.48,45.040001,45.200001,251500,43.221453
2013-02-13,45.330002,45.82,45.130001,45.549999,242300,43.556131
2013-02-12,45.27,45.400002,45.150002,45.25,176400,43.269264
2013-02-11,45.23,45.400002,45.00,45.23,176600,43.250139
2013-02-08,44.810001,45.400002,44.610001,45.389999,388000,43.403135
2013-02-07,44.389999,45.00,44.380001,44.880001,272700,42.915461
2013-02-06,43.990002,44.630001,43.990002,44.389999,316400,42.446908
2013-02-05,44.279999,44.59,43.959999,44.169998,347200,42.236537
2013-02-04,44.400002,44.869999,44.119999,44.209999,385900,42.274787
2013-02-01,44.759998,44.759998,44.380001,44.529999,628800,42.580779
2013-01-31,44.259998,44.700001,44.009998,44.299999,754300,42.360848
2013-01-30,44.650002,44.709999,44.139999,44.380001,592300,42.437348
2013-01-29,44.84,44.98,44.630001,44.75,711000,42.79115
2013-01-28,45.34,45.380001,44.720001,44.889999,541000,42.925022
2013-01-25,45.610001,45.689999,45.23,45.470001,261400,43.479635
2013-01-24,45.709999,45.950001,45.389999,45.57,104000,43.575256
2013-01-23,45.049999,45.77,44.849998,45.610001,137100,43.613506
2013-01-22,44.700001,45.16,44.50,45.00,112600,43.030207
2013-01-18,44.369999,44.75,44.060001,44.619999,119800,42.66684
2013-01-17,43.450001,44.41,43.43,44.259998,191800,42.322598
2013-01-16,43.580002,43.779999,43.110001,43.169998,178600,41.28031
2013-01-15,43.200001,44.119999,43.200001,43.759998,237900,41.844484
2013-01-14,43.240002,43.630001,43.029999,43.369999,162000,41.471556
2013-01-11,43.540001,43.540001,43.150002,43.279999,152900,41.385496
2013-01-10,43.450001,43.549999,43.189999,43.459999,180000,41.557617
2013-01-09,43.52,43.720001,43.130001,43.200001,252600,41.309
2013-01-08,43.549999,43.720001,43.099998,43.299999,270700,41.404621
2013-01-07,43.810001,44.150002,43.529999,43.68,256700,41.767988
2013-01-04,43.82,44.080002,43.490002,44.040001,237400,42.11223
2013-01-03,44.110001,44.200001,43.689999,43.849998,245100,41.930545
2013-01-02,43.720001,44.07,43.389999,44.060001,260900,42.131355
2012-12-31,42.009998,43.470001,41.639999,43.34,395400,41.442871
2012-12-28,42.34,43.099998,42.119999,42.139999,504700,40.295398
2012-12-27,42.849998,43.189999,42.119999,42.450001,616800,40.591829
2012-12-26,42.970001,43.540001,42.290001,42.720001,467800,40.850011
2012-12-24,43.220001,43.290001,42.619999,42.790001,195900,40.916947
2012-12-21,42.259998,43.27,42.099998,42.950001,702700,41.069943
2012-12-20,42.240002,43.290001,41.860001,43.200001,461000,41.309
2012-12-19,42.23,42.549999,41.630001,42.279999,492200,40.429269
2012-12-18,41.610001,42.470001,41.360001,42.41,574900,40.55358
2012-12-17,41.43,41.900002,41.169998,41.630001,443800,39.807724
2012-12-14,41.360001,41.740002,41.009998,41.48,435300,39.664288
2012-12-13,41.75,41.869999,41.119999,41.459999,495100,39.645163
2012-12-12,41.25,42.150002,41.110001,41.93,553100,40.094591
2012-12-11,41.080002,41.330002,40.68,41.040001,438600,39.24355
2012-12-10,40.630001,41.25,40.389999,40.990002,612300,39.195739
2012-12-07,40.189999,40.779999,40.150002,40.709999,436800,38.927993
2012-12-06,40.139999,40.540001,39.900002,40.099998,516200,38.344694
2012-12-05,40.240002,40.689999,40.00,40.240002,434000,38.478569
2012-12-04,40.110001,40.630001,39.919998,40.27,448000,38.507255
2012-12-03,40.849998,40.860001,39.91,40.110001,474500,38.354259
2012-11-30,40.990002,41.040001,40.16,40.849998,658800,39.061864
2012-11-29,41.00,41.349998,40.869999,41.00,522700,39.2053
2012-11-28,40.779999,41.110001,40.57,40.91,495000,39.119239
2012-11-27,41.279999,41.330002,40.75,41.110001,420500,39.214863
2012-11-26,40.75,41.549999,40.75,41.279999,294200,39.377024
2012-11-23,40.91,41.25,40.689999,41.00,191400,39.109933
2012-11-21,40.630001,40.98,40.459999,40.880001,202200,38.995466
2012-11-20,40.450001,40.889999,40.259998,40.619999,149800,38.74745
2012-11-19,40.689999,40.75,40.169998,40.59,191000,38.718834
2012-11-16,40.389999,40.75,40.02,40.299999,630400,38.442202
2012-11-15,39.950001,40.619999,39.77,40.200001,438700,38.346813
2012-11-14,40.48,40.509998,39.849998,39.950001,248600,38.108338
2012-11-13,39.529999,40.59,39.16,40.400002,354800,38.537594
2012-11-12,40.23,40.290001,39.77,39.869999,134700,38.032024
2012-11-09,40.84,41.560001,39.57,40.200001,538900,38.346813
2012-11-08,42.459999,43.459999,40.77,41.290001,596400,39.386565
2012-11-07,42.93,48.93,42.529999,43.459999,564100,41.456529
2012-11-06,44.259998,45.00,44.09,44.959999,530600,42.88738
2012-11-05,43.450001,44.099998,43.25,44.009998,354600,41.981173
2012-11-02,43.720001,43.720001,42.84,43.150002,227300,41.160822
2012-11-01,40.830002,43.75,40.689999,43.490002,434400,41.485148
2012-10-31,41.84,42.75,41.639999,42.380001,126300,40.426318
2012-10-26,42.00,42.459999,41.540001,41.880001,86500,39.949367
2012-10-25,41.560001,42.580002,41.560001,42.48,177300,40.521706
2012-10-24,41.900002,42.200001,41.279999,41.369999,99800,39.462876
2012-10-23,40.950001,42.00,40.84,41.82,225400,39.892132
2012-10-22,41.990002,42.099998,40.950001,41.27,216900,39.367487
2012-10-19,41.959999,42.189999,41.369999,42.029999,155800,40.09245
2012-10-18,42.080002,42.25,41.869999,41.990002,189800,40.054297
2012-10-17,41.82,42.279999,40.700001,42.139999,204500,40.19738
2012-10-16,40.779999,41.189999,40.450001,40.990002,301600,39.100396
2012-10-15,41.16,41.310001,40.34,40.709999,328100,38.833301
2012-10-12,42.939999,42.939999,41.150002,41.279999,234700,39.377024
2012-10-11,41.91,43.00,41.650002,42.669998,204900,40.702946
2012-10-10,41.52,41.790001,41.400002,41.669998,502900,39.749045
2012-10-09,42.02,42.380001,41.490002,41.52,111700,39.605962
2012-10-08,42.490002,42.490002,42.00,42.060001,130300,40.12107
2012-10-05,42.299999,42.889999,42.200001,42.540001,195500,40.578942
2012-10-04,41.369999,42.189999,41.299999,42.189999,298300,40.245074
2012-10-03,42.18,42.209999,40.57,41.369999,814200,39.462876
2012-10-02,42.080002,42.73,41.990002,42.720001,303400,40.750644
2012-10-01,42.060001,42.529999,41.610001,42.029999,403400,40.09245
2012-09-28,42.110001,42.349998,41.650002,42.049999,191000,40.111529
2012-09-27,41.599998,42.32,41.380001,42.27,341900,40.321388
2012-09-26,41.720001,41.959999,41.139999,41.490002,493700,39.577346
2012-09-25,41.34,41.779999,41.150002,41.650002,671900,39.72997
2012-09-24,41.360001,41.91,41.209999,41.23,221500,39.32933
2012-09-21,41.860001,42.75,41.599998,41.599998,767400,39.682272
2012-09-20,41.34,41.860001,41.169998,41.689999,239500,39.768124
2012-09-19,40.66,41.509998,40.52,41.439999,302900,39.529648
2012-09-18,41.439999,41.470001,40.330002,40.57,245500,38.699756
2012-09-17,41.779999,42.080002,41.529999,41.540001,210000,39.625041
2012-09-14,41.490002,42.200001,41.459999,41.93,195300,39.997061
2012-09-13,40.91,41.50,40.779999,41.360001,204000,39.453338
2012-09-12,40.779999,41.099998,40.610001,40.970001,180100,39.081318
2012-09-11,40.43,40.830002,40.290001,40.549999,200200,38.680677
2012-09-10,40.91,41.200001,40.57,40.57,737500,38.699756
2012-09-07,40.84,41.110001,40.720001,40.75,442100,38.871458
2012-09-06,40.73,41.080002,40.720001,40.799999,374400,38.919152
2012-09-05,40.400002,40.82,40.34,40.57,309300,38.699756
2012-09-04,40.150002,40.860001,40.099998,40.400002,410500,38.537594
2012-08-31,39.77,40.259998,39.66,40.07,253600,38.222805
2012-08-30,39.810001,39.970001,39.41,39.689999,160200,37.860322
2012-08-29,39.950001,40.18,39.68,40.00,160100,38.156033
2012-08-28,39.950001,40.110001,39.939999,39.950001,265400,38.108338
2012-08-27,40.34,40.43,39.950001,40.029999,147600,38.184648
2012-08-24,39.98,40.209999,39.740002,40.060001,89000,38.213268
2012-08-23,40.279999,40.529999,39.790001,39.970001,106200,38.127417
2012-08-22,40.060001,40.529999,40.060001,40.369999,186200,38.508975
2012-08-21,40.00,40.439999,39.950001,40.18,173700,38.327735
2012-08-20,40.00,40.529999,40.00,40.169998,191800,38.318194
2012-08-17,40.299999,40.43,40.110001,40.209999,202300,38.356351
2012-08-16,40.029999,40.549999,40.029999,40.389999,172700,38.528053
2012-08-15,40.25,40.470001,39.990002,40.040001,229600,38.194189
2012-08-14,40.52,40.700001,40.240002,40.259998,351400,38.404045
2012-08-13,40.50,40.990002,40.060001,40.34,287300,38.480359
2012-08-10,41.09,41.380001,40.25,40.470001,511600,38.604367
2012-08-09,40.630001,41.91,40.369999,41.200001,369600,39.300714
2012-08-08,39.240002,41.200001,39.240002,40.23,711500,38.375429
2012-08-07,39.049999,39.25,38.459999,38.639999,135600,36.858727
2012-08-06,39.119999,39.52,38.630001,38.919998,114900,37.125818
2012-08-03,38.57,39.75,38.27,39.169998,149400,37.364293
2012-08-02,38.470001,38.470001,37.669998,38.169998,288800,36.410392
2012-08-01,39.110001,39.400002,38.470001,38.650002,140000,36.868268
2012-07-31,38.869999,39.049999,38.57,38.990002,121100,37.192594
2012-07-30,38.939999,39.119999,38.700001,39.00,89200,37.202132
2012-07-27,38.779999,39.259998,38.689999,38.939999,102200,37.144896
2012-07-26,39.369999,39.48,38.389999,38.740002,138600,36.954119
2012-07-25,38.630001,39.189999,38.00,39.099998,309000,37.29752
2012-07-24,38.580002,38.790001,38.029999,38.48,153600,36.706103
2012-07-23,38.34,38.68,37.970001,38.580002,124700,36.801495
2012-07-20,39.400002,39.560001,38.799999,38.799999,78800,37.011351
2012-07-19,39.689999,39.799999,39.470001,39.540001,170200,37.717239
2012-07-18,39.66,39.990002,39.459999,39.619999,141600,37.793549
2012-07-17,39.82,39.849998,39.41,39.709999,121200,37.8794
2012-07-16,39.650002,39.830002,39.299999,39.689999,97500,37.860322
2012-07-13,39.790001,39.950001,39.470001,39.84,261400,38.003409
2012-07-12,40.240002,40.240002,39.560001,39.650002,133600,37.822169
2012-07-11,40.349998,40.700001,40.279999,40.57,147700,38.699756
2012-07-10,41.119999,41.279999,40.09,40.389999,203400,38.528053
2012-07-09,41.43,41.43,40.84,41.040001,472200,39.14809
2012-07-06,40.950001,41.529999,40.610001,41.450001,142700,39.539189
2012-07-05,40.349998,41.150002,40.349998,41.130001,256600,39.233942
2012-07-03,40.119999,40.599998,39.82,40.599998,161000,38.728372
2012-07-02,40.330002,40.700001,39.860001,40.080002,213500,38.232346
2012-06-29,39.919998,40.619999,39.919998,40.240002,175200,38.38497
2012-06-28,39.110001,39.599998,38.880001,39.330002,191000,37.516921
2012-06-27,38.799999,39.669998,38.799999,39.349998,188800,37.535996
2012-06-26,38.900002,39.360001,38.759998,38.919998,243500,37.125818
2012-06-25,39.00,39.07,38.68,38.939999,143300,37.144896
2012-06-22,39.389999,39.630001,39.150002,39.25,268900,37.440607
2012-06-21,40.049999,40.259998,38.990002,39.290001,138400,37.478764
2012-06-20,39.330002,40.259998,39.330002,40.00,246100,38.156033
2012-06-19,38.650002,39.279999,38.48,39.07,129900,37.268905
2012-06-18,38.139999,39.049999,37.91,38.75,147700,36.963657
2012-06-15,37.790001,38.549999,37.59,38.400002,423700,36.629793
2012-06-14,37.040001,38.009998,36.900002,37.740002,200100,36.000218
2012-06-13,36.720001,37.48,36.59,37.080002,182000,35.370644
2012-06-12,36.169998,36.849998,35.639999,36.709999,419900,35.017698
2012-06-11,36.48,36.77,36.200001,36.279999,243600,34.60752
2012-06-08,36.25,36.48,36.119999,36.23,248400,34.559826
2012-06-07,37.09,37.27,36.279999,36.330002,153200,34.655218
2012-06-06,36.369999,36.849998,36.119999,36.799999,236300,35.103549
2012-06-05,36.290001,36.419998,35.959999,36.130001,183400,34.464437
2012-06-04,36.50,36.709999,36.099998,36.450001,235900,34.769685
2012-06-01,36.599998,36.93,36.150002,36.50,202300,34.81738
2012-05-31,36.709999,37.099998,36.419998,36.779999,432700,35.084471
2012-05-30,36.810001,37.040001,36.48,36.610001,160000,34.922309
2012-05-29,36.639999,37.470001,36.639999,37.099998,149000,35.389719
2012-05-25,36.240002,36.619999,36.16,36.419998,108500,34.741066
2012-05-24,36.080002,36.580002,35.860001,36.240002,195000,34.569367
2012-05-23,35.950001,36.25,35.860001,36.07,218000,34.407202
2012-05-22,35.93,36.470001,35.93,36.220001,122800,34.550289
2012-05-21,35.779999,35.950001,35.290001,35.950001,130900,34.292735
2012-05-18,35.900002,36.080002,35.619999,35.84,196500,34.187805
2012-05-17,36.119999,36.25,35.759998,35.900002,373900,34.245041
2012-05-16,36.720001,36.91,36.00,36.189999,222100,34.521669
2012-05-15,36.619999,36.700001,36.34,36.59,168000,34.903231
2012-05-14,36.279999,36.66,36.009998,36.43,304200,34.750607
2012-05-11,36.540001,37.080002,36.419998,36.68,155000,34.989082
2012-05-10,37.299999,37.709999,36.459999,36.650002,354300,34.960466
2012-05-09,38.849998,38.849998,36.599998,37.099998,701300,35.389719
2012-05-08,38.790001,39.459999,38.580002,39.34,337100,37.526458
2012-05-07,38.560001,39.25,38.529999,39.099998,178000,37.29752
2012-05-04,39.580002,39.580002,38.43,38.740002,295400,36.954119
2012-05-03,39.73,39.77,38.799999,39.68,228000,37.850785
2012-05-02,39.509998,39.919998,39.150002,39.66,220000,37.831706
2012-05-01,39.639999,39.709999,39.200001,39.400002,334500,37.583694
2012-04-30,39.380001,39.509998,38.639999,39.450001,192000,37.631388
2012-04-27,39.07,39.52,38.970001,39.439999,292000,37.621847
2012-04-26,38.610001,39.16,38.599998,38.950001,189800,37.154437
2012-04-25,38.77,38.970001,38.529999,38.689999,220500,36.906421
2012-04-24,38.720001,39.139999,38.41,38.619999,150500,36.839648
2012-04-23,38.950001,39.060001,38.189999,38.860001,153500,37.068586
2012-04-20,38.330002,39.540001,38.330002,39.200001,152400,37.392913
2012-04-19,38.720001,38.73,37.93,38.09,136600,36.334082
2012-04-18,38.630001,38.830002,38.43,38.66,211100,36.877805
2012-04-17,38.700001,39.52,38.700001,38.810001,178800,37.020892
2012-04-16,38.799999,39.150002,38.41,38.470001,93200,36.696565
2012-04-13,39.240002,39.48,38.650002,38.73,87300,36.944578
2012-04-12,39.099998,39.540001,38.849998,39.470001,168800,37.650466
