Date,Open,High,Low,Close,Volume,Adj Close
2018-01-30,51.22,51.775,49.87,51.1,271710,51.1
2018-01-29,49.92,52.43,49.92,51.83,453840,51.83
2018-01-26,50.44,50.5937,49.87,50.2,276696,50.2
2018-01-25,49.08,50.35,48.01,50.33,571229,50.33
2018-01-24,49.08,49.46,48.39,48.9,375396,48.9
2018-01-23,48.94,49.21,48.03,49.08,511915,49.08
2018-01-22,48.22,48.78,47.72,48.76,281840,48.76
2018-01-19,48.39,48.67,48,48.21,448073,48.21
2018-01-18,48.21,49.27,48.03,48.4,290032,48.4
2018-01-17,49.34,49.39,47.66,48.1,481425,48.1
2018-01-16,49.14,49.73,48.54,49.08,343652,49.08
2018-01-12,48.86,49.39,48.64,48.92,231741,48.92
2018-01-11,48.82,49.42,48.51,48.95,236606,48.95
2018-01-10,49.42,49.79,48.44,48.81,335390,48.81
2018-01-09,49.27,49.49,48.35,49.41,800435,49.41
2018-01-08,48.46,49.42,47.31,49.39,550737,49.39
2018-01-05,48.17,48.88,47.4089,48.44,427877,48.44
2018-01-04,48.06,48.796,47.86,48.02,396819,48.02
2018-01-03,46.41,47.68,46.41,47.28,508854,47.28
2018-01-02,46.99,47.525,46.08,46.47,501747,46.47
2017-12-29,47.54,48.4,46.64,46.66,323404,46.66
2017-12-28,48.25,48.26,46.58,47.39,447547,47.39
2017-12-27,48.98,49.88,48.18,48.21,366496,48.21
2017-12-26,48.57,49.47,47.92,48.81,484915,48.81
2017-12-22,48.76,49.19,48.4,48.8,584107,48.8
2017-12-21,48.65,49.06,48.13,48.76,635210,48.76
2017-12-20,47.33,48.55,47.11,48.51,732017,48.51
2017-12-19,46.09,47.72,46.09,47.61,670830,47.61
2017-12-18,46.14,47.18,45.2504,46.14,481614,46.14
2017-12-15,44.91,45.96,44.67,45.89,1329341,45.89
2017-12-14,44.73,45.85,44.08,44.8,603176,44.8
2017-12-13,43.77,44.89,43.095,44.54,520451,44.54
2017-12-12,44.06,44.53,42.92,43.76,776187,43.76
2017-12-11,45.72,46.06,43.53,43.69,836010,43.69
2017-12-08,47.98,48.175,45.3,45.72,783457,45.72
2017-12-07,46.31,48.25,45.64,47.88,1075140,47.88
2017-12-06,47,48.52,43.37,46.005,1624531,46.005
2017-12-05,48.3,49.51,45.97,48.49,516235,48.49
2017-12-04,51.73,52.485,48.5,48.86,510634,48.86
2017-12-01,51.99,51.99,48.835,51.46,380985,51.46
2017-11-30,51.59,52.76,51.29,51.87,400852,51.87
2017-11-29,51.23,52.12,50.99,51.29,216368,51.29
2017-11-28,50.91,51.26,49.62,51.22,308801,51.22
2017-11-27,51.67,52.35,50.74,50.8,239610,50.8
2017-11-24,50.95,51.615,50.8,51.5,90654,51.5
2017-11-22,51.41,51.95,49.02,50.9,258510,50.9
2017-11-21,50.22,51.43,50.131,51.31,321187,51.31
2017-11-20,50.18,50.39,49.06,50.01,280322,50.01
2017-11-17,50.52,51.829,49.89,50.17,238743,50.17
2017-11-16,50.1,51.33,50,50.74,205670,50.74
2017-11-15,49.65,51.08,48.98,49.86,448828,49.86
2017-11-14,49.6,50.13,48.561,49.77,383890,49.77
2017-11-13,49.35,50.51,48.04,50.05,223808,50.05
2017-11-10,50.63,50.63,48.851,49.74,308804,49.74
2017-11-09,49.76,50.78,49.1906,50.77,358810,50.77
2017-11-08,48.31,50.23,45.96,50.05,484495,50.05
2017-11-07,54.52,54.94,48.8801,49.31,1370475,49.31
2017-11-06,51,55.31,50.9992,53.96,1826542,53.96
2017-11-03,50.53,51.17,50.09,50.81,323025,50.81
2017-11-02,50.45,51.18,50.09,50.52,319645,50.52
2017-11-01,50.58,50.96,49.26,50.45,320116,50.45
2017-10-31,49.01,50.83,48.82,50.22,275953,50.22
2017-10-30,49.37,49.515,48.37,49.03,247071,49.03
2017-10-27,49.33,50.13,49.06,49.78,307984,49.78
2017-10-26,48.73,49.34,48.25,49.18,325150,49.18
2017-10-25,49.1,49.24,46.72,48.6,318950,48.6
2017-10-24,51.21,51.54,49.13,49.2,345352,49.2
2017-10-23,49.83,51.31,49.78,51.09,352808,51.09
2017-10-20,50.4,50.495,49.49,49.8,465924,49.8
2017-10-19,49.75,50.16,49.38,49.94,409930,49.94
2017-10-18,50.03,50.465,49.6,50.13,279290,50.13
2017-10-17,50,50.78,49.43,49.83,272996,49.83
2017-10-16,50.5,50.64,49.74,50.16,228037,50.16
2017-10-13,51.16,51.4,50.47,50.67,286399,50.67
2017-10-12,51.33,51.93,51.12,51.39,227694,51.39
2017-10-11,51.43,51.68,51.135,51.32,293380,51.32
2017-10-10,51.62,51.88,51.29,51.34,323384,51.34
2017-10-09,51.85,52.13,51.16,51.35,209067,51.35
2017-10-06,51.84,52.06,51.556,51.91,335944,51.91
2017-10-05,52,52.3409,51.53,51.87,571063,51.87
2017-10-04,52,52.87,51.69,52.13,537467,52.13
2017-10-03,51.58,52,51.06,51.94,575410,51.94
2017-10-02,50.8,51.69,50.61,51.45,418220,51.45
2017-09-29,49.98,50.64,49.14,50.58,461811,50.58
2017-09-28,50.15,50.38,48.91,49.78,463922,49.78
2017-09-27,48.36,50.27,48.1,50.17,644518,50.17
2017-09-26,47.36,48.19,46.82,47.86,386182,47.86
2017-09-25,47.34,47.56,45.21,47.14,613943,47.14
2017-09-22,48.02,48.79,47.26,47.35,692382,47.35
2017-09-21,48.62,49.479,47.95,47.95,513747,47.95
2017-09-20,47.34,48.95,46.51,48.66,900039,48.66
2017-09-19,45.78,47.58,45.461,47.38,998482,47.38
2017-09-18,45.12,45.88,44.65,45.77,390071,45.77
2017-09-15,45.92,46.03,44.78,45.12,1500491,45.12
2017-09-14,45.35,46.6,45,45.82,542194,45.82
2017-09-13,45.41,45.82,45.06,45.77,472850,45.77
2017-09-12,45.22,46.08,45.2,45.43,416407,45.43
2017-09-11,45.43,45.58,44.52,45.16,558028,45.16
2017-09-08,43.92,44.85,43.1,44.64,698160,44.64
2017-09-07,45.19,45.51,43.43,43.95,783026,43.95
2017-09-06,45.5,47.96,44.56,45.22,2185103,45.22
2017-09-05,41.75,42.41,41.28,41.95,629835,41.95
2017-09-01,42.98,42.98,41.9,42.13,499233,42.13
2017-08-31,41.62,43.215,41.62,42.77,620338,42.77
2017-08-30,41.43,41.97,41.2478,41.61,805074,41.61
2017-08-29,40.25,42.15,40.21,41.53,1610523,41.53
2017-08-28,41.04,41.775,40.38,40.6,1030551,40.6
2017-08-25,41.68,41.96,40.75,40.88,413463,40.88
2017-08-24,42.51,42.68,41.3,41.55,444131,41.55
2017-08-23,42.77,42.97,42.23,42.49,337477,42.49
2017-08-22,43.01,43.85,42.36,43.15,385927,43.15
2017-08-21,42.22,43.58,41.621,43.07,664271,43.07
2017-08-18,43.73,43.73,41.31,42.08,1305719,42.08
2017-08-17,45.25,45.74,44.02,44.08,433236,44.08
2017-08-16,46.9,47.3,45.29,45.46,520453,45.46
2017-08-15,46.84,47.06,46.16,46.65,163401,46.65
2017-08-14,45.43,46.86,44.85,46.79,416372,46.79
2017-08-11,46.36,46.95,44.91,44.93,579253,44.93
2017-08-10,47.26,47.26,45.75,46.14,327441,46.14
2017-08-09,47.3,48.01,46.87,47.48,236157,47.48
2017-08-08,48.23,48.36,47.29,47.52,198783,47.52
2017-08-07,46.84,48.28,46.46,48.17,290381,48.17
2017-08-04,46.73,47.261,46.62,46.77,184984,46.77
2017-08-03,46.17,47.29,45.95,46.51,241577,46.51
2017-08-02,47.27,47.47,46.02,46.08,297854,46.08
2017-08-01,46.13,47.37,45.74,47.21,366156,47.21
2017-07-31,47.25,47.3593,45.7,45.87,464515,45.87
2017-07-28,47.34,47.85,46.62,47.26,402642,47.26
2017-07-27,48.9,49.34,46.95,47.89,343510,47.89
2017-07-26,49.29,49.29,47.78,48.82,248912,48.82
2017-07-25,48.87,49.98,48.18,49.35,313269,49.35
2017-07-24,47.39,48.74,47.03,48.71,368613,48.71
2017-07-21,48.13,48.1366,47.06,47.38,349515,47.38
2017-07-20,48.3,48.6639,46.74,47.64,835872,47.64
2017-07-19,49.08,49.2506,47.6313,48.3,749546,48.3
2017-07-18,50.81,50.91,48.78,49.09,611621,49.09
2017-07-17,51.05,51.33,49.9,51.08,411480,51.08
2017-07-14,51.4,51.85,50.9,50.96,271816,50.96
2017-07-13,51.35,51.789,50.8007,51.39,656723,51.39
2017-07-12,49.98,51.44,49.98,51.35,942301,51.35
2017-07-11,48.46,49.79,48.42,49.76,379902,49.76
2017-07-10,50,50.585,48.35,48.455,477478,48.455
2017-07-07,48.42,50.33,48.42,50.19,522122,50.19
2017-07-06,49.85,50.16,48.24,48.3,423167,48.3
2017-07-05,49.75,50.56,49.329,50.24,314083,50.24
2017-07-03,50.21,50.6079,49.15,49.28,312038,49.28
2017-06-30,49.61,49.96,48.3747,49.83,336446,49.83
2017-06-29,51.32,51.56,48.32,49.56,658881,49.56
2017-06-28,50.64,51.38,49.25,51.17,434934,51.17
2017-06-27,51.01,51.87,50.39,50.43,282953,50.43
2017-06-26,52.07,52.61,50.6,51.12,299336,51.12
2017-06-23,50.91,52.025,50.7522,51.75,1121538,51.75
2017-06-22,51.6,52.06,50.85,51.05,313688,51.05
2017-06-21,51.88,52.247,51.3,51.44,482169,51.44
2017-06-20,51.63,51.97,51.2631,51.68,372978,51.68
2017-06-19,51.63,52.25,51.2,51.4,355146,51.4
2017-06-16,50.7,51.8,50.32,51.19,448818,51.19
2017-06-15,50.74,50.99,49.59,50.99,437837,50.99
2017-06-14,51.7,52.11,50.95,51.57,759196,51.57
2017-06-13,51.06,52.63,50.68,51.98,721063,51.98
2017-06-12,51.16,51.76,50.26,50.71,502194,50.71
2017-06-09,54.5,54.7199,50.1,52,1131533,52
2017-06-08,53,54.95,52.4324,54.47,1267409,54.47
2017-06-07,48.8,52.83,48.5,52.68,2220999,52.68
2017-06-06,48.91,49.69,47.61,48.49,945443,48.49
2017-06-05,48.2,48.9706,46.86,48.41,608816,48.41
2017-06-02,47.57,49,47.29,48.06,607628,48.06
2017-06-01,45.33,47.98,45.33,47.45,601131,47.45
2017-05-31,45.43,46.4,44.77,45.8,378728,45.8
2017-05-30,44.86,45.7,44.86,45.23,165202,45.23
2017-05-26,46.11,46.5,44.05,45.28,280553,45.28
2017-05-25,45.23,46.21,45.15,46.1,272411,46.1
2017-05-24,45.12,45.7,44.98,44.99,217925,44.99
2017-05-23,44.82,45.38,44.2,45.14,206539,45.14
2017-05-22,44.84,44.8725,44.29,44.68,242609,44.68
2017-05-19,44.64,45.398,44.43,44.73,312724,44.73
2017-05-18,44.11,45.1,43.51,44.58,233712,44.58
2017-05-17,44.9,45.25,44.29,44.3,374063,44.3
2017-05-16,45.64,45.905,44.94,45.63,407921,45.63
2017-05-15,45.83,46.16,45.35,45.63,339762,45.63
2017-05-12,46.009998,46.209999,45.549999,45.68,186700,45.68
2017-05-11,46.09,46.470001,45.555,46.080002,255200,46.080002
2017-05-10,44.880001,46.849998,44.594002,46.220001,363800,46.220001
2017-05-09,44.549999,44.990002,43.889999,44.91,440400,44.91
2017-05-08,46.189999,46.34,44.59,44.650002,374600,44.650002
2017-05-05,46.439999,46.439999,45.474998,46.18,324100,46.18
2017-05-04,45.02,46.439999,44.150002,46.110001,553300,46.110001
2017-05-03,46.25,46.25,44.830002,44.919998,312100,44.919998
2017-05-02,46.130001,46.775002,45.799999,46.349998,313100,46.349998
2017-05-01,45.580002,46.349998,44.970001,46.099998,453000,46.099998
2017-04-28,44.349998,45.68,44.279999,45.52,651500,45.52
2017-04-27,44.48,45.099998,44.169998,44.400002,439800,44.400002
2017-04-26,44.360001,45.139999,44.25,44.299999,474900,44.299999
2017-04-25,44.66,44.84,44.259998,44.380001,415200,44.380001
2017-04-24,45.57,45.57,44.09,44.369999,498900,44.369999
2017-04-21,45.34,45.34,44.41,44.779999,418500,44.779999
2017-04-20,43.82,45.634998,43.009998,45.540001,528100,45.540001
2017-04-19,43.099998,43.959999,42.970001,43.27,503800,43.27
2017-04-18,43.48,43.939999,42.32,43.009998,634600,43.009998
2017-04-17,43.18,43.799999,42.907001,43.709999,271100,43.709999
2017-04-13,43.150002,43.689999,42.609001,43.09,242600,43.09
2017-04-12,44.080002,44.342999,43.27,43.41,407100,43.41
2017-04-11,43.290001,44.099998,43.110001,44.07,308300,44.07
2017-04-10,43.029999,43.91,43.009998,43.50,704700,43.50
2017-04-07,42.490002,43.459999,42.490002,43.150002,460800,43.150002
2017-04-06,42.560001,42.98,42.220001,42.669998,362300,42.669998
2017-04-05,42.419998,43.139,42.029999,42.490002,746500,42.490002
2017-04-04,41.889999,43.290001,41.889999,42.290001,339800,42.290001
2017-04-03,42.369999,42.73,41.50,41.73,526000,41.73
2017-03-31,41.060001,42.900002,41.060001,42.450001,868300,42.450001
2017-03-30,39.98,41.02,39.93,40.84,381800,40.84
2017-03-29,39.419998,40.450001,39.150002,40.029999,570400,40.029999
2017-03-28,41.16,41.450001,38.790001,39.529999,962900,39.529999
2017-03-27,39.00,41.349998,37.619999,41.279999,1204200,41.279999
2017-03-24,41.950001,43.32,40.009998,40.400002,1197800,40.400002
2017-03-23,43.310001,43.310001,41.099998,42.549999,964100,42.549999
2017-03-22,46.029999,47.34,43.470001,43.830002,949200,43.830002
2017-03-21,46.599998,46.599998,43.380001,43.630001,740200,43.630001
2017-03-20,45.919998,46.619999,45.110001,45.939999,552300,45.939999
2017-03-17,45.330002,46.529999,45.07,46.189999,1040700,46.189999
2017-03-16,46.330002,46.679001,45.16,45.57,427900,45.57
2017-03-15,44.75,46.130001,44.737,45.880001,779500,45.880001
2017-03-14,44.27,44.849998,43.759998,44.630001,413700,44.630001
2017-03-13,41.59,43.740002,41.59,43.639999,442800,43.639999
2017-03-10,41.740002,42.34,41.580002,41.689999,296300,41.689999
2017-03-09,41.849998,42.290001,41.123001,41.630001,484200,41.630001
2017-03-08,43.779999,43.869999,41.830002,41.93,467800,41.93
2017-03-07,44.119999,44.119999,43.259998,43.610001,340500,43.610001
2017-03-06,43.709999,44.028,43.00,43.860001,289000,43.860001
2017-03-03,43.130001,43.619999,42.759998,43.540001,191300,43.540001
2017-03-02,44.400002,44.400002,42.889999,43.014999,399700,43.014999
2017-03-01,44.16,44.669998,43.540001,44.52,701500,44.52
2017-02-28,44.23,44.237999,43.52,43.700001,811000,43.700001
2017-02-27,42.169998,44.009998,42.169998,43.959999,424500,43.959999
2017-02-24,41.130001,42.68,41.130001,42.189999,1002600,42.189999
2017-02-23,42.50,42.50,40.240002,41.439999,589300,41.439999
2017-02-22,43.02,43.310001,42.195,42.349998,344600,42.349998
2017-02-21,42.950001,43.580002,42.396999,43.290001,455900,43.290001
2017-02-17,43.349998,43.349998,42.599998,42.830002,483100,42.830002
2017-02-16,43.950001,44.369999,43.009998,43.48,318900,43.48
2017-02-15,44.169998,44.290001,43.450001,43.939999,355500,43.939999
2017-02-14,43.490002,44.240002,43.404999,44.18,398200,44.18
2017-02-13,43.720001,44.720001,43.25,43.490002,568700,43.490002
2017-02-10,44.00,44.029999,42.959999,43.610001,405700,43.610001
2017-02-09,43.060001,44.644001,42.889999,43.990002,812200,43.990002
2017-02-08,43.200001,43.639999,41.299999,43.00,827200,43.00
2017-02-07,47.00,47.75,43.029999,43.540001,1506700,43.540001
2017-02-06,47.389999,47.794998,46.630001,47.00,371100,47.00
2017-02-03,46.41,47.91,46.349998,47.330002,621700,47.330002
2017-02-02,46.27,47.299999,46.060001,46.34,306000,46.34
2017-02-01,46.68,47.139999,46.029999,46.400002,309400,46.400002
2017-01-31,45.669998,46.709999,45.080002,46.25,574000,46.25
2017-01-30,47.490002,47.490002,45.939999,46.080002,488800,46.080002
2017-01-27,47.75,47.952,46.099998,47.380001,540000,47.380001
2017-01-26,47.950001,48.07,47.161999,47.529999,318800,47.529999
2017-01-25,47.369999,48.139999,47.27,47.900002,322300,47.900002
2017-01-24,48.709999,49.25,45.57,47.25,677700,47.25
2017-01-23,47.52,49.240002,47.16,48.060001,427100,48.060001
2017-01-20,47.900002,48.169998,46.91,47.689999,508300,47.689999
2017-01-19,48.389999,48.77,47.91,48.02,383800,48.02
2017-01-18,47.799999,48.689999,47.07,48.610001,448700,48.610001
2017-01-17,47.919998,47.919998,47.02,47.470001,462400,47.470001
2017-01-13,48.09,48.75,47.330002,47.830002,613300,47.830002
2017-01-12,47.049999,48.209999,46.799999,47.939999,523100,47.939999
2017-01-11,46.889999,47.50,46.18,47.029999,705900,47.029999
2017-01-10,44.25,47.380001,43.060001,47.040001,1793300,47.040001
2017-01-09,40.529999,43.09,40.080002,42.959999,932600,42.959999
2017-01-06,40.630001,41.099998,40.099998,40.459999,309400,40.459999
2017-01-05,40.860001,41.369999,40.509998,40.779999,350200,40.779999
2017-01-04,40.470001,41.169998,40.099998,40.82,345400,40.82
2017-01-03,40.959999,41.130001,39.939999,40.189999,415200,40.189999
2016-12-30,41.200001,41.299999,40.310001,40.52,262900,40.52
2016-12-29,41.049999,42.00,40.57,41.18,350900,41.18
2016-12-28,41.549999,41.77,40.75,41.049999,242000,41.049999
2016-12-27,40.849998,41.880001,40.830002,41.400002,225100,41.400002
2016-12-23,40.25,41.310001,40.240002,40.900002,217200,40.900002
2016-12-22,40.080002,40.66,39.93,40.529999,240400,40.529999
2016-12-21,40.43,40.639999,40.049999,40.150002,313800,40.150002
2016-12-20,40.240002,40.34,39.939999,40.290001,397900,40.290001
2016-12-19,41.009998,41.009998,39.970001,40.189999,520400,40.189999
2016-12-16,42.610001,42.77,40.91,40.98,968800,40.98
2016-12-15,41.529999,42.869999,41.259998,42.48,497400,42.48
2016-12-14,41.48,41.974998,41.049999,41.310001,352100,41.310001
2016-12-13,41.580002,42.400002,41.139999,41.860001,500900,41.860001
2016-12-12,40.880001,41.16,40.130001,40.990002,468800,40.990002
2016-12-09,41.240002,41.450001,40.560001,40.939999,495500,40.939999
2016-12-08,41.41,41.700001,40.779999,41.259998,478800,41.259998
2016-12-07,39.48,42.349998,39.150002,41.490002,1165500,41.490002
2016-12-06,42.25,42.450001,40.34,40.799999,1132600,40.799999
2016-12-05,42.25,42.84,41.43,41.959999,679100,41.959999
2016-12-02,43.029999,43.169998,41.560001,42.099998,778200,42.099998
2016-12-01,44.560001,44.98,42.669998,42.93,697600,42.93
2016-11-30,45.00,45.00,43.959999,44.529999,615900,44.529999
2016-11-29,43.790001,44.91,43.540001,44.650002,648200,44.650002
2016-11-28,43.169998,43.799999,43.080002,43.400002,462100,43.400002
2016-11-25,43.25,43.529999,42.830002,43.52,105200,43.52
2016-11-23,42.310001,43.23,41.862999,43.189999,359300,43.189999
2016-11-22,41.360001,42.450001,41.360001,42.150002,542700,42.150002
2016-11-21,41.419998,41.450001,40.779999,41.310001,591000,41.310001
2016-11-18,41.580002,41.619999,41.02,41.16,356400,41.16
2016-11-17,40.09,41.650002,39.91,41.540001,394400,41.540001
2016-11-16,40.009998,40.557999,39.400002,40.00,706200,40.00
2016-11-15,41.740002,41.849998,39.919998,40.009998,847800,40.009998
2016-11-14,40.970001,41.889999,40.00,41.759998,746100,41.759998
2016-11-11,38.360001,40.740002,38.068001,40.119999,1414400,40.119999
2016-11-10,35.060001,38.990002,35.060001,38.34,1271500,38.34
2016-11-09,31.25,35.209999,30.360001,34.950001,2125700,34.950001
2016-11-08,31.51,31.610001,30.950001,31.190001,329400,31.190001
2016-11-07,31.33,31.959999,31.280001,31.620001,588100,31.620001
2016-11-04,30.74,31.254999,30.34,30.700001,454100,30.700001
2016-11-03,31.24,31.57,30.83,30.83,334000,30.83
2016-11-02,32.419998,32.419998,30.870001,31.290001,729100,31.290001
2016-11-01,33.360001,33.360001,32.060001,32.389999,415600,32.389999
2016-10-31,33.299999,33.32,33.02,33.23,494100,33.23
2016-10-28,33.880001,33.880001,33.044998,33.060001,568200,33.060001
2016-10-27,34.189999,34.652,33.330002,33.490002,558600,33.490002
2016-10-26,34.450001,34.639999,34.009998,34.169998,518600,34.169998
2016-10-25,35.52,35.59,34.09,34.41,496100,34.41
2016-10-24,35.709999,36.139999,35.400002,35.43,441800,35.43
2016-10-21,35.889999,36.080002,35.490002,35.630001,464300,35.630001
2016-10-20,35.799999,36.200001,34.921001,35.900002,1698000,35.900002
2016-10-19,36.52,36.994999,36.16,36.740002,356100,36.740002
2016-10-18,37.099998,37.139999,36.080002,36.400002,681100,36.400002
2016-10-17,36.48,37.529999,36.240002,36.75,810700,36.75
2016-10-14,36.290001,36.75,36.189999,36.610001,249600,36.610001
2016-10-13,37.029999,37.053001,35.669998,36.139999,519200,36.139999
2016-10-12,37.869999,38.130001,37.189999,37.23,254200,37.23
2016-10-11,38.509998,38.740002,37.717999,37.849998,304300,37.849998
2016-10-10,38.25,38.799999,38.130001,38.439999,276400,38.439999
2016-10-07,38.060001,38.154999,37.139999,37.919998,397800,37.919998
2016-10-06,37.880001,38.264999,37.580002,37.939999,413800,37.939999
2016-10-05,37.689999,38.305,37.580002,38.099998,352900,38.099998
2016-10-04,38.060001,38.23,37.103001,37.57,372500,37.57
2016-10-03,37.689999,38.099998,37.415001,37.869999,715300,37.869999
2016-09-30,37.66,38.00,36.720001,37.849998,432000,37.849998
2016-09-29,37.669998,38.00,37.150002,37.34,340200,37.34
2016-09-28,37.549999,37.959999,37.029999,37.790001,442700,37.790001
2016-09-27,36.91,37.59,36.84,37.48,323700,37.48
2016-09-26,37.07,37.119999,36.709999,36.810001,287700,36.810001
2016-09-23,37.310001,37.48,36.830002,37.00,297200,37.00
2016-09-22,36.200001,37.50,36.060001,37.50,671300,37.50
2016-09-21,35.669998,36.799999,35.599998,36.200001,848100,36.200001
2016-09-20,35.00,35.610001,34.810001,35.450001,434000,35.450001
2016-09-19,34.75,35.25,34.75,34.93,480300,34.93
2016-09-16,33.919998,34.740002,33.84,34.68,1497200,34.68
2016-09-15,33.50,33.970001,32.830002,33.919998,445500,33.919998
2016-09-14,33.779999,34.310001,33.561001,33.66,286700,33.66
2016-09-13,33.439999,33.75,32.601002,33.630001,322400,33.630001
2016-09-12,33.290001,33.689999,32.700001,33.645,774500,33.645
2016-09-09,34.549999,34.740002,33.259998,33.310001,420500,33.310001
2016-09-08,34.709999,35.057999,34.639999,35.00,368600,35.00
2016-09-07,34.360001,35.32,33.895,34.560001,1250700,34.560001
2016-09-06,33.740002,34.00,33.150002,33.860001,722300,33.860001
2016-09-02,32.779999,33.619999,32.349998,33.549999,329900,33.549999
2016-09-01,32.439999,32.740002,31.98,32.50,293300,32.50
2016-08-31,33.00,33.00,31.84,32.560001,528500,32.560001
2016-08-30,31.92,33.00,31.875,33.00,832600,33.00
2016-08-29,31.299999,32.00,31.299999,31.99,656300,31.99
2016-08-26,30.59,31.309999,30.51,31.26,264500,31.26
2016-08-25,30.50,30.610001,30.27,30.52,218400,30.52
2016-08-24,30.32,30.90,30.290001,30.57,333600,30.57
2016-08-23,28.629999,30.41,28.59,30.32,436600,30.32
2016-08-22,29.469999,29.58,28.389999,28.540001,300000,28.540001
2016-08-19,29.73,29.969999,29.65,29.719999,250500,29.719999
2016-08-18,29.35,30.00,29.309999,29.91,197500,29.91
2016-08-17,29.41,29.601999,28.788,29.379999,164300,29.379999
2016-08-16,29.15,29.459999,28.98,29.40,196100,29.40
2016-08-15,28.90,29.459999,28.709999,29.17,376000,29.17
2016-08-12,28.639999,29.00,28.52,29.00,143000,29.00
2016-08-11,28.35,28.719999,28.33,28.67,352800,28.67
2016-08-10,28.50,28.690001,28.120001,28.32,185200,28.32
2016-08-09,28.58,28.700001,28.469999,28.58,92800,28.58
2016-08-08,28.93,29.07,28.50,28.57,177600,28.57
2016-08-05,28.950001,29.129999,28.74,28.83,235700,28.83
2016-08-04,28.74,28.865,28.48,28.75,302400,28.75
2016-08-03,28.48,28.799999,28.26,28.68,215200,28.68
2016-08-02,29.290001,29.50,28.52,28.59,236100,28.59
2016-08-01,29.450001,29.809999,29.18,29.23,167900,29.23
2016-07-29,29.40,29.629999,29.00,29.52,218700,29.52
2016-07-28,29.700001,29.780001,29.43,29.549999,330200,29.549999
2016-07-27,29.469999,29.75,29.24,29.700001,173200,29.700001
2016-07-26,29.540001,29.549999,29.139999,29.48,182800,29.48
2016-07-25,29.83,29.92,29.440001,29.49,194200,29.49
2016-07-22,29.75,30.00,27.451,30.00,257200,30.00
2016-07-21,30.129999,30.23,29.485001,29.780001,150300,29.780001
2016-07-20,30.370001,30.66,30.059999,30.200001,182700,30.200001
2016-07-19,30.52,30.65,29.702,30.18,142500,30.18
2016-07-18,29.98,30.540001,29.82,30.459999,259400,30.459999
2016-07-15,30.43,30.43,29.879999,29.99,277400,29.99
2016-07-14,30.58,30.959999,30.10,30.190001,269100,30.190001
2016-07-13,31.27,31.540001,30.07,30.299999,392800,30.299999
2016-07-12,31.440001,31.59,31.120001,31.18,269600,31.18
2016-07-11,31.00,31.690001,30.955,31.23,341500,31.23
2016-07-08,30.48,31.00,30.370001,30.93,340700,30.93
2016-07-07,30.43,30.77,29.975,30.16,226600,30.16
2016-07-06,30.16,30.639999,30.120001,30.309999,173600,30.309999
2016-07-05,30.049999,30.51,29.93,30.35,220000,30.35
2016-07-01,30.299999,30.700001,30.290001,30.299999,324800,30.299999
2016-06-30,30.00,30.40,29.715,30.385,590100,30.385
2016-06-29,29.73,30.00,29.58,29.99,217100,29.99
2016-06-28,28.040001,29.530001,27.860001,29.27,372500,29.27
2016-06-27,28.059999,28.27,27.360001,27.719999,494200,27.719999
2016-06-24,27.870001,28.68,27.134001,28.51,1350000,28.51
2016-06-23,28.99,29.33,28.620001,29.18,310900,29.18
2016-06-22,29.190001,29.75,28.530001,28.66,321900,28.66
2016-06-21,29.690001,29.690001,28.85,29.219999,341400,29.219999
2016-06-20,29.440001,29.74,29.030001,29.629999,305400,29.629999
2016-06-17,29.18,29.440001,28.879999,29.08,743000,29.08
2016-06-16,28.73,29.23,27.52,29.139999,290700,29.139999
2016-06-15,29.10,29.440001,28.85,29.10,525800,29.10
2016-06-14,28.959999,29.190001,28.799999,29.110001,295300,29.110001
2016-06-13,28.68,29.16,28.52,28.969999,327400,28.969999
2016-06-10,28.00,29.393,27.18,29.00,421900,29.00
2016-06-09,28.82,29.209999,28.040001,28.200001,449500,28.200001
2016-06-08,29.50,30.40,29.00,29.120001,1240900,29.120001
2016-06-07,26.93,27.790001,26.915001,27.610001,445600,27.610001
2016-06-06,26.809999,27.08,26.712,27.00,358600,27.00
2016-06-03,26.99,27.48,26.33,26.66,441200,26.66
2016-06-02,26.40,27.16,26.309999,27.07,253000,27.07
2016-06-01,25.709999,26.43,25.52,26.370001,288400,26.370001
2016-05-31,25.73,25.889999,25.33,25.809999,318100,25.809999
2016-05-27,25.23,25.559999,24.655001,25.559999,188400,25.559999
2016-05-26,25.200001,25.200001,24.74,25.15,173100,25.15
2016-05-25,24.59,25.08,22.26,25.059999,249100,25.059999
2016-05-24,23.92,24.610001,23.809999,24.530001,233500,24.530001
2016-05-23,23.469999,23.895,23.35,23.76,125700,23.76
2016-05-20,22.99,23.52,22.99,23.469999,182500,23.469999
2016-05-19,22.90,23.40,22.50,22.870001,103700,22.870001
2016-05-18,22.76,23.742001,22.40,22.98,198900,22.98
2016-05-17,23.280001,23.41,22.709999,22.84,359500,22.84
2016-05-16,24.32,24.32,22.66,23.309999,546900,23.309999
2016-05-13,24.620001,25.00,24.049999,24.24,168400,24.24
2016-05-12,24.77,25.059999,24.209999,24.780001,299200,24.780001
2016-05-11,25.540001,25.76,24.559999,24.700001,483900,24.700001
2016-05-10,25.610001,25.610001,25.09,25.51,133300,25.51
2016-05-09,25.25,25.889999,25.15,25.59,314400,25.59
2016-05-06,25.309999,25.66,25.049999,25.34,189100,25.34
2016-05-05,25.25,25.385,25.129999,25.35,180600,25.35
2016-05-04,25.110001,25.42,25.00,25.219999,180800,25.219999
2016-05-03,24.98,25.73,24.799999,25.209999,360800,25.209999
2016-05-02,25.18,25.41,24.68,25.360001,192100,25.360001
2016-04-29,25.65,25.65,24.90,25.15,206300,25.15
2016-04-28,25.620001,26.049999,25.440001,25.83,188100,25.83
2016-04-27,25.68,26.370001,25.440001,25.700001,181300,25.700001
2016-04-26,25.719999,26.09,25.40,25.66,264700,25.66
2016-04-25,26.379999,26.41,25.629999,25.68,277100,25.68
2016-04-22,26.07,26.75,26.07,26.35,239600,26.35
2016-04-21,25.870001,26.299999,25.75,25.969999,257200,25.969999
2016-04-20,25.17,25.98,25.049999,25.98,189300,25.98
2016-04-19,25.43,25.65,25.145,25.25,137300,25.25
2016-04-18,24.620001,25.469999,24.620001,25.379999,222500,25.379999
2016-04-15,25.23,25.41,24.860001,25.129999,233600,25.129999
2016-04-14,25.73,25.73,25.15,25.299999,235100,25.299999
2016-04-13,25.559999,26.450001,25.459999,25.860001,368500,25.860001
2016-04-12,24.35,25.33,24.32,25.299999,1000200,25.299999
2016-04-11,25.41,25.555,24.215,24.27,245000,24.27
2016-04-08,25.790001,26.00,25.16,25.33,443100,25.33
2016-04-07,25.469999,25.90,24.92,25.60,424100,25.60
2016-04-06,25.219999,25.690001,24.92,25.620001,313400,25.620001
2016-04-05,24.555,25.35,23.790001,25.15,234800,25.15
2016-04-04,25.049999,25.466,24.90,25.360001,387100,25.360001
2016-04-01,24.43,25.049999,24.34,24.99,333700,24.99
2016-03-31,24.33,24.90,24.32,24.67,279700,24.67
2016-03-30,24.120001,24.59,23.91,24.40,291600,24.40
2016-03-29,22.59,24.049999,22.450001,24.00,310900,24.00
2016-03-28,22.700001,23.59,22.555,22.59,334800,22.59
2016-03-24,24.10,24.10,21.90,22.58,545900,22.58
2016-03-23,23.700001,25.00,23.049999,24.360001,985100,24.360001
2016-03-22,23.02,23.325001,22.389999,22.450001,313900,22.450001
2016-03-21,22.959999,23.309999,22.860001,23.15,157600,23.15
2016-03-18,22.690001,23.10,22.040001,23.030001,447700,23.030001
2016-03-17,22.49,22.629999,21.629999,22.51,176200,22.51
2016-03-16,21.42,22.57,21.42,22.49,189700,22.49
2016-03-15,22.709999,22.709999,21.60,21.629999,238900,21.629999
2016-03-14,22.629999,22.98,22.34,22.870001,255200,22.870001
2016-03-11,22.309999,22.68,22.139999,22.639999,165000,22.639999
2016-03-10,22.309999,22.32,21.825001,22.139999,261700,22.139999
2016-03-09,22.08,22.450001,21.83,22.200001,290600,22.200001
2016-03-08,23.16,23.26,21.48,22.01,498600,22.01
2016-03-07,22.540001,23.440001,22.450001,23.370001,305900,23.370001
2016-03-04,21.709999,22.780001,21.629999,22.719999,318300,22.719999
2016-03-03,21.280001,22.23,19.99,21.780001,482300,21.780001
2016-03-02,21.17,21.540001,20.82,21.389999,188200,21.389999
2016-03-01,20.870001,21.32,20.66,21.25,331700,21.25
2016-02-29,20.48,20.860001,20.26,20.82,381600,20.82
2016-02-26,19.98,20.50,19.879999,20.48,210300,20.48
2016-02-25,19.99,20.059999,19.549999,19.879999,171400,19.879999
2016-02-24,19.57,19.99,19.290001,19.889999,300600,19.889999
2016-02-23,19.440001,19.93,19.129999,19.719999,283100,19.719999
2016-02-22,19.52,19.969999,19.25,19.549999,234400,19.549999
2016-02-19,19.190001,19.51,19.040001,19.370001,334800,19.370001
2016-02-18,19.02,19.57,19.02,19.27,491800,19.27
2016-02-17,18.120001,19.309999,18.08,19.01,660000,19.01
2016-02-16,17.76,18.17,17.440001,18.049999,300300,18.049999
2016-02-12,17.540001,17.620001,16.90,17.610001,276700,17.610001
2016-02-11,17.32,17.459999,16.150999,17.290001,296500,17.290001
2016-02-10,16.950001,17.940001,16.799999,17.67,478900,17.67
2016-02-09,17.639999,18.030001,16.74,16.799999,537500,16.799999
2016-02-08,16.01,18.120001,15.91,17.59,982200,17.59
2016-02-05,18.17,18.190001,15.80,15.87,768000,15.87
2016-02-04,18.99,19.049999,18.07,18.200001,353500,18.200001
2016-02-03,20.969999,21.25,18.76,19.07,988800,19.07
2016-02-02,21.059999,21.087,20.27,20.860001,538600,20.860001
2016-02-01,21.440001,21.719999,21.09,21.27,287000,21.27
2016-01-29,21.030001,21.65,21.030001,21.549999,387700,21.549999
2016-01-28,22.24,22.33,20.790001,21.00,399400,21.00
2016-01-27,22.52,22.860001,22.01,22.059999,372300,22.059999
2016-01-26,22.67,22.90,22.42,22.549999,297200,22.549999
2016-01-25,22.50,22.700001,22.392,22.49,308300,22.49
2016-01-22,22.379999,22.83,22.09,22.67,216700,22.67
2016-01-21,22.040001,22.41,21.67,22.07,305900,22.07
2016-01-20,22.030001,22.48,19.77,21.950001,477600,21.950001
2016-01-19,22.809999,23.013,22.129999,22.309999,426500,22.309999
2016-01-15,22.219999,22.76,21.950001,22.629999,389900,22.629999
2016-01-14,22.280001,23.209999,22.10,22.76,680300,22.76
2016-01-13,22.889999,23.26,21.93,22.26,415000,22.26
2016-01-12,22.889999,23.059999,22.469999,22.799999,563400,22.799999
2016-01-11,22.60,22.886999,22.33,22.719999,525000,22.719999
2016-01-08,22.50,22.799999,22.10,22.540001,758200,22.540001
2016-01-07,22.889999,22.955,22.379999,22.450001,477900,22.450001
2016-01-06,23.65,23.841,22.93,23.32,350500,23.32
2016-01-05,24.98,24.98,23.959999,23.969999,244500,23.969999
2016-01-04,24.76,25.120001,24.059999,24.969999,385200,24.969999
2015-12-31,25.93,25.93,24.709999,25.07,589200,25.07
2015-12-30,26.77,26.93,25.93,26.110001,152900,26.110001
2015-12-29,26.75,27.139999,26.27,26.77,218300,26.77
2015-12-28,26.389999,26.610001,26.24,26.610001,267800,26.610001
2015-12-24,26.41,26.68,26.290001,26.57,173100,26.57
2015-12-23,26.469999,26.530001,26.10,26.32,264500,26.32
2015-12-22,25.940001,26.360001,25.700001,26.27,292300,26.27
2015-12-21,26.09,26.146,25.309999,25.93,295600,25.93
2015-12-18,26.92,27.040001,25.32,25.870001,684000,25.870001
2015-12-17,27.50,27.940001,26.92,27.01,364700,27.01
2015-12-16,27.00,27.610001,25.715,27.450001,836100,27.450001
2015-12-15,28.879999,28.969999,26.469999,27.16,748300,27.16
2015-12-14,29.549999,29.73,28.41,28.709999,268400,28.709999
2015-12-11,29.51,30.190001,29.26,29.48,219900,29.48
2015-12-10,29.60,30.870001,28.693001,30.16,461500,30.16
2015-12-09,31.51,32.130001,28.049999,29.549999,792900,29.549999
2015-12-08,33.50,33.50,30.690001,31.74,590900,31.74
2015-12-07,33.220001,33.674999,32.950001,33.52,307000,33.52
2015-12-04,32.779999,33.619999,32.779999,33.279999,169700,33.279999
2015-12-03,33.619999,33.950001,32.400002,32.849998,171700,32.849998
2015-12-02,33.00,33.990002,33.00,33.470001,143800,33.470001
2015-12-01,33.029999,33.299999,31.50,33.00,288600,33.00
2015-11-30,34.759998,34.988998,32.580002,33.00,424600,33.00
2015-11-27,33.959999,34.549999,33.689999,34.540001,133500,34.540001
2015-11-25,34.419998,34.48,33.450001,33.950001,137300,33.950001
2015-11-24,34.130001,34.459999,33.849998,34.400002,152200,34.400002
2015-11-23,33.939999,34.470001,33.709999,34.400002,226800,34.400002
2015-11-20,33.360001,34.07,33.150002,33.830002,177800,33.830002
2015-11-19,33.34,33.779999,32.470001,33.23,225400,33.23
2015-11-18,33.23,33.50,32.650002,33.43,153800,33.43
2015-11-17,33.200001,33.200001,32.012001,33.009998,195600,33.009998
2015-11-16,32.330002,33.07,32.00,32.860001,128600,32.860001
2015-11-13,32.900002,34.23,32.485001,32.57,236500,32.57
2015-11-12,34.810001,35.73,32.779999,32.98,331900,32.98
2015-11-11,34.779999,35.778999,34.521,34.959999,737500,34.959999
2015-11-10,32.990002,34.630001,32.990002,34.459999,275300,34.459999
2015-11-09,33.619999,34.00,32.660999,33.049999,240100,33.049999
2015-11-06,32.93,33.860001,32.529999,33.689999,281900,33.689999
2015-11-05,32.599998,33.43,32.50,32.93,190800,32.93
2015-11-04,32.459999,32.775002,31.51,32.52,232000,32.52
2015-11-03,32.810001,33.380001,32.00,32.439999,405100,32.439999
2015-11-02,32.68,33.25,32.290001,32.990002,489000,32.990002
2015-10-30,33.18,33.459999,32.470001,32.709999,221400,32.709999
2015-10-29,32.68,33.400002,32.48,33.27,310100,33.27
2015-10-28,32.00,32.810001,31.00,32.68,737900,32.68
2015-10-27,30.66,31.16,30.40,31.01,406100,31.01
2015-10-26,30.309999,31.450001,30.309999,30.73,732300,30.73
2015-10-23,27.860001,30.139999,27.709999,30.049999,284200,30.049999
2015-10-22,28.860001,29.07,27.219999,27.50,318700,27.50
2015-10-21,30.01,30.01,28.49,28.84,267700,28.84
2015-10-20,30.690001,30.82,29.860001,29.93,201000,29.93
2015-10-19,29.879999,30.77,29.74,30.74,198700,30.74
2015-10-16,30.200001,30.40,29.860001,29.969999,218700,29.969999
2015-10-15,29.809999,30.389999,29.15,30.209999,303800,30.209999
2015-10-14,29.84,30.450001,29.60,29.76,171500,29.76
2015-10-13,30.41,30.85,29.85,29.879999,200700,29.879999
2015-10-12,30.08,30.50,30.01,30.43,174900,30.43
2015-10-09,29.879999,30.59,29.629999,30.24,328900,30.24
2015-10-08,29.700001,29.950001,29.103001,29.809999,229500,29.809999
2015-10-07,29.190001,29.844999,28.709999,29.74,405300,29.74
2015-10-06,29.200001,29.41,28.35,28.99,367700,28.99
2015-10-05,29.77,29.790001,28.959999,29.34,614700,29.34
2015-10-02,28.780001,29.43,28.40,29.42,358600,29.42
2015-10-01,29.42,29.59,28.59,28.959999,566400,28.959999
2015-09-30,29.219999,29.700001,28.844999,29.549999,434500,29.549999
2015-09-29,28.59,29.636999,28.42,28.68,396800,28.68
2015-09-28,29.690001,30.219999,28.379999,28.48,755400,28.48
2015-09-25,30.450001,30.74,29.76,29.84,240200,29.84
2015-09-24,30.469999,30.771,30.00,30.360001,300300,30.360001
2015-09-23,29.73,30.74,29.719999,30.610001,656500,30.610001
2015-09-22,29.48,29.639999,29.33,29.59,1300900,29.59
2015-09-21,30.98,31.379999,30.18,30.469999,237400,30.469999
2015-09-18,30.75,31.10,29.450001,30.879999,485600,30.879999
2015-09-17,29.700001,31.91,29.59,31.299999,598500,31.299999
2015-09-16,29.950001,30.08,29.49,29.74,303800,29.74
2015-09-15,30.00,30.299999,29.73,29.83,291000,29.83
2015-09-14,30.299999,30.83,29.700001,29.90,358800,29.90
2015-09-11,30.35,30.59,29.76,30.24,338700,30.24
2015-09-10,30.870001,31.27,30.50,30.82,321500,30.82
2015-09-09,31.32,31.93,29.48,31.27,777700,31.27
2015-09-08,29.85,30.83,29.635,30.530001,289600,30.530001
2015-09-04,28.91,29.780001,28.91,29.360001,144500,29.360001
2015-09-03,29.940001,30.00,29.09,29.309999,386400,29.309999
2015-09-02,29.48,29.969999,29.139999,29.940001,211400,29.940001
2015-09-01,28.860001,29.33,28.60,29.200001,260500,29.200001
2015-08-31,29.48,29.799999,29.190001,29.32,244600,29.32
2015-08-28,29.280001,29.75,29.08,29.51,175400,29.51
2015-08-27,29.01,29.52,28.785,29.360001,272800,29.360001
2015-08-26,28.91,28.919001,27.73,28.690001,199900,28.690001
2015-08-25,29.200001,29.200001,28.209999,28.24,174700,28.24
2015-08-24,27.48,29.309999,24.73,28.264999,451700,28.264999
2015-08-21,30.09,30.389999,28.799999,29.27,562800,29.27
2015-08-20,32.240002,32.439999,30.559999,30.67,319200,30.67
2015-08-19,33.130001,33.16,32.349998,32.450001,217300,32.450001
2015-08-18,33.669998,33.959999,33.349998,33.470001,163800,33.470001
2015-08-17,32.75,34.223999,32.75,33.700001,318200,33.700001
2015-08-14,32.639999,33.130001,32.34,32.709999,116700,32.709999
2015-08-13,32.900002,33.290001,32.720001,32.82,173100,32.82
2015-08-12,33.060001,33.34,32.560001,32.970001,164400,32.970001
2015-08-11,32.919998,33.790001,32.919998,33.310001,161100,33.310001
2015-08-10,32.290001,33.630001,32.240002,33.200001,282000,33.200001
2015-08-07,32.889999,33.080002,31.841999,32.110001,304100,32.110001
2015-08-06,34.00,34.380001,32.959999,33.07,240600,33.07
2015-08-05,33.630001,34.200001,33.57,34.099998,279900,34.099998
2015-08-04,33.459999,33.84,32.862,33.639999,155400,33.639999
2015-08-03,33.59,33.900002,33.110001,33.52,201600,33.52
2015-07-31,33.779999,34.299999,33.43,33.66,207700,33.66
2015-07-30,33.720001,33.91,32.93,33.689999,148800,33.689999
2015-07-29,33.84,34.560001,33.575001,33.84,208200,33.84
2015-07-28,32.580002,33.970001,31.959999,33.959999,341600,33.959999
2015-07-27,32.93,33.43,32.220001,32.369999,285600,32.369999
2015-07-24,33.110001,33.540001,32.740002,33.060001,172800,33.060001
2015-07-23,33.299999,33.450001,32.950001,33.099998,176900,33.099998
2015-07-22,33.080002,33.389999,32.68,33.150002,161300,33.150002
2015-07-21,32.689999,33.43,32.009998,33.259998,251000,33.259998
2015-07-20,33.290001,33.580002,32.150002,32.810001,232600,32.810001
2015-07-17,33.200001,33.619999,32.970001,33.279999,217900,33.279999
2015-07-16,32.279999,33.130001,32.150002,33.110001,264200,33.110001
2015-07-15,32.639999,32.950001,32.119999,32.200001,303800,32.200001
2015-07-14,33.00,33.130001,32.369999,32.700001,290600,32.700001
2015-07-13,32.34,33.00,32.009998,32.990002,583200,32.990002
2015-07-10,32.02,32.369999,31.50,32.07,284900,32.07
2015-07-09,30.85,32.00,30.85,31.780001,314600,31.780001
2015-07-08,30.57,31.41,30.094999,30.780001,324000,30.780001
2015-07-07,31.27,31.27,30.18,30.65,514300,30.65
2015-07-06,31.049999,31.299999,30.549999,31.219999,483600,31.219999
2015-07-02,31.969999,31.969999,30.75,31.299999,311900,31.299999
2015-07-01,32.360001,32.509998,31.290001,32.009998,413800,32.009998
2015-06-30,32.119999,32.169998,31.719999,32.049999,336200,32.049999
2015-06-29,32.50,32.540001,31.84,32.02,675000,32.02
2015-06-26,33.93,34.00,32.50,32.919998,4492500,32.919998
2015-06-25,33.450001,34.060001,33.189999,33.900002,4369700,33.900002
2015-06-24,33.07,33.25,32.613998,33.220001,780500,33.220001
2015-06-23,32.259998,32.880001,32.250999,32.709999,933800,32.709999
2015-06-22,31.959999,32.830002,31.90,32.310001,1259100,32.310001
2015-06-19,29.60,30.90,29.48,30.59,1666500,30.59
2015-06-18,28.799999,29.73,28.799999,29.379999,601400,29.379999
2015-06-17,29.129999,29.40,28.59,28.83,477100,28.83
2015-06-16,29.389999,29.559999,28.65,29.049999,689200,29.049999
2015-06-15,28.00,29.92,28.00,29.280001,903000,29.280001
2015-06-12,27.82,28.26,27.719999,27.889999,208200,27.889999
2015-06-11,27.92,28.48,27.719999,27.940001,339900,27.940001
2015-06-10,27.389999,27.98,27.02,27.92,558400,27.92
2015-06-09,27.15,27.629999,26.120001,27.299999,895900,27.299999
2015-06-08,26.129999,26.43,25.83,26.34,278300,26.34
2015-06-05,26.280001,26.50,25.90,26.459999,175700,26.459999
2015-06-04,26.969999,27.09,26.110001,26.379999,468200,26.379999
2015-06-03,26.74,27.16,26.306,26.959999,327600,26.959999
2015-06-02,26.299999,26.846001,26.07,26.620001,419600,26.620001
2015-06-01,26.58,26.924999,25.98,26.27,343400,26.27
2015-05-29,26.40,26.629999,25.92,26.51,402200,26.51
2015-05-28,26.530001,26.57,26.030001,26.51,229900,26.51
2015-05-27,26.110001,26.780001,25.90,26.66,328600,26.66
2015-05-26,26.00,26.056,25.57,26.00,171500,26.00
2015-05-22,25.299999,26.004999,25.299999,26.00,303300,26.00
2015-05-21,25.83,25.99,25.219999,25.35,143100,25.35
2015-05-20,26.08,26.120001,25.67,25.799999,138600,25.799999
2015-05-19,26.02,26.169001,25.950001,26.02,81300,26.02
2015-05-18,25.66,26.02,25.440001,25.93,115200,25.93
2015-05-15,26.26,26.74,25.51,25.59,933300,25.59
2015-05-14,25.40,26.475,25.389999,26.25,366700,26.25
2015-05-13,26.459999,26.719999,25.120001,25.41,456800,25.41
2015-05-12,27.01,27.034,25.775,26.10,541600,26.10
2015-05-11,26.190001,27.110001,26.190001,27.01,398200,27.01
2015-05-08,26.860001,26.99,26.040001,26.370001,194100,26.370001
2015-05-07,26.620001,26.908001,26.48,26.60,280500,26.60
2015-05-06,26.24,27.190001,25.91,26.85,1646200,26.85
2015-05-05,26.00,26.65,25.771999,25.90,263200,25.90
2015-05-04,25.98,26.110001,24.52,26.00,369600,26.00
2015-05-01,26.200001,26.469999,25.860001,26.370001,149800,26.370001
2015-04-30,27.209999,27.440001,26.059999,26.209999,270400,26.209999
2015-04-29,27.75,27.889999,26.952999,27.18,428700,27.18
2015-04-28,26.110001,27.879999,25.940001,27.76,557600,27.76
2015-04-27,25.50,26.072001,25.50,26.01,527700,26.01
2015-04-24,25.200001,25.59,25.07,25.52,179500,25.52
2015-04-23,24.65,25.16,24.549999,25.129999,131600,25.129999
2015-04-22,24.559999,24.969999,24.51,24.73,201400,24.73
2015-04-21,24.59,24.709999,24.50,24.610001,157100,24.610001
2015-04-20,24.540001,24.58,24.32,24.50,84200,24.50
2015-04-17,24.200001,24.370001,24.15,24.35,127900,24.35
2015-04-16,24.129999,24.75,24.00,24.290001,153700,24.290001
2015-04-15,24.00,24.200001,23.91,24.10,291100,24.10
2015-04-14,24.00,24.209999,23.879999,24.00,129100,24.00
2015-04-13,23.940001,24.290001,23.940001,24.059999,145400,24.059999
2015-04-10,24.139999,24.139999,23.860001,24.030001,185400,24.030001
2015-04-09,24.00,24.07,23.719999,24.040001,180100,24.040001
2015-04-08,24.07,24.10,23.809999,24.00,101400,24.00
2015-04-07,23.75,24.10,23.530001,23.969999,156000,23.969999
2015-04-06,24.27,24.360001,23.58,23.889999,178200,23.889999
2015-04-02,24.50,24.889999,24.32,24.43,85900,24.43
2015-04-01,24.889999,25.00,24.516001,24.940001,103700,24.940001
2015-03-31,25.00,25.299999,24.51,24.99,204500,24.99
2015-03-30,25.200001,25.40,24.76,24.959999,123900,24.959999
2015-03-27,25.34,25.85,25.07,25.209999,164400,25.209999
2015-03-26,24.51,25.450001,24.26,25.389999,275500,25.389999
2015-03-25,26.50,26.50,24.209999,24.74,870400,24.74
2015-03-24,25.00,26.48,24.879999,25.969999,723400,25.969999
2015-03-23,25.049999,25.40,24.889999,25.00,573400,25.00
2015-03-20,25.120001,25.52,24.66,25.030001,1230500,25.030001
2015-03-19,25.030001,25.530001,24.360001,25.07,685100,25.07
2015-03-18,24.379999,25.299999,24.23,24.969999,315600,24.969999
2015-03-17,24.40,24.60,23.969999,24.32,200900,24.32
2015-03-16,24.01,24.690001,23.91,24.40,301000,24.40
2015-03-13,24.02,24.450001,23.389999,23.629999,189800,23.629999
2015-03-12,23.50,24.09,23.35,24.00,231600,24.00
2015-03-11,23.559999,24.00,23.559999,23.959999,199900,23.959999
2015-03-10,22.950001,23.719999,22.65,23.629999,332500,23.629999
2015-03-09,22.25,23.43,22.24,23.08,436000,23.08
2015-03-06,21.82,22.469999,21.559999,22.190001,407200,22.190001
2015-03-05,21.219999,21.559999,21.115,21.50,274700,21.50
2015-03-04,21.030001,21.35,20.92,21.26,197700,21.26
2015-03-03,20.90,21.15,20.540001,21.07,154600,21.07
2015-03-02,20.00,20.959999,19.98,20.889999,231800,20.889999
2015-02-27,19.826,20.42,19.74,20.27,163800,20.27
2015-02-26,20.00,20.27,19.635,19.76,78900,19.76
2015-02-25,19.40,20.049999,19.40,19.969999,152500,19.969999
2015-02-24,19.01,19.945999,19.01,19.459999,132000,19.459999
2015-02-23,19.450001,20.00,19.42,19.75,159300,19.75
2015-02-20,19.82,19.99,19.24,19.42,164000,19.42
2015-02-19,20.10,20.389999,19.75,19.870001,198300,19.870001
2015-02-18,19.85,20.190001,19.83,20.129999,168000,20.129999
2015-02-17,20.00,20.370001,19.83,20.129999,260900,20.129999
2015-02-13,19.93,20.299999,19.799999,20.02,329000,20.02
2015-02-12,19.57,20.10,19.43,19.98,671100,19.98
2015-02-11,19.10,19.549999,18.940001,19.530001,368100,19.530001
2015-02-10,19.00,19.200001,18.940001,19.16,222700,19.16
2015-02-09,19.219999,19.311001,18.879999,18.950001,131400,18.950001
2015-02-06,19.719999,20.799999,19.110001,19.299999,213900,19.299999
2015-02-05,19.709999,20.09,19.440001,19.700001,186600,19.700001
2015-02-04,19.67,19.99,19.35,19.73,143600,19.73
2015-02-03,19.690001,20.139999,19.52,19.66,137800,19.66
2015-02-02,20.280001,20.82,19.549999,19.700001,240800,19.700001
2015-01-30,20.940001,21.360001,20.73,20.77,257500,20.77
2015-01-29,21.280001,21.32,20.879999,21.129999,684500,21.129999
2015-01-28,20.290001,21.50,20.290001,21.17,526300,21.17
2015-01-27,20.719999,21.00,19.969999,20.290001,507500,20.290001
2015-01-26,21.700001,21.74,21.15,21.18,66600,21.18
2015-01-23,20.99,21.549999,20.700001,21.200001,81600,21.200001
2015-01-22,20.129999,21.360001,20.08,20.98,111500,20.98
2015-01-21,20.00,20.120001,19.635,20.040001,39900,20.040001
2015-01-20,19.530001,20.049999,19.26,19.959999,142200,19.959999
2015-01-16,21.07,21.110001,19.299999,19.57,169800,19.57
2015-01-15,21.99,22.10,21.049999,21.10,117200,21.10
2015-01-14,22.690001,22.690001,21.559999,22.049999,121900,22.049999
2015-01-13,20.610001,21.676001,20.285,21.51,161900,21.51
2015-01-12,20.360001,20.98,20.01,20.549999,149500,20.549999
2015-01-09,21.200001,21.23,19.719999,20.299999,149600,20.299999
2015-01-08,21.50,21.83,21.040001,21.190001,133400,21.190001
2015-01-07,21.889999,21.889999,20.90,21.379999,133300,21.379999
2015-01-06,22.440001,22.540001,21.52,21.66,98300,21.66
2015-01-05,24.469999,24.889999,21.610001,22.40,251100,22.40
2015-01-02,25.530001,25.73,24.27,24.700001,144300,24.700001
2014-12-31,25.719999,26.030001,25.195,25.450001,70600,25.450001
2014-12-30,25.75,26.209999,25.280001,25.620001,63200,25.620001
2014-12-29,25.83,26.091,25.40,25.76,54400,25.76
2014-12-26,25.620001,26.15,25.139999,25.83,53400,25.83
2014-12-24,25.440001,25.645,25.084999,25.59,37100,25.59
2014-12-23,25.75,25.76,24.90,25.35,108900,25.35
2014-12-22,24.52,25.785,23.732,25.709999,87400,25.709999
2014-12-19,24.57,25.290001,24.40,24.58,496200,24.58
2014-12-18,24.799999,25.190001,24.24,24.620001,158500,24.620001
2014-12-17,22.700001,24.629999,22.700001,24.32,135100,24.32
2014-12-16,22.700001,23.24,22.620001,22.74,138600,22.74
2014-12-15,22.50,23.73,22.379999,22.90,121400,22.90
2014-12-12,23.559999,23.85,22.15,22.32,173700,22.32
2014-12-11,24.33,24.74,23.50,23.83,176600,23.83
2014-12-10,24.65,26.00,23.370001,24.26,240700,24.26
2014-12-09,24.02,24.10,23.16,23.969999,151800,23.969999
2014-12-08,22.17,24.49,22.17,24.09,152500,24.09
2014-12-05,22.41,22.719999,22.23,22.290001,71500,22.290001
2014-12-04,22.77,22.77,22.209999,22.450001,77900,22.450001
2014-12-03,22.700001,23.09,22.33,22.700001,84000,22.700001
2014-12-02,24.120001,25.17,22.559999,22.59,145300,22.59
2014-12-01,24.83,27.74,23.98,24.01,49800,24.01
2014-11-28,23.58,25.280001,22.93,24.83,83800,24.83
2014-11-26,23.76,23.90,22.879999,23.530001,79900,23.530001
2014-11-25,23.030001,24.190001,22.469999,23.780001,224100,23.780001
2014-11-24,23.030001,23.200001,22.530001,23.08,82800,23.08
2014-11-21,22.379999,23.75,22.129999,22.959999,90200,22.959999
2014-11-20,21.629999,22.49,21.629999,22.08,55500,22.08
2014-11-19,22.16,22.84,21.709999,21.719999,36800,21.719999
2014-11-18,21.639999,22.790001,21.639999,22.27,71300,22.27
2014-11-17,21.440001,21.870001,21.299999,21.51,34000,21.51
2014-11-14,21.35,21.805,21.190001,21.360001,42900,21.360001
2014-11-13,21.719999,21.719999,20.52,21.40,72200,21.40
2014-11-12,21.040001,21.52,20.858,21.440001,34100,21.440001
2014-11-11,20.700001,21.99,20.700001,21.059999,94300,21.059999
2014-11-10,19.969999,21.00,19.969999,20.790001,50000,20.790001
2014-11-07,19.73,21.290001,19.629999,20.51,88500,20.51
2014-11-06,19.610001,19.940001,19.58,19.799999,37800,19.799999
2014-11-05,19.82,19.82,19.290001,19.690001,107300,19.690001
2014-11-04,19.76,19.99,19.50,19.59,68500,19.59
2014-11-03,20.40,20.51,19.67,19.889999,64800,19.889999
2014-10-31,20.77,20.77,20.07,20.40,40000,20.40
2014-10-30,19.370001,20.51,19.370001,20.23,76300,20.23
2014-10-29,19.84,20.67,19.84,19.950001,54400,19.950001
2014-10-28,19.959999,20.48,19.549999,20.469999,54900,20.469999
2014-10-27,20.030001,20.49,19.77,19.950001,36000,19.950001
2014-10-24,20.690001,20.968,19.99,20.030001,32600,20.030001
2014-10-23,20.370001,21.110001,20.362,20.67,60900,20.67
2014-10-22,20.299999,21.032,20.01,20.17,107300,20.17
2014-10-21,20.27,20.75,19.00,20.370001,90400,20.370001
2014-10-20,19.370001,20.26,19.35,20.120001,71400,20.120001
2014-10-17,20.610001,20.690001,19.389999,19.41,43500,19.41
2014-10-16,19.49,20.549999,19.25,20.32,99500,20.32
2014-10-15,18.139999,19.540001,17.889999,19.440001,130900,19.440001
2014-10-14,18.35,18.50,17.98,18.440001,152100,18.440001
2014-10-13,18.41,18.655001,17.65,18.219999,132700,18.219999
2014-10-10,18.41,19.07,17.940001,17.98,129000,17.98
2014-10-09,19.299999,19.40,18.459999,18.52,104200,18.52
2014-10-08,19.280001,19.645,19.16,19.370001,93900,19.370001
2014-10-07,18.57,19.66,17.58,19.290001,97200,19.290001
2014-10-06,18.870001,19.57,18.559999,18.68,91900,18.68
2014-10-03,17.50,18.99,17.360001,18.90,139400,18.90
2014-10-02,17.809999,18.209999,17.23,17.379999,235600,17.379999
2014-10-01,18.299999,18.67,17.559999,17.77,237400,17.77
2014-09-30,18.200001,18.73,17.780001,18.309999,1283400,18.309999
2014-09-29,18.43,18.549999,17.879999,18.24,145700,18.24
2014-09-26,18.17,18.93,18.040001,18.450001,205100,18.450001
2014-09-25,18.299999,18.889999,17.860001,18.16,194500,18.16
2014-09-24,18.74,18.98,17.58,18.24,209100,18.24
2014-09-23,19.52,20.219999,18.700001,18.82,256700,18.82
2014-09-22,19.77,20.00,19.08,19.76,116900,19.76
2014-09-19,20.219999,20.43,19.57,19.57,269700,19.57
2014-09-18,20.00,20.450001,19.799999,20.16,77900,20.16
2014-09-17,19.90,20.49,19.66,20.030001,118600,20.030001
2014-09-16,21.139999,21.139999,19.73,20.10,207900,20.10
2014-09-15,20.93,20.950001,20.02,20.870001,74500,20.870001
2014-09-12,21.00,21.23,19.290001,20.74,286800,20.74
2014-09-11,21.450001,22.84,20.549999,20.93,900200,20.93
2014-09-10,19.299999,22.114,18.620001,21.620001,335800,21.620001
2014-09-09,19.00,19.43,18.771,19.41,87600,19.41
2014-09-08,19.25,19.459999,18.379999,18.65,150200,18.65
2014-09-05,18.950001,19.43,18.950001,19.040001,85400,19.040001
2014-09-04,18.950001,19.65,18.60,18.93,166800,18.93
2014-09-03,19.799999,19.98,18.809999,18.889999,129300,18.889999
2014-09-02,19.780001,20.120001,19.379999,19.77,109700,19.77
2014-08-29,19.40,19.655001,19.00,19.379999,123100,19.379999
2014-08-28,19.50,19.969999,19.290001,19.40,98100,19.40
2014-08-27,19.52,20.15,19.35,19.51,80800,19.51
2014-08-26,19.799999,20.60,19.66,19.73,107100,19.73
2014-08-25,20.49,20.60,19.690001,19.870001,56100,19.870001
2014-08-22,19.98,21.00,19.969999,20.459999,101900,20.459999
2014-08-21,20.32,20.60,19.32,20.16,109900,20.16
2014-08-20,20.16,20.90,20.16,20.49,89100,20.49
2014-08-19,20.469999,20.75,20.10,20.389999,55700,20.389999
2014-08-18,20.200001,20.60,20.00,20.469999,29800,20.469999
2014-08-15,21.48,21.48,19.950001,19.959999,89900,19.959999
2014-08-14,19.41,20.91,19.41,20.77,115900,20.77
2014-08-13,18.610001,20.00,18.26,19.799999,277100,19.799999
2014-08-12,17.870001,18.40,17.629999,18.34,193700,18.34
2014-08-11,17.549999,17.950001,17.50,17.85,111200,17.85
2014-08-08,17.549999,17.93,17.35,17.51,70400,17.51
2014-08-07,17.08,17.59,17.00,17.49,118700,17.49
2014-08-06,16.75,17.48,16.26,17.059999,140900,17.059999
2014-08-05,16.549999,17.200001,16.48,16.75,196500,16.75
2014-08-04,16.84,17.27,16.110001,16.85,540200,16.85
2014-08-01,18.209999,18.209999,16.77,16.950001,863900,16.950001
2014-07-31,20.00,20.00,17.040001,17.60,7235400,17.60
