Date,Open,High,Low,Close,Volume,Adj Close
2017-11-16,20.85,20.85,20.56,20.6,2373,20.6
2017-11-15,20.57,20.675,20.48,20.5213,5455,20.5213
2017-11-14,20.985,20.985,20.58,20.938,1550,20.938
2017-11-13,20.932,21.039,20.675,20.9761,2297,20.9761
2017-11-10,20.5901,20.5901,20.5901,20.5901,625,20.5901
2017-11-09,20.69,20.72,20.55,20.55,4773,20.55
2017-11-08,20.6,20.6,20.5962,20.5962,2244,20.5962
2017-11-07,20.6,20.6,20.6,20.6,244,20.6
2017-11-06,20.51,20.66,20.51,20.66,495,20.66
2017-11-03,20.46,20.6939,20.46,20.613,3299,20.613
2017-11-02,20.83,20.83,20.59,20.59,1506,20.59
2017-11-01,20.75,20.75,20.75,20.75,1183,20.75
2017-10-31,20.85,20.85,20.6512,20.6512,2719,20.6512
2017-10-30,20.86,20.86,20.62,20.62,13582,20.62
2017-10-27,20.8574,20.8644,20.8574,20.8621,920,20.8621
2017-10-26,20.9,20.949,20.8876,20.8876,619,20.8876
2017-10-25,20.86,20.985,20.8574,20.919,2078,20.919
2017-10-24,20.771,20.839,20.7532,20.804,3829,20.804
2017-10-23,20.7904,20.7904,20.77,20.77,1915,20.77
2017-10-20,20.79,20.7955,20.79,20.7955,745,20.7955
2017-10-19,20.7148,20.7148,20.7148,20.7148,00,20.7148
2017-10-18,20.7876,20.7876,20.7007,20.7148,1257,20.7148
2017-10-17,20.88,20.88,20.642,20.642,2219,20.642
2017-10-16,20.7769,20.7769,20.59,20.6732,7110,20.6732
2017-10-13,20.9,20.9,20.67,20.74,5376,20.74
2017-10-12,20.7124,20.84,20.7124,20.78,2168,20.78
2017-10-11,20.92,20.92,20.82,20.82,846,20.82
2017-10-10,20.7314,20.8076,20.7314,20.8076,710,20.8076
2017-10-09,20.84,20.84,20.84,20.84,112,20.84
2017-10-06,20.75,20.9,20.75,20.85,15482,20.85
2017-10-05,20.74,20.74,20.74,20.74,658,20.74
2017-10-04,20.6586,20.75,20.63,20.75,835,20.75
2017-10-03,20.73,20.73,20.6915,20.6915,1014,20.6915
2017-10-02,20.63,20.64,20.63,20.632,1321,20.632
2017-09-29,20.57,20.65,20.57,20.625,42075,20.625
2017-09-28,20.67,20.71,20.662,20.71,1815,20.71
2017-09-27,20.57,20.66,20.57,20.66,13265,20.66
2017-09-26,20.5334,20.5499,20.502,20.53,1121,20.53
2017-09-25,20.57,20.644,20.5473,20.5473,2635,20.5473
2017-09-22,20.671,20.671,20.551,20.551,470,20.551
2017-09-21,20.79,20.79,20.61,20.6439,2752,20.6439
2017-09-20,20.62,20.76,20.6001,20.73,8267,20.73
2017-09-19,20.58,20.6322,20.58,20.6,1439,20.6
2017-09-18,20.605,20.638,20.5872,20.5872,778,20.5872
2017-09-15,20.53,20.63,20.5201,20.63,2270,20.63
2017-09-14,20.5389,20.5389,20.5389,20.5389,845,20.5389
2017-09-13,20.4809,20.585,20.4809,20.585,606,20.585
2017-09-12,20.5506,20.56,20.5506,20.5587,2032,20.5587
2017-09-11,20.4422,20.5394,20.4,20.4,1498,20.4
2017-09-08,20.3,20.4503,20.3,20.3768,3687,20.3768
2017-09-07,20.5185,20.5185,20.5185,20.5185,111,20.5185
2017-09-06,20.26,20.44,20.26,20.4085,1495,20.4085
2017-09-05,20.5084,20.5084,20.5084,20.5084,865,20.5084
2017-09-01,20.5388,20.5388,20.5388,20.5388,459,20.5388
2017-08-31,20.505,20.505,20.4216,20.4216,712,20.4216
2017-08-30,20.555,20.61,20.39,20.61,3545,20.61
2017-08-29,20.38,20.5384,20.3515,20.38,3324,20.38
2017-08-28,20.6084,20.6084,20.545,20.545,545,20.545
2017-08-25,20.42,20.42,20.42,20.42,246,20.42
2017-08-24,20.619,20.619,20.4,20.4,4086,20.4
2017-08-23,20.6194,20.6194,20.4123,20.4123,3511,20.4123
2017-08-22,20.55,20.55,20.4,20.404,1632,20.404
2017-08-21,20.45,20.5202,20.35,20.36,3314,20.36
2017-08-18,20.5248,20.5248,20.45,20.45,1413,20.45
2017-08-17,20.59,20.59,20.49,20.5108,3492,20.5108
2017-08-16,20.65,20.681,20.61,20.61,1585,20.61
2017-08-15,20.61,20.6157,20.581,20.6006,2942,20.6006
2017-08-14,20.54,20.56,20.5298,20.53,740,20.53
2017-08-11,20.5408,20.6243,20.51,20.51,1682,20.51
2017-08-10,20.6446,20.779,20.5719,20.623,4127,20.623
2017-08-09,20.62,20.804,20.62,20.69,4800,20.69
2017-08-08,20.682,20.79,20.65,20.79,1783,20.79
2017-08-07,20.7324,20.74,20.7296,20.7302,2550,20.7302
2017-08-04,20.6801,20.77,20.6801,20.7608,819,20.7608
2017-08-03,20.8,20.84,20.7086,20.84,3632,20.84
2017-08-02,20.8,20.8,20.7538,20.769,1646,20.769
2017-08-01,20.7682,20.8,20.7581,20.79,3777,20.79
2017-07-31,20.81,20.81,20.81,20.81,00,20.81
2017-07-28,20.82,20.8299,20.81,20.81,17237,20.81
2017-07-27,20.839,20.839,20.839,20.839,258,20.839
2017-07-26,20.84,20.84,20.81,20.81,3087,20.81
2017-07-25,20.72,20.72,20.72,20.72,00,20.72
2017-07-24,20.6719,20.7355,20.6719,20.72,1632,20.72
2017-07-21,20.7286,20.7286,20.7286,20.7286,131,20.7286
2017-07-20,20.836,20.836,20.83,20.83,1021,20.83
2017-07-19,20.84,20.84,20.82,20.835,461,20.835
2017-07-18,20.8022,20.8399,20.8,20.8399,2197,20.8399
2017-07-17,20.7211,20.98,20.7211,20.98,3696,20.98
2017-07-14,20.975,20.975,20.82,20.82,4993,20.82
2017-07-13,20.859,20.8983,20.859,20.88,20513,20.88
2017-07-12,20.9,20.955,20.8726,20.9101,25211,20.9101
2017-07-11,20.886,21.01,20.886,20.9,7773,20.9
2017-07-10,20.9,21.0199,20.781,20.781,8163,20.781
2017-07-07,20.9899,20.9899,20.9899,20.9899,00,20.9899
2017-07-06,20.9899,20.9899,20.9899,20.9899,107,20.9899
2017-07-05,20.85,20.9031,20.763,20.78,2090,20.78
2017-07-03,20.82,20.8671,20.82,20.8588,663,20.8588
2017-06-30,20.6,20.7043,20.59,20.7043,1527,20.7043
2017-06-29,20.72,20.72,20.6247,20.6247,807,20.6247
2017-06-28,20.51,20.51,20.48,20.5,7412,20.5
2017-06-27,20.37,20.4683,20.37,20.43,9019,20.43
2017-06-26,20.47,20.47,20.351,20.37,3622,20.37
2017-06-23,20.6395,20.6493,20.5337,20.5794,2652,20.5794
2017-06-22,20.535,20.6083,20.43,20.6083,2924,20.6083
2017-06-21,20.6,20.6291,20.5651,20.5651,4523,20.5651
2017-06-20,20.65,20.65,20.6,20.6,1367,20.6
2017-06-19,20.66,20.74,20.6388,20.6388,3196,20.6388
2017-06-16,20.698,20.698,20.661,20.661,436,20.661
2017-06-15,20.72,20.75,20.6,20.6,2278,20.6
2017-06-14,20.66,20.788,20.64,20.788,7881,20.788
2017-06-13,20.7,20.7611,20.7,20.73,5147,20.73
2017-06-12,20.72,20.72,20.6307,20.7,3476,20.7
2017-06-09,20.698,20.75,20.698,20.75,1686,20.75
2017-06-08,20.6656,20.6685,20.6656,20.6685,771,20.6685
2017-06-07,20.7162,20.75,20.6303,20.652,4416,20.652
2017-06-06,20.676,20.7065,20.67,20.67,967,20.67
2017-06-05,20.7571,20.7571,20.7571,20.7571,266,20.7571
2017-06-02,20.75,20.8399,20.75,20.767,6695,20.767
2017-06-01,20.86,20.895,20.7955,20.7955,4113,20.7955
2017-05-31,20.75,20.815,20.75,20.815,810,20.815
2017-05-30,20.905,20.905,20.8,20.81,6435,20.81
2017-05-26,20.88,20.898,20.75,20.75,691,20.75
2017-05-25,20.94,21.025,20.91,20.91,1016,20.91
2017-05-24,20.73,20.929,20.73,20.929,1760,20.929
2017-05-23,20.8,20.8599,20.7501,20.83,6033,20.83
2017-05-22,20.8108,20.915,20.7321,20.7489,2818,20.7489
2017-05-19,20.741,20.995,20.741,20.995,825,20.995
2017-05-18,20.66,20.935,20.66,20.935,1475,20.935
2017-05-17,20.9384,21.009,20.87,20.9006,4142,20.9006
2017-05-16,21.05,21.079,21.04,21.079,1797,21.079
2017-05-15,21.08,21.08,21.0485,21.0485,310,21.0485
2017-05-12,21.059999,21.08,21.040001,21.040001,900,21.040001
2017-05-11,21.08,21.08,21.059999,21.07,3600,21.07
2017-05-10,21.049999,21.08,21.049999,21.08,1300,21.08
2017-05-09,21.09,21.139999,21.049999,21.059999,3800,21.059999
2017-05-08,20.969999,21.01,20.969999,21.01,2100,21.01
2017-05-05,20.99,21.01,20.870001,21.01,3200,21.01
2017-05-04,20.969999,21.01,20.969999,21.01,1400,21.01
2017-05-03,20.959999,21.02,20.870001,20.889999,2900,20.889999
2017-05-02,20.91,20.99,20.90,20.940001,9000,20.940001
2017-05-01,20.90,21.00,20.90,21.00,800,21.00
2017-04-28,20.92,20.99,20.91,20.91,2700,20.91
2017-04-27,20.98,21.01,20.90,20.90,7400,20.90
2017-04-26,20.82,21.01,20.82,20.959999,40400,20.959999
2017-04-25,20.84,20.870001,20.809999,20.870001,2800,20.870001
2017-04-24,20.809999,20.82,20.809999,20.82,400,20.82
2017-04-21,20.82,20.84,20.75,20.75,1400,20.67
2017-04-20,20.620001,20.85,20.610001,20.82,5800,20.73973
2017-04-19,20.790001,20.790001,20.65,20.65,1000,20.570385
2017-04-18,20.90,20.90,20.65,20.719999,12900,20.640115
2017-04-17,20.700001,20.83,20.700001,20.719999,4100,20.640115
2017-04-13,20.809999,20.90,20.77,20.77,32900,20.689924
2017-04-12,20.93,20.93,20.82,20.85,3600,20.769615
2017-04-11,20.91,20.91,20.809999,20.84,8200,20.759653
2017-04-10,20.91,20.91,20.91,20.91,700,20.829383
2017-04-07,20.940001,20.940001,20.940001,20.940001,400,20.859268
2017-04-06,21.02,21.02,21.02,21.02,200,20.93896
2017-04-05,20.860001,21.02,20.860001,20.879999,6500,20.799498
2017-04-04,20.860001,20.860001,20.860001,20.860001,100,20.779577
2017-04-03,20.889999,21.00,20.790001,20.790001,30600,20.709847
2017-03-31,21.01,21.030001,21.01,21.030001,1200,20.948921
2017-03-30,20.959999,21.040001,20.959999,21.01,17000,20.928998
2017-03-29,20.99,21.02,20.940001,20.940001,1800,20.859268
2017-03-28,21.02,21.02,20.959999,20.98,1900,20.899113
2017-03-27,20.870001,20.91,20.780001,20.84,6800,20.759653
2017-03-24,21.049999,21.139999,20.99,21.00,2700,20.839345
2017-03-23,20.98,21.040001,20.98,21.00,3400,20.839345
2017-03-22,21.049999,21.049999,20.969999,20.969999,3400,20.809573
2017-03-21,21.23,21.25,21.08,21.08,2500,20.918733
2017-03-20,21.26,21.26,21.209999,21.209999,2000,21.047737
2017-03-17,21.26,21.33,21.24,21.280001,13400,21.117203
2017-03-16,21.34,21.389999,21.280001,21.280001,40800,21.117203
2017-03-15,21.25,21.32,21.209999,21.309999,47600,21.146973
2017-03-14,21.290001,21.309999,21.23,21.23,10500,21.067585
2017-03-13,21.299999,21.299999,21.25,21.26,2100,21.097356
2017-03-10,21.379999,21.389999,21.25,21.25,3800,21.087432
2017-03-09,21.219999,21.35,21.219999,21.32,4500,21.156896
2017-03-08,21.42,21.42,21.299999,21.299999,9200,21.137049
2017-03-07,21.379999,21.379999,21.32,21.379999,1600,21.216437
2017-03-06,21.40,21.40,21.280001,21.360001,6800,21.196591
2017-03-03,21.450001,21.450001,21.35,21.360001,7500,21.196591
2017-03-02,21.42,21.42,21.35,21.35,3100,21.186667
2017-03-01,21.32,21.32,21.280001,21.280001,1800,21.117203
2017-02-28,21.09,21.15,21.09,21.15,6600,20.988197
2017-02-27,21.02,21.02,21.02,21.02,000,20.859192
2017-02-24,21.09,21.110001,21.02,21.02,3700,20.859192
2017-02-23,21.209999,21.209999,21.15,21.18,8400,21.017968
2017-02-22,21.18,21.209999,21.18,21.209999,3000,21.047737
2017-02-21,21.60,21.60,21.219999,21.32,6200,21.156896
2017-02-17,21.23,21.23,21.15,21.18,3300,21.017968
2017-02-16,21.43,21.50,21.42,21.42,1400,21.16682
2017-02-15,21.309999,21.41,21.309999,21.35,800,21.097648
2017-02-14,21.280001,21.379999,21.27,21.35,6500,21.097648
2017-02-13,21.27,21.27,21.23,21.24,900,20.988948
2017-02-10,21.219999,21.219999,21.18,21.18,800,20.929657
2017-02-09,21.129999,21.17,21.129999,21.17,6100,20.919775
2017-02-08,21.059999,21.209999,21.049999,21.129999,3000,20.880247
2017-02-07,21.25,21.25,21.23,21.24,6000,20.988948
2017-02-06,21.26,21.309999,21.26,21.26,3500,21.008712
2017-02-03,21.26,21.27,21.26,21.27,1600,21.018594
2017-02-02,21.370001,21.370001,21.25,21.280001,5200,21.028476
2017-02-01,21.33,21.33,21.290001,21.290001,700,21.038358
2017-01-31,21.25,21.34,21.25,21.309999,3800,21.05812
2017-01-30,21.280001,21.299999,21.280001,21.299999,10900,21.048238
2017-01-27,21.389999,21.389999,21.26,21.26,3400,21.008712
2017-01-26,21.299999,21.43,21.299999,21.32,3800,21.068002
2017-01-25,21.27,21.33,21.219999,21.290001,8600,21.038358
2017-01-24,21.18,21.209999,21.16,21.209999,2400,20.959302
2017-01-23,21.190001,21.190001,21.16,21.190001,1600,20.939539
2017-01-20,21.26,21.26,21.23,21.25,4700,20.909893
2017-01-19,21.120001,21.190001,21.120001,21.18,2100,20.841014
2017-01-18,21.030001,21.16,21.030001,21.059999,6100,20.722933
2017-01-17,21.049999,21.200001,20.99,20.99,7200,20.654054
2017-01-13,21.25,21.25,21.17,21.219999,3400,20.880372
2017-01-12,21.09,21.49,21.040001,21.290001,18300,20.949254
2017-01-11,21.75,22.27,21.129999,21.139999,8100,20.801653
2017-01-10,21.98,22.42,21.75,22.389999,20800,22.031647
2017-01-09,22.559999,22.559999,21.75,21.98,8100,21.628209
2017-01-06,21.90,21.99,21.75,21.969999,2100,21.618369
2017-01-05,21.459999,21.549999,21.360001,21.469999,1300,21.126371
2017-01-04,21.58,21.700001,21.549999,21.549999,5600,21.205091
2017-01-03,21.530001,21.60,21.459999,21.48,4900,21.136211
2016-12-30,21.15,21.50,21.15,21.50,7800,21.155892
2016-12-29,20.809999,21.41,20.809999,21.34,15600,20.998453
2016-12-28,21.690001,21.809999,21.530001,21.639999,10300,21.29365
2016-12-27,21.389999,21.48,21.389999,21.48,5000,21.136211
2016-12-23,22.00,23.280001,21.00,21.48,13800,21.136211
2016-12-22,21.10,21.51,21.10,21.51,4600,21.054541
2016-12-21,21.25,21.42,21.110001,21.25,6000,20.800046
2016-12-20,21.27,21.610001,21.27,21.27,42800,20.819623
2016-12-19,21.34,21.450001,21.32,21.389999,8400,20.937081
2016-12-16,21.10,21.35,20.959999,21.35,10800,20.897929
2016-12-15,21.35,21.389999,21.309999,21.360001,10200,20.907717
2016-12-14,21.209999,21.26,20.92,21.26,9500,20.809834
2016-12-13,21.10,21.40,21.10,21.299999,39300,20.848986
2016-12-12,21.190001,21.24,20.959999,21.15,21800,20.702163
2016-12-09,21.01,21.01,21.01,21.01,400,20.565128
2016-12-08,20.969999,21.030001,20.91,20.950001,4900,20.506399
2016-12-07,20.90,20.90,20.76,20.76,3800,20.320422
2016-12-06,20.799999,20.799999,20.76,20.76,1800,20.320422
2016-12-05,20.870001,20.870001,20.77,20.77,2400,20.33021
2016-12-02,20.700001,20.799999,20.639999,20.790001,9400,20.349787
2016-12-01,20.77,20.77,20.620001,20.620001,4100,20.183387
2016-11-30,20.49,20.790001,20.48,20.530001,34000,20.095292
2016-11-29,20.77,20.77,20.389999,20.41,1200,19.977832
2016-11-28,20.790001,20.790001,20.370001,20.709999,5700,20.271479
2016-11-25,20.76,20.76,20.76,20.76,200,20.320422
2016-11-23,20.440001,20.50,20.440001,20.50,900,20.065927
2016-11-22,20.34,20.389999,20.32,20.389999,1100,19.958255
2016-11-21,20.48,20.48,20.48,20.48,000,20.04635
2016-11-18,20.50,20.50,20.459999,20.48,2100,19.953361
2016-11-17,20.23,20.23,20.23,20.23,000,19.70979
2016-11-16,20.16,20.23,20.16,20.23,2000,19.70979
2016-11-15,20.52,20.52,20.469999,20.469999,700,19.943618
2016-11-14,19.98,19.98,19.98,19.98,000,19.466219
2016-11-11,20.00,20.00,19.959999,19.98,14300,19.466219
2016-11-10,20.15,20.15,20.15,20.15,300,19.631847
2016-11-09,20.07,20.209999,20.07,20.209999,3000,19.690304
2016-11-08,19.76,19.76,19.76,19.76,000,19.251877
2016-11-07,19.76,19.76,19.76,19.76,100,19.251877
2016-11-04,19.719999,19.719999,19.719999,19.719999,300,19.212904
2016-11-03,19.67,19.75,19.67,19.75,400,19.242134
2016-11-02,19.809999,19.809999,19.809999,19.809999,000,19.30059
2016-11-01,19.809999,19.809999,19.809999,19.809999,000,19.30059
2016-10-31,19.809999,19.809999,19.809999,19.809999,000,19.30059
2016-10-28,19.809999,19.809999,19.809999,19.809999,000,19.30059
2016-10-27,19.93,20.10,19.790001,19.809999,2100,19.30059
2016-10-26,19.91,19.91,19.809999,19.879999,2200,19.36879
2016-10-25,19.879999,19.879999,19.879999,19.879999,000,19.36879
2016-10-24,19.860001,19.93,19.860001,19.879999,600,19.36879
2016-10-21,19.76,19.76,19.76,19.76,000,19.169062
2016-10-20,19.76,19.76,19.76,19.76,000,19.169062
2016-10-19,19.76,19.76,19.76,19.76,000,19.169062
2016-10-18,19.76,19.85,19.76,19.76,2700,19.169062
2016-10-17,19.74,19.74,19.68,19.690001,1400,19.101155
2016-10-14,19.790001,19.790001,19.790001,19.790001,100,19.198165
2016-10-13,19.629999,19.629999,19.629999,19.629999,000,19.042948
2016-10-12,19.629999,19.629999,19.629999,19.629999,000,19.042948
2016-10-11,19.629999,19.629999,19.629999,19.629999,000,19.042948
2016-10-10,19.629999,19.629999,19.629999,19.629999,000,19.042948
2016-10-07,19.799999,19.799999,19.629999,19.629999,3700,19.042948
2016-10-06,19.50,19.50,19.50,19.50,000,18.916837
2016-10-05,19.50,19.50,19.50,19.50,000,18.916837
2016-10-04,19.50,19.50,19.50,19.50,000,18.916837
2016-10-03,19.50,19.50,19.50,19.50,000,18.916837
2016-09-30,19.48,19.50,19.48,19.50,1000,18.916837
2016-09-29,19.459999,19.459999,19.459999,19.459999,100,18.878032
2016-09-28,19.43,19.50,19.43,19.50,800,18.916837
2016-09-27,19.440001,19.440001,19.440001,19.440001,200,18.858632
2016-09-26,19.440001,19.440001,19.42,19.42,2200,18.83923
2016-09-23,19.60,19.60,19.60,19.60,300,18.93624
2016-09-22,19.629999,19.65,19.629999,19.65,400,18.984546
2016-09-21,19.540001,19.540001,19.540001,19.540001,000,18.878272
2016-09-20,19.459999,19.540001,19.450001,19.540001,1400,18.878272
2016-09-19,19.469999,19.469999,19.469999,19.469999,1600,18.810641
2016-09-16,19.469999,19.469999,19.469999,19.469999,000,18.810641
2016-09-15,19.50,19.50,19.459999,19.469999,2300,18.810641
2016-09-14,19.610001,19.610001,19.610001,19.610001,200,18.945901
2016-09-13,20.01,20.01,20.01,20.01,000,19.332355
2016-09-12,19.959999,20.01,19.959999,20.01,1000,19.332355
2016-09-09,19.48,19.48,19.48,19.48,000,18.820303
2016-09-08,19.48,19.48,19.48,19.48,1200,18.820303
2016-09-07,19.25,19.25,19.25,19.25,000,18.598092
2016-09-06,19.25,19.25,19.25,19.25,000,18.598092
2016-09-02,19.25,19.25,19.23,19.25,2600,18.598092
2016-09-01,19.24,19.24,19.24,19.24,100,18.588431
2016-08-31,19.48,19.48,19.48,19.48,000,18.820303
2016-08-30,19.48,19.48,19.48,19.48,000,18.820303
2016-08-29,19.48,19.48,19.48,19.48,000,18.820303
2016-08-26,19.48,19.48,19.48,19.48,000,18.820303
2016-08-25,19.139999,19.48,19.139999,19.48,2100,18.820303
2016-08-24,19.139999,19.139999,19.139999,19.139999,300,18.491817
2016-08-23,19.24,19.24,19.110001,19.110001,700,18.462834
2016-08-22,19.280001,19.280001,19.280001,19.280001,000,18.627077
2016-08-19,19.280001,19.280001,19.280001,19.280001,000,18.549786
2016-08-18,19.280001,19.280001,19.280001,19.280001,500,18.549786
2016-08-17,19.190001,19.190001,19.190001,19.190001,200,18.463194
2016-08-16,19.379999,19.379999,19.379999,19.379999,1500,18.645997
2016-08-15,19.27,19.27,19.16,19.24,4200,18.5113
2016-08-12,19.389999,19.389999,19.389999,19.389999,000,18.655618
2016-08-11,19.389999,19.389999,19.389999,19.389999,000,18.655618
2016-08-10,19.389999,19.389999,19.389999,19.389999,000,18.655618
2016-08-09,19.389999,19.389999,19.389999,19.389999,000,18.655618
2016-08-08,19.389999,19.389999,19.389999,19.389999,1600,18.655618
2016-08-05,18.959999,19.389999,18.959999,19.389999,1000,18.655618
2016-08-04,18.98,18.98,18.860001,18.860001,2000,18.145693
2016-08-03,19.030001,19.030001,19.030001,19.030001,000,18.309254
2016-08-02,19.049999,19.049999,19.030001,19.030001,13300,18.309254
2016-08-01,19.34,19.34,19.34,19.34,000,18.607513
2016-07-29,19.34,19.34,19.34,19.34,000,18.607513
2016-07-28,19.34,19.34,19.34,19.34,100,18.607513
2016-07-27,19.10,19.10,19.10,19.10,000,18.376603
2016-07-26,19.379999,19.379999,19.07,19.10,4200,18.376603
2016-07-25,19.26,19.26,19.26,19.26,500,18.530543
2016-07-22,19.26,19.26,19.26,19.26,500,18.448763
2016-07-21,19.309999,19.309999,19.309999,19.309999,000,18.496656
2016-07-20,19.309999,19.309999,19.309999,19.309999,000,18.496656
2016-07-19,19.309999,19.309999,19.309999,19.309999,500,18.496656
2016-07-18,19.24,19.24,19.24,19.24,000,18.429604
2016-07-15,19.25,19.25,19.190001,19.24,1400,18.429604
2016-07-14,19.15,19.15,19.15,19.15,3000,18.343395
2016-07-13,18.969999,18.969999,18.969999,18.969999,000,18.170977
2016-07-12,19.15,19.15,18.969999,18.969999,2800,18.170977
2016-07-11,18.700001,18.700001,18.700001,18.700001,100,17.91235
2016-07-08,18.700001,18.700001,18.700001,18.700001,300,17.91235
2016-07-07,18.59,18.59,18.59,18.59,000,17.806983
2016-07-06,18.59,18.59,18.59,18.59,100,17.806983
2016-07-05,19.02,19.02,18.58,18.59,1200,17.806983
2016-07-01,18.74,18.75,18.690001,18.690001,1100,17.902771
2016-06-30,18.73,18.73,18.73,18.73,000,17.941086
2016-06-29,18.83,18.83,18.68,18.73,4600,17.941086
2016-06-28,19.389999,19.389999,19.389999,19.389999,000,18.573286
2016-06-27,19.389999,19.389999,19.389999,19.389999,000,18.573286
2016-06-24,19.389999,19.389999,19.389999,19.389999,000,18.573286
2016-06-23,19.389999,19.389999,19.389999,19.389999,200,18.573286
2016-06-22,19.299999,19.299999,19.27,19.27,2900,18.458342
2016-06-21,19.120001,19.139999,19.120001,19.120001,6000,18.31466
2016-06-20,18.85,19.16,18.85,19.01,8800,18.209293
2016-06-17,18.860001,18.950001,18.860001,18.950001,700,18.070401
2016-06-16,18.889999,19.00,18.889999,19.00,2500,18.118079
2016-06-15,19.18,19.18,19.18,19.18,500,18.289725
2016-06-14,19.219999,19.219999,19.219999,19.219999,000,18.327867
2016-06-13,19.219999,19.219999,19.219999,19.219999,000,18.327867
2016-06-10,19.219999,19.219999,19.219999,19.219999,000,18.327867
2016-06-09,19.219999,19.290001,19.209999,19.219999,4500,18.327867
2016-06-08,19.280001,19.34,19.219999,19.219999,3400,18.327867
2016-06-07,19.200001,19.200001,19.200001,19.200001,400,18.308797
2016-06-06,19.299999,19.299999,19.18,19.26,4000,18.366011
2016-06-03,19.280001,19.280001,19.280001,19.280001,000,18.385083
2016-06-02,19.290001,19.290001,19.280001,19.280001,3000,18.385083
2016-06-01,19.299999,19.299999,19.25,19.26,7700,18.366011
2016-05-31,19.40,19.40,19.33,19.360001,1800,18.46137
2016-05-27,19.32,19.34,19.309999,19.34,3800,18.442298
2016-05-26,19.280001,19.49,19.26,19.299999,2900,18.404154
2016-05-25,19.41,19.43,19.299999,19.40,2200,18.499512
2016-05-24,19.33,19.33,19.33,19.33,000,18.432762
2016-05-23,19.299999,19.33,19.17,19.33,1800,18.432762
2016-05-20,19.25,19.25,19.24,19.24,1300,18.27542
2016-05-19,19.25,19.25,19.25,19.25,000,18.284919
2016-05-18,19.25,19.25,19.25,19.25,100,18.284919
2016-05-17,19.25,19.25,19.25,19.25,000,18.284919
2016-05-16,19.25,19.25,19.25,19.25,1800,18.284919
2016-05-13,19.120001,19.120001,19.120001,19.120001,000,18.161438
2016-05-12,19.120001,19.120001,19.120001,19.120001,500,18.161438
2016-05-11,19.059999,19.059999,19.059999,19.059999,1000,18.104444
2016-05-10,18.90,18.90,18.879999,18.879999,500,17.933468
2016-05-09,19.08,19.08,19.08,19.08,1100,18.123442
2016-05-06,19.23,19.23,19.23,19.23,000,18.265922
2016-05-05,19.34,19.34,19.23,19.23,1500,18.265922
2016-05-04,19.40,19.40,19.40,19.40,000,18.427399
2016-05-03,19.40,19.40,19.40,19.40,000,18.427399
2016-05-02,19.40,19.40,19.40,19.40,000,18.427399
2016-04-29,19.40,19.40,19.40,19.40,300,18.427399
2016-04-28,19.299999,19.35,19.299999,19.35,3700,18.379906
2016-04-27,19.139999,19.139999,19.139999,19.139999,000,18.180433
2016-04-26,19.139999,19.139999,19.139999,19.139999,200,18.180433
2016-04-25,19.26,19.26,19.26,19.26,000,18.294418
2016-04-22,19.24,19.26,19.24,19.26,700,18.223178
2016-04-21,19.200001,19.469999,19.15,19.389999,1100,18.346179
2016-04-20,19.02,19.200001,18.629999,18.90,7800,17.882557
2016-04-19,19.040001,19.049999,19.040001,19.049999,600,18.024482
2016-04-18,18.799999,18.959999,18.799999,18.950001,2500,17.929866
2016-04-15,18.16,18.82,18.120001,18.799999,1400,17.78794
2016-04-14,18.85,18.85,18.85,18.85,000,17.835249
2016-04-13,18.809999,18.85,18.41,18.85,1200,17.835249
2016-04-12,18.67,18.809999,18.67,18.809999,700,17.797402
2016-04-11,18.35,18.690001,18.35,18.690001,200,17.683863
2016-04-08,18.35,18.629999,18.35,18.35,2300,17.362166
2016-04-07,18.10,18.440001,18.10,18.40,900,17.409473
2016-04-06,18.360001,18.77,18.360001,18.67,900,17.664939
2016-04-05,18.290001,18.42,18.290001,18.42,2000,17.428397
2016-04-04,18.43,18.799999,18.299999,18.299999,1100,17.314856
2016-04-01,18.43,18.690001,18.43,18.60,800,17.598708
2016-03-31,18.58,18.58,18.58,18.58,400,17.579784
2016-03-30,18.549999,18.719999,18.549999,18.719999,2500,17.712247
2016-03-29,19.040001,19.049999,18.469999,18.629999,3000,17.627091
2016-03-28,18.629999,18.76,18.60,18.60,1200,17.598708
2016-03-24,18.719999,18.889999,18.719999,18.889999,4900,17.873095
2016-03-23,18.950001,18.969999,18.82,18.92,17500,17.901481
2016-03-22,18.90,18.90,18.90,18.90,100,17.882557
2016-03-21,18.91,18.92,18.120001,18.379999,5000,17.39055
2016-03-18,18.10,18.870001,18.10,18.49,3200,17.494629
2016-03-17,18.83,18.83,18.83,18.83,000,17.816326
2016-03-16,18.83,18.83,18.83,18.83,000,17.816326
2016-03-15,18.83,18.83,18.83,18.83,000,17.816326
2016-03-14,18.200001,18.940001,18.200001,18.83,2700,17.816326
2016-03-11,18.90,18.90,18.90,18.90,000,17.882557
2016-03-10,18.84,18.91,18.77,18.90,4000,17.882557
2016-03-09,17.92,18.860001,17.92,18.41,2700,17.418935
2016-03-08,18.83,18.83,18.66,18.66,4800,17.655477
2016-03-07,18.799999,18.799999,18.33,18.33,700,17.343242
2016-03-04,18.60,18.77,18.60,18.77,1000,17.759556
2016-03-03,18.610001,18.66,17.799999,18.66,9800,17.655477
2016-03-02,18.60,18.75,18.60,18.75,500,17.740632
2016-03-01,18.40,18.559999,17.58,18.559999,4000,17.56086
2016-02-29,18.23,18.360001,18.23,18.360001,500,17.371628
2016-02-26,18.09,18.120001,17.790001,18.120001,13500,17.144548
2016-02-25,17.91,18.09,17.639999,17.90,5800,16.93639
2016-02-24,17.799999,18.15,17.74,17.93,3900,16.964776
2016-02-23,18.290001,18.290001,18.290001,18.290001,100,17.305396
2016-02-22,18.01,18.01,17.83,17.83,1000,16.870158
2016-02-19,18.559999,18.559999,18.559999,18.559999,000,17.489898
2016-02-18,18.559999,18.559999,18.559999,18.559999,200,17.489898
2016-02-17,17.73,17.91,17.73,17.83,17800,16.801987
2016-02-16,17.75,17.959999,17.58,17.58,15400,16.566401
2016-02-12,17.799999,17.799999,17.799999,17.799999,400,16.773716
2016-02-11,17.50,17.50,17.33,17.440001,6200,16.434474
2016-02-10,17.50,18.299999,17.50,17.57,2000,16.556978
2016-02-09,17.48,17.67,17.48,17.620001,4200,16.604096
2016-02-08,17.690001,17.74,17.690001,17.719999,13500,16.698329
2016-02-05,18.01,18.01,18.01,18.01,800,16.971609
2016-02-04,17.99,18.00,17.99,18.00,800,16.962186
2016-02-03,18.23,18.23,18.23,18.23,400,17.178924
2016-02-02,18.27,18.27,18.27,18.27,000,17.216619
2016-02-01,18.18,18.27,18.18,18.27,13800,17.216619
2016-01-29,18.18,18.60,18.18,18.60,7300,17.527592
2016-01-28,18.860001,18.860001,18.540001,18.60,1000,17.527592
2016-01-27,18.34,18.34,18.34,18.34,500,17.282583
2016-01-26,18.27,18.85,18.27,18.85,1500,17.763178
2016-01-25,18.57,18.57,18.57,18.57,000,17.499321
2016-01-22,18.40,18.58,18.40,18.57,1400,17.428645
2016-01-21,18.24,18.549999,18.18,18.219999,14600,17.100157
2016-01-20,18.049999,18.450001,18.049999,18.450001,3400,17.316022
2016-01-19,18.32,18.40,18.32,18.32,1000,17.194011
2016-01-15,19.15,19.15,19.15,19.15,000,17.972997
2016-01-14,19.16,19.16,18.93,19.15,800,17.972997
2016-01-13,18.75,18.75,18.75,18.75,300,17.597582
2016-01-12,18.959999,18.959999,18.959999,18.959999,000,17.794674
2016-01-11,18.959999,18.959999,18.959999,18.959999,300,17.794674
2016-01-08,19.50,19.50,19.50,19.50,000,18.301485
2016-01-07,19.50,19.50,19.50,19.50,500,18.301485
2016-01-06,19.389999,19.389999,19.389999,19.389999,000,18.198246
2016-01-05,19.389999,19.389999,19.389999,19.389999,000,18.198246
2016-01-04,19.389999,19.389999,19.389999,19.389999,000,18.198246
2015-12-31,19.24,19.389999,19.24,19.389999,1600,18.198246
2015-12-30,19.459999,19.530001,19.280001,19.530001,7700,18.329642
2015-12-29,19.360001,19.60,19.360001,19.60,500,18.39534
2015-12-28,19.16,19.16,19.16,19.16,1100,17.982383
2015-12-24,19.809999,19.85,19.809999,19.85,200,18.629974
2015-12-23,19.35,20.01,19.33,20.00,4300,18.770754
2015-12-22,18.860001,19.26,18.860001,19.110001,3400,17.935456
2015-12-21,18.91,18.91,18.91,18.91,100,17.747748
2015-12-18,19.32,19.42,19.110001,19.110001,17100,17.860374
2015-12-17,19.200001,19.700001,19.190001,19.190001,3500,17.935143
2015-12-16,19.389999,19.950001,19.280001,19.950001,14900,18.645445
2015-12-15,19.35,19.35,19.35,19.35,000,18.08468
2015-12-14,19.16,19.610001,19.16,19.35,70300,18.08468
2015-12-11,19.889999,19.889999,19.370001,19.379999,3600,18.112717
2015-12-10,20.07,20.07,20.07,20.07,000,18.757597
2015-12-09,19.67,20.07,19.67,20.07,2400,18.757597
2015-12-08,19.51,19.77,19.50,19.77,2700,18.477216
2015-12-07,19.719999,19.719999,19.719999,19.719999,1000,18.430484
2015-12-04,20.389999,20.389999,20.389999,20.389999,200,19.056672
2015-12-03,20.00,20.120001,20.00,20.120001,1000,18.804329
2015-12-02,19.98,19.98,19.93,19.93,400,18.626753
2015-12-01,20.040001,20.200001,20.040001,20.200001,300,18.879098
2015-11-30,20.379999,20.379999,20.200001,20.25,1300,18.925827
2015-11-27,20.02,20.370001,20.02,20.370001,400,19.037981
2015-11-25,20.25,20.25,20.25,20.25,000,18.925827
2015-11-24,20.23,20.25,20.23,20.25,900,18.925827
2015-11-23,20.27,20.27,20.27,20.27,200,18.94452
2015-11-20,20.57,20.57,20.27,20.27,12700,18.879097
2015-11-19,20.219999,20.299999,20.219999,20.299999,2100,18.907037
2015-11-18,20.620001,20.719999,20.620001,20.719999,500,19.298217
2015-11-17,20.620001,20.67,20.52,20.52,1900,19.111942
2015-11-16,20.40,20.530001,20.40,20.450001,1200,19.046746
2015-11-13,20.50,20.50,20.50,20.50,000,19.093314
2015-11-12,20.690001,20.690001,20.50,20.50,1100,19.093314
2015-11-11,20.65,20.65,20.65,20.65,000,19.233021
2015-11-10,20.65,20.65,20.65,20.65,300,19.233021
2015-11-09,20.65,20.77,20.65,20.77,2100,19.344787
2015-11-06,20.60,20.780001,20.60,20.65,900,19.233021
2015-11-05,20.60,20.60,20.60,20.60,000,19.186452
2015-11-04,20.60,20.60,20.549999,20.60,2100,19.186452
2015-11-03,20.690001,20.74,20.690001,20.74,800,19.316845
2015-11-02,20.540001,20.57,20.51,20.57,9800,19.15851
2015-10-30,20.360001,20.360001,20.360001,20.360001,600,18.962921
2015-10-29,20.51,20.610001,20.48,20.48,25200,19.074686
2015-10-28,20.110001,20.110001,20.110001,20.110001,000,18.730076
2015-10-27,20.110001,20.110001,20.110001,20.110001,500,18.730076
2015-10-26,19.959999,19.959999,19.959999,19.959999,23300,18.590367
2015-10-23,20.200001,20.200001,20.200001,20.200001,000,18.8139
2015-10-22,20.00,20.200001,20.00,20.200001,7900,18.8139
2015-10-21,20.10,20.10,20.10,20.10,000,18.720762
2015-10-20,20.10,20.10,20.10,20.10,000,18.720762
2015-10-19,20.10,20.10,20.10,20.10,300,18.720762
2015-10-16,19.889999,20.24,19.889999,20.24,700,18.851155
2015-10-15,20.370001,20.370001,20.370001,20.370001,200,18.972235
2015-10-14,20.41,20.41,19.90,20.27,5400,18.879097
2015-10-13,20.469999,20.469999,20.469999,20.469999,2000,19.065372
2015-10-12,20.200001,20.200001,20.200001,20.200001,000,18.8139
2015-10-09,20.200001,20.200001,20.200001,20.200001,000,18.8139
2015-10-08,20.09,20.25,20.09,20.200001,5300,18.8139
2015-10-07,19.91,19.92,19.91,19.92,2200,18.553113
2015-10-06,20.25,20.25,20.25,20.25,200,18.860469
2015-10-05,19.76,19.77,19.700001,19.709999,1900,18.357522
2015-10-02,19.799999,19.799999,19.799999,19.799999,500,18.441346
2015-10-01,20.00,20.00,20.00,20.00,000,18.627623
2015-09-30,20.049999,20.10,19.969999,20.00,1400,18.627623
2015-09-29,20.110001,20.110001,19.65,19.65,6100,18.30164
2015-09-28,20.360001,20.450001,20.35,20.450001,1000,19.046746
2015-09-25,20.41,20.629999,20.41,20.450001,1400,19.046746
2015-09-24,20.469999,20.469999,20.469999,20.469999,200,19.065372
2015-09-23,20.799999,20.799999,20.66,20.66,800,19.242335
2015-09-22,20.75,20.75,20.74,20.74,1000,19.316845
2015-09-21,20.91,20.91,20.91,20.91,000,19.47518
2015-09-18,20.90,20.91,20.90,20.91,2700,19.405327
2015-09-17,21.200001,21.200001,21.200001,21.200001,600,19.674459
2015-09-16,20.90,20.90,20.90,20.90,000,19.396046
2015-09-15,20.90,20.90,20.90,20.90,000,19.396046
2015-09-14,20.90,20.90,20.90,20.90,500,19.396046
2015-09-11,20.969999,20.969999,20.969999,20.969999,000,19.461009
2015-09-10,21.030001,21.09,20.83,20.969999,2500,19.461009
2015-09-09,20.860001,20.92,20.83,20.83,600,19.331084
2015-09-08,20.639999,20.639999,20.639999,20.639999,000,19.154755
2015-09-04,20.639999,20.639999,20.639999,20.639999,200,19.154755
2015-09-03,20.950001,20.950001,20.950001,20.950001,100,19.442449
2015-09-02,20.93,21.049999,20.91,20.91,1700,19.405327
2015-09-01,20.59,20.799999,20.59,20.799999,1200,19.303242
2015-08-31,20.629999,20.629999,20.610001,20.610001,600,19.126915
2015-08-28,20.67,20.67,20.67,20.67,500,19.182597
2015-08-27,21.01,21.01,20.75,20.92,2200,19.414607
2015-08-26,20.75,20.75,20.65,20.75,3500,19.25684
2015-08-25,20.620001,20.719999,20.57,20.719999,2300,19.228999
2015-08-24,20.110001,20.50,20.00,20.209999,22300,18.755698
2015-08-21,20.67,20.67,20.540001,20.540001,500,19.061953
2015-08-20,20.809999,20.860001,20.809999,20.860001,1100,19.358925
2015-08-19,20.879999,20.879999,20.879999,20.879999,600,19.377485
2015-08-18,21.00,21.00,21.00,21.00,000,19.488851
2015-08-17,21.00,21.00,21.00,21.00,000,19.488851
2015-08-14,21.00,21.00,21.00,21.00,1100,19.488851
2015-08-13,20.68,20.68,20.68,20.68,000,19.191878
2015-08-12,20.809999,20.809999,20.68,20.68,37200,19.191878
2015-08-11,21.25,21.25,21.25,21.25,000,19.720861
2015-08-10,21.25,21.25,21.25,21.25,600,19.720861
2015-08-07,21.10,21.10,21.10,21.10,000,19.581655
2015-08-06,21.10,21.10,21.10,21.10,400,19.581655
2015-08-05,21.60,21.610001,21.60,21.610001,500,20.054956
2015-08-04,21.07,21.08,21.07,21.08,400,19.563094
2015-08-03,21.309999,21.309999,21.309999,21.309999,1000,19.776543
2015-07-31,21.370001,21.370001,21.219999,21.370001,12400,19.832226
2015-07-30,21.610001,21.610001,21.450001,21.450001,600,19.90647
2015-07-29,21.440001,21.49,21.25,21.49,5100,19.94359
2015-07-28,21.51,21.51,21.34,21.379999,1600,19.841505
2015-07-27,21.32,21.32,21.18,21.190001,5900,19.665179
2015-07-24,21.610001,21.610001,21.610001,21.610001,500,20.054956
2015-07-23,21.60,21.60,21.43,21.43,5500,19.887908
2015-07-22,21.639999,21.75,21.629999,21.629999,5000,20.073515
2015-07-21,22.08,22.08,21.700001,21.700001,6700,20.13848
2015-07-20,21.92,21.92,21.92,21.92,1600,20.342648
2015-07-17,22.00,22.040001,21.799999,21.799999,4700,20.231282
2015-07-16,22.23,22.23,21.809999,21.809999,4500,20.240563
2015-07-15,22.120001,22.120001,22.120001,22.120001,200,20.528257
2015-07-14,21.809999,21.809999,21.799999,21.799999,1000,20.231282
2015-07-13,21.879999,22.07,21.870001,22.059999,1900,20.472573
2015-07-10,21.870001,21.870001,21.870001,21.870001,200,20.296247
2015-07-09,21.610001,22.35,21.370001,22.299999,26800,20.695303
2015-07-08,21.700001,21.73,21.389999,21.389999,9200,19.850786
2015-07-07,22.290001,22.290001,21.530001,21.610001,18100,20.054956
2015-07-06,22.10,22.10,21.98,22.040001,1400,20.454014
2015-07-02,22.32,22.32,22.32,22.32,200,20.713864
2015-07-01,22.209999,22.219999,21.879999,22.200001,4800,20.6025
2015-06-30,22.00,22.00,22.00,22.00,1400,20.416891
2015-06-29,22.110001,22.110001,21.799999,21.799999,7500,20.231282
2015-06-26,22.360001,22.40,22.120001,22.120001,4800,20.528257
2015-06-25,22.620001,22.620001,22.02,22.02,11500,20.435452
2015-06-24,22.66,22.66,22.66,22.66,300,21.029398
2015-06-23,22.65,22.65,22.25,22.25,800,20.648901
2015-06-22,22.26,22.26,22.26,22.26,2300,20.658182
2015-06-19,22.35,22.35,22.01,22.17,3600,20.574658
2015-06-18,22.360001,22.370001,22.24,22.24,2300,20.639621
2015-06-17,22.059999,22.26,22.059999,22.10,4200,20.509696
2015-06-16,22.17,22.17,22.02,22.030001,27400,20.444733
2015-06-15,22.299999,22.34,22.200001,22.290001,72900,20.686024
2015-06-12,22.209999,22.25,22.10,22.200001,34000,20.6025
2015-06-11,22.23,22.299999,22.23,22.25,2900,20.648901
2015-06-10,22.33,22.51,22.200001,22.40,16700,20.788107
2015-06-09,22.389999,22.49,22.299999,22.299999,2300,20.695303
2015-06-08,22.26,22.559999,22.16,22.219999,6400,20.621059
2015-06-05,22.219999,22.48,22.219999,22.48,10000,20.86235
2015-06-04,22.209999,22.209999,22.09,22.09,500,20.500415
2015-06-03,22.23,22.23,22.17,22.209999,1800,20.611779
2015-06-02,22.10,22.10,22.00,22.00,1100,20.416891
2015-06-01,21.85,21.92,21.780001,21.92,2300,20.342648
2015-05-29,21.90,21.90,21.90,21.90,000,20.324087
2015-05-28,21.950001,21.950001,21.90,21.90,1000,20.324087
2015-05-27,21.91,22.00,21.879999,22.00,4500,20.416891
2015-05-26,21.83,21.940001,21.799999,21.92,19200,20.342648
2015-05-22,21.99,21.99,21.889999,21.98,1000,20.39833
2015-05-21,22.15,22.299999,21.90,22.08,11800,20.430812
2015-05-20,22.27,22.60,22.120001,22.59,2800,20.90272
2015-05-19,22.67,22.67,22.299999,22.35,9400,20.680646
2015-05-18,22.35,22.60,22.35,22.59,10700,20.90272
2015-05-15,22.15,22.33,22.15,22.33,7100,20.662139
2015-05-14,22.280001,22.309999,22.280001,22.299999,1500,20.634379
2015-05-13,22.23,22.25,22.23,22.25,1700,20.588115
2015-05-12,23.01,23.01,22.17,22.219999,3300,20.560355
2015-05-11,22.799999,22.799999,22.00,22.120001,3300,20.467825
2015-05-08,21.99,21.99,21.950001,21.99,2700,20.347534
2015-05-07,22.00,22.00,22.00,22.00,000,20.356788
2015-05-06,21.969999,22.00,21.969999,22.00,400,20.356788
2015-05-05,21.91,21.91,21.91,21.91,400,20.27351
2015-05-04,21.60,21.60,21.60,21.60,000,19.986665
2015-05-01,21.60,21.60,21.60,21.60,200,19.986665
2015-04-30,21.67,21.67,21.58,21.620001,700,20.005171
2015-04-29,21.709999,21.709999,21.709999,21.709999,100,20.088447
2015-04-28,21.549999,21.559999,21.540001,21.549999,700,19.940398
2015-04-27,21.370001,21.440001,21.370001,21.440001,400,19.838615
2015-04-24,21.469999,21.49,21.459999,21.459999,2100,19.85712
2015-04-23,21.549999,21.549999,21.50,21.50,1300,19.894133
2015-04-22,21.33,21.33,21.33,21.33,000,19.736831
2015-04-21,21.33,21.33,21.33,21.33,000,19.736831
2015-04-20,21.32,21.35,21.280001,21.33,1100,19.736831
2015-04-17,21.41,21.41,21.41,21.41,000,19.755336
2015-04-16,21.41,21.41,21.41,21.41,000,19.755336
2015-04-15,21.389999,21.41,21.389999,21.41,1000,19.755336
2015-04-14,21.24,21.24,21.24,21.24,400,19.598474
2015-04-13,21.49,21.49,21.49,21.49,000,19.829153
2015-04-10,21.469999,21.49,21.469999,21.49,400,19.829153
2015-04-09,21.379999,21.379999,21.379999,21.379999,500,19.727654
2015-04-08,21.32,21.32,21.32,21.32,800,19.672291
2015-04-07,21.41,21.41,21.41,21.41,000,19.755336
2015-04-06,21.40,21.41,21.40,21.41,500,19.755336
2015-04-02,21.25,21.27,21.25,21.26,1300,19.616929
2015-04-01,21.24,21.24,21.24,21.24,000,19.598474
2015-03-31,21.040001,21.309999,21.040001,21.24,2300,19.598474
2015-03-30,21.209999,21.35,21.200001,21.35,1800,19.699973
2015-03-27,21.389999,21.389999,21.389999,21.389999,000,19.736881
2015-03-26,21.299999,21.40,21.299999,21.389999,1100,19.736881
2015-03-25,21.049999,21.049999,21.049999,21.049999,1500,19.423158
2015-03-24,21.209999,21.209999,21.18,21.200001,2000,19.561566
2015-03-23,21.24,21.309999,21.09,21.190001,5200,19.552339
2015-03-20,21.370001,21.469999,21.370001,21.469999,600,19.810698
2015-03-19,21.35,21.35,21.25,21.25,2200,19.607702
2015-03-18,21.57,21.610001,21.42,21.42,10800,19.764563
2015-03-17,21.549999,21.65,21.549999,21.620001,1600,19.949107
2015-03-16,21.66,21.66,21.620001,21.620001,1100,19.949107
2015-03-13,21.65,21.74,21.450001,21.74,5100,20.059832
2015-03-12,21.719999,21.719999,21.65,21.65,1500,19.976787
2015-03-11,21.610001,21.73,21.57,21.73,3300,20.050604
2015-03-10,21.49,21.629999,21.49,21.629999,2200,19.958333
2015-03-09,21.860001,21.860001,21.809999,21.83,1300,20.142876
2015-03-06,21.799999,21.85,21.690001,21.82,4900,20.133649
2015-03-05,21.75,21.75,21.700001,21.700001,1900,20.022924
2015-03-04,21.690001,21.690001,21.65,21.65,2200,19.976787
2015-03-03,21.610001,21.66,21.610001,21.65,500,19.976787
2015-03-02,21.51,21.51,21.51,21.51,000,19.847608
2015-02-27,21.51,21.51,21.51,21.51,100,19.847608
2015-02-26,21.49,21.50,21.49,21.49,7100,19.829153
2015-02-25,21.52,21.52,21.52,21.52,200,19.856835
2015-02-24,21.60,21.610001,21.57,21.57,1500,19.90297
2015-02-23,21.51,21.51,21.51,21.51,5000,19.847608
2015-02-20,21.66,21.75,21.60,21.75,1800,20.009084
2015-02-19,21.68,21.68,21.68,21.68,700,19.944687
2015-02-18,21.74,21.75,21.540001,21.57,4100,19.843491
2015-02-17,21.34,21.49,21.34,21.49,1200,19.769895
2015-02-13,21.43,21.43,21.370001,21.43,7200,19.714698
2015-02-12,21.41,21.41,21.34,21.360001,700,19.650301
2015-02-11,20.959999,20.959999,20.959999,20.959999,000,19.282316
2015-02-10,21.42,21.43,20.93,20.959999,2800,19.282316
2015-02-09,21.07,21.07,21.07,21.07,000,19.383512
2015-02-06,21.07,21.07,21.07,21.07,000,19.383512
2015-02-05,20.85,21.07,20.85,21.07,700,19.383512
2015-02-04,20.870001,20.870001,20.870001,20.870001,1200,19.199522
2015-02-03,20.629999,20.719999,20.610001,20.700001,1200,19.043129
2015-02-02,20.559999,20.559999,20.559999,20.559999,000,18.914333
2015-01-30,20.559999,20.559999,20.559999,20.559999,600,18.914333
2015-01-29,20.719999,20.719999,20.719999,20.719999,100,19.061527
2015-01-28,20.889999,20.889999,20.719999,20.719999,6400,19.061527
2015-01-27,20.75,20.75,20.709999,20.709999,1700,19.052327
2015-01-26,20.92,20.92,20.92,20.92,000,19.245519
2015-01-23,20.959999,20.959999,20.92,20.92,2900,19.190321
2015-01-22,20.52,21.00,20.52,21.00,600,19.263707
2015-01-21,20.549999,20.91,20.450001,20.91,13900,19.181148
2015-01-20,20.83,20.83,20.83,20.83,100,19.107762
2015-01-16,20.67,21.120001,20.67,21.120001,3700,19.373786
2015-01-15,20.65,20.77,20.65,20.77,500,19.052723
2015-01-14,20.780001,20.83,20.780001,20.83,600,19.107762
2015-01-13,20.92,21.200001,20.870001,21.139999,2000,19.392131
2015-01-12,21.139999,21.23,21.139999,21.23,1000,19.47469
2015-01-09,21.299999,21.299999,21.24,21.24,2500,19.483863
2015-01-08,21.059999,21.389999,20.83,21.389999,13300,19.62146
2015-01-07,21.120001,21.120001,21.120001,21.120001,000,19.373786
2015-01-06,21.120001,21.120001,21.110001,21.120001,9500,19.373786
2015-01-05,21.299999,21.299999,21.110001,21.120001,1100,19.373786
2015-01-02,21.42,21.42,21.049999,21.32,22500,19.557248
2014-12-31,21.360001,21.43,21.08,21.379999,20000,19.612287
2014-12-30,21.43,21.43,21.309999,21.309999,500,19.548075
2014-12-29,21.25,21.25,21.25,21.25,000,19.493036
2014-12-26,21.25,21.25,21.25,21.25,000,19.493036
2014-12-24,21.41,21.41,21.25,21.25,300,19.493036
2014-12-23,21.33,21.33,21.09,21.09,1000,19.346265
2014-12-22,21.32,21.32,21.32,21.32,300,19.557248
2014-12-19,21.43,21.43,21.42,21.43,900,19.658154
2014-12-18,21.07,21.23,21.07,21.219999,600,19.380205
2014-12-17,21.219999,21.219999,21.219999,21.219999,100,19.380205
2014-12-16,21.10,21.10,21.10,21.10,300,19.27061
2014-12-15,21.00,21.26,21.00,21.200001,1800,19.36194
2014-12-12,21.370001,21.370001,21.190001,21.190001,800,19.352807
2014-12-11,21.42,21.43,21.41,21.41,1100,19.553732
2014-12-10,21.52,21.530001,21.52,21.530001,1100,19.663329
2014-12-09,21.73,21.870001,21.68,21.870001,103200,19.97385
2014-12-08,22.059999,22.07,21.950001,21.950001,700,20.046914
2014-12-05,22.08,22.110001,22.040001,22.040001,25200,20.129111
2014-12-04,22.110001,22.219999,22.09,22.15,4600,20.229573
2014-12-03,22.139999,22.32,22.139999,22.290001,20200,20.357436
2014-12-02,22.18,22.299999,22.18,22.299999,1400,20.366568
2014-12-01,22.059999,22.059999,22.059999,22.059999,100,20.147376
2014-11-28,23.25,23.25,22.059999,22.059999,1000,20.147376
2014-11-26,22.18,22.280001,22.18,22.25,2700,20.320903
2014-11-25,22.190001,22.389999,22.190001,22.379999,23500,20.439631
2014-11-24,22.33,22.33,22.33,22.33,100,20.393967
2014-11-21,22.40,22.40,22.40,22.40,200,20.457898
2014-11-20,22.77,22.77,22.360001,22.469999,900,20.457898
2014-11-19,22.459999,22.59,22.459999,22.59,1400,20.567153
2014-11-18,22.459999,22.49,22.440001,22.469999,2800,20.457898
2014-11-17,22.450001,22.450001,22.450001,22.450001,000,20.43969
2014-11-14,22.48,22.48,22.450001,22.450001,800,20.43969
2014-11-13,22.48,22.48,22.48,22.48,000,20.467002
2014-11-12,22.48,22.48,22.48,22.48,3700,20.467002
2014-11-11,22.540001,22.540001,22.540001,22.540001,100,20.521631
2014-11-10,22.40,22.40,22.40,22.40,200,20.394166
2014-11-07,22.540001,22.540001,22.33,22.50,91500,20.485212
2014-11-06,22.559999,22.60,22.549999,22.59,2500,20.567153
2014-11-05,22.559999,22.559999,22.450001,22.50,2200,20.485212
2014-11-04,22.49,22.49,22.41,22.41,8300,20.403271
2014-11-03,22.51,22.549999,22.469999,22.469999,43900,20.457898
2014-10-31,22.540001,22.540001,22.540001,22.540001,2000,20.521631
2014-10-30,22.40,22.40,22.40,22.40,400,20.394166
2014-10-29,22.52,22.549999,22.469999,22.469999,80300,20.457898
2014-10-28,22.73,22.73,22.51,22.51,700,20.494317
2014-10-27,22.58,22.58,22.58,22.58,000,20.558048
2014-10-24,22.299999,22.58,22.299999,22.58,500,20.494317
2014-10-23,22.610001,22.610001,22.610001,22.610001,200,20.521546
2014-10-22,22.40,22.67,22.299999,22.450001,1400,20.376326
2014-10-21,22.27,22.33,22.23,22.23,1900,20.176646
2014-10-20,22.34,22.34,22.10,22.110001,8600,20.067731
2014-10-17,21.790001,22.27,21.790001,22.120001,4600,20.076807
2014-10-16,21.950001,21.98,21.889999,21.889999,1900,19.868051
2014-10-15,22.00,22.00,21.959999,22.00,1100,19.967891
2014-10-14,22.27,22.27,22.219999,22.219999,1200,20.167569
2014-10-13,22.360001,22.360001,22.309999,22.309999,14700,20.249256
2014-10-10,22.48,22.48,22.40,22.40,400,20.330943
2014-10-09,22.60,22.60,22.40,22.40,45800,20.330943
2014-10-08,22.639999,22.68,22.58,22.68,42200,20.58508
2014-10-07,22.65,22.65,22.59,22.59,1400,20.503393
2014-10-06,22.92,22.92,22.92,22.92,300,20.802912
2014-10-03,22.879999,22.93,22.879999,22.93,400,20.811988
2014-10-02,22.620001,22.709999,22.610001,22.690001,3900,20.594157
2014-10-01,22.889999,22.889999,22.719999,22.719999,800,20.621385
2014-09-30,22.889999,22.889999,22.889999,22.889999,4000,20.775682
2014-09-29,22.860001,22.870001,22.790001,22.790001,5900,20.68492
2014-09-26,22.959999,22.99,22.959999,22.99,800,20.866446
2014-09-25,23.02,23.16,22.90,22.959999,21300,20.839216
2014-09-24,23.129999,23.16,23.07,23.16,7600,21.020743
2014-09-23,23.200001,23.26,23.110001,23.110001,16400,20.975362
2014-09-22,23.23,23.25,23.200001,23.25,5100,21.10243
2014-09-19,23.440001,23.469999,23.40,23.40,60500,21.175041
2014-09-18,23.35,23.42,23.35,23.42,4400,21.193139
2014-09-17,23.309999,23.34,23.25,23.309999,30100,21.093598
2014-09-16,23.370001,23.389999,23.24,23.379999,109300,21.156942
2014-09-15,23.35,23.40,23.34,23.35,8000,21.129796
2014-09-12,23.23,23.299999,23.23,23.27,19000,21.057402
2014-09-11,23.26,23.26,23.24,23.25,2300,21.039304
2014-09-10,23.280001,23.280001,23.24,23.25,4200,21.039304
2014-09-09,23.26,23.290001,23.200001,23.200001,100000,20.994059
2014-09-08,23.299999,23.35,23.23,23.290001,11500,21.075501
2014-09-05,23.16,23.42,23.16,23.27,3200,21.057402
2014-09-04,23.24,23.24,23.24,23.24,200,21.030254
2014-09-03,23.43,23.43,23.43,23.43,100,21.202189
2014-09-02,23.10,23.10,23.10,23.10,300,20.903567
2014-08-29,23.049999,23.35,23.049999,23.35,137500,21.129796
2014-08-28,23.27,23.48,23.27,23.48,3500,21.247434
2014-08-27,23.40,23.40,23.40,23.40,000,21.175041
2014-08-26,23.40,23.40,23.40,23.40,800,21.175041
2014-08-25,23.35,23.35,23.35,23.35,400,21.129796
2014-08-22,23.27,23.35,23.219999,23.32,61100,21.021204
2014-08-21,23.23,23.23,23.23,23.23,000,20.940076
2014-08-20,23.299999,23.299999,23.23,23.23,1400,20.940076
2014-08-19,23.290001,23.299999,23.290001,23.299999,400,21.003176
2014-08-18,23.110001,23.110001,23.110001,23.110001,000,20.831906
2014-08-15,23.200001,23.200001,23.08,23.110001,4800,20.831906
2014-08-14,23.530001,23.530001,23.530001,23.530001,000,21.210504
2014-08-13,23.57,23.57,23.52,23.530001,1800,21.210504
2014-08-12,23.309999,23.370001,23.309999,23.370001,2100,21.066277
2014-08-11,23.27,23.290001,23.219999,23.219999,900,20.931062
2014-08-08,23.389999,23.389999,23.18,23.18,1900,20.895006
2014-08-07,23.40,23.40,23.360001,23.360001,900,21.057262
2014-08-06,23.389999,23.60,23.139999,23.139999,6000,20.858948
2014-08-05,23.51,23.51,23.51,23.51,100,21.192475
2014-08-04,23.559999,23.559999,23.40,23.450001,6200,21.13839
2014-08-01,23.68,23.73,23.620001,23.620001,3600,21.291633
2014-07-31,23.639999,23.639999,23.639999,23.639999,000,21.30966
2014-07-30,23.67,23.700001,23.59,23.639999,5600,21.30966
2014-07-29,23.59,23.719999,23.59,23.68,5700,21.345718
2014-07-28,23.65,23.67,23.50,23.58,6100,21.255575
2014-07-25,23.85,23.85,23.85,23.85,000,21.49896
2014-07-24,23.85,23.85,23.85,23.85,900,21.49896
2014-07-23,23.75,23.75,23.59,23.60,5200,21.273604
2014-07-22,23.610001,23.66,23.60,23.65,4000,21.318674
2014-07-21,23.65,23.65,23.49,23.540001,6900,21.219519
2014-07-18,23.65,23.65,23.65,23.65,900,21.237546
2014-07-17,23.84,23.84,23.620001,23.66,41000,21.246526
2014-07-16,23.879999,23.879999,23.83,23.83,3200,21.399185
2014-07-15,23.98,24.030001,23.91,23.959999,16800,21.515924
2014-07-14,23.879999,23.93,23.799999,23.85,19800,21.417145
2014-07-11,24.049999,24.049999,23.84,23.879999,26200,21.444084
2014-07-10,24.00,24.02,23.91,23.91,3900,21.471025
2014-07-09,24.00,24.25,24.00,24.25,16300,21.776342
2014-07-08,24.42,24.42,24.42,24.42,000,21.929001
2014-07-07,24.25,24.549999,24.25,24.42,15100,21.929001
2014-07-03,24.049999,24.049999,24.049999,24.049999,000,21.596743
2014-07-02,24.049999,24.049999,24.049999,24.049999,000,21.596743
2014-07-01,23.959999,24.110001,23.959999,24.049999,25500,21.596743
2014-06-30,24.10,24.10,24.10,24.10,000,21.641644
2014-06-27,24.16,24.16,24.10,24.10,1400,21.641644
2014-06-26,24.219999,24.309999,24.219999,24.299999,600,21.821241
2014-06-25,24.08,24.08,24.08,24.08,000,21.623684
2014-06-24,24.08,24.08,24.08,24.08,000,21.623684
2014-06-23,24.48,24.48,23.93,24.08,700,21.623684
2014-06-20,24.459999,24.459999,24.459999,24.459999,1100,21.884101
2014-06-19,24.450001,24.450001,24.450001,24.450001,000,21.875156
2014-06-18,24.450001,24.450001,24.450001,24.450001,000,21.875156
2014-06-17,24.450001,24.450001,24.450001,24.450001,000,21.875156
2014-06-16,24.450001,24.450001,24.450001,24.450001,000,21.875156
2014-06-13,24.450001,24.450001,24.450001,24.450001,000,21.875156
2014-06-12,24.450001,24.450001,24.450001,24.450001,000,21.875156
2014-06-11,24.450001,24.450001,24.450001,24.450001,000,21.875156
2014-06-10,24.57,24.57,24.450001,24.450001,300,21.875156
2014-06-09,24.450001,24.450001,24.450001,24.450001,000,21.875156
2014-06-06,24.450001,24.450001,24.450001,24.450001,000,21.875156
2014-06-05,24.35,24.450001,24.34,24.450001,19800,21.875156
2014-06-04,23.809999,23.809999,23.809999,23.809999,000,21.302554
2014-06-03,23.809999,23.809999,23.809999,23.809999,000,21.302554
2014-06-02,23.809999,23.809999,23.809999,23.809999,000,21.302554
2014-05-30,23.809999,23.809999,23.809999,23.809999,000,21.302554
2014-05-29,23.92,23.92,23.76,23.809999,14000,21.302554
2014-05-28,24.01,24.01,24.01,24.01,000,21.481492
2014-05-27,24.01,24.01,24.01,24.01,000,21.481492
2014-05-23,24.049999,24.049999,24.01,24.01,600,21.481492
2014-05-22,24.030001,24.030001,24.030001,24.030001,000,21.436758
2014-05-21,24.049999,24.07,24.02,24.030001,3400,21.436758
2014-05-20,24.040001,24.040001,24.040001,24.040001,000,21.445679
2014-05-19,24.040001,24.040001,24.040001,24.040001,000,21.445679
2014-05-16,24.040001,24.040001,24.040001,24.040001,000,21.445679
2014-05-15,24.299999,24.299999,23.99,24.040001,10500,21.445679
2014-05-14,24.15,24.16,24.049999,24.120001,6500,21.517045
2014-05-13,23.99,24.26,23.99,24.26,3100,21.641936
2014-05-12,24.190001,24.190001,24.10,24.10,300,21.499203
2014-05-09,24.219999,24.219999,24.219999,24.219999,000,21.606252
2014-05-08,24.219999,24.219999,24.219999,24.219999,000,21.606252
2014-05-07,24.219999,24.219999,24.219999,24.219999,000,21.606252
2014-05-06,24.219999,24.219999,24.219999,24.219999,000,21.606252
2014-05-05,24.219999,24.219999,24.219999,24.219999,000,21.606252
2014-05-02,24.219999,24.219999,24.219999,24.219999,000,21.606252
2014-05-01,24.219999,24.219999,24.219999,24.219999,000,21.606252
2014-04-30,24.219999,24.219999,24.219999,24.219999,000,21.606252
2014-04-29,23.92,24.280001,23.92,24.219999,900,21.606252
2014-04-28,24.299999,24.299999,24.23,24.23,400,21.615173
2014-04-25,24.309999,24.309999,24.309999,24.309999,000,21.68654
2014-04-24,24.309999,24.309999,24.309999,24.309999,300,21.68654
2014-04-23,23.879999,23.879999,23.879999,23.879999,000,21.302944
2014-04-22,24.120001,24.120001,23.879999,23.879999,20600,21.302944
2014-04-21,24.02,24.02,23.93,23.940001,5800,21.35647
2014-04-17,24.33,24.33,24.139999,24.139999,8000,21.4769
2014-04-16,24.190001,24.190001,24.17,24.17,900,21.503591
2014-04-15,24.389999,24.41,24.360001,24.389999,14200,21.69932
2014-04-14,24.299999,24.32,24.299999,24.32,4500,21.637043
2014-04-11,24.389999,24.389999,24.299999,24.299999,2100,21.619249
2014-04-10,24.389999,24.389999,24.389999,24.389999,900,21.69932
2014-04-09,24.49,24.49,24.49,24.49,300,21.788288
2014-04-08,24.379999,24.379999,24.370001,24.370001,1100,21.681528
2014-04-07,24.540001,24.540001,24.540001,24.540001,000,21.832774
2014-04-04,24.540001,24.540001,24.540001,24.540001,000,21.832774
2014-04-03,24.540001,24.549999,24.540001,24.540001,2100,21.832774
2014-04-02,24.379999,24.379999,24.379999,24.379999,000,21.690423
2014-04-01,24.40,24.40,24.379999,24.379999,600,21.690423
2014-03-31,24.49,24.49,24.48,24.49,700,21.788288
2014-03-28,24.299999,24.389999,24.299999,24.360001,4700,21.672631
2014-03-27,24.40,24.40,24.389999,24.40,1000,21.708217
2014-03-26,24.58,24.58,24.50,24.50,800,21.797186
2014-03-25,24.459999,24.459999,24.459999,24.459999,200,21.761597
2014-03-24,24.43,24.469999,24.379999,24.469999,1900,21.770494
2014-03-21,24.50,24.639999,24.50,24.60,1700,21.828326
2014-03-20,24.709999,24.709999,24.60,24.60,1000,21.828326
2014-03-19,24.549999,24.549999,24.549999,24.549999,400,21.783958
2014-03-18,24.41,24.41,24.41,24.41,000,21.659732
2014-03-17,24.41,24.41,24.41,24.41,7100,21.659732
2014-03-14,24.49,24.49,24.49,24.49,000,21.730719
2014-03-13,24.549999,24.549999,24.48,24.49,11000,21.730719
2014-03-12,24.549999,24.58,24.549999,24.57,1300,21.801705
2014-03-11,24.60,24.60,24.60,24.60,1000,21.828326
2014-03-10,24.700001,24.700001,24.60,24.60,3000,21.828326
2014-03-07,24.709999,24.709999,24.709999,24.709999,200,21.925931
2014-03-06,24.48,24.48,24.48,24.48,1400,21.721845
2014-03-05,24.33,24.48,24.33,24.48,1000,21.721845
2014-03-04,24.42,24.42,24.42,24.42,300,21.668606
2014-03-03,24.32,24.32,24.32,24.32,000,21.579872
2014-02-28,24.32,24.32,24.32,24.32,000,21.579872
2014-02-27,24.32,24.32,24.32,24.32,000,21.579872
2014-02-26,24.32,24.32,24.32,24.32,1500,21.579872
2014-02-25,24.290001,24.43,24.290001,24.43,1300,21.677479
2014-02-24,24.549999,24.549999,24.549999,24.549999,000,21.783958
2014-02-21,24.549999,24.549999,24.549999,24.549999,300,21.735154
2014-02-20,24.43,24.60,24.43,24.60,400,21.779422
2014-02-19,24.40,24.40,24.40,24.40,000,21.602353
2014-02-18,24.40,24.40,24.40,24.40,200,21.602353
2014-02-14,24.48,24.48,24.48,24.48,400,21.673181
2014-02-13,24.40,24.40,24.40,24.40,000,21.602353
2014-02-12,24.40,24.40,24.40,24.40,000,21.602353
2014-02-11,24.34,24.40,24.34,24.40,1300,21.602353
2014-02-10,24.35,24.35,24.35,24.35,000,21.558087
2014-02-07,24.35,24.35,24.35,24.35,000,21.558087
2014-02-06,24.35,24.35,24.35,24.35,000,21.558087
2014-02-05,24.35,24.35,24.35,24.35,000,21.558087
2014-02-04,24.35,24.35,24.35,24.35,000,21.558087
2014-02-03,24.35,24.35,24.35,24.35,000,21.558087
2014-01-31,24.35,24.35,24.35,24.35,000,21.558087
2014-01-30,24.40,24.40,24.35,24.35,700,21.558087
2014-01-29,24.52,24.52,24.52,24.52,000,21.708595
2014-01-28,24.52,24.52,24.52,24.52,000,21.708595
2014-01-27,24.52,24.52,24.52,24.52,100,21.708595
2014-01-24,24.559999,24.559999,24.559999,24.559999,100,21.677607
2014-01-23,24.51,24.799999,24.51,24.68,2300,21.783525
2014-01-22,24.84,24.84,24.84,24.84,000,21.924747
2014-01-21,24.84,24.84,24.84,24.84,100,21.924747
2014-01-17,24.809999,24.85,24.809999,24.85,9300,21.933573
2014-01-16,25.00,25.00,25.00,25.00,4000,22.065969
2014-01-15,24.799999,24.799999,24.799999,24.799999,1100,21.88944
2014-01-14,24.82,24.82,24.82,24.82,200,21.907094
2014-01-13,25.01,25.01,25.01,25.01,4000,22.074795
2014-01-10,25.10,25.10,25.10,25.10,000,22.154233
2014-01-09,25.10,25.10,25.10,25.10,000,22.154233
2014-01-08,25.139999,25.139999,25.10,25.10,3900,22.154233
2014-01-07,25.120001,25.120001,25.120001,25.120001,000,22.171886
2014-01-06,25.120001,25.120001,25.120001,25.120001,100,22.171886
2014-01-03,25.200001,25.200001,25.200001,25.200001,000,22.242497
2014-01-02,25.200001,25.200001,25.200001,25.200001,100,22.242497
2013-12-31,24.99,24.99,24.99,24.99,800,22.057142
2013-12-30,25.030001,25.049999,25.00,25.049999,6500,22.1101
2013-12-27,25.01,25.01,25.01,25.01,4000,22.074795
2013-12-26,25.00,25.049999,25.00,25.00,13300,22.065969
2013-12-24,24.799999,24.799999,24.799999,24.799999,1000,21.88944
2013-12-23,25.02,25.02,25.00,25.00,6100,22.043903
2013-12-20,25.030001,25.030001,25.00,25.00,1200,22.043903
2013-12-19,25.08,25.08,25.08,25.08,200,22.114444
2013-12-18,25.049999,25.049999,24.98,24.98,2400,22.026268
