Date,Open,High,Low,Close,Volume,Adj Close
2018-05-03,2.18,2.23,2.15,2.19,193787,2.19
2018-05-02,2.15,2.235,2.15,2.185,473202,2.185
2018-05-01,2.21,2.21,2.1439,2.16,207629,2.16
2018-04-30,2.21,2.2363,2.16,2.2,332129,2.2
2018-04-27,2.28,2.29,2.2,2.21,316977,2.21
2018-04-26,2.18,2.3166,2.16,2.26,1112378,2.26
2018-04-25,2.18,2.21,2.14,2.16,213319,2.16
2018-04-24,2.2,2.24,2.14,2.2,284800,2.2
2018-04-23,2.23,2.24,2.17,2.2,299921,2.2
2018-04-20,2.24,2.25,2.16,2.24,377923,2.24
2018-04-19,2.18,2.26,2.17,2.2,368591,2.2
2018-04-18,2.23,2.28,2.19,2.19,426947,2.19
2018-04-17,2.22,2.27,2.18,2.22,369863,2.22
2018-04-16,2.26,2.285,2.16,2.21,446306,2.21
2018-04-13,2.25,2.315,2.214,2.25,623509,2.25
2018-04-12,2.08,2.3399,2.06,2.24,1750666,2.24
2018-04-11,1.98,2.07,1.941,2.04,670458,2.04
2018-04-10,2.01,2.03,1.91,1.99,1441347,1.99
2018-04-09,1.9,2.07,1.87,1.98,1222337,1.98
2018-04-06,1.95,1.97,1.85,1.87,913648,1.87
2018-04-05,2.05,2.05,1.955,1.97,513446,1.97
2018-04-04,1.91,2.045,1.91,2.01,626722,2.01
2018-04-03,2.02,2.04,1.95,1.96,600899,1.96
2018-04-02,2.08,2.118,1.98,2,787451,2
2018-03-29,2.12,2.22,2.08,2.1,471525,2.1
2018-03-28,2.11,2.1401,2,2.12,467593,2.12
2018-03-27,2.29,2.32,2.06,2.09,721975,2.09
2018-03-26,2.25,2.32,2.16,2.27,754276,2.27
2018-03-23,2.44,2.45,2.18,2.21,862335,2.21
2018-03-22,2.53,2.67,2.42,2.43,1316770,2.43
2018-03-21,2.49,2.57,2.45,2.54,938953,2.54
2018-03-20,2.54,2.56,2.36,2.51,734368,2.51
2018-03-19,2.6,2.61,2.414,2.56,783875,2.56
2018-03-16,2.34,2.67,2.34,2.59,1182535,2.59
2018-03-15,2.7,2.79,2.47,2.74,1103008,2.74
2018-03-14,2.51,2.73,2.5,2.7,1184010,2.7
2018-03-13,2.67,2.72,2.45,2.47,1091435,2.47
2018-03-12,2.52,2.69,2.51,2.62,919545,2.62
2018-03-09,2.43,2.59,2.25,2.55,912145,2.55
2018-03-08,2.42,2.49,2.25,2.44,901777,2.44
2018-03-07,2.24,2.45,2.19,2.39,1191339,2.39
2018-03-06,2.55,2.6,2.18,2.25,2241743,2.25
2018-03-05,2.155,2.84,2.11,2.72,3972969,2.72
2018-03-02,1.9,2.12,1.87,2.07,789016,2.07
2018-03-01,1.88,1.94,1.86,1.92,257114,1.92
2018-02-28,1.85,1.93,1.82,1.88,276831,1.88
2018-02-27,1.95,1.97,1.83,1.85,205983,1.85
2018-02-26,1.87,2,1.85,1.96,708353,1.96
2018-02-23,1.83,1.86,1.72,1.85,398874,1.85
2018-02-22,1.85,1.89,1.775,1.81,429028,1.81
2018-02-21,1.86,1.94,1.81,1.84,318009,1.84
2018-02-20,1.84,1.87,1.82,1.85,213687,1.85
2018-02-16,1.835,1.89,1.81,1.86,351597,1.86
2018-02-15,1.88,1.9086,1.82,1.86,483874,1.86
2018-02-14,1.78,1.92,1.78,1.87,425143,1.87
2018-02-13,1.83,1.8399,1.765,1.8,450602,1.8
2018-02-12,1.96,2.0295,1.82,1.82,538163,1.82
2018-02-09,2.01,2.02,1.7,1.97,1542432,1.97
2018-02-08,2.08,2.0999,1.97,1.98,322373,1.98
2018-02-07,2.04,2.1,2.01,2.08,343348,2.08
2018-02-06,2.02,2.05,1.96,2.04,321651,2.04
2018-02-05,1.98,2.15,1.96,2,921158,2
2018-02-02,2.05,2.08,2,2.01,508504,2.01
2018-02-01,2.02,2.11,2.01,2.07,602860,2.07
2018-01-31,2.06,2.11,2.02,2.05,625681,2.05
2018-01-30,2.11,2.23,2.04,2.06,1043126,2.06
2018-01-29,2.09,2.19,2.06,2.14,317900,2.14
2018-01-26,2.1,2.13,2.08,2.09,294420,2.09
2018-01-25,2.09,2.13,2.06,2.09,270195,2.09
2018-01-24,2.23,2.23,2.051,2.1,520199,2.1
2018-01-23,2.2,2.325,2.18,2.18,921345,2.18
2018-01-22,2.05,2.24,2,2.19,996276,2.19
2018-01-19,2.04,2.085,1.98,2.04,340615,2.04
2018-01-18,2,2.05,1.94,2.03,356145,2.03
2018-01-17,1.99,2.04,1.93,2,291707,2
2018-01-16,2.05,2.05,1.93,1.97,677918,1.97
2018-01-12,1.99,2.08,1.97,2.05,398741,2.05
2018-01-11,2.01,2.1,1.98,1.99,569269,1.99
2018-01-10,2.02,2.05,1.9,2,738380,2
2018-01-09,2.03,2.1,1.99,2.02,468380,2.02
2018-01-08,2.2,2.2186,1.98,1.985,1194774,1.985
2018-01-05,2.34,2.36,2.15,2.21,673013,2.21
2018-01-04,2.32,2.35,2.21,2.32,718831,2.32
2018-01-03,2.21,2.3768,2.18,2.32,1229570,2.32
2018-01-02,2.05,2.25,2.0175,2.23,957160,2.23
2017-12-29,2.25,2.25,2.01,2.03,1564429,2.03
2017-12-28,2.35,2.35,2.16,2.23,1126381,2.23
2017-12-27,1.95,2.3952,1.92,2.33,2425023,2.33
2017-12-26,2.06,2.079,1.92,1.965,677853,1.965
2017-12-22,1.86,2.09,1.85,2.06,1249037,2.06
2017-12-21,1.85,1.89,1.76,1.86,405241,1.86
2017-12-20,1.87,1.88,1.81,1.84,574736,1.84
2017-12-19,1.86,1.94,1.79,1.87,1083617,1.87
2017-12-18,1.82,1.9,1.81,1.87,1329584,1.87
2017-12-15,1.84,1.89,1.77,1.8,967480,1.8
2017-12-14,1.83,1.91,1.7801,1.83,1595906,1.83
2017-12-13,1.82,1.87,1.7,1.82,1974426,1.82
2017-12-12,1.9,1.93,1.7736,1.82,732732,1.82
2017-12-11,2.04,2.06,1.9202,1.94,536575,1.94
2017-12-08,2.01,2.18,1.96,1.99,1833117,1.99
2017-12-07,1.82,2.01,1.755,1.98,3637819,1.98
2017-12-06,1.79,1.829,1.65,1.71,5040957,1.71
2017-12-05,1.85,1.86,1.78,1.8,1038583,1.8
2017-12-04,1.92,1.93,1.81,1.86,949005,1.86
2017-12-01,1.93,1.95,1.82,1.91,600197,1.91
2017-11-30,1.99,2,1.86,1.93,634320,1.93
2017-11-29,2.04,2.04,1.93,1.96,341940,1.96
2017-11-28,2.05,2.06,1.931,2.05,499474,2.05
2017-11-27,2.05,2.07,1.96,2.05,629897,2.05
2017-11-24,2.02,2.07,1.988,2.04,248119,2.04
2017-11-22,1.97,2.0838,1.97,2.06,439228,2.06
2017-11-21,2.02,2.06,1.93,1.97,508152,1.97
2017-11-20,2.06,2.06,1.93,2.02,479174,2.02
2017-11-17,2,2.1,1.9,2.04,756835,2.04
2017-11-16,1.91,2.02,1.8944,1.96,801088,1.96
2017-11-15,2.09,2.15,1.75,1.89,1470193,1.89
2017-11-14,2.06,2.2299,2.05,2.11,944927,2.11
2017-11-13,2.4,2.4,2.04,2.09,2006434,2.09
2017-11-10,2.38,2.83,2.31,2.41,3304143,2.41
2017-11-09,2.52,2.83,2.52,2.8,1688027,2.8
2017-11-08,2.4,2.58,2.4,2.52,833233,2.52
2017-11-07,2.35,2.51,2.16,2.44,1600105,2.44
2017-11-06,2.6,2.8,2.51,2.53,1682088,2.53
2017-11-03,2.3,2.7044,2.29,2.56,2724844,2.56
2017-11-02,2.19,2.35,2.15,2.32,719789,2.32
2017-11-01,2.34,2.36,2.13,2.2,742104,2.2
2017-10-31,2.35,2.39,2.26,2.33,724502,2.33
2017-10-30,2.25,2.4,2.25,2.32,1088541,2.32
2017-10-27,2.16,2.26,2.12,2.26,851746,2.26
2017-10-26,2.27,2.2745,2.1,2.12,1033942,2.12
2017-10-25,2.2,2.48,2.2,2.28,1840413,2.28
2017-10-24,2.28,2.3345,2.2,2.21,915074,2.21
2017-10-23,2.32,2.36,2.23,2.3,1370667,2.3
2017-10-20,2.43,2.45,2.26,2.28,2123574,2.28
2017-10-19,2.17,2.62,2.1,2.4,4346457,2.4
2017-10-18,2.68,2.68,2.08,2.1,3707101,2.1
2017-10-17,2.95,3.07,2.68,2.7,2150870,2.7
2017-10-16,3.04,3.14,2.66,2.95,4745046,2.95
2017-10-13,3.28,3.62,2.85,2.9,15750720,2.9
2017-10-12,2.46,3.75,2.44,3.73,61086520,3.73
2017-10-11,1.45,1.6868,1.43,1.67,2744430,1.67
2017-10-10,1.5,1.52,1.43,1.46,511993,1.46
2017-10-09,1.6,1.6186,1.3405,1.47,1630198,1.47
2017-10-06,1.48,1.649,1.44,1.59,3380423,1.59
2017-10-05,1.32,1.442,1.32,1.42,1790316,1.42
2017-10-04,1.23,1.33,1.22,1.31,2053994,1.31
2017-10-03,1.24,1.27,1.2,1.22,3019028,1.22
2017-10-02,1.35,1.37,1.2,1.22,1827352,1.22
2017-09-29,1.14,1.36,1.14,1.33,3373995,1.33
2017-09-28,1.18,1.19,1.14,1.14,550291,1.14
2017-09-27,1.17,1.2,1.13,1.17,525494,1.17
2017-09-26,1.17,1.19,1.12,1.17,740140,1.17
2017-09-25,1.2,1.26,1.16,1.21,1475339,1.21
2017-09-22,1.17,1.18,1.1,1.14,335382,1.14
2017-09-21,1.16,1.18,1.1,1.16,898750,1.16
2017-09-20,1.19,1.23,1.13,1.16,781766,1.16
2017-09-19,1.23,1.27,1.17,1.18,888786,1.18
2017-09-18,1.29,1.37,1.23,1.25,1564352,1.25
2017-09-15,1.22,1.32,1.2001,1.28,2377582,1.28
2017-09-14,1.22,1.25,1.2,1.21,349723,1.21
2017-09-13,1.18,1.27,1.18,1.24,793037,1.24
2017-09-12,1.21,1.23,1.16,1.2,395296,1.2
2017-09-11,1.2,1.26,1.1701,1.21,693701,1.21
2017-09-08,1.3,1.3,1.2,1.21,1045025,1.21
2017-09-07,1.2,1.35,1.2,1.32,1840508,1.32
2017-09-06,1.33,1.38,1.19,1.22,3109616,1.22
2017-09-05,1.07,1.25,1.07,1.24,3321467,1.24
2017-09-01,0.96,1.07,0.952,1.05,3424972,1.05
2017-08-31,1,1.03,0.94,0.952,1060797,0.952
2017-08-30,0.98,1.15,0.9655,0.9802,2434556,0.9802
2017-08-29,0.941,0.96,0.9255,0.9428,308417,0.9428
2017-08-28,0.95,1.01,0.9425,0.9456,536419,0.9456
2017-08-25,0.961,0.9698,0.94,0.9463,342471,0.9463
2017-08-24,0.957,0.9799,0.9313,0.952,526403,0.952
2017-08-23,0.976,0.999,0.95,0.957,297975,0.957
2017-08-22,0.9583,1.01,0.94,0.98,358809,0.98
2017-08-21,1,1.07,0.93,0.9463,535537,0.9463
2017-08-18,1.09,1.12,0.99,1,816018,1
2017-08-17,1.1,1.13,1.08,1.09,223673,1.09
2017-08-16,1.08,1.15,1.08,1.11,454803,1.11
2017-08-15,1.12,1.14,1.08,1.08,606936,1.08
2017-08-14,1.15,1.2,1.06,1.11,815042,1.11
2017-08-11,1.17,1.3,1.131,1.14,627359,1.14
2017-08-10,1.17,1.2,1.15,1.17,343277,1.17
2017-08-09,1.26,1.3,1.18,1.19,541093,1.19
2017-08-08,1.45,1.45,1.25,1.29,472924,1.29
2017-08-07,1.4,1.4,1.31,1.35,382169,1.35
2017-08-04,1.31,1.35,1.22,1.29,444243,1.29
2017-08-03,1.37,1.42,1.34,1.36,196840,1.36
2017-08-02,1.35,1.39,1.32,1.38,137527,1.38
2017-08-01,1.49,1.49,1.33,1.36,488825,1.36
2017-07-31,1.46,1.53,1.41,1.43,368161,1.43
2017-07-28,1.3,1.45,1.3,1.44,323479,1.44
2017-07-27,1.41,1.43,1.33,1.33,353462,1.33
2017-07-26,1.41,1.43,1.39,1.41,167906,1.41
2017-07-25,1.43,1.43,1.38,1.4,171616,1.4
2017-07-24,1.4,1.43,1.37,1.43,225474,1.43
2017-07-21,1.41,1.45,1.37,1.4,409336,1.4
2017-07-20,1.44,1.5177,1.38,1.41,546578,1.41
2017-07-19,1.4,1.48,1.39,1.43,174844,1.43
2017-07-18,1.43,1.4365,1.385,1.39,166851,1.39
2017-07-17,1.4,1.47,1.38,1.43,308703,1.43
2017-07-14,1.44,1.4404,1.3601,1.38,154523,1.38
2017-07-13,1.42,1.47,1.36,1.43,366894,1.43
2017-07-12,1.34,1.42,1.31,1.41,429181,1.41
2017-07-11,1.33,1.37,1.33,1.33,387715,1.33
2017-07-10,1.51,1.51,1.3,1.3,682222,1.3
2017-07-07,1.58,1.66,1.47,1.51,624934,1.51
2017-07-06,1.58,1.61,1.55,1.56,300666,1.56
2017-07-05,1.6,1.61,1.55,1.59,388882,1.59
2017-07-03,1.6,1.63,1.56,1.615,258058,1.615
2017-06-30,1.64,1.64,1.56,1.57,447179,1.57
2017-06-29,1.7,1.74,1.6,1.64,463018,1.64
2017-06-28,1.71,1.8,1.7,1.7,413777,1.7
2017-06-27,1.8,1.83,1.7,1.7,538463,1.7
2017-06-26,1.84,1.97,1.755,1.81,625146,1.81
2017-06-23,2,2.02,1.8,1.81,5365905,1.81
2017-06-22,1.98,2.15,1.8801,2.01,593028,2.01
2017-06-21,1.94,2,1.91,1.96,289738,1.96
2017-06-20,1.93,2.05,1.8,1.92,1142121,1.92
2017-06-19,1.69,1.95,1.68,1.93,710018,1.93
2017-06-16,1.69,1.72,1.65,1.7,329648,1.7
2017-06-15,1.71,1.75,1.69,1.71,186418,1.71
2017-06-14,1.74,1.77,1.68,1.74,264290,1.74
2017-06-13,1.72,1.78,1.71,1.73,175134,1.73
2017-06-12,1.79,1.8,1.71,1.72,305451,1.72
2017-06-09,1.78,1.8,1.74,1.78,171784,1.78
2017-06-08,1.77,1.84,1.75,1.77,197406,1.77
2017-06-07,1.8,1.85,1.74,1.8,226863,1.8
2017-06-06,1.75,1.815,1.73,1.81,184137,1.81
2017-06-05,1.85,1.88,1.73,1.76,172457,1.76
2017-06-02,1.87,1.95,1.8098,1.86,381778,1.86
2017-06-01,1.74,1.89,1.69,1.86,252150,1.86
2017-05-31,1.74,1.78,1.71,1.72,261087,1.72
2017-05-30,1.75,1.75,1.7,1.71,193371,1.71
2017-05-26,1.74,1.74,1.69,1.72,215233,1.72
2017-05-25,1.83,1.84,1.72,1.74,276125,1.74
2017-05-24,1.81,1.83,1.75,1.81,212219,1.81
2017-05-23,1.8,1.84,1.77,1.81,167578,1.81
2017-05-22,1.78,1.84,1.76,1.79,136296,1.79
2017-05-19,1.74,1.83,1.69,1.78,696493,1.78
2017-05-18,1.69,1.77,1.69,1.7,357662,1.7
2017-05-17,1.7,1.75,1.68,1.7,297941,1.7
2017-05-16,1.75,1.77,1.67,1.74,243774,1.74
2017-05-15,1.74,1.82,1.7,1.74,436020,1.74
2017-05-12,1.79,1.83,1.70,1.71,463900,1.71
2017-05-11,1.88,1.91,1.78,1.81,280800,1.81
2017-05-10,1.75,1.91,1.73,1.90,523900,1.90
2017-05-09,1.80,1.86,1.76,1.84,388400,1.84
2017-05-08,1.84,1.88,1.78,1.78,335400,1.78
2017-05-05,1.86,1.88,1.78,1.84,352400,1.84
2017-05-04,1.93,1.93,1.84,1.87,311700,1.87
2017-05-03,1.94,1.97,1.84,1.91,476900,1.91
2017-05-02,2.01,2.08,1.87,1.94,907300,1.94
2017-05-01,2.16,2.24,1.99,2.02,974900,2.02
2017-04-28,2.12,2.25,2.07,2.15,1198400,2.15
2017-04-27,2.13,2.17,2.07,2.10,411600,2.10
2017-04-26,2.07,2.18,2.06,2.14,1113100,2.14
2017-04-25,1.98,2.08,1.93,2.07,626400,2.07
2017-04-24,1.99,1.99,1.87,1.96,541600,1.96
2017-04-21,1.95,2.01,1.88,1.92,683200,1.92
2017-04-20,1.96,2.06,1.94,1.97,517700,1.97
2017-04-19,2.00,2.03,1.94,1.95,597800,1.95
2017-04-18,2.15,2.15,2.00,2.00,1376600,2.00
2017-04-17,1.85,2.20,1.85,2.19,3394200,2.19
2017-04-13,1.95,1.99,1.83,1.84,2058200,1.84
2017-04-12,2.10,2.10,1.93,1.94,1123200,1.94
2017-04-11,2.20,2.23,2.01,2.10,1270100,2.10
2017-04-10,2.41,2.52,2.18,2.21,2053100,2.21
2017-04-07,2.52,2.59,2.35,2.42,1305000,2.42
2017-04-06,2.77,2.78,2.53,2.57,1425500,2.57
2017-04-05,3.14,3.14,2.65,2.80,1833200,2.80
2017-04-04,3.17,3.23,3.01,3.11,912800,3.11
2017-04-03,3.52,3.60,3.19,3.20,803300,3.20
2017-03-31,3.29,3.30,3.10,3.23,779400,3.23
2017-03-30,3.47,3.49,3.27,3.34,520700,3.34
2017-03-29,3.38,3.57,3.36,3.43,678800,3.43
2017-03-28,3.39,3.43,3.31,3.37,380300,3.37
2017-03-27,3.23,3.42,3.17,3.39,572400,3.39
2017-03-24,3.24,3.40,3.20,3.30,687900,3.30
2017-03-23,3.05,3.34,2.97,3.20,676000,3.20
2017-03-22,3.16,3.21,3.01,3.06,553600,3.06
2017-03-21,3.41,3.44,3.10,3.16,1049800,3.16
2017-03-20,3.58,3.60,3.35,3.36,943000,3.36
2017-03-17,3.24,3.55,3.22,3.55,1852200,3.55
2017-03-16,3.12,3.38,3.05,3.25,793000,3.25
2017-03-15,2.72,3.24,2.71,3.10,1357300,3.10
2017-03-14,2.92,2.97,2.77,2.95,652200,2.95
2017-03-13,3.00,3.06,2.90,2.91,810700,2.91
2017-03-10,2.89,3.04,2.84,2.99,626700,2.99
2017-03-09,2.96,3.03,2.82,2.87,450100,2.87
2017-03-08,2.77,3.02,2.77,2.94,725400,2.94
2017-03-07,2.64,2.92,2.60,2.80,757300,2.80
2017-03-06,2.82,2.86,2.62,2.67,757300,2.67
2017-03-03,3.07,3.11,2.80,2.84,1149300,2.84
2017-03-02,3.03,3.84,2.95,3.01,5253900,3.01
2017-03-01,2.90,3.22,2.66,3.00,3400700,3.00
2017-02-28,2.42,2.87,2.38,2.78,2323600,2.78
2017-02-27,2.25,2.48,2.25,2.45,557000,2.45
2017-02-24,2.25,2.31,2.10,2.31,468700,2.31
2017-02-23,2.35,2.35,2.20,2.28,661700,2.28
2017-02-22,2.41,2.45,2.33,2.36,338500,2.36
2017-02-21,2.39,2.48,2.35,2.42,504000,2.42
2017-02-17,2.54,2.56,2.31,2.44,1188900,2.44
2017-02-16,2.58,2.61,2.50,2.57,465800,2.57
2017-02-15,2.58,2.64,2.47,2.59,712400,2.59
2017-02-14,2.54,2.61,2.46,2.58,863800,2.58
2017-02-13,2.46,2.74,2.45,2.58,1681800,2.58
2017-02-10,2.46,2.54,2.40,2.45,861000,2.45
2017-02-09,2.35,2.43,2.30,2.40,575800,2.40
2017-02-08,2.42,2.43,2.25,2.33,772100,2.33
2017-02-07,2.46,2.55,2.32,2.35,778700,2.35
2017-02-06,2.30,2.59,2.30,2.45,1197700,2.45
2017-02-03,2.30,2.34,2.20,2.30,853300,2.30
2017-02-02,2.54,2.70,2.28,2.28,2679500,2.28
2017-02-01,2.05,2.55,2.05,2.51,4022500,2.51
2017-01-31,1.96,2.10,1.92,2.07,709100,2.07
2017-01-30,2.08,2.15,2.00,2.00,890300,2.00
2017-01-27,2.10,2.19,2.08,2.10,845300,2.10
2017-01-26,2.13,2.20,2.04,2.10,1109200,2.10
2017-01-25,2.08,2.27,2.06,2.13,1766100,2.13
2017-01-24,2.04,2.10,1.95,2.06,1658000,2.06
2017-01-23,1.97,2.36,1.91,2.08,7299500,2.08
2017-01-20,1.54,2.02,1.53,2.00,2988800,2.00
2017-01-19,1.66,1.67,1.54,1.55,811100,1.55
2017-01-18,1.71,1.81,1.65,1.72,2783000,1.72
2017-01-17,1.53,1.70,1.49,1.66,1102300,1.66
2017-01-13,1.44,1.53,1.44,1.50,624800,1.50
2017-01-12,1.46,1.47,1.41,1.44,426000,1.44
2017-01-11,1.42,1.48,1.41,1.45,412400,1.45
2017-01-10,1.41,1.45,1.40,1.41,394200,1.41
2017-01-09,1.46,1.51,1.40,1.41,462100,1.41
2017-01-06,1.45,1.57,1.43,1.46,774000,1.46
2017-01-05,1.47,1.47,1.35,1.45,514400,1.45
2017-01-04,1.40,1.48,1.40,1.42,367600,1.42
2017-01-03,1.37,1.41,1.32,1.38,190500,1.38
2016-12-30,1.38,1.40,1.33,1.35,320600,1.35
2016-12-29,1.37,1.39,1.34,1.39,330600,1.39
2016-12-28,1.47,1.49,1.32,1.35,1415100,1.35
2016-12-27,1.40,1.48,1.38,1.48,603800,1.48
2016-12-23,1.33,1.40,1.32,1.38,278100,1.38
2016-12-22,1.38,1.40,1.30,1.31,374900,1.31
2016-12-21,1.42,1.43,1.37,1.38,517700,1.38
2016-12-20,1.35,1.40,1.32,1.38,489000,1.38
2016-12-19,1.29,1.39,1.28,1.37,985000,1.37
2016-12-16,1.15,1.29,1.15,1.28,3029400,1.28
2016-12-15,1.23,1.23,1.16,1.16,540600,1.16
2016-12-14,1.25,1.29,1.21,1.22,341700,1.22
2016-12-13,1.31,1.32,1.25,1.26,461200,1.26
2016-12-12,1.43,1.43,1.29,1.31,589600,1.31
2016-12-09,1.38,1.48,1.36,1.44,613600,1.44
2016-12-08,1.39,1.41,1.30,1.36,487100,1.36
2016-12-07,1.59,1.60,1.40,1.41,900800,1.41
2016-12-06,1.44,1.65,1.36,1.60,1964600,1.60
2016-12-05,1.24,1.44,1.23,1.43,990200,1.43
2016-12-02,1.18,1.21,1.15,1.20,240100,1.20
2016-12-01,1.15,1.24,1.13,1.19,607900,1.19
2016-11-30,1.12,1.18,1.11,1.16,713700,1.16
2016-11-29,1.14,1.20,1.12,1.14,421300,1.14
2016-11-28,1.21,1.23,1.13,1.13,304000,1.13
2016-11-25,1.22,1.24,1.20,1.23,144800,1.23
2016-11-23,1.15,1.23,1.14,1.22,353100,1.22
2016-11-22,1.15,1.17,1.12,1.17,375200,1.17
2016-11-21,1.21,1.25,1.14,1.15,416000,1.15
2016-11-18,1.21,1.23,1.15,1.23,361200,1.23
2016-11-17,1.19,1.22,1.14,1.21,482500,1.21
2016-11-16,1.21,1.25,1.15,1.21,604900,1.21
2016-11-15,1.32,1.32,1.20,1.24,663400,1.24
2016-11-14,1.31,1.38,1.30,1.33,571000,1.33
2016-11-11,1.30,1.34,1.25,1.30,782500,1.30
2016-11-10,1.29,1.31,1.13,1.28,2151800,1.28
2016-11-09,1.19,1.27,1.09,1.17,1811300,1.17
2016-11-08,0.97,1.07,0.94,1.04,649000,1.04
2016-11-07,0.98,0.98,0.94,0.96,443600,0.96
2016-11-04,0.99,1.01,0.84,0.93,1681700,0.93
2016-11-03,1.17,1.20,0.94,1.01,818200,1.01
2016-11-02,1.30,1.34,1.16,1.16,566200,1.16
2016-11-01,1.22,1.29,1.21,1.25,258500,1.25
2016-10-31,1.24,1.27,1.21,1.21,232100,1.21
2016-10-28,1.24,1.25,1.19,1.22,193300,1.22
2016-10-27,1.30,1.31,1.23,1.25,457000,1.25
2016-10-26,1.32,1.34,1.29,1.29,227100,1.29
2016-10-25,1.35,1.37,1.30,1.32,234800,1.32
2016-10-24,1.39,1.40,1.35,1.36,144100,1.36
2016-10-21,1.38,1.41,1.34,1.38,188000,1.38
2016-10-20,1.35,1.40,1.35,1.40,118000,1.40
2016-10-19,1.38,1.42,1.35,1.35,168000,1.35
2016-10-18,1.37,1.40,1.34,1.37,146900,1.37
2016-10-17,1.44,1.45,1.32,1.34,326700,1.34
2016-10-14,1.46,1.48,1.40,1.40,210700,1.40
2016-10-13,1.45,1.49,1.45,1.45,212100,1.45
2016-10-12,1.47,1.48,1.45,1.46,218400,1.46
2016-10-11,1.51,1.52,1.44,1.46,524500,1.46
2016-10-10,1.53,1.55,1.50,1.53,165400,1.53
2016-10-07,1.52,1.56,1.50,1.50,266000,1.50
2016-10-06,1.57,1.58,1.54,1.54,149100,1.54
2016-10-05,1.55,1.60,1.52,1.56,250900,1.56
2016-10-04,1.58,1.61,1.54,1.55,398700,1.55
2016-10-03,1.59,1.60,1.55,1.57,263500,1.57
2016-09-30,1.52,1.58,1.50,1.56,324700,1.56
2016-09-29,1.58,1.62,1.50,1.51,419500,1.51
2016-09-28,1.57,1.60,1.55,1.58,456600,1.58
2016-09-27,1.66,1.77,1.53,1.55,2195300,1.55
2016-09-26,1.46,1.56,1.45,1.53,372700,1.53
2016-09-23,1.46,1.50,1.45,1.46,176200,1.46
2016-09-22,1.48,1.50,1.45,1.47,263100,1.47
2016-09-21,1.55,1.57,1.45,1.47,349400,1.47
2016-09-20,1.52,1.57,1.52,1.54,336500,1.54
2016-09-19,1.48,1.55,1.47,1.49,412100,1.49
2016-09-16,1.40,1.48,1.39,1.46,992700,1.46
2016-09-15,1.38,1.42,1.37,1.40,545400,1.40
2016-09-14,1.39,1.41,1.36,1.37,369600,1.37
2016-09-13,1.45,1.45,1.38,1.39,289000,1.39
2016-09-12,1.43,1.46,1.40,1.46,333300,1.46
2016-09-09,1.49,1.51,1.43,1.43,645600,1.43
2016-09-08,1.48,1.53,1.45,1.52,485800,1.52
2016-09-07,1.50,1.52,1.45,1.48,404900,1.48
2016-09-06,1.55,1.57,1.50,1.50,566200,1.50
2016-09-02,1.55,1.61,1.52,1.56,393100,1.56
2016-09-01,1.51,1.60,1.51,1.52,126400,1.52
2016-08-31,1.58,1.59,1.49,1.52,598800,1.52
2016-08-30,1.60,1.65,1.60,1.60,130800,1.60
2016-08-29,1.66,1.70,1.59,1.60,372800,1.60
2016-08-26,1.65,1.68,1.60,1.64,241700,1.64
2016-08-25,1.59,1.69,1.59,1.63,322700,1.63
2016-08-24,1.69,1.79,1.59,1.59,602900,1.59
2016-08-23,1.73,1.79,1.68,1.68,285000,1.68
2016-08-22,1.62,1.77,1.58,1.74,614300,1.74
2016-08-19,1.64,1.67,1.61,1.61,230800,1.61
2016-08-18,1.63,1.65,1.60,1.64,188700,1.64
2016-08-17,1.64,1.65,1.60,1.63,257300,1.63
2016-08-16,1.64,1.66,1.63,1.64,372300,1.64
2016-08-15,1.64,1.71,1.63,1.65,380100,1.65
2016-08-12,1.61,1.66,1.60,1.64,358600,1.64
2016-08-11,1.51,1.62,1.51,1.61,586300,1.61
2016-08-10,1.61,1.66,1.48,1.51,899500,1.51
2016-08-09,1.67,1.70,1.60,1.61,766600,1.61
2016-08-08,1.73,1.78,1.67,1.67,770300,1.67
2016-08-05,1.68,1.75,1.68,1.70,450600,1.70
2016-08-04,1.76,1.80,1.65,1.68,648300,1.68
2016-08-03,1.65,1.75,1.64,1.75,494400,1.75
2016-08-02,1.70,1.72,1.63,1.66,583100,1.66
2016-08-01,1.69,1.72,1.63,1.69,598500,1.69
2016-07-29,1.60,1.72,1.55,1.68,1247000,1.68
2016-07-28,1.60,1.64,1.58,1.62,490000,1.62
2016-07-27,1.57,1.65,1.57,1.61,575600,1.61
2016-07-26,1.56,1.60,1.52,1.55,617300,1.55
2016-07-25,1.53,1.60,1.45,1.57,707100,1.57
2016-07-22,1.59,1.59,1.51,1.54,779500,1.54
2016-07-21,1.69,1.78,1.57,1.60,2088400,1.60
2016-07-20,1.50,1.65,1.49,1.61,3214200,1.61
2016-07-19,1.50,1.54,1.42,1.49,1355500,1.49
2016-07-18,1.40,1.52,1.36,1.50,1684400,1.50
2016-07-15,1.36,1.40,1.33,1.40,550100,1.40
2016-07-14,1.36,1.37,1.32,1.36,449700,1.36
2016-07-13,1.43,1.45,1.31,1.35,851200,1.35
2016-07-12,1.40,1.44,1.37,1.42,1071200,1.42
2016-07-11,1.42,1.53,1.37,1.42,2532000,1.42
2016-07-08,1.31,1.43,1.31,1.40,1912200,1.40
2016-07-07,1.28,1.32,1.28,1.32,933200,1.32
2016-07-06,1.29,1.33,1.24,1.28,2240300,1.28
2016-07-05,1.35,1.37,1.28,1.29,968900,1.29
2016-07-01,1.33,1.42,1.33,1.37,925800,1.37
2016-06-30,1.38,1.46,1.31,1.33,2201200,1.33
2016-06-29,1.33,1.39,1.32,1.38,1448500,1.38
2016-06-28,1.34,1.36,1.27,1.31,1313100,1.31
2016-06-27,1.32,1.39,1.27,1.30,1234900,1.30
2016-06-24,1.27,1.34,1.24,1.32,2122200,1.32
2016-06-23,1.34,1.37,1.28,1.30,1471300,1.30
2016-06-22,1.31,1.39,1.24,1.32,2231900,1.32
2016-06-21,1.40,1.44,1.30,1.32,2134500,1.32
2016-06-20,1.60,1.62,1.39,1.39,2448900,1.39
2016-06-17,1.47,1.55,1.46,1.52,4134100,1.52
2016-06-16,1.56,1.58,1.41,1.48,4050400,1.48
2016-06-15,1.35,1.91,1.31,1.50,11014300,1.50
2016-06-14,1.45,1.56,1.24,1.36,19687200,1.36
2016-06-13,4.76,5.00,4.38,4.41,664500,4.41
2016-06-10,5.00,5.01,4.79,4.81,292500,4.81
2016-06-09,5.62,5.64,5.02,5.04,511400,5.04
2016-06-08,5.57,5.68,5.39,5.67,487400,5.67
2016-06-07,5.60,5.79,5.49,5.51,618400,5.51
2016-06-06,5.67,5.73,5.51,5.66,503400,5.66
2016-06-03,5.75,5.75,5.48,5.66,390000,5.66
2016-06-02,5.30,5.77,5.30,5.75,468900,5.75
2016-06-01,5.25,5.42,5.25,5.32,276800,5.32
2016-05-31,5.19,5.38,5.07,5.30,236400,5.30
2016-05-27,5.16,5.23,4.97,5.19,138100,5.19
2016-05-26,5.20,5.29,5.05,5.16,151100,5.16
2016-05-25,5.18,5.33,4.97,5.20,408200,5.20
2016-05-24,4.94,5.18,4.83,5.16,339600,5.16
2016-05-23,4.82,5.03,4.77,4.88,284100,4.88
2016-05-20,4.56,4.85,4.50,4.83,316500,4.83
2016-05-19,4.62,4.74,4.53,4.56,432500,4.56
2016-05-18,4.53,4.87,4.50,4.64,593700,4.64
2016-05-17,4.74,4.75,4.51,4.55,401400,4.55
2016-05-16,4.84,4.84,4.54,4.75,498600,4.75
2016-05-13,4.67,4.93,4.64,4.79,318100,4.79
2016-05-12,4.97,5.10,4.62,4.70,279400,4.70
2016-05-11,5.18,5.31,4.92,4.93,237100,4.93
2016-05-10,5.18,5.29,5.03,5.20,261200,5.20
2016-05-09,4.78,5.39,4.75,5.18,454700,5.18
2016-05-06,5.05,5.10,4.72,4.82,461500,4.82
2016-05-05,5.04,5.43,4.88,5.11,693000,5.11
2016-05-04,5.60,5.66,5.18,5.44,541800,5.44
2016-05-03,5.78,5.97,5.61,5.64,292100,5.64
2016-05-02,5.85,5.98,5.72,5.87,345300,5.87
2016-04-29,5.92,6.02,5.72,5.80,316000,5.80
2016-04-28,5.96,6.20,5.80,5.97,512300,5.97
2016-04-27,6.13,6.29,5.81,5.96,607700,5.96
2016-04-26,6.40,6.43,6.10,6.16,302100,6.16
2016-04-25,6.51,6.63,6.31,6.42,229300,6.42
2016-04-22,6.52,6.59,6.35,6.55,265800,6.55
2016-04-21,6.24,6.50,6.13,6.48,361700,6.48
2016-04-20,6.45,6.60,6.14,6.28,351800,6.28
2016-04-19,6.39,6.49,6.28,6.44,252900,6.44
2016-04-18,6.26,6.47,6.19,6.36,553100,6.36
2016-04-15,6.09,6.30,6.00,6.25,437700,6.25
2016-04-14,6.25,6.32,6.03,6.12,299000,6.12
2016-04-13,5.92,6.26,5.89,6.26,453400,6.26
2016-04-12,5.81,5.90,5.69,5.86,381100,5.86
2016-04-11,6.02,6.14,5.73,5.78,326000,5.78
2016-04-08,6.32,6.32,5.83,5.99,466100,5.99
2016-04-07,6.13,6.43,5.99,6.22,579200,6.22
2016-04-06,5.82,6.45,5.82,6.19,1048500,6.19
2016-04-05,5.46,5.81,5.35,5.74,705400,5.74
2016-04-04,5.46,5.71,5.43,5.49,756900,5.49
2016-04-01,5.24,5.49,5.16,5.41,474800,5.41
2016-03-31,5.13,5.47,5.09,5.27,651400,5.27
2016-03-30,5.30,5.47,5.14,5.15,534300,5.15
2016-03-29,4.90,5.36,4.75,5.26,718700,5.26
2016-03-28,5.06,5.17,4.89,4.95,630900,4.95
2016-03-24,5.24,5.44,5.04,5.06,837000,5.06
2016-03-23,5.66,5.79,5.25,5.28,937300,5.28
2016-03-22,5.70,5.80,5.30,5.62,1731900,5.62
2016-03-21,6.36,6.61,6.21,6.52,478100,6.52
2016-03-18,6.28,6.50,6.05,6.34,2490700,6.34
2016-03-17,6.00,6.28,5.71,6.18,688500,6.18
2016-03-16,6.19,6.31,5.85,5.98,573000,5.98
2016-03-15,6.55,6.56,6.13,6.19,589600,6.19
2016-03-14,6.25,6.84,6.09,6.62,477100,6.62
2016-03-11,6.35,6.39,6.09,6.25,595500,6.25
2016-03-10,6.21,6.50,6.05,6.26,465300,6.26
2016-03-09,6.39,6.43,5.93,6.18,759300,6.18
2016-03-08,6.88,6.94,6.31,6.34,759300,6.34
2016-03-07,6.52,6.97,6.50,6.94,769000,6.94
2016-03-04,6.65,6.94,6.45,6.59,579200,6.59
2016-03-03,6.66,6.84,6.30,6.61,632000,6.61
2016-03-02,6.33,6.71,6.11,6.68,1278200,6.68
2016-03-01,5.87,6.00,5.73,5.96,533000,5.96
2016-02-29,6.19,6.25,5.77,5.78,561600,5.78
2016-02-26,6.01,6.26,5.97,6.21,496500,6.21
2016-02-25,6.12,6.24,5.88,5.93,612900,5.93
2016-02-24,5.70,6.23,5.17,6.10,889600,6.10
2016-02-23,6.05,6.20,5.62,5.63,635900,5.63
2016-02-22,6.25,6.42,5.94,6.08,428100,6.08
2016-02-19,5.89,6.21,5.72,6.20,318600,6.20
2016-02-18,6.37,6.42,5.88,5.90,469000,5.90
2016-02-17,6.06,6.83,6.06,6.36,938100,6.36
2016-02-16,6.02,6.07,5.85,5.99,409000,5.99
2016-02-12,5.65,5.93,5.32,5.92,433200,5.92
2016-02-11,5.56,5.66,5.34,5.56,573400,5.56
2016-02-10,5.67,6.07,5.51,5.67,387200,5.67
2016-02-09,5.39,5.78,5.24,5.60,355200,5.60
2016-02-08,5.64,5.80,5.24,5.49,710300,5.49
2016-02-05,5.93,6.02,5.65,5.72,534100,5.72
2016-02-04,5.83,6.15,5.82,5.98,585700,5.98
2016-02-03,5.90,6.00,5.55,5.87,608300,5.87
2016-02-02,6.08,6.17,5.83,5.87,551700,5.87
2016-02-01,6.17,6.44,5.83,6.22,637500,6.22
2016-01-29,6.18,6.28,5.98,6.21,800700,6.21
2016-01-28,6.44,6.58,5.97,6.14,632400,6.14
2016-01-27,6.78,6.93,6.31,6.35,867800,6.35
2016-01-26,6.66,6.92,6.43,6.80,588400,6.80
2016-01-25,6.56,7.07,6.54,6.61,803600,6.61
2016-01-22,6.62,6.89,6.26,6.57,644200,6.57
2016-01-21,6.48,6.85,6.44,6.48,609700,6.48
2016-01-20,5.98,6.55,5.80,6.48,1114800,6.48
2016-01-19,6.37,6.50,5.91,6.15,848100,6.15
2016-01-15,6.12,6.32,5.87,6.26,1271300,6.26
2016-01-14,5.97,6.47,5.82,6.30,987500,6.30
2016-01-13,6.31,6.45,5.88,5.94,843600,5.94
2016-01-12,6.18,6.57,5.77,6.25,1060100,6.25
2016-01-11,6.78,6.89,5.81,6.05,1024300,6.05
2016-01-08,6.74,6.88,6.61,6.68,1017200,6.68
2016-01-07,6.51,6.90,6.33,6.68,1667100,6.68
2016-01-06,7.28,7.28,6.28,6.71,1455100,6.71
2016-01-05,6.91,7.52,6.87,7.44,1218000,7.44
2016-01-04,7.70,8.16,6.55,6.91,1999900,6.91
2015-12-31,7.80,7.93,7.74,7.85,383800,7.85
2015-12-30,7.92,8.06,7.68,7.87,434900,7.87
2015-12-29,7.81,7.94,7.69,7.93,591700,7.93
2015-12-28,7.77,7.90,7.61,7.76,461100,7.76
2015-12-24,7.91,8.01,7.80,7.81,261600,7.81
2015-12-23,7.75,8.00,7.67,7.95,439500,7.95
2015-12-22,7.96,8.02,7.54,7.66,645000,7.66
2015-12-21,8.10,8.10,7.65,7.97,721300,7.97
2015-12-18,7.95,8.12,7.79,8.03,5209500,8.03
2015-12-17,8.06,8.14,7.76,8.00,995400,8.00
2015-12-16,7.45,7.99,7.36,7.87,861800,7.87
2015-12-15,7.46,7.63,7.27,7.36,820400,7.36
2015-12-14,7.26,7.63,7.22,7.32,782400,7.32
2015-12-11,7.31,7.43,7.19,7.30,793600,7.30
2015-12-10,7.35,7.57,7.35,7.51,721600,7.51
2015-12-09,7.50,7.57,7.35,7.37,871400,7.37
2015-12-08,7.53,7.69,7.47,7.55,898000,7.55
2015-12-07,8.10,8.19,7.62,7.62,831500,7.62
2015-12-04,8.33,8.37,7.99,8.09,633000,8.09
2015-12-03,8.48,8.58,8.14,8.29,902800,8.29
2015-12-02,8.47,8.75,8.34,8.35,782800,8.35
2015-12-01,8.89,8.89,8.37,8.49,729100,8.49
2015-11-30,8.87,8.98,8.63,8.82,611300,8.82
2015-11-27,8.65,8.88,8.64,8.81,413800,8.81
2015-11-25,8.35,8.73,8.32,8.68,875800,8.68
2015-11-24,8.39,8.60,8.20,8.32,1321700,8.32
2015-11-23,8.18,8.55,7.91,8.38,732300,8.38
2015-11-20,8.37,8.37,8.01,8.25,1021600,8.25
2015-11-19,8.41,8.42,8.10,8.26,1211900,8.26
2015-11-18,8.05,8.42,7.95,8.41,1100700,8.41
2015-11-17,7.70,8.34,7.60,8.09,1212400,8.09
2015-11-16,7.72,7.95,7.47,7.68,1147600,7.68
2015-11-13,7.90,7.98,7.68,7.78,1116500,7.78
2015-11-12,8.39,8.39,7.93,7.98,1364300,7.98
2015-11-11,9.00,9.12,8.45,8.46,1283800,8.46
2015-11-10,9.22,9.23,8.95,9.11,670600,9.11
2015-11-09,9.01,9.27,8.91,9.19,885500,9.19
2015-11-06,10.15,10.21,8.92,8.95,1586500,8.95
2015-11-05,10.31,10.53,10.18,10.51,923400,10.51
2015-11-04,10.60,10.64,10.16,10.45,1160700,10.45
2015-11-03,10.54,10.72,10.38,10.51,1026800,10.51
2015-11-02,10.41,10.63,10.28,10.60,841600,10.60
2015-10-30,10.27,10.54,10.14,10.35,477100,10.35
2015-10-29,10.62,10.85,10.17,10.27,730800,10.27
2015-10-28,10.49,10.66,10.25,10.64,1036600,10.64
2015-10-27,10.56,10.70,10.15,10.42,589700,10.42
2015-10-26,10.39,10.64,10.15,10.57,769400,10.57
2015-10-23,10.56,10.68,10.10,10.41,1212800,10.41
2015-10-22,9.79,10.49,9.62,10.46,1338500,10.46
2015-10-21,9.06,9.91,8.68,9.85,1439900,9.85
2015-10-20,9.37,9.40,8.81,8.95,1291300,8.95
2015-10-19,8.82,9.47,8.82,9.42,1114700,9.42
2015-10-16,9.22,9.38,8.82,8.89,877200,8.89
2015-10-15,8.28,9.23,8.12,9.13,1443600,9.13
2015-10-14,7.89,8.49,7.83,8.23,647400,8.23
2015-10-13,8.13,8.50,7.80,7.81,829200,7.81
2015-10-12,8.40,8.57,8.06,8.25,792200,8.25
2015-10-09,7.87,8.39,7.74,8.37,548800,8.37
2015-10-08,7.89,8.00,7.52,7.89,943400,7.89
2015-10-07,8.68,8.68,7.74,7.79,1596400,7.79
2015-10-06,8.64,8.90,7.81,8.04,1288100,8.04
2015-10-05,9.00,9.25,8.51,8.83,846600,8.83
2015-10-02,8.14,8.95,7.99,8.92,910100,8.92
2015-10-01,8.55,8.55,7.92,8.28,988200,8.28
2015-09-30,7.93,8.66,7.83,8.45,1396900,8.45
2015-09-29,8.35,8.72,7.78,7.93,1590400,7.93
2015-09-28,8.30,8.39,7.84,8.30,986900,8.30
2015-09-25,9.34,9.77,8.20,8.38,1014000,8.38
2015-09-24,9.29,9.37,8.81,9.24,582600,9.24
2015-09-23,9.43,9.64,9.22,9.33,544900,9.33
2015-09-22,9.70,9.79,9.10,9.48,1329600,9.48
2015-09-21,9.75,10.76,9.63,9.96,2394100,9.96
2015-09-18,9.57,9.61,9.08,9.17,1372000,9.17
2015-09-17,8.78,9.31,8.67,9.25,643200,9.25
2015-09-16,8.95,9.04,8.59,8.77,498100,8.77
2015-09-15,8.87,9.07,8.78,8.90,401200,8.90
2015-09-14,8.82,8.90,8.59,8.86,325800,8.86
2015-09-11,8.69,8.83,8.35,8.82,542500,8.82
2015-09-10,8.47,8.90,8.47,8.87,504200,8.87
2015-09-09,8.99,8.99,8.44,8.51,646500,8.51
2015-09-08,8.85,8.87,8.61,8.83,540300,8.83
2015-09-04,8.32,8.79,8.23,8.65,440200,8.65
2015-09-03,9.07,9.14,8.46,8.56,852200,8.56
2015-09-02,8.70,9.05,8.53,9.01,682000,9.01
2015-09-01,8.59,8.81,8.47,8.60,658000,8.60
2015-08-31,9.18,9.37,8.81,8.82,735000,8.82
2015-08-28,9.04,9.36,8.90,9.28,649800,9.28
2015-08-27,9.01,9.28,8.91,9.12,555000,9.12
2015-08-26,8.75,8.88,8.40,8.87,788800,8.87
2015-08-25,8.89,9.02,8.43,8.49,815700,8.49
2015-08-24,8.61,9.23,8.20,8.55,1209800,8.55
2015-08-21,8.66,10.00,8.66,9.44,1468200,9.44
2015-08-20,9.26,9.59,8.87,8.90,1127900,8.90
2015-08-19,9.35,9.65,9.11,9.40,784600,9.40
2015-08-18,9.61,9.69,9.36,9.38,589100,9.38
2015-08-17,9.50,9.64,9.24,9.59,544800,9.59
2015-08-14,9.26,9.61,9.24,9.51,930100,9.51
2015-08-13,9.30,9.68,9.18,9.31,598200,9.31
2015-08-12,9.14,9.38,8.92,9.29,639700,9.29
2015-08-11,9.25,9.72,8.96,9.21,933300,9.21
2015-08-10,8.54,9.57,8.49,9.40,991000,9.40
2015-08-07,8.25,8.62,7.56,8.47,1156200,8.47
2015-08-06,8.78,9.00,8.15,8.25,761900,8.25
2015-08-05,8.81,8.99,8.74,8.80,325000,8.80
2015-08-04,8.70,8.95,8.66,8.82,490300,8.82
2015-08-03,8.77,8.90,8.53,8.67,393800,8.67
2015-07-31,8.76,9.03,8.65,8.74,414300,8.74
2015-07-30,8.68,8.91,8.46,8.73,419100,8.73
2015-07-29,8.94,9.04,8.58,8.68,561700,8.68
2015-07-28,8.80,9.08,8.55,8.94,535300,8.94
2015-07-27,8.63,8.80,8.42,8.69,577500,8.69
2015-07-24,9.35,9.36,8.68,8.70,875000,8.70
2015-07-23,9.37,9.50,9.21,9.40,673500,9.40
2015-07-22,9.23,9.54,9.12,9.38,525400,9.38
2015-07-21,9.75,9.99,9.29,9.29,715700,9.29
2015-07-20,10.16,10.28,9.54,9.79,729800,9.79
2015-07-17,10.53,10.53,9.93,10.10,628000,10.10
2015-07-16,10.63,10.74,10.35,10.50,421000,10.50
2015-07-15,10.77,10.88,10.41,10.53,468100,10.53
2015-07-14,10.66,10.92,10.51,10.66,462300,10.66
2015-07-13,10.29,10.63,10.18,10.60,412800,10.60
2015-07-10,10.13,10.38,9.90,10.19,527200,10.19
2015-07-09,10.06,10.25,9.93,9.96,508300,9.96
2015-07-08,10.34,10.35,9.89,9.95,523900,9.95
2015-07-07,10.66,10.66,10.23,10.53,503100,10.53
2015-07-06,10.51,10.90,10.38,10.60,339900,10.60
2015-07-02,10.33,10.74,10.26,10.64,461000,10.64
2015-07-01,10.95,11.13,10.13,10.33,706900,10.33
2015-06-30,10.44,10.99,10.38,10.95,668500,10.95
2015-06-29,10.79,10.80,10.23,10.24,521400,10.24
2015-06-26,10.95,10.96,10.46,10.80,750800,10.80
2015-06-25,10.93,11.21,10.82,10.89,402400,10.89
2015-06-24,11.71,11.71,10.86,10.91,582800,10.91
2015-06-23,11.65,11.75,11.53,11.70,222000,11.70
2015-06-22,11.42,11.71,11.35,11.66,375400,11.66
2015-06-19,11.67,11.78,11.42,11.47,1436100,11.47
2015-06-18,11.10,11.76,11.10,11.63,571500,11.63
2015-06-17,11.10,11.15,11.00,11.03,297200,11.03
2015-06-16,11.09,11.25,10.97,11.03,325000,11.03
2015-06-15,11.01,11.30,10.76,11.06,668900,11.06
2015-06-12,11.21,11.26,11.06,11.08,273700,11.08
2015-06-11,11.45,11.60,11.16,11.29,463800,11.29
2015-06-10,11.30,11.44,11.01,11.38,696300,11.38
2015-06-09,11.92,11.92,11.32,11.34,951900,11.34
2015-06-08,12.17,12.21,11.84,11.97,423900,11.97
2015-06-05,12.16,12.18,11.85,12.15,436100,12.15
2015-06-04,12.37,12.44,11.96,12.15,425500,12.15
2015-06-03,12.28,12.68,12.25,12.43,880700,12.43
2015-06-02,12.06,12.54,12.06,12.22,2896100,12.22
2015-06-01,12.72,12.95,12.17,12.23,1294700,12.23
2015-05-29,13.13,13.32,12.90,12.96,685100,12.96
2015-05-28,13.09,13.24,12.95,13.13,506900,13.13
2015-05-27,13.02,13.18,12.75,13.12,569300,13.12
2015-05-26,12.78,13.12,12.74,13.02,585200,13.02
2015-05-22,12.85,13.00,12.78,12.85,332700,12.85
2015-05-21,12.79,12.99,12.64,12.87,518200,12.87
2015-05-20,12.94,12.97,12.69,12.85,472200,12.85
2015-05-19,12.68,13.03,12.66,12.87,738700,12.87
2015-05-18,12.30,12.94,12.25,12.92,707900,12.92
2015-05-15,12.28,12.48,11.89,12.30,1072600,12.30
2015-05-14,12.50,12.53,11.81,12.25,867200,12.25
2015-05-13,13.02,13.12,12.39,12.47,908100,12.47
2015-05-12,12.73,13.24,12.69,13.00,690200,13.00
2015-05-11,13.12,13.36,12.75,12.85,697300,12.85
2015-05-08,12.91,13.32,12.45,13.14,868300,13.14
2015-05-07,12.30,13.05,11.88,12.65,1468200,12.65
2015-05-06,12.26,12.54,11.29,12.16,1318300,12.16
2015-05-05,12.68,13.50,12.32,12.61,878400,12.61
2015-05-04,13.19,13.50,12.77,12.79,821800,12.79
2015-05-01,12.69,13.38,12.64,13.11,518900,13.11
2015-04-30,13.42,13.62,12.50,12.67,936100,12.67
2015-04-29,14.19,14.41,13.50,13.50,698400,13.50
2015-04-28,13.71,14.68,13.11,14.38,989100,14.38
2015-04-27,14.56,14.66,13.54,13.77,693100,13.77
2015-04-24,14.60,14.86,14.25,14.54,330600,14.54
2015-04-23,14.66,14.83,14.41,14.65,398100,14.65
2015-04-22,15.06,15.22,14.68,14.71,348300,14.71
2015-04-21,14.90,15.08,14.81,14.99,235000,14.99
2015-04-20,14.93,14.94,14.48,14.77,245500,14.77
2015-04-17,14.99,15.00,14.64,14.86,325400,14.86
2015-04-16,15.26,15.44,15.05,15.14,384100,15.14
2015-04-15,15.11,15.44,14.71,15.27,513200,15.27
2015-04-14,15.02,15.23,14.78,15.00,327000,15.00
2015-04-13,14.89,15.21,14.75,15.01,603600,15.01
2015-04-10,14.61,15.05,14.44,14.89,466300,14.89
2015-04-09,14.40,14.56,14.05,14.48,515400,14.48
2015-04-08,13.59,14.57,13.59,14.42,770000,14.42
2015-04-07,12.95,13.82,12.95,13.58,574200,13.58
2015-04-06,13.36,13.63,12.98,13.03,860000,13.03
2015-04-02,14.02,14.14,13.30,13.48,734600,13.48
2015-04-01,13.96,14.08,13.52,13.92,801000,13.92
2015-03-31,14.27,14.74,13.92,13.98,1012700,13.98
2015-03-30,14.46,14.76,14.10,14.32,825800,14.32
2015-03-27,14.47,14.94,14.33,14.35,562300,14.35
2015-03-26,14.03,14.80,13.91,14.45,602300,14.45
2015-03-25,15.84,15.93,14.30,14.38,843700,14.38
2015-03-24,14.94,15.87,14.91,15.75,916400,15.75
2015-03-23,15.27,15.84,14.80,14.92,616500,14.92
2015-03-20,16.66,16.98,15.37,15.39,1334600,15.39
2015-03-19,15.84,16.65,15.84,16.530001,425600,16.530001
2015-03-18,16.08,16.27,15.75,15.84,452300,15.84
2015-03-17,16.110001,16.40,15.98,16.15,434800,16.15
2015-03-16,15.61,16.190001,15.46,16.129999,640000,16.129999
2015-03-13,15.47,15.65,15.33,15.46,924300,15.46
2015-03-12,15.60,15.66,15.28,15.49,645500,15.49
2015-03-11,15.84,15.97,15.37,15.54,441000,15.54
2015-03-10,15.58,16.049999,15.20,15.80,557700,15.80
2015-03-09,15.61,15.84,15.19,15.79,543300,15.79
2015-03-06,16.33,16.33,15.36,15.54,767400,15.54
2015-03-05,16.280001,16.790001,16.059999,16.51,750900,16.51
2015-03-04,15.86,16.370001,15.66,16.17,802800,16.17
2015-03-03,15.94,16.139999,15.59,15.96,1769300,15.96
2015-03-02,15.67,16.08,15.64,15.96,1076100,15.96
2015-02-27,16.00,16.120001,14.98,15.20,741700,15.20
2015-02-26,15.16,16.09,15.00,16.040001,770100,16.040001
2015-02-25,14.67,15.28,13.84,15.12,1097100,15.12
2015-02-24,15.49,15.82,15.00,15.13,528700,15.13
2015-02-23,15.69,16.030001,15.30,15.42,587600,15.42
2015-02-20,15.32,16.110001,15.32,15.69,512300,15.69
2015-02-19,15.20,15.64,15.20,15.33,435800,15.33
2015-02-18,15.07,15.36,14.89,15.30,435500,15.30
2015-02-17,15.50,15.67,14.86,15.07,587600,15.07
2015-02-13,14.57,15.14,14.54,15.13,431200,15.13
2015-02-12,14.71,14.84,14.43,14.58,263600,14.58
2015-02-11,14.38,15.10,14.38,14.64,353500,14.64
2015-02-10,14.68,14.94,14.22,14.48,339800,14.48
2015-02-09,14.27,14.67,14.07,14.32,387600,14.32
2015-02-06,14.90,15.10,14.23,14.31,668700,14.31
2015-02-05,14.30,15.10,14.30,14.95,577600,14.95
2015-02-04,14.48,14.55,13.81,14.20,590600,14.20
2015-02-03,14.13,14.62,13.66,14.59,750500,14.59
2015-02-02,15.42,15.58,14.58,14.66,543600,14.66
2015-01-30,15.46,15.72,15.18,15.44,649500,15.44
2015-01-29,14.98,15.34,14.50,15.22,650000,15.22
2015-01-28,15.98,16.00,14.86,14.98,429600,14.98
2015-01-27,15.65,16.120001,15.57,15.84,518800,15.84
2015-01-26,15.34,15.86,15.20,15.80,549700,15.80
2015-01-23,14.77,15.49,14.76,15.29,600800,15.29
2015-01-22,14.51,15.00,14.05,14.73,702100,14.73
2015-01-21,14.62,14.83,14.21,14.33,437800,14.33
2015-01-20,15.07,15.14,14.35,14.71,683300,14.71
2015-01-16,14.90,15.25,14.68,14.99,652500,14.99
2015-01-15,15.82,15.87,14.69,14.96,627400,14.96
2015-01-14,15.45,15.98,15.31,15.74,755800,15.74
2015-01-13,15.20,15.77,15.07,15.55,1228100,15.55
2015-01-12,14.81,15.59,14.52,15.15,1134800,15.15
2015-01-09,14.29,14.85,13.91,14.77,1923200,14.77
2015-01-08,14.54,15.53,14.26,14.34,2953300,14.34
2015-01-07,16.280001,16.690001,16.059999,16.33,941200,16.33
2015-01-06,16.76,16.90,16.02,16.08,678200,16.08
2015-01-05,16.50,16.98,16.02,16.700001,694300,16.700001
2015-01-02,17.049999,17.42,16.629999,17.10,368800,17.10
2014-12-31,16.610001,17.200001,16.59,16.889999,583000,16.889999
2014-12-30,16.42,17.27,16.41,16.60,473900,16.60
2014-12-29,16.620001,16.74,16.26,16.450001,453800,16.450001
2014-12-26,16.77,17.16,16.66,16.700001,404000,16.700001
2014-12-24,16.280001,17.18,16.280001,16.65,245000,16.65
2014-12-23,17.360001,17.559999,15.88,16.280001,791200,16.280001
2014-12-22,17.65,17.879999,16.629999,17.32,560700,17.32
2014-12-19,17.15,17.780001,16.85,17.73,1169000,17.73
2014-12-18,17.15,17.290001,16.709999,17.190001,510500,17.190001
2014-12-17,16.209999,16.940001,16.190001,16.940001,598700,16.940001
2014-12-16,15.28,16.52,15.21,16.129999,911100,16.129999
2014-12-15,17.780001,17.780001,15.41,15.58,1397500,15.58
2014-12-12,17.74,18.25,17.450001,17.780001,852600,17.780001
2014-12-11,17.389999,18.040001,17.299999,17.99,949300,17.99
2014-12-10,17.190001,17.530001,16.99,17.25,748900,17.25
2014-12-09,16.030001,17.299999,15.65,17.209999,1432200,17.209999
2014-12-08,16.42,17.200001,16.32,16.450001,932100,16.450001
2014-12-05,15.76,16.450001,15.70,16.42,785800,16.42
2014-12-04,15.72,15.98,15.38,15.79,902000,15.79
2014-12-03,15.26,15.43,14.77,15.38,763400,15.38
2014-12-02,14.96,15.41,14.77,15.37,559600,15.37
2014-12-01,15.08,15.44,14.74,14.93,730100,14.93
2014-11-28,15.51,15.71,14.88,15.01,269400,15.01
2014-11-26,14.75,15.35,14.73,15.24,610600,15.24
2014-11-25,14.44,14.72,14.15,14.71,727500,14.71
2014-11-24,14.35,14.75,14.17,14.28,480300,14.28
2014-11-21,14.50,14.52,13.91,14.21,741300,14.21
2014-11-20,13.58,14.40,13.54,14.21,471000,14.21
2014-11-19,13.91,13.99,13.45,13.59,574100,13.59
2014-11-18,14.30,14.42,13.95,13.99,593200,13.99
2014-11-17,14.10,14.45,14.05,14.16,621800,14.16
2014-11-14,14.30,14.70,13.94,14.10,602800,14.10
2014-11-13,14.48,14.72,14.13,14.25,518300,14.25
2014-11-12,13.61,14.76,13.48,14.50,883300,14.50
2014-11-11,13.52,13.76,13.27,13.62,1099600,13.62
2014-11-10,13.06,13.63,12.68,13.57,807300,13.57
2014-11-07,12.77,13.38,12.33,13.01,1308700,13.01
2014-11-06,12.34,12.53,11.90,12.14,677600,12.14
2014-11-05,12.83,13.18,12.26,12.29,618500,12.29
2014-11-04,13.13,13.33,12.49,12.78,567500,12.78
2014-11-03,13.64,14.08,13.06,13.25,581600,13.25
2014-10-31,14.13,14.37,13.33,13.62,728700,13.62
2014-10-30,13.51,13.98,13.22,13.81,332800,13.81
2014-10-29,13.65,13.72,13.23,13.58,352600,13.58
2014-10-28,13.76,13.96,13.51,13.66,639700,13.66
2014-10-27,12.70,13.75,12.44,13.73,537600,13.73
2014-10-24,13.28,13.79,12.70,12.73,639700,12.73
2014-10-23,12.86,13.48,12.70,13.22,504600,13.22
2014-10-22,13.05,13.25,12.65,12.71,363700,12.71
2014-10-21,13.08,13.09,12.74,13.00,365700,13.00
2014-10-20,12.50,13.19,12.47,12.95,411200,12.95
2014-10-17,13.59,13.59,12.62,12.78,505200,12.78
2014-10-16,13.33,13.77,12.79,13.24,692700,13.24
2014-10-15,12.39,13.29,12.19,13.25,507100,13.25
2014-10-14,12.73,13.28,12.20,12.65,450800,12.65
2014-10-13,12.51,12.97,12.00,12.59,431200,12.59
2014-10-10,12.79,13.28,12.50,12.51,343700,12.51
2014-10-09,13.24,13.48,12.77,12.88,498700,12.88
2014-10-08,12.73,13.30,12.25,13.26,663300,13.26
2014-10-07,13.27,13.36,12.76,12.78,589100,12.78
2014-10-06,14.08,14.08,13.22,13.43,538200,13.43
2014-10-03,13.98,14.43,13.84,14.11,499600,14.11
2014-10-02,13.71,13.98,13.23,13.75,403400,13.75
2014-10-01,13.43,13.79,13.04,13.70,740200,13.70
2014-09-30,13.85,13.85,13.34,13.42,916500,13.42
2014-09-29,13.66,14.15,13.56,13.91,622600,13.91
2014-09-26,13.63,14.09,13.46,13.80,345000,13.80
2014-09-25,13.85,14.10,13.48,13.65,325500,13.65
2014-09-24,13.63,14.13,13.49,13.91,602100,13.91
2014-09-23,13.58,14.05,13.54,13.54,626800,13.54
2014-09-22,13.80,14.05,13.46,13.74,565200,13.74
2014-09-19,14.32,14.32,13.65,13.95,1896000,13.95
2014-09-18,14.42,14.64,14.07,14.27,437600,14.27
2014-09-17,14.23,14.82,14.06,14.40,571100,14.40
2014-09-16,14.13,14.20,13.62,14.04,765800,14.04
2014-09-15,14.89,14.93,14.08,14.21,581100,14.21
2014-09-12,15.58,15.59,14.68,14.86,884700,14.86
2014-09-11,15.40,15.91,15.29,15.53,852400,15.53
2014-09-10,15.38,15.56,15.28,15.46,620800,15.46
2014-09-09,15.49,15.59,15.08,15.33,985400,15.33
2014-09-08,14.48,15.72,14.47,15.48,1873600,15.48
2014-09-05,14.13,14.64,14.05,14.46,1468200,14.46
2014-09-04,15.97,15.97,14.16,14.33,6623400,14.33
2014-09-03,15.32,16.93,14.56,15.73,17791300,15.73
2014-09-02,11.40,11.41,10.85,10.92,272100,10.92
2014-08-29,11.18,11.41,11.01,11.30,184800,11.30
2014-08-28,11.54,11.64,10.84,11.18,441300,11.18
2014-08-27,11.64,11.96,11.40,11.59,374200,11.59
2014-08-26,11.25,11.64,11.25,11.58,426900,11.58
2014-08-25,11.03,11.74,11.03,11.24,618600,11.24
2014-08-22,10.90,11.22,10.42,10.94,421100,10.94
2014-08-21,10.95,11.25,10.77,10.94,435200,10.94
2014-08-20,10.69,11.29,10.55,10.94,536200,10.94
2014-08-19,11.05,11.09,10.62,10.77,537100,10.77
2014-08-18,11.48,11.54,10.97,11.04,483500,11.04
2014-08-15,11.62,11.76,11.28,11.33,398900,11.33
2014-08-14,11.39,11.68,11.28,11.52,372100,11.52
2014-08-13,11.10,11.49,11.00,11.38,403300,11.38
2014-08-12,10.77,11.24,10.62,11.09,772400,11.09
2014-08-11,10.95,10.96,10.63,10.74,1116800,10.74
2014-08-08,10.53,10.93,10.53,10.84,801600,10.84
2014-08-07,10.74,11.08,10.42,10.55,1073000,10.55
2014-08-06,10.27,10.94,10.27,10.76,1544800,10.76
2014-08-05,9.29,10.16,9.10,9.98,949600,9.98
2014-08-04,9.40,9.47,9.08,9.35,687700,9.35
2014-08-01,9.05,9.35,8.80,9.33,678600,9.33
2014-07-31,9.27,9.52,8.98,9.09,429800,9.09
2014-07-30,9.47,9.75,9.40,9.42,318500,9.42
2014-07-29,9.30,9.56,9.29,9.34,400000,9.34
2014-07-28,9.67,9.69,9.26,9.27,328500,9.27
2014-07-25,9.57,9.74,9.50,9.67,323800,9.67
2014-07-24,9.85,10.17,9.59,9.68,419200,9.68
2014-07-23,10.00,10.26,9.75,9.82,475500,9.82
2014-07-22,9.91,9.98,9.75,9.90,329800,9.90
2014-07-21,9.61,9.93,9.49,9.80,683900,9.80
2014-07-18,9.50,9.89,9.29,9.72,845800,9.72
2014-07-17,9.97,10.19,9.46,9.54,814100,9.54
2014-07-16,10.69,10.86,9.92,10.09,698300,10.09
2014-07-15,11.51,11.57,10.49,10.57,896400,10.57
2014-07-14,11.99,12.00,11.50,11.53,320400,11.53
2014-07-11,11.40,11.96,11.29,11.84,332400,11.84
2014-07-10,11.21,11.79,11.19,11.39,389900,11.39
2014-07-09,11.64,11.94,11.25,11.78,481400,11.78
2014-07-08,12.06,12.21,11.38,11.53,673500,11.53
2014-07-07,12.81,12.84,12.04,12.10,322100,12.10
2014-07-03,13.04,13.12,12.83,12.85,100700,12.85
2014-07-02,12.87,13.08,12.75,13.00,329000,13.00
2014-07-01,12.83,13.03,12.73,12.91,384900,12.91
2014-06-30,12.58,12.81,12.36,12.74,381400,12.74
2014-06-27,12.44,12.60,12.25,12.55,655400,12.55
2014-06-26,12.71,12.78,12.14,12.54,376800,12.54
2014-06-25,12.46,13.25,12.28,12.67,768500,12.67
2014-06-24,12.10,12.39,11.78,11.89,416100,11.89
2014-06-23,12.29,12.45,11.83,12.06,307200,12.06
2014-06-20,12.10,12.38,11.91,12.35,1325500,12.35
2014-06-19,12.03,12.27,11.83,12.04,188900,12.04
2014-06-18,11.86,12.11,11.73,12.04,516700,12.04
2014-06-17,11.91,11.98,11.56,11.85,287100,11.85
2014-06-16,11.73,12.09,11.55,11.97,257900,11.97
2014-06-13,11.47,12.00,11.28,11.72,385800,11.72
2014-06-12,11.38,11.57,11.06,11.42,196600,11.42
2014-06-11,11.42,11.87,11.19,11.36,370700,11.36
2014-06-10,11.20,11.57,10.90,11.53,380900,11.53
2014-06-09,10.89,11.63,10.82,11.28,596000,11.28
2014-06-06,9.99,10.84,9.87,10.83,576100,10.83
2014-06-05,9.81,9.95,9.50,9.94,345200,9.94
2014-06-04,9.57,9.79,9.53,9.75,261400,9.75
2014-06-03,9.48,9.73,9.48,9.61,224600,9.61
2014-06-02,10.18,10.20,9.42,9.53,396000,9.53
2014-05-30,10.21,10.42,10.02,10.10,618800,10.10
2014-05-29,10.05,10.27,9.90,10.10,358900,10.10
2014-05-28,9.93,10.19,9.83,9.98,328000,9.98
2014-05-27,9.53,10.15,9.38,9.92,415600,9.92
2014-05-23,9.34,9.46,9.20,9.40,770400,9.40
2014-05-22,9.01,9.42,8.96,9.31,571800,9.31
2014-05-21,9.22,9.28,8.92,9.09,324000,9.09
2014-05-20,9.72,9.89,8.76,9.20,728400,9.20
2014-05-19,9.21,9.90,9.06,9.80,420600,9.80
2014-05-16,9.13,9.31,8.93,9.24,390900,9.24
2014-05-15,9.50,9.62,9.07,9.11,687700,9.11
2014-05-14,9.74,9.99,9.55,9.60,416000,9.60
2014-05-13,9.90,10.15,9.73,9.74,636700,9.74
2014-05-12,9.23,9.88,9.08,9.85,564100,9.85
2014-05-09,8.57,9.21,8.41,9.21,448700,9.21
2014-05-08,8.76,9.01,8.46,8.60,600300,8.60
2014-05-07,9.44,9.44,8.40,8.82,837200,8.82
2014-05-06,9.41,9.53,8.99,9.05,415700,9.05
2014-05-05,9.04,9.50,9.04,9.47,324900,9.47
2014-05-02,9.71,9.75,9.08,9.16,522400,9.16
2014-05-01,9.75,9.95,9.35,9.71,490000,9.71
2014-04-30,9.63,9.80,9.25,9.77,300100,9.77
2014-04-29,9.40,9.90,9.07,9.69,491100,9.69
2014-04-28,9.42,9.67,8.72,9.36,771700,9.36
2014-04-25,9.86,9.89,9.22,9.34,682700,9.34
2014-04-24,10.00,10.21,9.45,9.94,551000,9.94
2014-04-23,10.51,10.52,9.90,9.97,521300,9.97
2014-04-22,10.24,10.89,10.09,10.50,627900,10.50
2014-04-21,10.22,10.36,9.88,10.17,486000,10.17
2014-04-17,10.60,10.78,10.11,10.15,602300,10.15
2014-04-16,9.92,10.68,9.68,10.60,792400,10.60
2014-04-15,9.84,10.06,8.91,9.79,1327400,9.79
2014-04-14,10.24,10.48,9.49,9.82,621300,9.82
2014-04-11,10.27,10.90,10.08,10.09,892700,10.09
2014-04-10,10.95,11.11,10.20,10.41,579300,10.41
2014-04-09,10.64,11.15,10.63,11.01,506900,11.01
2014-04-08,10.53,10.82,10.34,10.55,506100,10.55
2014-04-07,10.60,10.90,10.13,10.51,613000,10.51
2014-04-04,11.07,11.15,10.14,10.62,938400,10.62
2014-04-03,11.34,11.38,10.75,10.95,676000,10.95
2014-04-02,11.65,11.80,10.90,11.30,1187900,11.30
2014-04-01,11.95,12.24,11.55,11.59,896800,11.59
2014-03-31,12.09,12.19,11.87,11.89,702300,11.89
2014-03-28,12.84,13.05,11.97,12.02,679800,12.02
2014-03-27,12.65,13.08,12.13,12.85,482000,12.85
2014-03-26,12.84,13.14,12.60,12.70,712800,12.70
2014-03-25,12.92,13.15,12.28,12.71,861500,12.71
2014-03-24,13.02,13.18,12.19,12.81,1057200,12.81
2014-03-21,14.00,14.00,12.93,12.93,1487900,12.93
2014-03-20,13.87,14.03,13.45,13.67,394000,13.67
2014-03-19,14.19,14.31,13.76,13.93,391600,13.93
2014-03-18,13.70,14.26,13.70,14.14,415300,14.14
2014-03-17,13.85,14.11,13.50,13.64,473400,13.64
2014-03-14,13.45,13.75,13.20,13.72,344000,13.72
2014-03-13,14.15,14.33,13.41,13.54,401300,13.54
2014-03-12,13.81,14.18,13.63,14.07,391100,14.07
2014-03-11,14.03,14.65,13.81,13.93,640700,13.93
2014-03-10,13.70,14.06,13.52,14.02,454100,14.02
2014-03-07,14.38,14.57,13.61,13.73,606800,13.73
2014-03-06,14.93,14.93,14.26,14.29,588500,14.29
2014-03-05,14.71,15.00,14.51,14.82,574900,14.82
2014-03-04,14.73,14.99,14.60,14.71,821500,14.71
2014-03-03,15.47,15.68,14.65,15.27,789700,15.27
2014-02-28,16.450001,16.559999,15.45,15.68,835300,15.68
2014-02-27,16.440001,16.59,15.83,16.52,662100,16.52
2014-02-26,16.059999,16.629999,15.20,16.51,1108700,16.51
2014-02-25,14.17,16.700001,14.02,16.15,2148000,16.15
2014-02-24,13.92,14.26,13.62,13.98,560600,13.98
2014-02-21,13.76,14.07,13.72,13.83,567600,13.83
2014-02-20,13.41,13.97,13.31,13.66,296500,13.66
2014-02-19,13.73,13.73,13.21,13.40,414200,13.40
2014-02-18,13.33,13.93,13.33,13.78,595400,13.78
2014-02-14,13.39,13.59,12.90,13.23,417400,13.23
2014-02-13,13.00,13.47,12.90,13.38,426700,13.38
2014-02-12,13.18,13.33,12.99,13.18,393900,13.18
2014-02-11,12.85,13.25,12.68,13.12,466400,13.12
2014-02-10,12.18,12.82,12.05,12.81,379300,12.81
2014-02-07,11.41,12.35,11.41,12.16,644600,12.16
2014-02-06,11.83,11.98,11.30,11.37,503900,11.37
2014-02-05,12.31,12.31,11.61,11.78,641500,11.78
2014-02-04,12.42,12.84,12.02,12.36,308500,12.36
2014-02-03,12.84,12.98,12.23,12.30,727600,12.30
2014-01-31,13.36,13.51,12.80,12.85,849700,12.85
2014-01-30,13.34,13.83,13.15,13.62,537900,13.62
2014-01-29,12.96,13.33,12.74,13.20,567400,13.20
2014-01-28,13.20,13.48,12.77,13.15,460200,13.15
2014-01-27,13.45,13.95,12.58,12.94,604600,12.94
2014-01-24,14.12,14.33,13.34,13.37,578200,13.37
2014-01-23,14.37,14.39,13.97,14.19,439400,14.19
2014-01-22,14.30,14.71,14.02,14.44,738700,14.44
2014-01-21,13.48,14.36,13.43,14.32,1163200,14.32
2014-01-17,12.36,13.52,12.35,13.41,1201200,13.41
2014-01-16,12.01,12.44,11.90,12.35,654800,12.35
2014-01-15,12.22,12.35,11.97,12.03,795200,12.03
2014-01-14,12.46,12.65,12.14,12.18,797700,12.18
2014-01-13,12.97,13.47,12.36,12.41,873100,12.41
2014-01-10,12.60,12.94,12.41,12.91,957700,12.91
2014-01-09,12.63,13.02,12.45,12.61,599600,12.61
2014-01-08,12.51,12.87,12.40,12.50,764400,12.50
2014-01-07,12.64,12.84,12.45,12.50,684700,12.50
2014-01-06,12.96,12.96,12.30,12.61,1412700,12.61
2014-01-03,13.49,13.72,12.92,12.96,651000,12.96
2014-01-02,13.75,13.77,13.29,13.44,573200,13.44
2013-12-31,13.24,13.90,13.16,13.81,651500,13.81
2013-12-30,12.60,13.89,12.48,13.48,1228200,13.48
2013-12-27,12.87,13.02,12.50,12.53,618100,12.53
2013-12-26,12.91,13.14,12.66,12.81,736100,12.81
2013-12-24,12.94,13.01,12.77,12.88,298000,12.88
2013-12-23,13.27,13.40,12.65,12.91,979600,12.91
2013-12-20,12.68,13.25,12.57,13.08,1669300,13.08
2013-12-19,12.50,12.89,12.42,12.61,1222700,12.61
2013-12-18,12.51,12.74,12.35,12.50,1533700,12.50
2013-12-17,12.76,12.80,12.27,12.48,1271200,12.48
2013-12-16,13.01,13.04,12.65,12.73,831200,12.73
2013-12-13,13.26,13.44,12.84,12.96,887100,12.96
2013-12-12,13.29,13.73,12.95,13.26,2005800,13.26
2013-12-11,14.93,14.93,13.13,13.31,1924600,13.31
2013-12-10,15.33,15.74,14.78,14.95,1541300,14.95
2013-12-09,17.48,18.35,13.92,15.34,12234100,15.34
2013-12-06,14.52,15.08,14.20,14.95,1138900,14.95
2013-12-05,14.51,14.70,14.21,14.36,904000,14.36
2013-12-04,14.30,14.66,14.25,14.50,1001900,14.50
2013-12-03,14.38,14.86,14.22,14.35,733800,14.35
2013-12-02,14.65,14.83,14.32,14.44,385100,14.44
2013-11-29,14.59,14.83,14.53,14.61,149000,14.61
2013-11-27,14.57,14.70,14.11,14.56,386700,14.56
2013-11-26,15.35,15.36,14.46,14.52,734300,14.52
2013-11-25,14.92,15.86,14.83,15.34,583400,15.34
2013-11-22,14.41,14.96,14.41,14.82,377300,14.82
2013-11-21,14.38,14.73,14.31,14.35,590700,14.35
2013-11-20,14.39,14.82,14.25,14.33,434700,14.33
2013-11-19,14.21,14.56,14.15,14.32,756100,14.32
2013-11-18,14.46,14.65,14.06,14.25,766800,14.25
2013-11-15,13.68,14.62,13.68,14.38,1301600,14.38
2013-11-14,13.84,13.99,13.38,13.62,359800,13.62
2013-11-13,13.64,14.01,13.39,13.82,679000,13.82
2013-11-12,13.62,13.75,13.32,13.73,364300,13.73
2013-11-11,14.08,14.29,13.64,13.69,500200,13.69
2013-11-08,12.36,14.60,12.02,14.05,1797200,14.05
2013-11-07,12.07,12.54,11.57,11.97,1506200,11.97
2013-11-06,12.84,13.10,11.94,11.97,972900,11.97
2013-11-05,13.33,13.45,12.76,12.80,561400,12.80
2013-11-04,13.31,13.54,13.15,13.35,643000,13.35
2013-11-01,13.55,13.79,13.17,13.27,486900,13.27
2013-10-31,13.32,13.73,13.19,13.55,499000,13.55
2013-10-30,14.22,14.32,13.27,13.32,615700,13.32
2013-10-29,13.61,14.60,13.55,14.18,723900,14.18
2013-10-28,13.71,13.86,13.35,13.57,628500,13.57
2013-10-25,14.44,14.47,13.64,13.70,800300,13.70
2013-10-24,13.97,14.68,13.88,14.45,519300,14.45
2013-10-23,13.66,13.92,13.52,13.87,518800,13.87
2013-10-22,14.07,14.13,13.68,13.88,553000,13.88
2013-10-21,14.38,14.54,13.85,13.96,1251200,13.96
2013-10-18,15.10,15.15,14.20,14.31,805900,14.31
2013-10-17,15.10,15.14,14.67,14.99,645100,14.99
2013-10-16,14.80,15.40,14.80,15.16,844900,15.16
2013-10-15,13.87,15.09,13.87,14.64,2287000,14.64
2013-10-14,13.71,14.00,13.62,13.94,763500,13.94
2013-10-11,14.57,14.80,13.60,13.82,1999000,13.82
2013-10-10,15.34,15.40,14.50,14.66,1218900,14.66
2013-10-09,16.02,16.059999,14.36,15.18,1198300,15.18
2013-10-08,16.93,17.08,15.97,16.01,1258000,16.01
2013-10-07,16.66,16.889999,16.360001,16.879999,1055500,16.879999
2013-10-04,16.83,17.059999,16.719999,16.780001,501700,16.780001
2013-10-03,17.16,17.33,16.74,16.780001,595100,16.780001
2013-10-02,16.98,17.629999,16.98,17.139999,841000,17.139999
2013-10-01,17.389999,17.57,16.959999,17.09,768600,17.09
2013-09-30,16.780001,17.559999,16.65,17.43,696000,17.43
2013-09-27,17.34,17.52,16.959999,17.01,503700,17.01
2013-09-26,17.450001,17.75,17.27,17.389999,644600,17.389999
2013-09-25,18.24,18.43,17.200001,17.32,1648200,17.32
2013-09-24,19.030001,19.17,18.290001,18.309999,935400,18.309999
2013-09-23,19.76,19.76,18.91,19.200001,570100,19.200001
2013-09-20,20.290001,20.459999,19.700001,19.76,924100,19.76
2013-09-19,20.35,20.51,20.00,20.25,432100,20.25
2013-09-18,20.780001,20.889999,19.940001,20.26,609600,20.26
2013-09-17,20.629999,20.83,20.290001,20.719999,376400,20.719999
2013-09-16,21.120001,21.25,20.35,20.700001,493500,20.700001
2013-09-13,20.75,20.889999,20.40,20.879999,327200,20.879999
2013-09-12,20.860001,21.049999,20.610001,20.700001,333200,20.700001
2013-09-11,21.50,21.549999,20.690001,20.92,477100,20.92
2013-09-10,21.10,21.60,20.82,21.57,814300,21.57
2013-09-09,20.889999,21.24,20.559999,21.02,405500,21.02
2013-09-06,20.40,21.129999,19.889999,20.780001,765500,20.780001
2013-09-05,20.549999,20.73,19.82,20.190001,440200,20.190001
2013-09-04,19.68,20.51,19.450001,20.469999,859800,20.469999
2013-09-03,18.77,19.74,18.77,19.690001,889800,19.690001
2013-08-30,18.950001,18.950001,18.42,18.51,370000,18.51
2013-08-29,18.719999,18.969999,18.51,18.91,509900,18.91
2013-08-28,18.93,18.98,18.49,18.700001,398600,18.700001
2013-08-27,19.50,19.67,18.780001,18.950001,629300,18.950001
2013-08-26,18.950001,19.870001,18.66,19.73,819000,19.73
2013-08-23,19.17,19.18,18.549999,18.90,364700,18.90
2013-08-22,19.27,19.389999,19.030001,19.10,277500,19.10
2013-08-21,18.620001,19.49,18.549999,19.139999,987400,19.139999
2013-08-20,18.00,18.75,17.90,18.610001,884700,18.610001
2013-08-19,17.82,18.200001,17.610001,17.98,954600,17.98
2013-08-16,17.43,18.16,17.25,17.809999,839300,17.809999
2013-08-15,17.85,18.040001,17.43,17.50,926500,17.50
2013-08-14,18.200001,18.549999,17.90,17.98,746700,17.98
2013-08-13,18.43,18.700001,17.950001,18.18,683300,18.18
2013-08-12,18.59,18.82,18.25,18.370001,997300,18.370001
2013-08-09,19.860001,19.860001,18.52,18.780001,1800600,18.780001
2013-08-08,22.030001,22.879999,19.32,20.00,3509600,20.00
2013-08-07,22.559999,22.68,21.610001,22.18,829900,22.18
2013-08-06,23.030001,23.360001,22.42,22.549999,992900,22.549999
2013-08-05,22.68,23.58,22.59,23.200001,700000,23.200001
2013-08-02,22.639999,23.68,22.42,22.74,1049800,22.74
2013-08-01,21.450001,23.059999,21.110001,22.940001,1804300,22.940001
2013-07-31,21.049999,21.58,20.52,21.18,984400,21.18
2013-07-30,20.15,21.01,20.059999,20.940001,835100,20.940001
2013-07-29,20.450001,20.540001,19.98,20.07,601200,20.07
2013-07-26,20.639999,20.639999,19.799999,20.49,1172000,20.49
2013-07-25,19.629999,20.870001,19.299999,20.860001,1676100,20.860001
2013-07-24,19.60,19.75,19.16,19.629999,761000,19.629999
2013-07-23,19.99,20.16,19.379999,19.52,1022100,19.52
2013-07-22,19.75,20.41,19.75,19.91,1259200,19.91
2013-07-19,18.00,20.18,17.66,19.639999,2455500,19.639999
2013-07-18,17.83,18.559999,17.83,17.969999,989800,17.969999
2013-07-17,17.08,17.77,16.799999,17.690001,875200,17.690001
2013-07-16,17.33,17.50,17.00,17.16,714600,17.16
2013-07-15,17.299999,17.49,16.969999,17.35,565900,17.35
2013-07-12,16.67,17.379999,16.389999,17.280001,1408800,17.280001
2013-07-11,17.040001,17.040001,16.360001,16.58,695200,16.58
2013-07-10,16.379999,16.82,16.00,16.82,866800,16.82
2013-07-09,15.64,16.43,15.53,16.34,1169400,16.34
2013-07-08,15.96,16.049999,15.45,15.60,877200,15.60
2013-07-05,16.50,16.700001,15.74,15.95,909100,15.95
2013-07-03,16.190001,16.690001,16.07,16.459999,512900,16.459999
2013-07-02,16.540001,16.74,16.07,16.219999,828200,16.219999
2013-07-01,16.26,16.90,16.26,16.58,886100,16.58
2013-06-28,16.74,16.90,16.08,16.190001,3830800,16.190001
2013-06-27,17.00,17.049999,16.49,16.77,1156700,16.77
2013-06-26,16.74,17.17,16.620001,16.83,1195900,16.83
2013-06-25,18.540001,18.65,16.07,16.559999,3776100,16.559999
2013-06-24,18.59,18.73,18.15,18.389999,1017000,18.389999
2013-06-21,18.389999,19.00,18.00,18.809999,2814100,18.809999
2013-06-20,18.32,18.99,18.030001,18.360001,1059600,18.360001
2013-06-19,19.459999,19.700001,18.35,18.58,1725700,18.58
2013-06-18,17.219999,19.799999,17.200001,19.459999,5040900,19.459999
2013-06-17,16.969999,17.190001,16.77,17.17,1010200,17.17
2013-06-14,17.16,17.299999,16.59,16.76,710300,16.76
2013-06-13,16.959999,17.33,16.790001,17.25,713100,17.25
2013-06-12,17.450001,17.610001,16.84,17.01,700900,17.01
2013-06-11,17.57,17.82,17.129999,17.34,782400,17.34
2013-06-10,18.27,18.440001,17.780001,17.84,1070600,17.84
2013-06-07,18.52,18.950001,18.09,18.129999,997600,18.129999
2013-06-06,19.110001,19.459999,17.92,18.530001,2208100,18.530001
2013-06-05,20.030001,20.73,18.629999,19.110001,4280200,19.110001
2013-06-04,18.01,20.49,17.32,20.26,12719300,20.26
2013-06-03,22.59,22.620001,16.25,16.41,12926400,16.41
2013-05-31,28.709999,29.129999,26.82,26.950001,2012300,26.950001
2013-05-30,27.360001,29.09,27.26,28.98,1660600,28.98
2013-05-29,25.469999,28.50,25.370001,27.49,2642200,27.49
2013-05-28,24.629999,25.889999,24.200001,25.690001,2063600,25.690001
2013-05-24,24.190001,24.82,23.16,24.299999,1183200,24.299999
2013-05-23,22.85,24.83,22.42,24.360001,1547700,24.360001
2013-05-22,25.17,25.34,22.59,23.120001,2445400,23.120001
2013-05-21,25.60,25.969999,24.969999,25.129999,759800,25.129999
2013-05-20,24.950001,26.85,24.709999,25.610001,1900100,25.610001
2013-05-17,24.49,25.620001,23.370001,24.91,2575700,24.91
2013-05-16,30.120001,30.41,24.299999,24.32,9775600,24.32
2013-05-15,32.98,33.049999,31.299999,31.440001,1120900,31.440001
2013-05-14,32.610001,33.880001,32.490002,32.98,749300,32.98
2013-05-13,31.65,33.93,31.549999,32.990002,1306100,32.990002
2013-05-10,31.860001,32.200001,30.50,32.029999,1429800,32.029999
2013-05-09,33.25,34.150002,31.440001,31.780001,1093700,31.780001
2013-05-08,34.639999,36.23,31.540001,32.369999,2883600,32.369999
2013-05-07,36.919998,37.299999,33.959999,34.810001,2302400,34.810001
2013-05-06,38.029999,38.360001,36.919998,37.439999,745500,37.439999
2013-05-03,40.470001,40.509998,37.740002,38.00,1012500,38.00
2013-05-02,40.240002,41.00,39.669998,39.75,690200,39.75
2013-05-01,43.16,43.389999,40.16,40.189999,824400,40.189999
2013-04-30,43.41,43.959999,42.18,43.080002,399900,43.080002
2013-04-29,44.50,44.50,43.380001,43.549999,420200,43.549999
2013-04-26,43.02,44.330002,42.540001,44.32,600900,44.32
2013-04-25,42.209999,43.279999,42.060001,42.970001,327200,42.970001
2013-04-24,43.619999,43.889999,41.669998,42.240002,642700,42.240002
2013-04-23,41.779999,43.619999,41.169998,43.52,907300,43.52
2013-04-22,40.75,41.639999,40.330002,41.529999,538400,41.529999
2013-04-19,39.939999,40.84,39.939999,40.759998,822200,40.759998
2013-04-18,40.66,41.00,39.380001,40.02,688500,40.02
2013-04-17,39.110001,41.060001,38.599998,40.639999,1066800,40.639999
2013-04-16,38.52,40.18,37.380001,39.50,1034400,39.50
2013-04-15,40.110001,41.00,37.860001,38.310001,1780000,38.310001
2013-04-12,43.099998,43.169998,39.93,40.439999,1298500,40.439999
2013-04-11,41.209999,43.57,40.779999,43.400002,7981400,43.400002
2013-04-10,45.09,45.360001,42.290001,42.48,2258600,42.48
2013-04-09,47.43,47.470001,46.220001,46.66,504800,46.66
2013-04-08,47.02,48.200001,46.189999,47.50,441100,47.50
2013-04-05,45.48,46.93,44.91,46.560001,372900,46.560001
2013-04-04,47.130001,47.91,45.029999,46.200001,706800,46.200001
2013-04-03,49.970001,50.400002,46.400002,46.810001,875000,46.810001
2013-04-02,49.279999,50.259998,48.939999,50.09,501200,50.09
2013-04-01,48.560001,49.880001,48.330002,49.529999,465400,49.529999
2013-03-28,47.48,49.310001,47.439999,48.470001,959600,48.470001
2013-03-27,46.130001,47.849998,46.049999,47.369999,274200,47.369999
2013-03-26,45.23,47.939999,45.02,47.009998,524700,47.009998
2013-03-25,45.18,45.84,44.299999,44.900002,293900,44.900002
2013-03-22,45.98,46.099998,42.330002,44.98,967600,44.98
2013-03-21,47.029999,47.939999,45.459999,45.75,354500,45.75
2013-03-20,47.189999,48.369999,47.00,47.450001,251000,47.450001
2013-03-19,49.259998,49.689999,46.360001,46.75,462200,46.75
2013-03-18,48.450001,49.959999,47.560001,49.040001,543800,49.040001
2013-03-15,48.75,50.509998,48.439999,49.369999,930000,49.369999
2013-03-14,46.450001,49.490002,46.080002,48.66,524500,48.66
2013-03-13,45.970001,46.849998,45.52,46.43,369400,46.43
2013-03-12,45.529999,46.73,44.93,46.290001,345800,46.290001
2013-03-11,46.150002,46.490002,45.290001,45.50,265200,45.50
2013-03-08,46.189999,46.610001,45.50,46.27,401600,46.27
2013-03-07,45.110001,45.799999,44.709999,45.77,335700,45.77
2013-03-06,45.50,47.740002,45.220001,45.240002,618400,45.240002
2013-03-05,45.639999,46.810001,44.700001,45.139999,646700,45.139999
2013-03-04,43.02,45.52,43.00,45.459999,580100,45.459999
2013-03-01,42.369999,44.32,42.040001,43.650002,572800,43.650002
2013-02-28,40.41,41.720001,40.18,41.290001,352200,41.290001
2013-02-27,40.080002,41.119999,39.50,40.43,206600,40.43
2013-02-26,40.73,40.990002,39.32,40.080002,277400,40.080002
2013-02-25,41.450001,41.830002,40.459999,40.50,324800,40.50
2013-02-22,40.84,42.00,40.029999,41.43,456600,41.43
2013-02-21,40.810001,40.970001,39.919998,40.630001,435300,40.630001
2013-02-20,41.349998,42.650002,40.82,41.00,701700,41.00
2013-02-19,36.459999,41.639999,36.00,41.099998,2037800,41.099998
2013-02-15,33.459999,35.27,32.810001,35.200001,848400,35.200001
2013-02-14,33.490002,33.93,32.939999,32.970001,243800,32.970001
2013-02-13,33.709999,33.889999,33.040001,33.619999,190200,33.619999
2013-02-12,35.310001,35.529999,33.689999,33.73,372900,33.73
2013-02-11,34.950001,35.900002,34.889999,35.220001,216000,35.220001
2013-02-08,35.02,35.27,34.439999,34.849998,153800,34.849998
2013-02-07,35.91,35.91,34.66,35.02,328800,35.02
2013-02-06,36.32,36.73,35.400002,35.98,255900,35.98
2013-02-05,35.389999,36.650002,34.919998,36.189999,463000,36.189999
2013-02-04,33.950001,35.810001,33.650002,35.450001,699300,35.450001
2013-02-01,34.709999,34.709999,33.73,34.119999,382800,34.119999
2013-01-31,34.889999,35.00,33.68,34.450001,564900,34.450001
2013-01-30,34.380001,34.48,32.639999,33.369999,501300,33.369999
2013-01-29,35.189999,35.470001,33.990002,34.48,402400,34.48
2013-01-28,35.799999,35.93,34.259998,35.119999,414400,35.119999
2013-01-25,35.860001,35.860001,34.84,35.650002,371300,35.650002
2013-01-24,35.02,36.82,34.970001,35.689999,389200,35.689999
2013-01-23,35.50,35.98,34.849998,35.060001,236800,35.060001
2013-01-22,35.720001,36.490002,34.650002,35.32,415600,35.32
2013-01-18,34.34,36.049999,34.220001,35.830002,710500,35.830002
2013-01-17,34.48,34.73,33.869999,34.389999,236000,34.389999
2013-01-16,34.810001,34.990002,34.009998,34.27,267400,34.27
2013-01-15,33.599998,34.990002,33.220001,34.810001,604600,34.810001
2013-01-14,33.439999,33.57,32.130001,32.93,1003700,32.93
2013-01-11,34.740002,35.459999,33.32,33.490002,640500,33.490002
2013-01-10,35.849998,35.889999,34.209999,34.700001,400900,34.700001
2013-01-09,35.139999,35.889999,34.830002,35.610001,546300,35.610001
2013-01-08,35.650002,35.93,34.099998,34.889999,1176500,34.889999
2013-01-07,37.080002,37.209999,36.009998,36.139999,465200,36.139999
2013-01-04,37.360001,37.380001,36.400002,36.849998,538600,36.849998
2013-01-03,36.639999,37.419998,36.099998,37.040001,426100,37.040001
2013-01-02,35.560001,36.52,35.43,36.490002,676500,36.490002
2012-12-31,34.860001,35.220001,34.48,35.00,561100,35.00
2012-12-28,34.66,35.32,34.52,34.720001,465800,34.720001
2012-12-27,34.75,35.209999,34.189999,35.040001,560800,35.040001
2012-12-26,34.32,35.209999,34.189999,34.77,887900,34.77
2012-12-24,32.849998,34.139999,32.849998,34.080002,460900,34.080002
2012-12-21,32.50,33.00,31.540001,32.84,2617200,32.84
2012-12-20,31.75,32.490002,31.33,32.389999,475900,32.389999
2012-12-19,30.41,32.119999,30.379999,31.67,579000,31.67
2012-12-18,30.450001,31.48,30.00,31.030001,662600,31.030001
2012-12-17,30.00,30.030001,28.700001,30.00,734400,30.00
2012-12-14,28.690001,30.83,28.42,29.790001,1914100,29.790001
2012-12-13,26.65,28.860001,26.60,28.700001,3118900,28.700001
2012-12-12,26.110001,27.00,25.82,26.33,788600,26.33
2012-12-11,26.860001,27.35,24.90,26.01,2631800,26.01
2012-12-10,22.59,27.60,21.40,27.35,3894700,27.35
2012-12-07,23.299999,23.299999,22.52,22.530001,674200,22.530001
2012-12-06,24.030001,24.17,22.969999,23.120001,504500,23.120001
2012-12-05,24.77,24.860001,23.709999,23.98,479800,23.98
2012-12-04,25.08,25.23,24.360001,24.629999,533900,24.629999
2012-12-03,25.51,26.10,24.950001,24.99,678000,24.99
2012-11-30,24.870001,25.59,24.690001,25.35,1468800,25.35
2012-11-29,24.90,24.969999,24.280001,24.76,449800,24.76
2012-11-28,25.08,25.08,24.24,24.90,240200,24.90
2012-11-27,25.40,25.75,24.969999,25.190001,538300,25.190001
2012-11-26,25.99,26.030001,25.58,25.690001,300600,25.690001
2012-11-23,25.93,26.25,25.67,26.01,172900,26.01
2012-11-21,23.950001,26.799999,23.73,25.90,1014000,25.90
2012-11-20,22.91,23.48,22.84,23.450001,255600,23.450001
2012-11-19,22.190001,22.90,22.049999,22.90,382200,22.90
2012-11-16,20.99,22.26,20.99,22.030001,422200,22.030001
2012-11-15,20.73,21.33,20.40,21.15,394400,21.15
2012-11-14,20.91,21.67,20.459999,20.76,549800,20.76
2012-11-13,19.52,21.25,19.52,20.809999,946200,20.809999
2012-11-12,18.280001,20.120001,18.26,20.08,1039300,20.08
2012-11-09,17.57,18.440001,17.209999,18.34,532400,18.34
2012-11-08,17.57,18.07,17.290001,17.74,631900,17.74
2012-11-07,19.799999,19.91,17.51,17.790001,1070200,17.790001
2012-11-06,21.870001,22.35,19.90,20.200001,939700,20.200001
2012-11-05,22.00,22.969999,20.68,22.190001,1299200,22.190001
2012-11-02,21.799999,22.219999,21.77,22.040001,369500,22.040001
2012-11-01,22.48,23.01,21.629999,21.870001,479300,21.870001
2012-10-31,23.299999,23.389999,22.23,22.370001,341200,22.370001
2012-10-26,23.35,23.450001,22.50,23.07,281600,23.07
2012-10-25,23.68,23.91,23.129999,23.23,400100,23.23
2012-10-24,23.58,24.00,23.299999,23.389999,203600,23.389999
2012-10-23,22.959999,23.58,22.16,23.52,505200,23.52
2012-10-22,24.26,24.469999,22.77,23.02,534900,23.02
2012-10-19,25.40,25.41,24.059999,24.25,412200,24.25
2012-10-18,25.25,25.92,25.120001,25.540001,287700,25.540001
2012-10-17,25.48,25.73,25.16,25.35,249800,25.35
2012-10-16,25.280001,25.52,24.92,25.309999,192200,25.309999
2012-10-15,25.219999,25.379999,24.91,24.99,171500,24.99
2012-10-12,25.76,25.780001,24.879999,25.049999,156600,25.049999
2012-10-11,26.49,26.49,25.440001,25.73,165200,25.73
2012-10-10,25.299999,26.469999,25.00,26.16,528100,26.16
2012-10-09,26.209999,26.24,24.99,25.209999,502200,25.209999
2012-10-08,26.940001,26.98,26.129999,26.25,379900,26.25
2012-10-05,25.790001,27.290001,25.549999,26.98,526900,26.98
2012-10-04,24.25,25.620001,24.23,25.620001,389000,25.620001
2012-10-03,23.26,24.299999,23.26,24.110001,349600,24.110001
2012-10-02,23.309999,23.65,22.83,23.290001,356900,23.290001
2012-10-01,23.66,24.40,23.360001,23.50,234600,23.50
2012-09-28,23.26,23.92,23.23,23.51,368600,23.51
2012-09-27,23.16,23.50,22.90,23.290001,219800,23.290001
2012-09-26,23.26,23.440001,22.50,22.959999,290700,22.959999
2012-09-25,23.50,24.00,23.07,23.15,290900,23.15
2012-09-24,23.51,23.879999,23.030001,23.35,166900,23.35
2012-09-21,22.99,23.68,22.870001,23.60,423600,23.60
2012-09-20,22.620001,22.950001,22.299999,22.73,171400,22.73
2012-09-19,22.129999,22.860001,22.02,22.73,353300,22.73
2012-09-18,21.040001,22.129999,21.040001,22.10,243800,22.10
2012-09-17,20.700001,21.190001,20.66,21.129999,315600,21.129999
2012-09-14,20.35,21.190001,20.030001,20.690001,406200,20.690001
2012-09-13,20.530001,20.82,20.16,20.32,448300,20.32
2012-09-12,19.26,21.51,19.209999,20.719999,829100,20.719999
2012-09-11,18.219999,19.18,18.219999,19.08,370600,19.08
2012-09-10,18.120001,18.35,17.90,18.290001,157500,18.290001
2012-09-07,17.639999,18.309999,17.639999,18.290001,223100,18.290001
2012-09-06,17.57,17.889999,17.360001,17.870001,301500,17.870001
2012-09-05,17.52,18.469999,17.10,17.459999,441700,17.459999
2012-09-04,18.209999,18.530001,17.950001,18.49,235200,18.49
2012-08-31,17.92,18.27,17.32,18.16,686900,18.16
2012-08-30,17.85,17.940001,17.59,17.780001,165400,17.780001
2012-08-29,18.209999,18.50,17.99,18.07,188100,18.07
2012-08-28,17.860001,18.25,17.68,18.23,216900,18.23
2012-08-27,17.530001,17.85,17.41,17.83,198300,17.83
2012-08-24,17.65,17.83,17.40,17.48,429300,17.48
2012-08-23,17.67,17.83,17.469999,17.780001,101000,17.780001
2012-08-22,17.709999,18.00,17.610001,17.74,133900,17.74
2012-08-21,17.74,18.200001,17.469999,17.77,391100,17.77
2012-08-20,17.26,17.719999,17.02,17.65,320600,17.65
2012-08-17,17.26,17.33,17.00,17.25,223600,17.25
2012-08-16,16.959999,17.57,16.639999,17.299999,181200,17.299999
2012-08-15,16.469999,17.120001,16.41,17.049999,248900,17.049999
2012-08-14,15.95,16.60,15.60,16.57,382800,16.57
2012-08-13,14.95,15.88,14.88,15.79,386400,15.79
2012-08-10,15.63,15.80,15.20,15.50,364000,15.50
2012-08-09,15.16,16.059999,14.84,15.88,1592100,15.88
2012-08-08,15.24,15.39,14.59,15.16,328000,15.16
2012-08-07,16.42,16.42,14.91,15.36,430400,15.36
2012-08-06,16.83,17.34,16.66,16.68,182300,16.68
2012-08-03,16.790001,17.24,16.60,16.77,167400,16.77
2012-08-02,16.799999,16.82,16.16,16.530001,235700,16.530001
2012-08-01,17.530001,17.610001,16.85,16.969999,297500,16.969999
2012-07-31,17.50,17.66,17.030001,17.459999,255100,17.459999
2012-07-30,18.23,18.23,17.379999,17.83,261800,17.83
2012-07-27,16.540001,18.370001,16.540001,18.219999,418800,18.219999
2012-07-26,16.60,16.98,16.40,16.57,232300,16.57
2012-07-25,16.049999,16.48,16.049999,16.34,231400,16.34
2012-07-24,15.85,16.15,15.66,15.99,226000,15.99
2012-07-23,15.31,16.00,14.93,15.85,451500,15.85
2012-07-20,16.24,16.24,15.54,15.68,707400,15.68
2012-07-19,16.209999,16.549999,15.70,16.48,375800,16.48
2012-07-18,14.41,16.709999,14.25,16.389999,769700,16.389999
2012-07-17,15.28,15.28,14.39,14.69,268000,14.69
2012-07-16,15.45,15.56,15.05,15.28,162000,15.28
2012-07-13,15.84,16.15,15.70,15.75,85700,15.75
2012-07-12,15.90,16.200001,15.77,15.84,140800,15.84
2012-07-11,16.030001,16.16,15.58,16.09,207100,16.09
2012-07-10,16.18,16.440001,15.99,16.01,223500,16.01
2012-07-09,15.50,16.200001,15.25,15.99,242900,15.99
2012-07-06,15.02,15.90,14.97,15.54,233700,15.54
2012-07-05,14.38,15.35,14.33,15.21,259500,15.21
2012-07-03,13.95,14.50,13.80,14.37,192300,14.37
2012-07-02,13.54,14.00,13.45,14.00,195000,14.00
2012-06-29,13.70,13.85,13.52,13.56,204800,13.56
2012-06-28,13.35,13.56,13.20,13.40,207500,13.40
2012-06-27,13.48,13.83,13.37,13.43,139200,13.43
2012-06-26,13.30,13.57,13.08,13.40,253300,13.40
2012-06-25,12.99,13.27,12.85,13.16,132000,13.16
2012-06-22,13.03,13.30,12.88,13.22,150400,13.22
2012-06-21,12.94,13.31,12.90,12.99,145800,12.99
2012-06-20,12.83,13.02,12.71,12.92,157700,12.92
2012-06-19,12.84,13.03,12.60,12.88,248200,12.88
2012-06-18,11.39,13.48,11.02,12.86,1772400,12.86
2012-06-15,13.40,14.15,13.35,13.88,442400,13.88
2012-06-14,13.08,13.59,13.06,13.45,190000,13.45
2012-06-13,13.11,13.23,12.88,13.05,194500,13.05
2012-06-12,12.47,13.13,12.32,13.12,131700,13.12
2012-06-11,12.84,12.84,12.37,12.37,72900,12.37
2012-06-08,12.30,12.74,12.08,12.68,72300,12.68
2012-06-07,12.35,12.65,12.25,12.35,90200,12.35
2012-06-06,11.92,12.24,11.92,12.22,85000,12.22
2012-06-05,11.86,12.05,11.67,11.84,97700,11.84
2012-06-04,11.98,12.17,11.71,11.91,184100,11.91
2012-06-01,12.68,12.68,11.74,11.95,384000,11.95
2012-05-31,12.56,13.20,12.37,13.01,303500,13.01
2012-05-30,12.83,13.00,12.47,12.57,177100,12.57
2012-05-29,12.86,13.00,12.76,13.00,337100,13.00
2012-05-25,12.40,12.81,12.21,12.73,113700,12.73
2012-05-24,11.93,12.65,11.81,12.47,353900,12.47
2012-05-23,12.27,12.27,11.76,11.93,212000,11.93
2012-05-22,12.24,12.69,12.19,12.40,142000,12.40
2012-05-21,12.49,12.49,12.17,12.24,151900,12.24
2012-05-18,12.35,12.57,12.23,12.45,487900,12.45
2012-05-17,12.93,12.97,12.31,12.47,187400,12.47
2012-05-16,13.48,13.50,12.92,12.94,108600,12.94
2012-05-15,13.53,13.67,13.42,13.55,109000,13.55
2012-05-14,13.04,13.59,13.01,13.56,199100,13.56
2012-05-11,13.00,13.30,12.81,13.05,384800,13.05
2012-05-10,13.35,13.75,13.29,13.59,241000,13.59
2012-05-09,13.05,13.47,12.80,13.24,209000,13.24
2012-05-08,13.01,13.44,12.96,13.31,100300,13.31
2012-05-07,12.60,13.25,12.55,13.17,76000,13.17
2012-05-04,12.93,12.93,12.50,12.69,96900,12.69
2012-05-03,13.20,13.28,12.75,13.01,78000,13.01
2012-05-02,13.16,13.32,13.01,13.19,89100,13.19
2012-05-01,13.57,13.75,13.20,13.21,191000,13.21
2012-04-30,13.34,13.61,12.71,13.50,158000,13.50
2012-04-27,13.01,13.53,12.96,13.32,273300,13.32
2012-04-26,12.67,13.19,12.65,12.98,300800,12.98
2012-04-25,12.75,13.00,12.62,12.70,123900,12.70
2012-04-24,12.87,12.99,12.25,12.53,415200,12.53
2012-04-23,12.81,12.97,12.60,12.90,174100,12.90
2012-04-20,12.98,13.11,12.68,13.08,171100,13.08
2012-04-19,12.69,12.90,12.46,12.58,175200,12.58
2012-04-18,12.63,12.92,12.48,12.63,207400,12.63
2012-04-17,12.57,12.90,12.51,12.73,123600,12.73
2012-04-16,13.08,13.18,12.67,12.68,59200,12.68
2012-04-13,13.13,13.14,12.81,13.00,122300,13.00
2012-04-12,12.87,13.13,12.79,13.10,141000,13.10
