Date,Open,High,Low,Close,Volume,Adj Close
2018-04-04,48.1,50.16,48.01,49.99,30274280,49.99
2018-04-03,49,49.96,48.41,49.75,39415690,49.75
2018-04-02,51.69,52.04,47.29,48.92,67058020,48.92
2018-03-29,49.98,52.08,49.87,52.08,45121220,52.08
2018-03-28,50.5,50.7,49.01,49.6,37959720,49.6
2018-03-27,53.01,53.25,50.78,51.19,38079020,51.19
2018-03-26,50.74,52.49,50.32,52.48,38852730,52.48
2018-03-23,50.59,50.99,49.36,49.36,37372270,49.36
2018-03-22,50.74,51.96,50.6,50.83,30703590,50.83
2018-03-21,51.55,52.17,51.17,51.56,23233380,51.56
2018-03-20,50.88,51.81,50.85,51.55,22096090,51.55
2018-03-19,50.74,51.23,49.93,50.83,28838370,50.83
2018-03-16,51.17,51.7,50.99,51.17,41381260,51.17
2018-03-15,52.23,52.3,50.88,50.88,24774230,50.88
2018-03-14,52.06,52.175,51.31,51.86,24873370,51.86
2018-03-13,52.52,53.78,51.39,51.78,45427940,51.78
2018-03-12,51.86,51.95,50.5,51.52,31653220,51.52
2018-03-09,51.27,52.3,51,52.19,31947720,52.19
2018-03-08,51.79,52.08,50.47,50.74,30133810,50.74
2018-03-07,50.18,51.485,50.1,51.32,30649110,51.32
2018-03-06,50.16,51.33,50.15,50.71,38857120,50.71
2018-03-05,48.57,49.795,48.041,49.75,30674070,49.75
2018-03-02,47.2,49.05,46.96,48.98,33220800,48.98
2018-03-01,49.5,49.715,47.47,47.84,36270880,47.84
2018-02-28,50.18,50.34,49.28,49.29,34511570,49.29
2018-02-27,49.37,50.9,49.31,49.91,43159590,49.91
2018-02-26,48.2,49.13,48.1,49.11,26437220,49.11
2018-02-23,46.34,47.79,46.305,47.73,25717400,47.73
2018-02-22,46.14,46.56,45.62,45.8,16640930,45.8
2018-02-21,46.67,47.06,45.92,45.94,27496730,45.94
2018-02-20,45.46,46.71,45.39,46.32,25383290,46.32
2018-02-16,45.815,46.59,45.51,45.56,21472200,45.56
2018-02-15,45.88,45.99,44.95,45.92,22260230,45.92
2018-02-14,44.07,45.51,44.04,45.38,19883260,45.38
2018-02-13,44.59,44.775,44.255,44.46,19449400,44.46
2018-02-12,44.15,45.16,44.09,44.83,28188450,44.83
2018-02-09,43.5,44.28,42.04,43.95,49182190,43.95
2018-02-08,45.28,45.42,42.74,42.75,42432110,42.75
2018-02-07,44.58,46.3,44.34,45.2,37453270,45.2
2018-02-06,44.02,44.93,43.0302,44.91,57728200,44.91
2018-02-05,46.35,47.26,44.5,44.52,47499540,44.52
2018-02-02,47.32,47.79,46.1,46.15,28434120,46.15
2018-02-01,47.695,48.47,47.45,47.65,28805560,47.65
2018-01-31,49.23,49.25,47.56,48.14,41515080,48.14
2018-01-30,49.48,50.06,48.74,48.79,32738210,48.79
2018-01-29,49.6,50.85,49.37,49.98,46277780,49.98
2018-01-26,48.38,50.15,48.12,50.08,86727500,50.08
2018-01-25,45.88,46.37,45.17,45.3,35797450,45.3
2018-01-24,45.9,46.13,44.96,45.51,33731400,45.51
2018-01-23,45.81,46.09,45.63,46.06,21894840,46.06
2018-01-22,44.8,45.79,44.79,45.75,27550350,45.75
2018-01-19,44.62,44.89,44.25,44.82,24817410,44.82
2018-01-18,44.4,44.735,44.17,44.48,26743940,44.48
2018-01-17,43.545,44.45,43.51,44.39,32252830,44.39
2018-01-16,43.55,43.79,42.885,43.14,37904730,43.14
2018-01-12,43.45,43.6,43.01,43.24,29935150,43.24
2018-01-11,42.8,43.58,42.45,43.41,35303590,43.41
2018-01-10,43.33,43.6,42.44,42.5,45367970,42.5
2018-01-09,44.7,44.84,43.49,43.62,43900140,43.62
2018-01-08,44.27,44.84,43.96,44.74,33707600,44.74
2018-01-05,44.43,45.15,43.9,44.74,41777780,44.74
2018-01-04,43.52,44.65,42.69,44.43,89144860,44.43
2018-01-03,45.47,46.21,43.65,45.26,115617400,45.26
2018-01-02,46.38,46.9,46.21,46.85,22972240,46.85
2017-12-29,46.21,46.49,46.09,46.16,17365120,46.16
2017-12-28,46.36,46.36,45.95,46.22,9380506,46.22
2017-12-27,46.11,46.36,46,46.11,13358970,46.11
2017-12-26,46.28,46.47,45.95,46.08,15510910,46.08
2017-12-22,46.33,47.02,46.02,46.7,33880780,46.7
2017-12-21,47.54,47.59,46.56,46.76,42719680,46.76
2017-12-20,47.47,47.64,46.66,47.56,39742400,47.56
2017-12-19,46.3,47.26,45.89,47.04,41405690,47.04
2017-12-18,45.15,46.35,45.04,46.26,50126380,46.26
2017-12-15,43.4,44.84,43.07,44.56,47433970,44.56
2017-12-14,43.43,43.57,43.015,43.26,19643620,43.26
2017-12-13,43.65,43.66,43.24,43.34,21301470,43.34
2017-12-12,43.47,43.62,43.08,43.33,16546120,43.33
2017-12-11,43.28,43.78,43.25,43.66,20421350,43.66
2017-12-08,43.35,43.58,43.11,43.35,23149800,43.35
2017-12-07,43.46,43.6,42.78,43.08,32702960,43.08
2017-12-06,43.14,43.72,42.67,43.45,27634260,43.45
2017-12-05,44.6,44.9,43.23,43.44,30590060,43.44
2017-12-04,45.02,45.3,44.33,44.49,27999480,44.49
2017-12-01,44.73,44.84,43.53,44.68,26640750,44.68
2017-11-30,44.36,45.2,44.33,44.84,34093420,44.84
2017-11-29,44.85,45.09,43.77,43.95,26855700,43.95
2017-11-28,44.65,44.84,44.32,44.73,20175000,44.73
2017-11-27,44.42,44.61,44.2736,44.49,18025330,44.49
2017-11-24,44.55,44.775,44.43,44.75,6465815,44.75
2017-11-22,44.94,44.95,44.535,44.65,19526000,44.65
2017-11-21,44.72,45.22,44.71,44.94,21761970,44.94
2017-11-20,44.73,45.115,44.5,44.62,22375710,44.62
2017-11-17,45.5,45.62,44.62,44.63,63190520,44.63
2017-11-16,45.63,46.07,45.46,45.65,22156020,45.65
2017-11-15,45.39,45.805,45.1725,45.46,17131500,45.46
2017-11-14,45.7,45.92,45.32,45.86,22190890,45.86
2017-11-13,45.26,45.94,45.25,45.75,18992580,45.75
2017-11-10,46.04,46.09,45.38,45.58,24086480,45.58
2017-11-09,46.05,46.39,45.65,46.3,25562450,46.3
2017-11-08,46.62,46.7,46.28,46.7,21556890,46.7
2017-11-07,46.7,47.09,46.39,46.78,24421340,46.78
2017-11-06,46.6,46.74,46.09,46.7,34001470,46.7
2017-11-03,47.2,47.3,45.6,46.34,39277370,46.34
2017-11-02,46.61,47.23,46.213,47.1,44580600,47.1
2017-11-01,45.97,46.71,45.59,46.71,47759810,46.71
2017-10-31,45.2,45.8,44.65,45.49,46844870,45.49
2017-10-30,44.48,45.19,43.88,44.37,48136380,44.37
2017-10-27,43.3,45,43.1,44.4,89971840,44.4
2017-10-26,40.91,41.575,40.71,41.35,37778840,41.35
2017-10-25,40.89,41.055,40.49,40.78,24026900,40.78
2017-10-24,41,41.05,40.72,40.95,19394340,40.95
2017-10-23,40.55,41.04,40.395,40.83,28600510,40.83
2017-10-20,40.33,40.45,40.1,40.43,18310720,40.43
2017-10-19,39.88,40.33,39.83,40.09,18887730,40.09
2017-10-18,39.8,40.29,39.6,40.25,21421390,40.25
2017-10-17,39.56,39.865,39.37,39.79,15519940,39.79
2017-10-16,39.71,39.79,39.44,39.76,12486080,39.76
2017-10-13,39.44,39.81,39.28,39.67,16828220,39.67
2017-10-12,39.35,39.39,38.98,39.19,18532910,39.19
2017-10-11,39.48,39.67,39.06,39.3,30714950,39.3
2017-10-10,39.93,39.95,39.38,39.65,29879830,39.65
2017-10-09,39.68,39.88,39.52,39.86,18456870,39.86
2017-10-06,39.6,39.89,39.42,39.63,18883900,39.63
2017-10-05,39.5,39.65,39.21,39.53,17708470,39.53
2017-10-04,39.39,39.4,38.8606,39.34,28352310,39.34
2017-10-03,38.95,39.7,38.95,39.38,34000180,39.38
2017-10-02,38.12,39.09,38.08,39.04,37216110,39.04
2017-09-29,37.84,38.15,37.7,38.08,23099060,38.08
2017-09-28,37.32,37.88,37.29,37.83,21159800,37.83
2017-09-27,37.62,37.69,37.1,37.54,25845770,37.54
2017-09-26,37.21,37.64,37,37.47,29755090,37.47
2017-09-25,37.05,37.23,36.85,37.16,23145180,37.16
2017-09-22,36.95,37.22,36.95,37.18,21629840,37.18
2017-09-21,36.99,37.27,36.85,37.2,22918960,37.2
2017-09-20,37.23,37.29,36.655,37.07,23916420,37.07
2017-09-19,37.2,37.295,37.02,37.23,23505770,37.23
2017-09-18,37,37.33,36.8,37,19251720,37
2017-09-15,36.55,37.08,36.22,37,33454530,37
2017-09-14,36.19,36.695,36.16,36.48,18067010,36.48
2017-09-13,36,36.4,35.97,36.33,15496920,36.33
2017-09-12,35.88,36.34,35.74,36.09,19378830,36.09
2017-09-11,35.49,36,35.14,35.77,19375690,35.77
2017-09-08,35.42,35.54,35.08,35.19,14109600,35.19
2017-09-07,35.88,35.95,35.33,35.54,16296440,35.54
2017-09-06,35.22,35.94,35.11,35.76,28024020,35.76
2017-09-05,35.02,35.33,34.93,35.02,19300040,35.02
2017-09-01,35.24,35.39,35.07,35.09,12821410,35.09
2017-08-31,34.94,35.18,34.87,35.07,16366400,35.07
2017-08-30,34.75,34.96,34.63,34.89,18563830,34.89
2017-08-29,34.51,34.75,34.455,34.73,15826220,34.73
2017-08-28,34.78,34.8,34.59,34.65,20701860,34.65
2017-08-25,34.82,34.93,34.58,34.67,14714810,34.67
2017-08-24,34.7,34.89,34.55,34.71,14283180,34.71
2017-08-23,34.54,34.81,34.38,34.66,19775620,34.66
2017-08-22,35.02,35.19,34.62,34.65,26093400,34.65
2017-08-21,35.09,35.28,34.7,34.92,26479700,34.92
2017-08-18,35.29,35.31,34.99,35.01,16229270,35.01
2017-08-17,35.6,35.68,35.17,35.17,19060120,35.17
2017-08-16,35.98,36.07,35.56,35.81,21848290,35.81
2017-08-15,36.3,36.32,35.815,36,21699760,36
2017-08-14,36.12,36.47,36.08,36.34,18458990,36.34
2017-08-11,36.26,36.4,35.79,35.87,19272140,35.87
2017-08-10,36.4,36.56,36.11,36.14,22634270,36.14
2017-08-09,36.28,36.66,36.02,36.59,22790550,36.59
2017-08-08,36.37,36.7,36.3,36.41,22788600,36.41
2017-08-07,36.39,36.55,36.22,36.43,18154610,36.43
2017-08-04,36.45,36.56,36.1,36.3,20513750,36.3
2017-08-03,36.55,36.59,36.15,36.49,26610230,36.49
2017-08-02,36.33,36.67,36.055,36.64,34952030,36.64
2017-08-01,35.66,36.43,35.57,36.35,38438900,36.35
2017-07-31,35.47,35.74,35.32,35.47,27015040,35.47
2017-07-28,35.13,35.86,35,35.31,35786520,35.31
2017-07-27,34.78,35.25,34.67,34.97,42793930,34.97
2017-07-26,34.7,34.97,34.59,34.75,15494790,34.75
2017-07-25,34.55,34.735,34.4,34.67,18068850,34.67
2017-07-24,34.73,34.8,34.38,34.5,15901930,34.5
2017-07-21,34.54,34.82,34.395,34.73,22188050,34.73
2017-07-20,34.54,34.84,34.475,34.75,17472220,34.75
2017-07-19,34.68,34.68,34.46,34.56,16614250,34.56
2017-07-18,34.43,34.58,34.25,34.53,14311960,34.53
2017-07-17,34.74,34.74,34.36,34.47,21042400,34.47
2017-07-14,34.48,34.71,34.265,34.68,16315110,34.68
2017-07-13,34.33,34.4,34.12,34.24,15045730,34.24
2017-07-12,34.28,34.39,33.94,34.25,23763690,34.25
2017-07-11,33.64,33.93,33.4311,33.92,25573980,33.92
2017-07-10,33.25,33.74,33.23,33.65,29903680,33.65
2017-07-07,33.7,34.12,33.7,33.88,17712770,33.88
2017-07-06,34.12,34.29,33.56,33.63,20710460,33.63
2017-07-05,33.52,34.43,33.485,34.34,30008960,34.34
2017-07-03,33.51,34.03,33.43,33.46,12676890,33.46
2017-06-30,33.87,33.93,33.535,33.74,24391460,33.74
2017-06-29,33.92,34.1,33.34,33.54,25206130,33.54
2017-06-28,33.77,34.24,33.74,34.2,25934320,34.2
2017-06-27,34,34.145,33.65,33.65,27071290,33.65
2017-06-26,34.26,34.51,34.03,34.07,18649220,34.07
2017-06-23,34.21,34.55,34.095,34.19,28762170,34.19
2017-06-22,34.56,34.63,34.29,34.36,23865100,34.36
2017-06-21,34.33,34.6,34.09,34.58,26745620,34.58
2017-06-20,35.45,35.45,34.84,34.86,21532360,34.86
2017-06-19,35.61,35.61,35.32,35.51,21219100,35.51
2017-06-16,35.28,35.33,35.01,35.21,30697750,35.21
2017-06-15,35.21,35.48,35.14,35.31,20315130,35.31
2017-06-14,35.99,36.05,35.22,35.53,19122620,35.53
2017-06-13,35.68,35.95,35.53,35.88,20586780,35.88
2017-06-12,35.59,36.01,35.41,35.73,28474810,35.73
2017-06-09,36.5,36.56,35.31,35.71,33317670,35.71
2017-06-08,36.34,36.53,36.16,36.48,17047400,36.48
2017-06-07,36.13,36.57,36.1,36.26,17092890,36.26
2017-06-06,36.16,36.45,35.98,36.13,18386660,36.13
2017-06-05,36.3,36.5,36.2,36.34,11661250,36.34
2017-06-02,36.27,36.33,36,36.32,19101600,36.32
2017-06-01,36.12,36.13,35.8,36.12,17406520,36.12
2017-05-31,36.31,36.38,35.87,36.11,17738690,36.11
2017-05-30,36.27,36.44,36.09,36.18,13023810,36.18
2017-05-26,36.26,36.33,36.13,36.26,11040840,36.26
2017-05-25,36.12,36.39,36.06,36.26,13107120,36.26
2017-05-24,35.98,36.18,35.89,36.12,20820420,36.12
2017-05-23,35.87,35.99,35.56,35.86,16891540,35.86
2017-05-22,35.48,36.11,35.38,35.77,14611760,35.77
2017-05-19,35.15,35.55,35.13,35.4,18181840,35.4
2017-05-18,35.19,35.47,35.08,35.22,17170870,35.22
2017-05-17,35.67,35.9896,35.02,35.04,26635630,35.04
2017-05-16,35.75,35.89,35.42,35.82,22288880,35.82
2017-05-15,35.535,35.715,35.42,35.63,22024020,35.63
2017-05-12,35.720001,35.740002,35.400002,35.529999,19481600,35.529999
2017-05-11,35.91,36.00,35.450001,35.689999,21508900,35.689999
2017-05-10,36.27,36.380001,35.93,36.009998,25133800,36.009998
2017-05-09,36.48,36.75,36.279999,36.369999,17819100,36.369999
2017-05-08,36.73,36.849998,36.48,36.540001,17660200,36.540001
2017-05-05,36.860001,36.93,36.50,36.82,18119200,36.82
2017-05-04,36.990002,37.110001,36.639999,36.849998,16437100,36.849998
2017-05-03,36.720001,37.169998,36.619999,36.98,22040300,36.98
2017-05-02,36.369999,37.029999,36.349998,36.970001,35813000,36.697001
2017-05-01,36.110001,36.400002,35.939999,36.310001,24825600,36.041875
2017-04-28,36.099998,36.490002,35.880001,36.150002,56769300,35.883057
2017-04-27,36.869999,37.50,36.779999,37.43,39890000,37.153604
2017-04-26,36.779999,37.23,36.779999,36.93,27241000,36.657296
2017-04-25,36.77,37.00,36.66,36.869999,22066800,36.597738
2017-04-24,36.669998,36.849998,36.459999,36.75,26305800,36.478625
2017-04-21,36.200001,36.419998,35.849998,36.32,20390500,36.0518
2017-04-20,36.18,36.27,35.860001,36.18,22968300,35.912834
2017-04-19,35.970001,36.220001,35.889999,35.91,16594600,35.644827
2017-04-18,35.43,35.810001,35.299999,35.77,12321100,35.505862
2017-04-17,35.439999,35.59,35.330002,35.48,12560700,35.218002
2017-04-13,35.549999,35.759998,35.25,35.25,15764000,34.989701
2017-04-12,35.869999,36.009998,35.50,35.630001,19289800,35.366896
2017-04-11,35.77,35.790001,35.209999,35.740002,22711800,35.476085
2017-04-10,36.02,36.09,35.610001,35.799999,19973700,35.535639
2017-04-07,36.07,36.32,35.990002,36.029999,15689500,35.76394
2017-04-06,36.130001,36.279999,36.029999,36.029999,20198200,35.76394
2017-04-05,36.43,36.759998,36.169998,36.220001,22455500,35.95254
2017-04-04,36.119999,36.380001,35.990002,36.279999,18918000,36.012094
2017-04-03,36.189999,36.740002,36.119999,36.16,32013600,35.892981
2017-03-31,35.75,36.25,35.740002,36.07,21438400,35.803646
2017-03-30,35.580002,35.889999,35.52,35.75,16433000,35.486009
2017-03-29,35.52,35.700001,35.439999,35.57,17202600,35.307338
2017-03-28,35.34,35.709999,35.209999,35.599998,18398100,35.337115
2017-03-27,35.07,35.50,34.939999,35.389999,16992200,35.128667
2017-03-24,35.650002,35.73,35.119999,35.16,22188000,34.900366
2017-03-23,35.490002,35.490002,35.02,35.27,20640400,35.009554
2017-03-22,35.220001,35.459999,35.00,35.369999,19144500,35.108814
2017-03-21,35.59,35.599998,35.00,35.040001,22814500,34.781253
2017-03-20,35.369999,35.630001,35.259998,35.43,17322300,35.168372
2017-03-17,35.310001,35.330002,35.099998,35.27,30778900,35.009554
2017-03-16,35.169998,35.360001,35.07,35.139999,19616100,34.880513
2017-03-15,34.939999,35.169998,34.68,35.099998,27996100,34.840807
2017-03-14,35.060001,35.23,34.66,35.18,28586900,34.920219
2017-03-13,35.849998,36.040001,34.939999,35.16,53582900,34.900366
2017-03-10,36.119999,36.299999,35.779999,35.91,25402300,35.644827
2017-03-09,35.599998,35.939999,35.50,35.82,23616800,35.555492
2017-03-08,35.669998,35.900002,35.529999,35.619999,20920100,35.356968
2017-03-07,35.540001,35.799999,35.389999,35.799999,23434900,35.535639
2017-03-06,35.790001,35.799999,35.419998,35.57,24416700,35.307338
2017-03-03,35.939999,36.09,35.669998,35.900002,17538100,35.634903
2017-03-02,35.93,36.02,35.650002,35.91,23602100,35.644827
2017-03-01,35.849998,36.099998,35.439999,35.93,34085900,35.66468
2017-02-28,36.419998,36.459999,36.00,36.200001,24977000,35.932687
2017-02-27,36.419998,36.68,36.27,36.509998,14065200,36.240395
2017-02-24,36.139999,36.529999,35.950001,36.529999,18617600,36.260248
2017-02-23,36.240002,36.299999,35.900002,36.18,22775000,35.912834
2017-02-22,36.34,36.400002,35.790001,36.07,29904400,35.803646
2017-02-21,36.529999,36.650002,36.330002,36.52,20556000,36.250324
2017-02-17,36.32,36.48,36.099998,36.48,18909900,36.210618
2017-02-16,36.18,36.560001,36.099998,36.41,21317500,36.141135
2017-02-15,35.98,36.060001,35.669998,36.049999,18452200,35.783793
2017-02-14,35.84,35.959999,35.529999,35.93,25734800,35.66468
2017-02-13,35.57,35.849998,35.34,35.799999,28180600,35.535639
2017-02-10,35.259998,35.43,34.84,35.34,44106500,35.079037
2017-02-09,36.50,36.50,35.400002,35.459999,47802700,35.19815
2017-02-08,36.34,36.650002,36.139999,36.380001,20807400,36.111358
2017-02-07,36.450001,36.52,36.240002,36.349998,18581900,36.081577
2017-02-06,36.509998,36.509998,36.150002,36.27,21427000,36.00217
2017-02-03,36.689999,36.82,36.450001,36.52,21038100,36.250324
2017-02-02,36.259998,36.700001,36.200001,36.68,31916900,36.151063
2017-02-01,36.82,36.950001,36.02,36.52,28380600,35.99337
2017-01-31,37.220001,37.369999,36.639999,36.82,27059100,36.289043
2017-01-30,37.740002,37.84,37.330002,37.419998,23954700,36.880389
2017-01-27,38.00,38.450001,37.810001,37.98,44368600,37.432315
2017-01-26,37.82,37.919998,37.419998,37.560001,34144800,37.018374
2017-01-25,37.869999,38.00,37.52,37.799999,32276400,37.254911
2017-01-24,36.84,37.740002,36.810001,37.619999,35140900,37.077506
2017-01-23,37.07,37.209999,36.549999,36.77,27752600,36.239765
2017-01-20,36.759998,37.029999,36.580002,36.939999,23950900,36.407312
2017-01-19,36.509998,36.91,36.509998,36.57,13654500,36.042648
2017-01-18,36.889999,37.009998,36.610001,36.759998,15382500,36.229907
2017-01-17,36.669998,36.830002,36.59,36.799999,20195200,36.269331
2017-01-13,36.709999,36.860001,36.619999,36.790001,15072200,36.259477
2017-01-12,36.830002,36.830002,36.32,36.709999,20391900,36.180629
2017-01-11,36.509998,37.00,36.509998,36.950001,22398400,36.41717
2017-01-10,36.549999,36.93,36.529999,36.540001,15918800,36.013082
2017-01-09,36.48,36.889999,36.48,36.610001,19449400,36.082072
2017-01-06,36.59,36.68,36.189999,36.48,15114000,35.953946
2017-01-05,36.450001,36.720001,36.310001,36.349998,13986000,35.825819
2017-01-04,36.709999,36.77,36.34,36.41,15915700,35.884956
2017-01-03,36.610001,36.93,36.27,36.599998,20196500,36.072214
2016-12-30,36.790001,36.799999,36.200001,36.27,17468000,35.746975
2016-12-29,36.509998,36.720001,36.43,36.66,8447300,36.131351
2016-12-28,37.099998,37.200001,36.580002,36.630001,12868600,36.101784
2016-12-27,36.91,37.330002,36.91,37.07,9033700,36.535438
2016-12-23,36.93,36.98,36.77,36.970001,6287300,36.436882
2016-12-22,37.23,37.240002,36.810001,36.93,10793900,36.397457
2016-12-21,37.25,37.349998,36.91,36.98,14323600,36.446736
2016-12-20,36.950001,37.240002,36.889999,37.209999,18551800,36.673419
2016-12-19,36.34,36.950001,36.27,36.889999,18744300,36.358033
2016-12-16,36.720001,36.869999,36.09,36.310001,38212800,35.786399
2016-12-15,36.740002,37.16,36.529999,36.790001,23721500,36.259477
2016-12-14,36.700001,36.889999,36.459999,36.549999,30819400,36.022936
2016-12-13,36.009998,36.889999,35.93,36.799999,35773600,36.269331
2016-12-12,35.779999,36.09,35.669998,35.970001,21985800,35.451302
2016-12-09,35.75,35.900002,35.59,35.759998,16326900,35.244327
2016-12-08,35.48,36.029999,35.220001,35.700001,19966500,35.185195
2016-12-07,34.669998,35.57,34.450001,35.50,21710300,34.988078
2016-12-06,34.389999,34.75,34.299999,34.720001,15297700,34.219327
2016-12-05,34.310001,34.419998,33.970001,34.389999,14462000,33.894084
2016-12-02,33.720001,34.259998,33.599998,34.16,21492500,33.667401
2016-12-01,34.860001,34.93,33.560001,33.759998,29618700,33.273168
2016-11-30,35.200001,35.299999,34.700001,34.700001,27016100,34.199615
2016-11-29,35.639999,35.639999,35.27,35.310001,19581000,34.800819
2016-11-28,35.43,35.66,35.209999,35.509998,13549000,34.997932
2016-11-25,35.110001,35.450001,35.110001,35.439999,6372800,34.928942
2016-11-23,35.48,35.52,35.099998,35.200001,15843100,34.692405
2016-11-22,35.18,35.50,35.110001,35.48,22327400,34.968366
2016-11-21,35.099998,35.200001,34.84,34.98,14259500,34.475576
2016-11-18,34.900002,35.00,34.639999,34.950001,16806900,34.44601
2016-11-17,34.810001,35.02,34.630001,35.02,15748500,34.515
2016-11-16,34.900002,34.919998,34.540001,34.84,18565500,34.337596
2016-11-15,34.639999,35.290001,34.610001,34.91,20676100,34.406586
2016-11-14,34.560001,34.73,34.200001,34.48,22558900,33.982787
2016-11-11,34.57,34.869999,34.34,34.610001,22665000,34.110913
2016-11-10,34.950001,34.950001,34.029999,34.50,28249900,34.002499
2016-11-09,34.130001,34.849998,33.669998,34.75,25999400,34.248894
2016-11-08,34.599998,34.950001,34.490002,34.740002,14833100,34.239039
2016-11-07,34.240002,34.75,34.150002,34.689999,19296600,34.189757
2016-11-04,33.529999,33.93,33.419998,33.610001,21914700,33.125333
2016-11-03,34.450001,34.52,33.869999,33.93,19400000,33.440718
2016-11-02,34.599998,34.900002,34.470001,34.599998,21416400,33.844803
2016-11-01,34.900002,35.16,34.27,34.52,25368200,33.766552
2016-10-31,34.919998,35.080002,34.84,34.869999,19188600,34.108911
2016-10-28,34.869999,35.169998,34.709999,34.740002,22296400,33.981751
2016-10-27,35.099998,35.23,34.75,34.810001,14634700,34.050223
2016-10-26,35.040001,35.209999,34.740002,34.919998,19977600,34.157819
2016-10-25,35.139999,35.25,35.009998,35.099998,17860300,34.33389
2016-10-24,35.43,35.490002,35.110001,35.259998,21524700,34.490398
2016-10-21,35.209999,35.400002,34.810001,35.150002,20813200,34.382802
2016-10-20,35.41,35.669998,35.099998,35.43,25669500,34.656689
2016-10-19,36.07,36.09,35.23,35.509998,75229000,34.734941
2016-10-18,37.970001,38.049999,37.529999,37.75,42907800,36.926052
2016-10-17,37.549999,37.720001,37.240002,37.290001,15788100,36.476093
2016-10-14,37.189999,37.700001,37.16,37.450001,19123900,36.6326
2016-10-13,36.849998,37.130001,36.459999,36.970001,16936000,36.163077
2016-10-12,37.200001,37.25,36.810001,37.130001,14053900,36.319585
2016-10-11,37.91,38.00,36.82,37.27,27650500,36.456529
2016-10-10,38.25,38.360001,37.900002,38.02,14954300,37.190159
2016-10-07,38.080002,38.220001,37.779999,38.099998,16942500,37.268411
2016-10-06,37.84,38.16,37.580002,38.07,15171400,37.239067
2016-10-05,37.75,38.310001,37.639999,37.990002,22420800,37.160815
2016-10-04,37.77,37.939999,37.330002,37.540001,14393100,36.720636
2016-10-03,37.689999,37.950001,37.529999,37.66,14113600,36.838016
2016-09-30,37.470001,37.919998,37.439999,37.75,24279300,36.926052
2016-09-29,37.490002,37.529999,37.00,37.32,17675000,36.505437
2016-09-28,37.310001,37.50,37.150002,37.439999,19020800,36.622817
2016-09-27,36.900002,37.220001,36.630001,37.18,22391600,36.368493
2016-09-26,36.919998,36.939999,36.599998,36.650002,25518800,35.850062
2016-09-23,37.450001,37.650002,37.119999,37.189999,18062500,36.378273
2016-09-22,37.599998,37.830002,37.439999,37.549999,17013400,36.730416
2016-09-21,37.209999,37.459999,36.860001,37.450001,21233700,36.6326
2016-09-20,37.419998,37.43,36.939999,37.139999,24796900,36.329365
2016-09-19,37.689999,38.02,37.09,37.16,30531700,36.348929
2016-09-16,37.720001,38.049999,37.25,37.669998,74577900,36.847796
2016-09-15,35.740002,36.650002,35.540001,36.560001,23736000,35.762026
2016-09-14,35.509998,35.82,35.400002,35.619999,14074500,34.842541
2016-09-13,35.75,35.880001,35.32,35.610001,23591300,34.832761
2016-09-12,35.189999,36.119999,35.060001,36.080002,22796600,35.292504
2016-09-09,36.099998,36.389999,35.439999,35.439999,29457900,34.666469
2016-09-08,36.349998,36.59,36.119999,36.439999,20356500,35.644643
2016-09-07,36.650002,36.650002,36.380001,36.459999,18495600,35.664207
2016-09-06,36.380001,36.599998,36.169998,36.57,22337800,35.771807
2016-09-02,36.209999,36.330002,35.950001,36.080002,16726700,35.292504
2016-09-01,35.990002,36.040001,35.580002,36.02,18925800,35.233812
2016-08-31,35.619999,35.900002,35.580002,35.889999,20562700,35.106648
2016-08-30,35.59,35.740002,35.52,35.700001,15183200,34.920797
2016-08-29,35.48,35.669998,35.150002,35.549999,15264300,34.774069
2016-08-26,35.110001,35.580002,35.049999,35.259998,14469900,34.490398
2016-08-25,35.049999,35.220001,34.900002,35.09,12428000,34.32411
2016-08-24,35.32,35.41,35.02,35.150002,16343500,34.382802
2016-08-23,35.50,35.689999,35.299999,35.400002,18316000,34.627345
2016-08-22,35.200001,35.450001,35.119999,35.360001,14941400,34.588217
2016-08-19,34.84,35.27,34.740002,35.240002,16417600,34.470838
2016-08-18,34.959999,35.09,34.75,34.970001,16085200,34.20673
2016-08-17,35.169998,35.209999,34.77,35.02,18221600,34.255638
2016-08-16,34.77,35.209999,34.77,35.209999,16320900,34.44149
2016-08-15,34.700001,35.16,34.630001,34.91,18931100,34.148039
2016-08-12,34.52,34.759998,34.439999,34.57,15708300,33.815459
2016-08-11,34.66,34.740002,34.490002,34.68,16364100,33.923059
2016-08-10,35.00,35.00,34.50,34.529999,19579000,33.776332
2016-08-09,35.040001,35.16,34.84,34.919998,12578900,34.157819
2016-08-08,34.900002,35.169998,34.860001,35.040001,19497300,34.275202
2016-08-05,34.799999,35.130001,34.700001,34.98,20046200,34.21651
2016-08-04,34.290001,34.619999,34.220001,34.580002,16362600,33.825243
2016-08-03,34.099998,34.279999,33.990002,34.25,18388800,33.502444
2016-08-02,34.810001,34.869999,34.330002,34.560001,20057300,33.551353
2016-08-01,34.82,34.91,34.560001,34.849998,18824400,33.832887
2016-07-29,34.77,34.919998,34.599998,34.860001,18171200,33.842597
2016-07-28,34.830002,34.830002,34.52,34.77,21667400,33.755224
2016-07-27,35.00,35.279999,34.630001,34.830002,23601800,33.813474
2016-07-26,34.75,35.23,34.700001,35.09,29644400,34.065884
2016-07-25,34.619999,34.759998,34.57,34.689999,20277700,33.677557
2016-07-22,34.380001,34.700001,34.259998,34.66,33033700,33.648433
2016-07-21,34.330002,34.490002,33.860001,34.27,63708600,33.269816
2016-07-20,35.299999,35.93,35.060001,35.689999,42994200,34.648371
2016-07-19,34.889999,35.16,34.849998,35.150002,20395400,34.124134
2016-07-18,35.18,35.200001,34.950001,35.049999,19347200,34.02705
2016-07-15,35.259998,35.290001,34.900002,35.07,23661900,34.046467
2016-07-14,35.130001,35.299999,34.959999,35.200001,25296400,34.172674
2016-07-13,35.040001,35.25,34.880001,35.009998,29120900,33.988217
2016-07-12,34.509998,34.970001,34.48,34.939999,28064100,33.92026
2016-07-11,34.040001,34.50,34.040001,34.380001,23820700,33.376606
2016-07-08,33.650002,34.00,33.50,34.00,23341900,33.007696
2016-07-07,32.959999,33.549999,32.959999,33.200001,26119400,32.231045
2016-07-06,32.799999,33.00,32.380001,32.970001,21070200,32.007758
2016-07-05,32.50,32.73,32.459999,32.68,20107200,31.726221
2016-07-01,32.639999,32.889999,32.470001,32.75,17084600,31.794178
2016-06-30,32.00,32.880001,31.969999,32.799999,34528900,31.842718
2016-06-29,31.35,31.98,31.309999,31.93,22771100,30.99811
2016-06-28,30.969999,31.200001,30.809999,31.190001,23693900,30.279707
2016-06-27,31.41,31.41,30.440001,30.719999,34965100,29.823423
2016-06-24,31.799999,32.32,31.40,31.549999,38094300,30.629199
2016-06-23,32.580002,33.00,32.50,32.990002,22048800,32.027175
2016-06-22,32.299999,32.630001,32.25,32.290001,18304800,31.347604
2016-06-21,32.259998,32.380001,32.09,32.32,15476500,31.376727
2016-06-20,32.07,32.439999,32.009998,32.169998,21961600,31.231103
2016-06-17,31.73,31.809999,31.469999,31.76,27047900,30.833071
2016-06-16,31.440001,31.77,31.219999,31.690001,18547900,30.765115
2016-06-15,32.25,32.259998,31.59,31.610001,23783300,30.68745
2016-06-14,32.009998,32.240002,31.790001,32.139999,18754300,31.20198
2016-06-13,32.049999,32.50,32.040001,32.169998,23004800,31.231103
2016-06-10,31.700001,32.240002,31.65,32.040001,35749100,31.1049
2016-06-09,31.68,32.00,31.68,31.940001,11276800,31.007818
2016-06-08,31.799999,32.00,31.790001,31.889999,12732100,30.959277
2016-06-07,31.75,32.02,31.700001,31.879999,19339100,30.949568
2016-06-06,31.639999,31.82,31.58,31.68,15139600,30.755406
2016-06-03,31.74,31.74,31.40,31.620001,15741800,30.697158
2016-06-02,31.559999,31.76,31.450001,31.76,14140100,30.833071
2016-06-01,31.620001,31.719999,31.469999,31.66,17753500,30.73599
2016-05-31,31.51,31.65,31.309999,31.59,23040200,30.668033
2016-05-27,31.60,31.65,31.450001,31.57,13301500,30.648616
2016-05-26,31.49,31.629999,31.40,31.49,12692300,30.570951
2016-05-25,31.200001,31.57,31.15,31.389999,18359600,30.473869
2016-05-24,30.50,31.120001,30.450001,31.059999,23699200,30.153501
2016-05-23,30.23,30.48,30.129999,30.23,20881900,29.347724
2016-05-20,29.73,30.379999,29.700001,30.15,22777300,29.270059
2016-05-19,29.77,29.93,29.50,29.629999,21740900,28.765235
2016-05-18,30.030001,30.25,29.780001,29.99,22469900,29.114729
2016-05-17,30.57,30.57,29.860001,29.98,25709900,29.105021
2016-05-16,29.90,30.559999,29.879999,30.389999,21826100,29.503055
2016-05-13,29.860001,30.200001,29.84,29.91,19999600,29.037064
2016-05-12,30.110001,30.24,29.57,29.76,20826700,28.891442
2016-05-11,30.16,30.25,29.969999,30.059999,15754200,29.182686
2016-05-10,30.00,30.18,29.82,30.139999,17013800,29.260351
2016-05-09,30.08,30.17,29.76,29.799999,16888300,28.930274
2016-05-06,29.610001,30.110001,29.52,30.040001,19594200,29.163271
2016-05-05,29.870001,30.02,29.75,29.90,23393300,29.027356
2016-05-04,30.17,30.209999,29.700001,29.85,23278800,28.978816
2016-05-03,30.41,30.559999,30.09,30.360001,27111100,29.22152
2016-05-02,30.450001,30.690001,30.360001,30.610001,21086600,29.462145
2016-04-29,30.860001,30.870001,30.10,30.280001,36443700,29.14452
2016-04-28,31.450001,31.709999,31.030001,31.110001,25146400,29.943395
2016-04-27,31.25,31.799999,31.190001,31.75,20006200,30.559395
2016-04-26,31.389999,31.700001,31.17,31.40,20976400,30.222519
2016-04-25,31.360001,31.50,31.200001,31.389999,19315700,30.212894
2016-04-22,31.74,31.860001,31.219999,31.639999,29625600,30.453519
2016-04-21,31.940001,32.060001,31.809999,31.969999,28431400,30.771145
2016-04-20,31.32,32.259998,31.25,32.00,57629800,30.80002
2016-04-19,31.700001,31.809999,31.40,31.60,33619300,30.41502
2016-04-18,31.43,31.719999,31.379999,31.65,21516600,30.463145
2016-04-15,31.790001,31.889999,31.379999,31.459999,28782800,30.280269
2016-04-14,31.780001,31.889999,31.549999,31.799999,21620900,30.607519
2016-04-13,31.969999,32.18,31.950001,32.130001,19968100,30.925146
2016-04-12,31.879999,31.940001,31.379999,31.860001,16774200,30.665271
2016-04-11,31.90,32.34,31.66,31.67,19707700,30.482395
2016-04-08,31.76,32.02,31.48,31.629999,17031900,30.443894
2016-04-07,31.889999,31.90,31.35,31.549999,23738200,30.366894
2016-04-06,31.969999,32.23,31.77,32.080002,15740600,30.877022
2016-04-05,31.889999,32.119999,31.719999,31.90,20080000,30.70377
2016-04-04,32.200001,32.380001,31.74,32.00,21581600,30.80002
2016-04-01,32.27,32.470001,32.099998,32.450001,18049700,31.233146
2016-03-31,32.529999,32.66,32.32,32.349998,17880000,31.136894
2016-03-30,32.450001,32.75,32.290001,32.709999,16598000,31.483395
2016-03-29,31.93,32.439999,31.73,32.380001,15313200,31.165771
2016-03-28,31.870001,32.00,31.620001,31.90,11433000,30.70377
2016-03-24,31.870001,31.950001,31.700001,31.879999,14211900,30.684519
2016-03-23,32.470001,32.470001,31.98,32.00,18765300,30.80002
2016-03-22,32.16,32.459999,31.950001,32.32,22200400,31.10802
2016-03-21,32.23,32.419998,31.950001,32.34,21760900,31.127271
2016-03-18,32.16,32.689999,32.060001,32.68,49934200,31.454521
2016-03-17,31.76,32.169998,31.700001,31.98,22865300,30.78077
2016-03-16,31.49,31.799999,31.17,31.690001,26298400,30.501646
2016-03-15,31.34,31.65,31.059999,31.65,16927700,30.463145
2016-03-14,31.66,31.690001,31.299999,31.43,17438600,30.251395
2016-03-11,31.67,31.790001,31.530001,31.76,22811200,30.56902
2016-03-10,31.139999,31.40,30.379999,31.25,29584800,30.078145
2016-03-09,30.83,31.040001,30.67,30.870001,14707800,29.712395
2016-03-08,30.83,30.879999,30.379999,30.559999,19104900,29.414019
2016-03-07,30.59,31.120001,30.50,30.940001,18858200,29.77977
2016-03-04,30.50,30.860001,30.049999,30.629999,20356800,29.481394
2016-03-03,31.129999,31.35,30.540001,30.58,25625200,29.433269
2016-03-02,30.299999,30.870001,30.120001,30.540001,23779800,29.39477
2016-03-01,29.93,30.530001,29.75,30.370001,25502600,29.231145
2016-02-29,29.719999,30.139999,29.58,29.59,22903100,28.480394
2016-02-26,29.879999,30.08,29.700001,29.799999,19902200,28.682518
2016-02-25,29.32,29.620001,28.950001,29.620001,17571400,28.50927
2016-02-24,28.52,29.299999,28.379999,29.190001,21593600,28.095394
2016-02-23,29.299999,29.35,28.60,28.799999,26638200,27.720017
2016-02-22,29.110001,29.540001,29.00,29.35,23893100,28.249394
2016-02-19,29.200001,29.33,28.709999,28.709999,42056700,27.633392
2016-02-18,29.530001,29.76,29.379999,29.42,20623300,28.316769
2016-02-17,28.860001,29.620001,28.73,29.469999,27691700,28.364893
2016-02-16,28.75,28.950001,28.360001,28.780001,30705200,27.700769
2016-02-12,28.57,28.700001,28.139999,28.639999,19699000,27.566018
2016-02-11,27.83,28.41,27.68,28.219999,28450200,27.161767
2016-02-10,28.879999,29.00,28.190001,28.23,27267800,27.171392
2016-02-09,28.49,29.15,28.41,28.809999,22902600,27.729643
2016-02-08,28.74,28.98,28.299999,28.82,28725900,27.739268
2016-02-05,29.58,29.76,28.91,29.040001,27957500,27.951019
2016-02-04,29.139999,29.879999,29.110001,29.77,29257800,28.653644
2016-02-03,29.719999,29.719999,28.52,29.34,44660100,28.239769
2016-02-02,30.450001,30.49,29.629999,29.799999,24994300,28.432268
2016-02-01,30.719999,31.120001,30.639999,30.82,19015100,29.405454
2016-01-29,30.209999,31.030001,30.10,31.02,38311400,29.596275
2016-01-28,30.02,30.18,29.75,29.969999,22028100,28.594466
2016-01-27,29.879999,30.219999,29.639999,29.809999,26384100,28.44181
2016-01-26,29.610001,30.049999,29.610001,29.940001,24754900,28.565844
2016-01-25,29.99,30.219999,29.57,29.60,26441000,28.241449
2016-01-22,30.120001,30.24,29.51,29.93,25326500,28.556303
2016-01-21,29.65,30.030001,29.24,29.66,30157400,28.298695
2016-01-20,29.35,29.870001,29.209999,29.59,39598200,28.231908
2016-01-19,29.98,30.059999,29.48,29.799999,28878100,28.432268
2016-01-15,29.73,30.50,29.450001,29.76,75768000,28.394105
2016-01-14,31.969999,32.869999,31.799999,32.740002,48728200,31.237334
2016-01-13,32.759998,32.93,31.83,31.91,34445700,30.445426
2016-01-12,32.759998,32.889999,32.27,32.68,28587700,31.180086
2016-01-11,31.809999,32.220001,31.68,32.060001,27732400,30.588543
2016-01-08,32.09,32.220001,31.43,31.51,29953800,30.063786
2016-01-07,32.279999,33.009998,31.84,31.84,37680500,30.378639
2016-01-06,33.25,33.52,32.799999,33.080002,25491300,31.561729
2016-01-05,33.959999,34.00,33.529999,33.830002,16709500,32.277306
2016-01-04,33.880001,34.009998,33.459999,33.990002,27882200,32.429962
2015-12-31,34.82,34.959999,34.439999,34.450001,14334100,32.868849
2015-12-30,35.380001,35.450001,34.950001,34.990002,11566800,33.384065
2015-12-29,35.009998,35.59,35.009998,35.439999,14188600,33.813409
2015-12-28,34.950001,35.00,34.57,34.93,9449400,33.326818
2015-12-24,35.07,35.259998,34.959999,34.98,5893800,33.374522
2015-12-23,34.950001,35.049999,34.779999,35.00,12526500,33.393605
2015-12-22,34.360001,34.779999,34.27,34.73,18422000,33.135997
2015-12-21,34.110001,34.299999,33.82,34.240002,18006800,32.668488
2015-12-18,34.73,34.75,33.860001,33.869999,41336600,32.315467
2015-12-17,35.32,35.369999,34.759998,34.91,24963600,33.307735
2015-12-16,35.360001,35.470001,34.77,35.299999,23257900,33.679835
2015-12-15,34.650002,35.349998,34.639999,35.18,24365900,33.565344
2015-12-14,34.380001,34.48,33.880001,34.470001,19357100,32.887931
2015-12-11,34.310001,34.650002,34.200001,34.27,21251400,32.69711
2015-12-10,34.849998,35.07,34.66,34.77,17350500,33.174162
2015-12-09,34.880001,35.220001,34.509998,34.810001,22548300,33.212326
2015-12-08,34.669998,34.950001,34.419998,34.75,13380200,33.155079
2015-12-07,34.790001,35.169998,34.75,34.990002,17731900,33.384065
2015-12-04,34.110001,35.029999,34.00,34.939999,24901000,33.336357
2015-12-03,34.970001,34.990002,34.00,34.040001,30131100,32.477667
2015-12-02,35.09,35.41,34.810001,34.830002,18688200,33.231409
2015-12-01,35.00,35.200001,34.709999,35.09,23560200,33.479474
2015-11-30,34.549999,34.900002,34.43,34.77,21785800,33.174162
2015-11-27,34.540001,34.68,34.400002,34.459999,6620900,32.878388
2015-11-25,34.259998,34.740002,34.139999,34.450001,17939400,32.868849
2015-11-24,34.330002,34.439999,33.900002,34.360001,21413500,32.782979
2015-11-23,34.66,34.849998,34.41,34.48,20152900,32.897471
2015-11-20,34.48,35.290001,34.48,34.66,41137700,33.06921
2015-11-19,33.220001,34.73,33.130001,34.299999,45381600,32.725732
2015-11-18,32.73,33.240002,32.619999,33.16,18619800,31.638055
2015-11-17,32.150002,32.880001,32.009998,32.639999,22636400,31.141921
2015-11-16,32.09,32.259998,31.93,32.099998,29899700,30.626705
2015-11-13,32.27,32.380001,31.959999,32.110001,23673200,30.636248
2015-11-12,32.709999,32.919998,32.389999,32.400002,23265400,30.912938
2015-11-11,33.16,33.380001,32.799999,32.860001,19864700,31.351825
2015-11-10,33.169998,33.27,32.810001,33.209999,22451700,31.68576
2015-11-09,33.599998,33.830002,33.080002,33.349998,24168700,31.819333
2015-11-06,33.93,33.970001,33.41,33.84,23701700,32.286845
2015-11-05,34.099998,34.200001,33.73,34.00,16486100,32.439502
2015-11-04,34.27,34.27,33.900002,34.150002,20762100,32.582619
2015-11-03,34.00,34.41,33.98,34.310001,18167000,32.50629
2015-11-02,33.73,34.279999,33.639999,34.110001,21743100,32.316804
2015-10-30,34.099998,34.290001,33.860001,33.860001,24693900,32.079947
2015-10-29,34.200001,34.290001,33.77,34.029999,21325200,32.241008
2015-10-28,34.470001,34.709999,34.119999,34.709999,21908400,32.88526
2015-10-27,34.41,34.549999,34.310001,34.470001,22630100,32.657879
2015-10-26,34.77,34.959999,34.549999,34.59,22646900,32.771569
2015-10-23,34.540001,35.029999,34.400002,34.900002,42796600,33.065274
2015-10-22,33.700001,34.50,33.59,34.400002,39572600,32.591559
2015-10-21,33.669998,34.049999,33.32,33.369999,31928800,31.615705
2015-10-20,33.400002,33.700001,33.310001,33.439999,24301000,31.682025
2015-10-19,32.880001,33.619999,32.869999,33.59,37624000,31.82414
2015-10-16,32.75,33.200001,32.48,33.040001,29371300,31.303055
2015-10-15,32.84,33.060001,32.459999,32.75,37634800,31.0283
2015-10-14,31.389999,32.93,30.85,32.799999,75954800,31.075671
2015-10-13,32.029999,32.48,31.98,32.040001,35588600,30.355626
2015-10-12,32.16,32.32,32.00,32.209999,18795000,30.516687
2015-10-09,32.369999,32.549999,31.940001,32.139999,24209900,30.450368
2015-10-08,32.23,32.599998,31.98,32.52,27794600,30.810392
2015-10-07,32.00,32.419998,31.719999,32.32,36930100,30.620905
2015-10-06,31.16,31.85,31.110001,31.74,34899800,30.071396
2015-10-05,30.73,31.379999,30.559999,31.209999,34842500,29.569258
2015-10-02,29.67,30.530001,29.530001,30.51,27901500,28.906059
2015-10-01,30.209999,30.280001,29.459999,30.00,29832800,28.42287
2015-09-30,29.559999,30.32,29.540001,30.139999,41051700,28.55551
2015-09-29,28.83,29.35,28.76,29.24,34169600,27.702824
2015-09-28,28.68,29.360001,28.639999,28.76,42291000,27.248058
2015-09-25,28.940001,29.120001,28.629999,28.809999,29192300,27.295429
2015-09-24,28.379999,28.67,27.870001,28.48,32754700,26.982778
2015-09-23,29.02,29.09,28.59,28.74,25984000,27.229109
2015-09-22,28.67,28.90,28.48,28.67,28576200,27.16279
2015-09-21,29.09,29.34,28.940001,29.16,24417100,27.62703
2015-09-18,29.219999,29.42,28.809999,29.02,60693400,27.49439
2015-09-17,29.620001,30.200001,29.549999,29.709999,29805200,28.148115
2015-09-16,29.620001,29.790001,29.40,29.77,25957800,28.204962
2015-09-15,29.559999,29.940001,29.48,29.73,29819000,28.167064
2015-09-14,29.469999,29.530001,29.09,29.389999,24065100,27.844938
2015-09-11,29.08,29.52,29.040001,29.469999,21786900,27.920732
2015-09-10,29.18,29.66,28.90,29.27,25195800,27.731247
2015-09-09,29.719999,30.120001,29.17,29.24,30774100,27.702824
2015-09-08,28.98,29.50,28.950001,29.50,27805000,27.949156
2015-09-04,28.57,28.90,28.41,28.52,29116500,27.020676
2015-09-03,28.799999,29.42,28.690001,29.08,38665900,27.551235
2015-09-02,28.35,28.60,28.139999,28.60,34618800,27.09647
2015-09-01,27.91,28.17,27.66,27.82,44144000,26.357475
2015-08-31,28.33,29.129999,28.16,28.540001,42401800,27.039625
2015-08-28,27.67,28.610001,27.450001,28.42,43452400,26.925932
2015-08-27,27.719999,27.91,27.01,27.719999,38649400,26.262731
2015-08-26,26.51,27.34,26.08,27.299999,47386700,25.864811
2015-08-25,27.040001,27.15,25.870001,25.870001,59371900,24.509989
2015-08-24,25.200001,27.629999,24.870001,26.25,83234200,24.870011
2015-08-21,27.33,27.629999,26.559999,26.559999,52288400,25.163714
2015-08-20,28.030001,28.24,27.530001,27.530001,31936600,26.082721
2015-08-19,28.65,28.799999,28.280001,28.360001,30450600,26.869087
2015-08-18,28.950001,29.049999,28.799999,28.91,19182600,27.390172
2015-08-17,28.83,29.200001,28.709999,29.08,15548300,27.551235
2015-08-14,28.92,29.040001,28.82,29.02,14302700,27.49439
2015-08-13,29.40,29.450001,28.870001,28.870001,18821900,27.352276
2015-08-12,28.66,29.57,28.66,29.459999,33589100,27.911258
2015-08-11,29.469999,29.48,28.959999,28.969999,23758900,27.447018
2015-08-10,29.07,29.68,29.059999,29.639999,22807400,28.081795
2015-08-07,28.799999,28.959999,28.690001,28.879999,25606100,27.361749
2015-08-06,29.16,29.23,28.85,29.01,27958200,27.484916
2015-08-05,29.190001,29.389999,29.02,29.120001,23622700,27.589133
2015-08-04,28.98,29.15,28.860001,29.129999,25741700,27.371222
2015-08-03,29.00,29.35,28.90,29.049999,26213600,27.296053
2015-07-31,29.120001,29.120001,28.77,28.950001,27158800,27.202092
2015-07-30,29.10,29.450001,28.85,28.91,26582400,27.164506
2015-07-29,28.950001,29.129999,28.790001,29.01,26470200,27.258469
2015-07-28,28.51,29.18,28.440001,28.959999,33182400,27.211486
2015-07-27,28.07,28.42,27.620001,28.35,42161100,26.638317
2015-07-24,28.530001,28.639999,28.059999,28.059999,31621000,26.365826
2015-07-23,28.66,28.969999,28.43,28.60,33775200,26.873223
2015-07-22,28.57,28.85,28.43,28.610001,36387200,26.88262
2015-07-21,28.959999,29.26,28.67,28.719999,45191000,26.985977
2015-07-20,29.620001,29.620001,29.07,29.10,33812900,27.343035
2015-07-17,29.66,29.799999,29.10,29.469999,43697600,27.690694
2015-07-16,30.469999,30.48,29.10,29.90,81166700,28.094733
2015-07-15,29.65,29.99,29.469999,29.690001,47852500,27.897413
2015-07-14,29.66,30.110001,29.440001,29.65,39778300,27.859827
2015-07-13,29.27,29.82,29.190001,29.73,26452400,27.934997
2015-07-10,29.200001,29.35,28.940001,29.17,31423800,27.408808
2015-07-09,29.719999,29.889999,28.82,28.93,46855100,27.183299
2015-07-08,29.40,29.67,29.15,29.50,45223800,27.718884
2015-07-07,29.870001,29.93,29.09,29.90,43833700,28.094733
2015-07-06,30.24,30.450001,29.84,30.040001,32468100,28.226281
2015-07-02,30.18,30.92,30.10,30.559999,27105200,28.714884
2015-07-01,30.49,30.549999,30.01,30.18,27178900,28.357828
2015-06-30,30.629999,30.690001,30.15,30.42,34412200,28.583337
2015-06-29,30.700001,30.98,30.309999,30.389999,35194500,28.555148
2015-06-26,31.51,31.530001,30.76,31.02,62157200,29.147111
2015-06-25,32.02,32.32,31.99,31.99,22743300,30.058545
2015-06-24,32.150002,32.150002,31.879999,31.91,23313900,29.983375
2015-06-23,32.310001,32.34,31.93,32.09,17995900,30.152508
2015-06-22,32.259998,32.389999,32.080002,32.259998,23608400,30.312242
2015-06-19,32.400002,32.57,31.959999,32.07,39008400,30.133715
2015-06-18,32.080002,32.50,32.00,32.380001,27722400,30.424999
2015-06-17,31.75,32.09,31.690001,31.950001,28194200,30.020961
2015-06-16,31.26,31.76,31.129999,31.639999,20254500,29.729677
2015-06-15,31.120001,31.51,30.940001,31.389999,23175000,29.494771
2015-06-12,31.719999,32.099998,31.200001,31.32,31629800,29.428998
2015-06-11,31.950001,32.099998,31.84,31.85,24293600,29.926999
2015-06-10,31.459999,32.16,31.370001,31.82,33336800,29.898809
2015-06-09,31.33,31.66,31.15,31.25,33976700,29.363224
2015-06-08,31.809999,31.950001,31.209999,31.299999,38171600,29.410205
2015-06-05,32.279999,32.299999,31.83,31.84,27778500,29.917602
2015-06-04,32.509998,32.720001,32.200001,32.310001,33761800,30.359226
2015-06-03,33.169998,33.240002,32.59,32.73,37898300,30.753866
2015-06-02,33.639999,33.75,33.139999,33.27,36351100,31.261264
2015-06-01,34.369999,34.59,33.68,33.91,46734500,31.862622
2015-05-29,34.240002,34.75,34.209999,34.459999,43545500,32.379414
2015-05-28,33.740002,34.150002,33.68,34.009998,27065700,31.956583
2015-05-27,33.200001,33.849998,33.130001,33.709999,30172700,31.674696
2015-05-26,33.27,33.290001,32.84,33.099998,28594500,31.101526
2015-05-22,33.470001,33.509998,33.32,33.450001,20845000,31.430396
2015-05-21,33.209999,33.560001,33.07,33.549999,21269800,31.524357
2015-05-20,33.060001,33.50,33.009998,33.369999,21359800,31.355224
2015-05-19,33.360001,33.380001,32.990002,33.150002,21867100,31.14851
2015-05-18,32.98,33.41,32.849998,33.41,23689500,31.39281
2015-05-15,33.09,33.119999,32.75,32.990002,17149700,30.99817
2015-05-14,32.860001,33.130001,32.77,32.970001,21098900,30.979377
2015-05-13,32.27,32.900002,32.27,32.639999,20470800,30.6693
2015-05-12,32.439999,32.50,32.00,32.25,24530200,30.302847
2015-05-11,32.68,32.709999,32.43,32.689999,18358600,30.71628
2015-05-08,32.509998,32.880001,32.34,32.799999,26926500,30.819639
2015-05-07,32.27,32.630001,32.18,32.240002,21475300,30.293453
2015-05-06,32.50,32.790001,31.93,32.220001,31985400,30.27466
2015-05-05,33.00,33.099998,32.57,32.639999,29779200,30.6693
2015-05-04,33.27,33.50,33.220001,33.43,21397300,31.186094
2015-05-01,32.630001,33.490002,32.619999,33.419998,27091200,31.176764
2015-04-30,32.709999,32.849998,32.299999,32.549999,22013300,30.365161
2015-04-29,32.560001,33.00,32.549999,32.889999,21819000,30.68234
2015-04-28,32.299999,33.040001,32.23,33.02,29572800,30.803615
2015-04-27,32.080002,32.689999,32.080002,32.50,25869600,30.318518
2015-04-24,32.41,32.48,32.02,32.080002,22759900,29.926711
2015-04-23,32.040001,32.41,32.009998,32.349998,23775300,30.178585
2015-04-22,32.41,32.720001,32.029999,32.700001,21144200,30.505094
2015-04-21,32.93,32.970001,32.279999,32.43,19023800,30.253217
2015-04-20,32.610001,32.790001,32.529999,32.73,20649300,30.53308
2015-04-17,32.509998,32.700001,32.220001,32.470001,30593600,30.290533
2015-04-16,32.849998,32.990002,32.700001,32.869999,28903200,30.663682
2015-04-15,32.259998,32.990002,32.07,32.830002,61083500,30.626369
2015-04-14,31.68,31.940001,31.27,31.49,39754000,29.376312
2015-04-13,31.809999,32.049999,31.709999,31.73,23489000,29.600202
2015-04-10,31.33,31.940001,31.33,31.93,28084900,29.786778
2015-04-09,30.68,31.620001,30.57,31.24,34167600,29.143092
2015-04-08,31.23,31.559999,31.059999,31.309999,18250300,29.208393
2015-04-07,31.07,31.59,31.00,31.26,23258300,29.16175
2015-04-06,30.809999,31.25,30.450001,31.040001,21490900,28.956518
2015-04-02,30.799999,31.23,30.67,30.809999,20909600,28.741955
2015-04-01,31.129999,31.32,30.65,30.809999,31532100,28.741955
2015-03-31,31.43,31.93,31.200001,31.27,32098500,29.171079
2015-03-30,31.66,32.099998,31.299999,31.459999,51391500,29.348325
2015-03-27,30.01,33.00,29.85,32.00,73857200,29.852079
2015-03-26,29.50,30.40,29.309999,30.08,45450100,28.060955
2015-03-25,30.809999,30.889999,29.860001,29.889999,37691000,27.883707
2015-03-24,31.16,31.32,30.74,30.790001,28471400,28.723298
2015-03-23,31.290001,31.790001,31.200001,31.200001,29694000,29.105778
2015-03-20,30.99,31.620001,30.93,31.309999,64777100,29.208393
2015-03-19,30.780001,31.10,30.690001,30.74,27414200,28.676654
2015-03-18,30.41,31.200001,30.299999,30.889999,39834100,28.816585
2015-03-17,30.58,30.73,30.41,30.59,29215600,28.536722
2015-03-16,30.93,31.110001,30.65,30.83,33074600,28.760613
2015-03-13,30.629999,30.98,30.360001,30.93,47954700,28.853901
2015-03-12,31.01,31.60,30.58,30.799999,107402400,28.732626
2015-03-11,31.969999,32.959999,31.950001,32.330002,49683600,30.159931
2015-03-10,32.240002,32.41,31.50,31.700001,50278900,29.572217
2015-03-09,33.200001,33.27,32.48,32.720001,33058800,30.523752
2015-03-06,33.540001,33.68,33.080002,33.189999,32373100,30.962202
2015-03-05,34.259998,34.50,33.59,33.73,21225800,31.465957
2015-03-04,33.860001,34.41,33.720001,34.119999,23005800,31.829779
2015-03-03,33.950001,34.380001,33.91,34.099998,27332000,31.811121
2015-03-02,33.290001,34.130001,33.119999,34.060001,25406400,31.773808
2015-02-27,33.630001,33.639999,33.209999,33.25,24427300,31.018176
2015-02-26,33.619999,33.880001,33.43,33.650002,25928400,31.391329
2015-02-25,34.029999,34.150002,33.73,33.950001,24686300,31.671191
2015-02-24,33.610001,34.490002,33.509998,34.41,29607500,32.100314
2015-02-23,34.400002,34.50,33.580002,33.759998,25565500,31.493942
2015-02-20,34.150002,34.57,33.91,34.41,20955600,32.100314
2015-02-19,34.25,34.419998,34.049999,34.209999,11017500,31.913738
2015-02-18,34.650002,34.709999,34.189999,34.27,19992900,31.969712
2015-02-17,34.400002,34.75,34.259998,34.740002,19374100,32.408165
2015-02-13,34.25,34.369999,33.950001,34.360001,18037900,32.053671
2015-02-12,33.98,34.130001,33.759998,34.130001,20056700,31.839109
2015-02-11,33.669998,33.759998,33.32,33.549999,18364200,31.298039
2015-02-10,33.200001,33.73,33.049999,33.700001,20200000,31.437972
2015-02-09,33.00,33.240002,32.669998,32.93,28705500,30.719656
2015-02-06,33.919998,34.00,33.139999,33.299999,29342400,31.064819
2015-02-05,33.68,33.990002,33.450001,33.939999,20491400,31.66186
2015-02-04,33.669998,33.84,33.299999,33.599998,25052800,31.344682
2015-02-03,33.779999,34.049999,32.610001,33.700001,36038300,31.214081
2015-02-02,33.060001,33.75,32.650002,33.650002,38733800,31.16777
2015-01-30,33.700001,33.990002,33.00,33.040001,38719700,30.602767
2015-01-29,33.84,34.279999,33.459999,34.209999,29569400,31.686458
2015-01-28,34.470001,34.700001,33.720001,33.779999,34929100,31.288178
2015-01-27,34.400002,34.720001,33.549999,34.189999,58456200,31.667933
2015-01-26,36.189999,36.299999,35.57,35.810001,30906800,33.168435
2015-01-23,36.959999,37.029999,36.380001,36.450001,27427100,33.761224
2015-01-22,36.560001,37.00,36.139999,36.91,31809900,34.18729
2015-01-21,35.849998,36.68,35.77,36.48,27442600,33.78901
2015-01-20,36.099998,36.459999,35.57,36.09,35929400,33.427779
2015-01-16,36.119999,36.66,35.509998,36.450001,62812200,33.761224
2015-01-15,36.529999,36.880001,36.029999,36.189999,47181800,33.520401
2015-01-14,36.330002,36.91,35.91,36.349998,34231000,33.668598
2015-01-13,36.869999,37.490002,36.290001,36.50,31478000,33.807535
2015-01-12,36.900002,37.00,36.23,36.599998,29400800,33.900157
2015-01-09,36.77,37.110001,36.400002,36.759998,22850500,34.048354
2015-01-08,36.369999,37.00,36.259998,36.689999,31765400,33.983518
2015-01-07,35.639999,36.07,35.27,36.02,27725200,33.362943
2015-01-06,36.080002,36.23,35.259998,35.279999,30847600,32.677528
2015-01-05,36.200001,36.450001,35.939999,35.950001,32785000,33.298107
2015-01-02,36.669998,37.16,36.110001,36.360001,23605600,33.677863
2014-12-31,36.630001,37.040001,36.290001,36.290001,20393600,33.613026
2014-12-30,37.080002,37.189999,36.759998,36.759998,15214100,34.048354
2014-12-29,37.450001,37.52,37.169998,37.18,12203300,34.437374
2014-12-26,37.52,37.740002,37.52,37.549999,14037200,34.78008
2014-12-24,37.470001,37.599998,37.18,37.439999,12109100,34.678193
2014-12-23,37.400002,37.700001,37.299999,37.43,22169700,34.668932
2014-12-22,36.389999,37.259998,36.389999,37.209999,29227100,34.46516
2014-12-19,37.02,37.16,36.23,36.369999,76786800,33.687123
2014-12-18,36.75,37.02,36.43,37.02,32128100,34.289177
2014-12-17,35.619999,36.330002,35.330002,36.240002,31637700,33.566715
2014-12-16,35.860001,36.50,35.560001,35.560001,31166300,32.936876
2014-12-15,36.389999,36.779999,35.900002,35.919998,30633400,33.270317
2014-12-12,36.450001,36.82,36.220001,36.23,29322500,33.557451
2014-12-11,36.50,37.209999,36.439999,36.700001,25088200,33.992782
2014-12-10,36.93,37.02,36.299999,36.419998,27499900,33.733434
2014-12-09,36.669998,37.09,36.299999,36.889999,28487300,34.168765
2014-12-08,37.459999,37.73,36.939999,37.200001,28134800,34.455899
2014-12-05,37.57,37.900002,37.52,37.669998,20527600,34.891227
2014-12-04,37.400002,37.459999,37.040001,37.459999,23359100,34.696718
2014-12-03,37.68,37.889999,37.41,37.43,30660800,34.668932
2014-12-02,37.18,37.599998,37.18,37.599998,28361100,34.826391
2014-12-01,37.209999,37.619999,36.900002,37.169998,30904000,34.42811
2014-11-28,37.040001,37.689999,36.939999,37.25,19128500,34.50221
2014-11-26,36.369999,36.990002,36.279999,36.900002,24060000,34.17803
2014-11-25,36.360001,36.48,36.150002,36.32,29093200,33.640812
2014-11-24,35.889999,36.43,35.84,36.25,33321100,33.575976
2014-11-21,35.98,36.459999,35.50,35.59,56721600,32.964662
2014-11-20,34.139999,35.970001,34.00,35.950001,61994700,33.298107
2014-11-19,34.689999,34.790001,34.25,34.349998,21289600,31.816131
2014-11-18,34.189999,34.900002,34.16,34.709999,30674800,32.149575
2014-11-17,33.82,34.25,33.759998,34.240002,17646300,31.714248
2014-11-14,33.75,33.970001,33.349998,33.950001,18104600,31.445639
2014-11-13,33.349998,33.860001,33.34,33.68,26449300,31.195556
2014-11-12,33.23,33.419998,33.00,33.380001,22864200,30.917686
2014-11-11,33.360001,33.540001,33.200001,33.310001,19676600,30.85285
2014-11-10,33.43,33.490002,33.080002,33.259998,30653600,30.806536
2014-11-07,33.98,34.00,33.189999,33.580002,27604500,31.102934
2014-11-06,33.689999,34.23,33.41,33.82,25240600,31.325228
2014-11-05,34.049999,34.099998,33.599998,33.759998,34705500,31.269652
2014-11-04,34.25,34.779999,34.209999,34.540001,34695900,31.783715
2014-11-03,33.810001,34.48,33.790001,34.310001,28703600,31.572069
2014-10-31,33.740002,34.009998,32.630001,34.009998,52089700,31.296006
2014-10-30,33.580002,33.610001,32.400002,32.580002,55217900,29.980123
2014-10-29,33.759998,33.970001,33.509998,33.919998,24615200,31.213188
2014-10-28,33.23,33.75,33.23,33.740002,21857800,31.047555
2014-10-27,33.080002,33.299999,32.77,33.200001,23751900,30.550646
2014-10-24,32.720001,33.330002,32.57,33.18,27814300,30.532242
2014-10-23,32.720001,32.91,32.599998,32.689999,22254900,30.081342
2014-10-22,32.66,32.869999,32.220001,32.27,26725600,29.69486
2014-10-21,31.67,32.619999,31.58,32.610001,33278400,30.007728
2014-10-20,31.040001,31.700001,30.90,31.58,30523700,29.059921
2014-10-17,31.200001,31.709999,30.969999,31.379999,37504500,28.875881
2014-10-16,30.889999,31.51,30.75,30.85,47787400,28.388176
2014-10-15,30.540001,31.65,29.65,31.280001,92305200,28.783862
2014-10-14,31.99,32.669998,31.709999,32.139999,68671000,29.575233
2014-10-13,31.719999,32.369999,31.469999,31.469999,42110200,28.958699
2014-10-10,32.619999,32.860001,30.50,31.91,80917600,29.363587
2014-10-09,34.150002,34.43,33.580002,33.619999,28185700,30.937129
2014-10-08,33.490002,34.369999,33.139999,34.27,34960600,31.53526
2014-10-07,34.040001,34.049999,33.419998,33.470001,25972100,30.799101
2014-10-06,34.150002,34.48,33.869999,34.110001,24321100,31.388028
2014-10-03,33.66,34.18,33.470001,34.029999,25834600,31.314411
2014-10-02,33.959999,34.00,33.259998,33.52,32910800,30.84511
2014-10-01,34.610001,34.779999,33.84,33.990002,35086600,31.277605
2014-09-30,34.900002,35.00,34.41,34.82,35274600,32.04137
2014-09-29,34.060001,34.990002,33.939999,34.900002,29003100,32.114987
2014-09-26,34.259998,34.360001,33.630001,34.259998,25882300,31.526056
2014-09-25,34.68,34.790001,33.880001,34.139999,34639700,31.415633
2014-09-24,34.400002,34.849998,34.369999,34.75,18829000,31.976956
2014-09-23,34.709999,34.709999,34.380001,34.419998,25690700,31.673288
2014-09-22,34.779999,35.029999,34.549999,34.709999,25447700,31.940147
2014-09-19,35.16,35.220001,34.82,34.82,46851900,32.04137
2014-09-18,35.119999,35.169998,34.860001,35.169998,23809600,32.363438
2014-09-17,34.91,35.200001,34.740002,34.98,26278900,32.188601
2014-09-16,34.470001,35.080002,34.470001,34.93,20875700,32.142592
2014-09-15,34.709999,34.77,34.23,34.540001,22438000,31.783715
2014-09-12,34.900002,34.91,34.50,34.619999,26732600,31.857329
2014-09-11,34.790001,35.02,34.529999,35.02,21949000,32.22541
2014-09-10,34.849998,35.130001,34.669998,35.02,19964200,32.22541
2014-09-09,35.290001,35.290001,34.849998,34.91,22333100,32.124188
2014-09-08,34.959999,35.560001,34.880001,35.330002,24859600,32.510674
2014-09-05,34.919998,35.119999,34.830002,35.00,20841900,32.207006
2014-09-04,34.529999,35.09,34.52,34.91,27632400,32.124188
2014-09-03,34.82,34.880001,34.450001,34.57,26668800,31.81132
2014-09-02,34.759998,34.91,34.43,34.57,32094800,31.81132
2014-08-29,34.810001,34.939999,34.669998,34.919998,32302800,32.133388
2014-08-28,34.610001,34.810001,34.610001,34.650002,18908900,31.884937
2014-08-27,34.889999,34.939999,34.630001,34.790001,17168900,32.013765
2014-08-26,34.790001,35.049999,34.689999,34.799999,19664700,32.022965
2014-08-25,35.09,35.150002,34.650002,34.810001,18614500,32.032169
2014-08-22,35.200001,35.200001,34.91,34.939999,21196700,32.151793
2014-08-21,34.459999,35.189999,34.450001,35.150002,37164900,32.345037
2014-08-20,34.23,34.509998,34.18,34.50,27140300,31.746906
2014-08-19,34.50,34.50,34.25,34.34,29281900,31.599674
2014-08-18,34.259998,34.470001,33.98,34.41,27232200,31.664088
2014-08-15,34.099998,34.209999,33.709999,34.169998,28577600,31.443238
2014-08-14,34.049999,34.23,33.740002,33.939999,25458000,31.231592
2014-08-13,33.240002,34.150002,33.23,34.099998,36291000,31.378824
2014-08-12,32.91,33.150002,32.68,33.130001,24805600,30.486233
2014-08-11,32.82,33.240002,32.810001,33.02,27718600,30.38501
2014-08-08,32.779999,33.00,32.540001,32.599998,35484000,29.998524
2014-08-07,32.93,33.150002,32.540001,32.68,27820100,30.072142
2014-08-06,32.599998,33.189999,32.389999,32.849998,27923900,30.228574
2014-08-05,33.759998,33.779999,32.599998,32.82,49845100,30.200969
2014-08-04,33.790001,34.09,33.549999,34.049999,27250100,31.12577
2014-08-01,33.75,34.029999,33.610001,33.740002,33472400,30.842395
2014-07-31,34.09,34.25,33.810001,33.889999,35431200,30.979511
2014-07-30,34.310001,34.57,34.040001,34.349998,32782800,31.400005
2014-07-29,34.27,34.369999,34.09,34.189999,26141700,31.253746
2014-07-28,34.23,34.32,33.880001,34.23,30972200,31.290311
2014-07-25,34.150002,34.369999,33.93,34.25,31614000,31.308594
2014-07-24,34.380001,34.669998,34.099998,34.25,33180400,31.308594
2014-07-23,34.68,34.709999,34.299999,34.50,26077000,31.537124
2014-07-22,34.16,34.830002,34.07,34.790001,42915100,31.80222
2014-07-21,33.549999,34.23,33.540001,34.060001,32097200,31.134913
2014-07-18,33.799999,33.84,33.389999,33.700001,46528800,30.805829
2014-07-17,34.200001,34.360001,33.630001,33.700001,70591100,30.805829
2014-07-16,33.310001,34.740002,33.209999,34.650002,135834600,31.674244
2014-07-15,31.58,31.799999,31.16,31.709999,61006100,28.98673
2014-07-14,31.41,31.58,31.34,31.49,24244600,28.785624
2014-07-11,31.26,31.450001,31.040001,31.25,20045000,28.566236
2014-07-10,30.60,31.33,30.440001,31.26,32455100,28.575377
2014-07-09,30.84,30.98,30.690001,30.889999,28302400,28.237152
2014-07-08,31.00,31.08,30.700001,30.790001,37608700,28.145742
2014-07-07,31.09,31.200001,30.92,31.030001,22233400,28.36513
2014-07-03,31.08,31.360001,31.02,31.139999,20437600,28.465682
2014-07-02,30.99,31.049999,30.799999,30.98,16831200,28.319423
2014-07-01,30.99,31.09,30.870001,30.98,28240000,28.319423
2014-06-30,30.870001,31.00,30.66,30.90,21558400,28.246293
2014-06-27,30.870001,31.00,30.700001,30.93,30776300,28.273718
2014-06-26,30.809999,30.90,30.610001,30.780001,26722300,28.1366
2014-06-25,30.48,31.00,30.450001,30.879999,44293300,28.228011
2014-06-24,30.16,30.83,30.09,30.50,53397600,27.880646
2014-06-23,30.10,30.309999,29.85,30.23,26528900,27.633833
2014-06-20,30.07,30.200001,30.030001,30.200001,39826400,27.606411
2014-06-19,29.969999,30.09,29.889999,30.09,27166600,27.505857
2014-06-18,29.879999,29.98,29.67,29.93,34412300,27.359598
2014-06-17,29.879999,30.10,29.84,29.950001,28440600,27.377881
2014-06-16,29.719999,30.15,29.67,30.01,36407800,27.432728
2014-06-13,29.75,30.059999,29.559999,29.870001,122194300,27.304751
2014-06-12,27.860001,28.10,27.77,27.959999,31211400,25.558782
2014-06-11,28.139999,28.209999,27.799999,27.93,27747700,25.531359
2014-06-10,27.85,28.33,27.719999,28.24,34256900,25.814736
2014-06-09,28.10,28.42,27.83,27.91,39933000,25.513076
2014-06-06,27.780001,28.209999,27.73,28.17,34795600,25.750748
2014-06-05,27.559999,27.66,27.43,27.66,26546200,25.284546
2014-06-04,27.51,27.76,27.50,27.60,21612500,25.2297
2014-06-03,27.219999,27.700001,27.120001,27.66,33256300,25.284546
2014-06-02,27.309999,27.35,27.120001,27.26,20264900,24.918899
2014-05-30,26.940001,27.32,26.93,27.32,43641000,24.973746
2014-05-29,26.91,26.959999,26.719999,26.959999,20638900,24.644662
2014-05-28,26.700001,26.940001,26.66,26.879999,27150100,24.571533
2014-05-27,26.33,26.74,26.18,26.709999,27271900,24.416132
2014-05-23,26.15,26.299999,26.139999,26.290001,17172200,24.032204
2014-05-22,26.209999,26.27,26.08,26.15,15926500,23.904226
2014-05-21,26.10,26.25,26.00,26.200001,18721300,23.949933
2014-05-20,26.02,26.17,25.879999,26.040001,22292600,23.803674
2014-05-19,25.75,26.09,25.75,26.040001,22679600,23.803674
2014-05-16,26.049999,26.07,25.74,25.82,30017200,23.602566
2014-05-15,26.33,26.50,26.01,26.01,31752700,23.776249
2014-05-14,26.49,26.52,26.33,26.33,17811900,24.068767
2014-05-13,26.49,26.540001,26.33,26.450001,20525000,24.178463
2014-05-12,26.41,26.540001,26.299999,26.370001,20607800,24.105333
2014-05-09,26.370001,26.41,26.219999,26.299999,20324400,24.041343
2014-05-08,26.32,26.530001,26.219999,26.34,24166900,24.077909
2014-05-07,26.26,26.450001,26.219999,26.370001,24692800,24.105333
2014-05-06,26.16,26.379999,26.00,26.200001,21818000,23.949933
2014-05-05,26.16,26.26,25.99,26.17,20738900,23.922508
2014-05-02,26.559999,26.639999,26.40,26.41,24235200,23.936221
2014-05-01,26.51,26.67,26.389999,26.450001,19755200,23.972475
2014-04-30,26.32,26.700001,26.219999,26.690001,25863900,24.189994
2014-04-29,26.360001,26.66,26.35,26.48,22146000,23.999663
2014-04-28,26.17,26.389999,26.01,26.33,33472800,23.863714
2014-04-25,26.65,26.719999,26.190001,26.26,33614400,23.800271
2014-04-24,26.809999,26.959999,26.639999,26.75,25432800,24.244373
2014-04-23,26.799999,26.969999,26.719999,26.75,25574300,24.244373
2014-04-22,26.91,26.98,26.66,26.84,29601600,24.325943
2014-04-21,27.049999,27.049999,26.73,26.950001,20398600,24.42564
2014-04-17,26.879999,27.16,26.790001,27.040001,38108500,24.50721
2014-04-16,26.98,27.24,26.60,26.93,59033600,24.407513
2014-04-15,26.51,26.83,26.360001,26.77,45074400,24.262501
2014-04-14,26.309999,26.65,26.139999,26.559999,26957900,24.07217
2014-04-11,26.27,26.59,26.17,26.18,36121100,23.727765
2014-04-10,27.01,27.09,26.360001,26.43,40478200,23.954348
2014-04-09,26.93,27.02,26.73,26.98,34481800,24.452829
2014-04-08,26.360001,26.98,26.35,26.91,56699500,24.389386
2014-04-07,26.299999,26.74,26.200001,26.49,49813500,24.008727
2014-04-04,26.49,26.73,26.110001,26.16,47918000,23.709638
2014-04-03,26.15,26.459999,26.139999,26.41,38581300,23.936221
2014-04-02,25.959999,26.049999,25.639999,25.889999,22464700,23.464928
2014-04-01,25.799999,26.00,25.639999,25.99,23778700,23.555561
2014-03-31,25.65,26.059999,25.620001,25.809999,29336300,23.392421
2014-03-28,25.41,25.809999,25.32,25.620001,22884500,23.220219
2014-03-27,25.360001,25.75,25.290001,25.309999,27201100,22.939255
2014-03-26,25.59,25.74,25.32,25.379999,26442800,23.002698
2014-03-25,25.190001,25.67,25.17,25.459999,32317400,23.075205
2014-03-24,25.209999,25.379999,24.92,25.120001,36950600,22.767054
2014-03-21,25.610001,25.68,25.16,25.17,56861900,22.812369
2014-03-20,25.00,25.59,24.940001,25.43,37009100,23.048016
2014-03-19,24.85,25.25,24.77,25.02,34229400,22.67642
2014-03-18,24.68,24.90,24.549999,24.82,26344000,22.495153
2014-03-17,24.639999,24.82,24.49,24.700001,18525800,22.386394
2014-03-14,24.48,24.65,24.40,24.50,21807200,22.205127
2014-03-13,24.799999,25.00,24.43,24.57,26243300,22.26857
2014-03-12,24.65,24.879999,24.610001,24.76,21244800,22.440774
2014-03-11,24.780001,24.85,24.610001,24.73,26656800,22.413583
2014-03-10,24.610001,24.889999,24.58,24.84,24908100,22.51328
2014-03-07,24.700001,24.85,24.57,24.639999,25373400,22.332013
2014-03-06,24.57,24.65,24.379999,24.629999,22371700,22.322949
2014-03-05,24.700001,24.709999,24.40,24.50,21036200,22.205127
2014-03-04,24.719999,24.780001,24.50,24.610001,23661200,22.304824
2014-03-03,24.549999,24.59,24.299999,24.50,25728500,22.205127
2014-02-28,24.790001,24.85,24.57,24.76,23482700,22.440774
2014-02-27,24.799999,24.799999,24.51,24.76,20863900,22.440774
2014-02-26,24.74,24.98,24.610001,24.799999,19820200,22.477026
2014-02-25,24.67,24.709999,24.459999,24.620001,21539100,22.313888
2014-02-24,24.51,24.879999,24.41,24.629999,24145500,22.322949
2014-02-21,24.950001,24.959999,24.35,24.42,30579800,22.132621
2014-02-20,24.540001,24.85,24.50,24.74,20193800,22.422646
2014-02-19,24.65,24.719999,24.42,24.50,25686000,22.205127
2014-02-18,24.67,24.780001,24.549999,24.76,17738100,22.440774
2014-02-14,24.58,24.76,24.41,24.76,20539700,22.440774
2014-02-13,24.43,24.74,24.309999,24.700001,22922000,22.386394
2014-02-12,24.51,24.690001,24.370001,24.549999,25874100,22.250443
2014-02-11,24.35,24.52,24.33,24.469999,17911700,22.177937
2014-02-10,24.110001,24.370001,24.059999,24.290001,24571300,22.014798
2014-02-07,24.200001,24.26,23.77,24.209999,30808400,21.94229
2014-02-06,23.60,24.08,23.549999,23.99,28008400,21.742898
2014-02-05,23.700001,23.76,23.50,23.52,32476200,21.316922
2014-02-04,23.99,24.040001,23.58,23.82,50816300,21.384896
2014-02-03,24.50,24.51,23.889999,23.950001,52868200,21.501608
2014-01-31,24.450001,24.65,24.40,24.540001,28623300,22.031292
2014-01-30,24.75,24.889999,24.540001,24.74,24610100,22.210846
2014-01-29,24.75,24.959999,24.629999,24.68,27145700,22.15698
2014-01-28,24.709999,25.049999,24.57,24.90,32453800,22.354489
2014-01-27,24.77,24.99,24.66,24.719999,32564900,22.19289
2014-01-24,24.879999,25.190001,24.790001,24.809999,34838700,22.273689
2014-01-23,25.17,25.25,24.90,25.129999,40241000,22.560976
2014-01-22,25.389999,25.540001,25.15,25.309999,48749900,22.722575
2014-01-21,25.790001,25.799999,25.27,25.59,42286400,22.973951
2014-01-17,25.360001,25.860001,25.25,25.85,111758900,23.207371
2014-01-16,26.639999,26.74,26.33,26.540001,48960800,23.826834
2014-01-15,26.719999,27.120001,26.610001,26.67,58277700,23.943543
2014-01-14,26.01,26.549999,25.90,26.51,74142900,23.7999
2014-01-13,25.629999,25.99,25.42,25.50,40274500,22.893151
2014-01-10,25.50,25.85,25.50,25.530001,30588800,22.920085
2014-01-09,25.42,25.549999,25.25,25.309999,20878000,22.722575
2014-01-08,25.639999,25.709999,25.299999,25.43,29680500,22.830308
2014-01-07,25.540001,25.73,25.469999,25.59,19665100,22.973951
2014-01-06,25.77,25.790001,25.450001,25.459999,28682300,22.85724
2014-01-03,25.860001,25.90,25.60,25.780001,27796700,23.144528
2014-01-02,25.780001,25.82,25.469999,25.790001,31833300,23.153506
2013-12-31,25.809999,26.040001,25.77,25.959999,22808100,23.306125
2013-12-30,25.67,25.85,25.60,25.85,19787200,23.207371
2013-12-27,25.75,25.799999,25.48,25.60,12970600,22.982929
2013-12-26,25.43,25.700001,25.43,25.700001,16957000,23.072706
2013-12-24,25.379999,25.620001,25.35,25.43,12157900,22.830308
2013-12-23,25.27,25.43,25.18,25.32,28120800,22.731552
2013-12-20,25.110001,25.35,25.040001,25.059999,55380100,22.498132
2013-12-19,25.120001,25.24,24.889999,25.139999,31880600,22.569953
2013-12-18,24.709999,25.200001,24.530001,25.15,42680500,22.578931
2013-12-17,24.42,24.77,24.379999,24.66,28158500,22.139024
2013-12-16,24.33,24.709999,24.33,24.450001,25061100,21.950493
2013-12-13,24.209999,24.49,24.16,24.290001,20631200,21.80685
2013-12-12,24.719999,24.889999,24.42,24.469999,21917800,21.968447
2013-12-11,24.74,24.879999,24.40,24.42,24682400,21.923559
2013-12-10,24.889999,24.969999,24.66,24.82,18203700,22.282667
2013-12-09,24.84,25.08,24.68,24.93,29614700,22.381422
2013-12-06,24.969999,25.25,24.75,24.82,53871400,22.282667
2013-12-05,23.82,24.35,23.75,24.26,45399100,21.779916
2013-12-04,23.52,23.85,23.52,23.74,43501500,21.313075
2013-12-03,23.690001,23.73,23.40,23.549999,35066400,21.142498
2013-12-02,24.00,24.00,23.65,23.700001,25685300,21.277165
2013-11-29,23.90,23.99,23.76,23.84,13802900,21.402852
2013-11-27,23.639999,23.92,23.52,23.90,28419200,21.456718
2013-11-26,23.790001,23.84,23.52,23.65,30600800,21.232275
2013-11-25,24.02,24.02,23.50,23.75,43389300,21.322053
2013-11-22,24.50,24.51,23.84,23.870001,77908100,21.429786
2013-11-21,24.610001,25.290001,24.52,25.23,44050600,22.650753
2013-11-20,24.700001,24.82,24.459999,24.559999,20288600,22.049247
2013-11-19,24.74,24.870001,24.610001,24.700001,24870200,22.174936
2013-11-18,24.610001,24.700001,24.48,24.60,24712500,22.085158
2013-11-15,24.40,24.549999,24.25,24.52,22866500,22.013337
2013-11-14,24.43,24.50,24.35,24.389999,20198900,21.896625
2013-11-13,24.25,24.620001,24.200001,24.60,22990300,22.085158
2013-11-12,23.99,24.50,23.98,24.43,37813500,21.932537
2013-11-11,24.040001,24.290001,23.93,24.17,19236500,21.699117
2013-11-08,24.030001,24.120001,23.84,24.09,31502900,21.627295
2013-11-07,24.370001,24.379999,24.00,24.059999,25631100,21.600361
2013-11-06,24.059999,24.309999,23.889999,24.25,25525700,21.770938
2013-11-05,23.92,24.110001,23.77,24.030001,22849900,21.573429
2013-11-04,24.32,24.40,24.15,24.26,26639800,21.577917
2013-11-01,24.51,24.65,24.219999,24.33,28302100,21.640178
2013-10-31,24.52,24.73,24.43,24.469999,30901400,21.7647
2013-10-30,24.530001,24.68,24.40,24.50,24091800,21.791384
2013-10-29,24.40,24.67,24.35,24.52,29961700,21.809173
2013-10-28,24.18,24.49,24.17,24.360001,65581600,21.666862
2013-10-25,24.110001,24.24,24.02,24.24,59634700,21.560128
2013-10-24,23.860001,23.969999,23.780001,23.780001,47590200,21.150984
2013-10-23,23.93,24.049999,23.559999,23.74,31651100,21.115406
2013-10-22,24.17,24.200001,24.01,24.07,29010800,21.408922
2013-10-21,23.940001,24.17,23.82,24.139999,35297600,21.471183
2013-10-18,23.860001,23.98,23.68,23.879999,29579100,21.239928
2013-10-17,23.58,23.940001,23.49,23.92,28694900,21.275506
2013-10-16,23.26,23.74,23.219999,23.700001,47723400,21.079829
2013-10-15,23.40,23.59,23.32,23.389999,42957700,20.8041
2013-10-14,23.09,23.49,23.030001,23.450001,27176700,20.857468
2013-10-11,22.83,23.26,22.82,23.26,24550600,20.688473
2013-10-10,22.99,23.219999,22.92,23.10,39189400,20.546162
2013-10-09,22.51,22.959999,22.48,22.59,40435400,20.092545
2013-10-08,22.870001,22.879999,22.48,22.48,36111200,19.994706
2013-10-07,22.709999,23.00,22.57,22.83,21321300,20.306012
2013-10-04,22.60,22.85,22.60,22.809999,22550000,20.288222
2013-10-03,22.82,22.84,22.50,22.60,34888500,20.10144
2013-10-02,22.709999,22.90,22.67,22.889999,23205400,20.359378
2013-10-01,22.940001,23.040001,22.700001,22.83,25888800,20.306012
2013-09-30,22.719999,23.17,22.60,22.92,32489600,20.386062
2013-09-27,23.209999,23.389999,22.879999,22.98,28924100,20.439428
2013-09-26,23.75,23.799999,23.200001,23.41,32003300,20.821889
2013-09-25,23.780001,23.809999,23.58,23.700001,19879900,21.079829
2013-09-24,23.58,23.85,23.58,23.700001,24410100,21.079829
2013-09-23,23.700001,23.85,23.610001,23.620001,22437100,21.008674
2013-09-20,23.940001,23.959999,23.57,23.77,47069000,21.14209
2013-09-19,23.959999,24.09,23.84,23.91,28261400,21.266611
2013-09-18,23.85,23.92,23.559999,23.90,31975400,21.257717
2013-09-17,23.690001,23.889999,23.67,23.74,37540700,21.115406
2013-09-16,23.629999,23.709999,23.35,23.389999,30088500,20.8041
2013-09-13,23.049999,23.459999,23.040001,23.440001,61134800,20.848573
2013-09-12,22.780001,22.84,22.60,22.629999,29517900,20.128122
2013-09-11,22.91,22.98,22.709999,22.809999,45815300,20.288222
2013-09-10,23.07,23.129999,22.93,22.98,31705400,20.439428
2013-09-09,22.719999,23.030001,22.700001,22.91,27770600,20.377167
2013-09-06,22.690001,22.82,22.40,22.67,27606600,20.163701
2013-09-05,22.68,22.73,22.49,22.60,22552800,20.10144
2013-09-04,22.379999,22.780001,22.280001,22.639999,37941800,20.137017
2013-09-03,22.209999,22.24,21.969999,22.07,26427300,19.630034
2013-08-30,22.24,22.25,21.90,21.98,33896300,19.549984
2013-08-29,22.24,22.43,22.049999,22.059999,28303500,19.621139
2013-08-28,22.200001,22.41,22.129999,22.290001,28090000,19.825713
2013-08-27,22.120001,22.219999,22.00,22.190001,37638500,19.736768
2013-08-26,22.40,22.52,22.23,22.27,22267800,19.807923
2013-08-23,22.34,22.57,22.33,22.440001,23088700,19.959129
2013-08-22,22.26,22.389999,22.17,22.26,17380600,19.799029
2013-08-21,22.540001,22.58,22.059999,22.17,32403300,19.718979
2013-08-20,22.309999,22.68,22.299999,22.52,32084300,20.030285
2013-08-19,22.08,22.700001,22.049999,22.280001,43412200,19.816818
2013-08-16,22.059999,22.190001,21.889999,21.91,30079000,19.487723
2013-08-15,22.280001,22.41,21.969999,22.030001,40451200,19.594457
2013-08-14,22.40,22.74,22.35,22.57,23202500,20.074756
2013-08-13,22.690001,22.700001,22.389999,22.52,26099200,20.030285
2013-08-12,22.48,22.700001,22.450001,22.639999,23520400,20.137017
2013-08-09,22.41,22.549999,22.309999,22.51,25145400,20.02139
2013-08-08,22.75,22.780001,22.41,22.450001,34792500,19.968024
2013-08-07,22.709999,22.790001,22.549999,22.700001,23350900,20.190385
2013-08-06,22.879999,22.93,22.709999,22.799999,28843300,20.279328
2013-08-05,23.00,23.02,22.85,22.92,20869000,20.386062
2013-08-02,23.18,23.219999,23.00,23.219999,36242100,20.452771
2013-08-01,23.41,23.49,23.02,23.200001,37832700,20.435155
2013-07-31,23.370001,23.459999,23.26,23.34,27679200,20.558471
2013-07-30,23.299999,23.50,23.280001,23.379999,28855200,20.593703
2013-07-29,23.17,23.299999,23.07,23.24,85543100,20.470388
2013-07-26,22.940001,23.26,22.90,23.26,110474500,20.488005
2013-07-25,22.85,23.059999,22.82,23.059999,114558100,20.311839
2013-07-24,22.93,23.00,22.629999,22.93,33432700,20.197332
2013-07-23,22.85,22.99,22.639999,22.75,28521400,20.038783
2013-07-22,23.07,23.120001,22.73,22.77,35890900,20.0564
2013-07-19,23.110001,23.15,22.809999,23.040001,45866700,20.294224
2013-07-18,23.469999,23.610001,23.16,23.24,77863900,20.470388
2013-07-17,24.299999,24.43,24.040001,24.15,44084200,21.271939
2013-07-16,24.00,24.299999,23.90,24.25,34496100,21.360022
2013-07-15,23.84,23.969999,23.76,23.940001,25650100,21.086966
2013-07-12,23.950001,24.00,23.65,23.90,34561900,21.051732
2013-07-11,23.559999,24.00,23.469999,23.99,41313800,21.131007
2013-07-10,23.139999,23.299999,22.639999,23.25,50037500,20.479196
2013-07-09,23.299999,23.42,23.110001,23.139999,34739800,20.382305
2013-07-08,23.860001,23.91,23.030001,23.190001,68826600,20.426347
2013-07-05,23.950001,24.08,23.68,24.059999,17830400,21.192664
2013-07-03,23.700001,23.90,23.450001,23.76,18167200,20.928417
2013-07-02,23.870001,24.040001,23.540001,23.719999,28290100,20.893184
2013-07-01,24.35,24.42,23.84,23.889999,29698200,21.042924
2013-06-28,23.93,24.41,23.73,24.23,80413900,21.342405
2013-06-27,24.10,24.35,24.01,24.049999,25564500,21.183856
2013-06-26,24.200001,24.24,23.889999,24.01,33645000,21.148624
2013-06-25,23.83,23.940001,23.57,23.879999,34571300,21.034116
2013-06-24,24.08,24.219999,23.41,23.58,49145200,20.769868
2013-06-21,24.309999,24.35,24.09,24.200001,67754000,21.315981
2013-06-20,24.73,24.75,24.10,24.190001,63565700,21.307173
2013-06-19,25.49,25.68,25.00,25.00,28843900,22.020641
2013-06-18,25.07,25.65,25.07,25.469999,36674300,22.434628
2013-06-17,25.110001,25.35,24.91,25.10,42643200,22.108724
2013-06-14,25.02,25.139999,24.84,24.92,24762700,21.950175
2013-06-13,24.459999,25.01,24.40,24.99,27707000,22.011833
2013-06-12,24.959999,25.00,24.41,24.459999,24535200,21.544994
2013-06-11,24.83,25.08,24.629999,24.709999,27077800,21.765201
2013-06-10,24.709999,25.09,24.639999,25.01,29780800,22.029449
2013-06-07,24.40,24.700001,24.219999,24.59,35539400,21.659503
2013-06-06,24.75,24.940001,24.27,24.65,40020000,21.712352
2013-06-05,25.110001,25.280001,24.65,24.700001,53335200,21.756394
2013-06-04,25.559999,25.98,25.35,25.360001,68515500,22.337739
2013-06-03,24.879999,25.450001,24.83,25.24,76493500,22.232039
2013-05-31,24.23,24.709999,24.129999,24.280001,47793200,21.386447
2013-05-30,24.280001,24.50,24.209999,24.209999,26299900,21.324788
2013-05-29,23.959999,24.379999,23.889999,24.27,31653900,21.377639
2013-05-28,24.16,24.40,24.00,24.08,31153700,21.210281
2013-05-24,23.92,24.040001,23.58,23.92,30861700,21.069349
2013-05-23,23.879999,24.120001,23.84,24.049999,38132900,21.183856
2013-05-22,24.129999,24.530001,23.940001,24.07,49686400,21.201473
2013-05-21,24.10,24.25,24.00,24.15,37917900,21.271939
2013-05-20,24.08,24.25,24.00,24.08,31324400,21.210281
2013-05-17,24.120001,24.219999,23.90,24.040001,36277400,21.175049
2013-05-16,24.059999,24.40,23.93,23.940001,29812900,21.086966
2013-05-15,23.889999,24.200001,23.809999,24.200001,33568900,21.315981
2013-05-14,24.08,24.17,23.780001,23.84,36694400,20.998883
2013-05-13,24.41,24.49,24.030001,24.08,28535200,21.210281
2013-05-10,24.42,24.540001,24.35,24.50,22554800,21.580228
2013-05-09,24.200001,24.57,24.10,24.360001,31333900,21.456913
2013-05-08,24.040001,24.290001,23.959999,24.25,24900600,21.360022
2013-05-07,23.969999,24.25,23.940001,24.15,38605600,21.271939
2013-05-06,24.17,24.209999,23.85,23.91,31009100,21.060541
2013-05-03,24.219999,24.219999,23.950001,23.959999,30085800,21.104581
2013-05-02,23.73,24.15,23.67,24.110001,33486300,21.038521
2013-05-01,23.82,24.17,23.809999,23.99,38373800,20.933807
2013-04-30,23.719999,24.00,23.639999,23.950001,41468900,20.898904
2013-04-29,23.440001,23.83,23.40,23.76,102141600,20.733108
2013-04-26,23.309999,23.559999,23.139999,23.40,101377300,20.41897
2013-04-25,23.65,23.870001,23.32,23.379999,109178000,20.401517
2013-04-24,23.280001,23.790001,23.25,23.66,54282000,20.645847
2013-04-23,22.98,23.450001,22.93,23.379999,62494100,20.401517
2013-04-22,22.48,22.940001,22.35,22.879999,52817000,19.965215
2013-04-19,22.27,22.450001,22.209999,22.440001,49101000,19.581269
2013-04-18,22.049999,22.40,21.90,22.24,76237300,19.406748
2013-04-17,21.790001,22.139999,21.57,21.93,79461200,19.13624
2013-04-16,21.469999,21.93,21.42,21.92,64767000,19.127514
2013-04-15,21.50,21.709999,21.360001,21.379999,38459200,18.656306
2013-04-12,21.74,21.799999,21.469999,21.68,34028000,18.918089
2013-04-11,21.73,21.91,21.49,21.83,59295600,19.048979
2013-04-10,21.719999,22.42,21.709999,22.26,67102900,19.4242
2013-04-09,21.110001,21.889999,21.059999,21.75,61518700,18.979171
2013-04-08,20.889999,21.09,20.799999,21.09,34213000,18.403251
2013-04-05,20.940001,20.969999,20.75,20.940001,36721600,18.272361
2013-04-04,21.049999,21.190001,20.959999,21.139999,28702500,18.446881
2013-04-03,21.450001,21.50,21.01,21.049999,36620800,18.368346
2013-04-02,21.52,21.58,21.32,21.459999,28166700,18.726115
2013-04-01,21.67,21.700001,21.32,21.43,33718100,18.699937
2013-03-28,21.85,21.91,21.60,21.84,33336700,19.057706
2013-03-27,21.620001,21.98,21.51,21.83,45370900,19.048979
2013-03-26,21.280001,21.77,21.25,21.77,39548500,18.996623
2013-03-25,21.389999,21.42,21.08,21.15,32740700,18.455607
2013-03-22,21.15,21.34,21.08,21.33,30803200,18.612677
2013-03-21,21.01,21.139999,20.90,21.040001,32607200,18.359622
2013-03-20,21.309999,21.360001,21.110001,21.18,29919000,18.481786
2013-03-19,21.26,21.360001,21.01,21.139999,42546000,18.446881
2013-03-18,21.24,21.49,21.190001,21.26,35154400,18.551594
2013-03-15,21.610001,21.700001,21.27,21.379999,52949600,18.656306
2013-03-14,21.74,21.85,21.51,21.65,28836500,18.89191
2013-03-13,21.559999,21.700001,21.459999,21.66,24617400,18.900636
2013-03-12,21.66,21.73,21.450001,21.639999,28617300,18.883184
2013-03-11,21.530001,21.74,21.280001,21.690001,42148200,18.926815
2013-03-08,21.950001,22.040001,21.469999,21.58,44990500,18.830828
2013-03-07,21.799999,21.99,21.75,21.889999,42380000,19.101335
2013-03-06,21.530001,21.790001,21.51,21.75,37188900,18.979171
2013-03-05,21.34,21.59,21.299999,21.51,38796400,18.769746
2013-03-04,21.16,21.290001,20.959999,21.27,47545800,18.560321
2013-03-01,20.790001,21.190001,20.66,21.030001,45695700,18.350896
2013-02-28,20.91,21.08,20.82,20.879999,34808000,18.220003
2013-02-27,20.60,21.040001,20.51,20.93,46966600,18.263635
2013-02-26,20.49,20.85,20.41,20.58,67247100,17.958222
2013-02-25,20.57,20.65,20.23,20.23,41525600,17.65281
2013-02-22,20.32,20.49,20.10,20.42,34534800,17.818606
2013-02-21,20.75,20.76,20.120001,20.25,60754500,17.670263
2013-02-20,21.09,21.10,20.700001,20.73,46119800,18.089113
2013-02-19,21.18,21.209999,21.059999,21.09,31061600,18.403251
2013-02-15,21.23,21.299999,20.99,21.120001,33809100,18.42943
2013-02-14,21.129999,21.280001,21.059999,21.23,35262200,18.525416
2013-02-13,21.219999,21.299999,21.15,21.25,21267200,18.542868
2013-02-12,21.030001,21.25,20.99,21.190001,28391400,18.490512
2013-02-11,21.00,21.059999,20.92,21.030001,18897200,18.350896
2013-02-08,20.90,21.09,20.879999,21.00,28150100,18.324717
2013-02-07,20.969999,20.969999,20.700001,20.809999,41015200,18.158921
2013-02-06,21.16,21.200001,20.91,20.99,32361000,18.315991
2013-02-05,21.139999,21.33,21.059999,21.18,30076500,18.481786
2013-02-04,21.299999,21.379999,21.15,21.16,38345600,18.267997
2013-02-01,21.190001,21.360001,21.09,21.360001,31867100,18.440663
2013-01-31,21.299999,21.32,21.02,21.040001,36534100,18.164399
2013-01-30,21.290001,21.459999,21.219999,21.370001,34151300,18.449297
2013-01-29,21.09,21.299999,21.01,21.280001,105703100,18.371597
2013-01-28,21.01,21.09,20.99,21.049999,105398300,18.173031
2013-01-25,21.040001,21.07,20.879999,20.959999,107632800,18.095331
2013-01-24,21.10,21.18,20.93,20.950001,58396800,18.086699
2013-01-23,21.200001,21.219999,21.040001,21.110001,42432300,18.224832
2013-01-22,21.280001,21.290001,21.030001,21.17,51127400,18.276631
2013-01-18,21.360001,21.440001,21.030001,21.25,143760400,18.345697
2013-01-17,22.120001,23.059999,22.110001,22.68,101020600,19.580255
2013-01-16,21.91,22.200001,21.85,22.110001,36763700,19.088158
2013-01-15,21.950001,22.129999,21.780001,21.879999,33990300,18.889592
2013-01-14,21.98,22.129999,21.75,22.00,35724500,18.993192
2013-01-11,21.799999,22.07,21.77,22.00,44944700,18.993192
2013-01-10,21.610001,21.82,21.530001,21.799999,44621600,18.820526
2013-01-09,21.219999,21.469999,21.200001,21.450001,34290000,18.518363
2013-01-08,21.23,21.559999,21.02,21.09,48672000,18.207565
2013-01-07,21.280001,21.450001,21.18,21.25,36352100,18.345697
2013-01-04,21.360001,21.389999,21.049999,21.16,30142500,18.267997
2013-01-03,21.40,21.48,21.139999,21.32,41054100,18.406129
2013-01-02,21.15,21.379999,21.049999,21.379999,47623000,18.457929
2012-12-31,20.25,20.66,20.16,20.620001,41139500,17.801802
2012-12-28,20.35,20.49,20.209999,20.23,25906900,17.465103
2012-12-27,20.700001,20.76,20.309999,20.51,31704300,17.706835
2012-12-26,20.74,20.93,20.639999,20.65,22488700,17.8277
2012-12-24,20.65,20.73,20.51,20.639999,14193100,17.819067
2012-12-21,20.66,20.85,20.48,20.77,61993100,17.9313
2012-12-20,21.209999,21.24,20.879999,21.030001,34005500,18.155765
2012-12-19,21.07,21.309999,20.860001,21.10,52804600,18.216198
2012-12-18,20.68,20.99,20.57,20.959999,41601200,18.095331
2012-12-17,20.549999,20.690001,20.360001,20.57,34959900,17.758634
2012-12-14,20.52,20.74,20.35,20.530001,34149500,17.724102
2012-12-13,20.629999,20.92,20.440001,20.49,41607600,17.689568
2012-12-12,20.860001,20.99,20.540001,20.67,48354700,17.844967
2012-12-11,20.16,20.74,20.15,20.65,51036500,17.8277
2012-12-10,20.15,20.17,19.98,20.08,27273200,17.335604
2012-12-07,20.33,20.360001,20.030001,20.16,41701200,17.40467
2012-12-06,19.99,20.290001,19.969999,20.16,46291200,17.40467
2012-12-05,19.940001,20.02,19.74,19.85,45847000,17.137039
2012-12-04,19.629999,20.049999,19.610001,19.969999,57942400,17.240638
2012-12-03,19.879999,19.92,19.50,19.540001,50637000,16.869409
2012-11-30,19.629999,19.77,19.42,19.57,51427800,16.895307
2012-11-29,19.83,20.040001,19.459999,19.530001,64926300,16.860775
2012-11-28,19.889999,20.110001,19.639999,20.09,43226300,17.344238
2012-11-27,19.950001,20.190001,19.92,19.93,44893200,17.206106
2012-11-26,19.690001,19.92,19.620001,19.889999,67047900,17.171572
2012-11-23,19.530001,19.84,19.51,19.719999,51711900,17.024806
2012-11-21,19.52,19.549999,19.23,19.360001,95636000,16.714009
2012-11-20,19.879999,19.879999,19.35,19.51,85743300,16.843508
2012-11-19,19.99,20.450001,19.73,20.25,69433800,17.48237
2012-11-16,20.07,20.26,19.77,20.190001,50855500,17.430571
2012-11-15,20.01,20.290001,19.98,20.030001,45733800,17.292439
2012-11-14,20.42,20.50,19.950001,19.959999,58961300,17.232004
2012-11-13,20.57,20.82,20.18,20.280001,56379200,17.50827
2012-11-12,20.879999,20.91,20.65,20.77,27267000,17.9313
2012-11-09,20.809999,21.139999,20.799999,20.799999,35017900,17.957199
2012-11-08,20.90,21.129999,20.82,20.83,38090000,17.983099
2012-11-07,21.540001,21.549999,20.90,20.91,70960100,18.052165
2012-11-06,21.73,22.00,21.629999,21.73,49860500,18.760093
2012-11-05,22.02,22.110001,21.719999,21.84,48797400,18.85506
2012-11-02,22.389999,22.540001,22.02,22.059999,51737600,18.850743
2012-11-01,21.76,22.41,21.719999,22.26,50359300,19.021648
2012-10-31,22.01,22.09,21.59,21.629999,40612800,18.483298
2012-10-26,21.77,22.02,21.60,21.950001,92415400,18.756747
2012-10-25,21.58,21.75,21.51,21.690001,79226400,18.534571
2012-10-24,21.73,21.74,21.41,21.459999,33237800,18.33803
2012-10-23,21.32,21.77,21.299999,21.59,47194400,18.449118
2012-10-22,21.40,21.57,21.299999,21.459999,36500300,18.33803
2012-10-19,21.67,21.690001,21.219999,21.27,55622300,18.175672
2012-10-18,21.82,21.860001,21.60,21.67,42921800,18.51748
2012-10-17,21.27,21.98,21.27,21.790001,99053800,18.620023
2012-10-16,21.99,22.469999,21.950001,22.35,80707000,19.098555
2012-10-15,21.530001,21.90,21.50,21.73,49513800,18.568751
2012-10-12,21.58,21.85,21.40,21.48,46274000,18.35512
2012-10-11,21.870001,21.879999,21.52,21.68,36817700,18.526025
2012-10-10,21.90,22.00,21.700001,21.76,47188900,18.594387
2012-10-09,22.16,22.190001,21.85,21.90,66317400,18.71402
2012-10-08,22.620001,22.620001,22.40,22.51,29698200,19.235278
2012-10-05,22.66,22.90,22.58,22.68,38344600,19.380547
2012-10-04,22.58,22.620001,22.27,22.469999,52980100,19.201096
2012-10-03,22.860001,22.969999,22.49,22.549999,49772700,19.269458
2012-10-02,22.889999,23.00,22.66,22.84,36381100,19.51727
2012-10-01,22.75,23.17,22.68,22.76,55261300,19.448908
2012-09-28,23.059999,23.059999,22.59,22.66,47920800,19.363456
2012-09-27,22.76,23.139999,22.65,23.09,43872200,19.7309
2012-09-26,22.57,22.75,22.48,22.65,49734700,19.354911
2012-09-25,22.950001,22.969999,22.51,22.540001,49535100,19.260914
2012-09-24,22.93,22.950001,22.52,22.799999,48846500,19.483088
2012-09-21,23.219999,23.27,23.01,23.129999,56246600,19.76508
2012-09-20,23.09,23.18,22.99,23.18,33083000,19.807808
2012-09-19,23.50,23.51,23.139999,23.15,39459800,19.782171
2012-09-18,23.309999,23.52,23.139999,23.370001,41948200,19.970167
2012-09-17,23.290001,23.440001,23.16,23.309999,36169000,19.918895
2012-09-14,23.450001,23.540001,23.23,23.370001,47983700,19.970167
2012-09-13,23.01,23.41,22.83,23.360001,52998300,19.961622
2012-09-12,23.389999,23.58,23.059999,23.190001,44862700,19.816353
2012-09-11,23.299999,23.65,23.200001,23.34,54237700,19.944531
2012-09-10,23.950001,24.60,23.17,23.26,80584600,19.876169
2012-09-07,24.129999,24.700001,24.01,24.190001,86282100,20.670874
2012-09-06,24.469999,25.10,24.459999,25.10,40187600,21.448489
2012-09-05,24.40,24.780001,24.190001,24.389999,38595800,20.841778
2012-09-04,25.030001,25.059999,24.27,24.42,40688000,20.867414
2012-08-31,24.50,25.00,24.48,24.83,43447800,21.217768
2012-08-30,24.57,24.639999,24.15,24.27,37182200,20.739236
2012-08-29,24.93,24.959999,24.540001,24.67,60462600,21.081044
2012-08-28,24.790001,25.01,24.68,25.00,33119500,21.363036
2012-08-27,24.860001,24.940001,24.75,24.84,34424700,21.226313
2012-08-24,25.049999,25.07,24.700001,24.91,45187500,21.286129
2012-08-23,25.58,25.59,24.93,25.040001,51397600,21.397218
2012-08-22,25.889999,26.01,25.66,25.73,33619400,21.986837
2012-08-21,26.33,26.34,25.99,26.110001,31661300,22.311556
2012-08-20,26.219999,26.33,26.10,26.23,25600800,22.414097
2012-08-17,26.57,26.629999,26.209999,26.33,30376900,22.49955
2012-08-16,26.440001,26.65,26.34,26.59,25699700,22.721726
2012-08-15,26.23,26.469999,26.190001,26.27,26081000,22.448279
2012-08-14,26.799999,26.809999,26.379999,26.48,27470400,22.627728
2012-08-13,26.76,26.83,26.41,26.690001,23619700,22.807178
2012-08-10,26.700001,26.90,26.530001,26.879999,24930300,22.969536
2012-08-09,26.639999,26.889999,26.57,26.700001,26465300,22.815723
2012-08-08,26.48,26.74,26.299999,26.60,27034400,22.730271
2012-08-07,26.459999,26.639999,26.35,26.50,27077800,22.644819
2012-08-06,26.219999,26.559999,26.200001,26.309999,24613200,22.482459
2012-08-03,26.25,26.35,25.98,26.23,30692600,22.414097
2012-08-02,25.74,26.26,25.68,25.91,34309900,21.948383
2012-08-01,25.83,26.00,25.67,25.93,29207700,21.965325
2012-07-31,25.76,26.040001,25.700001,25.700001,26616900,21.770493
2012-07-30,25.98,26.200001,25.68,25.76,25878100,21.821318
2012-07-27,25.68,26.07,25.469999,26.02,33344000,22.041565
2012-07-26,25.59,25.84,25.34,25.50,37808200,21.601072
2012-07-25,25.02,25.530001,25.00,25.129999,34407600,21.287644
2012-07-24,25.190001,25.219999,24.790001,25.01,33637600,21.185993
2012-07-23,25.049999,25.360001,24.799999,25.26,36378200,21.397768
2012-07-20,25.870001,26.00,25.50,25.52,48844000,21.618014
2012-07-19,26.35,26.35,25.82,26.059999,36555800,22.075448
2012-07-18,25.200001,26.42,25.049999,26.209999,67503500,22.202513
2012-07-17,25.33,25.66,24.85,25.379999,63631500,21.499419
2012-07-16,25.23,25.309999,25.00,25.129999,36984500,21.287644
2012-07-13,24.799999,25.389999,24.76,25.25,35972100,21.389297
2012-07-12,25.16,25.17,24.68,24.74,53147600,20.957275
2012-07-11,25.57,25.620001,25.219999,25.389999,34809100,21.50789
2012-07-10,25.85,26.42,25.440001,25.559999,47231600,21.651897
2012-07-09,26.049999,26.209999,25.809999,26.17,27910200,22.168629
2012-07-06,26.440001,26.50,25.93,26.16,32515300,22.160158
2012-07-05,26.809999,26.84,26.370001,26.549999,20324500,22.490527
2012-07-03,26.719999,26.860001,26.559999,26.860001,12515500,22.753129
2012-07-02,26.51,26.73,26.389999,26.67,21739700,22.59218
2012-06-29,26.280001,26.65,26.209999,26.65,35082300,22.575237
2012-06-28,26.00,26.030001,25.450001,25.83,40166600,21.880615
2012-06-27,26.110001,26.34,26.059999,26.219999,23642100,22.210984
2012-06-26,26.16,26.280001,25.74,26.01,34935400,22.033093
2012-06-25,26.60,26.65,25.879999,26.049999,41787800,22.066977
2012-06-22,26.879999,26.959999,26.67,26.940001,100360700,22.820897
2012-06-21,27.51,27.59,26.610001,26.709999,47571100,22.626063
2012-06-20,27.48,27.75,27.379999,27.639999,28164900,23.413867
2012-06-19,27.59,27.629999,27.25,27.51,30060200,23.303745
2012-06-18,27.290001,27.610001,27.219999,27.42,30432300,23.227505
2012-06-15,27.02,27.440001,26.879999,27.34,51838900,23.159737
2012-06-14,26.58,27.059999,26.42,26.98,38301200,22.854781
2012-06-13,26.459999,26.870001,26.34,26.540001,30496500,22.482057
2012-06-12,26.120001,26.540001,26.049999,26.52,29132000,22.465115
2012-06-11,26.549999,26.629999,25.959999,25.99,28041300,22.016151
2012-06-08,25.879999,26.48,25.85,26.41,26750500,22.371933
2012-06-07,26.370001,26.43,25.889999,25.940001,29534200,21.973797
2012-06-06,25.51,26.110001,25.43,26.07,33553600,22.083919
2012-06-05,25.040001,25.57,25.00,25.43,29491300,21.541775
2012-06-04,25.280001,25.360001,24.84,25.040001,39903700,21.211406
2012-06-01,25.40,25.709999,25.120001,25.139999,40246400,21.296115
2012-05-31,25.780001,26.07,25.700001,25.84,42240200,21.889086
2012-05-30,25.90,26.190001,25.799999,26.129999,33089800,22.134745
2012-05-29,26.040001,26.32,25.860001,26.09,35052800,22.100861
2012-05-25,25.719999,25.85,25.57,25.74,19122200,21.804376
2012-05-24,25.57,25.780001,25.309999,25.65,37129200,21.728137
2012-05-23,25.469999,25.51,24.92,25.440001,61969600,21.550246
2012-05-22,26.27,26.280001,25.780001,26.030001,46037700,22.050036
2012-05-21,26.059999,26.190001,25.68,26.15,41389400,22.151687
2012-05-18,26.24,26.57,26.049999,26.07,43444900,22.083919
2012-05-17,26.469999,26.66,26.190001,26.190001,31503200,22.185572
2012-05-16,26.91,26.99,26.49,26.50,44629300,22.448173
2012-05-15,27.049999,27.25,26.82,26.879999,35712100,22.77007
2012-05-14,27.35,27.40,26.879999,27.02,39447300,22.888665
2012-05-11,27.26,27.950001,27.200001,27.629999,34937400,23.405396
2012-05-10,27.34,27.459999,26.959999,27.24,36239000,23.075027
2012-05-09,27.08,27.35,26.75,27.190001,40599300,23.032673
2012-05-08,27.48,27.60,27.01,27.370001,53087400,23.185151
2012-05-07,27.83,27.98,27.65,27.76,37385900,23.51552
2012-05-04,28.32,28.379999,27.84,27.90,34573600,23.634114
2012-05-03,29.26,29.27,28.42,28.559999,41219000,24.1932
2012-05-02,28.82,29.27,28.719999,29.18,40434700,24.540511
2012-05-01,28.469999,29.049999,28.370001,28.950001,43316200,24.347081
2012-04-30,28.42,28.540001,28.290001,28.40,28810500,23.884527
2012-04-27,28.110001,28.530001,28.10,28.379999,33310200,23.867707
2012-04-26,27.799999,28.299999,27.75,28.219999,46644900,23.733146
2012-04-25,27.43,27.91,27.35,27.860001,40854600,23.430386
2012-04-24,27.35,27.60,27.24,27.309999,35010600,22.967832
2012-04-23,27.33,27.57,27.24,27.450001,37791200,23.085574
2012-04-20,27.719999,27.969999,27.57,27.60,38058500,23.211724
2012-04-19,27.870001,28.09,27.440001,27.690001,43035900,23.287415
2012-04-18,27.58,28.110001,27.459999,27.950001,72249100,23.506076
2012-04-17,28.450001,28.780001,28.41,28.469999,61288000,23.943397
2012-04-16,28.26,28.549999,28.139999,28.41,37480000,23.892937
2012-04-13,28.35,28.389999,28.08,28.09,34480900,23.623816
2012-04-12,27.969999,28.52,27.93,28.48,37053200,23.951808
