Date,Open,High,Low,Close,Volume,Adj Close
2018-03-14,82.13,82.49,81,81.46,166467,81.46
2018-03-13,83.5,84.475,81.59,81.59,324170,81.59
2018-03-12,83.73,83.94,82.52,83.2,330002,83.2
2018-03-09,83.01,83.83,82.39,83.71,500176,83.71
2018-03-08,82,83.39,81.42,83.25,340106,83.25
2018-03-07,80,82,79.08,81.98,275778,81.98
2018-03-06,76.39,80.1699,75.72,79.92,607788,79.92
2018-03-05,74.1,76.375,73.5,76.24,557575,76.24
2018-03-02,70.6,77.05,67.38,76.39,438667,76.39
2018-03-01,63.4,66.2,62.5905,64.51,119328,64.51
2018-02-28,66.13,66.795,64.8,65.47,167463,65.47
2018-02-27,65.07,66.72,65.015,65.95,101167,65.95
2018-02-26,69.73,70.45,65.28,65.58,203955,65.58
2018-02-23,68.65,70.17,67.28,69.57,142658,69.57
2018-02-22,69.58,69.67,67.99,69.37,73198,69.37
2018-02-21,68.6,70.09,68.6,69.59,95691,69.59
2018-02-20,67.11,68.37,67.005,68.32,145612,68.32
2018-02-16,67,68.26,67,67.85,150699,67.85
2018-02-15,66.37,67.42,66,67.17,106983,67.17
2018-02-14,64.11,66.37,64.09,65.88,201821,65.88
2018-02-13,66.18,66.18,63.121,64.09,175927,64.09
2018-02-12,66.78,67.99,65.85,66.31,136764,66.31
2018-02-09,67.03,67.895,64.88,66.28,125581,66.28
2018-02-08,67.39,68.94,66.26,66.85,257112,66.85
2018-02-07,67.46,68.12,67.23,67.35,213910,67.35
2018-02-06,67.07,69,64.02,67.8,96210,67.8
2018-02-05,68.69,70.4,67.86,68.09,138431,68.09
2018-02-02,70.82,70.82,68.48,69.03,94133,69.03
2018-02-01,69.95,71.77,69.49,71.15,252160,71.15
2018-01-31,69.88,71.3498,69.72,70.09,253237,70.09
2018-01-30,68.6,70.09,68,69.71,324578,69.71
2018-01-29,69.07,69.89,68.87,68.93,141005,68.93
2018-01-26,68.76,69.25,68,69.12,160822,69.12
2018-01-25,68.35,68.42,67.97,68.21,100217,68.21
2018-01-24,68.59,68.59,67.71,68.25,132944,68.25
2018-01-23,68.13,68.48,67.84,68.07,280168,68.07
2018-01-22,67.32,68.53,66.871,68.13,151642,68.13
2018-01-19,66.81,67.79,66.705,67,221563,67
2018-01-18,67.6,68.295,66.42,66.89,957108,66.89
2018-01-17,67.37,67.82,66.74,67.58,65052,67.58
2018-01-16,66.2,67.79,66.01,66.63,138745,66.63
2018-01-12,65.16,66.23,64.85,65.64,118083,65.64
2018-01-11,66.1,66.44,64.74,64.84,51738,64.84
2018-01-10,65.44,66.405,65.07,66.03,133833,66.03
2018-01-09,64.38,66.41,64.22,65.57,122978,65.57
2018-01-08,62.63,64.66,62.63,64.17,631575,64.17
2018-01-05,62.25,63.15,61.845,62.51,393083,62.51
2018-01-04,61.38,62.96,61.035,61.85,148187,61.85
2018-01-03,62.1,62.97,58.5595,61.22,63670,61.22
2018-01-02,61.36,62.66,61.36,62.09,49493,62.09
2017-12-29,61.63,61.63,60.72,60.85,55264,60.85
2017-12-28,62,62.02,60.88,61.41,44972,61.41
2017-12-27,62.07,62.17,61.5,61.8,87874,61.8
2017-12-26,60.8,62.14,60.22,61.71,50320,61.71
2017-12-22,61.68,62.34,60.95,61.25,68753,61.25
2017-12-21,61.51,62.65,59.4,61.53,104081,61.53
2017-12-20,62.56,63.08,61.23,61.53,147322,61.53
2017-12-19,60.72,62.88,60,62.52,184525,62.52
2017-12-18,60.1,61.03,59.8,60.55,186510,60.55
2017-12-15,59.13,60.22,57.75,59.76,197309,59.76
2017-12-14,58.58,59.6,57.68,59.24,95606,59.24
2017-12-13,58.25,58.76,57.17,58.48,87396,58.48
2017-12-12,58.41,58.65,58.024,58.24,75277,58.24
2017-12-11,58.14,59.0098,58.03,58.44,95635,58.44
2017-12-08,58.43,59.98,57.82,58.01,235276,58.01
2017-12-07,57.94,59.13,57.94,58.57,178707,58.57
2017-12-06,57.09,58,56.33,57.79,84759,57.79
2017-12-05,57.21,57.78,56.815,57.36,148164,57.36
2017-12-04,57.31,57.88,56.33,57.39,194884,57.39
2017-12-01,57.61,57.84,56.22,56.9,286553,56.9
2017-11-30,58.23,58.75,57.14,57.5,408976,57.5
2017-11-29,59.14,59.14,56.94,58.22,1131388,58.22
2017-11-28,60.66,61.12,58.84,59.34,112929,59.34
2017-11-27,62.1,62.1,60.63,60.65,75051,60.65
2017-11-24,61.56,62.06,61.13,61.95,49775,61.95
2017-11-22,62.71,62.74,61.33,61.72,70155,61.72
2017-11-21,62.85,63.1,62.07,62.7,83227,62.7
2017-11-20,62.57,63.86,62.055,62.75,269749,62.75
2017-11-17,61.99,63,61.805,62.57,367603,62.57
2017-11-16,61.17,62.64,61,62.12,107996,62.12
2017-11-15,61.79,62.26,60.57,60.89,53343,60.89
2017-11-14,62.67,63.675,61.78,61.9,90223,61.9
2017-11-13,63.77,63.975,62.58,62.99,126758,62.99
2017-11-10,62.13,64.47,59.45,63.8,239830,63.8
2017-11-09,61.73,62.59,61.1,62.43,138991,62.43
2017-11-08,62.25,63.08,61.57,61.86,160589,61.86
2017-11-07,62.04,62.7,61.98,62.42,353407,62.42
2017-11-06,61.43,62.44,61.1295,62.03,164727,62.03
2017-11-03,61.81,62.23,60.72,61.23,200149,61.23
2017-11-02,61.58,62.45,61.58,61.8,85084,61.8
2017-11-01,61.68,62.5,60.96,61.26,75915,61.26
2017-10-31,61.06,62.375,60.82,61.9,178111,61.9
2017-10-30,62.2,62.2,60.68,60.84,238788,60.84
2017-10-27,62.5,62.94,61.64,62.29,62117,62.29
2017-10-26,61.67,62.63,61.51,62.365,62554,62.365
2017-10-25,61.77,62.585,61.47,61.72,74929,61.72
2017-10-24,61.8,62.25,61.09,61.76,114602,61.76
2017-10-23,61.75,62.4162,61.33,61.79,119223,61.79
2017-10-20,62.71,62.95,61.54,62.05,88372,62.05
2017-10-19,62.81,62.835,61.03,62.23,104615,62.23
2017-10-18,63.85,64.61,63,63.13,315078,63.13
2017-10-17,64.38,64.74,63.36,63.57,69620,63.57
2017-10-16,65.1,65.1,64.4575,64.74,215097,64.74
2017-10-13,65.26,65.85,64.035,64.76,165172,64.76
2017-10-12,61.73,64.77,61.73,64.5,747399,64.5
2017-10-11,61.05,61.82,60.595,61.73,120157,61.73
2017-10-10,60.95,61.24,60.66,61.04,88378,61.04
2017-10-09,61.09,61.6,60.64,60.68,128015,60.68
2017-10-06,60.48,61.58,60.48,60.86,89128,60.86
2017-10-05,61.63,61.98,60.65,60.73,44662,60.73
2017-10-04,61.7,61.9,61.14,61.64,98439,61.64
2017-10-03,62.01,62.4,61.42,61.71,108352,61.71
2017-10-02,61.475,62.16,60.26,61.49,113954,61.49
2017-09-29,60.82,61.23,60.38,60.61,291162,60.61
2017-09-28,61.37,61.37,60.46,60.6,75623,60.6
2017-09-27,60.84,61.76,60.49,61.23,136151,61.23
2017-09-26,59.47,60.3,58.8,60.26,189148,60.26
2017-09-25,62,62,58.36,59.55,293909,59.55
2017-09-22,59.02,62,59.02,61.75,295964,61.75
2017-09-21,58.55,59.8,57.95,58.5,290542,58.5
2017-09-20,60.14,60.24,58.48,58.49,126446,58.49
2017-09-19,59.06,60.31,58.84,59.94,125751,59.94
2017-09-18,58.7,59.46,58.02,58.68,350040,58.68
2017-09-15,60.42,61.06,58.29,58.66,324533,58.66
2017-09-14,59.55,60.44,59.08,60.41,248391,60.41
2017-09-13,60.31,60.42,59.58,59.62,54670,59.62
2017-09-12,59.67,60.59,59.47,60.39,148478,60.39
2017-09-11,59.44,60.21,58.99,59.29,143389,59.29
2017-09-08,60.05,60.45,58.96,58.99,156520,58.99
2017-09-07,59.93,60.55,59.64,60.04,104362,60.04
2017-09-06,59.52,60.07,59.39,59.86,77829,59.86
2017-09-05,59.97,60.2,58.96,59.39,87930,59.39
2017-09-01,59.59,60.34,59.165,59.92,88095,59.92
2017-08-31,58.47,59.55,58.47,59.4,109926,59.4
2017-08-30,58.06,59.32,58.06,58.87,135056,58.87
2017-08-29,57,58.22,56.92,58.06,185996,58.06
2017-08-28,57.9,58.11,57.26,57.8,83407,57.8
2017-08-25,58.79,59.359,57.635,58.06,141604,58.06
2017-08-24,59.55,59.59,57.96,58.4,133232,58.4
2017-08-23,58.33,59.59,58.02,59.23,164339,59.23
2017-08-22,59.03,59.64,58.43,58.94,220742,58.94
2017-08-21,56.77,59.64,56.77,59.43,271387,59.43
2017-08-18,57.47,57.72,56.61,56.68,116114,56.68
2017-08-17,56.29,58.219,55.89,57.5,288686,57.5
2017-08-16,56.5,56.79,56.1,56.4,86897,56.4
2017-08-15,56,56.75,55.73,56.54,116951,56.54
2017-08-14,56,56.77,55.49,55.71,168446,55.71
2017-08-11,54.98,55.66,53.26,55.63,160723,55.63
2017-08-10,56.79,56.85,54.41,55.04,135194,55.04
2017-08-09,55.12,56.91,54.32,56.62,251670,56.62
2017-08-08,53.6,55.16,53.57,55.12,213321,55.12
2017-08-07,55.12,55.3,53.27,53.73,510307,53.73
2017-08-04,51.06,56.94,51.06,55.39,456964,55.39
2017-08-03,49.5,50.75,49.25,50.44,140105,50.44
2017-08-02,50.49,50.8,48.86,49.67,368701,49.67
2017-08-01,49.11,50.59,49.11,50.18,268267,50.18
2017-07-31,48.23,49.44,48.1517,49.26,135673,49.26
2017-07-28,47.5,48.25,47.168,48.16,55993,48.16
2017-07-27,48,48.2,47.12,47.79,109764,47.79
2017-07-26,48.4,48.74,47.4966,48.04,93013,48.04
2017-07-25,48.32,48.32,47.74,48.08,54476,48.08
2017-07-24,48.13,48.27,47.4,48.14,69664,48.14
2017-07-21,47.98,48.44,47.94,48.12,21219,48.12
2017-07-20,47.69,48.14,47.595,47.84,144311,47.84
2017-07-19,47.88,48.1196,47.295,47.84,148022,47.84
2017-07-18,47.66,48.13,47.21,47.87,52900,47.87
2017-07-17,47.56,48.26,47.3109,47.68,76802,47.68
2017-07-14,47.91,48.3125,47.3,47.31,45986,47.31
2017-07-13,47.66,48.16,47.25,47.9,63816,47.9
2017-07-12,46.52,47.77,46.52,47.67,80277,47.67
2017-07-11,46.5,46.58,45.71,46.18,113706,46.18
2017-07-10,45.46,46.52,45.46,46.46,66491,46.46
2017-07-07,45.05,45.57,45.05,45.31,39961,45.31
2017-07-06,45.55,46.35,44.81,45.06,78355,45.06
2017-07-05,45.59,46.22,45.37,45.7,109987,45.7
2017-07-03,44.78,45.78,44.68,45.58,51573,45.58
2017-06-30,45.3,45.87,44.66,44.73,136412,44.73
2017-06-29,45.49,45.55,44.63,45.21,80954,45.21
2017-06-28,45.22,45.9918,45.06,45.41,56268,45.41
2017-06-27,45.35,45.79,45.03,45.4,108565,45.4
2017-06-26,46.59,46.99,45.3,45.36,264989,45.36
2017-06-23,45.34,46.59,45.16,46.35,333362,46.35
2017-06-22,45.2,45.48,44.81,45.34,59885,45.34
2017-06-21,44.76,45.5025,44.15,45.19,89577,45.19
2017-06-20,44.76,45.03,44.07,44.76,74662,44.76
2017-06-19,43.82,44.8,42.6,44.68,121808,44.68
2017-06-16,43.01,44.74,43.01,43.67,61519,43.67
2017-06-15,43.18,43.185,42.57,43.05,86585,43.05
2017-06-14,44.04,44.39,43.06,43.34,137634,43.34
2017-06-13,43.75,44.39,43.45,43.94,200717,43.94
2017-06-12,43.68,44.29,42.8,43.65,151947,43.65
2017-06-09,44.9,45.36,43.76,43.89,312032,43.89
2017-06-08,44.51,44.89,44.47,44.71,140140,44.71
2017-06-07,44.5,44.8,43.47,44.28,255637,44.28
2017-06-06,43.77,44.89,43.77,44.36,327506,44.36
2017-06-05,44.36,44.4,43.7164,44.14,176995,44.14
2017-06-02,43.58,44.24,43.58,44.12,275932,44.12
2017-06-01,43.77,44.33,43.09,43.92,326894,43.92
2017-05-31,43.4,43.73,42.83,43.59,279943,43.59
2017-05-30,43.6,43.83,43.31,43.4,67504,43.4
2017-05-26,43.38,43.95,43.33,43.59,70061,43.59
2017-05-25,43.52,43.815,43.23,43.41,131577,43.41
2017-05-24,44.65,44.825,43.45,43.49,133063,43.49
2017-05-23,44.4,44.68,44.15,44.47,408111,44.47
2017-05-22,44.07,44.4,43.66,44.39,292386,44.39
2017-05-19,43.4,44.5,43.34,43.76,381591,43.76
2017-05-18,43.88,44.435,43.28,43.47,201584,43.47
2017-05-17,44.45,44.79,43.75,43.91,194113,43.91
2017-05-16,44.28,44.86,44.21,44.56,235391,44.56
2017-05-15,43.46,44.28,43.31,44,159511,44
2017-05-12,43.139999,44.00,43.080002,43.560001,205700,43.560001
2017-05-11,43.490002,43.77,42.389999,43.470001,279400,43.470001
2017-05-10,42.450001,43.630001,42.009998,43.200001,366600,43.200001
2017-05-09,41.810001,44.040001,41.810001,42.849998,372700,42.849998
2017-05-08,41.869999,42.369999,41.16,42.310001,238800,42.310001
2017-05-05,42.009998,43.00,41.139999,42.50,140900,42.50
2017-05-04,40.830002,41.630001,40.029999,41.150002,61800,41.150002
2017-05-03,40.84,41.349998,39.849998,40.790001,63600,40.790001
2017-05-02,40.959999,41.669998,40.790001,40.880001,82500,40.880001
2017-05-01,41.080002,41.740002,40.630001,41.07,31400,41.07
2017-04-28,41.00,41.93,40.709999,40.990002,86600,40.990002
2017-04-27,40.939999,42.200001,40.84,41.139999,81400,41.139999
2017-04-26,41.009998,41.459999,40.580002,40.93,199300,40.93
2017-04-25,40.540001,41.349998,39.73,41.040001,136400,41.040001
2017-04-24,40.040001,40.939999,39.650002,40.380001,365200,40.380001
2017-04-21,39.709999,41.220001,39.380001,39.75,150600,39.75
2017-04-20,39.799999,41.400002,39.389999,39.459999,96800,39.459999
2017-04-19,39.200001,40.25,39.110001,39.639999,72200,39.639999
2017-04-18,37.810001,39.18,37.00,39.00,164500,39.00
2017-04-17,40.560001,40.669998,37.91,38.07,141900,38.07
2017-04-13,40.529999,41.759998,40.439999,40.52,125000,40.52
2017-04-12,39.759998,40.619999,39.560001,40.509998,328000,40.509998
2017-04-11,39.68,39.779999,38.990002,39.759998,64200,39.759998
2017-04-10,39.259998,39.950001,39.119999,39.48,86300,39.48
2017-04-07,38.66,39.23,38.639999,38.959999,101300,38.959999
2017-04-06,38.470001,38.720001,38.029999,38.59,75100,38.59
2017-04-05,37.240002,38.50,37.09,38.240002,99000,38.240002
2017-04-04,37.060001,37.490002,36.919998,37.349998,61100,37.349998
2017-04-03,36.52,37.68,36.259998,36.98,196100,36.98
2017-03-31,36.25,36.700001,34.880001,36.66,97600,36.66
2017-03-30,36.43,36.48,36.02,36.259998,110100,36.259998
2017-03-29,36.130001,36.759998,35.950001,36.099998,65300,36.099998
2017-03-28,37.09,37.490002,35.91,36.189999,79300,36.189999
2017-03-27,36.669998,37.150002,36.330002,37.110001,78900,37.110001
2017-03-24,37.220001,37.50,36.84,36.880001,282800,36.880001
2017-03-23,36.790001,37.419998,36.610001,36.990002,62600,36.990002
2017-03-22,37.080002,37.209999,36.459999,36.77,31600,36.77
2017-03-21,37.189999,37.43,36.900002,37.02,60500,37.02
2017-03-20,37.07,37.450001,36.880001,37.349998,94800,37.349998
2017-03-17,36.209999,37.200001,36.209999,37.169998,163800,37.169998
2017-03-16,36.830002,36.990002,36.080002,36.310001,84500,36.310001
2017-03-15,35.990002,37.689999,35.650002,36.849998,563400,36.849998
2017-03-14,35.98,36.080002,35.75,36.040001,152400,36.040001
2017-03-13,35.470001,35.98,35.470001,35.939999,80400,35.939999
2017-03-10,34.849998,35.900002,34.849998,35.50,164900,35.50
2017-03-09,35.830002,36.049999,31.25,34.509998,688200,34.509998
2017-03-08,35.610001,36.200001,35.610001,35.900002,480000,35.900002
2017-03-07,35.419998,35.700001,35.369999,35.599998,278700,35.599998
2017-03-06,35.599998,35.68,35.32,35.439999,47700,35.439999
2017-03-03,34.939999,35.880001,34.889999,35.599998,334500,35.599998
2017-03-02,35.00,35.00,34.779999,34.939999,79800,34.939999
2017-03-01,35.900002,35.900002,34.82,34.959999,102200,34.959999
2017-02-28,35.689999,35.959999,35.689999,35.950001,29100,35.950001
2017-02-27,36.00,36.00,35.639999,35.970001,50100,35.970001
2017-02-24,35.950001,36.25,35.650002,36.040001,78400,36.040001
2017-02-23,35.27,36.560001,35.27,36.029999,57900,36.029999
2017-02-22,36.599998,37.93,35.560001,35.849998,100400,35.849998
2017-02-21,35.68,37.02,35.68,36.450001,143600,36.450001
2017-02-17,35.389999,36.490002,34.970001,35.790001,127900,35.790001
2017-02-16,34.459999,35.380001,34.150002,35.240002,51000,35.240002
2017-02-15,34.299999,34.689999,34.09,34.50,77300,34.50
2017-02-14,35.369999,35.630001,34.009998,34.27,157100,34.27
2017-02-13,35.59,36.369999,35.259998,35.650002,33900,35.650002
2017-02-10,36.790001,36.790001,35.259998,35.650002,21800,35.650002
2017-02-09,35.919998,36.82,35.549999,36.549999,49100,36.549999
2017-02-08,35.380001,36.119999,35.380001,35.759998,37000,35.759998
2017-02-07,35.48,36.189999,34.889999,35.610001,28100,35.610001
2017-02-06,35.950001,35.950001,35.02,35.349998,16900,35.349998
2017-02-03,35.07,36.099998,35.07,35.779999,39500,35.779999
2017-02-02,35.02,35.580002,34.16,34.84,36100,34.84
2017-02-01,35.18,35.50,34.34,35.029999,53800,35.029999
2017-01-31,34.650002,35.580002,34.619999,35.18,21000,35.18
2017-01-30,34.900002,35.549999,33.59,34.75,20100,34.75
2017-01-27,34.880001,35.59,34.779999,35.130001,29000,35.130001
2017-01-26,35.259998,35.77,34.869999,35.02,30600,35.02
2017-01-25,35.290001,35.93,33.889999,35.369999,57200,35.369999
2017-01-24,35.540001,35.599998,33.630001,35.360001,53400,35.360001
2017-01-23,35.41,35.630001,34.52,35.299999,23000,35.299999
2017-01-20,35.48,35.599998,34.849998,35.049999,39200,35.049999
2017-01-19,35.66,35.66,33.860001,35.23,52100,35.23
2017-01-18,35.610001,35.73,34.509998,34.720001,50700,34.720001
2017-01-17,35.27,36.060001,34.419998,35.830002,70400,35.830002
2017-01-13,34.759998,35.84,34.310001,35.189999,51700,35.189999
2017-01-12,35.639999,35.91,34.52,34.73,62700,34.73
2017-01-11,36.689999,36.689999,35.439999,35.66,78000,35.66
2017-01-10,34.540001,36.59,33.18,36.540001,205100,36.540001
2017-01-09,33.880001,34.720001,33.75,34.400002,59700,34.400002
2017-01-06,33.939999,34.669998,33.709999,33.950001,47400,33.950001
2017-01-05,33.889999,34.82,33.849998,34.02,47600,34.02
2017-01-04,33.799999,34.389999,33.740002,33.880001,31400,33.880001
2017-01-03,33.799999,34.349998,33.549999,33.689999,55400,33.689999
2016-12-30,33.860001,33.98,33.549999,33.799999,38000,33.799999
2016-12-29,33.759998,33.98,33.389999,33.700001,55700,33.700001
2016-12-28,33.43,33.889999,33.130001,33.650002,48700,33.650002
2016-12-27,33.009998,33.75,32.810001,33.43,30100,33.43
2016-12-23,33.209999,33.41,32.759998,33.169998,26100,33.169998
2016-12-22,32.080002,33.150002,32.080002,33.139999,52200,33.139999
2016-12-21,32.630001,33.290001,32.32,32.82,73000,32.82
2016-12-20,32.459999,32.91,32.27,32.380001,57600,32.380001
2016-12-19,33.369999,33.369999,32.23,32.450001,47500,32.450001
2016-12-16,32.84,33.580002,32.369999,32.990002,62900,32.990002
2016-12-15,33.040001,33.459999,32.43,32.630001,42300,32.630001
2016-12-14,34.200001,34.560001,32.84,32.900002,77800,32.900002
2016-12-13,34.75,34.970001,34.139999,34.540001,108000,34.540001
2016-12-12,34.299999,34.630001,33.599998,34.41,61200,34.41
2016-12-09,34.470001,34.919998,34.389999,34.490002,71000,34.490002
2016-12-08,34.639999,34.939999,34.310001,34.470001,66400,34.470001
2016-12-07,34.540001,34.98,34.299999,34.57,96800,34.57
2016-12-06,35.23,35.23,34.439999,34.720001,25100,34.720001
2016-12-05,35.52,35.68,34.650002,34.860001,57200,34.860001
2016-12-02,35.349998,35.669998,34.889999,35.34,48000,35.34
2016-12-01,35.419998,35.810001,35.259998,35.400002,84700,35.400002
2016-11-30,35.25,35.630001,35.049999,35.369999,95900,35.369999
2016-11-29,35.599998,35.869999,34.799999,35.009998,123900,35.009998
2016-11-28,35.00,35.75,34.450001,35.59,126300,35.59
2016-11-25,34.68,35.080002,34.59,35.049999,111700,35.049999
2016-11-23,33.52,34.68,33.299999,34.59,86600,34.59
2016-11-22,34.50,34.540001,32.900002,34.169998,79000,34.169998
2016-11-21,34.240002,34.59,32.82,34.540001,34300,34.540001
2016-11-18,32.400002,34.43,32.400002,34.169998,19500,34.169998
2016-11-17,33.810001,34.25,33.810001,34.00,30200,34.00
2016-11-16,33.580002,33.939999,32.630001,33.889999,26100,33.889999
2016-11-15,33.049999,33.889999,32.75,33.740002,44100,33.740002
2016-11-14,32.939999,32.98,32.610001,32.810001,30200,32.810001
2016-11-11,33.150002,34.990002,32.630001,32.75,63900,32.75
2016-11-10,34.290001,34.360001,32.889999,33.110001,106300,33.110001
2016-11-09,34.27,34.799999,33.77,34.34,49900,34.34
2016-11-08,33.759998,34.740002,32.990002,34.689999,40900,34.689999
2016-11-07,33.77,34.099998,32.00,34.049999,81200,34.049999
2016-11-04,33.450001,33.849998,33.00,33.68,52100,33.68
2016-11-03,32.75,33.43,32.709999,33.259998,65700,33.259998
2016-11-02,33.759998,33.759998,32.439999,32.959999,30900,32.959999
2016-11-01,34.09,34.669998,32.119999,32.73,40000,32.73
2016-10-31,33.720001,34.080002,33.630001,34.00,37000,34.00
2016-10-28,32.959999,33.709999,32.959999,33.509998,28700,33.509998
2016-10-27,33.119999,33.18,32.459999,33.060001,45000,33.060001
2016-10-26,33.029999,33.580002,33.02,33.209999,47300,33.209999
2016-10-25,32.889999,33.57,32.720001,33.200001,28800,33.200001
2016-10-24,32.82,33.07,32.599998,32.84,22600,32.84
2016-10-21,32.389999,32.830002,32.169998,32.599998,26300,32.599998
2016-10-20,32.689999,32.689999,32.119999,32.57,19300,32.57
2016-10-19,32.639999,32.639999,32.139999,32.349998,14200,32.349998
2016-10-18,32.380001,32.50,32.099998,32.279999,22900,32.279999
2016-10-17,32.139999,32.470001,31.82,32.07,15200,32.07
2016-10-14,32.650002,33.259998,31.98,32.189999,71700,32.189999
2016-10-13,32.139999,32.580002,31.58,32.380001,62400,32.380001
2016-10-12,32.34,32.490002,32.029999,32.279999,26100,32.279999
2016-10-11,33.07,33.139999,32.080002,32.34,77200,32.34
2016-10-10,32.830002,33.400002,32.759998,33.169998,35700,33.169998
2016-10-07,33.139999,33.490002,32.400002,32.459999,48100,32.459999
2016-10-06,33.27,33.509998,32.98,33.16,60200,33.16
2016-10-05,33.43,33.91,33.240002,33.240002,29400,33.240002
2016-10-04,32.619999,33.740002,32.619999,33.43,104200,33.43
2016-10-03,33.349998,33.349998,32.599998,32.619999,92400,32.619999
2016-09-30,34.16,34.360001,33.27,33.380001,103600,33.380001
2016-09-29,34.540001,34.98,34.27,34.509998,83900,34.509998
2016-09-28,34.93,35.00,34.049999,34.279999,309000,34.279999
2016-09-27,34.889999,35.189999,34.48,35.139999,94900,35.139999
2016-09-26,34.779999,34.889999,34.50,34.84,84500,34.84
2016-09-23,34.700001,34.84,34.490002,34.84,68400,34.84
2016-09-22,34.66,34.880001,33.650002,34.779999,46900,34.779999
2016-09-21,34.029999,34.68,34.00,34.68,126900,34.68
2016-09-20,33.639999,34.099998,33.41,34.060001,148000,34.060001
2016-09-19,33.549999,33.68,33.259998,33.57,108400,33.57
2016-09-16,33.52,33.650002,33.439999,33.549999,56700,33.549999
2016-09-15,33.16,33.59,33.16,33.580002,54200,33.580002
2016-09-14,33.490002,33.490002,33.040001,33.259998,97200,33.259998
2016-09-13,32.959999,33.509998,32.959999,33.450001,137200,33.450001
2016-09-12,32.779999,33.110001,32.279999,33.00,154000,33.00
2016-09-09,32.73,33.18,32.48,32.91,134900,32.91
2016-09-08,33.490002,33.650002,32.75,32.849998,78300,32.849998
2016-09-07,33.470001,33.650002,32.939999,33.50,131900,33.50
2016-09-06,33.43,33.669998,32.939999,33.41,104100,33.41
2016-09-02,33.34,33.560001,32.689999,33.330002,58600,33.330002
2016-09-01,33.189999,33.639999,33.150002,33.240002,24500,33.240002
2016-08-31,33.470001,33.669998,33.049999,33.330002,51100,33.330002
2016-08-30,33.639999,33.639999,33.380001,33.48,78900,33.48
2016-08-29,33.330002,33.689999,31.58,33.580002,37700,33.580002
2016-08-26,33.59,33.59,33.060001,33.360001,19300,33.360001
2016-08-25,33.450001,33.700001,32.889999,33.34,83400,33.34
2016-08-24,33.32,33.810001,33.32,33.419998,76900,33.419998
2016-08-23,33.23,33.50,33.23,33.439999,74500,33.439999
2016-08-22,33.389999,33.48,33.169998,33.439999,94400,33.439999
2016-08-19,32.82,33.369999,32.75,33.369999,75100,33.369999
2016-08-18,33.189999,33.389999,32.990002,33.139999,49400,33.139999
2016-08-17,33.400002,33.400002,33.009998,33.150002,27400,33.150002
2016-08-16,33.07,33.490002,32.889999,33.41,95500,33.41
2016-08-15,32.360001,33.27,32.360001,33.259998,105700,33.259998
2016-08-12,32.50,32.98,32.439999,32.630001,54400,32.630001
2016-08-11,31.049999,32.880001,31.049999,32.669998,81000,32.669998
2016-08-10,33.299999,33.299999,32.720001,32.970001,35700,32.970001
2016-08-09,33.009998,33.41,32.939999,33.299999,48100,33.299999
2016-08-08,33.189999,33.59,32.259998,33.029999,90200,33.029999
2016-08-05,32.209999,35.259998,31.99,33.599998,620300,33.599998
2016-08-04,31.77,31.99,31.379999,31.74,76300,31.74
2016-08-03,32.169998,32.220001,31.549999,31.65,15800,31.65
2016-08-02,31.889999,32.279999,31.700001,31.85,79000,31.85
2016-08-01,31.959999,32.16,31.16,31.879999,37800,31.879999
2016-07-29,31.629999,32.049999,31.309999,31.82,31600,31.82
2016-07-28,31.48,31.65,31.02,31.540001,60300,31.540001
2016-07-27,31.25,31.74,30.98,31.48,37600,31.48
2016-07-26,30.73,31.290001,30.73,31.18,43600,31.18
2016-07-25,30.82,31.360001,30.48,30.84,70900,30.84
2016-07-22,30.940001,31.440001,30.68,30.950001,152900,30.950001
2016-07-21,31.799999,31.92,30.66,30.809999,90100,30.809999
2016-07-20,32.27,32.290001,31.84,31.940001,25700,31.940001
2016-07-19,32.470001,32.66,31.809999,32.299999,83600,32.299999
2016-07-18,32.259998,32.869999,31.91,32.48,61500,32.48
2016-07-15,32.00,32.48,31.889999,32.209999,72000,32.209999
2016-07-14,32.130001,32.189999,31.84,31.90,26900,31.90
2016-07-13,32.25,32.349998,31.66,31.809999,98100,31.809999
2016-07-12,32.169998,32.950001,32.00,32.09,97700,32.09
2016-07-11,31.24,32.279999,30.709999,31.91,124200,31.91
2016-07-08,31.18,31.950001,30.049999,31.27,100000,31.27
2016-07-07,30.889999,31.51,30.610001,30.85,150300,30.85
2016-07-06,29.780001,30.85,29.41,30.82,62000,30.82
2016-07-05,29.379999,30.00,28.02,29.780001,69800,29.780001
2016-07-01,28.959999,29.99,28.629999,29.59,32800,29.59
2016-06-30,28.74,29.610001,28.74,29.309999,46100,29.309999
2016-06-29,29.540001,29.540001,28.43,29.190001,24500,29.190001
2016-06-28,28.57,29.809999,28.57,29.120001,106300,29.120001
2016-06-27,28.68,28.700001,28.10,28.459999,63900,28.459999
2016-06-24,28.889999,29.969999,28.889999,29.299999,39100,29.299999
2016-06-23,30.50,30.559999,29.99,30.200001,61700,30.200001
2016-06-22,29.940001,30.889999,29.690001,30.51,97200,30.51
2016-06-21,29.77,30.110001,28.719999,29.950001,68900,29.950001
2016-06-20,29.459999,30.01,29.459999,29.780001,115600,29.780001
2016-06-17,28.59,29.309999,28.59,29.25,83100,29.25
2016-06-16,28.68,28.99,28.07,28.58,140300,28.58
2016-06-15,29.030001,29.030001,28.73,28.879999,82600,28.879999
2016-06-14,28.719999,29.200001,28.719999,28.780001,54600,28.780001
2016-06-13,28.57,29.299999,28.450001,28.74,93700,28.74
2016-06-10,29.24,30.030001,28.549999,28.65,125200,28.65
2016-06-09,29.50,30.01,29.389999,29.559999,72800,29.559999
2016-06-08,29.74,30.00,29.40,29.799999,128000,29.799999
2016-06-07,29.51,29.950001,29.450001,29.629999,70800,29.629999
2016-06-06,29.879999,30.40,29.08,29.450001,124400,29.450001
2016-06-03,30.25,30.25,29.620001,29.940001,137500,29.940001
2016-06-02,30.370001,30.790001,30.209999,30.370001,111400,30.370001
2016-06-01,30.84,31.00,29.17,30.41,93200,30.41
2016-05-31,30.889999,31.15,30.280001,31.01,262300,31.01
2016-05-27,30.00,31.040001,29.75,30.65,66400,30.65
2016-05-26,29.889999,30.23,29.889999,29.98,102500,29.98
2016-05-25,29.83,30.25,29.57,29.93,81200,29.93
2016-05-24,29.49,30.049999,29.49,29.75,53800,29.75
2016-05-23,28.93,29.50,28.59,29.290001,118600,29.290001
2016-05-20,28.68,30.33,28.68,28.860001,66500,28.860001
2016-05-19,29.209999,29.59,28.41,28.49,50500,28.49
2016-05-18,29.049999,30.08,28.01,29.299999,123900,29.299999
2016-05-17,28.889999,30.299999,28.889999,29.23,202100,29.23
2016-05-16,28.360001,29.27,28.26,28.940001,81600,28.940001
2016-05-13,28.209999,28.32,27.940001,28.200001,39900,28.200001
2016-05-12,28.299999,28.719999,27.559999,28.18,56200,28.18
2016-05-11,28.719999,28.76,27.809999,28.17,22600,28.17
2016-05-10,28.60,29.59,28.290001,28.84,84200,28.84
2016-05-09,29.370001,29.41,28.049999,28.41,90200,28.41
2016-05-06,29.73,30.50,28.99,29.50,144700,29.50
2016-05-05,30.120001,31.040001,29.57,29.84,90800,29.84
2016-05-04,29.450001,30.43,29.360001,30.059999,53400,30.059999
2016-05-03,29.870001,30.139999,29.26,29.68,106200,29.68
2016-05-02,29.799999,30.82,29.799999,30.17,30100,30.17
2016-04-29,29.91,30.290001,29.16,29.799999,83300,29.799999
2016-04-28,30.549999,31.129999,30.200001,30.379999,45000,30.379999
2016-04-27,31.299999,31.42,30.540001,30.65,107500,30.65
2016-04-26,31.27,31.90,31.24,31.309999,50800,31.309999
2016-04-25,31.51,31.870001,30.85,31.299999,104000,31.299999
2016-04-22,31.780001,31.959999,31.389999,31.700001,119900,31.700001
2016-04-21,31.82,32.43,31.629999,31.860001,52700,31.860001
2016-04-20,31.629999,32.540001,31.34,31.93,42400,31.93
2016-04-19,32.279999,32.619999,31.639999,31.67,41200,31.67
2016-04-18,32.50,32.779999,32.119999,32.34,108700,32.34
2016-04-15,31.040001,32.290001,31.040001,32.220001,112300,32.220001
2016-04-14,31.25,31.40,30.530001,30.92,90600,30.92
2016-04-13,30.76,31.25,30.57,31.17,84400,31.17
2016-04-12,30.309999,30.75,30.309999,30.450001,22600,30.450001
2016-04-11,30.27,30.82,30.139999,30.379999,30700,30.379999
2016-04-08,30.65,30.83,29.959999,30.190001,81500,30.190001
2016-04-07,30.74,31.17,29.639999,30.41,132900,30.41
2016-04-06,31.00,31.00,30.42,30.84,89200,30.84
2016-04-05,30.780001,30.950001,30.440001,30.860001,124000,30.860001
2016-04-04,31.01,31.08,30.110001,30.969999,95100,30.969999
2016-04-01,30.67,31.08,30.27,30.99,53400,30.99
2016-03-31,31.23,31.59,30.860001,31.02,102100,31.02
2016-03-30,30.530001,31.25,30.16,31.120001,185100,31.120001
2016-03-29,30.34,30.530001,30.309999,30.40,157100,30.40
2016-03-28,30.370001,30.559999,30.01,30.32,71300,30.32
2016-03-24,29.959999,30.68,29.50,30.530001,102800,30.530001
2016-03-23,30.440001,30.91,29.98,30.02,115800,30.02
2016-03-22,30.790001,30.99,30.290001,30.74,76500,30.74
2016-03-21,30.82,31.08,29.52,30.82,111300,30.82
2016-03-18,30.33,30.879999,30.309999,30.84,136100,30.84
2016-03-17,30.35,30.450001,30.01,30.25,86900,30.25
2016-03-16,30.219999,30.50,30.09,30.40,66500,30.40
2016-03-15,30.290001,30.41,29.700001,30.139999,120600,30.139999
2016-03-14,30.57,30.73,29.950001,30.459999,49900,30.459999
2016-03-11,30.40,30.77,30.16,30.559999,62900,30.559999
2016-03-10,30.48,30.48,29.809999,30.09,115100,30.09
2016-03-09,30.719999,30.98,30.26,30.48,60000,30.48
2016-03-08,31.07,31.50,30.549999,30.59,96300,30.59
2016-03-07,31.209999,31.32,30.360001,31.139999,231700,31.139999
2016-03-04,32.580002,32.580002,31.51,31.84,250500,31.84
2016-03-03,29.90,33.490002,29.40,32.889999,195200,32.889999
2016-03-02,28.299999,28.65,27.879999,28.370001,201600,28.370001
2016-03-01,28.00,28.67,27.90,28.09,91900,28.09
2016-02-29,27.219999,27.92,27.209999,27.799999,118600,27.799999
2016-02-26,26.41,27.48,26.120001,27.33,117400,27.33
2016-02-25,26.879999,26.879999,25.83,26.16,112600,26.16
2016-02-24,27.84,27.84,26.540001,26.940001,187600,26.940001
2016-02-23,28.549999,28.549999,27.780001,28.24,74900,28.24
2016-02-22,29.57,29.799999,28.35,28.48,114900,28.48
2016-02-19,30.07,30.139999,28.790001,29.139999,234500,29.139999
2016-02-18,29.92,30.389999,29.92,30.24,117100,30.24
2016-02-17,29.469999,30.02,29.26,29.950001,100400,29.950001
2016-02-16,28.58,29.07,28.540001,28.879999,41900,28.879999
2016-02-12,27.790001,28.58,27.33,27.92,156800,27.92
2016-02-11,27.469999,30.299999,27.469999,27.790001,98900,27.790001
2016-02-10,27.700001,28.370001,27.209999,27.879999,92000,27.879999
2016-02-09,27.00,27.709999,26.889999,27.459999,54500,27.459999
2016-02-08,27.17,28.049999,26.709999,26.950001,71100,26.950001
2016-02-05,27.82,27.870001,27.450001,27.530001,80600,27.530001
2016-02-04,27.870001,28.17,27.01,27.85,45100,27.85
2016-02-03,27.83,28.23,27.34,27.91,96200,27.91
2016-02-02,28.030001,28.280001,27.459999,27.84,76400,27.84
2016-02-01,27.549999,28.370001,27.549999,28.209999,91400,28.209999
2016-01-29,26.98,27.90,26.98,27.83,48800,27.83
2016-01-28,26.719999,26.84,26.40,26.76,104300,26.76
2016-01-27,26.99,27.26,26.309999,26.459999,54800,26.459999
2016-01-26,26.700001,27.290001,26.59,27.07,102700,27.07
2016-01-25,26.42,27.10,26.02,26.719999,88300,26.719999
2016-01-22,26.98,27.309999,26.219999,26.49,149500,26.49
2016-01-21,26.91,27.09,26.10,26.60,59700,26.60
2016-01-20,26.690001,27.219999,25.530001,26.82,188700,26.82
2016-01-19,26.440001,27.98,26.200001,27.32,241000,27.32
2016-01-15,26.200001,27.25,25.33,25.959999,138900,25.959999
2016-01-14,27.190001,27.82,26.51,26.889999,193400,26.889999
2016-01-13,28.07,29.49,27.120001,27.15,230600,27.15
2016-01-12,26.99,28.26,26.99,27.85,243500,27.85
2016-01-11,27.33,27.40,26.59,26.93,59400,26.93
2016-01-08,27.50,28.049999,27.23,27.41,187200,27.41
2016-01-07,26.85,28.16,26.50,27.370001,240500,27.370001
2016-01-06,28.25,28.700001,27.33,27.469999,165300,27.469999
2016-01-05,28.91,29.08,28.43,28.52,111400,28.52
2016-01-04,28.629999,29.209999,28.379999,28.92,85000,28.92
2015-12-31,29.860001,30.25,29.24,29.459999,92800,29.459999
2015-12-30,30.879999,30.969999,29.780001,29.889999,107300,29.889999
2015-12-29,30.940001,31.780001,30.58,30.93,150400,30.93
2015-12-28,30.90,31.030001,30.60,30.84,47200,30.84
2015-12-24,31.35,31.35,30.73,31.08,22900,31.08
2015-12-23,30.809999,31.43,30.60,31.219999,63400,31.219999
2015-12-22,30.190001,30.860001,29.98,30.74,57900,30.74
2015-12-21,30.299999,30.49,30.15,30.27,84300,30.27
2015-12-18,29.65,30.52,29.35,30.15,117700,30.15
2015-12-17,29.24,29.98,29.24,29.629999,66500,29.629999
2015-12-16,29.360001,29.73,29.049999,29.58,96700,29.58
2015-12-15,29.08,29.35,28.940001,29.17,75700,29.17
2015-12-14,28.85,29.629999,28.620001,28.879999,107700,28.879999
2015-12-11,29.209999,29.27,28.51,28.66,83000,28.66
2015-12-10,29.66,30.15,29.049999,29.52,303600,29.52
2015-12-09,29.719999,30.60,29.540001,29.809999,189700,29.809999
2015-12-08,29.48,29.959999,29.309999,29.889999,116900,29.889999
2015-12-07,29.530001,29.940001,29.27,29.92,88200,29.92
2015-12-04,29.83,29.959999,29.129999,29.57,69200,29.57
2015-12-03,30.17,30.17,29.23,29.809999,105400,29.809999
2015-12-02,30.58,30.690001,29.870001,30.139999,109900,30.139999
2015-12-01,31.68,31.68,30.32,30.74,116800,30.74
2015-11-30,31.370001,31.83,30.60,31.76,355700,31.76
2015-11-27,31.25,31.530001,31.00,31.290001,38200,31.290001
2015-11-25,31.16,31.66,31.07,31.41,68300,31.41
2015-11-24,31.690001,31.90,31.07,31.200001,176200,31.200001
2015-11-23,31.65,32.93,31.530001,31.77,262300,31.77
2015-11-20,31.59,31.959999,30.879999,31.809999,64900,31.809999
2015-11-19,31.51,31.65,31.07,31.559999,147400,31.559999
2015-11-18,31.200001,31.719999,30.870001,31.40,177400,31.40
2015-11-17,31.00,31.59,30.969999,31.23,95100,31.23
2015-11-16,32.00,32.00,31.389999,31.58,76700,31.58
2015-11-13,32.099998,32.400002,31.84,32.080002,149000,32.080002
2015-11-12,30.030001,33.57,29.23,32.279999,164900,32.279999
2015-11-11,35.150002,35.150002,32.630001,34.48,324400,34.48
2015-11-10,33.700001,35.169998,33.060001,33.419998,213100,33.419998
2015-11-09,35.00,35.490002,33.630001,33.900002,204900,33.900002
2015-11-06,34.450001,34.990002,33.939999,34.790001,172500,34.790001
2015-11-05,34.439999,34.990002,34.00,34.630001,171200,34.630001
2015-11-04,34.23,34.990002,33.950001,34.50,171300,34.50
2015-11-03,33.860001,34.369999,33.669998,34.00,194700,34.00
2015-11-02,33.970001,34.380001,33.310001,33.799999,210500,33.799999
2015-10-30,33.080002,34.00,33.080002,33.810001,51300,33.810001
2015-10-29,33.310001,33.669998,32.630001,32.900002,181800,32.900002
2015-10-28,33.00,33.610001,32.75,33.490002,192000,33.490002
2015-10-27,33.009998,33.939999,32.669998,33.060001,231800,33.060001
2015-10-26,33.580002,33.889999,32.709999,33.110001,86300,33.110001
2015-10-23,32.59,33.779999,32.549999,33.57,92500,33.57
2015-10-22,31.77,32.209999,31.59,32.110001,56200,32.110001
2015-10-21,32.18,32.380001,31.469999,31.610001,113800,31.610001
2015-10-20,32.169998,32.599998,31.629999,32.18,76100,32.18
2015-10-19,31.91,32.330002,31.74,32.060001,51600,32.060001
2015-10-16,31.00,32.150002,30.57,32.060001,121600,32.060001
2015-10-15,30.57,31.32,30.299999,30.969999,85800,30.969999
2015-10-14,30.66,31.01,29.969999,30.35,101800,30.35
2015-10-13,30.98,31.74,30.299999,30.639999,76900,30.639999
2015-10-12,30.219999,31.41,30.219999,31.25,163000,31.25
2015-10-09,29.809999,30.469999,29.620001,30.09,94800,30.09
2015-10-08,29.68,29.82,29.10,29.709999,112000,29.709999
2015-10-07,29.57,29.99,29.190001,29.82,293800,29.82
2015-10-06,29.030001,29.57,27.549999,29.16,86500,29.16
2015-10-05,28.719999,29.26,28.190001,29.15,94100,29.15
2015-10-02,27.26,28.629999,27.00,28.41,72200,28.41
2015-10-01,27.43,27.73,27.309999,27.52,111600,27.52
2015-09-30,27.139999,27.629999,26.74,27.40,61100,27.40
2015-09-29,25.84,26.940001,25.84,26.719999,90600,26.719999
2015-09-28,26.43,26.610001,25.76,25.92,189900,25.92
2015-09-25,26.280001,26.82,26.17,26.33,179500,26.33
2015-09-24,25.91,26.24,25.76,26.07,239700,26.07
2015-09-23,25.76,26.290001,25.59,26.129999,182400,26.129999
2015-09-22,25.57,26.540001,25.129999,25.83,139300,25.83
2015-09-21,25.780001,26.049999,25.51,25.950001,225300,25.950001
2015-09-18,26.40,26.49,25.73,25.84,72200,25.84
2015-09-17,27.190001,27.24,26.42,26.52,128800,26.52
2015-09-16,26.809999,27.809999,26.74,27.35,154600,27.35
2015-09-15,26.08,26.75,26.02,26.58,94200,26.58
2015-09-14,26.969999,27.15,25.73,25.950001,147500,25.950001
2015-09-11,26.870001,27.110001,26.24,27.10,74700,27.10
2015-09-10,26.870001,27.309999,26.870001,27.040001,77700,27.040001
2015-09-09,26.809999,27.200001,26.809999,27.02,108200,27.02
2015-09-08,26.24,27.00,25.870001,26.51,122600,26.51
2015-09-04,26.280001,26.32,25.639999,25.67,153500,25.67
2015-09-03,26.59,26.73,24.059999,26.32,132200,26.32
2015-09-02,25.940001,26.790001,24.709999,26.370001,173700,26.370001
2015-09-01,26.309999,26.629999,25.360001,25.709999,186700,25.709999
2015-08-31,26.700001,27.389999,25.790001,26.809999,139000,26.809999
2015-08-28,27.09,27.41,26.01,26.969999,116200,26.969999
2015-08-27,27.389999,27.99,25.68,27.32,632200,27.32
2015-08-26,26.940001,27.469999,26.629999,27.030001,171400,27.030001
2015-08-25,26.10,28.24,26.00,26.51,255700,26.51
2015-08-24,23.66,25.83,22.32,25.16,446200,25.16
2015-08-21,25.209999,26.17,25.209999,25.35,278000,25.35
2015-08-20,26.870001,27.66,25.129999,25.33,438900,25.33
2015-08-19,27.99,28.040001,26.889999,26.99,154400,26.99
2015-08-18,28.40,28.58,27.969999,28.07,113900,28.07
2015-08-17,28.65,28.91,28.379999,28.50,114500,28.50
2015-08-14,28.969999,29.15,28.379999,28.639999,168200,28.639999
2015-08-13,29.23,29.790001,28.790001,28.879999,218500,28.879999
2015-08-12,28.809999,29.42,28.50,29.23,149800,29.23
2015-08-11,31.00,31.120001,28.209999,29.27,343500,29.27
2015-08-10,30.57,31.00,29.809999,30.91,196400,30.91
2015-08-07,30.09,30.879999,30.09,30.459999,94300,30.459999
2015-08-06,30.57,30.73,29.790001,30.049999,109700,30.049999
2015-08-05,30.469999,30.950001,30.18,30.219999,91300,30.219999
2015-08-04,30.209999,31.00,30.01,30.24,57500,30.24
2015-08-03,30.190001,30.52,29.799999,30.290001,66000,30.290001
2015-07-31,30.780001,31.76,30.24,30.559999,125400,30.559999
2015-07-30,30.65,30.85,30.24,30.610001,81900,30.610001
2015-07-29,30.92,31.00,30.66,30.799999,102500,30.799999
2015-07-28,30.950001,30.959999,30.110001,30.85,115700,30.85
2015-07-27,31.16,31.719999,30.190001,30.790001,248500,30.790001
2015-07-24,32.740002,33.00,31.57,31.959999,93400,31.959999
2015-07-23,33.330002,33.560001,32.599998,32.82,109200,32.82
2015-07-22,34.009998,34.080002,32.779999,33.419998,219600,33.419998
2015-07-21,34.459999,34.540001,33.779999,33.950001,183300,33.950001
2015-07-20,34.52,34.950001,34.369999,34.599998,181600,34.599998
2015-07-17,34.849998,35.50,34.400002,34.57,119800,34.57
2015-07-16,34.759998,35.610001,34.50,34.889999,109000,34.889999
2015-07-15,34.900002,35.299999,34.049999,34.439999,231600,34.439999
2015-07-14,35.080002,35.50,34.57,34.939999,78000,34.939999
2015-07-13,33.50,35.00,33.130001,34.91,119000,34.91
2015-07-10,34.639999,34.639999,31.540001,33.75,152300,33.75
2015-07-09,32.50,34.34,32.490002,33.900002,294100,33.900002
2015-07-08,32.310001,32.450001,31.51,31.99,499300,31.99
2015-07-07,33.330002,33.330002,32.450001,33.049999,406900,33.049999
2015-07-06,33.439999,33.77,32.639999,33.630001,248700,33.630001
2015-07-02,34.299999,34.41,33.310001,33.849998,66800,33.849998
2015-07-01,33.459999,34.619999,33.299999,34.400002,260700,34.400002
2015-06-30,32.630001,34.240002,32.23,33.240002,206800,33.240002
2015-06-29,33.110001,33.25,32.029999,32.290001,178000,32.290001
2015-06-26,33.98,34.150002,32.799999,33.240002,202600,33.240002
2015-06-25,34.169998,34.549999,33.880001,34.189999,47300,34.189999
2015-06-24,34.450001,34.959999,34.150002,34.16,69200,34.16
2015-06-23,34.98,35.060001,34.380001,34.77,50600,34.77
2015-06-22,34.139999,34.93,33.990002,34.889999,107900,34.889999
2015-06-19,35.200001,35.200001,33.299999,33.880001,344900,33.880001
2015-06-18,34.150002,34.240002,33.650002,33.849998,263700,33.849998
2015-06-17,34.560001,35.16,33.880001,34.119999,212800,34.119999
2015-06-16,33.619999,34.450001,33.549999,34.389999,89500,34.389999
2015-06-15,34.82,35.240002,33.650002,33.799999,123900,33.799999
2015-06-12,35.290001,35.290001,34.200001,35.150002,309300,35.150002
2015-06-11,35.00,36.110001,34.810001,35.389999,319400,35.389999
2015-06-10,31.76,35.799999,31.66,35.57,431700,35.57
2015-06-09,31.379999,31.77,31.190001,31.59,91500,31.59
2015-06-08,31.93,31.93,31.48,31.59,45300,31.59
2015-06-05,31.76,32.009998,31.209999,31.93,163100,31.93
2015-06-04,30.950001,31.77,30.879999,31.76,174700,31.76
2015-06-03,30.940001,31.32,30.780001,31.120001,204500,31.120001
2015-06-02,30.889999,31.15,30.780001,30.83,108100,30.83
2015-06-01,31.33,31.40,30.809999,30.90,99700,30.90
2015-05-29,31.33,31.530001,30.92,31.040001,91100,31.040001
2015-05-28,31.52,31.75,30.84,31.49,276900,31.49
2015-05-27,32.029999,32.470001,31.370001,31.700001,244600,31.700001
2015-05-26,32.48,32.779999,31.82,32.00,105700,32.00
2015-05-22,31.959999,32.66,31.76,32.389999,155200,32.389999
2015-05-21,31.959999,31.959999,31.459999,31.93,154200,31.93
2015-05-20,31.360001,31.959999,31.18,31.90,119600,31.90
2015-05-19,31.540001,31.709999,31.139999,31.309999,99500,31.309999
2015-05-18,31.540001,32.080002,31.24,31.450001,107000,31.450001
2015-05-15,31.92,32.27,31.049999,31.50,273800,31.50
2015-05-14,30.93,31.83,30.50,31.620001,224400,31.620001
2015-05-13,30.85,31.23,30.209999,30.940001,964800,30.940001
2015-05-12,32.599998,33.889999,29.799999,30.17,824000,30.17
2015-05-11,34.939999,36.349998,34.799999,34.900002,304700,34.900002
2015-05-08,35.43,35.43,34.41,34.810001,464900,34.810001
2015-05-07,34.939999,35.389999,34.419998,35.220001,212800,35.220001
2015-05-06,36.040001,36.040001,34.84,34.880001,172500,34.880001
2015-05-05,36.279999,36.490002,35.48,35.830002,111100,35.830002
2015-05-04,36.419998,36.889999,35.830002,36.48,133900,36.48
2015-05-01,36.00,36.610001,35.77,36.509998,151300,36.509998
2015-04-30,36.57,36.73,35.970001,36.00,115700,36.00
2015-04-29,37.48,37.48,36.299999,36.599998,114800,36.599998
2015-04-28,36.139999,37.77,36.139999,37.610001,362400,37.610001
2015-04-27,36.209999,36.380001,35.939999,36.150002,173700,36.150002
2015-04-24,36.200001,36.470001,35.889999,36.02,56000,36.02
2015-04-23,35.75,36.400002,35.73,36.189999,111400,36.189999
2015-04-22,35.91,36.299999,35.619999,35.82,99300,35.82
2015-04-21,35.290001,36.27,35.23,35.830002,96000,35.830002
2015-04-20,35.59,35.880001,34.98,35.220001,134700,35.220001
2015-04-17,35.560001,35.66,35.110001,35.52,69400,35.52
2015-04-16,36.57,36.68,35.790001,35.880001,153800,35.880001
2015-04-15,35.50,36.84,35.23,36.50,156500,36.50
2015-04-14,34.27,35.41,34.00,35.369999,350400,35.369999
2015-04-13,34.029999,34.580002,33.93,34.400002,280500,34.400002
2015-04-10,34.740002,34.740002,33.490002,33.880001,93800,33.880001
2015-04-09,34.060001,34.709999,33.610001,34.59,149700,34.59
2015-04-08,34.080002,34.919998,33.68,33.919998,330900,33.919998
2015-04-07,33.580002,34.099998,33.150002,33.84,121000,33.84
2015-04-06,33.82,34.439999,33.599998,33.830002,100200,33.830002
2015-04-02,32.619999,34.360001,32.619999,33.900002,149600,33.900002
2015-04-01,32.360001,33.700001,32.25,32.57,149700,32.57
2015-03-31,32.619999,32.709999,32.07,32.27,188800,32.27
2015-03-30,31.790001,33.07,31.700001,32.830002,232700,32.830002
2015-03-27,31.190001,32.09,30.99,31.59,240800,31.59
2015-03-26,31.60,31.950001,30.799999,31.309999,170000,31.309999
2015-03-25,32.450001,32.790001,31.51,31.790001,238600,31.790001
2015-03-24,32.259998,32.740002,32.259998,32.299999,67100,32.299999
2015-03-23,32.82,32.939999,32.400002,32.599998,35200,32.599998
2015-03-20,33.75,33.889999,32.830002,32.900002,127800,32.900002
2015-03-19,33.560001,33.66,32.900002,33.630001,69600,33.630001
2015-03-18,32.240002,33.75,31.879999,33.68,198900,33.68
2015-03-17,32.669998,32.669998,32.00,32.41,114100,32.41
2015-03-16,33.349998,33.349998,32.599998,32.73,109300,32.73
2015-03-13,34.16,34.169998,33.169998,33.189999,196100,33.189999
2015-03-12,35.169998,35.169998,33.580002,34.049999,104600,34.049999
2015-03-11,33.639999,35.360001,33.25,35.240002,165100,35.240002
2015-03-10,34.52,35.00,33.669998,33.759998,115800,33.759998
2015-03-09,35.099998,35.200001,34.07,34.720001,81500,34.720001
2015-03-06,36.41,36.740002,35.00,35.25,223600,35.25
2015-03-05,35.889999,36.509998,35.439999,36.400002,136700,36.400002
2015-03-04,35.610001,36.00,35.299999,35.93,211700,35.93
2015-03-03,35.290001,35.82,35.290001,35.619999,56200,35.619999
2015-03-02,35.34,35.610001,35.200001,35.50,58000,35.50
2015-02-27,35.810001,35.810001,34.889999,35.50,88400,35.50
2015-02-26,34.060001,36.889999,33.84,36.009998,446700,36.009998
2015-02-25,35.029999,35.029999,33.889999,34.139999,64400,34.139999
2015-02-24,34.130001,35.259998,33.98,34.91,106500,34.91
2015-02-23,33.48,34.00,33.009998,34.00,60400,34.00
2015-02-20,34.00,34.00,33.299999,33.77,40400,33.77
2015-02-19,34.41,34.580002,33.310001,33.990002,30900,33.990002
2015-02-18,34.75,35.09,34.259998,34.610001,35300,34.610001
2015-02-17,34.779999,35.040001,34.07,34.91,90900,34.91
2015-02-13,35.009998,35.389999,34.610001,34.860001,38800,34.860001
2015-02-12,34.509998,35.080002,33.990002,34.970001,104800,34.970001
2015-02-11,34.189999,34.540001,34.029999,34.34,68900,34.34
2015-02-10,33.110001,34.630001,33.110001,34.389999,85500,34.389999
2015-02-09,32.91,33.599998,32.630001,32.939999,55100,32.939999
2015-02-06,32.709999,33.220001,32.43,33.130001,79800,33.130001
2015-02-05,34.110001,34.110001,32.599998,32.830002,138200,32.830002
2015-02-04,35.279999,35.439999,33.860001,34.00,126200,34.00
2015-02-03,35.959999,36.34,35.389999,35.459999,134000,35.459999
2015-02-02,35.389999,36.00,34.669998,35.900002,88600,35.900002
2015-01-30,35.07,35.650002,34.709999,35.209999,160200,35.209999
2015-01-29,34.939999,35.619999,34.189999,35.400002,72000,35.400002
2015-01-28,35.349998,35.580002,34.549999,34.75,87000,34.75
2015-01-27,35.200001,35.720001,35.150002,35.299999,52400,35.299999
2015-01-26,34.709999,35.970001,34.599998,35.599998,170600,35.599998
2015-01-23,33.959999,34.75,33.810001,34.599998,148600,34.599998
2015-01-22,33.939999,34.43,33.619999,34.099998,108100,34.099998
2015-01-21,34.740002,34.830002,33.700001,33.93,95300,33.93
2015-01-20,35.040001,35.650002,34.34,34.68,109900,34.68
2015-01-16,34.740002,35.48,34.740002,35.080002,69900,35.080002
2015-01-15,36.189999,36.189999,34.77,34.91,101200,34.91
2015-01-14,36.049999,36.18,34.310001,36.029999,75800,36.029999
2015-01-13,36.279999,36.59,35.310001,36.299999,126700,36.299999
2015-01-12,36.470001,36.470001,35.48,36.07,67400,36.07
2015-01-09,37.310001,37.560001,36.450001,36.599998,80500,36.599998
2015-01-08,37.290001,38.119999,37.07,37.639999,51100,37.639999
2015-01-07,36.939999,37.349998,36.689999,37.060001,49900,37.060001
2015-01-06,37.139999,37.73,36.080002,36.619999,293900,36.619999
2015-01-05,36.080002,37.48,35.900002,37.110001,117300,37.110001
2015-01-02,35.889999,36.389999,35.619999,36.150002,76600,36.150002
2014-12-31,36.330002,36.419998,35.790001,35.849998,45800,35.849998
2014-12-30,36.16,36.389999,35.900002,36.189999,46200,36.189999
2014-12-29,36.419998,36.48,35.990002,36.389999,105000,36.389999
2014-12-26,36.240002,36.560001,35.950001,36.220001,102100,36.220001
2014-12-24,35.91,36.48,35.720001,36.029999,26800,36.029999
2014-12-23,36.369999,36.709999,35.900002,36.00,65700,36.00
2014-12-22,36.00,36.50,35.419998,36.450001,214800,36.450001
2014-12-19,35.560001,35.849998,35.209999,35.849998,145200,35.849998
2014-12-18,34.799999,36.09,34.740002,35.459999,200900,35.459999
2014-12-17,33.709999,34.389999,33.490002,34.27,195000,34.27
2014-12-16,33.650002,34.310001,33.529999,33.799999,175300,33.799999
2014-12-15,33.439999,34.09,32.84,33.790001,276700,33.790001
2014-12-12,33.389999,33.560001,33.029999,33.09,116200,33.09
2014-12-11,33.27,33.860001,32.889999,33.57,87300,33.57
2014-12-10,34.02,34.25,33.09,33.32,133500,33.32
2014-12-09,34.939999,34.939999,33.849998,34.290001,225000,34.290001
2014-12-08,36.869999,36.869999,35.380001,35.50,122600,35.50
2014-12-05,36.049999,36.849998,36.049999,36.84,141500,36.84
2014-12-04,36.790001,36.880001,35.810001,35.98,52200,35.98
2014-12-03,36.279999,36.790001,36.130001,36.650002,207100,36.650002
2014-12-02,36.139999,36.459999,35.810001,36.360001,375100,36.360001
2014-12-01,36.470001,36.470001,35.41,35.880001,92600,35.880001
2014-11-28,36.490002,36.880001,36.189999,36.75,91400,36.75
2014-11-26,36.080002,36.77,35.830002,36.619999,96600,36.619999
2014-11-25,36.59,36.59,35.860001,36.189999,204900,36.189999
2014-11-24,35.349998,36.509998,34.50,36.389999,128700,36.389999
2014-11-21,35.709999,35.880001,35.080002,35.419998,112100,35.419998
2014-11-20,35.099998,35.68,35.099998,35.299999,91400,35.299999
2014-11-19,35.860001,35.860001,34.98,35.360001,124600,35.360001
2014-11-18,36.189999,36.279999,35.790001,35.84,173000,35.84
2014-11-17,35.459999,36.040001,35.349998,35.880001,196500,35.880001
2014-11-14,35.16,35.799999,34.82,35.740002,121200,35.740002
2014-11-13,35.599998,35.830002,34.66,35.119999,333200,35.119999
2014-11-12,34.490002,35.349998,34.32,35.189999,190500,35.189999
2014-11-11,34.509998,34.790001,34.509998,34.619999,103000,34.619999
2014-11-10,34.41,34.970001,34.360001,34.459999,239500,34.459999
2014-11-07,33.00,34.720001,32.50,34.07,374300,34.07
2014-11-06,32.290001,32.450001,31.620001,32.400002,264200,32.400002
2014-11-05,31.959999,32.299999,31.34,32.130001,298700,32.130001
2014-11-04,31.120001,31.90,31.120001,31.85,122700,31.85
2014-11-03,30.58,31.370001,30.57,31.15,316600,31.15
2014-10-31,31.00,31.24,30.48,30.700001,485900,30.700001
2014-10-30,30.469999,30.74,30.17,30.639999,151200,30.639999
2014-10-29,30.33,30.73,30.190001,30.49,142900,30.49
2014-10-28,30.24,30.52,30.129999,30.35,203500,30.35
2014-10-27,30.059999,30.129999,29.42,30.02,57600,30.02
2014-10-24,30.059999,30.459999,29.879999,30.190001,123100,30.190001
2014-10-23,30.50,30.50,29.83,30.15,154500,30.15
2014-10-22,30.02,30.59,29.91,30.120001,154600,30.120001
2014-10-21,29.969999,30.610001,29.809999,30.15,207100,30.15
2014-10-20,29.969999,30.379999,29.58,30.02,88300,30.02
2014-10-17,30.030001,30.440001,29.60,30.18,233100,30.18
2014-10-16,29.99,30.860001,29.459999,29.92,239200,29.92
2014-10-15,30.35,30.709999,29.93,30.540001,101200,30.540001
2014-10-14,30.639999,30.709999,30.24,30.57,191700,30.57
2014-10-13,30.23,30.75,29.950001,30.280001,396200,30.280001
2014-10-10,29.67,30.59,29.67,30.059999,141200,30.059999
2014-10-09,30.85,30.92,29.76,29.85,104800,29.85
2014-10-08,30.200001,30.98,29.780001,30.84,77100,30.84
2014-10-07,30.49,30.60,30.09,30.209999,177400,30.209999
2014-10-06,30.040001,30.74,30.02,30.540001,137600,30.540001
2014-10-03,30.030001,30.709999,29.85,29.91,173800,29.91
2014-10-02,29.51,30.09,29.299999,29.67,133400,29.67
2014-10-01,29.790001,30.08,29.24,29.35,234200,29.35
2014-09-30,30.57,30.57,29.83,29.93,95800,29.93
2014-09-29,30.51,30.780001,30.35,30.66,66500,30.66
2014-09-26,30.809999,31.209999,30.34,30.780001,96700,30.780001
2014-09-25,30.60,30.940001,30.50,30.59,120700,30.59
2014-09-24,31.15,31.200001,30.65,30.77,142700,30.77
2014-09-23,30.83,31.23,30.59,30.98,124500,30.98
2014-09-22,31.139999,31.60,30.52,31.139999,133100,31.139999
2014-09-19,31.690001,31.690001,31.00,31.540001,150000,31.540001
2014-09-18,30.799999,31.66,30.65,31.48,179300,31.48
2014-09-17,31.50,31.65,30.65,30.809999,200100,30.809999
2014-09-16,31.75,32.02,31.129999,31.57,145400,31.57
2014-09-15,32.75,33.169998,31.700001,31.780001,120600,31.780001
2014-09-12,32.939999,33.23,32.639999,32.869999,52300,32.869999
2014-09-11,32.669998,33.049999,32.66,32.759998,69300,32.759998
2014-09-10,32.549999,32.98,32.259998,32.860001,80500,32.860001
2014-09-09,32.310001,33.110001,32.290001,32.50,98300,32.50
2014-09-08,33.400002,34.00,32.150002,32.610001,547500,32.610001
2014-09-05,34.07,34.119999,33.43,33.689999,164300,33.689999
2014-09-04,35.139999,35.139999,33.950001,34.240002,170200,34.240002
2014-09-03,35.950001,36.299999,34.860001,35.049999,201200,35.049999
2014-09-02,35.00,35.91,34.580002,35.619999,134200,35.619999
2014-08-29,34.169998,34.84,34.029999,34.619999,45600,34.619999
2014-08-28,34.400002,34.529999,34.060001,34.169998,29700,34.169998
2014-08-27,34.52,34.720001,34.240002,34.349998,47300,34.349998
2014-08-26,34.82,35.220001,34.25,34.630001,135300,34.630001
2014-08-25,34.720001,35.82,34.09,34.66,178700,34.66
2014-08-22,34.360001,35.259998,34.32,34.650002,173000,34.650002
2014-08-21,35.209999,35.209999,34.25,34.599998,186100,34.599998
2014-08-20,35.880001,35.91,34.779999,34.860001,92800,34.860001
2014-08-19,36.00,36.48,35.32,35.669998,139900,35.669998
2014-08-18,35.560001,36.189999,35.119999,35.889999,85400,35.889999
2014-08-15,35.950001,35.950001,34.75,35.029999,138500,35.029999
2014-08-14,35.799999,36.439999,35.369999,35.959999,350700,35.959999
2014-08-13,34.889999,36.130001,34.889999,35.349998,351000,35.349998
2014-08-12,31.66,36.98,31.66,34.889999,653300,34.889999
2014-08-11,36.50,38.57,36.50,38.25,118600,38.25
2014-08-08,37.049999,37.049999,36.099998,36.43,91800,36.43
2014-08-07,74.370003,75.010002,71.860001,73.25,140000,36.625
2014-08-06,72.610001,74.419998,72.610001,73.800003,89200,36.900002
2014-08-05,73.769997,74.519997,72.690002,73.480003,205400,36.740002
2014-08-04,74.470001,75.190002,73.07,74.110001,48600,37.055
2014-08-01,75.800003,75.800003,72.730003,74.470001,97400,37.235001
2014-07-31,75.739998,76.360001,75.00,75.559998,130600,37.779999
2014-07-30,75.360001,76.720001,75.139999,76.199997,99600,38.099998
2014-07-29,75.519997,76.389999,74.160004,75.309998,249200,37.654999
2014-07-28,73.010002,77.110001,72.099998,75.529999,286600,37.764999
2014-07-25,72.650002,73.00,71.620003,72.099998,21200,36.049999
2014-07-24,72.489998,73.43,72.010002,73.290001,113800,36.645
2014-07-23,71.230003,72.339996,70.830002,72.00,140600,36.00
2014-07-22,70.129997,74.279999,69.830002,71.239998,231200,35.619999
2014-07-21,69.57,69.940002,68.660004,69.699997,68800,34.849998
2014-07-18,68.989998,69.989998,68.510002,69.660004,89200,34.830002
2014-07-17,68.790001,68.989998,67.699997,68.68,139600,34.34
2014-07-16,70.050003,70.190002,68.379997,68.889999,104800,34.445
2014-07-15,68.889999,70.239998,67.900002,69.93,235800,34.965
2014-07-14,69.43,70.00,68.709999,69.019997,136600,34.509998
2014-07-11,68.82,69.43,67.639999,68.519997,115400,34.259998
2014-07-10,69.00,69.279999,68.529999,68.800003,93200,34.400002
2014-07-09,69.639999,70.389999,68.690002,69.629997,109200,34.814999
2014-07-08,71.959999,71.959999,68.209999,69.519997,290800,34.759998
2014-07-07,71.93,72.440002,70.400002,72.040001,284800,36.02
2014-07-03,72.620003,74.300003,71.510002,72.120003,86400,36.060001
2014-07-02,69.389999,75.68,66.919998,73.00,623600,36.50
2014-07-01,65.75,69.889999,65.349998,69.029999,142600,34.514999
2014-06-30,64.809998,66.099998,64.449997,65.959999,473800,32.98
2014-06-27,62.529999,65.519997,62.529999,65.25,479600,32.625
2014-06-26,65.019997,65.190002,64.00,65.150002,144600,32.575001
2014-06-25,66.00,66.800003,63.32,65.559998,195400,32.779999
2014-06-24,63.290001,67.940002,62.950001,66.559998,496600,33.279999
2014-06-23,62.68,63.689999,61.50,63.34,76000,31.67
2014-06-20,63.310001,63.50,61.16,62.860001,352600,31.43
2014-06-19,63.16,64.209999,62.799999,63.610001,167400,31.805
2014-06-18,63.59,63.720001,62.209999,63.509998,114200,31.754999
2014-06-17,61.970001,63.790001,61.540001,63.77,79600,31.885
2014-06-16,60.419998,62.66,60.419998,62.25,88600,31.125
2014-06-13,60.790001,60.799999,60.110001,60.52,64000,30.26
2014-06-12,60.099998,62.990002,59.919998,60.790001,227400,30.395
2014-06-11,60.43,60.919998,59.900002,60.599998,33200,30.299999
2014-06-10,60.52,60.93,60.25,60.82,22000,30.41
2014-06-09,61.689999,61.689999,60.060001,60.869999,99000,30.434999
2014-06-06,61.25,62.419998,60.799999,61.73,55800,30.865
2014-06-05,60.009998,61.299999,59.00,61.00,136000,30.50
2014-06-04,60.130001,60.98,59.919998,59.919998,141400,29.959999
2014-06-03,60.07,61.00,60.07,60.740002,81000,30.370001
2014-06-02,62.810001,62.810001,60.169998,60.619999,180000,30.309999
2014-05-30,63.02,63.060001,62.259998,62.330002,139200,31.165001
2014-05-29,62.93,63.66,62.259998,63.130001,134400,31.565001
2014-05-28,64.620003,64.620003,63.110001,63.240002,54600,31.620001
2014-05-27,64.75,64.82,63.700001,64.440002,54800,32.220001
2014-05-23,65.260002,66.129997,63.810001,64.32,117200,32.16
2014-05-22,62.599998,66.089996,61.939999,65.650002,107800,32.825001
2014-05-21,61.950001,62.669998,61.610001,62.470001,96400,31.235001
2014-05-20,61.93,62.59,61.259998,61.380001,115800,30.690001
2014-05-19,61.00,62.09,60.900002,61.759998,165200,30.879999
2014-05-16,61.779999,62.349998,60.48,61.00,74600,30.50
2014-05-15,61.459999,62.099998,60.470001,61.630001,42600,30.815001
2014-05-14,61.639999,62.52,61.52,61.720001,107600,30.860001
2014-05-13,61.860001,62.41,61.240002,61.849998,94000,30.924999
2014-05-12,62.00,62.860001,61.00,61.959999,216600,30.98
2014-05-09,62.889999,63.27,60.099998,61.099998,338800,30.549999
2014-05-08,62.75,68.00,62.41,64.599998,111400,32.299999
2014-05-07,67.75,67.75,63.509998,64.419998,346400,32.209999
2014-05-06,68.269997,69.779999,67.480003,68.00,195800,34.00
2014-05-05,68.720001,69.650002,68.010002,68.959999,349800,34.48
2014-05-02,68.25,70.50,66.870003,69.260002,130600,34.630001
2014-05-01,68.010002,70.849998,65.870003,67.879997,407000,33.939999
2014-04-30,64.959999,68.300003,64.529999,67.440002,284800,33.720001
2014-04-29,63.540001,64.989998,63.25,64.870003,124000,32.435001
2014-04-28,65.550003,65.949997,62.380001,62.889999,235000,31.445
2014-04-25,70.699997,71.879997,64.209999,65.470001,581200,32.735001
2014-04-24,71.870003,71.870003,69.269997,71.57,280000,35.785
2014-04-23,72.440002,72.440002,70.010002,71.519997,280400,35.759998
2014-04-22,73.169998,73.389999,72.410004,72.440002,50400,36.220001
2014-04-21,71.139999,73.980003,70.68,72.93,45800,36.465
2014-04-17,70.959999,73.00,70.199997,72.150002,38000,36.075001
2014-04-16,70.330002,71.220001,70.080002,71.019997,52400,35.509998
2014-04-15,69.919998,71.160004,67.540001,70.110001,119600,35.055
2014-04-14,69.300003,71.879997,68.82,70.019997,123600,35.009998
2014-04-11,69.110001,70.019997,68.769997,69.199997,92600,34.599998
2014-04-10,69.169998,69.75,68.650002,69.50,185000,34.75
2014-04-09,68.699997,70.209999,68.599998,69.980003,53000,34.990002
2014-04-08,67.510002,69.730003,67.510002,68.699997,229000,34.349998
2014-04-07,66.419998,68.910004,65.709999,68.040001,286000,34.02
2014-04-04,68.349998,69.599998,64.059998,67.099998,427200,33.549999
2014-04-03,73.25,73.440002,66.989998,68.389999,522400,34.195
2014-04-02,72.120003,74.00,72.120003,73.889999,130800,36.945
2014-04-01,71.25,73.269997,71.25,72.980003,127200,36.490002
2014-03-31,71.139999,72.68,70.699997,71.25,85400,35.625
2014-03-28,71.040001,73.360001,71.040001,71.519997,52400,35.759998
2014-03-27,71.010002,72.470001,71.00,71.00,67400,35.50
2014-03-26,72.150002,72.739998,70.160004,70.650002,80800,35.325001
2014-03-25,73.050003,73.959999,70.57,71.690002,129000,35.845001
2014-03-24,73.220001,73.239998,72.290001,72.870003,116800,36.435001
2014-03-21,73.959999,74.269997,72.00,72.93,146600,36.465
2014-03-20,76.040001,76.040001,72.800003,72.93,78000,36.465
2014-03-19,75.82,76.879997,75.519997,76.400002,101400,38.200001
2014-03-18,73.760002,75.389999,73.32,75.239998,120600,37.619999
2014-03-17,72.870003,74.550003,72.650002,73.389999,112000,36.695
2014-03-14,74.199997,75.519997,72.309998,73.150002,106200,36.575001
2014-03-13,75.199997,76.519997,74.150002,74.660004,97200,37.330002
2014-03-12,76.290001,76.290001,74.709999,76.00,46800,38.00
2014-03-11,76.720001,77.449997,75.690002,76.220001,88400,38.110001
2014-03-10,79.120003,79.129997,76.480003,76.599998,170400,38.299999
2014-03-07,78.00,79.129997,76.839996,79.050003,168600,39.525002
2014-03-06,77.400002,77.970001,77.160004,77.779999,138000,38.889999
2014-03-05,77.300003,77.300003,76.290001,77.160004,104400,38.580002
2014-03-04,75.800003,77.919998,75.50,76.68,110000,38.34
2014-03-03,74.50,75.470001,73.690002,75.190002,57200,37.595001
2014-02-28,75.559998,76.389999,74.620003,75.300003,65600,37.650002
2014-02-27,75.309998,75.879997,74.410004,75.150002,43800,37.575001
2014-02-26,76.919998,76.919998,74.949997,75.279999,65800,37.639999
2014-02-25,79.160004,79.160004,75.269997,75.989998,107200,37.994999
2014-02-24,82.510002,83.00,77.150002,79.00,116000,39.50
2014-02-21,85.82,86.00,82.610001,83.400002,86200,41.700001
2014-02-20,83.660004,84.93,82.110001,83.690002,86400,41.845001
2014-02-19,81.459999,82.800003,74.599998,82.510002,56000,41.255001
2014-02-18,79.480003,81.959999,78.669998,81.959999,133400,40.98
2014-02-14,81.190002,81.190002,78.419998,79.489998,62600,39.744999
2014-02-13,76.540001,82.629997,75.779999,81.639999,154600,40.82
2014-02-12,74.470001,76.599998,74.470001,76.540001,84000,38.27
2014-02-11,74.190002,74.699997,72.639999,74.440002,82200,37.220001
2014-02-10,73.279999,75.540001,73.080002,73.620003,55000,36.810001
2014-02-07,74.129997,75.190002,72.639999,73.330002,132000,36.665001
2014-02-06,72.879997,75.669998,72.129997,73.150002,85800,36.575001
2014-02-05,71.440002,73.050003,70.599998,72.349998,58600,36.174999
2014-02-04,71.989998,74.099998,70.839996,72.480003,108400,36.240002
2014-02-03,71.050003,73.50,69.139999,71.650002,96400,35.825001
2014-01-31,70.050003,73.489998,70.050003,73.010002,82600,36.505001
2014-01-30,73.589996,74.650002,71.410004,71.410004,46600,35.705002
2014-01-29,75.410004,75.410004,72.279999,72.889999,70600,36.445
2014-01-28,74.160004,77.019997,73.410004,75.059998,78200,37.529999
2014-01-27,75.18,76.57,72.199997,73.459999,113600,36.73
2014-01-24,79.209999,79.790001,75.00,75.00,240400,37.50
2014-01-23,79.540001,80.989998,76.849998,80.169998,176200,40.084999
2014-01-22,81.099998,81.260002,79.50,80.870003,47000,40.435001
2014-01-21,81.209999,82.870003,79.699997,81.410004,46600,40.705002
2014-01-17,81.50,81.699997,80.480003,81.230003,54800,40.615002
2014-01-16,81.800003,82.410004,80.519997,81.93,37400,40.965
2014-01-15,79.400002,82.050003,79.400002,82.00,46000,41.00
2014-01-14,77.739998,81.50,77.739998,79.260002,32800,39.630001
2014-01-13,78.050003,78.940002,76.660004,77.650002,76000,38.825001
2014-01-10,79.830002,80.730003,78.150002,78.900002,39800,39.450001
2014-01-09,81.599998,81.599998,79.00,79.220001,139000,39.610001
2014-01-08,77.949997,81.980003,77.949997,81.779999,82000,40.889999
2014-01-07,77.959999,78.870003,76.160004,77.220001,76800,38.610001
2014-01-06,78.139999,78.349998,76.730003,77.529999,92600,38.764999
2014-01-03,78.110001,78.830002,78.019997,78.599998,19000,39.299999
2014-01-02,77.169998,78.879997,76.599998,78.370003,26000,39.185001
2013-12-31,77.650002,77.900002,77.269997,77.900002,46800,38.950001
2013-12-30,78.360001,78.879997,77.550003,78.459999,33000,39.23
2013-12-27,77.480003,78.879997,77.480003,78.790001,20600,39.395
2013-12-26,77.989998,77.989998,77.160004,77.889999,22200,38.945
2013-12-24,77.639999,77.809998,76.919998,77.790001,21200,38.895
2013-12-23,77.00,77.93,76.139999,77.629997,44000,38.814999
2013-12-20,76.169998,77.00,72.669998,76.739998,67000,38.369999
2013-12-19,75.589996,76.50,75.589996,76.489998,46000,38.244999
2013-12-18,75.50,76.489998,74.489998,75.849998,27800,37.924999
2013-12-17,75.300003,76.059998,74.559998,75.300003,16600,37.650002
2013-12-16,76.169998,76.169998,74.959999,75.330002,23000,37.665001
2013-12-13,74.099998,75.889999,73.660004,75.889999,34400,37.945
2013-12-12,74.660004,75.00,74.00,74.360001,41800,37.18
2013-12-11,74.830002,76.18,74.00,74.260002,169400,37.130001
2013-12-10,73.349998,74.900002,73.349998,74.269997,55800,37.134998
2013-12-09,73.839996,73.849998,73.120003,73.510002,15400,36.755001
2013-12-06,73.599998,73.900002,73.400002,73.50,27000,36.75
2013-12-05,73.089996,73.900002,72.629997,73.160004,9600,36.580002
2013-12-04,72.900002,73.709999,71.199997,73.230003,18000,36.615002
2013-12-03,73.239998,73.739998,73.099998,73.559998,19200,36.779999
2013-12-02,72.599998,73.50,72.599998,73.099998,105600,36.549999
2013-11-29,72.980003,73.889999,72.980003,73.68,13800,36.84
2013-11-27,73.00,73.720001,72.25,73.489998,29600,36.744999
2013-11-26,72.290001,73.879997,71.00,73.199997,29000,36.599998
2013-11-25,72.709999,73.279999,72.010002,72.589996,44600,36.294998
2013-11-22,70.639999,73.68,70.639999,72.989998,61200,36.494999
2013-11-21,71.410004,71.830002,69.739998,70.900002,98800,35.450001
2013-11-20,71.809998,71.970001,70.419998,71.599998,24400,35.799999
2013-11-19,71.129997,72.980003,71.129997,72.050003,31600,36.025002
2013-11-18,73.00,75.150002,71.169998,72.580002,122200,36.290001
2013-11-15,73.00,73.900002,72.75,73.00,54200,36.50
2013-11-14,72.809998,73.300003,72.809998,73.300003,67800,36.650002
2013-11-13,71.809998,73.50,70.470001,73.269997,94600,36.634998
2013-11-12,69.809998,73.589996,69.809998,72.879997,88400,36.439999
2013-11-11,69.120003,70.360001,68.68,70.360001,56400,35.18
2013-11-08,73.800003,73.800003,68.879997,69.599998,153600,34.799999
2013-11-07,73.339996,74.959999,69.900002,69.900002,123800,34.950001
2013-11-06,78.199997,80.00,77.230003,78.010002,96200,39.005001
2013-11-05,76.209999,76.940002,76.050003,76.050003,11600,38.025002
2013-11-04,77.290001,78.589996,76.019997,77.00,46600,38.50
2013-11-01,77.230003,78.00,75.690002,77.870003,56000,38.935001
2013-10-31,75.580002,77.260002,72.800003,76.599998,55400,38.299999
2013-10-30,75.519997,76.690002,74.940002,76.099998,26400,38.049999
2013-10-29,76.93,76.93,74.089996,75.480003,23600,37.740002
2013-10-28,75.00,76.760002,74.949997,76.010002,79200,38.005001
2013-10-25,75.160004,76.349998,73.00,74.709999,44000,37.355
2013-10-24,75.50,75.599998,75.059998,75.25,30600,37.625
2013-10-23,77.029999,77.029999,75.470001,76.00,21600,38.00
2013-10-22,78.00,78.160004,76.839996,77.589996,167000,38.794998
2013-10-21,76.389999,79.559998,76.389999,78.040001,48000,39.02
2013-10-18,76.739998,78.400002,76.110001,76.599998,133800,38.299999
2013-10-17,75.50,77.379997,75.019997,76.589996,70400,38.294998
2013-10-16,74.309998,76.599998,73.959999,75.900002,72800,37.950001
2013-10-15,73.129997,74.610001,73.129997,73.93,43400,36.965
2013-10-14,73.300003,73.879997,72.550003,73.209999,126400,36.605
2013-10-11,73.849998,74.830002,72.900002,74.059998,474800,37.029999
2013-10-10,72.970001,73.559998,72.589996,73.540001,63200,36.77
2013-10-09,73.389999,73.449997,71.589996,72.349998,86200,36.174999
2013-10-08,73.300003,74.480003,73.25,73.50,60800,36.75
2013-10-07,73.239998,73.559998,72.120003,73.419998,91200,36.709999
2013-10-04,73.57,74.779999,72.00,73.50,92600,36.75
2013-10-03,74.459999,74.459999,73.419998,73.50,241800,36.75
2013-10-02,71.940002,76.220001,71.940002,73.50,178200,36.75
2013-10-01,72.00,72.839996,72.00,72.389999,264000,36.195
2013-09-30,70.669998,72.07,70.550003,71.82,138600,35.91
2013-09-27,70.580002,71.580002,70.519997,71.120003,41400,35.560001
2013-09-26,71.300003,71.300003,70.75,71.25,242800,35.625
2013-09-25,71.400002,71.400002,70.43,71.339996,31200,35.669998
2013-09-24,71.690002,71.849998,71.059998,71.470001,491400,35.735001
2013-09-23,71.800003,71.800003,70.760002,71.580002,14000,35.790001
2013-09-20,71.610001,72.00,70.949997,71.809998,130000,35.904999
2013-09-19,70.389999,71.900002,70.279999,71.75,311000,35.875
2013-09-18,69.129997,70.699997,68.540001,70.699997,147800,35.349998
2013-09-17,68.150002,69.309998,68.059998,68.82,36600,34.41
2013-09-16,67.010002,69.290001,67.010002,68.610001,26800,34.305
2013-09-13,66.459999,66.610001,66.00,66.529999,102400,33.264999
2013-09-12,66.599998,67.00,66.309998,66.559998,92200,33.279999
2013-09-11,66.029999,66.790001,65.629997,66.50,128800,33.25
2013-09-10,66.809998,66.809998,65.889999,66.489998,154400,33.244999
2013-09-09,66.190002,66.389999,65.690002,66.099998,190000,33.049999
2013-09-06,65.919998,66.25,65.639999,66.110001,64200,33.055
2013-09-05,66.269997,66.589996,65.589996,66.489998,61000,33.244999
2013-09-04,66.629997,66.629997,63.950001,65.57,78400,32.785
2013-09-03,63.860001,66.900002,63.50,66.699997,134400,33.349998
2013-08-30,64.370003,65.00,63.00,63.049999,71200,31.525
2013-08-29,64.870003,65.330002,63.029999,64.110001,39400,32.055
2013-08-28,62.970001,65.879997,62.970001,64.290001,49000,32.145
2013-08-27,62.040001,64.50,62.040001,63.18,77800,31.59
2013-08-26,66.260002,66.260002,64.209999,64.709999,68200,32.355
2013-08-23,65.580002,66.00,63.560001,65.919998,62200,32.959999
2013-08-22,67.400002,67.400002,64.410004,65.82,39600,32.91
2013-08-21,66.980003,68.040001,66.980003,67.230003,29000,33.615002
2013-08-20,68.00,68.190002,67.019997,68.00,178800,34.00
2013-08-19,67.190002,68.330002,66.599998,68.010002,69000,34.005001
2013-08-16,66.57,67.300003,66.57,67.300003,10200,33.650002
2013-08-15,68.00,68.00,65.089996,66.910004,109600,33.455002
2013-08-14,67.07,69.040001,67.07,68.410004,101000,34.205002
2013-08-13,66.959999,69.25,66.959999,67.68,120600,33.84
2013-08-12,67.730003,68.080002,66.459999,67.099998,126000,33.549999
2013-08-09,65.800003,69.75,65.00,68.150002,112800,34.075001
2013-08-08,67.860001,70.150002,67.839996,70.07,70000,35.035
2013-08-07,68.610001,68.870003,67.349998,67.50,41600,33.75
2013-08-06,68.389999,68.57,66.800003,68.489998,96000,34.244999
2013-08-05,66.059998,68.940002,65.809998,67.870003,87600,33.935001
2013-08-02,70.00,70.040001,65.099998,66.580002,27800,33.290001
2013-08-01,66.760002,68.379997,64.589996,68.129997,58200,34.064999
2013-07-31,63.900002,67.50,62.580002,66.50,175800,33.25
2013-07-30,66.129997,66.129997,62.799999,63.549999,67000,31.775
2013-07-29,68.25,68.949997,64.760002,66.269997,45400,33.134998
2013-07-26,66.410004,69.389999,66.260002,69.129997,40800,34.564999
2013-07-25,66.260002,67.50,66.260002,66.800003,26200,33.400002
2013-07-24,67.589996,68.400002,65.93,66.120003,26400,33.060001
2013-07-23,65.50,67.620003,65.279999,67.080002,51200,33.540001
2013-07-22,66.68,67.209999,63.00,65.239998,84200,32.619999
2013-07-19,65.110001,67.370003,64.50,66.93,88200,33.465
2013-07-18,64.599998,66.330002,64.599998,65.599998,91800,32.799999
2013-07-17,63.50,64.949997,63.419998,64.360001,52800,32.18
2013-07-16,62.32,64.089996,62.07,63.700001,93600,31.85
2013-07-15,62.240002,63.220001,61.389999,62.43,157800,31.215
2013-07-12,62.25,62.279999,61.610001,62.130001,132600,31.065001
2013-07-11,62.27,62.959999,61.540001,62.310001,171600,31.155001
2013-07-10,61.919998,62.00,60.959999,61.50,216400,30.75
2013-07-09,62.389999,62.939999,61.099998,61.91,175600,30.955
2013-07-08,62.310001,65.940002,61.799999,62.139999,304400,31.07
2013-07-05,65.50,65.50,61.32,61.849998,126600,30.924999
2013-07-03,64.760002,65.790001,64.120003,65.400002,40200,32.700001
2013-07-02,66.110001,66.809998,65.18,65.519997,50000,32.759998
2013-07-01,67.519997,68.50,64.849998,65.970001,136600,32.985001
2013-06-28,63.98,67.989998,63.970001,67.510002,508600,33.755001
2013-06-27,63.810001,64.489998,60.560001,64.290001,78200,32.145
2013-06-26,62.810001,64.50,62.50,63.669998,76600,31.834999
2013-06-25,61.599998,63.310001,59.990002,62.849998,224800,31.424999
2013-06-24,60.869999,62.299999,58.50,61.599998,303200,30.799999
2013-06-21,61.48,61.799999,60.00,60.970001,169200,30.485001
2013-06-20,62.07,63.00,60.939999,61.560001,316800,30.780001
2013-06-19,63.34,63.98,62.799999,63.080002,55000,31.540001
2013-06-18,62.139999,64.129997,61.91,63.790001,128800,31.895
2013-06-17,60.970001,62.560001,60.970001,62.209999,73200,31.105
2013-06-14,61.189999,61.599998,60.139999,60.689999,61600,30.344999
2013-06-13,61.080002,61.380001,59.200001,61.110001,215600,30.555
2013-06-12,64.019997,64.019997,60.330002,60.830002,193200,30.415001
2013-06-11,64.489998,64.959999,62.810001,63.57,134200,31.785
2013-06-10,65.099998,65.349998,64.660004,65.059998,404400,32.529999
2013-06-07,65.00,65.00,64.400002,64.889999,90000,32.445
2013-06-06,63.50,64.879997,63.50,64.699997,223600,32.349998
2013-06-05,64.900002,64.900002,63.360001,63.50,190000,31.75
2013-06-04,61.599998,65.580002,61.07,65.150002,588000,32.575001
2013-06-03,59.880001,61.720001,59.509998,61.52,322800,30.76
2013-05-31,60.439999,60.740002,60.00,60.00,51600,30.00
2013-05-30,60.740002,60.799999,59.790001,60.799999,99600,30.40
2013-05-29,60.509998,60.77,59.450001,60.279999,175000,30.139999
2013-05-28,60.75,60.799999,59.330002,60.790001,65600,30.395
2013-05-24,60.68,60.740002,59.889999,60.669998,77600,30.334999
2013-05-23,60.02,60.790001,56.00,60.68,100600,30.34
2013-05-22,60.580002,61.189999,60.189999,60.810001,103000,30.405001
2013-05-21,60.110001,60.50,59.490002,60.43,243800,30.215
2013-05-20,59.57,61.799999,59.439999,60.43,230200,30.215
2013-05-17,60.00,60.00,58.720001,59.869999,93400,29.934999
2013-05-16,58.279999,61.00,58.279999,59.610001,444200,29.805
2013-05-15,56.540001,58.349998,56.540001,58.040001,113400,29.02
2013-05-14,57.099998,57.389999,56.00,57.029999,113200,28.514999
2013-05-13,58.599998,58.599998,56.34,57.220001,226600,28.610001
2013-05-10,60.610001,61.049999,55.150002,58.68,110200,29.34
2013-05-09,59.50,60.700001,59.50,60.419998,132400,30.209999
2013-05-08,59.48,60.709999,59.25,59.52,122600,29.76
2013-05-07,58.900002,59.970001,58.900002,59.73,37200,29.865
2013-05-06,57.580002,58.970001,57.560001,58.869999,78400,29.434999
2013-05-03,57.900002,58.00,57.59,57.700001,133400,28.85
2013-05-02,57.580002,57.939999,56.75,57.59,84800,28.795
2013-05-01,57.349998,57.75,57.299999,57.450001,174200,28.725
2013-04-30,57.400002,58.119999,57.25,57.599998,76200,28.799999
2013-04-29,57.130001,57.849998,56.650002,57.57,69800,28.785
2013-04-26,57.349998,57.509998,56.900002,56.98,46600,28.49
2013-04-25,56.529999,57.57,56.529999,57.200001,46400,28.60
2013-04-24,56.650002,56.900002,55.470001,56.25,160000,28.125
2013-04-23,57.98,57.98,56.50,57.189999,97000,28.594999
2013-04-22,58.07,58.07,57.439999,58.00,17600,29.00
2013-04-19,58.029999,58.299999,57.599998,57.830002,65200,28.915001
2013-04-18,58.459999,58.459999,57.189999,58.00,71800,29.00
2013-04-17,58.919998,59.66,58.419998,58.669998,111400,29.334999
2013-04-16,59.73,59.73,57.220001,58.77,104200,29.385
2013-04-15,59.779999,59.779999,59.02,59.139999,397200,29.57
2013-04-12,59.169998,60.119999,59.169998,59.509998,28000,29.754999
2013-04-11,59.369999,60.189999,59.369999,59.740002,130000,29.870001
2013-04-10,59.720001,61.740002,59.060001,60.689999,33000,30.344999
2013-04-09,59.09,61.740002,58.709999,59.700001,64600,29.85
2013-04-08,59.25,59.799999,58.669998,59.110001,51600,29.555
2013-04-05,59.130001,59.529999,58.639999,59.119999,48800,29.559999
2013-04-04,59.00,60.650002,58.540001,60.09,195800,30.045
2013-04-03,59.290001,59.389999,58.919998,59.139999,96200,29.57
2013-04-02,59.57,60.099998,58.950001,59.560001,22600,29.780001
2013-04-01,59.169998,59.50,58.779999,59.32,48600,29.66
2013-03-28,59.740002,60.990002,59.349998,59.41,363800,29.705
2013-03-27,59.380001,60.50,59.259998,59.84,283400,29.92
2013-03-26,59.43,59.84,58.990002,59.779999,165400,29.889999
2013-03-25,58.23,59.779999,58.23,59.09,217000,29.545
2013-03-22,58.130001,58.810001,57.889999,58.73,60000,29.365
2013-03-21,57.709999,58.240002,57.689999,57.939999,58600,28.969999
2013-03-20,57.810001,58.98,57.360001,58.48,90200,29.24
2013-03-19,57.50,58.00,57.349998,57.75,80400,28.875
2013-03-18,57.099998,57.98,56.959999,57.52,119200,28.76
2013-03-15,58.00,58.00,57.049999,57.459999,252800,28.73
2013-03-14,57.00,58.00,56.50,58.00,348200,29.00
2013-03-13,56.599998,57.400002,55.98,57.400002,251600,28.700001
2013-03-12,56.419998,56.950001,54.869999,56.630001,173400,28.315001
2013-03-11,56.200001,56.50,55.07,56.419998,329400,28.209999
2013-03-08,55.740002,56.490002,55.310001,56.279999,245200,28.139999
2013-03-07,55.599998,55.75,54.689999,55.75,94000,27.875
2013-03-06,55.91,55.990002,55.34,55.599998,88400,27.799999
2013-03-05,56.00,56.00,55.060001,55.950001,78600,27.975
2013-03-04,55.759998,55.950001,55.290001,55.599998,56600,27.799999
2013-03-01,55.77,55.790001,54.75,55.790001,108800,27.895
2013-02-28,55.630001,56.299999,55.43,55.509998,66400,27.754999
2013-02-27,55.459999,55.66,54.240002,55.66,72600,27.83
2013-02-26,56.50,56.50,55.009998,55.419998,101600,27.709999
2013-02-25,56.299999,57.939999,56.00,56.419998,183800,28.209999
2013-02-22,55.599998,56.220001,55.130001,56.099998,202000,28.049999
2013-02-21,59.00,59.029999,53.52,55.740002,264600,27.870001
2013-02-20,56.91,58.049999,56.50,57.43,192600,28.715
2013-02-19,56.41,56.91,55.34,56.139999,202800,28.07
2013-02-15,55.849998,56.91,55.009998,56.029999,54600,28.014999
2013-02-14,55.68,56.529999,55.50,56.16,32200,28.08
2013-02-13,56.959999,57.150002,55.220001,55.959999,48600,27.98
2013-02-12,55.84,58.41,55.84,57.049999,156400,28.525
2013-02-11,54.75,55.900002,54.669998,55.509998,29800,27.754999
2013-02-08,54.00,55.290001,53.830002,55.139999,36400,27.57
2013-02-07,54.619999,55.240002,52.599998,53.849998,98200,26.924999
2013-02-06,53.810001,54.830002,53.810001,54.700001,66000,27.35
2013-02-05,53.990002,54.349998,51.049999,54.209999,92000,27.105
2013-02-04,53.790001,54.110001,53.599998,53.610001,149000,26.805
2013-02-01,54.25,54.50,53.48,53.73,40200,26.865
2013-01-31,54.490002,56.299999,52.59,54.00,310800,27.00
2013-01-30,53.299999,54.959999,53.299999,54.310001,141000,27.155001
2013-01-29,53.400002,53.75,52.830002,53.259998,47200,26.629999
2013-01-28,53.529999,54.25,52.880001,53.419998,29000,26.709999
2013-01-25,53.240002,53.509998,52.52,53.169998,50400,26.584999
2013-01-24,53.610001,53.610001,52.169998,53.110001,66800,26.555
2013-01-23,55.009998,55.150002,53.689999,53.73,27400,26.865
2013-01-22,54.540001,55.25,54.349998,54.889999,134000,27.445
2013-01-18,54.439999,54.68,53.439999,54.209999,45400,27.105
2013-01-17,53.740002,54.68,53.470001,54.16,66800,27.08
2013-01-16,54.200001,54.50,53.16,53.349998,79400,26.674999
2013-01-15,53.279999,55.060001,52.779999,54.240002,284600,27.120001
2013-01-14,52.419998,53.610001,52.419998,53.150002,116000,26.575001
2013-01-11,52.50,52.77,51.82,52.380001,72600,26.190001
2013-01-10,53.599998,53.790001,51.540001,52.619999,166400,26.309999
2013-01-09,52.549999,53.849998,52.549999,53.18,129000,26.59
2013-01-08,53.00,53.00,52.119999,52.509998,102600,26.254999
2013-01-07,53.32,53.360001,51.860001,52.799999,193400,26.40
2013-01-04,49.16,53.790001,48.919998,53.02,314800,26.51
2013-01-03,48.41,49.560001,47.68,48.630001,182000,24.315001
2013-01-02,47.27,48.98,47.27,48.099998,92600,24.049999
2012-12-31,46.209999,47.970001,45.599998,46.75,75000,23.375
2012-12-28,47.110001,47.779999,45.91,46.259998,56800,23.129999
2012-12-27,47.509998,48.00,47.27,47.540001,315400,23.77
2012-12-26,46.919998,48.380001,46.669998,47.189999,242400,23.594999
2012-12-24,47.189999,47.619999,46.66,46.82,11200,23.41
2012-12-21,46.66,47.360001,46.50,47.029999,133800,23.514999
2012-12-20,47.540001,47.779999,47.099998,47.50,93600,23.75
2012-12-19,46.439999,47.959999,46.439999,47.509998,103800,23.754999
2012-12-18,46.43,46.970001,45.84,46.560001,107800,23.280001
2012-12-17,46.849998,47.18,46.43,46.619999,79400,23.309999
2012-12-14,46.419998,47.380001,45.009998,46.939999,125200,23.469999
2012-12-13,47.009998,47.080002,46.209999,46.360001,59200,23.18
2012-12-12,46.330002,46.990002,45.84,46.68,65000,23.34
2012-12-11,46.869999,47.639999,46.029999,46.540001,79400,23.27
2012-12-10,46.959999,47.990002,46.25,46.849998,89800,23.424999
2012-12-07,47.18,47.490002,46.599998,46.959999,97400,23.48
2012-12-06,47.419998,47.77,46.529999,47.110001,149600,23.555
2012-12-05,50.23,51.400002,47.209999,47.549999,279600,23.775
2012-12-04,53.00,53.00,50.00,50.459999,224600,25.23
2012-12-03,53.00,53.150002,52.799999,52.939999,129200,26.469999
2012-11-30,53.00,53.330002,52.84,52.869999,47000,26.434999
2012-11-29,53.889999,53.889999,52.970001,53.16,67200,26.58
2012-11-28,53.23,53.759998,52.77,53.16,104400,26.58
2012-11-27,53.279999,54.490002,53.00,53.950001,335600,26.975
2012-11-26,53.00,53.830002,52.990002,53.150002,125400,26.575001
2012-11-23,53.50,53.50,52.939999,53.25,26800,26.625
2012-11-21,53.610001,53.650002,52.639999,53.209999,57600,26.605
2012-11-20,54.50,54.50,53.00,53.349998,58000,26.674999
2012-11-19,54.00,54.490002,53.66,54.040001,305200,27.02
2012-11-16,53.43,53.880001,52.50,53.880001,192200,26.940001
2012-11-15,53.369999,53.82,53.25,53.450001,160200,26.725
2012-11-14,53.00,53.880001,52.59,53.240002,203000,26.620001
2012-11-13,53.560001,53.919998,52.50,53.02,129800,26.51
2012-11-12,52.709999,54.400002,51.869999,53.720001,298000,26.860001
2012-11-09,50.450001,53.669998,48.630001,53.009998,473000,26.504999
2012-11-08,47.459999,51.00,47.040001,50.450001,211800,25.225
2012-11-07,46.93,48.110001,46.18,46.759998,93400,23.379999
2012-11-06,46.98,48.41,46.939999,47.799999,99000,23.90
2012-11-05,46.389999,47.299999,46.369999,47.200001,66600,23.60
2012-11-02,47.27,47.27,45.50,45.939999,46600,22.969999
2012-11-01,47.00,48.110001,46.82,47.450001,188200,23.725
2012-10-31,46.68,47.299999,46.279999,47.029999,66400,23.514999
2012-10-26,46.98,46.98,45.790001,46.099998,40000,23.049999
2012-10-25,46.740002,46.830002,46.630001,46.689999,32600,23.344999
2012-10-24,46.470001,46.650002,45.700001,46.650002,47400,23.325001
2012-10-23,46.650002,46.650002,45.700001,46.119999,47400,23.059999
2012-10-22,46.52,47.200001,46.299999,46.970001,107200,23.485001
2012-10-19,46.389999,47.060001,45.66,46.080002,69000,23.040001
2012-10-18,46.950001,47.369999,46.459999,47.080002,37400,23.540001
2012-10-17,46.50,47.16,46.450001,46.950001,41200,23.475
2012-10-16,46.099998,46.43,45.860001,46.25,61000,23.125
2012-10-15,45.150002,46.619999,45.150002,46.130001,82000,23.065001
2012-10-12,45.509998,45.900002,44.900002,45.50,75400,22.75
2012-10-11,45.299999,45.389999,45.040001,45.34,21600,22.67
2012-10-10,45.810001,46.599998,44.919998,45.110001,26200,22.555
2012-10-09,46.52,47.080002,45.369999,45.48,92800,22.74
2012-10-08,46.630001,47.200001,46.630001,46.959999,32000,23.48
2012-10-05,47.189999,47.689999,46.790001,46.939999,104200,23.469999
2012-10-04,47.369999,47.509998,46.57,47.040001,129400,23.52
2012-10-03,47.259998,48.860001,47.220001,47.400002,185000,23.700001
2012-10-02,44.860001,47.360001,44.860001,46.880001,79800,23.440001
2012-10-01,44.740002,45.099998,44.650002,44.779999,32600,22.389999
2012-09-28,44.900002,45.459999,44.610001,44.799999,74400,22.40
2012-09-27,44.50,45.34,44.049999,45.27,87600,22.635
2012-09-26,44.139999,44.619999,43.889999,44.049999,51000,22.025
2012-09-25,44.43,44.810001,43.639999,44.599998,106200,22.299999
2012-09-24,44.419998,44.740002,42.00,44.25,91800,22.125
2012-09-21,44.75,44.889999,44.00,44.23,127000,22.115
2012-09-20,44.48,44.950001,44.439999,44.669998,53600,22.334999
2012-09-19,43.939999,44.689999,43.93,44.549999,72600,22.275
2012-09-18,44.380001,44.380001,43.790001,43.82,26600,21.91
2012-09-17,44.619999,44.889999,43.91,44.450001,39400,22.225
2012-09-14,43.52,44.50,43.52,44.48,175800,22.24
2012-09-13,44.189999,44.310001,43.610001,43.869999,53400,21.934999
2012-09-12,44.50,44.669998,43.889999,44.25,27400,22.125
2012-09-11,43.630001,44.27,42.830002,44.209999,98000,22.105
2012-09-10,44.00,44.459999,43.540001,43.709999,83200,21.855
2012-09-07,43.299999,44.34,43.299999,44.25,70000,22.125
2012-09-06,42.139999,42.98,42.139999,42.900002,109000,21.450001
2012-09-05,41.799999,42.50,41.560001,42.34,40800,21.17
2012-09-04,42.150002,42.209999,41.580002,42.040001,36800,21.02
2012-08-31,42.27,42.400002,42.07,42.209999,41600,21.105
2012-08-30,42.00,42.540001,41.450001,42.060001,113000,21.030001
2012-08-29,41.669998,42.720001,41.57,42.380001,268200,21.190001
2012-08-28,41.34,41.619999,41.18,41.57,28600,20.785
2012-08-27,40.900002,41.529999,40.310001,41.32,110000,20.66
2012-08-24,40.810001,41.029999,40.630001,41.00,61400,20.50
2012-08-23,41.150002,41.549999,40.630001,41.00,84400,20.50
2012-08-22,40.93,41.84,40.200001,41.540001,197800,20.77
2012-08-21,40.490002,41.380001,40.490002,41.02,140400,20.51
2012-08-20,40.75,40.84,40.43,40.709999,66400,20.355
2012-08-17,41.049999,41.049999,40.439999,40.68,46600,20.34
2012-08-16,41.119999,41.599998,40.830002,41.360001,62400,20.68
2012-08-15,40.619999,41.84,40.459999,41.389999,102400,20.695
2012-08-14,41.869999,41.91,40.169998,40.700001,142800,20.35
2012-08-13,43.50,43.810001,41.009998,41.889999,349000,20.945
2012-08-10,39.50,44.389999,39.02,43.84,759800,21.92
2012-08-09,35.650002,36.889999,35.009998,36.439999,401600,18.219999
2012-08-08,35.52,35.919998,35.349998,35.799999,99800,17.90
2012-08-07,35.740002,35.959999,35.599998,35.75,235600,17.875
2012-08-06,35.16,35.490002,34.830002,35.450001,267000,17.725
2012-08-03,34.52,35.00,34.52,34.880001,135800,17.440001
2012-08-02,34.130001,34.540001,34.00,34.299999,92000,17.15
2012-08-01,34.610001,34.630001,34.060001,34.330002,60200,17.165001
2012-07-31,35.18,35.540001,34.470001,34.650002,97200,17.325001
2012-07-30,35.900002,35.950001,35.110001,35.299999,89400,17.65
2012-07-27,35.93,36.049999,35.139999,35.830002,139400,17.915001
2012-07-26,36.689999,36.689999,35.09,35.939999,55800,17.969999
2012-07-25,35.959999,36.389999,35.740002,35.880001,107200,17.940001
2012-07-24,36.049999,36.25,35.610001,36.009998,57400,18.004999
2012-07-23,35.32,36.610001,35.32,36.259998,227000,18.129999
2012-07-20,36.080002,36.869999,35.68,36.040001,358400,18.02
2012-07-19,36.98,37.32,35.049999,36.130001,614800,18.065001
2012-07-18,39.290001,39.290001,36.50,36.740002,401600,18.370001
2012-07-17,42.23,43.00,40.23,40.330002,460000,20.165001
2012-07-16,41.389999,42.279999,41.389999,42.02,77000,21.01
2012-07-13,42.330002,42.619999,41.18,42.130001,180200,21.065001
2012-07-12,41.34,41.830002,40.200001,40.959999,281800,20.48
2012-07-11,42.200001,43.310001,41.84,41.990002,158600,20.995001
2012-07-10,44.400002,44.610001,41.849998,42.060001,247400,21.030001
2012-07-09,46.139999,46.139999,43.84,44.099998,141600,22.049999
2012-07-06,45.84,46.470001,45.07,45.799999,58800,22.90
2012-07-05,46.099998,46.759998,45.540001,46.310001,47400,23.155001
2012-07-03,44.970001,46.799999,44.970001,46.189999,117400,23.094999
2012-07-02,45.299999,45.639999,44.00,45.009998,197000,22.504999
2012-06-29,45.130001,45.549999,44.860001,45.549999,104200,22.775
2012-06-28,44.139999,44.150002,43.369999,44.00,51400,22.00
2012-06-27,44.080002,44.77,42.959999,44.540001,58600,22.27
2012-06-26,43.93,44.16,42.700001,43.790001,144600,21.895
2012-06-25,45.169998,45.470001,42.00,43.98,456800,21.99
2012-06-22,45.43,46.200001,45.43,45.599998,58000,22.799999
2012-06-21,47.439999,47.869999,45.049999,45.349998,144000,22.674999
2012-06-20,46.049999,47.919998,46.029999,47.709999,213000,23.855
2012-06-19,45.540001,46.200001,45.169998,46.009998,102200,23.004999
2012-06-18,45.099998,46.380001,45.099998,45.41,135000,22.705
2012-06-15,45.490002,45.50,44.959999,45.279999,77000,22.639999
2012-06-14,44.639999,45.259998,44.049999,45.169998,72400,22.584999
2012-06-13,45.07,45.610001,44.630001,45.00,166000,22.50
2012-06-12,44.849998,45.450001,44.009998,45.110001,71400,22.555
2012-06-11,45.25,46.02,44.150002,44.259998,122800,22.129999
2012-06-08,47.080002,47.080002,45.09,45.689999,205200,22.844999
2012-06-07,48.00,48.00,46.869999,47.48,322800,23.74
2012-06-06,46.029999,47.50,45.220001,47.369999,256800,23.684999
2012-06-05,44.130001,45.939999,44.130001,45.880001,61200,22.940001
2012-06-04,45.049999,45.57,44.009998,44.630001,262800,22.315001
2012-06-01,45.50,45.77,45.02,45.279999,210400,22.639999
2012-05-31,46.50,46.82,46.00,46.50,156600,23.25
2012-05-30,46.66,47.259998,45.66,46.419998,122600,23.209999
2012-05-29,47.52,48.240002,45.700001,47.200001,197400,23.60
2012-05-25,46.48,47.060001,46.16,46.259998,120600,23.129999
2012-05-24,47.509998,47.709999,45.84,46.59,129000,23.295
2012-05-23,48.220001,48.220001,46.32,47.220001,188800,23.610001
2012-05-22,49.900002,51.299999,48.560001,48.650002,441600,24.325001
2012-05-21,46.77,49.639999,46.57,49.380001,86400,24.690001
2012-05-18,47.509998,47.880001,46.619999,46.740002,80000,23.370001
2012-05-17,48.52,49.259998,47.369999,47.57,142400,23.785
2012-05-16,49.240002,50.220001,48.720001,49.009998,106000,24.504999
2012-05-15,50.040001,50.040001,49.099998,49.259998,137600,24.629999
2012-05-14,48.580002,50.189999,47.91,49.849998,298000,24.924999
2012-05-11,50.110001,51.23,49.080002,49.400002,367400,24.700001
2012-05-10,48.650002,52.50,48.650002,51.299999,650000,25.65
2012-05-09,57.540001,60.00,54.349998,55.950001,326200,27.975
2012-05-08,57.099998,60.380001,57.099998,58.389999,155800,29.195
2012-05-07,57.740002,59.139999,57.00,58.040001,48400,29.02
2012-05-04,57.709999,58.91,57.040001,57.860001,85400,28.93
2012-05-03,60.139999,60.349998,57.490002,57.869999,73000,28.934999
2012-05-02,60.84,61.400002,59.00,60.060001,156000,30.030001
2012-05-01,60.849998,61.349998,59.150002,61.349998,90000,30.674999
2012-04-30,60.990002,61.00,59.610001,60.720001,110200,30.360001
2012-04-27,60.779999,61.00,59.34,61.00,178000,30.50
2012-04-26,58.990002,60.990002,58.900002,60.790001,120800,30.395
2012-04-25,58.369999,59.439999,58.110001,59.00,77400,29.50
2012-04-24,58.389999,58.57,57.299999,58.07,59800,29.035
2012-04-23,59.349998,59.560001,57.099998,58.040001,124800,29.02
2012-04-20,58.82,60.990002,58.82,60.349998,49200,30.174999
2012-04-19,59.610001,60.889999,59.16,59.669998,123600,29.834999
2012-04-18,60.32,60.990002,59.259998,59.82,71800,29.91
2012-04-17,57.91,60.610001,57.77,60.310001,141400,30.155001
2012-04-16,58.07,58.799999,56.799999,57.779999,48200,28.889999
2012-04-13,59.889999,59.990002,57.73,58.459999,87600,29.23
2012-04-12,57.619999,60.00,56.669998,59.389999,131000,29.695
