Date,Open,High,Low,Close,Volume,Adj Close
2016-11-25,49.709999,50.080002,49.490002,49.98,346600,49.98
2016-11-23,49.43,49.740002,49.34,49.700001,740700,49.700001
2016-11-22,49.48,49.810001,49.290001,49.470001,1590000,49.470001
2016-11-21,49.029999,49.50,48.880001,49.450001,1683300,49.450001
2016-11-18,47.630001,48.740002,47.299999,48.360001,2065300,48.360001
2016-11-17,47.880001,48.139999,47.50,47.549999,1335800,47.549999
2016-11-16,47.889999,48.169998,47.650002,47.869999,1357000,47.869999
2016-11-15,47.57,48.040001,46.93,47.919998,1719500,47.919998
2016-11-14,46.599998,47.639999,46.580002,47.400002,2070400,47.400002
2016-11-11,45.790001,46.540001,45.560001,46.450001,1833100,46.450001
2016-11-10,45.139999,46.130001,44.91,45.84,3794600,45.84
2016-11-09,43.689999,45.470001,43.549999,45.02,2266400,45.02
2016-11-08,44.060001,44.060001,43.459999,43.509998,1314000,43.509998
2016-11-07,44.439999,44.48,43.709999,44.18,2071500,44.18
2016-11-04,44.360001,44.459999,43.57,43.759998,2024700,43.759998
2016-11-03,42.650002,45.389999,42.279999,44.389999,4213700,44.389999
2016-11-02,41.209999,41.77,41.16,41.209999,1026600,41.209999
2016-11-01,41.700001,41.849998,41.299999,41.400002,1583900,41.400002
2016-10-31,41.389999,41.82,41.27,41.57,1128400,41.57
2016-10-28,41.18,41.860001,41.18,41.400002,1498800,41.400002
2016-10-27,41.939999,42.00,40.959999,41.18,1314400,41.18
2016-10-26,41.560001,41.91,41.509998,41.689999,916000,41.689999
2016-10-25,42.169998,42.279999,41.639999,41.759998,619600,41.759998
2016-10-24,42.389999,42.389999,41.84,42.32,684500,42.32
2016-10-21,41.68,42.049999,41.549999,41.93,1071700,41.93
2016-10-20,41.630001,41.98,41.549999,41.889999,816900,41.889999
2016-10-19,41.799999,41.950001,41.669998,41.75,761500,41.75
2016-10-18,41.869999,42.09,41.689999,41.700001,1198700,41.700001
2016-10-17,41.900002,42.00,41.549999,41.560001,1197700,41.560001
2016-10-14,41.75,42.040001,41.630001,41.880001,986800,41.880001
2016-10-13,41.689999,41.950001,41.419998,41.650002,1043000,41.650002
2016-10-12,41.459999,42.099998,41.259998,42.00,1148100,42.00
2016-10-11,41.84,41.84,41.110001,41.349998,1075800,41.349998
2016-10-10,42.07,42.369999,41.900002,41.959999,1064500,41.959999
2016-10-07,42.869999,42.880001,41.880001,42.07,1569200,42.07
2016-10-06,41.959999,42.830002,41.619999,42.799999,1565400,42.799999
2016-10-05,42.459999,43.049999,42.029999,42.169998,2881400,42.169998
2016-10-04,42.66,42.939999,42.23,42.369999,2325400,42.369999
2016-10-03,42.990002,43.23,42.650002,42.75,1654000,42.75
2016-09-30,43.630001,43.720001,42.880001,43.279999,1879700,43.279999
2016-09-29,43.77,44.060001,43.389999,43.48,1788100,43.48
2016-09-28,43.860001,44.00,43.48,43.91,1824500,43.91
2016-09-27,43.540001,43.799999,43.18,43.650002,1594100,43.650002
2016-09-26,43.200001,43.720001,43.02,43.259998,1828000,43.259998
2016-09-23,42.93,43.290001,42.849998,43.150002,1189900,43.150002
2016-09-22,42.810001,43.330002,42.540001,43.259998,1309200,43.259998
2016-09-21,42.049999,42.540001,41.919998,42.52,1587600,42.52
2016-09-20,42.290001,42.400002,41.880001,42.07,1416100,42.07
2016-09-19,41.880001,42.610001,41.709999,42.139999,1342300,42.139999
2016-09-16,41.77,41.84,41.220001,41.529999,1863600,41.529999
2016-09-15,41.57,42.360001,41.419998,42.099998,2324200,41.779998
2016-09-14,41.470001,41.580002,41.110001,41.330002,1620300,41.015854
2016-09-13,42.02,42.02,41.259998,41.470001,2444800,41.154789
2016-09-12,41.310001,42.419998,41.18,42.32,2639900,41.998327
2016-09-09,41.849998,42.09,41.48,41.490002,1289100,41.174638
2016-09-08,42.07,42.439999,42.00,42.09,2842900,41.770076
2016-09-07,41.700001,42.310001,41.700001,42.16,3134400,41.839543
2016-09-06,41.259998,41.580002,40.91,41.549999,2940300,41.234179
2016-09-02,40.419998,41.209999,40.419998,41.200001,2627200,40.886841
2016-09-01,40.50,41.00,40.389999,40.75,1839800,40.440261
2016-08-31,39.830002,40.599998,39.73,40.509998,3550100,40.202083
2016-08-30,40.099998,40.16,39.509998,39.959999,3211100,39.656265
2016-08-29,39.599998,40.200001,39.529999,40.009998,4896700,39.705884
2016-08-26,39.740002,39.970001,39.41,39.549999,3612500,39.249381
2016-08-25,40.130001,40.16,39.540001,39.700001,5994900,39.398243
2016-08-24,39.380001,40.130001,39.310001,40.02,11213000,39.71581
2016-08-23,40.25,40.689999,39.880001,40.080002,8249700,39.775355
2016-08-22,39.400002,40.490002,39.259998,40.349998,6575700,40.0433
2016-08-19,39.25,39.740002,38.75,39.490002,20905200,39.18984
2016-08-18,38.220001,39.700001,38.18,39.450001,7973100,39.150143
2016-08-17,38.200001,38.950001,37.790001,38.50,10455800,38.207363
2016-08-16,49.93,52.27,49.720001,51.689999,8002800,37.760782
2016-08-15,50.720001,51.439999,50.200001,50.240002,7445800,36.701524
2016-08-12,48.799999,49.970001,48.540001,49.91,8827900,36.46045
2016-08-11,47.59,48.950001,47.580002,48.740002,13485600,35.605738
2016-08-10,47.529999,48.189999,47.220001,47.580002,7114100,34.758331
2016-08-09,47.740002,48.00,47.029999,47.529999,11691700,34.721802
2016-08-08,48.52,48.549999,47.580002,47.779999,9095800,34.904433
2016-08-05,47.849998,48.18,47.09,48.139999,4350900,35.167422
2016-08-04,48.349998,48.439999,47.279999,47.41,3214100,34.63414
2016-08-03,48.959999,49.290001,47.869999,48.360001,5842900,35.328138
2016-08-02,50.66,50.82,47.939999,48.349998,4323800,35.320832
2016-08-01,50.279999,50.830002,49.880001,50.540001,2493300,36.920681
2016-07-29,50.48,50.91,49.18,50.009998,2560300,36.533501
2016-07-28,51.810001,51.810001,49.779999,50.650002,3845200,37.001039
2016-07-27,52.619999,52.639999,52.009998,52.330002,2275100,38.228319
2016-07-26,50.689999,51.990002,50.68,51.939999,2249300,37.943413
2016-07-25,50.610001,50.68,50.029999,50.66,2336400,37.008343
2016-07-22,49.07,50.580002,48.779999,50.400002,3367700,36.818408
2016-07-21,49.02,49.23,48.209999,48.91,1821300,35.729926
2016-07-20,49.00,49.189999,48.59,49.00,2168600,35.795673
2016-07-19,49.740002,49.98,48.139999,48.59,3208500,35.496159
2016-07-18,49.779999,50.189999,48.860001,48.98,1755800,35.781062
2016-07-15,50.040001,50.080002,48.860001,49.790001,2045500,36.372788
2016-07-14,50.049999,50.650002,49.700001,50.00,2721400,36.526197
2016-07-13,48.990002,49.720001,48.740002,49.549999,3919000,36.197461
2016-07-12,47.07,48.509998,47.07,48.50,5256300,35.430411
2016-07-11,50.380001,50.380001,46.540001,47.419998,6447000,34.641444
2016-07-08,49.48,50.619999,49.27,50.59,824000,36.957206
2016-07-07,48.759998,49.110001,48.50,49.080002,672600,35.854117
2016-07-06,48.139999,49.009998,47.529999,48.990002,649200,35.788369
2016-07-05,48.389999,48.59,47.900002,48.459999,633300,35.40119
2016-07-01,47.77,48.889999,47.77,48.689999,678600,35.56921
2016-06-30,46.950001,47.900002,46.950001,47.869999,686300,34.97018
2016-06-29,46.669998,46.950001,46.529999,46.799999,573500,34.18852
2016-06-28,46.200001,46.419998,45.790001,46.130001,766200,33.69907
2016-06-27,45.25,46.00,45.139999,45.709999,963700,33.392249
2016-06-24,46.00,46.73,45.790001,45.82,969900,33.472607
2016-06-23,47.82,48.110001,47.459999,47.68,361500,34.831382
2016-06-22,47.889999,48.040001,47.360001,47.400002,344500,34.626836
2016-06-21,47.84,48.25,47.84,47.900002,670600,34.992098
2016-06-20,47.52,47.93,47.43,47.689999,670300,34.838686
2016-06-17,47.240002,47.240002,46.68,46.849998,554400,34.225046
2016-06-16,47.00,47.459999,46.709999,47.240002,235200,34.509952
2016-06-15,48.099998,48.099998,47.34,47.349998,443400,34.590308
2016-06-14,48.00,48.169998,47.720001,48.029999,347300,35.087064
2016-06-13,48.060001,48.599998,47.959999,48.00,451600,35.065149
2016-06-10,48.779999,49.099998,48.240002,48.459999,471000,35.167422
2016-06-09,49.540001,49.779999,49.099998,49.369999,394900,35.827809
2016-06-08,49.400002,49.759998,49.220001,49.66,546200,36.038263
2016-06-07,49.639999,49.93,49.25,49.299999,500300,35.77701
2016-06-06,49.66,49.849998,49.419998,49.610001,332000,36.001978
2016-06-03,50.02,50.049999,49.290001,49.400002,438700,35.849582
2016-06-02,49.709999,50.099998,49.459999,50.080002,713900,36.343058
2016-06-01,49.290001,49.830002,49.119999,49.75,452400,36.103576
2016-05-31,50.02,50.389999,49.110001,49.400002,617900,35.849582
2016-05-27,49.66,49.98,49.630001,49.959999,315300,36.255972
2016-05-26,49.490002,50.02,49.130001,49.759998,491700,36.110832
2016-05-25,50.07,50.07,49.490002,49.490002,387100,35.914895
2016-05-24,49.189999,49.880001,48.82,49.830002,274900,36.161633
2016-05-23,49.380001,49.389999,48.830002,48.889999,160800,35.479474
2016-05-20,48.810001,49.459999,48.349998,49.439999,629100,35.878608
2016-05-19,48.389999,48.919998,48.060001,48.529999,406400,35.218221
2016-05-18,48.240002,49.57,48.07,48.790001,373500,35.406905
2016-05-17,49.43,49.43,48.23,48.509998,320500,35.203707
2016-05-16,49.009998,49.84,48.950001,49.599998,605000,35.99472
2016-05-13,49.23,49.580002,48.860001,48.93,239800,35.508502
2016-05-12,48.990002,49.799999,48.900002,49.43,358300,35.871352
2016-05-11,49.490002,49.860001,48.82,48.84,197700,35.443189
2016-05-10,49.310001,49.830002,49.16,49.779999,425400,36.125346
2016-05-09,49.240002,49.299999,48.740002,49.09,418600,35.624614
2016-05-06,48.529999,49.23,48.50,49.209999,375500,35.711697
2016-05-05,48.830002,48.970001,48.290001,48.880001,332400,35.472218
2016-05-04,49.060001,49.240002,48.48,48.73,352100,35.363362
2016-05-03,49.369999,49.50,48.459999,49.209999,323900,35.711697
2016-05-02,49.759998,49.759998,48.93,49.689999,300000,36.060033
2016-04-29,49.810001,49.889999,48.810001,49.610001,393400,36.001978
2016-04-28,50.98,51.080002,49.709999,49.860001,457400,36.183403
2016-04-27,50.860001,51.310001,48.740002,50.639999,730600,36.749449
2016-04-26,51.619999,51.889999,51.130001,51.84,351400,37.620289
2016-04-25,51.299999,52.119999,50.700001,51.32,350500,37.242925
2016-04-22,50.959999,51.869999,50.959999,51.619999,353800,37.460634
2016-04-21,51.580002,52.00,51.009998,51.080002,220200,37.068758
2016-04-20,51.630001,52.25,51.32,51.630001,339200,37.467893
2016-04-19,52.34,52.470001,51.509998,51.630001,347400,37.467893
2016-04-18,51.490002,52.360001,51.490002,52.32,281700,37.968625
2016-04-15,51.310001,52.040001,50.900002,51.919998,444000,37.678344
2016-04-14,51.919998,52.139999,51.139999,51.139999,485900,37.112299
2016-04-13,50.900002,52.150002,50.779999,52.049999,495900,37.772686
2016-04-12,50.669998,51.07,50.189999,50.689999,334700,36.785733
2016-04-11,51.060001,51.32,50.48,50.700001,275000,36.792992
2016-04-08,51.07,51.450001,50.490002,50.959999,279200,36.981672
2016-04-07,50.84,51.259998,49.360001,50.77,736700,36.84379
2016-04-06,51.130001,51.50,50.669998,51.32,407900,37.242925
2016-04-05,51.189999,51.709999,50.630001,51.119999,828300,37.097784
2016-04-04,51.43,51.779999,50.889999,51.75,464400,37.554976
2016-04-01,50.060001,51.57,49.810001,51.389999,696800,37.293724
2016-03-31,49.939999,50.790001,49.860001,50.32,715300,36.517225
2016-03-30,50.630001,50.630001,49.529999,49.939999,574700,36.241458
2016-03-29,49.119999,50.639999,49.119999,50.630001,390500,36.742193
2016-03-28,49.150002,49.50,48.91,49.290001,302900,35.769755
2016-03-24,48.799999,49.18,48.43,48.93,442400,35.508502
2016-03-23,49.029999,49.290001,48.599998,48.959999,537400,35.530272
2016-03-22,48.830002,49.23,48.610001,49.009998,655000,35.566557
2016-03-21,48.810001,49.330002,48.59,49.25,674000,35.740726
2016-03-18,48.27,49.060001,48.099998,48.950001,986200,35.523017
2016-03-17,47.639999,48.540001,47.470001,48.369999,437100,35.102109
2016-03-16,47.07,47.869999,46.389999,47.689999,563600,34.608633
2016-03-15,46.759998,46.93,46.279999,46.73,650700,33.911962
2016-03-14,47.34,47.549999,46.50,46.93,649700,34.057102
2016-03-11,46.52,47.889999,46.27,47.59,633800,34.536064
2016-03-10,46.110001,46.84,46.07,46.52,632300,33.527343
2016-03-09,46.110001,46.110001,45.07,45.540001,380000,32.821049
2016-03-08,46.709999,46.82,45.619999,45.759998,434400,32.979603
2016-03-07,46.759998,47.439999,46.220001,46.849998,456800,33.765175
2016-03-04,45.84,46.970001,45.799999,46.50,607000,33.512928
2016-03-03,45.52,45.799999,45.00,45.759998,412900,32.979603
2016-03-02,44.380001,45.490002,44.169998,45.360001,563200,32.691321
2016-03-01,43.650002,44.380001,42.91,44.380001,501100,31.985028
2016-02-29,42.82,43.66,42.709999,43.220001,370600,31.149006
2016-02-26,43.50,43.950001,42.68,42.900002,462900,30.91838
2016-02-25,42.77,43.290001,42.200001,43.290001,467200,31.199456
2016-02-24,42.150002,42.580002,41.549999,42.540001,462800,30.658925
2016-02-23,42.689999,43.09,42.029999,42.52,729200,30.64451
2016-02-22,42.419998,43.150002,42.330002,42.82,611100,30.860722
2016-02-19,42.080002,42.119999,40.93,41.889999,1054100,30.190463
2016-02-18,44.040001,45.549999,41.630001,42.220001,1129900,30.428298
2016-02-17,43.490002,44.619999,42.939999,44.259998,1034700,31.898541
2016-02-16,42.189999,43.619999,42.02,43.220001,929300,31.149006
2016-02-12,41.529999,42.00,41.00,41.93,861800,30.219292
2016-02-11,40.900002,41.240002,40.150002,40.790001,868700,29.397685
2016-02-10,42.049999,42.439999,41.389999,41.48,687100,29.894973
2016-02-09,41.139999,42.200001,41.130001,41.599998,1337800,29.981457
2016-02-08,41.84,42.080002,40.650002,41.630001,705200,30.00308
2016-02-05,44.169998,44.630001,42.439999,42.490002,548200,30.62289
2016-02-04,43.970001,45.150002,43.720001,44.52,811500,32.085926
2016-02-03,45.099998,45.349998,43.490002,44.099998,936700,31.783228
2016-02-02,45.09,45.439999,44.139999,44.349998,699200,31.963405
2016-02-01,45.91,46.59,45.669998,45.669998,832900,32.914739
2016-01-29,45.66,46.630001,45.049999,46.119999,1245200,33.239058
2016-01-28,46.490002,46.490002,43.93,45.59,2476600,32.857084
2016-01-27,48.830002,49.450001,45.59,46.18,2078500,33.282302
2016-01-26,51.330002,51.689999,48.580002,48.830002,2421000,35.192179
2016-01-25,54.630001,54.93,53.509998,53.66,376600,38.673198
2016-01-22,54.419998,55.099998,54.099998,54.959999,560600,39.610118
2016-01-21,55.00,55.18,53.66,53.700001,646700,38.702027
2016-01-20,55.34,55.450001,52.860001,54.68,762300,39.408321
2016-01-19,55.439999,59.450001,54.290001,56.189999,1824100,40.496589
2016-01-15,54.459999,55.189999,53.790001,54.98,529800,39.624533
2016-01-14,53.98,56.380001,53.759998,55.82,636100,40.229928
2016-01-13,55.619999,55.869999,53.599998,53.75,558400,38.738062
2016-01-12,53.400002,55.43,53.330002,55.389999,711400,39.920023
2016-01-11,52.790001,53.220001,52.060001,52.779999,556600,38.038974
2016-01-08,53.450001,53.91,52.470001,52.57,858400,37.887626
2016-01-07,53.34,53.73,52.68,52.939999,604300,38.154288
2016-01-06,54.27,54.919998,53.77,54.279999,696900,39.120037
2016-01-05,54.130001,56.040001,54.130001,55.23,625400,39.80471
2016-01-04,55.240002,55.389999,53.650002,54.130001,486200,39.011932
2015-12-31,57.130001,57.130001,56.09,56.259998,416700,40.547038
2015-12-30,57.669998,58.099998,57.209999,57.240002,337300,41.253335
2015-12-29,57.540001,58.369999,57.48,57.759998,212200,41.6281
2015-12-28,57.09,57.369999,56.400002,57.27,203900,41.274955
2015-12-24,57.02,57.529999,56.880001,57.119999,119100,41.166848
2015-12-23,56.310001,57.299999,56.220001,57.110001,205300,41.159642
2015-12-22,55.799999,55.959999,55.150002,55.919998,265500,40.301997
2015-12-21,56.59,56.59,54.93,55.41,423800,39.934437
2015-12-18,57.32,57.32,55.790001,55.959999,791800,40.330826
2015-12-17,57.759998,58.540001,57.18,57.18,236500,41.210091
2015-12-16,57.630001,57.830002,56.779999,57.610001,268600,41.519996
2015-12-15,56.040001,57.310001,56.040001,57.049999,454000,41.116398
2015-12-14,55.529999,56.18,54.450001,55.599998,449000,40.071371
2015-12-11,56.310001,56.610001,55.490002,55.68,447300,40.129029
2015-12-10,56.57,57.50,56.060001,57.099998,519100,40.921804
2015-12-09,57.560001,57.869999,56.34,56.470001,339400,40.470304
2015-12-08,57.380001,58.259998,57.130001,57.860001,297800,41.466474
2015-12-07,58.709999,58.950001,57.91,58.119999,330600,41.652806
2015-12-04,57.389999,59.110001,57.389999,59.049999,280400,42.319309
2015-12-03,58.43,58.540001,57.080002,57.369999,384500,41.115305
2015-12-02,59.009998,59.52,58.27,58.419998,322800,41.867806
2015-12-01,58.18,59.049999,57.779999,59.009998,401100,42.290641
2015-11-30,57.490002,58.040001,57.25,57.93,455600,41.51664
2015-11-27,57.540001,57.880001,57.279999,57.43,143900,41.158306
2015-11-25,57.759998,58.00,57.459999,57.59,194700,41.272973
2015-11-24,56.470001,57.900002,56.470001,57.580002,377100,41.265807
2015-11-23,56.52,56.990002,56.50,56.93,196800,40.799971
2015-11-20,56.040001,56.880001,55.970001,56.650002,336300,40.599305
2015-11-19,55.580002,55.959999,55.50,55.68,264800,39.904135
2015-11-18,55.27,55.860001,54.880001,55.740002,347100,39.947136
2015-11-17,54.66,56.040001,54.25,55.130001,560400,39.509967
2015-11-16,53.009998,54.529999,52.779999,54.50,398700,39.058465
2015-11-13,53.849998,54.189999,52.970001,53.009998,473800,37.990627
2015-11-12,54.970001,54.970001,53.93,53.959999,420100,38.671463
2015-11-11,55.759998,56.00,55.32,55.529999,457200,39.796633
2015-11-10,55.02,55.799999,55.009998,55.709999,498200,39.925634
2015-11-09,54.98,55.18,54.529999,55.029999,392900,39.438299
2015-11-06,55.110001,55.82,54.93,55.130001,677100,39.509967
2015-11-05,55.580002,55.889999,54.869999,54.970001,505300,39.3953
2015-11-04,55.189999,56.00,55.07,55.599998,639100,39.8468
2015-11-03,54.599998,55.369999,54.169998,55.110001,512800,39.495634
2015-11-02,52.66,54.73,52.639999,54.439999,696500,39.015464
2015-10-30,52.509998,53.75,51.919998,52.57,1056800,37.675293
2015-10-29,49.50,52.380001,49.419998,52.220001,1325800,37.42446
2015-10-28,47.00,48.650002,46.700001,48.59,694200,34.822951
2015-10-27,46.549999,46.98,46.279999,46.98,455800,33.669113
2015-10-26,46.259998,46.740002,46.110001,46.669998,388300,33.446945
2015-10-23,45.709999,46.48,45.470001,46.419998,337900,33.267778
2015-10-22,45.169998,45.450001,44.959999,45.349998,344500,32.500942
2015-10-21,45.220001,45.610001,44.77,44.810001,157000,32.113943
2015-10-20,44.57,45.330002,44.380001,45.169998,321700,32.371941
2015-10-19,44.509998,44.990002,44.490002,44.689999,328100,32.02794
2015-10-16,44.689999,44.91,44.389999,44.759998,235500,32.078107
2015-10-15,44.52,44.639999,43.939999,44.59,215000,31.956275
2015-10-14,44.990002,45.369999,44.310001,44.360001,231700,31.791441
2015-10-13,45.07,45.57,44.93,44.93,289300,32.199942
2015-10-12,45.630001,45.84,45.450001,45.610001,244600,32.457944
2015-10-09,45.50,45.799999,45.43,45.740002,205500,32.550458
2015-10-08,44.630001,45.50,44.59,45.439999,350300,32.336964
2015-10-07,43.900002,44.93,43.900002,44.799999,386600,31.881514
2015-10-06,43.41,43.860001,43.060001,43.75,479100,31.134292
2015-10-05,42.439999,43.599998,42.400002,43.419998,627300,30.899449
2015-10-02,40.810001,42.130001,40.650002,42.130001,310200,29.981434
2015-10-01,41.259998,41.560001,40.830002,41.419998,394100,29.476167
2015-09-30,41.68,41.68,40.889999,41.310001,641700,29.397889
2015-09-29,41.23,41.32,40.73,41.18,400800,29.305375
2015-09-28,41.990002,42.029999,41.09,41.169998,270900,29.298257
2015-09-25,42.119999,42.73,41.970001,42.189999,305900,30.024131
2015-09-24,42.09,42.220001,41.07,41.779999,1204700,29.732358
2015-09-23,42.669998,42.959999,42.240002,42.720001,359400,30.401302
2015-09-22,43.080002,43.360001,42.619999,42.740002,340800,30.415536
2015-09-21,43.619999,44.290001,43.52,43.779999,327600,31.15564
2015-09-18,42.869999,43.669998,42.639999,43.549999,1059800,30.991963
2015-09-17,43.220001,43.860001,42.970001,43.360001,531500,30.856752
2015-09-16,42.41,43.290001,42.279999,43.220001,344300,30.757123
2015-09-15,42.07,42.459999,41.68,42.41,338400,30.180693
2015-09-14,42.540001,42.580002,41.93,42.029999,209100,29.910268
2015-09-11,42.040001,42.639999,41.849998,42.610001,239000,30.323021
2015-09-10,41.900002,42.59,41.509998,42.299999,386100,30.102412
2015-09-09,42.740002,42.919998,41.939999,41.990002,361200,29.881805
2015-09-08,41.380001,42.490002,41.209999,42.43,431400,30.194926
2015-09-04,40.970001,41.130001,40.580002,40.73,305400,28.985136
2015-09-03,41.310001,41.84,41.189999,41.369999,327000,29.440586
2015-09-02,41.040001,41.310001,40.48,41.310001,367900,29.397889
2015-09-01,41.139999,41.41,40.130001,40.360001,322800,28.721829
2015-08-31,42.389999,42.459999,41.849998,42.080002,260500,29.945853
2015-08-28,41.73,42.470001,41.509998,42.439999,414700,30.202041
2015-08-27,41.84,42.09,41.23,42.060001,270000,29.93162
2015-08-26,40.919998,41.52,39.990002,41.360001,341000,29.43347
2015-08-25,41.959999,42.080002,39.900002,39.93,426800,28.415824
2015-08-24,40.299999,42.470001,40.290001,40.810001,443200,29.042068
2015-08-21,43.439999,43.810001,42.970001,42.970001,303000,30.579213
2015-08-20,44.279999,44.82,43.849998,43.990002,288500,31.305087
2015-08-19,44.849998,45.400002,44.25,44.869999,306600,31.931329
2015-08-18,44.900002,45.16,44.66,45.00,209400,32.023843
2015-08-17,44.540001,45.029999,44.02,45.029999,269700,32.045191
2015-08-14,44.259998,44.790001,44.150002,44.720001,241100,31.824584
2015-08-13,44.529999,44.709999,44.110001,44.34,312600,31.55416
2015-08-12,44.259998,44.68,43.41,44.52,458000,31.682256
2015-08-11,44.41,45.099998,44.16,44.639999,424700,31.767652
2015-08-10,44.700001,45.41,44.369999,44.779999,457400,31.867281
2015-08-07,43.18,44.540001,42.889999,44.450001,522900,31.632441
2015-08-06,44.009998,44.009998,42.689999,43.23,653800,30.764238
2015-08-05,41.57,44.580002,41.18,44.009998,954900,31.319317
2015-08-04,40.919998,41.23,40.349998,40.450001,323400,28.785877
2015-08-03,40.919998,41.200001,40.400002,41.00,329700,29.177279
2015-07-31,40.50,40.889999,40.07,40.799999,413300,29.03495
2015-07-30,40.389999,40.59,39.009998,40.490002,694700,28.814343
2015-07-29,38.459999,44.75,38.299999,40.400002,1297900,28.750296
2015-07-28,38.189999,38.619999,37.790001,38.490002,262800,27.391062
2015-07-27,38.389999,38.389999,37.950001,38.049999,183300,27.077938
2015-07-24,39.900002,39.900002,38.52,38.68,232500,27.526272
2015-07-23,40.049999,40.189999,39.759998,39.919998,277900,28.408706
2015-07-22,40.00,40.369999,39.869999,40.029999,256100,28.486987
2015-07-21,40.119999,40.439999,39.830002,40.259998,336200,28.650664
2015-07-20,40.23,40.279999,40.099998,40.18,175100,28.593734
2015-07-17,40.48,40.50,40.060001,40.25,307200,28.643548
2015-07-16,40.57,40.66,39.990002,40.470001,365000,28.80011
2015-07-15,40.220001,40.549999,40.060001,40.330002,197900,28.700481
2015-07-14,40.110001,40.389999,39.970001,40.290001,197200,28.672015
2015-07-13,40.150002,40.439999,39.990002,40.150002,159400,28.572385
2015-07-10,40.110001,40.279999,39.790001,40.150002,248800,28.34466
2015-07-09,40.18,40.200001,39.549999,39.560001,266900,27.928138
2015-07-08,39.93,40.369999,39.240002,39.59,306100,27.949317
2015-07-07,40.349998,40.450001,39.610001,40.389999,414500,28.514091
2015-07-06,40.00,40.389999,39.939999,40.32,417300,28.464674
2015-07-02,40.84,41.09,40.049999,40.41,561100,28.528211
2015-07-01,40.720001,41.099998,40.529999,40.82,393000,28.817658
2015-06-30,40.84,41.00,40.220001,40.369999,477900,28.499972
2015-06-29,41.029999,41.380001,40.400002,40.43,451000,28.542331
2015-06-26,41.650002,41.75,41.369999,41.50,605600,29.297717
2015-06-25,41.68,41.93,41.540001,41.650002,360700,29.403614
2015-06-24,42.110001,42.200001,41.619999,41.68,412600,29.424792
2015-06-23,42.349998,42.619999,41.93,42.139999,506700,29.749537
2015-06-22,42.50,42.849998,42.25,42.450001,206400,29.968389
2015-06-19,42.549999,42.77,42.18,42.200001,465400,29.791896
2015-06-18,42.240002,42.630001,42.209999,42.490002,396600,29.996628
2015-06-17,42.299999,42.369999,41.869999,42.110001,323400,29.728359
2015-06-16,41.619999,42.360001,41.619999,42.18,277400,29.777777
2015-06-15,41.93,42.099998,41.580002,41.810001,429500,29.516569
2015-06-12,42.66,42.66,42.130001,42.330002,350200,29.883673
2015-06-11,42.549999,42.939999,42.540001,42.790001,298400,30.208418
2015-06-10,42.119999,42.669998,41.75,42.540001,352800,30.031926
2015-06-09,42.18,42.209999,41.689999,41.98,362200,29.636582
2015-06-08,42.57,42.57,42.040001,42.259998,393200,29.834253
2015-06-05,42.349998,42.720001,42.099998,42.59,511900,30.067224
2015-06-04,42.93,43.279999,42.59,42.709999,402800,30.151939
2015-06-03,42.810001,43.290001,42.59,43.200001,456400,30.497865
2015-06-02,42.48,42.98,42.099998,42.669998,232000,30.1237
2015-06-01,42.75,42.98,42.529999,42.77,383700,30.194299
2015-05-29,42.220001,42.540001,41.959999,42.50,625900,30.003687
2015-05-28,42.41,42.50,42.00,42.220001,482700,29.806016
2015-05-27,41.630001,42.529999,41.389999,42.529999,359800,30.024865
2015-05-26,42.07,42.07,41.470001,41.619999,359000,29.382433
2015-05-22,42.27,42.540001,42.02,42.23,285300,29.813075
2015-05-21,42.66,42.689999,42.310001,42.380001,302800,29.918971
2015-05-20,42.869999,43.09,42.490002,42.77,413300,30.194299
2015-05-19,42.27,42.50,42.119999,42.43,356400,29.954269
2015-05-18,41.34,42.419998,41.25,42.310001,434400,29.869553
2015-05-15,41.09,41.43,40.610001,41.380001,451800,29.213002
2015-05-14,40.709999,41.02,40.540001,40.990002,355600,28.937674
2015-05-13,40.18,40.639999,39.669998,40.490002,659800,28.58469
2015-05-12,42.560001,42.560001,38.360001,39.630001,1554700,27.977556
2015-05-11,42.599998,42.98,42.540001,42.880001,437100,30.271956
2015-05-08,42.599998,42.990002,42.349998,42.709999,231200,30.151939
2015-05-07,41.150002,42.310001,41.099998,42.189999,372500,29.784835
2015-05-06,41.470001,41.470001,40.970001,41.310001,184900,29.163584
2015-05-05,42.029999,42.380001,41.389999,41.459999,238300,29.269478
2015-05-04,41.849998,42.50,41.77,42.200001,213000,29.791896
2015-05-01,41.700001,41.900002,41.43,41.889999,198900,29.573045
2015-04-30,41.880001,42.110001,41.389999,41.639999,379800,29.396553
2015-04-29,42.50,42.50,41.779999,42.02,341700,29.664822
2015-04-28,42.009998,42.639999,41.740002,42.599998,347400,30.074282
2015-04-27,42.18,42.32,41.91,42.099998,290200,29.721298
2015-04-24,42.009998,42.279999,41.439999,42.150002,422500,29.756598
2015-04-23,41.810001,42.25,41.639999,42.060001,281600,29.693061
2015-04-22,41.740002,41.900002,41.380001,41.84,279300,29.537747
2015-04-21,41.849998,41.959999,41.57,41.75,255000,29.47421
2015-04-20,41.169998,41.810001,41.169998,41.650002,305500,29.403614
2015-04-17,41.669998,41.759998,40.650002,40.93,275200,28.895315
2015-04-16,41.75,42.189999,41.75,42.009998,287800,29.657761
2015-04-15,42.049999,42.349998,41.709999,41.849998,415700,29.544806
2015-04-14,41.860001,42.099998,41.450001,41.919998,474400,29.594223
2015-04-13,42.040001,42.330002,41.869999,41.950001,210700,29.615404
2015-04-10,42.849998,42.849998,42.459999,42.610001,274000,29.855432
2015-04-09,42.43,42.73,42.290001,42.689999,294200,29.911484
2015-04-08,42.310001,42.759998,42.189999,42.450001,276000,29.743326
2015-04-07,42.220001,42.880001,42.220001,42.43,413800,29.729312
2015-04-06,41.849998,42.349998,41.650002,42.330002,354900,29.659246
2015-04-02,41.93,42.23,41.779999,42.16,323700,29.540132
2015-04-01,41.869999,42.040001,41.34,41.98,282200,29.414011
2015-03-31,42.029999,42.119999,41.77,41.959999,373800,29.399998
2015-03-30,42.080002,42.369999,42.029999,42.240002,379800,29.596186
2015-03-27,41.669998,42.169998,41.389999,41.990002,575200,29.42102
2015-03-26,41.00,41.810001,40.849998,41.57,701400,29.126738
2015-03-25,45.599998,45.669998,41.139999,41.299999,1157800,28.937557
2015-03-24,46.860001,46.860001,45.669998,45.73,622700,32.041514
2015-03-23,46.150002,47.18,46.009998,46.759998,589900,32.7632
2015-03-20,45.32,46.369999,44.939999,46.259998,719500,32.412866
2015-03-19,44.029999,45.119999,43.650002,45.080002,449800,31.586081
2015-03-18,43.830002,44.150002,43.700001,43.919998,777200,30.773305
2015-03-17,43.990002,44.080002,43.759998,43.830002,578900,30.710247
2015-03-16,44.029999,44.580002,43.84,44.150002,533400,30.934461
2015-03-13,44.450001,44.450001,43.360001,43.849998,373100,30.724258
2015-03-12,44.220001,44.689999,44.029999,44.619999,295600,31.263772
2015-03-11,43.970001,44.18,43.560001,44.16,345800,30.941466
2015-03-10,44.09,44.119999,43.59,43.790001,266200,30.68222
2015-03-09,44.110001,44.68,43.959999,44.490002,287200,31.172688
2015-03-06,44.740002,44.759998,43.91,44.130001,255800,30.920447
2015-03-05,45.080002,45.16,44.650002,44.900002,192300,31.459961
2015-03-04,45.119999,45.459999,44.830002,45.099998,327900,31.600092
2015-03-03,45.630001,45.720001,44.959999,45.32,195300,31.75424
2015-03-02,45.02,45.84,44.970001,45.799999,326000,32.09056
2015-02-27,44.93,45.41,44.84,45.02,525800,31.54404
2015-02-26,44.93,45.209999,44.560001,45.119999,304900,31.614106
2015-02-25,45.360001,45.360001,44.860001,45.02,158100,31.54404
2015-02-24,45.48,45.48,44.880001,45.41,215200,31.8173
2015-02-23,45.900002,45.900002,45.169998,45.509998,174700,31.887366
2015-02-20,45.419998,45.950001,45.029999,45.939999,317400,32.188653
2015-02-19,45.00,45.869999,44.57,45.52,503500,31.894374
2015-02-18,44.200001,44.849998,43.939999,44.799999,367100,31.389893
2015-02-17,44.459999,44.459999,43.970001,44.25,279900,31.004526
2015-02-13,43.66,44.48,43.619999,44.470001,355600,31.158674
2015-02-12,42.93,43.950001,42.860001,43.810001,468300,30.696234
2015-02-11,42.099998,42.75,42.09,42.66,409700,29.890465
2015-02-10,42.040001,42.27,41.689999,42.119999,204500,29.512104
2015-02-09,41.880001,42.209999,41.73,41.939999,338300,29.385984
2015-02-06,41.830002,42.400002,41.77,41.919998,481200,29.37197
2015-02-05,42.310001,42.310001,41.689999,41.799999,453900,29.287891
2015-02-04,42.669998,42.93,41.759998,42.07,557900,29.477072
2015-02-03,41.91,42.82,41.900002,42.75,381200,29.953525
2015-02-02,41.599998,41.93,40.759998,41.830002,446900,29.308913
2015-01-30,42.369999,42.82,41.259998,41.400002,633500,29.007626
2015-01-29,42.799999,42.82,41.759998,42.75,384700,29.953525
2015-01-28,43.07,43.77,42.540001,42.630001,506900,29.869446
2015-01-27,42.68,42.810001,41.93,42.439999,261000,29.736318
2015-01-26,42.619999,42.950001,42.110001,42.950001,516300,30.093659
2015-01-23,42.900002,43.07,42.450001,42.700001,315700,29.918493
2015-01-22,42.18,42.93,41.57,42.93,357100,30.079646
2015-01-21,41.880001,42.459999,41.689999,41.900002,285400,29.357959
2015-01-20,42.419998,42.66,41.619999,42.009998,519000,29.435031
2015-01-16,41.470001,42.450001,41.439999,42.400002,390800,29.708293
2015-01-15,41.830002,41.91,41.200001,41.599998,414600,29.147757
2015-01-14,42.040001,42.189999,41.43,41.77,405000,29.266872
2015-01-13,41.990002,42.950001,41.990002,42.330002,623300,29.659246
2015-01-12,42.380001,42.59,41.889999,41.98,613800,28.965587
2015-01-09,43.189999,43.369999,42.279999,42.369999,510200,29.23468
2015-01-08,42.540001,43.349998,42.470001,43.189999,818800,29.800468
2015-01-07,42.610001,43.150002,42.220001,43.07,486700,29.717671
2015-01-06,42.419998,42.68,42.07,42.380001,604900,29.241582
2015-01-05,42.91,43.130001,42.25,42.459999,404800,29.296779
2015-01-02,43.52,43.740002,42.77,43.139999,528400,29.765969
2014-12-31,44.110001,44.23,43.459999,43.52,435800,30.028165
2014-12-30,43.810001,44.290001,43.759998,44.07,250200,30.407656
2014-12-29,44.360001,44.439999,43.77,43.970001,472100,30.338659
2014-12-26,44.439999,44.66,44.25,44.32,195500,30.580152
2014-12-24,44.380001,44.880001,44.299999,44.41,180600,30.642251
2014-12-23,43.75,44.740002,43.630001,44.310001,556900,30.573254
2014-12-22,43.459999,43.919998,43.41,43.66,587200,30.124762
2014-12-19,43.450001,43.91,43.32,43.369999,814200,29.924666
2014-12-18,43.50,43.66,43.060001,43.52,499500,30.028165
2014-12-17,42.490002,43.060001,42.310001,43.029999,465600,29.690071
2014-12-16,42.77,43.139999,42.470001,42.540001,744900,29.351979
2014-12-15,42.860001,43.200001,42.380001,42.740002,441300,29.489977
2014-12-12,43.200001,43.200001,42.599998,42.619999,590600,29.407177
2014-12-11,42.91,43.419998,42.77,42.98,577500,29.655572
2014-12-10,43.380001,43.43,42.689999,42.720001,413800,29.476177
2014-12-09,42.830002,43.630001,42.669998,43.389999,607100,29.938466
2014-12-08,43.450001,43.869999,43.419998,43.549999,665700,30.048863
2014-12-05,43.25,43.709999,43.200001,43.470001,602000,29.993666
2014-12-04,43.360001,43.450001,42.57,43.080002,719700,29.724572
2014-12-03,41.299999,43.849998,41.029999,42.830002,1508700,29.552076
2014-12-02,39.880001,40.41,39.700001,40.18,933800,27.723613
2014-12-01,40.41,40.50,39.880001,39.880001,641100,27.516618
2014-11-28,40.330002,40.869999,40.27,40.41,231500,27.88231
2014-11-26,40.02,40.369999,39.939999,40.119999,370800,27.682213
2014-11-25,40.200001,40.459999,40.09,40.16,395300,27.709813
2014-11-24,40.060001,40.369999,39.82,40.259998,319400,27.778811
2014-11-21,40.00,40.299999,39.93,40.049999,296000,27.633915
2014-11-20,39.66,39.82,39.419998,39.709999,387000,27.399319
2014-11-19,39.860001,40.00,39.470001,39.619999,554000,27.337221
2014-11-18,40.970001,40.970001,40.009998,40.02,545300,27.613216
2014-11-17,40.450001,40.830002,40.200001,40.630001,463600,28.034107
2014-11-14,40.34,40.43,40.139999,40.310001,315600,27.813312
2014-11-13,39.900002,40.48,39.869999,40.34,414200,27.834011
2014-11-12,39.669998,39.959999,39.639999,39.889999,383000,27.523517
2014-11-11,39.57,39.990002,39.360001,39.66,301500,27.364821
2014-11-10,38.959999,39.650002,38.959999,39.610001,464900,27.330322
2014-11-07,38.279999,39.009998,38.09,38.959999,1028700,26.88183
2014-11-06,38.220001,38.32,37.91,38.290001,559900,26.419541
2014-11-05,38.509998,38.610001,37.939999,38.220001,629800,26.371243
2014-11-04,37.880001,38.509998,37.330002,38.259998,718200,26.39884
2014-11-03,36.57,36.849998,36.419998,36.639999,478800,25.281064
2014-10-31,36.50,36.720001,36.349998,36.57,502400,25.232766
2014-10-30,35.869999,36.279999,35.68,36.130001,561900,24.929173
2014-10-29,35.630001,36.259998,35.540001,35.77,488900,24.680778
2014-10-28,35.50,35.529999,35.18,35.50,650000,24.494482
2014-10-27,35.400002,35.419998,35.189999,35.279999,286100,24.342684
2014-10-24,35.150002,35.43,35.09,35.380001,264100,24.411684
2014-10-23,34.84,35.490002,34.700001,35.189999,356900,24.280585
2014-10-22,34.799999,35.040001,34.450001,34.48,552500,23.790696
2014-10-21,34.740002,34.830002,34.470001,34.630001,645700,23.894195
2014-10-20,34.52,34.669998,34.119999,34.50,809000,23.804496
2014-10-17,34.759998,35.040001,34.439999,34.759998,339900,23.983891
2014-10-16,34.16,34.689999,34.009998,34.57,619300,23.852795
2014-10-15,34.41,34.880001,34.209999,34.639999,521000,23.901094
2014-10-14,34.369999,34.720001,34.299999,34.700001,484100,23.942494
2014-10-13,34.389999,34.68,34.07,34.220001,517900,23.611301
2014-10-10,34.470001,35.34,34.349998,34.490002,591100,23.797597
2014-10-09,36.099998,36.099998,34.790001,34.939999,554600,23.887293
2014-10-08,35.080002,36.18,35.049999,36.110001,718300,24.687184
2014-10-07,35.189999,35.57,34.849998,35.040001,638000,23.955661
2014-10-06,34.939999,35.18,34.599998,34.900002,545900,23.859948
2014-10-03,34.540001,34.900002,34.509998,34.799999,324100,23.79158
2014-10-02,34.279999,34.459999,34.130001,34.380001,391300,23.504442
2014-10-01,34.330002,34.490002,33.860001,34.369999,547500,23.497603
2014-09-30,34.34,34.549999,34.220001,34.330002,332800,23.470259
2014-09-29,34.07,34.48,34.00,34.41,406300,23.524951
2014-09-26,34.400002,34.43,34.049999,34.330002,330900,23.470259
2014-09-25,34.50,34.549999,34.220001,34.34,456500,23.477094
2014-09-24,34.439999,34.630001,34.279999,34.549999,373100,23.620664
2014-09-23,35.34,35.470001,34.549999,34.549999,414100,23.620664
2014-09-22,35.860001,36.099998,35.459999,35.459999,417400,24.2428
2014-09-19,36.150002,36.59,35.82,35.830002,1695300,24.495758
2014-09-18,36.02,36.259998,35.860001,36.07,368300,24.659836
2014-09-17,35.880001,36.110001,35.599998,35.93,377400,24.564124
2014-09-16,35.639999,35.950001,35.27,35.779999,700200,24.461573
2014-09-15,35.130001,35.34,35.049999,35.259998,699100,24.106066
2014-09-12,35.00,35.43,34.990002,35.279999,787500,24.11974
2014-09-11,34.98,35.150002,34.400002,35.119999,783500,24.010353
2014-09-10,32.900002,35.330002,32.889999,35.25,1516800,24.09923
2014-09-09,35.049999,35.57,31.76,33.209999,3173600,22.704551
2014-09-08,38.119999,38.200001,37.59,37.860001,345600,25.883599
2014-09-05,38.009998,38.310001,37.610001,38.200001,247800,26.116046
2014-09-04,38.02,38.389999,37.959999,38.009998,326600,25.986148
2014-09-03,37.919998,38.099998,37.700001,37.93,251800,25.931456
2014-09-02,37.650002,37.82,37.450001,37.77,418400,25.822069
2014-08-29,37.759998,37.939999,37.549999,37.650002,376600,25.74003
2014-08-28,37.689999,37.889999,37.43,37.75,217900,25.808396
2014-08-27,38.139999,38.139999,37.75,37.950001,183700,25.945129
2014-08-26,37.77,38.27,37.75,37.990002,212500,25.972477
2014-08-25,38.279999,38.279999,37.599998,37.790001,194000,25.835743
2014-08-22,37.900002,38.279999,37.759998,38.18,454400,26.102372
2014-08-21,37.560001,37.98,37.50,37.869999,180400,25.890435
2014-08-20,37.400002,37.639999,37.200001,37.509998,203900,25.644315
2014-08-19,37.119999,37.650002,37.119999,37.50,195100,25.637479
2014-08-18,37.02,37.380001,36.860001,37.150002,171700,25.398197
2014-08-15,37.119999,37.240002,36.580002,36.810001,152700,25.16575
2014-08-14,36.799999,37.09,36.580002,37.09,260600,25.357176
2014-08-13,36.619999,36.939999,36.619999,36.900002,183400,25.227281
2014-08-12,36.619999,36.790001,36.450001,36.610001,303900,25.029017
2014-08-11,36.669998,36.91,36.57,36.720001,266300,25.10422
2014-08-08,36.75,36.759998,36.400002,36.599998,376800,25.022179
2014-08-07,36.889999,37.049999,36.509998,36.580002,343800,25.008508
2014-08-06,36.68,36.950001,36.630001,36.849998,396100,25.193095
2014-08-05,36.790001,37.099998,36.50,37.00,445700,25.295646
2014-08-04,36.610001,36.939999,36.43,36.939999,535700,25.254625
2014-08-01,36.939999,36.939999,36.380001,36.66,540400,25.063199
2014-07-31,37.25,37.380001,36.610001,36.939999,679300,25.254625
2014-07-30,37.290001,37.50,36.869999,37.490002,454100,25.630644
2014-07-29,37.299999,37.810001,37.029999,37.049999,567200,25.329829
2014-07-28,37.549999,37.549999,36.98,37.27,277400,25.480236
2014-07-25,37.720001,37.880001,37.43,37.509998,182000,25.644315
2014-07-24,37.82,38.02,37.740002,37.880001,264900,25.897273
2014-07-23,37.509998,38.200001,37.509998,37.740002,299400,25.80156
2014-07-22,37.619999,37.919998,37.450001,37.619999,357800,25.719518
2014-07-21,37.470001,37.709999,37.310001,37.59,293600,25.699009
2014-07-18,37.360001,37.650002,37.25,37.619999,425000,25.719518
2014-07-17,37.450001,37.509998,37.240002,37.349998,991000,25.534928
2014-07-16,37.389999,37.59,37.259998,37.459999,1153300,25.610132
2014-07-15,37.220001,37.52,37.189999,37.279999,793500,25.487072
2014-07-14,37.25,37.50,37.080002,37.299999,683900,25.500745
2014-07-11,36.150002,37.139999,36.150002,36.990002,413500,25.288811
2014-07-10,37.32,37.68,37.200001,37.220001,462600,25.22728
2014-07-09,37.860001,38.119999,37.59,37.759998,398600,25.593283
2014-07-08,38.16,38.349998,37.740002,37.790001,623800,25.613619
2014-07-07,38.41,38.57,38.200001,38.279999,282800,25.945734
2014-07-03,38.349998,38.73,38.310001,38.549999,160500,26.128737
2014-07-02,38.549999,38.720001,38.25,38.380001,349200,26.013514
2014-07-01,38.310001,39.130001,38.310001,38.68,576900,26.21685
2014-06-30,37.970001,38.470001,37.799999,38.34,649700,25.986402
2014-06-27,37.720001,38.16,37.650002,38.00,661900,25.755954
2014-06-26,37.990002,37.990002,37.720001,37.849998,300800,25.654285
2014-06-25,37.790001,38.290001,37.790001,38.099998,602000,25.823732
2014-06-24,38.540001,38.740002,37.84,37.919998,640400,25.701729
2014-06-23,38.470001,38.82,38.41,38.549999,389300,26.128737
2014-06-20,38.66,38.66,38.27,38.470001,1413400,26.074515
2014-06-19,38.740002,38.93,38.369999,38.560001,372800,26.135516
2014-06-18,38.950001,39.02,38.610001,38.799999,326100,26.298184
2014-06-17,38.939999,39.52,38.849998,38.98,595300,26.420186
2014-06-16,39.34,39.650002,38.900002,38.939999,524700,26.393074
2014-06-13,39.150002,39.790001,39.029999,39.41,857100,26.711635
2014-06-12,39.200001,39.299999,38.790001,39.029999,462500,26.454075
2014-06-11,39.639999,39.689999,39.25,39.349998,433800,26.670967
2014-06-10,40.080002,40.080002,39.57,39.700001,408900,26.908194
2014-06-09,40.68,40.700001,39.849998,40.040001,645800,27.138642
2014-06-06,40.66,40.77,40.259998,40.720001,630000,27.599539
2014-06-05,39.639999,40.509998,39.389999,40.380001,757400,27.369091
2014-06-04,37.439999,40.07,37.139999,40.040001,1202400,27.138642
2014-06-03,38.119999,38.380001,37.810001,37.939999,914600,25.715286
2014-06-02,38.16,38.720001,38.049999,38.490002,610200,26.088071
2014-05-30,38.07,38.310001,37.860001,38.150002,3418300,25.857623
2014-05-29,38.150002,38.450001,37.619999,38.27,673800,25.938957
2014-05-28,37.59,38.50,37.59,38.029999,840900,25.776287
2014-05-27,37.720001,38.450001,37.610001,37.740002,649000,25.57973
2014-05-23,37.02,37.959999,37.02,37.740002,445000,25.57973
2014-05-22,36.799999,37.48,36.57,37.130001,580700,25.166279
2014-05-21,36.93,37.16,36.52,36.900002,602700,25.010388
2014-05-20,37.41,37.41,36.68,36.84,908700,24.96972
2014-05-19,36.84,37.57,36.830002,37.50,452400,25.41706
2014-05-16,36.84,37.209999,36.639999,37.07,807300,25.125611
2014-05-15,37.669998,37.849998,36.82,36.950001,1312800,25.044277
2014-05-14,38.169998,38.240002,37.75,37.860001,371000,25.661064
2014-05-13,38.279999,38.490002,38.150002,38.259998,437600,25.932178
2014-05-12,37.91,38.52,37.91,38.32,430100,25.972846
2014-05-09,37.389999,37.970001,37.279999,37.880001,370000,25.67462
2014-05-08,37.32,38.119999,37.25,37.450001,503300,25.383171
2014-05-07,37.00,37.50,36.619999,37.48,630300,25.403504
2014-05-06,36.970001,37.139999,36.52,36.990002,995300,25.071389
2014-05-05,35.82,37.650002,35.700001,37.040001,801900,25.105278
2014-05-02,37.349998,37.509998,36.91,36.98,853500,25.064609
2014-05-01,37.50,37.790001,37.209999,37.290001,937600,25.274725
2014-04-30,37.310001,37.349998,36.810001,37.240002,1281500,25.240836
2014-04-29,37.34,37.689999,37.169998,37.25,581900,25.247613
2014-04-28,36.91,37.25,36.669998,37.110001,523300,25.152723
2014-04-25,36.98,37.07,36.68,36.849998,567700,24.976496
2014-04-24,37.580002,37.740002,37.099998,37.119999,513100,25.159499
2014-04-23,37.48,37.73,37.23,37.57,443500,25.464505
2014-04-22,37.099998,37.669998,37.099998,37.599998,532900,25.484837
2014-04-21,37.07,37.59,37.060001,37.25,629300,25.247613
2014-04-17,37.220001,37.529999,37.060001,37.360001,517800,25.32217
2014-04-16,37.220001,37.509998,37.139999,37.369999,952100,25.328946
2014-04-15,36.860001,37.419998,36.73,37.32,808900,25.295058
2014-04-14,36.459999,37.16,36.459999,36.91,1235500,25.017164
2014-04-11,36.150002,37.34,36.049999,36.830002,1772100,24.962943
2014-04-10,36.970001,37.369999,36.66,37.09,1321200,24.922273
2014-04-09,37.279999,37.380001,36.869999,37.060001,1412700,24.902116
2014-04-08,37.00,37.529999,36.849998,37.209999,904100,25.002906
2014-04-07,36.869999,37.169998,36.77,36.950001,1216400,24.828202
2014-04-04,36.93,37.450001,36.82,36.970001,2358000,24.841641
2014-04-03,36.709999,36.959999,36.450001,36.849998,1239200,24.761007
2014-04-02,36.98,37.200001,36.380001,36.709999,1865200,24.666935
2014-04-01,35.860001,37.080002,35.66,37.049999,2182500,24.895395
2014-03-31,34.630001,35.490002,34.43,35.369999,1695500,23.766535
2014-03-28,34.77,35.50,34.00,34.639999,2475000,23.276019
2014-03-27,41.299999,41.299999,35.02,35.200001,4861700,23.652306
2014-03-26,43.240002,43.360001,42.889999,43.139999,854200,28.987513
2014-03-25,42.669998,43.110001,42.48,42.98,804000,28.880003
2014-03-24,42.09,42.529999,42.029999,42.349998,1013600,28.456679
2014-03-21,42.220001,42.560001,42.09,42.310001,1256000,28.429804
2014-03-20,42.50,42.740002,42.049999,42.099998,708400,28.288694
2014-03-19,43.009998,43.189999,42.48,42.630001,533800,28.644824
2014-03-18,42.48,42.98,42.380001,42.889999,827700,28.819528
2014-03-17,42.369999,42.799999,42.360001,42.490002,594500,28.550753
2014-03-14,42.209999,42.790001,42.169998,42.23,834000,28.376047
2014-03-13,42.779999,43.16,42.34,42.400002,863600,28.490278
2014-03-12,42.880001,43.299999,42.610001,42.799999,771200,28.759053
2014-03-11,44.310001,44.41,43.060001,43.200001,916200,29.02783
2014-03-10,44.130001,44.66,43.93,44.119999,475600,29.646014
2014-03-07,44.459999,44.619999,43.91,44.389999,689600,29.827439
2014-03-06,44.919998,44.970001,44.360001,44.43,403400,29.854317
2014-03-05,45.23,45.23,44.50,44.799999,465400,30.102934
2014-03-04,44.790001,45.34,44.360001,45.27,370900,30.418747
2014-03-03,44.200001,44.790001,43.779999,44.669998,481700,30.015581
2014-02-28,44.66,45.07,44.360001,44.66,556500,30.008863
2014-02-27,45.02,45.34,44.619999,44.650002,553900,30.002145
2014-02-26,44.939999,45.32,44.759998,45.040001,633500,30.264201
2014-02-25,45.00,45.259998,44.759998,44.939999,906900,30.197005
2014-02-24,45.41,45.650002,44.98,45.049999,601500,30.270919
2014-02-21,45.990002,45.990002,45.459999,45.509998,572400,30.580011
2014-02-20,45.459999,45.939999,45.259998,45.73,292000,30.727839
2014-02-19,45.73,46.110001,45.380001,45.529999,769200,30.59345
2014-02-18,45.139999,46.130001,45.139999,46.07,368900,30.956299
2014-02-14,45.360001,45.459999,44.919998,45.360001,215500,30.479222
2014-02-13,44.310001,45.32,44.310001,45.299999,421500,30.438904
2014-02-12,45.029999,45.25,44.529999,44.689999,399900,30.02902
2014-02-11,44.779999,45.25,44.59,45.029999,288300,30.25748
2014-02-10,44.549999,44.900002,44.509998,44.889999,381800,30.163409
2014-02-07,44.799999,45.00,44.48,44.759998,891300,30.076056
2014-02-06,44.330002,44.860001,44.299999,44.75,585900,30.069338
2014-02-05,44.349998,44.830002,43.919998,44.439999,533900,29.861035
2014-02-04,44.099998,44.459999,43.830002,44.369999,1208200,29.814
2014-02-03,45.110001,45.68,43.830002,44.00,923000,29.565382
2014-01-31,44.82,45.740002,44.799999,45.34,566900,30.465783
2014-01-30,45.75,45.75,44.970001,45.27,544700,30.418747
2014-01-29,45.439999,45.709999,44.630001,44.990002,1015400,30.230604
2014-01-28,45.259998,45.869999,45.139999,45.639999,432800,30.667364
2014-01-27,45.380001,45.709999,44.720001,45.18,842700,30.358272
2014-01-24,45.830002,45.900002,44.779999,45.48,1028300,30.559854
2014-01-23,45.610001,46.150002,45.41,45.93,880200,30.862228
2014-01-22,46.27,46.310001,45.849998,46.00,802600,30.909263
2014-01-21,46.50,46.990002,45.970001,46.380001,630700,31.164601
2014-01-17,46.459999,46.790001,45.740002,46.490002,868900,31.238515
2014-01-16,47.25,47.349998,46.450001,46.740002,722700,31.4065
2014-01-15,47.18,47.59,46.779999,47.439999,672300,31.876857
2014-01-14,46.57,47.060001,46.560001,46.82,662100,31.460254
2014-01-13,47.029999,47.580002,46.400002,46.509998,577400,31.251952
2014-01-10,47.380001,48.189999,47.290001,47.77,650700,31.883578
2014-01-09,47.880001,48.27,47.580002,47.799999,870300,31.9036
2014-01-08,47.349998,47.91,46.970001,47.59,1635200,31.763438
2014-01-07,46.240002,47.799999,46.110001,47.509998,1359900,31.710042
2014-01-06,46.900002,46.970001,46.240002,46.400002,853100,30.969186
2014-01-03,46.599998,47.119999,46.330002,46.939999,895900,31.329602
2014-01-02,46.080002,46.619999,45.98,46.25,819900,30.86907
2013-12-31,46.419998,46.830002,46.369999,46.490002,483400,31.029256
2013-12-30,46.259998,46.720001,46.150002,46.419998,495700,30.982533
2013-12-27,46.16,46.66,45.560001,46.509998,480700,31.042603
2013-12-26,45.650002,46.619999,45.509998,46.240002,482000,30.862396
2013-12-24,44.93,46.18,44.900002,45.939999,384400,30.662162
2013-12-23,45.110001,45.810001,45.110001,45.310001,617300,30.241677
2013-12-20,44.57,46.439999,44.419998,45.130001,2321900,30.121538
2013-12-19,44.509998,44.52,44.09,44.279999,597000,29.554213
2013-12-18,43.939999,44.52,43.689999,44.439999,949000,29.661003
2013-12-17,43.23,43.66,42.77,43.650002,835000,29.133728
2013-12-16,43.130001,43.700001,42.470001,42.849998,974200,28.599775
2013-12-13,41.490002,43.779999,41.490002,43.139999,1996100,28.793333
2013-12-12,40.18,41.240002,40.18,40.599998,892300,27.098036
2013-12-11,42.150002,42.220001,40.990002,41.419998,1075400,27.645336
2013-12-10,41.509998,43.799999,41.450001,42.419998,1446800,28.312776
2013-12-09,41.57,41.75,41.34,41.57,800800,27.745453
2013-12-06,41.57,41.869999,41.330002,41.57,733300,27.745453
2013-12-05,40.439999,41.450001,40.439999,41.389999,945600,27.625314
2013-12-04,41.279999,41.630001,40.389999,41.43,1511100,27.652012
2013-12-03,46.34,47.34,40.209999,41.709999,3762100,27.838894
2013-12-02,48.220001,49.09,48.00,48.880001,350300,32.624436
2013-11-29,48.389999,48.77,48.389999,48.630001,176400,32.457576
2013-11-27,48.669998,48.740002,48.130001,48.43,449000,32.324088
2013-11-26,48.330002,49.009998,48.189999,48.799999,531300,32.571039
2013-11-25,48.669998,48.689999,48.330002,48.380001,203800,32.290716
2013-11-22,48.900002,49.18,48.709999,48.77,173800,32.551017
2013-11-21,47.549999,49.049999,47.549999,49.02,179000,32.717877
2013-11-20,48.669998,49.060001,48.27,48.349998,254300,32.270691
2013-11-19,48.43,48.830002,48.279999,48.720001,448600,32.517646
2013-11-18,48.75,49.02,48.34,48.419998,377100,32.317412
2013-11-15,48.290001,49.099998,48.240002,48.900002,524400,32.637785
2013-11-14,48.490002,48.939999,48.400002,48.509998,273000,32.377481
2013-11-13,47.59,48.689999,47.200001,48.689999,348300,32.497621
2013-11-12,47.50,47.98,47.43,47.68,402900,31.823508
2013-11-11,47.23,47.73,47.110001,47.669998,470300,31.816832
2013-11-08,46.720001,47.529999,46.50,47.419998,283300,31.649972
2013-11-07,47.049999,47.290001,46.77,46.779999,369200,31.222812
2013-11-06,47.400002,47.630001,46.830002,46.959999,303400,31.342951
2013-11-05,47.119999,47.290001,46.740002,46.93,390200,31.322929
2013-11-04,47.73,47.73,47.040001,47.119999,499600,31.449741
2013-11-01,47.400002,47.490002,46.75,47.41,391900,31.643299
2013-10-31,47.400002,47.52,46.919998,47.09,631400,31.429719
2013-10-30,47.630001,47.630001,46.950001,47.25,630300,31.536509
2013-10-29,47.240002,47.759998,47.209999,47.369999,410400,31.616601
2013-10-28,47.459999,47.459999,47.119999,47.25,307200,31.536509
2013-10-25,47.759998,47.759998,47.110001,47.330002,241700,31.589905
2013-10-24,47.060001,47.619999,47.00,47.509998,407400,31.710042
2013-10-23,47.009998,47.25,46.830002,47.040001,294400,31.396347
2013-10-22,47.18,47.419998,46.869999,47.029999,425800,31.389671
2013-10-21,46.57,47.32,46.18,47.240002,686100,31.529836
2013-10-18,45.91,46.82,45.82,46.779999,591100,31.222812
2013-10-17,45.900002,46.259998,45.380001,45.82,693100,30.58207
2013-10-16,46.150002,46.360001,45.73,46.349998,587900,30.935812
2013-10-15,46.25,46.52,45.66,45.669998,825500,30.481954
2013-10-14,45.889999,46.369999,45.709999,46.27,559400,30.882419
2013-10-11,46.119999,46.419998,45.900002,46.310001,385600,30.909117
2013-10-10,45.48,46.00,45.360001,45.990002,812200,30.695536
2013-10-09,45.439999,45.830002,45.009998,45.310001,915600,30.028096
2013-10-08,45.240002,45.830002,45.07,45.450001,1008400,30.120878
2013-10-07,45.52,46.040001,45.299999,45.299999,1015800,30.021468
2013-10-04,45.98,46.360001,45.580002,46.09,984300,30.545022
2013-10-03,45.75,46.639999,45.75,45.970001,1056800,30.465495
2013-10-02,47.02,47.189999,45.560001,46.93,1597700,31.101711
2013-10-01,45.049999,47.669998,45.00,47.279999,2222600,31.333664
2013-09-30,43.849998,45.970001,43.75,45.52,1687900,30.167268
2013-09-27,15.859998,16.090003,15.789999,16.030001,2599800,26.230844
2013-09-26,15.77,15.999998,15.740001,15.90,2479800,26.018114
2013-09-25,15.290001,15.800001,15.240001,15.730002,2309200,25.739938
2013-09-24,15.23,15.310001,15.210002,15.220001,1990800,24.905392
2013-09-23,15.070002,15.220001,14.979999,15.210002,2141100,24.889031
2013-09-20,15.259998,15.280003,14.969999,15.119998,13277300,24.741751
2013-09-19,15.39,15.469999,15.109999,15.269999,1970200,24.987207
2013-09-18,15.569998,15.580001,15.280003,15.39,2200800,25.183572
2013-09-17,15.600001,15.660002,15.440001,15.499998,1769500,25.363567
2013-09-16,15.499998,15.62,15.30,15.569998,1896700,25.478113
2013-09-13,14.920002,15.440001,14.909999,15.409999,1910400,25.216298
2013-09-12,14.589999,15.109999,14.369999,14.96,4008800,24.479936
2013-09-11,14.410001,14.770001,14.410001,14.770001,1141200,24.169031
2013-09-10,14.44,14.58,14.36,14.470003,1022300,23.678125
2013-09-09,14.400002,14.500001,14.379998,14.44,913900,23.629029
2013-09-06,14.35,14.410001,14.239998,14.369999,1097400,23.514484
2013-09-05,14.400002,14.400002,14.229999,14.330002,2476100,23.449034
2013-09-04,14.309998,14.570001,13.830001,14.410001,3224700,23.579941
2013-09-03,15.23,15.370001,15.080001,15.150001,966000,24.790847
2013-08-30,15.240001,15.240001,15.01,15.070002,692700,24.659939
2013-08-29,15.049998,15.339999,15.000002,15.269999,745200,24.987207
2013-08-28,15.280003,15.329999,15.01,15.109999,896900,24.725389
2013-08-27,15.419998,15.469999,15.30,15.329999,586700,25.085388
2013-08-26,15.469999,15.660002,15.469999,15.539999,594000,25.429025
2013-08-23,15.419998,15.510001,15.370001,15.48,666500,25.330843
2013-08-22,15.189998,15.399999,15.189998,15.370001,457600,25.150845
2013-08-21,15.259998,15.32,15.119998,15.179999,711700,24.839935
2013-08-20,15.240001,15.360002,15.210002,15.290001,527900,25.019938
2013-08-19,15.310001,15.360002,15.220001,15.220001,913200,24.905392
2013-08-16,15.290001,15.39,15.16,15.349998,992600,25.118114
2013-08-15,15.580001,15.580001,15.32,15.339999,1069800,25.101752
2013-08-14,15.999998,15.999998,15.699999,15.709998,1254600,25.707204
2013-08-13,15.999998,16.06,15.919999,15.950002,748600,26.099936
2013-08-12,15.760001,15.999998,15.719999,15.950002,580900,26.099936
2013-08-09,15.75,15.849999,15.699999,15.82,465300,25.887207
2013-08-08,15.719999,15.82,15.670001,15.760001,613600,25.789026
2013-08-07,15.590002,15.740001,15.48,15.69,641100,25.67448
2013-08-06,15.650002,15.789999,15.530001,15.670001,744700,25.641754
2013-08-05,15.590002,15.740001,15.520002,15.670001,694600,25.641754
2013-08-02,15.530001,15.660002,15.469999,15.650002,650200,25.609028
2013-08-01,15.349998,15.629999,15.290001,15.569998,759700,25.478113
2013-07-31,15.199999,15.360002,15.16,15.290001,1167000,25.019938
2013-07-30,14.990001,15.220001,14.969999,15.220001,1333300,24.905392
2013-07-29,14.899998,14.969999,14.790001,14.950001,689600,24.463575
2013-07-26,14.74,14.909999,14.720001,14.899998,757500,24.381753
2013-07-25,14.780002,14.850002,14.710002,14.829998,853000,24.267207
2013-07-24,14.65,14.96,14.620002,14.840002,1080800,24.283577
2013-07-23,14.679999,14.749999,14.599999,14.630001,1504600,23.93994
2013-07-22,14.480001,14.790001,14.250001,14.599999,1572100,23.890847
2013-07-19,14.209999,14.270001,14.089998,14.140001,662500,23.138123
2013-07-18,14.239998,14.319998,14.190002,14.239998,682300,23.301755
2013-07-17,14.13,14.36,14.110002,14.209999,598600,23.252666
2013-07-16,14.15,14.229999,13.980001,14.120001,835800,23.105397
2013-07-15,14.099999,14.20,14.07,14.180001,710600,23.203578
2013-07-12,14.169999,14.22,14.06,14.099999,687600,23.072666
2013-07-11,14.260002,14.299999,14.089998,14.159999,791800,23.170847
2013-07-10,14.089998,14.209999,14.040002,14.169999,563500,22.990848
2013-07-09,14.180001,14.250001,14.050001,14.110002,1059100,22.893503
2013-07-08,14.00,14.13,13.93,14.120001,996500,22.909726
2013-07-05,13.869999,13.99,13.789999,13.980001,834000,22.682575
2013-07-03,13.810002,13.86,13.670001,13.84,708300,22.455424
2013-07-02,13.869999,14.089998,13.760001,13.93,1618300,22.601449
2013-07-01,13.960001,13.99,13.779999,13.900002,1113700,22.552776
2013-06-28,13.600001,13.99,13.600001,13.93,2952200,22.601449
2013-06-27,13.590002,13.660003,13.520002,13.620001,1204700,22.098474
2013-06-26,13.230002,13.590002,13.19,13.559999,1510200,22.001122
2013-06-25,13.010001,13.129999,12.919998,13.109999,1016700,21.270997
2013-06-24,12.909998,13.039999,12.759999,12.919998,1090500,20.962719
2013-06-21,13.100001,13.139998,12.919998,13.069998,1136300,21.206093
2013-06-20,13.289999,13.300002,12.95,13.03,968300,21.141198
2013-06-19,13.61,13.729998,13.330001,13.370001,814200,21.69285
2013-06-18,13.670001,13.68,13.559999,13.660003,912300,22.163378
2013-06-17,13.729998,13.789999,13.600001,13.670001,955200,22.179601
2013-06-14,13.86,13.890001,13.61,13.639998,943200,22.130921
2013-06-13,13.600001,13.869999,13.509998,13.86,1997800,22.487873
2013-06-12,14.099999,14.099999,13.450002,13.590002,1524400,22.049802
2013-06-11,14.58,14.889999,14.42,14.87,3616500,22.504095
2013-06-10,15.000002,15.049998,14.400002,14.679999,3803800,22.216549
2013-06-07,14.899998,15.109999,14.81,14.94,3204600,22.610032
2013-06-06,14.58,14.850002,14.539998,14.840002,1428700,22.458695
2013-06-05,14.710002,14.840002,14.58,14.589999,1267300,22.080344
2013-06-04,14.389999,14.850002,14.089998,14.770001,2718700,22.352758
2013-06-03,14.58,15.060001,14.58,14.840002,2776800,22.458695
2013-05-31,15.220001,15.370001,14.500001,14.500001,4064900,21.944142
2013-05-30,15.189998,15.290001,15.129998,15.25,890100,23.079182
2013-05-29,15.119998,15.25,14.950001,15.150001,864500,22.927845
2013-05-28,15.329999,15.55,15.019999,15.210002,1581400,23.01865
2013-05-24,15.09,15.290001,15.070002,15.23,713000,23.048915
2013-05-23,15.16,15.290001,15.109999,15.16,1094300,22.942977
2013-05-22,15.48,15.569998,15.210002,15.259998,844000,23.094314
2013-05-21,15.489999,15.580001,15.440001,15.489999,852500,23.442394
2013-05-20,15.48,15.600001,15.440001,15.499998,742200,23.457526
2013-05-17,15.310001,15.499998,15.25,15.469999,916300,23.412127
2013-05-16,15.150001,15.419998,15.150001,15.32,1098500,23.185119
2013-05-15,15.049998,15.25,14.96,15.199999,621700,23.003511
2013-05-14,14.899998,15.16,14.899998,15.140002,575500,22.912713
2013-05-13,14.899998,15.000002,14.860001,14.889999,947200,22.534361
2013-05-10,15.01,15.09,14.860001,14.96,1022100,22.640299
2013-05-09,15.060001,15.109999,14.950001,15.01,935000,22.71597
2013-05-08,14.96,15.109999,14.88,15.10,1361700,22.852174
2013-05-07,14.920002,15.080001,14.899998,14.94,1636500,22.610032
2013-05-06,14.889999,14.950001,14.780002,14.920002,641300,22.579768
2013-05-03,14.899998,14.930001,14.759998,14.909999,1143800,22.564628
2013-05-02,14.710002,14.81,14.630001,14.770001,1011200,22.352758
2013-05-01,14.94,14.990001,14.679999,14.710002,1237900,22.261955
2013-04-30,14.860001,14.950001,14.759998,14.94,1449900,22.610032
2013-04-29,14.729999,14.930001,14.689998,14.850002,1531100,22.47383
2013-04-26,14.729999,14.840002,14.589999,14.65,1122700,22.171149
2013-04-25,14.560001,14.920002,14.550002,14.749999,1788600,22.322486
2013-04-24,14.239998,14.65,14.190002,14.550002,1747800,22.019813
2013-04-23,14.270001,14.270001,14.089998,14.22,1343000,21.520392
2013-04-22,14.110002,14.209999,13.980001,14.20,1000800,21.490125
2013-04-19,14.099999,14.180001,14.00,14.089998,1150200,21.323649
2013-04-18,14.089998,14.28,14.030002,14.06,1813000,21.278249
2013-04-17,14.07,14.180001,13.93,14.099999,1828500,21.338783
2013-04-16,13.900002,14.15,13.789999,14.140001,1366400,21.399322
2013-04-15,13.709999,13.919999,13.709999,13.789999,1376000,20.869634
2013-04-12,14.00,14.030002,13.719999,13.750001,1763800,20.8091
2013-04-11,13.939999,14.099999,13.910001,14.07,1226000,21.293384
2013-04-10,14.009999,14.159999,13.960001,14.079999,1841600,21.126908
2013-04-09,13.84,13.980001,13.779999,13.939999,1576500,20.916839
2013-04-08,13.709999,13.849999,13.579999,13.849999,3271000,20.781795
2013-04-05,13.450002,13.789999,13.419999,13.779999,2132400,20.67676
2013-04-04,13.54,13.61,13.41,13.55,2477900,20.33165
2013-04-03,13.639998,13.740002,13.460001,13.559999,2920600,20.346653
2013-04-02,13.830001,13.84,13.620001,13.68,1979300,20.526714
2013-04-01,13.55,13.760001,13.460001,13.750001,1958300,20.631748
2013-03-28,13.289999,13.55,13.209998,13.55,2760800,20.33165
2013-03-27,13.460001,13.649999,13.209998,13.32,4585800,19.986537
2013-03-26,13.020001,13.080001,12.619999,12.82,2640600,19.23629
2013-03-25,12.940001,12.979999,12.829999,12.89,1609500,19.341325
2013-03-22,12.800001,12.800001,12.59,12.730001,952000,19.101248
2013-03-21,12.780001,12.829999,12.689999,12.699998,881900,19.05623
2013-03-20,12.640002,12.89,12.640002,12.839998,1516200,19.266298
2013-03-19,12.699998,12.699998,12.53,12.59,1172100,18.891178
2013-03-18,12.44,12.66,12.37,12.640002,1425300,18.966205
2013-03-15,12.249999,12.549998,12.200002,12.53,1768700,18.801148
2013-03-14,12.430001,12.45,12.259998,12.290001,1270600,18.441032
2013-03-13,12.399998,12.45,12.350001,12.420001,958700,18.636097
2013-03-12,12.210001,12.399998,12.210001,12.389999,1032500,18.591079
2013-03-11,12.179998,12.249999,12.099998,12.239999,726200,18.366005
2013-03-08,12.130001,12.23,12.019999,12.200002,1239100,18.305989
2013-03-07,12.040002,12.130001,12.01,12.099998,1093100,18.155935
2013-03-06,11.93,12.07,11.900002,12.050001,1008900,18.080915
2013-03-05,12.08,12.130001,11.869999,11.980001,1134600,17.975881
2013-03-04,11.900002,12.00,11.830002,11.980001,1163300,17.975881
2013-03-01,11.799999,11.980001,11.649999,11.970001,1740900,17.960876
2013-02-28,11.56,11.840001,11.56,11.820002,1563000,17.735803
2013-02-27,11.279999,11.600002,11.27,11.579999,1029900,17.375681
2013-02-26,11.429999,11.470001,11.20,11.320001,913500,16.985557
2013-02-25,11.41,11.72,11.400001,11.400001,1483300,17.105595
2013-02-22,11.400001,11.49,11.369998,11.41,875300,17.120599
2013-02-21,11.690001,11.739998,11.33,11.390002,1915900,17.090592
2013-02-20,11.980001,11.980001,11.659998,11.750002,2173000,17.630769
2013-02-19,12.23,12.329999,12.200002,12.249999,1210000,18.381009
2013-02-15,12.08,12.30,12.07,12.239999,1312700,18.366005
2013-02-14,11.889998,12.07,11.86,12.07,1457100,18.110923
2013-02-13,11.990001,12.040002,11.900002,11.920001,1221600,17.88585
2013-02-12,11.990001,12.019999,11.910001,11.970001,725400,17.960876
2013-02-11,12.019999,12.089999,11.970001,11.990001,862400,17.990885
2013-02-08,12.14,12.15,12.01,12.019999,895500,18.035897
2013-02-07,12.130001,12.16,11.920001,12.14,1101400,18.215958
2013-02-06,12.050001,12.210001,12.029998,12.130001,2246200,18.200954
2013-02-05,12.099998,12.190002,12.050001,12.109998,918800,18.17094
2013-02-04,12.099998,12.16,12.08,12.08,842200,18.125927
2013-02-01,12.179998,12.22,12.08,12.179998,1296400,18.275974
2013-01-31,12.16,12.200002,12.07,12.099998,1823200,18.155935
2013-01-30,12.22,12.319999,12.179998,12.190002,1952200,18.290985
2013-01-29,12.07,12.23,11.920001,12.210001,3027100,18.320992
2013-01-28,12.15,12.190002,12.060001,12.099998,1623500,18.155935
2013-01-25,12.15,12.190002,12.050001,12.130001,1251900,18.200954
2013-01-24,11.939999,12.15,11.93,12.120002,1986600,18.18595
2013-01-23,12.01,12.07,11.959999,11.980001,1605900,17.975881
2013-01-22,11.939999,12.040002,11.900002,12.019999,788400,18.035897
2013-01-18,11.959999,12.029998,11.85,11.970001,991100,17.960876
2013-01-17,11.840001,12.040002,11.840001,11.970001,640700,17.960876
2013-01-16,11.959999,11.990001,11.820002,11.840001,566000,17.765811
2013-01-15,11.990001,12.050001,11.959999,11.990001,805700,17.990885
2013-01-14,12.050001,12.200002,12.040002,12.08,902000,18.125927
2013-01-11,11.910001,11.959999,11.830002,11.959999,812100,17.945867
2013-01-10,12.07,12.179998,12.00,12.029998,982600,17.870839
2013-01-09,11.869999,12.08,11.86,12.07,1286400,17.930263
2013-01-08,11.85,11.879999,11.649999,11.86,1390900,17.618303
2013-01-07,11.910001,11.910001,11.63,11.840001,1381300,17.588594
2013-01-04,11.63,11.840001,11.579999,11.820002,1472000,17.558885
2013-01-03,11.460002,11.600002,11.41,11.569999,702600,17.187501
2013-01-02,11.519999,11.519999,11.35,11.460002,1782000,17.024097
2012-12-31,11.05,11.33,11.05,11.320001,1049100,16.816123
2012-12-28,10.999998,11.139999,10.96,11.090002,912700,16.474453
2012-12-27,11.170001,11.180001,10.940002,11.100001,1024600,16.489307
2012-12-26,11.35,11.359999,11.180001,11.180001,634000,16.608149
2012-12-24,11.41,11.429999,11.33,11.359999,298600,16.87554
2012-12-21,11.600002,11.750002,11.429999,11.460002,1366000,17.024097
2012-12-20,11.620001,11.669998,11.519999,11.669998,755300,17.336051
2012-12-19,11.820002,11.840001,11.600002,11.659998,973200,17.321196
2012-12-18,11.690001,11.809998,11.620001,11.79,1347700,17.514316
2012-12-17,11.669998,11.70,11.56,11.690001,925800,17.365766
2012-12-14,11.429999,11.690001,11.429999,11.669998,1481900,17.336051
2012-12-13,11.460002,11.550001,11.439999,11.480001,1107700,17.053805
2012-12-12,11.480001,11.569999,11.390002,11.449998,697400,17.009236
2012-12-11,11.369998,11.56,11.310002,11.460002,1166100,17.024097
2012-12-10,11.26,11.439999,11.110001,11.34,2069500,16.845831
2012-12-07,11.250001,11.460002,11.209999,11.310002,1682100,16.801268
2012-12-06,11.620001,11.669998,11.170001,11.26,2508900,16.726989
2012-12-05,11.540001,11.739998,11.480001,11.669998,1247900,17.336051
2012-12-04,11.449998,11.659998,11.390002,11.509999,1289800,17.098368
2012-12-03,11.600002,11.600002,11.289998,11.449998,1465500,17.009236
2012-11-30,11.649999,11.669998,11.480001,11.530001,1165300,17.128083
2012-11-29,11.620001,11.739998,11.519999,11.669998,502100,17.336051
2012-11-28,11.449998,11.649999,11.390002,11.600002,900500,17.23207
2012-11-27,11.49,11.649999,11.460002,11.519999,732900,17.113223
2012-11-26,11.540001,11.64,11.42,11.480001,739400,17.053805
2012-11-23,11.42,11.620001,11.369998,11.620001,398400,17.261779
2012-11-21,11.20,11.35,11.149999,11.34,494700,16.845831
2012-11-20,11.059999,11.19,11.020002,11.139999,953400,16.548725
2012-11-19,11.100001,11.209999,10.96,11.20,1202300,16.637857
2012-11-16,11.090002,11.090002,10.89,11.010002,952000,16.355612
2012-11-15,10.97,11.090002,10.940002,11.069999,1074600,16.444738
2012-11-14,11.100001,11.129999,10.919999,10.950002,825200,16.266479
2012-11-13,11.05,11.12,10.989999,11.059999,530400,16.429883
2012-11-12,10.989999,11.129999,10.919999,11.110001,562500,16.504162
2012-11-09,10.919999,11.110001,10.919999,10.98,610800,16.311043
2012-11-08,11.079998,11.180001,10.919999,10.919999,632400,16.221909
2012-11-07,11.369998,11.369998,11.05,11.079998,809000,16.459593
2012-11-06,11.27,11.499999,11.26,11.470001,837900,17.03895
2012-11-05,11.059999,11.33,11.05,11.250001,1137800,16.712136
2012-11-02,11.230002,11.240001,11.05,11.12,736300,16.519017
2012-11-01,10.97,11.209999,10.96,11.20,1177200,16.637857
2012-10-31,10.790002,10.989999,10.779998,10.989999,974000,16.325896
2012-10-26,10.880001,10.929998,10.769999,10.800001,502600,16.043651
2012-10-25,10.870002,11.010002,10.849998,10.870002,779600,16.147638
2012-10-24,10.89,10.940002,10.689999,10.800001,1068400,16.043651
2012-10-23,10.839999,10.91,10.759999,10.849998,1047800,16.117922
2012-10-22,10.859998,10.96,10.800001,10.940002,946400,16.251625
2012-10-19,11.04,11.05,10.839999,10.89,839700,16.177346
2012-10-18,11.069999,11.160001,11.030001,11.079998,801800,16.459593
2012-10-17,11.160001,11.160001,10.98,11.110001,1142300,16.504162
2012-10-16,10.96,11.100001,10.91,11.05,701700,16.41503
2012-10-15,10.929998,10.989999,10.82,10.940002,1546200,16.251625
2012-10-12,10.999998,11.04,10.83,10.89,1007300,16.177346
2012-10-11,11.030001,11.12,10.89,10.98,1195800,16.311043
2012-10-10,11.19,11.250001,11.030001,11.05,1499200,16.236765
2012-10-09,11.400001,11.429999,11.240001,11.289998,1018900,16.589416
2012-10-08,11.34,11.480001,11.33,11.380002,1277000,16.721667
2012-10-05,11.540001,11.589998,11.34,11.359999,1651500,16.692274
2012-10-04,11.530001,11.610001,11.42,11.49,1831200,16.883297
2012-10-03,11.79,11.840001,11.620001,11.659998,1089600,17.133091
2012-10-02,11.970001,12.00,11.739998,11.809998,1069400,17.353499
2012-10-01,12.089999,12.089999,11.889998,11.970001,1724600,17.588606
2012-09-28,12.07,12.169999,11.949999,12.040002,1820700,17.691464
2012-09-27,12.22,12.249999,12.050001,12.08,1597400,17.750237
2012-09-26,12.200002,12.280001,12.099998,12.200002,842500,17.926566
2012-09-25,12.52,12.549998,12.169999,12.200002,1158800,17.926566
2012-09-24,12.570002,12.570002,12.479998,12.490002,767000,18.352689
2012-09-21,12.749999,12.769999,12.53,12.59,1402300,18.499626
2012-09-20,12.66,12.720001,12.570002,12.710002,733400,18.675956
2012-09-19,12.689999,12.730001,12.549998,12.689999,878900,18.646563
2012-09-18,12.689999,12.769999,12.60,12.699998,755700,18.661257
2012-09-17,12.710002,12.780001,12.560002,12.689999,1471900,18.646563
2012-09-14,12.679999,12.979999,12.619999,12.979999,1760300,19.072688
2012-09-13,12.60,12.81,12.570002,12.679999,1853100,18.63187
2012-09-12,12.360001,12.60,12.360001,12.60,1333600,18.51432
2012-09-11,12.239999,12.44,12.22,12.430001,1258400,18.264525
2012-09-10,12.16,12.379999,12.16,12.290001,980700,18.05881
2012-09-07,12.239999,12.280001,12.179998,12.239999,739400,17.985338
2012-09-06,12.040002,12.239999,11.980001,12.239999,1469200,17.985338
2012-09-05,12.109998,12.120002,11.869999,11.959999,1598700,17.573908
2012-09-04,12.23,12.239999,12.00,12.099998,2249300,17.779622
2012-08-31,12.410002,12.67,12.109998,12.210001,6215300,17.941259
2012-08-30,11.750002,11.910001,11.71,11.809998,1450200,17.353499
2012-08-29,11.760002,11.879999,11.659998,11.799999,523400,17.338806
2012-08-28,11.70,11.840001,11.610001,11.77,795400,17.294727
2012-08-27,11.77,11.900002,11.649999,11.729999,931000,17.235948
2012-08-24,11.680002,11.799999,11.649999,11.760002,650600,17.280034
2012-08-23,11.79,11.809998,11.620001,11.72,856800,17.221256
2012-08-22,11.799999,11.840001,11.610001,11.79,1269700,17.324114
2012-08-21,11.820002,11.959999,11.77,11.830002,1024000,17.382892
2012-08-20,11.939999,12.00,11.63,11.830002,1722200,17.382892
2012-08-17,12.029998,12.050001,11.93,11.970001,1048700,17.588606
2012-08-16,12.07,12.120002,11.93,11.970001,1340800,17.588606
2012-08-15,11.959999,12.060001,11.910001,12.050001,922500,17.706157
2012-08-14,12.040002,12.07,11.900002,11.939999,994300,17.544521
2012-08-13,12.019999,12.060001,11.85,11.980001,846300,17.6033
2012-08-10,11.970001,12.099998,11.910001,12.08,487500,17.750237
2012-08-09,11.93,12.00,11.879999,12.00,595600,17.632686
2012-08-08,11.799999,11.980001,11.77,11.93,685700,17.529829
2012-08-07,11.77,11.86,11.729999,11.86,1521900,17.426971
2012-08-06,11.690001,11.809998,11.649999,11.760002,617900,17.280034
2012-08-03,11.56,11.72,11.499999,11.690001,910900,17.177177
2012-08-02,11.509999,11.649999,11.33,11.439999,1702400,16.809825
2012-08-01,11.579999,11.729999,11.449998,11.64,1712000,17.103705
2012-07-31,11.429999,11.610001,11.33,11.569999,2823800,17.000847
2012-07-30,11.35,11.63,11.279999,11.460002,2145700,16.839218
2012-07-27,10.950002,11.170001,10.919999,11.160001,1720300,16.3984
2012-07-26,10.999998,11.05,10.859998,10.90,1457700,16.016356
2012-07-25,10.919999,11.020002,10.790002,10.849998,1127000,15.942884
2012-07-24,10.90,11.010002,10.839999,10.90,4041500,16.016356
2012-07-23,10.950002,10.989999,10.769999,10.880001,1429200,15.98697
2012-07-20,11.279999,11.320001,11.110001,11.12,1065200,16.339623
2012-07-19,11.470001,11.499999,11.299998,11.33,1444100,16.648195
2012-07-18,11.369998,11.499999,11.320001,11.449998,1448100,16.824519
2012-07-17,11.310002,11.429999,11.149999,11.390002,1024800,16.73636
2012-07-16,11.480001,11.499999,11.219998,11.289998,1471700,16.589416
2012-07-13,11.49,11.669998,11.42,11.480001,1024800,16.868603
2012-07-12,11.519999,11.620001,11.34,11.470001,2074000,16.85391
2012-07-11,11.519999,11.669998,11.460002,11.610001,1596100,16.883296
2012-07-10,11.600002,11.680002,11.460002,11.530001,1436200,16.76696
2012-07-09,11.680002,11.77,11.439999,11.540001,3104700,16.781502
2012-07-06,11.879999,11.93,11.63,11.63,3104200,16.912378
2012-07-05,12.169999,12.169999,11.900002,11.959999,3073600,17.392263
2012-07-03,12.060001,12.16,12.040002,12.16,811500,17.683105
2012-07-02,12.120002,12.169999,11.959999,12.099998,1216500,17.595851
2012-06-29,12.040002,12.120002,11.93,12.120002,966500,17.62494
2012-06-28,11.85,11.900002,11.70,11.869999,790600,17.261386
2012-06-27,11.669998,11.949999,11.669998,11.900002,853100,17.305016
2012-06-26,11.70,11.78,11.63,11.70,938500,17.014173
2012-06-25,11.77,11.78,11.610001,11.72,952200,17.043256
2012-06-22,11.78,11.910001,11.750002,11.86,1638000,17.246845
2012-06-21,11.900002,11.900002,11.589998,11.750002,1956100,17.086885
2012-06-20,11.77,11.980001,11.70,11.900002,1514900,17.305016
2012-06-19,11.93,11.949999,11.72,11.760002,1434500,17.101427
2012-06-18,11.680002,11.949999,11.600002,11.86,2270100,17.246845
2012-06-15,11.869999,12.270002,11.86,12.239999,2064900,17.79944
2012-06-14,11.63,11.72,11.530001,11.649999,1277400,16.941461
2012-06-13,11.600002,11.840001,11.499999,11.620001,1657600,16.897838
2012-06-12,11.540001,11.589998,11.429999,11.569999,1309400,16.825125
2012-06-11,11.550001,11.680002,11.42,11.470001,1532000,16.679707
2012-06-08,11.429999,11.540001,11.33,11.519999,1440700,16.752414
2012-06-07,11.579999,11.809998,11.439999,11.470001,3470000,16.679707
2012-06-06,11.139999,11.49,11.12,11.470001,1581700,16.679707
2012-06-05,10.96,11.12,10.919999,11.059999,1807000,16.083481
2012-06-04,10.89,11.05,10.859998,11.04,1939700,16.054399
2012-06-01,11.310002,11.78,10.779998,10.880001,3945500,15.821728
2012-05-31,11.059999,11.149999,10.91,11.110001,2249100,16.156194
2012-05-30,11.020002,11.129999,10.89,11.079998,2041600,16.112564
2012-05-29,10.870002,11.12,10.859998,11.079998,2489200,16.112564
2012-05-25,10.570002,10.670001,10.52,10.619999,924900,15.443632
2012-05-24,10.549999,10.559998,10.420002,10.53,705800,15.312755
2012-05-23,10.45,10.53,10.31,10.500002,740700,15.269132
2012-05-22,10.570002,10.590001,10.46,10.510001,644800,15.283673
2012-05-21,10.39,10.590001,10.329999,10.54,928700,15.327297
2012-05-18,10.650002,10.660001,10.329999,10.38,1189400,15.094625
2012-05-17,10.849998,10.849998,10.61,10.639998,795700,15.472715
2012-05-16,11.020002,11.12,10.849998,10.859998,831500,15.792639
2012-05-15,11.100001,11.129999,10.97,10.999998,1063000,15.996228
2012-05-14,11.079998,11.209999,11.030001,11.090002,684400,16.127112
2012-05-11,11.160001,11.250001,11.05,11.20,1106400,16.28707
2012-05-10,11.279999,11.289998,11.160001,11.219998,1433100,16.316152
2012-05-09,11.059999,11.26,11.05,11.20,835700,16.28707
2012-05-08,11.209999,11.299998,11.069999,11.19,1261900,16.272529
2012-05-07,11.429999,11.49,11.289998,11.289998,850500,16.417947
2012-05-04,11.620001,11.669998,11.509999,11.519999,1775500,16.752414
2012-05-03,12.169999,12.22,11.659998,11.70,2104500,17.014173
2012-05-02,12.179998,12.270002,12.130001,12.210001,903000,17.755817
2012-05-01,12.14,12.30,12.08,12.259998,796500,17.828524
2012-04-30,12.120002,12.169999,12.029998,12.16,763600,17.683105
2012-04-27,12.099998,12.179998,12.00,12.109998,678800,17.610393
2012-04-26,11.970001,12.08,11.920001,12.019999,981000,17.479516
2012-04-25,12.15,12.16,11.93,11.980001,888000,17.421351
2012-04-24,12.22,12.259998,11.939999,12.029998,958700,17.494057
2012-04-23,12.120002,12.270002,12.050001,12.23,1124000,17.7849
2012-04-20,12.08,12.259998,12.00,12.210001,1245500,17.755817
2012-04-19,12.07,12.130001,11.949999,12.050001,942300,17.523146
2012-04-18,12.179998,12.190002,12.07,12.099998,977700,17.595851
2012-04-17,12.239999,12.37,12.23,12.329999,646300,17.930318
2012-04-16,12.280001,12.340001,12.16,12.169999,1101300,17.697646
2012-04-13,12.44,12.490002,12.23,12.239999,841700,17.79944
2012-04-12,12.319999,12.51,12.309999,12.490002,875700,18.162995
