Date,Open,High,Low,Close,Volume,Adj Close
2016-11-25,38.93,39.279999,38.689999,38.889999,324300,38.889999
2016-11-23,38.490002,38.939999,38.470001,38.900002,906300,38.900002
2016-11-22,38.700001,39.130001,38.560001,38.849998,941400,38.849998
2016-11-21,38.419998,38.880001,38.360001,38.459999,667100,38.459999
2016-11-18,38.07,38.32,38.060001,38.139999,652800,38.139999
2016-11-17,38.00,38.48,37.759998,37.900002,593300,37.900002
2016-11-16,37.880001,38.080002,37.380001,37.93,557200,37.93
2016-11-15,37.990002,38.450001,37.68,37.990002,755600,37.990002
2016-11-14,36.34,37.849998,36.310001,37.650002,1410900,37.650002
2016-11-11,36.700001,37.400002,36.220001,36.369999,1568900,36.369999
2016-11-10,38.049999,38.049999,36.720001,36.799999,1524700,36.799999
2016-11-09,38.990002,39.130001,38.060001,38.119999,1885300,38.119999
2016-11-08,39.560001,40.16,39.560001,39.93,1075300,39.93
2016-11-07,39.419998,39.650002,39.169998,39.509998,952400,39.509998
2016-11-04,38.830002,38.98,38.57,38.720001,702500,38.720001
2016-11-03,38.810001,39.18,38.619999,38.73,849100,38.73
2016-11-02,39.68,39.869999,38.689999,38.75,1215000,38.75
2016-11-01,40.23,40.310001,39.18,39.689999,1089700,39.689999
2016-10-31,39.380001,40.509998,39.16,40.43,1271900,40.43
2016-10-28,39.009998,39.380001,38.799999,39.110001,602100,39.110001
2016-10-27,39.299999,39.299999,38.310001,38.950001,1044200,38.950001
2016-10-26,40.060001,40.34,39.130001,39.310001,715400,39.310001
2016-10-25,40.25,40.630001,39.77,40.099998,641400,40.099998
2016-10-24,40.700001,40.919998,40.32,40.509998,983900,40.509998
2016-10-21,40.009998,40.41,39.98,40.080002,600400,40.080002
2016-10-20,40.349998,40.77,39.98,40.299999,568400,40.299999
2016-10-19,40.130001,40.439999,39.759998,40.380001,726500,40.380001
2016-10-18,40.23,40.50,40.00,40.209999,856200,40.209999
2016-10-17,39.830002,40.310001,39.810001,39.830002,739100,39.830002
2016-10-14,39.950001,40.279999,39.700001,39.91,727600,39.91
2016-10-13,38.869999,40.240002,38.869999,40.029999,1317600,40.029999
2016-10-12,38.560001,39.259998,38.459999,39.23,602200,39.23
2016-10-11,38.630001,38.860001,38.299999,38.439999,862300,38.439999
2016-10-10,38.549999,38.93,38.490002,38.740002,626900,38.740002
2016-10-07,38.75,39.27,38.279999,38.450001,696700,38.450001
2016-10-06,38.52,39.130001,38.02,38.59,1052900,38.59
2016-10-05,39.240002,39.389999,38.549999,38.57,1007500,38.57
2016-10-04,40.18,40.18,38.720001,39.099998,937900,39.099998
2016-10-03,40.299999,40.369999,39.52,39.68,762500,39.68
2016-09-30,40.779999,40.950001,40.290001,40.349998,1372100,40.349998
2016-09-29,40.349998,40.869999,40.330002,40.57,534500,40.57
2016-09-28,41.279999,41.52,40.91,41.360001,583500,40.885002
2016-09-27,41.869999,41.869999,40.990002,41.09,568500,40.618102
2016-09-26,41.369999,41.880001,41.27,41.720001,781200,41.240868
2016-09-23,41.080002,41.549999,40.73,41.380001,656900,40.904772
2016-09-22,40.970001,41.32,40.880001,41.220001,772000,40.74661
2016-09-21,39.860001,40.48,39.43,40.419998,778900,39.955795
2016-09-20,40.009998,40.25,39.599998,39.639999,880300,39.184754
2016-09-19,39.23,39.900002,39.040001,39.73,796100,39.27372
2016-09-16,39.02,39.34,38.900002,38.950001,1341300,38.502679
2016-09-15,39.09,39.369999,38.91,39.369999,549900,38.917854
2016-09-14,39.139999,39.25,38.77,39.150002,446900,38.700383
2016-09-13,40.110001,40.259998,39.009998,39.029999,605800,38.581759
2016-09-12,39.630001,40.57,39.50,40.470001,650900,40.005223
2016-09-09,41.060001,41.060001,39.869999,39.869999,856700,39.412112
2016-09-08,41.98,41.98,41.540001,41.650002,604900,41.171672
2016-09-07,41.919998,42.259998,41.619999,42.25,787100,41.76478
2016-09-06,41.959999,41.959999,41.389999,41.849998,681000,41.369372
2016-09-02,41.16,42.009998,41.16,41.82,1007700,41.339718
2016-09-01,41.27,41.310001,40.560001,40.880001,766500,40.410515
2016-08-31,40.77,41.380001,40.68,41.23,1902900,40.756493
2016-08-30,41.130001,41.130001,40.580002,40.869999,534600,40.400627
2016-08-29,40.279999,41.09,40.279999,40.990002,693600,40.519252
2016-08-26,40.68,41.150002,39.790001,40.09,871700,39.629586
2016-08-25,40.389999,40.740002,40.290001,40.52,612900,40.054648
2016-08-24,40.68,40.689999,40.220001,40.50,746300,40.034878
2016-08-23,40.84,40.900002,40.540001,40.630001,723800,40.163386
2016-08-22,40.169998,40.650002,40.080002,40.650002,735400,40.183156
2016-08-19,40.34,40.34,39.779999,40.16,728400,39.698782
2016-08-18,40.16,40.48,39.990002,40.34,605600,39.876715
2016-08-17,39.889999,40.220001,39.59,40.189999,805400,39.728436
2016-08-16,39.970001,40.060001,39.400002,39.720001,556800,39.263837
2016-08-15,40.310001,40.50,40.07,40.200001,638000,39.738324
2016-08-12,40.099998,40.77,40.099998,40.259998,565600,39.797632
2016-08-11,40.459999,40.459999,39.959999,40.099998,743200,39.63947
2016-08-10,40.080002,40.48,39.939999,40.400002,737200,39.936028
2016-08-09,39.779999,40.009998,39.580002,39.93,665600,39.471424
2016-08-08,40.09,40.27,39.75,39.779999,849000,39.323145
2016-08-05,40.360001,40.360001,39.970001,40.029999,711500,39.570274
2016-08-04,40.470001,40.540001,40.16,40.25,716800,39.787749
2016-08-03,40.889999,40.91,40.25,40.400002,854900,39.936028
2016-08-02,41.34,41.470001,40.639999,40.82,586100,40.351202
2016-08-01,41.369999,41.509998,41.07,41.509998,1257400,41.033277
2016-07-29,40.200001,41.50,40.16,41.380001,1334900,40.904772
2016-07-28,39.209999,40.32,39.07,40.189999,1550500,39.728436
2016-07-27,39.889999,39.939999,39.009998,39.349998,1866400,38.898083
2016-07-26,41.009998,41.220001,39.779999,39.939999,2317900,39.481308
2016-07-25,41.00,41.490002,40.98,41.23,1258500,40.756493
2016-07-22,40.889999,41.310001,40.889999,40.959999,463900,40.489594
2016-07-21,40.669998,40.959999,40.52,40.869999,571500,40.400627
2016-07-20,40.389999,40.790001,40.169998,40.790001,890700,40.321548
2016-07-19,40.189999,40.349998,40.040001,40.25,820000,39.787749
2016-07-18,40.400002,40.450001,40.029999,40.200001,1149300,39.738324
2016-07-15,40.759998,40.779999,39.880001,40.34,967200,39.876715
2016-07-14,40.77,41.099998,40.740002,40.900002,1351400,40.430285
2016-07-13,40.509998,40.93,40.380001,40.93,1023600,40.45994
2016-07-12,40.27,40.43,39.950001,40.380001,426500,39.916257
2016-07-11,40.00,40.369999,39.759998,40.34,551400,39.876715
2016-07-08,39.639999,40.029999,39.580002,39.900002,1002700,39.44177
2016-07-07,39.669998,39.669998,39.02,39.279999,416400,38.828887
2016-07-06,39.459999,39.709999,39.25,39.599998,524100,39.145212
2016-07-05,39.27,39.490002,39.009998,39.48,633100,39.026591
2016-07-01,39.84,39.93,39.25,39.330002,519100,38.878316
2016-06-30,39.029999,39.720001,38.75,39.720001,1234800,39.263837
2016-06-29,38.220001,39.060001,38.150002,38.98,1447600,38.532334
2016-06-28,38.220001,38.369999,37.759998,38.369999,1444500,37.459793
2016-06-27,38.439999,38.439999,37.540001,37.790001,1481700,36.893554
2016-06-24,38.50,39.09,38.139999,38.610001,1038000,37.694101
2016-06-23,39.389999,39.610001,39.16,39.369999,673200,38.436071
2016-06-22,39.299999,39.32,38.939999,39.00,643600,38.074849
2016-06-21,38.939999,39.389999,38.900002,39.169998,613000,38.240815
2016-06-20,39.099998,39.34,38.91,38.959999,807200,38.035797
2016-06-17,38.220001,38.82,38.060001,38.82,1745900,37.899119
2016-06-16,38.439999,38.459999,37.889999,38.419998,1230300,37.508606
2016-06-15,38.279999,38.759998,38.220001,38.52,1053900,37.606236
2016-06-14,38.470001,38.630001,38.049999,38.189999,1548200,37.284063
2016-06-13,38.599998,38.93,38.509998,38.540001,855200,37.625762
2016-06-10,38.290001,38.759998,38.119999,38.599998,827200,37.684336
2016-06-09,38.32,38.73,38.169998,38.599998,778800,37.684336
2016-06-08,37.919998,38.360001,37.810001,38.330002,605000,37.420745
2016-06-07,37.450001,38.119999,37.279999,37.990002,458300,37.08881
2016-06-06,37.73,37.830002,37.119999,37.419998,712700,36.532328
2016-06-03,37.900002,38.09,37.459999,37.669998,849200,36.776397
2016-06-02,37.389999,37.66,37.200001,37.52,759400,36.629958
2016-06-01,37.119999,37.529999,37.080002,37.509998,609700,36.620193
2016-05-31,37.380001,37.599998,37.16,37.32,1003700,36.434702
2016-05-27,37.189999,37.599998,37.139999,37.369999,691100,36.483515
2016-05-26,36.84,37.299999,36.669998,37.16,601600,36.278497
2016-05-25,36.860001,36.98,36.450001,36.740002,401100,35.868462
2016-05-24,36.02,36.799999,36.02,36.73,588700,35.858697
2016-05-23,35.950001,36.080002,35.720001,35.900002,599400,35.048388
2016-05-20,36.00,36.119999,35.639999,35.889999,1058200,35.038623
2016-05-19,36.029999,36.029999,33.889999,35.75,1038000,34.901945
2016-05-18,36.639999,36.790001,35.98,36.349998,658200,35.487711
2016-05-17,37.189999,37.23,36.529999,36.759998,797900,35.887984
2016-05-16,36.869999,37.34,36.869999,37.290001,1084000,36.405414
2016-05-13,37.07,37.07,36.549999,36.900002,443200,36.024667
2016-05-12,36.610001,37.169998,36.240002,37.119999,926800,36.239445
2016-05-11,36.75,36.75,36.240002,36.540001,802000,35.673206
2016-05-10,36.700001,36.919998,36.490002,36.790001,709300,35.917275
2016-05-09,36.189999,36.599998,36.110001,36.580002,972300,35.712258
2016-05-06,35.200001,36.139999,35.139999,36.139999,1274400,35.282693
2016-05-05,34.779999,35.330002,34.540001,35.310001,1417100,34.472384
2016-05-04,34.360001,34.939999,34.009998,34.75,2225500,33.925667
2016-05-03,35.220001,35.23,34.450001,34.59,1210600,33.769463
2016-05-02,35.049999,35.560001,34.970001,35.419998,976700,34.579772
2016-04-29,35.400002,35.549999,34.52,34.900002,1096200,34.07211
2016-04-28,35.32,35.759998,35.279999,35.509998,1092100,34.667637
2016-04-27,35.23,35.630001,35.00,35.59,989000,34.745741
2016-04-26,34.84,35.18,34.560001,35.099998,1177500,34.267363
2016-04-25,34.459999,35.02,34.18,34.84,1238000,34.013532
2016-04-22,34.509998,34.810001,34.330002,34.580002,944600,33.759701
2016-04-21,34.630001,34.93,34.169998,34.349998,1513300,33.535154
2016-04-20,34.709999,34.84,34.470001,34.610001,1465700,33.788989
2016-04-19,34.610001,35.02,34.57,34.759998,1009000,33.935428
2016-04-18,34.299999,34.669998,34.209999,34.619999,995700,33.79875
2016-04-15,34.110001,34.549999,34.099998,34.419998,777800,33.603493
2016-04-14,33.959999,34.459999,33.77,34.220001,1129700,33.408241
2016-04-13,33.990002,33.990002,33.689999,33.950001,1058800,33.144645
2016-04-12,33.549999,33.939999,33.450001,33.779999,794700,32.978676
2016-04-11,33.849998,34.00,33.389999,33.41,520700,32.617454
2016-04-08,33.439999,33.950001,33.349998,33.779999,1010600,32.978676
2016-04-07,33.310001,33.580002,33.080002,33.279999,750200,32.490537
2016-04-06,33.400002,33.52,33.040001,33.419998,879800,32.627215
2016-04-05,32.889999,33.439999,32.889999,33.439999,1551400,32.646741
2016-04-04,33.360001,33.549999,33.049999,33.119999,1178300,32.334332
2016-04-01,33.139999,33.68,33.049999,33.400002,920700,32.607693
2016-03-31,33.259998,33.52,33.139999,33.459999,744700,32.666267
2016-03-30,33.380001,33.52,33.130001,33.349998,809000,32.558876
2016-03-29,32.290001,33.240002,32.139999,33.240002,941500,32.451489
2016-03-28,32.389999,32.599998,32.049999,32.57,1419800,31.333649
2016-03-24,32.18,32.32,31.809999,32.290001,566800,31.064278
2016-03-23,32.50,32.529999,32.119999,32.330002,580700,31.102761
2016-03-22,32.529999,32.73,32.18,32.57,795500,31.333649
2016-03-21,32.720001,32.889999,32.310001,32.57,940500,31.333649
2016-03-18,32.77,33.060001,32.619999,32.869999,1973200,31.62226
2016-03-17,32.080002,32.77,32.02,32.630001,1235000,31.391372
2016-03-16,31.110001,32.150002,31.059999,32.060001,837100,30.84301
2016-03-15,30.969999,31.18,30.83,31.139999,380600,29.957931
2016-03-14,31.299999,31.33,30.98,31.25,469200,30.063756
2016-03-11,31.24,31.389999,31.10,31.32,536800,30.131098
2016-03-10,31.32,31.469999,30.610001,30.90,778500,29.727041
2016-03-09,30.870001,31.25,30.68,31.07,820400,29.890588
2016-03-08,31.00,31.059999,30.76,30.85,909700,29.67894
2016-03-07,30.41,30.99,30.280001,30.959999,913200,29.784763
2016-03-04,30.299999,30.540001,30.10,30.540001,546000,29.380708
2016-03-03,30.290001,30.360001,30.01,30.360001,569300,29.207541
2016-03-02,29.76,30.360001,29.530001,30.219999,903000,29.072854
2016-03-01,28.950001,30.02,28.889999,29.879999,1254700,28.74576
2016-02-29,28.68,29.08,28.629999,28.879999,1711900,27.78372
2016-02-26,28.790001,29.10,28.620001,28.620001,1264400,27.533591
2016-02-25,28.83,28.91,28.48,28.799999,1470300,27.706757
2016-02-24,28.68,28.780001,28.309999,28.67,678900,27.581692
2016-02-23,28.959999,29.15,28.75,28.799999,579200,27.706757
2016-02-22,28.809999,29.309999,28.809999,29.07,643200,27.966508
2016-02-19,28.43,28.85,28.309999,28.620001,1094700,27.533591
2016-02-18,28.450001,28.870001,28.26,28.620001,1444300,27.533591
2016-02-17,28.709999,28.809999,28.10,28.469999,1697500,27.389283
2016-02-16,28.01,28.700001,27.639999,28.65,1005900,27.562451
2016-02-12,27.43,27.91,27.25,27.83,1039900,26.773578
2016-02-11,27.280001,27.559999,26.940001,27.299999,1190400,26.263696
2016-02-10,27.60,28.219999,27.57,27.60,791900,26.552309
2016-02-09,27.82,28.08,27.49,27.57,1203700,26.523448
2016-02-08,28.48,28.48,27.57,28.110001,1064000,27.04295
2016-02-05,28.620001,28.860001,28.41,28.639999,887800,27.55283
2016-02-04,29.129999,29.42,28.66,28.77,893100,27.677897
2016-02-03,29.00,29.35,28.74,29.27,764300,28.158917
2016-02-02,29.16,29.379999,28.700001,28.83,690900,27.735618
2016-02-01,29.18,29.57,29.059999,29.23,778900,28.120434
2016-01-29,29.26,29.379999,29.02,29.32,1204400,28.207018
2016-01-28,29.129999,29.50,28.93,29.02,796100,27.918407
2016-01-27,28.84,29.24,28.67,28.940001,699900,27.841443
2016-01-26,28.459999,29.07,28.290001,28.959999,984600,27.860683
2016-01-25,28.57,28.90,28.200001,28.27,839700,27.196876
2016-01-22,28.280001,28.809999,28.18,28.549999,971300,27.466247
2016-01-21,28.129999,28.440001,27.77,27.90,1152700,26.840921
2016-01-20,28.82,28.85,27.370001,28.00,1016800,26.937125
2016-01-19,29.17,29.290001,28.940001,28.99,1115700,27.889545
2016-01-15,29.34,29.52,28.65,28.870001,1528200,27.774101
2016-01-14,29.84,30.200001,29.58,29.76,1160400,28.630316
2016-01-13,29.860001,30.48,29.67,29.77,1164700,28.639937
2016-01-12,30.360001,30.370001,29.360001,29.77,1360800,28.639937
2016-01-11,30.530001,30.65,30.26,30.370001,1084500,29.217161
2016-01-08,31.110001,31.26,30.379999,30.42,783800,29.265263
2016-01-07,31.690001,31.76,31.02,31.02,1641700,29.842487
2016-01-06,31.799999,32.279999,31.790001,32.25,1495300,31.025796
2016-01-05,31.139999,32.189999,31.139999,32.130001,1357300,30.910352
2016-01-04,31.26,31.26,30.620001,31.139999,1164800,29.957931
2015-12-31,31.450001,31.639999,31.049999,31.049999,876100,29.871347
2015-12-30,31.26,31.639999,31.120001,31.450001,573700,30.256165
2015-12-29,31.90,32.080002,31.709999,31.85,525900,30.184011
2015-12-28,31.52,31.85,31.40,31.85,611300,30.184011
2015-12-24,31.99,31.99,31.559999,31.58,365800,29.928133
2015-12-23,31.59,31.940001,31.549999,31.92,699900,30.250349
2015-12-22,31.16,31.65,31.16,31.48,789600,29.833364
2015-12-21,30.99,31.23,30.790001,31.01,1207500,29.387949
2015-12-18,31.559999,31.66,30.82,30.83,2634600,29.217364
2015-12-17,32.00,32.00,31.58,31.73,1199600,30.070287
2015-12-16,31.469999,32.00,31.32,31.90,1407000,30.231395
2015-12-15,31.65,32.040001,31.309999,31.84,1524300,30.174534
2015-12-14,31.959999,32.060001,31.48,31.59,1473500,29.93761
2015-12-11,32.360001,32.689999,31.92,32.029999,1578600,30.354594
2015-12-10,32.810001,32.91,32.43,32.48,634300,30.781056
2015-12-09,32.919998,33.25,32.639999,32.700001,584800,30.98955
2015-12-08,33.220001,33.290001,32.970001,33.040001,1096400,31.311765
2015-12-07,33.259998,33.27,32.990002,33.16,1701700,31.425488
2015-12-04,32.990002,33.43,32.849998,33.25,1000400,31.51078
2015-12-03,33.330002,33.52,32.799999,32.84,1201000,31.122226
2015-12-02,33.830002,34.150002,33.369999,33.389999,1072300,31.643456
2015-12-01,34.119999,34.23,33.919998,34.220001,1233900,32.430043
2015-11-30,34.189999,34.240002,33.82,33.900002,961700,32.126782
2015-11-27,33.919998,34.169998,33.75,34.16,231800,32.37318
2015-11-25,33.66,33.939999,33.540001,33.84,746200,32.069919
2015-11-24,33.68,33.860001,33.419998,33.689999,937800,31.927763
2015-11-23,33.84,34.09,33.610001,33.77,362000,32.003581
2015-11-20,33.52,33.900002,33.450001,33.830002,397200,32.060443
2015-11-19,33.419998,33.639999,33.189999,33.349998,542300,31.605548
2015-11-18,32.959999,33.349998,32.740002,33.32,347900,31.577118
2015-11-17,32.68,33.099998,32.360001,32.84,357400,31.122226
2015-11-16,32.50,32.860001,32.41,32.810001,267400,31.093797
2015-11-13,32.849998,32.93,32.439999,32.52,320000,30.818965
2015-11-12,33.049999,33.240002,32.66,32.669998,474500,30.961117
2015-11-11,33.139999,33.23,33.00,33.080002,370000,31.349674
2015-11-10,32.779999,33.07,32.75,33.029999,420600,31.302287
2015-11-09,33.130001,33.299999,32.439999,32.740002,584400,31.027458
2015-11-06,34.23,34.689999,33.07,33.27,952900,31.529734
2015-11-05,34.290001,34.709999,34.139999,34.700001,438200,32.884935
2015-11-04,34.52,34.650002,34.18,34.330002,360400,32.53429
2015-11-03,34.759998,34.759998,34.41,34.439999,723100,32.638533
2015-11-02,34.029999,34.880001,33.919998,34.860001,605400,33.036566
2015-10-30,34.380001,34.389999,34.009998,34.02,857900,32.240504
2015-10-29,34.650002,34.75,34.130001,34.330002,1179400,32.53429
2015-10-28,34.709999,34.919998,34.00,34.68,1307300,32.865981
2015-10-27,35.049999,35.48,34.439999,34.93,1695200,33.102904
2015-10-26,34.919998,35.189999,34.720001,35.060001,780800,33.226105
2015-10-23,34.84,35.029999,34.470001,34.860001,699300,33.036566
2015-10-22,34.470001,34.970001,34.220001,34.810001,1102700,32.989182
2015-10-21,34.57,34.650002,34.189999,34.27,464600,32.477427
2015-10-20,34.349998,34.619999,34.139999,34.400002,461200,32.600628
2015-10-19,34.00,34.43,33.93,34.43,616800,32.629058
2015-10-16,34.169998,34.369999,34.060001,34.080002,640500,32.297367
2015-10-15,33.709999,34.09,33.540001,34.09,590900,32.306842
2015-10-14,33.830002,34.00,33.52,33.599998,859400,31.842471
2015-10-13,33.799999,34.23,33.619999,33.75,805300,31.984626
2015-10-12,33.860001,34.330002,33.720001,33.959999,888700,32.183641
2015-10-09,33.419998,33.77,33.330002,33.740002,868300,31.975151
2015-10-08,32.830002,33.639999,32.740002,33.43,968400,31.681365
2015-10-07,32.290001,32.880001,32.18,32.849998,1293300,31.131702
2015-10-06,32.450001,32.66,32.150002,32.209999,824500,30.525179
2015-10-05,31.84,32.549999,31.790001,32.509998,891300,30.809486
2015-10-02,31.459999,31.889999,31.09,31.73,821600,30.070287
2015-10-01,31.59,31.65,31.200001,31.530001,941600,29.880749
2015-09-30,31.469999,31.60,31.209999,31.51,1358600,29.861795
2015-09-29,30.83,31.59,30.559999,31.200001,1358800,29.568011
2015-09-28,31.24,31.24,30.719999,31.139999,1086700,29.060995
2015-09-25,31.190001,31.75,30.889999,31.299999,780200,29.210312
2015-09-24,31.35,31.66,30.780001,31.040001,996800,28.967672
2015-09-23,31.15,31.65,31.01,31.360001,956200,29.266308
2015-09-22,31.49,31.73,31.01,31.07,996500,28.995668
2015-09-21,31.73,32.139999,31.530001,31.690001,1269800,29.574276
2015-09-18,31.200001,31.790001,31.09,31.610001,2077400,29.499617
2015-09-17,31.17,32.00,31.09,31.549999,1064200,29.443622
2015-09-16,30.860001,31.379999,30.83,31.219999,1001000,29.135653
2015-09-15,30.91,31.00,30.629999,30.90,1124800,28.837018
2015-09-14,30.92,31.049999,30.719999,30.83,778800,28.771692
2015-09-11,30.389999,30.83,30.190001,30.82,1045100,28.762359
2015-09-10,30.35,30.92,30.25,30.389999,917100,28.361067
2015-09-09,30.90,30.99,30.33,30.40,798200,28.3704
2015-09-08,30.620001,30.799999,30.49,30.58,939300,28.538382
2015-09-04,30.719999,30.780001,30.07,30.32,703300,28.295741
2015-09-03,30.809999,31.27,30.809999,31.040001,798900,28.967672
2015-09-02,30.219999,30.73,30.08,30.690001,985500,28.641039
2015-09-01,30.200001,30.60,29.68,29.91,1409500,27.913114
2015-08-31,31.530001,31.68,30.709999,30.74,2048600,28.6877
2015-08-28,31.389999,31.700001,31.200001,31.459999,1141000,29.35963
2015-08-27,31.08,31.559999,30.91,31.40,1213500,29.303636
2015-08-26,30.780001,31.07,30.16,30.91,1221300,28.846351
2015-08-25,30.940001,32.110001,30.190001,30.209999,1090400,28.193084
2015-08-24,32.389999,32.52,31.299999,31.33,1232000,29.23831
2015-08-21,33.68,33.700001,32.950001,32.98,959200,30.77815
2015-08-20,34.189999,34.23,33.799999,33.82,778500,31.56207
2015-08-19,34.490002,34.68,34.220001,34.470001,481900,32.168675
2015-08-18,34.279999,34.50,34.200001,34.48,411500,32.178006
2015-08-17,33.880001,34.400002,33.650002,34.400002,615600,32.103349
2015-08-14,33.73,33.950001,33.50,33.91,1101900,31.646061
2015-08-13,33.77,34.00,33.330002,33.75,607000,31.496743
2015-08-12,33.490002,33.82,32.950001,33.799999,1143900,31.543404
2015-08-11,33.50,33.82,33.380001,33.610001,680200,31.366091
2015-08-10,33.880001,33.970001,33.50,33.66,863000,31.412752
2015-08-07,33.130001,33.560001,32.93,33.560001,744900,31.31943
2015-08-06,33.259998,33.259998,32.50,33.200001,1422200,30.983464
2015-08-05,33.860001,33.860001,33.209999,33.310001,687600,31.08612
2015-08-04,33.900002,34.150002,33.59,33.650002,708300,31.403421
2015-08-03,33.990002,34.099998,33.830002,34.00,691200,31.730052
2015-07-31,34.18,34.360001,33.900002,34.029999,925900,31.758048
2015-07-30,34.040001,34.16,33.77,33.860001,405000,31.5994
2015-07-29,33.970001,34.330002,33.560001,34.150002,622400,31.870039
2015-07-28,33.689999,34.400002,33.68,34.040001,1207300,31.767383
2015-07-27,33.619999,33.970001,33.450001,33.700001,888400,31.450082
2015-07-24,33.82,33.919998,33.57,33.630001,537800,31.384756
2015-07-23,34.07,34.150002,33.650002,33.919998,900300,31.655392
2015-07-22,33.610001,34.209999,33.610001,34.060001,732700,31.786048
2015-07-21,33.529999,33.75,33.50,33.650002,486900,31.403421
2015-07-20,33.50,33.669998,33.27,33.57,893200,31.32876
2015-07-17,33.439999,33.77,33.299999,33.560001,782800,31.31943
2015-07-16,33.490002,33.82,33.290001,33.459999,615800,31.226104
2015-07-15,33.09,33.57,32.93,33.41,538400,31.179443
2015-07-14,33.310001,33.48,33.00,33.220001,432200,31.002129
2015-07-13,32.990002,33.509998,32.869999,33.27,819600,31.04879
2015-07-10,32.73,33.169998,32.57,32.77,1117400,30.582172
2015-07-09,33.02,33.02,32.509998,32.68,1179200,30.49818
2015-07-08,32.98,33.130001,32.630001,32.889999,812400,30.694159
2015-07-07,32.91,33.25,32.82,33.130001,748700,30.918137
2015-07-06,32.52,32.880001,32.509998,32.75,566900,30.563506
2015-07-02,32.869999,33.25,32.450001,32.540001,730600,30.367528
2015-07-01,32.259998,32.689999,32.029999,32.689999,681700,30.507511
2015-06-30,32.689999,32.73,32.209999,32.220001,939200,30.068892
2015-06-29,33.00,33.369999,32.509998,32.52,1046700,30.348862
2015-06-26,33.310001,33.599998,33.130001,33.41,1011600,30.736155
2015-06-25,33.860001,33.860001,33.27,33.27,1061000,30.60736
2015-06-24,34.43,34.639999,33.849998,33.880001,947100,31.168541
2015-06-23,34.43,35.009998,34.400002,34.43,1435900,31.674523
2015-06-22,34.419998,34.880001,34.290001,34.599998,1403900,31.830916
2015-06-19,34.380001,34.669998,34.099998,34.34,1338700,31.591726
2015-06-18,33.619999,34.669998,33.619999,34.490002,924200,31.729723
2015-06-17,33.470001,33.810001,33.25,33.580002,1376700,30.892551
2015-06-16,33.400002,33.459999,33.130001,33.380001,1528200,30.708557
2015-06-15,33.48,33.549999,33.25,33.360001,864200,30.690157
2015-06-12,33.830002,33.830002,33.470001,33.549999,813300,30.86495
2015-06-11,33.799999,33.900002,33.639999,33.900002,1001500,31.186941
2015-06-10,33.599998,33.91,33.330002,33.560001,975100,30.874152
2015-06-09,34.060001,34.169998,33.509998,33.549999,890500,30.86495
2015-06-08,34.23,34.400002,34.02,34.110001,827200,31.380134
2015-06-05,34.169998,34.509998,33.959999,34.209999,580900,31.472129
2015-06-04,34.450001,34.700001,34.299999,34.57,698000,31.803319
2015-06-03,35.02,35.099998,34.52,34.549999,538400,31.784919
2015-06-02,35.32,35.360001,34.939999,35.049999,546500,32.244903
2015-06-01,34.990002,35.610001,34.77,35.50,801800,32.65889
2015-05-29,35.400002,35.540001,34.830002,34.939999,1367100,32.143706
2015-05-28,35.709999,35.82,35.189999,35.48,703200,32.64049
2015-05-27,35.360001,35.959999,35.27,35.799999,737500,32.93488
2015-05-26,35.830002,35.849998,35.209999,35.360001,1134300,32.530095
2015-05-22,35.73,36.09,35.540001,35.939999,466400,33.063675
2015-05-21,36.75,36.75,35.68,35.860001,759700,32.990079
2015-05-20,36.48,36.779999,36.290001,36.68,1308700,33.744453
2015-05-19,36.07,36.639999,35.869999,36.400002,926800,33.486863
2015-05-18,36.00,36.259998,35.709999,36.220001,857200,33.321268
2015-05-15,35.73,36.259998,35.650002,36.139999,852300,33.247669
2015-05-14,34.650002,35.68,34.650002,35.610001,1526000,32.760087
2015-05-13,34.919998,35.209999,34.450001,34.560001,845100,31.79412
2015-05-12,34.27,34.759998,33.98,34.669998,666900,31.895314
2015-05-11,34.709999,34.919998,34.130001,34.470001,1134200,31.711323
2015-05-08,34.900002,35.470001,34.57,34.880001,808400,32.08851
2015-05-07,34.009998,34.43,33.869999,34.330002,687700,31.582528
2015-05-06,33.990002,34.209999,33.689999,33.990002,625600,31.269738
2015-05-05,34.68,34.75,33.790001,34.009998,1258900,31.288135
2015-05-04,34.919998,35.220001,34.619999,34.790001,750200,32.005713
2015-05-01,34.900002,35.400002,34.740002,34.75,957200,31.968913
2015-04-30,34.900002,35.18,34.639999,34.84,1043400,32.05171
2015-04-29,35.23,35.349998,34.98,35.00,1548100,32.198905
2015-04-28,35.25,35.490002,35.029999,35.450001,1070700,32.612892
2015-04-27,35.470001,35.66,35.119999,35.360001,579700,32.530095
2015-04-24,35.59,35.82,35.299999,35.299999,941000,32.474895
2015-04-23,35.580002,35.830002,35.529999,35.560001,511600,32.714089
2015-04-22,35.970001,36.130001,35.41,35.599998,975500,32.750885
2015-04-21,35.509998,36.610001,35.509998,35.990002,1588300,33.109676
2015-04-20,35.169998,35.459999,34.990002,35.380001,854700,32.548494
2015-04-17,35.169998,35.400002,34.82,35.049999,699100,32.244903
2015-04-16,35.209999,35.490002,34.93,35.330002,950100,32.502497
2015-04-15,35.470001,35.720001,35.279999,35.34,718800,32.511695
2015-04-14,35.470001,35.66,35.209999,35.490002,759400,32.649692
2015-04-13,35.310001,35.52,35.259998,35.299999,669800,32.474895
2015-04-10,35.77,36.110001,35.380001,35.41,729800,32.576092
2015-04-09,36.099998,36.209999,35.419998,35.549999,1144200,32.704887
2015-04-08,35.880001,36.25,35.75,36.189999,754300,33.293667
2015-04-07,36.720001,36.720001,35.73,35.93,800300,33.054477
2015-04-06,36.439999,36.799999,36.25,36.75,851800,33.808851
2015-04-02,35.799999,36.389999,35.740002,36.27,688800,33.367266
2015-04-01,35.700001,35.93,35.349998,35.779999,614600,32.91648
2015-03-31,35.790001,36.099998,35.50,35.700001,771700,32.842884
2015-03-30,35.560001,36.16,35.52,35.919998,827500,33.045275
2015-03-27,35.93,36.029999,35.720001,35.970001,794500,32.65429
2015-03-26,35.75,35.950001,35.52,35.779999,479300,32.481802
2015-03-25,36.439999,36.580002,35.799999,35.950001,819600,32.636133
2015-03-24,36.91,36.91,36.27,36.330002,802700,32.981106
2015-03-23,37.150002,37.360001,36.900002,36.900002,803800,33.498563
2015-03-20,36.139999,37.18,36.139999,37.130001,1561200,33.707361
2015-03-19,36.169998,36.639999,36.060001,36.25,824200,32.908479
2015-03-18,35.509998,36.389999,35.279999,36.34,1360900,32.990183
2015-03-17,35.18,35.57,34.830002,35.50,833100,32.227614
2015-03-16,34.689999,35.209999,34.59,35.18,669500,31.937112
2015-03-13,34.939999,35.119999,34.52,34.57,943300,31.383341
2015-03-12,34.599998,35.02,34.599998,34.91,1560300,31.692
2015-03-11,34.779999,34.779999,34.369999,34.540001,953000,31.356107
2015-03-10,34.560001,34.810001,34.470001,34.650002,1522000,31.455968
2015-03-09,35.169998,35.330002,34.700001,34.779999,970200,31.573982
2015-03-06,35.720001,35.720001,34.73,35.029999,847600,31.800937
2015-03-05,36.48,36.830002,36.16,36.189999,1275700,32.854008
2015-03-04,37.080002,37.080002,36.330002,36.459999,1050700,33.09912
2015-03-03,37.27,37.369999,36.959999,37.09,974200,33.671048
2015-03-02,37.200001,37.82,37.009998,37.330002,807100,33.888926
2015-02-27,37.060001,37.380001,36.939999,37.220001,896800,33.789065
2015-02-26,37.75,37.75,36.990002,37.07,801000,33.652891
2015-02-25,37.700001,38.00,37.57,37.790001,822700,34.306523
2015-02-24,38.470001,38.490002,37.549999,37.650002,886500,34.179428
2015-02-23,38.639999,38.75,38.389999,38.709999,763200,35.141715
2015-02-20,38.32,38.68,38.25,38.650002,806400,35.087248
2015-02-19,38.869999,38.900002,38.290001,38.389999,401500,34.851213
2015-02-18,38.889999,39.040001,38.48,39.00,788300,35.404984
2015-02-17,39.189999,39.43,38.540001,38.66,668400,35.096325
2015-02-13,39.200001,39.220001,38.75,39.139999,421700,35.532078
2015-02-12,38.709999,39.27,38.549999,39.189999,475700,35.577469
2015-02-11,38.540001,38.720001,38.25,38.549999,445300,34.996464
2015-02-10,38.830002,38.91,38.25,38.549999,959200,34.996464
2015-02-09,38.950001,39.299999,38.689999,38.689999,655200,35.123559
2015-02-06,39.650002,39.869999,38.82,38.950001,772100,35.359594
2015-02-05,39.599998,39.959999,39.549999,39.790001,732300,36.122163
2015-02-04,39.48,39.73,39.279999,39.59,863500,35.940598
2015-02-03,40.16,40.549999,39.369999,39.66,1003500,36.004145
2015-02-02,40.220001,40.459999,39.299999,40.099998,1177000,36.403585
2015-01-30,41.32,41.34,40.290001,40.299999,901100,36.58515
2015-01-29,40.650002,41.439999,40.650002,41.419998,1520600,37.601907
2015-01-28,41.25,41.27,40.77,40.799999,711100,37.03906
2015-01-27,40.830002,41.150002,40.599998,41.110001,395500,37.320485
2015-01-26,40.369999,40.950001,40.330002,40.950001,898800,37.175234
2015-01-23,40.700001,40.889999,40.299999,40.349998,640900,36.63054
2015-01-22,40.189999,40.66,40.060001,40.57,1174400,36.830261
2015-01-21,40.119999,40.169998,39.799999,39.990002,576900,36.303728
2015-01-20,40.639999,40.740002,39.919998,40.07,623100,36.376351
2015-01-16,40.349998,40.689999,40.07,40.650002,604800,36.902889
2015-01-15,40.52,40.580002,40.130001,40.369999,1013400,36.648697
2015-01-14,39.68,40.34,39.490002,40.27,1468600,36.557916
2015-01-13,39.970001,40.27,39.48,39.830002,1256200,36.158476
2015-01-12,39.759998,39.970001,39.360001,39.91,918800,36.2311
2015-01-09,39.369999,39.610001,39.02,39.57,955800,35.922441
2015-01-08,39.16,39.360001,38.860001,39.27,868000,35.650096
2015-01-07,38.580002,39.029999,38.220001,39.02,1191400,35.423141
2015-01-06,38.16,38.48,38.060001,38.360001,2524700,34.82398
2015-01-05,37.700001,38.130001,37.639999,38.060001,873600,34.551634
2015-01-02,37.939999,38.029999,37.610001,37.900002,719100,34.406383
2014-12-31,38.049999,38.240002,37.630001,37.630001,912000,34.161272
2014-12-30,37.830002,38.150002,37.779999,38.009998,674100,34.506241
2014-12-29,37.970001,38.439999,37.970001,38.259998,583600,34.301981
2014-12-26,38.029999,38.369999,37.889999,37.950001,365100,34.024053
2014-12-24,38.07,38.310001,37.84,37.990002,211600,34.059916
2014-12-23,38.27,38.450001,37.84,38.16,598100,34.212327
2014-12-22,37.549999,38.25,37.41,38.220001,762400,34.266122
2014-12-19,37.779999,37.98,37.470001,37.59,1691800,33.701294
2014-12-18,37.549999,37.810001,37.200001,37.810001,1069800,33.898536
2014-12-17,36.439999,37.400002,36.240002,37.400002,1099000,33.530951
2014-12-16,35.73,36.52,35.349998,36.349998,1504400,32.589572
2014-12-15,35.93,36.009998,35.43,35.740002,1373200,32.042679
2014-12-12,36.07,36.150002,35.830002,35.84,1390200,32.132333
2014-12-11,35.779999,36.139999,35.619999,36.009998,630700,32.284745
2014-12-10,35.830002,35.950001,35.59,35.68,514500,31.988885
2014-12-09,35.580002,35.959999,35.509998,35.93,418900,32.213022
2014-12-08,35.860001,36.18,35.669998,35.860001,564000,32.150264
2014-12-05,35.549999,36.060001,35.25,35.970001,756100,32.248885
2014-12-04,35.540001,35.73,35.310001,35.669998,649300,31.979918
2014-12-03,35.700001,35.720001,35.330002,35.50,578500,31.827506
2014-12-02,35.139999,35.610001,35.00,35.529999,452600,31.854401
2014-12-01,35.360001,35.580002,35.209999,35.209999,495200,31.567506
2014-11-28,35.360001,35.869999,35.34,35.380001,518400,31.719921
2014-11-26,35.009998,35.41,35.009998,35.330002,401900,31.675094
2014-11-25,35.189999,35.240002,34.919998,35.02,812900,31.397163
2014-11-24,35.169998,35.32,34.939999,35.09,564100,31.459921
2014-11-21,35.27,35.419998,35.00,35.040001,628200,31.415094
2014-11-20,34.93,35.130001,34.790001,35.119999,380100,31.486816
2014-11-19,35.25,35.369999,35.009998,35.099998,596900,31.468885
2014-11-18,34.73,35.439999,34.66,35.360001,855100,31.70199
2014-11-17,34.639999,34.91,34.560001,34.790001,701500,31.190957
2014-11-14,34.950001,35.09,34.650002,34.75,513000,31.155094
2014-11-13,34.959999,35.259998,34.880001,35.029999,605200,31.406127
2014-11-12,35.459999,35.509998,34.73,34.970001,817400,31.352336
2014-11-11,35.529999,35.639999,35.279999,35.50,489700,31.827506
2014-11-10,35.279999,35.610001,35.200001,35.599998,502600,31.91716
2014-11-07,35.330002,35.57,35.080002,35.299999,710400,31.648195
2014-11-06,35.599998,35.740002,35.220001,35.299999,651900,31.648195
2014-11-05,35.700001,35.779999,35.349998,35.619999,465600,31.935091
2014-11-04,35.330002,35.650002,35.060001,35.639999,782700,31.953022
2014-11-03,34.82,35.470001,34.82,35.450001,816100,31.782679
2014-10-31,34.669998,34.889999,34.419998,34.77,1019200,31.173025
2014-10-30,34.689999,34.709999,34.279999,34.50,1109700,30.930956
2014-10-29,34.689999,34.860001,34.330002,34.700001,1004400,31.110267
2014-10-28,34.740002,34.790001,34.43,34.790001,528100,31.190957
2014-10-27,34.209999,34.529999,34.09,34.529999,648800,30.957852
2014-10-24,34.099998,34.279999,33.830002,34.220001,564600,30.679924
2014-10-23,34.09,34.299999,33.939999,34.040001,1337500,30.518545
2014-10-22,34.16,34.389999,33.84,33.880001,1641400,30.375097
2014-10-21,34.580002,34.669998,33.959999,34.049999,1730500,30.527509
2014-10-20,33.330002,34.279999,33.259998,34.25,885000,30.706819
2014-10-17,33.650002,33.650002,33.009998,33.330002,1167100,29.881995
2014-10-16,32.41,33.380001,32.279999,33.259998,1345400,29.819234
2014-10-15,32.860001,33.18,32.599998,32.77,1271700,29.379926
2014-10-14,32.849998,33.439999,32.810001,33.259998,1224500,29.819234
2014-10-13,32.84,33.139999,32.720001,32.82,1434300,29.424753
2014-10-10,33.139999,33.330002,32.830002,32.84,982100,29.442685
2014-10-09,33.220001,33.720001,33.099998,33.139999,1101600,29.711649
2014-10-08,32.720001,33.380001,32.66,33.369999,1783900,29.917855
2014-10-07,33.290001,33.349998,32.790001,32.790001,1502900,29.397858
2014-10-06,33.279999,33.68,33.279999,33.369999,632800,29.917855
2014-10-03,33.290001,33.43,33.00,33.240002,891200,29.801306
2014-10-02,33.209999,33.439999,32.900002,33.16,811000,29.72958
2014-10-01,33.18,33.630001,33.110001,33.27,1241200,29.828201
2014-09-30,33.830002,33.830002,33.240002,33.259998,1114800,29.819234
2014-09-29,33.799999,33.84,33.360001,33.810001,791300,30.312339
2014-09-26,33.689999,34.48,33.360001,34.34,3948600,30.361649
2014-09-25,33.919998,34.07,33.630001,33.66,923400,29.760428
2014-09-24,34.080002,34.360001,33.91,33.959999,1075800,30.025671
2014-09-23,34.389999,34.57,34.049999,34.060001,1452200,30.114088
2014-09-22,34.84,34.880001,34.48,34.549999,1015800,30.547319
2014-09-19,35.23,35.34,34.82,34.849998,1362100,30.812563
2014-09-18,35.830002,35.880001,35.189999,35.200001,1055400,31.122017
2014-09-17,35.77,36.07,35.759998,35.849998,1170400,31.696711
2014-09-16,35.470001,35.849998,35.360001,35.720001,1499700,31.581774
2014-09-15,35.419998,35.689999,35.310001,35.439999,989000,31.33421
2014-09-12,36.110001,36.240002,35.27,35.439999,1392700,31.33421
2014-09-11,36.220001,36.43,36.080002,36.25,1152600,32.050372
2014-09-10,36.43,36.52,36.049999,36.169998,2375500,31.979638
2014-09-09,36.459999,36.619999,36.310001,36.57,1147400,32.333299
2014-09-08,36.52,36.630001,36.23,36.599998,1208100,32.359822
2014-09-05,35.860001,36.52,35.740002,36.50,2216200,32.271409
2014-09-04,35.810001,35.93,35.619999,35.849998,2224600,31.696711
2014-09-03,35.68,35.919998,35.400002,35.880001,903400,31.723238
2014-09-02,35.349998,35.599998,35.27,35.549999,791100,31.431467
2014-08-29,35.150002,35.459999,35.009998,35.419998,402400,31.316527
2014-08-28,35.060001,35.169998,34.939999,35.080002,579800,31.01592
2014-08-27,35.209999,35.43,34.889999,35.09,557200,31.02476
2014-08-26,35.139999,35.279999,34.939999,35.139999,921500,31.068967
2014-08-25,35.240002,35.34,34.91,35.049999,643700,30.989393
2014-08-22,35.18,35.279999,34.939999,35.07,1313500,31.007076
2014-08-21,35.540001,35.669998,35.380001,35.540001,717900,31.422627
2014-08-20,35.240002,35.560001,35.080002,35.50,1101000,31.38726
2014-08-19,35.18,35.369999,34.98,35.349998,1399100,31.254637
2014-08-18,34.849998,35.110001,34.77,35.080002,1058500,31.01592
2014-08-15,34.860001,35.09,34.720001,34.740002,1179700,30.715309
2014-08-14,34.970001,34.970001,34.689999,34.810001,776900,30.777199
2014-08-13,34.619999,34.970001,34.599998,34.860001,1292000,30.821406
2014-08-12,34.869999,35.049999,34.470001,34.529999,532700,30.529636
2014-08-11,34.93,35.119999,34.810001,34.880001,576100,30.839089
2014-08-08,34.720001,34.93,34.529999,34.810001,607900,30.777199
2014-08-07,34.540001,34.68,34.43,34.57,786600,30.565002
2014-08-06,34.50,34.759998,34.369999,34.41,820100,30.423539
2014-08-05,34.68,34.939999,34.52,34.57,739600,30.565002
2014-08-04,34.98,35.029999,34.27,34.849998,973600,30.812563
2014-08-01,35.18,35.299999,34.869999,34.98,1339700,30.927503
2014-07-31,35.779999,36.07,35.099998,35.169998,1351000,31.09549
2014-07-30,36.459999,36.48,35.880001,36.009998,1134400,31.838174
2014-07-29,36.50,36.560001,36.150002,36.330002,694800,32.121105
2014-07-28,36.580002,36.830002,36.439999,36.509998,1357400,32.280249
2014-07-25,36.32,36.75,36.32,36.560001,830500,32.324459
2014-07-24,36.599998,36.77,36.209999,36.709999,1623500,32.457079
2014-07-23,36.52,36.75,36.509998,36.57,1814200,32.333299
2014-07-22,37.560001,37.990002,36.66,36.830002,2585600,32.563179
2014-07-21,38.34,38.400002,38.110001,38.27,731800,33.836351
2014-07-18,38.18,38.66,38.150002,38.389999,518900,33.942448
2014-07-17,38.09,38.32,37.919998,38.029999,781100,33.624154
2014-07-16,38.290001,38.459999,38.040001,38.25,1000400,33.818668
2014-07-15,37.990002,38.259998,37.799999,38.099998,897100,33.686044
2014-07-14,37.75,38.00,37.549999,37.919998,754900,33.526897
2014-07-11,37.619999,37.810001,37.360001,37.740002,715600,33.367754
2014-07-10,37.080002,37.810001,37.02,37.529999,759600,33.18208
2014-07-09,37.549999,37.560001,37.189999,37.450001,605300,33.11135
2014-07-08,37.529999,37.580002,37.310001,37.540001,954300,33.190924
2014-07-07,37.529999,37.799999,37.27,37.509998,687000,33.164397
2014-07-03,36.860001,37.919998,36.509998,37.580002,497100,33.22629
2014-07-02,38.240002,38.330002,37.889999,37.970001,857100,33.571107
2014-07-01,37.970001,38.549999,37.799999,38.380001,1388500,33.933608
2014-06-30,37.869999,38.00,37.580002,37.93,1075900,33.535741
2014-06-27,37.240002,38.040001,37.130001,37.689999,1610600,33.323544
2014-06-26,38.02,38.049999,37.509998,37.849998,739900,33.045037
2014-06-25,38.16,38.279999,37.959999,38.02,929800,33.193458
2014-06-24,37.77,38.32,37.77,38.07,649600,33.23711
2014-06-23,37.799999,38.299999,37.799999,37.990002,671000,33.167267
2014-06-20,37.720001,38.060001,37.619999,37.93,1110400,33.114883
2014-06-19,37.849998,37.959999,37.68,37.790001,857500,32.992656
2014-06-18,37.490002,37.869999,37.389999,37.720001,1127800,32.931543
2014-06-17,37.580002,37.98,37.450001,37.57,1030000,32.800584
2014-06-16,37.779999,38.119999,37.509998,37.580002,909900,32.809316
2014-06-13,38.169998,38.299999,37.740002,37.830002,1318700,33.027579
2014-06-12,38.139999,38.389999,37.880001,37.990002,754800,33.167267
2014-06-11,38.43,38.790001,38.099998,38.25,1743900,33.39426
2014-06-10,39.119999,39.139999,38.509998,38.549999,911700,33.656175
2014-06-09,39.470001,39.82,39.02,39.049999,695900,34.092701
2014-06-06,40.049999,40.169998,39.490002,39.549999,821400,34.529227
2014-06-05,39.32,40.09,39.099998,40.080002,748600,34.991947
2014-06-04,38.779999,39.290001,38.77,39.200001,617400,34.22366
2014-06-03,38.75,38.970001,38.599998,38.91,579500,33.970474
2014-06-02,38.689999,39.080002,38.630001,38.889999,413500,33.953013
2014-05-30,38.599998,38.93,38.549999,38.709999,666100,33.795863
2014-05-29,38.73,38.77,38.50,38.610001,331700,33.708559
2014-05-28,38.48,38.68,38.150002,38.630001,595900,33.72602
2014-05-27,38.189999,38.860001,38.110001,38.639999,581400,33.73475
2014-05-23,37.810001,38.169998,37.799999,38.099998,242400,33.2633
2014-05-22,37.779999,37.950001,37.599998,37.82,477900,33.018847
2014-05-21,38.02,38.330002,37.599998,37.849998,487400,33.045037
2014-05-20,38.049999,38.200001,37.799999,38.00,351400,33.175996
2014-05-19,37.939999,38.139999,37.610001,38.029999,578400,33.202187
2014-05-16,37.950001,38.060001,37.599998,37.98,520900,33.158535
2014-05-15,37.98,38.029999,37.400002,37.830002,432600,33.027579
2014-05-14,37.810001,38.16,37.57,37.880001,286500,33.071231
2014-05-13,37.900002,38.240002,37.689999,37.77,486400,32.975195
2014-05-12,38.07,38.330002,37.919998,37.939999,610300,33.123612
2014-05-09,37.66,37.98,37.59,37.93,451400,33.114883
2014-05-08,37.880001,38.16,37.509998,37.720001,379300,32.931543
2014-05-07,37.459999,37.919998,37.459999,37.900002,574500,33.088693
2014-05-06,37.040001,37.360001,36.860001,37.330002,706500,32.591053
2014-05-05,37.689999,38.040001,37.52,37.93,340100,33.114883
2014-05-02,37.75,38.32,37.669998,37.889999,661500,33.07996
2014-05-01,37.619999,37.900002,37.389999,37.849998,559200,33.045037
2014-04-30,37.52,37.66,37.200001,37.50,679500,32.73947
2014-04-29,37.599998,37.599998,37.139999,37.529999,723400,32.765661
2014-04-28,37.740002,37.919998,37.23,37.490002,640300,32.730741
2014-04-25,37.689999,37.91,37.380001,37.490002,291000,32.730741
2014-04-24,37.720001,37.970001,37.610001,37.82,484800,33.018847
2014-04-23,38.150002,38.330002,37.27,37.619999,1039800,32.844236
2014-04-22,37.400002,38.41,37.200001,38.080002,760500,33.245842
2014-04-21,37.529999,37.799999,37.529999,37.650002,1045900,32.870429
2014-04-17,37.849998,37.919998,37.400002,37.619999,923000,32.844236
2014-04-16,37.639999,38.029999,37.48,37.91,633300,33.097422
2014-04-15,36.990002,37.669998,36.75,37.66,531500,32.879158
2014-04-14,36.959999,37.259998,36.59,36.919998,698600,32.233098
2014-04-11,37.290001,37.529999,36.759998,36.84,591000,32.163256
2014-04-10,37.330002,37.759998,37.259998,37.419998,640000,32.669624
2014-04-09,37.610001,37.689999,37.119999,37.310001,458300,32.573591
2014-04-08,37.369999,37.619999,37.080002,37.599998,406600,32.826774
2014-04-07,37.509998,37.82,37.310001,37.509998,452600,32.748199
2014-04-04,37.50,37.619999,37.099998,37.459999,477000,32.704547
2014-04-03,37.369999,37.59,37.00,37.240002,1156500,32.512478
2014-04-02,37.02,37.209999,36.919998,37.02,703200,32.320405
2014-04-01,36.990002,37.169998,36.509998,37.16,988300,32.442632
2014-03-31,36.580002,37.16,36.349998,36.959999,822800,32.268021
2014-03-28,36.119999,36.759998,35.759998,36.549999,681100,31.91007
2014-03-27,36.689999,36.84,36.34,36.759998,767100,31.678709
2014-03-26,37.299999,37.389999,36.66,36.709999,613000,31.635621
2014-03-25,36.950001,37.279999,36.700001,37.209999,455000,32.066507
2014-03-24,36.810001,37.07,36.450001,36.720001,393200,31.64424
2014-03-21,36.779999,37.150002,36.470001,36.889999,934600,31.79074
2014-03-20,36.689999,36.959999,36.240002,36.560001,577200,31.506357
2014-03-19,38.119999,38.119999,36.52,36.599998,425800,31.540826
2014-03-18,37.330002,37.50,37.200001,37.360001,469200,32.195774
2014-03-17,37.27,37.509998,36.990002,37.259998,591800,32.109594
2014-03-14,36.740002,37.27,36.700001,37.220001,536500,32.075126
2014-03-13,37.139999,37.16,36.529999,36.700001,431200,31.627005
2014-03-12,36.73,36.990002,36.709999,36.970001,640300,31.859683
2014-03-11,36.549999,36.91,36.50,36.77,1031600,31.687328
2014-03-10,37.02,37.200001,36.389999,36.529999,788400,31.480502
2014-03-07,37.73,37.73,36.880001,37.240002,1546900,32.092362
2014-03-06,38.419998,38.419998,37.790001,37.970001,881900,32.721455
2014-03-05,38.209999,38.470001,38.00,38.279999,657600,32.988601
2014-03-04,38.75,38.959999,38.080002,38.330002,893600,33.031693
2014-03-03,37.91,38.209999,36.880001,38.169998,1653900,32.893806
2014-02-28,37.09,38.310001,36.360001,38.259998,939400,32.971366
2014-02-27,36.830002,37.099998,36.709999,37.00,573800,31.885535
2014-02-26,36.970001,37.040001,36.779999,36.919998,683300,31.816592
2014-02-25,36.860001,37.209999,36.790001,36.93,473300,31.825212
2014-02-24,37.080002,37.360001,36.849998,36.849998,772700,31.756268
2014-02-21,36.75,37.200001,36.580002,37.060001,3075800,31.937243
2014-02-20,36.91,37.189999,36.57,36.75,717100,31.670093
2014-02-19,36.549999,37.09,36.549999,36.919998,630100,31.816592
2014-02-18,36.369999,36.68,36.00,36.669998,769000,31.601149
2014-02-14,36.380001,36.68,36.32,36.360001,845600,31.334002
2014-02-13,36.369999,36.700001,36.330002,36.490002,928100,31.446033
2014-02-12,36.459999,36.59,36.360001,36.59,879200,31.532209
2014-02-11,35.689999,36.419998,35.43,36.41,902000,31.37709
2014-02-10,35.610001,35.849998,35.419998,35.700001,1174200,30.765233
2014-02-07,35.689999,35.880001,35.459999,35.709999,426000,30.77385
2014-02-06,35.16,35.669998,35.07,35.490002,826600,30.584262
2014-02-05,35.369999,35.52,34.990002,35.119999,915500,30.265405
2014-02-04,35.040001,35.709999,35.009998,35.48,1993700,30.575643
2014-02-03,36.529999,36.529999,35.25,35.48,1575700,30.575643
2014-01-31,35.900002,36.68,35.889999,36.400002,1290300,31.368474
2014-01-30,35.799999,36.34,35.779999,36.200001,1453300,31.196119
2014-01-29,36.00,36.189999,35.41,35.560001,1146200,30.644586
2014-01-28,35.48,36.139999,35.48,36.130001,1055500,31.135795
2014-01-27,35.630001,35.84,35.330002,35.50,1685700,30.592879
2014-01-24,35.669998,35.700001,35.349998,35.650002,1097400,30.722146
2014-01-23,35.599998,35.869999,35.540001,35.830002,1314300,30.877265
2014-01-22,35.310001,35.830002,35.27,35.73,1364900,30.791086
2014-01-21,35.150002,35.52,35.040001,35.23,738200,30.3602
2014-01-17,35.009998,35.049999,34.759998,34.970001,672500,30.136141
2014-01-16,35.09,35.220001,35.00,35.09,742200,30.239552
2014-01-15,34.900002,35.389999,34.900002,35.09,1014200,30.239552
2014-01-14,34.310001,35.00,34.259998,34.779999,579700,29.972402
2014-01-13,34.599998,34.740002,34.220001,34.32,874400,29.575988
2014-01-10,35.139999,35.209999,34.740002,34.75,1049300,29.94655
2014-01-09,34.509998,34.540001,34.080002,34.389999,846700,29.636312
2014-01-08,34.380001,34.52,34.110001,34.369999,874200,29.619076
2014-01-07,34.439999,34.779999,34.279999,34.470001,1045000,29.705255
2014-01-06,34.299999,34.439999,34.049999,34.279999,827500,29.541517
2014-01-03,34.27,34.52,34.110001,34.18,890900,29.455341
2014-01-02,34.209999,34.279999,33.799999,34.150002,1098900,29.429489
2013-12-31,34.040001,34.150002,33.790001,33.869999,814400,29.188191
2013-12-30,34.02,34.23,33.68,34.099998,657300,29.386397
2013-12-27,34.380001,34.450001,34.080002,34.389999,551300,29.22697
2013-12-26,34.57,34.900002,34.259998,34.349998,630400,29.192975
2013-12-24,34.639999,34.790001,34.439999,34.650002,247000,29.447938
2013-12-23,34.880001,35.02,34.599998,34.709999,988100,29.498928
2013-12-20,34.299999,34.849998,34.200001,34.849998,2188300,29.617909
2013-12-19,34.25,34.349998,33.740002,34.00,1123500,28.895522
2013-12-18,34.360001,34.66,33.490002,34.490002,1489500,29.311959
2013-12-17,33.84,34.240002,33.25,34.240002,1979600,29.099492
2013-12-16,33.169998,33.439999,32.860001,32.990002,1284100,28.037157
2013-12-13,33.130001,33.50,32.799999,33.119999,772100,28.147637
2013-12-12,32.990002,33.169998,32.689999,33.00,1372700,28.045654
2013-12-11,33.700001,33.700001,33.00,33.110001,1125200,28.13914
2013-12-10,33.68,33.959999,33.549999,33.709999,1163100,28.64906
2013-12-09,33.439999,33.779999,33.16,33.689999,871600,28.632062
2013-12-06,33.43,33.610001,33.369999,33.41,1156400,28.3941
2013-12-05,32.950001,33.200001,32.549999,33.169998,1455400,28.19013
2013-12-04,32.52,33.23,32.349998,33.07,1820000,28.105144
2013-12-03,32.869999,33.099998,32.59,32.740002,1619300,27.824689
2013-12-02,32.23,32.68,31.959999,32.57,1041900,27.68021
2013-11-29,32.950001,33.330002,32.34,32.389999,706400,27.527234
2013-11-27,32.040001,32.959999,32.040001,32.830002,811000,27.901178
2013-11-26,32.84,32.84,32.110001,32.119999,1661200,27.297769
2013-11-25,33.470001,33.509998,32.720001,32.740002,1231000,27.824689
2013-11-22,33.59,33.619999,33.189999,33.470001,570500,28.445093
2013-11-21,33.639999,33.759998,33.369999,33.59,1408400,28.547076
2013-11-20,34.040001,34.310001,33.380001,33.639999,730000,28.589569
2013-11-19,34.220001,34.439999,33.939999,34.02,457400,28.91252
2013-11-18,34.830002,34.919998,34.32,34.330002,639500,29.17598
2013-11-15,34.529999,34.810001,34.459999,34.700001,395200,29.490431
2013-11-14,34.43,35.009998,34.43,34.540001,444800,29.354452
2013-11-13,34.139999,34.459999,34.009998,34.400002,654200,29.235471
2013-11-12,34.439999,35.119999,33.900002,34.279999,437900,29.133484
2013-11-11,34.27,34.650002,34.16,34.57,530000,29.379947
2013-11-08,35.00,35.00,33.799999,34.380001,1138300,29.218473
2013-11-07,36.16,36.290001,35.369999,35.400002,791000,30.085339
2013-11-06,36.25,36.560001,36.119999,36.189999,602200,30.756733
2013-11-05,36.790001,36.98,36.169998,36.18,1395600,30.748235
2013-11-04,37.419998,37.419998,36.830002,37.080002,943100,31.513118
2013-11-01,37.209999,37.360001,36.669998,37.27,876400,31.674592
2013-10-31,37.220001,37.43,36.889999,37.189999,1726600,31.606601
2013-10-30,37.23,37.380001,36.869999,37.169998,607800,31.589603
2013-10-29,37.560001,37.57,37.060001,37.290001,583200,31.69159
2013-10-28,38.02,38.060001,37.34,37.580002,545300,31.938052
2013-10-25,37.669998,38.139999,37.450001,38.119999,601300,32.396979
2013-10-24,37.360001,37.610001,37.18,37.52,419600,31.887059
2013-10-23,37.279999,37.50,37.02,37.369999,911600,31.759577
2013-10-22,36.889999,37.779999,36.669998,37.299999,1781100,31.700087
2013-10-21,37.700001,37.700001,37.130001,37.290001,920500,31.69159
2013-10-18,37.860001,37.900002,37.240002,37.599998,549600,31.955047
2013-10-17,36.860001,37.810001,36.82,37.650002,707200,31.997543
2013-10-16,36.490002,37.200001,36.400002,37.09,726200,31.521615
2013-10-15,36.34,36.669998,36.259998,36.349998,835100,30.892711
2013-10-14,36.09,36.490002,36.07,36.400002,1377900,30.935207
2013-10-11,35.939999,36.380001,35.66,36.380001,1100100,30.91821
2013-10-10,35.139999,36.09,35.080002,36.09,2602400,30.671747
2013-10-09,35.099998,35.349998,34.759998,34.889999,708600,29.651904
2013-10-08,35.419998,35.52,34.939999,34.990002,612500,29.736893
2013-10-07,35.080002,35.68,34.93,35.529999,628700,30.19582
2013-10-04,35.529999,35.75,35.220001,35.310001,828800,30.008851
2013-10-03,35.959999,36.00,35.360001,35.549999,895800,30.212817
2013-10-02,36.189999,36.689999,35.740002,36.080002,718100,30.66325
2013-10-01,35.66,36.740002,35.360001,36.299999,1289200,30.850219
2013-09-30,35.740002,36.220001,35.490002,35.599998,856500,30.25531
2013-09-27,36.00,36.189999,35.75,36.049999,550100,30.637751
2013-09-26,36.27,36.610001,36.23,36.610001,628800,30.709992
2013-09-25,36.310001,36.599998,35.869999,36.32,777300,30.466727
2013-09-24,36.380001,36.630001,36.150002,36.25,616100,30.408009
2013-09-23,36.169998,36.610001,36.060001,36.48,783000,30.600942
2013-09-20,37.150002,37.209999,36.169998,36.349998,1640600,30.491892
2013-09-19,37.34,37.75,37.139999,37.209999,1132400,31.213296
2013-09-18,35.799999,37.369999,35.529999,37.360001,887100,31.339123
2013-09-17,35.810001,36.27,35.639999,35.889999,412600,30.106025
2013-09-16,35.849998,36.209999,35.560001,35.82,521000,30.047306
2013-09-13,35.209999,35.540001,35.110001,35.16,499000,29.493671
2013-09-12,35.580002,35.830002,35.23,35.25,494300,29.569167
2013-09-11,35.209999,35.59,35.080002,35.59,526900,29.854373
2013-09-10,35.48,35.75,35.009998,35.349998,609900,29.65305
2013-09-09,34.700001,35.380001,34.50,35.369999,731100,29.669827
2013-09-06,34.23,34.950001,34.139999,34.560001,879800,28.990367
2013-09-05,34.66,34.790001,33.82,33.82,738900,28.369623
2013-09-04,33.919998,34.830002,33.68,34.740002,940500,29.141359
2013-09-03,34.799999,35.02,33.57,33.959999,1498900,28.487061
2013-08-30,34.810001,35.169998,34.52,34.599998,2455700,29.023919
2013-08-29,34.450001,34.700001,34.169998,34.700001,975600,29.107805
2013-08-28,35.130001,35.189999,34.689999,34.75,926200,29.149746
2013-08-27,34.959999,35.290001,34.75,35.130001,1046700,29.468507
2013-08-26,35.259998,35.380001,35.009998,35.279999,1237600,29.594331
2013-08-23,34.41,35.16,34.32,35.150002,738700,29.485284
2013-08-22,34.43,34.509998,33.919998,34.490002,742300,28.931649
2013-08-21,34.369999,34.720001,33.810001,34.200001,1121100,28.688384
2013-08-20,33.849998,34.599998,33.810001,34.57,1068100,28.998754
2013-08-19,34.279999,34.450001,33.650002,33.759998,824700,28.319292
2013-08-16,35.389999,35.389999,34.16,34.25,1655900,28.730325
2013-08-15,36.209999,36.299999,35.389999,35.389999,835900,29.686604
2013-08-14,36.619999,36.82,36.290001,36.349998,887400,30.491892
2013-08-13,37.52,37.52,36.419998,36.490002,857900,30.609332
2013-08-12,37.860001,38.040001,37.200001,37.459999,2018100,31.423006
2013-08-09,36.98,37.990002,36.98,37.950001,2383600,31.83404
2013-08-08,37.25,37.330002,36.810001,37.009998,923400,31.045527
2013-08-07,36.66,37.209999,36.400002,37.189999,1416700,31.196519
2013-08-06,36.849998,37.040001,36.610001,36.73,1142900,30.810652
2013-08-05,36.50,36.970001,36.209999,36.93,2038000,30.978421
2013-08-02,35.919998,36.48,35.849998,36.48,17761300,30.600942
2013-08-01,37.880001,37.950001,36.869999,36.919998,2516300,30.970031
2013-07-31,39.029999,39.150002,37.869999,38.209999,1274400,32.052137
2013-07-30,39.209999,39.450001,38.799999,38.849998,326500,32.588996
2013-07-29,39.23,39.470001,38.810001,38.970001,452200,32.689659
2013-07-26,39.009998,39.279999,38.66,39.240002,321400,32.916146
2013-07-25,38.779999,39.200001,38.610001,39.119999,667100,32.815483
2013-07-24,40.369999,40.380001,38.849998,38.950001,728600,32.672882
2013-07-23,40.00,40.380001,39.73,40.330002,631600,33.830484
2013-07-22,39.310001,39.889999,39.23,39.759998,645200,33.352341
2013-07-19,39.66,39.799999,39.369999,39.380001,448700,33.033584
2013-07-18,39.279999,39.75,39.150002,39.740002,557000,33.335567
2013-07-17,39.00,39.299999,38.880001,39.259998,801800,32.93292
2013-07-16,38.689999,39.119999,38.580002,38.939999,978100,32.664491
2013-07-15,38.310001,38.830002,38.09,38.73,498300,32.488335
2013-07-12,38.380001,38.439999,37.970001,38.169998,827700,32.018583
2013-07-11,38.32,38.619999,38.169998,38.400002,828700,32.211519
2013-07-10,37.43,37.950001,37.220001,37.889999,1049600,31.783708
2013-07-09,37.07,37.48,36.84,37.41,988100,31.381065
2013-07-08,36.959999,37.50,36.880001,36.959999,589200,31.003585
2013-07-05,37.259998,37.419998,36.169998,36.970001,558900,31.011976
2013-07-03,37.200001,37.310001,36.669998,37.119999,601500,31.1378
2013-07-02,36.990002,37.82,36.939999,37.41,1043100,31.381065
2013-07-01,37.209999,37.509998,36.869999,37.060001,1090100,31.087471
2013-06-28,37.450001,37.619999,36.950001,36.959999,1726200,31.003585
2013-06-27,36.610001,37.470001,36.599998,37.349998,1381200,31.330733
2013-06-26,36.049999,36.990002,36.009998,36.740002,1686900,30.420593
2013-06-25,35.209999,35.939999,34.73,35.720001,1139900,29.576036
2013-06-24,35.150002,35.779999,34.360001,34.84,1941900,28.847398
2013-06-21,35.57,35.869999,34.709999,35.200001,1548700,29.145477
2013-06-20,36.91,36.91,35.32,35.490002,850200,29.385597
2013-06-19,38.139999,38.27,36.93,37.209999,993600,30.809749
2013-06-18,38.080002,38.459999,37.860001,38.09,1332500,31.538387
2013-06-17,38.389999,38.66,37.73,38.00,1154000,31.463867
2013-06-14,38.290001,38.689999,37.939999,38.18,813600,31.612906
2013-06-13,37.610001,38.470001,37.450001,38.349998,946200,31.753664
2013-06-12,38.540001,38.66,37.529999,37.619999,992100,31.149227
2013-06-11,38.59,38.84,38.169998,38.450001,727900,31.836466
2013-06-10,39.509998,39.540001,38.709999,38.98,951000,32.275303
2013-06-07,39.689999,39.900002,38.779999,39.380001,829700,32.606503
2013-06-06,39.700001,39.75,39.240002,39.560001,1367600,32.755542
2013-06-05,40.080002,40.209999,39.529999,39.66,863600,32.838341
2013-06-04,40.799999,40.869999,40.110001,40.150002,735300,33.24406
2013-06-03,40.560001,40.950001,40.049999,40.73,781600,33.724297
2013-05-31,40.959999,41.419998,40.560001,40.580002,889900,33.600099
2013-05-30,41.169998,41.669998,41.029999,41.139999,839700,34.063775
2013-05-29,41.369999,41.459999,40.349998,41.099998,718200,34.030655
2013-05-28,42.43,42.52,41.290001,41.59,838900,34.436374
2013-05-24,42.43,42.459999,41.68,42.02,535500,34.792413
2013-05-23,43.110001,43.110001,42.439999,42.599998,1089600,35.272649
2013-05-22,44.689999,45.02,43.16,43.349998,714900,35.893647
2013-05-21,44.380001,44.689999,44.27,44.610001,585900,36.936924
2013-05-20,44.00,44.240002,43.959999,44.220001,422700,36.614006
2013-05-17,44.139999,44.189999,43.759998,44.00,376000,36.431846
2013-05-16,44.66,44.919998,43.830002,43.919998,587400,36.365604
2013-05-15,44.00,44.709999,43.73,44.700001,911300,37.011444
2013-05-14,44.130001,44.290001,43.98,44.00,534600,36.431846
2013-05-13,43.830002,44.02,43.709999,44.02,477900,36.448406
2013-05-10,43.810001,43.919998,43.580002,43.810001,296000,36.274527
2013-05-09,44.049999,44.119999,43.610001,43.700001,521200,36.183447
2013-05-08,43.900002,44.09,43.630001,44.09,512900,36.506365
2013-05-07,43.41,44.029999,43.330002,43.950001,760200,36.390446
2013-05-06,43.16,43.419998,42.98,43.419998,841700,35.951606
2013-05-03,43.25,43.48,42.98,43.169998,409100,35.744607
2013-05-02,42.599998,43.130001,42.599998,42.98,471600,35.587289
2013-05-01,42.889999,43.150002,42.48,42.630001,517300,35.297491
2013-04-30,42.57,42.990002,42.360001,42.990002,823800,35.595571
2013-04-29,42.189999,42.52,42.049999,42.490002,397800,35.181572
2013-04-26,41.799999,42.279999,41.799999,42.099998,581000,34.858651
2013-04-25,42.25,42.450001,41.860001,42.200001,642700,34.941453
2013-04-24,41.880001,42.310001,41.68,42.259998,718500,34.99113
2013-04-23,41.369999,42.049999,41.23,41.849998,894100,34.651652
2013-04-22,41.549999,41.57,41.130001,41.369999,552300,34.254214
2013-04-19,40.939999,41.529999,40.759998,41.41,583400,34.287335
2013-04-18,40.639999,40.900002,40.259998,40.869999,960500,33.840216
2013-04-17,41.02,41.02,40.23,40.540001,716500,33.566979
2013-04-16,40.549999,41.150002,40.369999,41.139999,992200,34.063775
2013-04-15,41.509998,41.57,40.389999,40.43,855700,33.475898
2013-04-12,41.380001,41.59,41.330002,41.540001,713800,34.394975
2013-04-11,41.259998,41.59,41.16,41.450001,664700,34.320455
2013-04-10,41.18,41.459999,41.060001,41.23,767600,34.138295
2013-04-09,41.189999,41.349998,40.970001,41.040001,691800,33.980977
2013-04-08,40.889999,41.48,40.75,41.200001,989000,34.113456
2013-04-05,40.459999,40.959999,40.27,40.900002,475100,33.865058
2013-04-04,40.490002,40.939999,40.389999,40.84,877900,33.815377
2013-04-03,40.689999,40.709999,40.220001,40.369999,840100,33.426218
2013-04-02,40.049999,41.450001,40.029999,40.639999,2045500,33.649777
2013-04-01,39.810001,39.91,39.48,39.889999,400300,33.02878
2013-03-28,39.720001,39.900002,39.549999,39.75,909400,32.912861
2013-03-27,39.459999,39.759998,39.299999,39.700001,477000,32.871461
2013-03-26,39.869999,40.209999,39.700001,40.18,618400,32.875602
2013-03-25,39.419998,39.709999,39.220001,39.709999,1255400,32.491043
2013-03-22,39.580002,39.73,39.16,39.310001,1113400,32.163761
2013-03-21,39.439999,39.790001,39.310001,39.50,717700,32.31922
2013-03-20,39.389999,39.66,39.259998,39.650002,440500,32.441952
2013-03-19,39.540001,39.66,39.169998,39.349998,448000,32.196487
2013-03-18,39.490002,39.740002,39.380001,39.59,759800,32.392859
2013-03-15,39.68,39.740002,39.279999,39.709999,885300,32.491043
2013-03-14,39.099998,39.810001,39.099998,39.799999,739000,32.564682
2013-03-13,39.169998,39.349998,39.009998,39.139999,633400,32.024664
2013-03-12,39.18,39.369999,38.93,39.18,399100,32.057394
2013-03-11,39.09,39.240002,38.93,39.240002,619700,32.106487
2013-03-08,39.23,39.279999,38.830002,39.139999,475900,32.024664
2013-03-07,39.189999,39.299999,39.060001,39.18,541900,32.057394
2013-03-06,39.509998,39.509998,39.040001,39.189999,737200,32.065574
2013-03-05,39.040001,39.439999,38.880001,39.400002,660600,32.2374
2013-03-04,38.349998,39.09,38.290001,38.93,906900,31.852842
2013-03-01,38.77,38.860001,38.299999,38.400002,2447300,31.419192
2013-02-28,38.91,39.099998,38.73,38.790001,2471700,31.738293
2013-02-27,38.75,39.150002,38.639999,38.869999,2524700,31.803748
2013-02-26,38.82,39.02,38.619999,38.75,1777500,31.705564
2013-02-25,39.279999,39.290001,38.57,38.57,926800,31.558286
2013-02-22,39.220001,39.419998,39.00,39.130001,1322900,32.016484
2013-02-21,39.32,39.400002,38.889999,39.00,917800,31.910116
2013-02-20,39.75,39.950001,39.259998,39.27,667900,32.131032
2013-02-19,39.669998,39.740002,39.549999,39.68,671800,32.466498
2013-02-15,39.50,39.650002,39.450001,39.540001,383500,32.351949
2013-02-14,39.759998,39.849998,39.529999,39.540001,509800,32.351949
2013-02-13,39.759998,39.869999,39.599998,39.849998,843900,32.605591
2013-02-12,39.32,39.720001,39.32,39.650002,951600,32.441952
2013-02-11,39.389999,39.52,39.240002,39.43,510700,32.261946
2013-02-08,39.00,39.439999,38.959999,39.389999,568800,32.229216
2013-02-07,39.209999,39.25,38.959999,39.009998,763700,31.918297
2013-02-06,38.77,39.209999,38.630001,39.150002,1592800,32.032848
2013-02-05,39.330002,39.400002,38.740002,38.860001,1054200,31.795567
2013-02-04,39.07,39.34,38.939999,39.290001,1209900,32.147397
2013-02-01,39.25,39.52,39.040001,39.200001,769800,32.073758
2013-01-31,39.009998,39.23,38.77,39.169998,999500,32.04921
2013-01-30,39.32,39.41,38.900002,38.98,670700,31.893751
2013-01-29,39.200001,39.470001,39.099998,39.419998,1129500,32.253762
2013-01-28,38.84,39.099998,38.75,39.009998,624500,31.918297
2013-01-25,38.82,38.98,38.630001,38.82,489000,31.762838
2013-01-24,38.689999,38.900002,38.580002,38.610001,513200,31.591015
2013-01-23,38.630001,38.77,38.560001,38.580002,559500,31.56647
2013-01-22,38.509998,38.810001,38.41,38.66,903300,31.631925
2013-01-18,38.400002,38.490002,38.200001,38.48,722400,31.484647
2013-01-17,37.970001,38.27,37.970001,38.27,963200,31.312824
2013-01-16,37.73,37.880001,37.619999,37.880001,972600,30.993724
2013-01-15,37.349998,37.849998,37.349998,37.810001,678800,30.936449
2013-01-14,37.400002,37.540001,37.299999,37.509998,582100,30.690984
2013-01-11,37.150002,37.290001,37.080002,37.290001,986400,30.510981
2013-01-10,37.279999,37.380001,37.080002,37.189999,746500,30.429158
2013-01-09,36.91,37.220001,36.84,37.209999,848400,30.445523
2013-01-08,36.869999,36.959999,36.669998,36.880001,1395400,30.175516
2013-01-07,36.57,36.880001,36.560001,36.849998,1023400,30.150967
2013-01-04,36.290001,36.720001,36.02,36.709999,846800,30.036419
2013-01-03,36.110001,36.459999,35.990002,36.299999,992000,29.700953
2013-01-02,36.299999,36.380001,35.860001,36.040001,1091200,29.488221
2012-12-31,35.68,35.84,35.48,35.790001,918000,29.283669
2012-12-28,35.82,35.84,35.580002,35.689999,984400,29.201846
2012-12-27,36.02,36.209999,35.860001,36.139999,1659800,29.181391
2012-12-26,35.84,36.130001,35.77,36.02,928600,29.084497
2012-12-24,35.709999,35.860001,35.52,35.82,313100,28.923006
2012-12-21,35.369999,35.779999,35.209999,35.700001,1761900,28.826112
2012-12-20,35.419998,35.810001,35.34,35.73,1815600,28.850335
2012-12-19,35.279999,35.369999,35.080002,35.34,685400,28.535428
2012-12-18,34.869999,35.209999,34.869999,35.18,890600,28.406236
2012-12-17,34.799999,34.849998,34.560001,34.849998,774200,28.139774
2012-12-14,34.330002,34.759998,34.330002,34.700001,671400,28.018658
2012-12-13,34.290001,34.439999,34.169998,34.330002,1040200,27.719901
2012-12-12,34.490002,34.549999,33.98,34.299999,1730500,27.695675
2012-12-11,35.509998,35.610001,34.669998,34.75,1281400,28.05903
2012-12-10,35.360001,35.68,35.279999,35.400002,713700,28.583877
2012-12-07,35.330002,35.439999,35.040001,35.279999,442100,28.48698
2012-12-06,35.119999,35.43,35.02,35.32,733400,28.519279
2012-12-05,35.220001,35.32,34.810001,35.049999,766600,28.301266
2012-12-04,35.240002,35.490002,35.200001,35.240002,770000,28.454684
2012-12-03,35.00,35.360001,35.00,35.330002,674700,28.527355
2012-11-30,34.549999,34.990002,34.490002,34.830002,1112500,28.123628
2012-11-29,34.639999,34.790001,34.380001,34.459999,1008500,27.824868
2012-11-28,34.639999,34.68,34.16,34.400002,1021700,27.776423
2012-11-27,34.810001,35.029999,34.509998,34.619999,1174800,27.95406
2012-11-26,34.549999,35.00,34.509998,34.939999,844000,28.212445
2012-11-23,34.52,34.790001,34.349998,34.709999,159900,28.026731
2012-11-21,34.18,34.470001,33.900002,34.439999,570700,27.808718
2012-11-20,33.900002,34.080002,33.57,34.080002,530000,27.518038
2012-11-19,33.709999,34.009998,33.509998,33.93,486600,27.396918
2012-11-16,33.290001,33.529999,33.029999,33.380001,685200,26.952819
2012-11-15,33.50,33.790001,33.139999,33.279999,629800,26.872072
2012-11-14,34.369999,34.41,33.529999,33.580002,1316300,27.11431
2012-11-13,34.369999,34.580002,34.25,34.32,709400,27.711825
2012-11-12,34.720001,34.790001,34.43,34.50,554000,27.857167
2012-11-09,34.75,35.00,34.599998,34.700001,562000,28.018658
2012-11-08,35.369999,35.380001,34.869999,34.880001,733400,28.164
2012-11-07,35.439999,35.779999,35.299999,35.34,816200,28.535428
2012-11-06,35.630001,35.860001,35.330002,35.619999,1205300,28.761515
2012-11-05,35.669998,35.709999,35.240002,35.50,833700,28.664621
2012-11-02,35.740002,35.970001,35.610001,35.68,885200,28.809963
2012-11-01,35.200001,35.650002,34.959999,35.580002,1197700,28.729219
2012-10-31,35.330002,35.330002,34.860001,35.119999,1201300,28.357787
2012-10-26,35.599998,35.599998,34.740002,35.18,648300,28.406236
2012-10-25,36.32,36.459999,35.189999,35.48,545800,28.648471
2012-10-24,36.150002,36.360001,36.009998,36.09,586200,29.141019
2012-10-23,36.700001,36.759998,35.950001,36.060001,909200,29.116796
2012-10-22,36.310001,37.169998,36.310001,36.889999,489800,29.786982
2012-10-19,37.48,37.759998,37.150002,37.150002,517300,29.996921
2012-10-18,37.18,37.529999,37.16,37.459999,788100,30.24723
2012-10-17,37.27,37.380001,36.869999,37.189999,743500,30.029217
2012-10-16,37.25,37.439999,37.189999,37.349998,332700,30.15841
2012-10-15,37.02,37.16,36.82,37.119999,344500,29.972696
2012-10-12,37.02,37.220001,36.93,36.93,614900,29.81928
2012-10-11,36.919998,37.200001,36.860001,37.049999,477500,29.916174
2012-10-10,36.779999,36.91,36.529999,36.75,407500,29.673939
2012-10-09,36.810001,37.189999,36.650002,36.77,650600,29.690088
2012-10-08,36.68,36.919998,36.560001,36.84,348900,29.74661
2012-10-05,36.860001,37.259998,36.779999,36.84,605800,29.74661
2012-10-04,36.990002,37.209999,36.619999,36.77,814700,29.690088
2012-10-03,36.560001,37.040001,36.560001,36.869999,866600,29.770832
2012-10-02,36.02,36.57,35.93,36.549999,576500,29.512447
2012-10-01,36.380001,36.400002,35.360001,35.900002,951200,28.987604
2012-09-28,36.029999,36.48,36.009998,36.240002,831300,29.262138
2012-09-27,36.48,36.59,36.130001,36.200001,623100,29.229839
2012-09-26,36.82,37.07,36.490002,36.610001,742400,29.177354
2012-09-25,37.50,37.75,36.77,36.779999,698900,29.312839
2012-09-24,37.50,37.880001,37.400002,37.400002,548600,29.806967
2012-09-21,37.849998,37.950001,37.50,37.52,1054000,29.902604
2012-09-20,38.07,38.43,37.560001,37.639999,849100,29.99824
2012-09-19,38.310001,38.50,38.189999,38.200001,781300,30.444549
2012-09-18,38.360001,38.57,38.060001,38.279999,534600,30.508305
2012-09-17,38.540001,38.84,38.439999,38.48,627700,30.667701
2012-09-14,38.310001,38.860001,38.310001,38.57,455300,30.73943
2012-09-13,37.830002,38.630001,37.619999,38.279999,656700,30.508305
2012-09-12,37.639999,37.779999,37.43,37.75,529900,30.085908
2012-09-11,37.549999,37.59,37.279999,37.529999,294400,29.910572
2012-09-10,37.439999,37.48,37.130001,37.459999,551100,29.854784
2012-09-07,37.400002,37.529999,37.23,37.50,466700,29.886664
2012-09-06,37.459999,37.68,37.240002,37.369999,599800,29.783056
2012-09-05,37.169998,37.389999,36.830002,37.240002,641600,29.679451
2012-09-04,36.860001,37.23,36.540001,37.060001,1117400,29.535995
2012-08-31,36.900002,37.110001,36.580002,36.880001,1021100,29.392538
2012-08-30,36.290001,36.75,36.259998,36.740002,591900,29.280962
2012-08-29,36.349998,36.639999,36.169998,36.470001,307700,29.065778
2012-08-28,36.18,36.419998,35.860001,36.279999,330800,28.91435
2012-08-27,36.27,36.34,36.080002,36.16,388300,28.818713
2012-08-24,36.130001,36.330002,35.959999,36.209999,364200,28.858562
2012-08-23,36.169998,36.299999,36.00,36.130001,557300,28.794805
2012-08-22,36.48,36.48,35.779999,36.259998,702700,28.89841
2012-08-21,36.290001,36.619999,36.119999,36.459999,525100,29.057806
2012-08-20,36.119999,36.18,35.77,36.16,695400,28.818713
2012-08-17,35.77,36.169998,35.77,36.110001,579200,28.778865
2012-08-16,35.610001,35.759998,35.299999,35.73,598600,28.476013
2012-08-15,35.52,35.939999,35.52,35.650002,436400,28.412256
2012-08-14,35.630001,35.939999,35.560001,35.59,426900,28.364436
2012-08-13,35.669998,35.860001,35.48,35.549999,645400,28.332557
2012-08-10,35.599998,35.939999,35.59,35.700001,382500,28.452104
2012-08-09,35.77,36.25,35.639999,35.709999,730400,28.460073
2012-08-08,36.380001,36.380001,35.77,35.799999,610600,28.531801
2012-08-07,36.619999,36.669998,36.23,36.34,847900,28.96217
2012-08-06,36.509998,36.68,36.349998,36.52,484900,29.105626
2012-08-03,36.400002,36.709999,36.299999,36.380001,704100,28.99405
2012-08-02,35.799999,36.169998,35.77,35.98,753000,28.675257
2012-08-01,36.369999,36.810001,35.98,36.07,1019700,28.746985
2012-07-31,36.450001,36.450001,36.119999,36.290001,751800,28.922321
2012-07-30,36.259998,36.619999,36.139999,36.459999,426600,29.057806
2012-07-27,36.18,36.560001,36.07,36.25,428100,28.890442
2012-07-26,36.049999,36.400002,35.77,36.09,585400,28.762925
2012-07-25,35.349998,35.860001,35.259998,35.619999,432300,28.388345
2012-07-24,35.619999,35.98,35.34,35.41,862500,28.22098
2012-07-23,35.84,36.009998,35.560001,35.84,622800,28.563681
2012-07-20,36.490002,36.77,36.130001,36.139999,549500,28.802774
2012-07-19,37.27,37.27,36.439999,36.73,856900,29.272991
2012-07-18,37.509998,37.650002,37.099998,37.150002,623300,29.607723
2012-07-17,37.349998,37.799999,37.00,37.619999,605700,29.9823
2012-07-16,36.919998,37.23,36.860001,37.150002,514400,29.607723
2012-07-13,36.439999,36.959999,36.380001,36.939999,551300,29.440355
2012-07-12,35.849998,36.57,35.619999,36.34,466100,28.96217
2012-07-11,36.290001,36.290001,35.82,36.099998,536100,28.770894
2012-07-10,36.880001,37.00,36.009998,36.18,828800,28.834653
2012-07-09,36.700001,36.830002,36.369999,36.759998,1105900,29.296899
2012-07-06,36.470001,36.830002,36.419998,36.669998,863500,29.225171
2012-07-05,36.84,36.990002,36.540001,36.790001,987400,29.32081
2012-07-03,36.740002,37.02,36.669998,36.860001,564000,29.376598
2012-07-02,37.07,37.07,36.560001,36.709999,1071400,29.257051
2012-06-29,36.34,36.880001,36.240002,36.84,1054700,29.360659
2012-06-28,35.110001,35.759998,34.869999,35.759998,616500,28.499921
2012-06-27,35.369999,35.470001,34.990002,35.380001,611400,28.197072
2012-06-26,35.529999,35.700001,35.169998,35.490002,890500,27.906176
2012-06-25,35.360001,35.59,35.139999,35.400002,461200,27.835407
2012-06-22,35.990002,36.240002,35.57,35.700001,1350600,28.0713
2012-06-21,36.66,36.66,35.75,35.860001,811600,28.19711
2012-06-20,36.279999,36.689999,36.23,36.580002,844600,28.763255
2012-06-19,36.150002,36.799999,35.93,36.369999,648100,28.598127
2012-06-18,35.529999,36.25,35.279999,36.169998,883100,28.440864
2012-06-15,35.209999,35.689999,35.080002,35.610001,760800,28.000532
2012-06-14,34.860001,35.369999,34.790001,35.150002,591300,27.63883
2012-06-13,34.959999,35.389999,34.549999,34.700001,688900,27.284989
2012-06-12,34.73,34.98,34.490002,34.98,391300,27.505155
2012-06-11,35.68,35.759998,34.599998,34.610001,639700,27.214221
2012-06-08,34.860001,35.50,34.84,35.50,250200,27.914037
2012-06-07,35.599998,35.790001,34.830002,34.869999,520000,27.418661
2012-06-06,34.720001,35.380001,34.540001,35.299999,576900,27.756775
2012-06-05,33.799999,34.450001,33.720001,34.310001,712500,26.978328
2012-06-04,34.200001,34.23,33.43,33.84,944700,26.608761
2012-06-01,33.860001,34.400002,33.860001,33.98,788000,26.718844
2012-05-31,34.450001,34.900002,34.110001,34.669998,838500,27.261398
2012-05-30,35.009998,35.09,34.400002,34.419998,722800,27.06482
2012-05-29,35.029999,35.389999,34.82,35.25,516400,27.71746
2012-05-25,35.049999,35.18,34.639999,34.84,318100,27.395072
2012-05-24,34.959999,35.310001,34.580002,35.099998,323800,27.599512
2012-05-23,34.41,35.00,34.099998,34.939999,892000,27.473702
2012-05-22,34.709999,34.790001,34.41,34.66,559000,27.253536
2012-05-21,34.209999,34.639999,34.18,34.59,616800,27.198495
2012-05-18,34.619999,34.689999,34.099998,34.209999,697200,26.899696
2012-05-17,35.700001,35.700001,34.50,34.549999,673500,27.167041
2012-05-16,35.919998,36.049999,35.509998,35.66,889100,28.039847
2012-05-15,36.00,36.189999,35.630001,35.91,799800,28.236425
2012-05-14,36.34,36.490002,36.02,36.07,603300,28.362234
2012-05-11,36.32,36.880001,36.200001,36.580002,702300,28.763255
2012-05-10,36.73,36.73,36.23,36.48,520300,28.684622
2012-05-09,36.200001,36.75,36.09,36.48,639700,28.684622
2012-05-08,36.34,36.619999,36.18,36.57,687100,28.75539
2012-05-07,36.259998,36.689999,36.220001,36.630001,357500,28.80257
2012-05-04,36.43,36.529999,36.060001,36.34,575000,28.574539
2012-05-03,36.689999,36.82,36.450001,36.57,723600,28.75539
2012-05-02,36.740002,36.860001,36.419998,36.720001,607000,28.873338
2012-05-01,36.43,37.23,36.360001,37.029999,995900,29.117092
2012-04-30,36.130001,36.540001,35.860001,36.450001,971100,28.661033
2012-04-27,36.310001,36.43,35.91,36.23,880100,28.488044
2012-04-26,35.919998,36.310001,35.59,36.139999,1096600,28.417276
2012-04-25,36.259998,36.450001,36.009998,36.049999,983400,28.346508
2012-04-24,36.25,36.389999,35.689999,35.959999,1234400,28.27574
2012-04-23,36.09,36.169998,35.639999,35.84,982600,28.181383
2012-04-20,36.34,36.93,36.34,36.360001,1106100,28.590265
2012-04-19,35.919998,36.310001,35.700001,36.23,832500,28.488044
2012-04-18,36.049999,36.330002,36.009998,36.049999,484800,28.346508
2012-04-17,36.139999,36.50,35.900002,36.310001,512200,28.55095
2012-04-16,35.610001,36.09,35.439999,35.959999,935600,28.27574
2012-04-13,35.450001,35.720001,35.349998,35.369999,837000,27.811816
2012-04-12,35.459999,35.720001,35.09,35.599998,1437100,27.992667
