Date,Open,High,Low,Close,Volume,Adj Close
2018-05-01,2.37,2.39,2.26,2.38,938912,2.38
2018-04-30,2.32,2.415,2.32,2.38,675168,2.38
2018-04-27,2.36,2.379,2.3,2.31,455721,2.31
2018-04-26,2.3,2.41,2.3,2.35,502502,2.35
2018-04-25,2.34,2.35,2.27,2.3,506428,2.3
2018-04-24,2.4,2.41,2.28,2.34,685262,2.34
2018-04-23,2.39,2.41,2.34,2.39,482909,2.39
2018-04-20,2.43,2.46,2.37,2.37,514025,2.37
2018-04-19,2.37,2.445,2.28,2.44,571651,2.44
2018-04-18,2.48,2.48,2.375,2.39,838234,2.39
2018-04-17,2.37,2.4552,2.29,2.44,1171906,2.44
2018-04-16,2.24,2.39,2.19,2.35,1255379,2.35
2018-04-13,2.2,2.28,2.15,2.22,1108898,2.22
2018-04-12,2.15,2.25,2.135,2.22,664466,2.22
2018-04-11,2.28,2.34,2.16,2.18,2075377,2.18
2018-04-10,2.31,2.3584,2.22,2.3,1917125,2.3
2018-04-09,2.06,2.41,2.02,2.31,5438226,2.31
2018-04-06,1.9,1.95,1.88,1.94,841688,1.94
2018-04-05,1.89,1.94,1.88,1.92,995033,1.92
2018-04-04,1.9,1.935,1.84,1.88,1474828,1.88
2018-04-03,1.95,1.99,1.865,1.94,1138203,1.94
2018-04-02,2.09,2.17,1.89,1.92,2109876,1.92
2018-03-29,1.88,2.23,1.86,2.09,2444357,2.09
2018-03-28,1.89,1.925,1.85,1.87,917280,1.87
2018-03-27,1.97,2,1.875,1.9,1225830,1.9
2018-03-26,1.99,2.02,1.87,1.96,1552050,1.96
2018-03-23,2.01,2.09,1.95,1.97,1216103,1.97
2018-03-22,2.12,2.14,2.01,2.03,1424682,2.03
2018-03-21,2.18,2.21,2.12,2.14,649699,2.14
2018-03-20,2.2,2.25,2.145,2.19,1143685,2.19
2018-03-19,2.23,2.23,2.14,2.19,998116,2.19
2018-03-16,2.25,2.27,2.19,2.25,1615313,2.25
2018-03-15,2.31,2.31,2.24,2.25,1541344,2.25
2018-03-14,2.35,2.36,2.27,2.3,1232698,2.3
2018-03-13,2.37,2.407,2.26,2.35,1701071,2.35
2018-03-12,2.46,2.51,2.32,2.34,2434862,2.34
2018-03-09,2.58,2.61,2.44,2.46,2586796,2.46
2018-03-08,2.7,2.7299,2.4,2.62,7474896,2.62
2018-03-07,2.81,3.24,2.801,3.19,3634376,3.19
2018-03-06,2.77,2.83,2.72,2.8,1002867,2.8
2018-03-05,2.69,2.76,2.59,2.72,673936,2.72
2018-03-02,2.5,2.7,2.48,2.68,679168,2.68
2018-03-01,2.6,2.64,2.5,2.51,795075,2.51
2018-02-28,2.61,2.7099,2.58,2.62,702183,2.62
2018-02-27,2.63,2.709,2.58,2.61,1187323,2.61
2018-02-26,2.62,2.63,2.56,2.58,647279,2.58
2018-02-23,2.65,2.6881,2.54,2.59,822639,2.59
2018-02-22,2.72,2.7907,2.61,2.63,474408,2.63
2018-02-21,2.85,2.88,2.71,2.72,613274,2.72
2018-02-20,2.7,2.92,2.66,2.83,1107674,2.83
2018-02-16,2.67,2.75,2.64,2.7,380260,2.7
2018-02-15,2.78,2.8,2.655,2.68,376489,2.68
2018-02-14,2.5,2.82,2.5,2.73,939252,2.73
2018-02-13,2.52,2.55,2.49,2.51,553160,2.51
2018-02-12,2.49,2.57,2.41,2.54,495920,2.54
2018-02-09,2.55,2.57,2.39,2.49,819850,2.49
2018-02-08,2.58,2.68,2.47,2.51,841521,2.51
2018-02-07,2.6,2.68,2.535,2.58,447636,2.58
2018-02-06,2.51,2.63,2.3629,2.63,1098831,2.63
2018-02-05,2.64,2.7,2.44,2.47,746596,2.47
2018-02-02,2.72,2.73,2.62,2.66,540180,2.66
2018-02-01,2.75,2.8,2.71,2.75,405588,2.75
2018-01-31,2.79,2.82,2.68,2.76,715470,2.76
2018-01-30,2.81,2.8357,2.74,2.79,349788,2.79
2018-01-29,2.8,2.84,2.77,2.81,477350,2.81
2018-01-26,2.82,2.87,2.78,2.82,382690,2.82
2018-01-25,2.84,2.84,2.76,2.8,324544,2.8
2018-01-24,2.84,2.85,2.76,2.81,568468,2.81
2018-01-23,2.87,2.8829,2.76,2.79,932468,2.79
2018-01-22,2.82,2.96,2.82,2.9,1114774,2.9
2018-01-19,2.77,2.87,2.75,2.84,356150,2.84
2018-01-18,2.83,2.86,2.78,2.83,477492,2.83
2018-01-17,2.85,2.87,2.79,2.84,393215,2.84
2018-01-16,2.94,2.95,2.78,2.83,630372,2.83
2018-01-12,2.94,3,2.88,2.9,811232,2.9
2018-01-11,2.77,2.91,2.73,2.9,782616,2.9
2018-01-10,2.77,2.78,2.67,2.77,719758,2.77
2018-01-09,2.89,2.89,2.8,2.8,672166,2.8
2018-01-08,2.92,2.93,2.84,2.88,429910,2.88
2018-01-05,2.92,2.92,2.84,2.91,641890,2.91
2018-01-04,2.94,2.97,2.89,2.92,601608,2.92
2018-01-03,2.97,2.98,2.895,2.92,563602,2.92
2018-01-02,2.81,2.965,2.8,2.95,768107,2.95
2017-12-29,2.94,3,2.82,2.82,1352056,2.82
2017-12-28,2.97,3.04,2.95,2.97,948347,2.97
2017-12-27,2.94,3.13,2.93,2.97,977220,2.97
2017-12-26,3.11,3.22,2.95,2.96,1710618,2.96
2017-12-22,3.06,3.16,3.01,3.15,1724100,3.15
2017-12-21,2.9,3.235,2.879,3.07,2881497,3.07
2017-12-20,2.89,3.03,2.71,2.91,2212598,2.91
2017-12-19,2.54,3.15,2.54,2.84,8641206,2.84
2017-12-18,2.31,2.36,2.31,2.32,1021815,2.32
2017-12-15,2.23,2.34,2.23,2.3,1447791,2.3
2017-12-14,2.23,2.315,2.21,2.23,985949,2.23
2017-12-13,2.3,2.33,2.21,2.23,1299977,2.23
2017-12-12,2.33,2.435,2.3,2.3,810497,2.3
2017-12-11,2.34,2.405,2.3,2.31,830666,2.31
2017-12-08,2.39,2.449,2.35,2.35,984540,2.35
2017-12-07,2.32,2.41,2.32,2.36,841528,2.36
2017-12-06,2.34,2.37,2.32,2.33,821162,2.33
2017-12-05,2.44,2.52,2.3,2.34,1799677,2.34
2017-12-04,2.54,2.55,2.43,2.44,1346611,2.44
2017-12-01,2.53,2.56,2.45,2.5,1381498,2.5
2017-11-30,2.54,2.59,2.51,2.54,526684,2.54
2017-11-29,2.64,2.66,2.49,2.54,1076026,2.54
2017-11-28,2.56,2.66,2.52,2.64,818297,2.64
2017-11-27,2.71,2.73,2.51,2.55,1184630,2.55
2017-11-24,2.62,2.74,2.6,2.69,683537,2.69
2017-11-22,2.63,2.67,2.6,2.62,756771,2.62
2017-11-21,2.57,2.65,2.54,2.6,944851,2.6
2017-11-20,2.47,2.56,2.44,2.55,1422638,2.55
2017-11-17,2.45,2.49,2.385,2.45,1108514,2.45
2017-11-16,2.4,2.51,2.37,2.44,1686309,2.44
2017-11-15,2.39,2.59,2.35,2.35,3053459,2.35
2017-11-14,2.23,2.4,2.23,2.4,2288973,2.4
2017-11-13,2.29,2.35,2.19,2.23,2467511,2.23
2017-11-10,2.36,2.38,2.2601,2.29,3962754,2.29
2017-11-09,2.75,2.75,2.3,2.34,7709139,2.34
2017-11-08,3.4,3.49,3.34,3.45,1111487,3.45
2017-11-07,3.46,3.46,3.34,3.39,1010539,3.39
2017-11-06,3.4,3.44,3.33,3.42,1307013,3.42
2017-11-03,3.33,3.41,3.31,3.4,541862,3.4
2017-11-02,3.37,3.41,3.29,3.32,651098,3.32
2017-11-01,3.42,3.4244,3.34,3.38,344862,3.38
2017-10-31,3.43,3.45,3.35,3.39,488885,3.39
2017-10-30,3.41,3.47,3.38,3.4,595272,3.4
2017-10-27,3.42,3.48,3.37,3.41,761123,3.41
2017-10-26,3.5,3.54,3.35,3.4,1353032,3.4
2017-10-25,3.48,3.52,3.4,3.5,2797392,3.5
2017-10-24,3.46,3.53,3.45,3.46,695561,3.46
2017-10-23,3.45,3.52,3.445,3.46,396251,3.46
2017-10-20,3.55,3.61,3.44,3.44,607131,3.44
2017-10-19,3.49,3.545,3.43,3.54,1649804,3.54
2017-10-18,3.48,3.53,3.47,3.5,895120,3.5
2017-10-17,3.48,3.5,3.45,3.48,621635,3.48
2017-10-16,3.61,3.64,3.43,3.45,2090306,3.45
2017-10-13,3.64,3.66,3.6,3.61,341658,3.61
2017-10-12,3.63,3.7,3.61,3.62,389057,3.62
2017-10-11,3.65,3.69,3.62,3.63,390607,3.63
2017-10-10,3.64,3.715,3.64,3.65,425027,3.65
2017-10-09,3.64,3.73,3.63,3.64,582957,3.64
2017-10-06,3.67,3.73,3.64,3.64,495343,3.64
2017-10-05,3.7,3.74,3.67,3.68,381492,3.68
2017-10-04,3.76,3.82,3.67,3.69,592030,3.69
2017-10-03,3.8,3.82,3.67,3.76,943192,3.76
2017-10-02,3.64,3.78,3.62,3.77,870396,3.77
2017-09-29,3.7,3.7358,3.605,3.64,600514,3.64
2017-09-28,3.67,3.72,3.6,3.72,1084317,3.72
2017-09-27,3.53,3.69,3.53,3.66,912085,3.66
2017-09-26,3.62,3.64,3.5,3.51,916292,3.51
2017-09-25,3.78,3.79,3.57,3.6,1631685,3.6
2017-09-22,3.66,3.83,3.63,3.8,1629237,3.8
2017-09-21,3.74,3.77,3.67,3.69,792021,3.69
2017-09-20,3.93,3.99,3.6801,3.73,1799758,3.73
2017-09-19,3.88,3.98,3.83,3.84,673537,3.84
2017-09-18,3.91,3.98,3.88,3.93,797735,3.93
2017-09-15,3.93,3.96,3.87,3.91,775954,3.91
2017-09-14,3.95,3.99,3.9,3.93,490739,3.93
2017-09-13,4,4.03,3.91,3.94,1111285,3.94
2017-09-12,3.87,4.02,3.81,4.01,1550276,4.01
2017-09-11,3.9,3.939,3.725,3.85,809957,3.85
2017-09-08,3.91,3.92,3.81,3.88,678576,3.88
2017-09-07,3.77,3.93,3.75,3.93,808264,3.93
2017-09-06,3.79,3.82,3.69,3.75,551491,3.75
2017-09-05,3.82,3.88,3.69,3.8,764210,3.8
2017-09-01,3.94,3.96,3.77,3.82,929243,3.82
2017-08-31,3.75,3.97,3.75,3.92,1893035,3.92
2017-08-30,3.61,3.74,3.56,3.73,991372,3.73
2017-08-29,3.52,3.62,3.52,3.57,603677,3.57
2017-08-28,3.59,3.62,3.54,3.55,460469,3.55
2017-08-25,3.54,3.62,3.53,3.57,770988,3.57
2017-08-24,3.59,3.59,3.51,3.54,501211,3.54
2017-08-23,3.46,3.59,3.45,3.56,954756,3.56
2017-08-22,3.63,3.649,3.48,3.49,1111849,3.49
2017-08-21,3.6,3.64,3.52,3.62,1379270,3.62
2017-08-18,3.55,3.61,3.465,3.6,1758985,3.6
2017-08-17,3.49,3.71,3.49,3.56,1983627,3.56
2017-08-16,3.43,3.52,3.43,3.48,974958,3.48
2017-08-15,3.49,3.54,3.41,3.43,850908,3.43
2017-08-14,3.56,3.565,3.425,3.5,1929282,3.5
2017-08-11,3.53,3.59,3.46,3.55,1432123,3.55
2017-08-10,3.7,3.74,3.45,3.48,2280009,3.48
2017-08-09,3.85,3.92,3.65,3.67,3187034,3.67
2017-08-08,4.12,4.14,3.92,3.96,3453435,3.96
2017-08-07,4.34,4.37,4.15,4.16,2170994,4.16
2017-08-04,4.37,4.54,4.05,4.34,5563650,4.34
2017-08-03,4.98,5.09,4.97,5.07,1126863,5.07
2017-08-02,5.12,5.13,4.86,4.97,785057,4.97
2017-08-01,5.07,5.17,5.03,5.1,633777,5.1
2017-07-31,5.03,5.07,4.95,5.02,656719,5.02
2017-07-28,5.05,5.11,5,5.03,865782,5.03
2017-07-27,5.26,5.28,4.93,5.07,1259521,5.07
2017-07-26,5.27,5.29,5.21,5.26,511787,5.26
2017-07-25,5.28,5.325,5.24,5.26,695111,5.26
2017-07-24,5.26,5.335,5.23,5.27,807725,5.27
2017-07-21,5.39,5.39,5.21,5.25,786521,5.25
2017-07-20,5.38,5.43,5.35,5.35,419626,5.35
2017-07-19,5.3,5.45,5.29,5.35,696694,5.35
2017-07-18,5.29,5.34,5.2105,5.29,722736,5.29
2017-07-17,5.27,5.34,5.23,5.3,599297,5.3
2017-07-14,5.28,5.3299,5.25,5.26,519488,5.26
2017-07-13,5.4,5.4,5.21,5.29,730442,5.29
2017-07-12,5.29,5.42,5.2839,5.36,1201583,5.36
2017-07-11,5.14,5.36,5.1,5.26,1059046,5.26
2017-07-10,5.04,5.19,4.96,5.15,688077,5.15
2017-07-07,5.09,5.13,5.03,5.04,893671,5.04
2017-07-06,5.12,5.15,5.03,5.09,753428,5.09
2017-07-05,5.13,5.17,5.04,5.15,692767,5.15
2017-07-03,5.14,5.22,5.075,5.13,727412,5.13
2017-06-30,5.23,5.23,4.96,5.05,1156159,5.05
2017-06-29,4.91,5.19,4.86,5.14,2868097,5.14
2017-06-28,4.85,4.94,4.78,4.92,783369,4.92
2017-06-27,4.85,4.8599,4.78,4.85,795698,4.85
2017-06-26,4.79,4.89,4.78,4.84,855546,4.84
2017-06-23,4.71,4.79,4.665,4.78,3633584,4.78
2017-06-22,4.63,4.73,4.595,4.69,1321282,4.69
2017-06-21,4.61,4.7,4.575,4.61,1188034,4.61
2017-06-20,4.6,4.655,4.55,4.59,1154769,4.59
2017-06-19,4.67,4.76,4.67,4.68,1015894,4.68
2017-06-16,4.52,4.68,4.52,4.66,1328970,4.66
2017-06-15,4.6,4.65,4.5,4.55,1082275,4.55
2017-06-14,4.68,4.735,4.59,4.65,930195,4.65
2017-06-13,4.7,4.77,4.65,4.68,640526,4.68
2017-06-12,4.68,4.81,4.6,4.7,1057479,4.7
2017-06-09,4.82,4.92,4.67,4.68,1147511,4.68
2017-06-08,4.67,4.84,4.67,4.82,1291794,4.82
2017-06-07,4.76,4.8,4.62,4.66,1068576,4.66
2017-06-06,4.77,4.795,4.71,4.77,708922,4.77
2017-06-05,4.78,4.84,4.76,4.79,798159,4.79
2017-06-02,4.8,4.85,4.72,4.79,713308,4.79
2017-06-01,4.65,4.86,4.63,4.8,1668019,4.8
2017-05-31,4.76,4.7899,4.59,4.63,1341528,4.63
2017-05-30,4.65,4.8,4.64,4.74,1134525,4.74
2017-05-26,4.6,4.68,4.58,4.66,1339567,4.66
2017-05-25,4.7,4.73,4.59,4.6,1210811,4.6
2017-05-24,4.73,4.835,4.65,4.7,1175767,4.7
2017-05-23,4.66,4.8,4.65,4.72,1217659,4.72
2017-05-22,4.67,4.685,4.6,4.66,1217712,4.66
2017-05-19,4.74,4.795,4.66,4.66,1271024,4.66
2017-05-18,4.65,4.8,4.61,4.7,1714262,4.7
2017-05-17,4.9,4.9,4.62,4.67,3112428,4.67
2017-05-16,5.02,5.06,4.92,4.95,1374199,4.95
2017-05-15,5.05,5.07,4.96,5.02,1836190,5.02
2017-05-12,5.02,5.07,4.90,5.03,2109100,5.03
2017-05-11,5.13,5.15,5.02,5.03,1784200,5.03
2017-05-10,5.20,5.34,5.12,5.15,2918700,5.15
2017-05-09,5.70,5.70,5.10,5.18,11320500,5.18
2017-05-08,6.10,6.45,6.07,6.31,3943900,6.31
2017-05-05,5.89,6.09,5.88,6.09,1358100,6.09
2017-05-04,5.94,5.97,5.85,5.90,1079300,5.90
2017-05-03,6.07,6.09,5.87,5.95,1390300,5.95
2017-05-02,6.03,6.11,5.95,6.05,1215700,6.05
2017-05-01,6.03,6.09,5.96,6.02,1291100,6.02
2017-04-28,6.07,6.11,5.95,5.96,1321900,5.96
2017-04-27,6.05,6.08,5.88,6.07,1759500,6.07
2017-04-26,5.79,6.02,5.76,6.02,2589000,6.02
2017-04-25,5.85,5.88,5.76,5.81,1406500,5.81
2017-04-24,5.70,5.80,5.68,5.80,1126300,5.80
2017-04-21,5.75,5.79,5.64,5.67,1237500,5.67
2017-04-20,5.73,5.82,5.71,5.75,655300,5.75
2017-04-19,5.68,5.83,5.68,5.70,956200,5.70
2017-04-18,5.57,5.71,5.52,5.66,938300,5.66
2017-04-17,5.61,5.69,5.58,5.59,817600,5.59
2017-04-13,5.52,5.69,5.46,5.59,1469900,5.59
2017-04-12,5.52,5.65,5.50,5.51,935300,5.51
2017-04-11,5.60,5.66,5.50,5.54,1489000,5.54
2017-04-10,5.69,5.81,5.59,5.63,1287200,5.63
2017-04-07,5.70,5.71,5.60,5.64,1292300,5.64
2017-04-06,5.65,5.78,5.63,5.72,1044300,5.72
2017-04-05,5.86,5.89,5.59,5.61,1759800,5.61
2017-04-04,5.74,5.84,5.66,5.83,1161700,5.83
2017-04-03,5.90,5.95,5.72,5.74,1511300,5.74
2017-03-31,5.93,5.95,5.80,5.89,2350500,5.89
2017-03-30,5.73,6.01,5.71,5.90,2784800,5.90
2017-03-29,5.65,5.78,5.60,5.71,3023900,5.71
2017-03-28,5.30,5.72,5.30,5.57,4787800,5.57
2017-03-27,5.18,5.37,5.16,5.27,2338200,5.27
2017-03-24,5.25,5.34,5.22,5.25,1878100,5.25
2017-03-23,5.26,5.34,5.21,5.24,2255100,5.24
2017-03-22,5.22,5.27,5.17,5.19,1729800,5.19
2017-03-21,5.38,5.49,5.26,5.27,1835400,5.27
2017-03-20,5.36,5.54,5.31,5.35,3317900,5.35
2017-03-17,5.25,5.27,5.13,5.19,2037200,5.19
2017-03-16,4.99,5.34,4.88,5.25,4088900,5.25
2017-03-15,5.02,5.08,4.91,4.96,2674400,4.96
2017-03-14,5.19,5.20,4.95,5.01,2575400,5.01
2017-03-13,5.14,5.25,5.07,5.21,2259800,5.21
2017-03-10,5.25,5.30,5.04,5.06,7908200,5.06
2017-03-09,5.70,5.82,5.61,5.81,2279500,5.81
2017-03-08,5.81,5.81,5.57,5.73,3988900,5.73
2017-03-07,6.06,6.20,5.68,5.89,16271300,5.89
2017-03-06,4.85,5.09,4.77,5.07,3689700,5.07
2017-03-03,4.83,4.84,4.74,4.81,1003600,4.81
2017-03-02,4.88,4.89,4.82,4.83,884400,4.83
2017-03-01,4.86,4.95,4.83,4.89,1189700,4.89
2017-02-28,4.87,4.93,4.80,4.83,896500,4.83
2017-02-27,4.90,4.93,4.84,4.88,956700,4.88
2017-02-24,4.86,4.95,4.84,4.91,676100,4.91
2017-02-23,4.96,4.97,4.78,4.91,1236000,4.91
2017-02-22,4.90,5.04,4.84,4.94,1063200,4.94
2017-02-21,4.83,4.95,4.80,4.90,1008700,4.90
2017-02-17,4.79,4.85,4.75,4.82,805100,4.82
2017-02-16,4.85,4.96,4.80,4.80,1054800,4.80
2017-02-15,4.75,4.89,4.72,4.89,1412500,4.89
2017-02-14,4.65,4.75,4.62,4.72,1349100,4.72
2017-02-13,4.77,4.78,4.51,4.62,2197300,4.62
2017-02-10,4.69,4.77,4.64,4.76,1079500,4.76
2017-02-09,4.80,4.82,4.68,4.69,850700,4.69
2017-02-08,4.77,4.82,4.67,4.79,1204800,4.79
2017-02-07,4.76,4.89,4.76,4.79,1086500,4.79
2017-02-06,4.72,4.82,4.70,4.76,941900,4.76
2017-02-03,4.76,4.86,4.72,4.75,1088700,4.75
2017-02-02,4.82,4.88,4.68,4.76,1738600,4.76
2017-02-01,4.95,5.00,4.80,4.84,1411800,4.84
2017-01-31,4.92,4.97,4.88,4.92,1295100,4.92
2017-01-30,4.96,4.97,4.88,4.94,880200,4.94
2017-01-27,4.99,5.04,4.96,4.99,807100,4.99
2017-01-26,5.08,5.12,4.90,4.99,1183600,4.99
2017-01-25,5.08,5.13,5.02,5.10,1019100,5.10
2017-01-24,4.97,5.05,4.90,5.05,1115700,5.05
2017-01-23,4.95,4.99,4.89,4.96,927700,4.96
2017-01-20,4.94,5.02,4.92,4.95,1465400,4.95
2017-01-19,5.07,5.09,4.90,4.91,1157700,4.91
2017-01-18,5.13,5.16,5.01,5.08,935200,5.08
2017-01-17,5.08,5.19,5.03,5.10,1214900,5.10
2017-01-13,5.00,5.13,5.00,5.09,956900,5.09
2017-01-12,4.98,5.03,4.89,4.97,1029200,4.97
2017-01-11,4.95,5.04,4.90,4.98,1323200,4.98
2017-01-10,4.88,5.15,4.86,5.00,2420900,5.00
2017-01-09,5.36,5.48,4.84,4.89,5024600,4.89
2017-01-06,5.45,5.45,5.28,5.38,1393200,5.38
2017-01-05,5.49,5.50,5.19,5.43,2579000,5.43
2017-01-04,5.10,5.28,5.05,5.22,1293600,5.22
2017-01-03,4.99,5.15,4.95,5.10,1165700,5.10
2016-12-30,5.06,5.08,4.86,4.93,2572300,4.93
2016-12-29,5.12,5.18,5.01,5.05,806400,5.05
2016-12-28,5.22,5.25,5.10,5.12,853300,5.12
2016-12-27,5.15,5.30,5.10,5.22,891100,5.22
2016-12-23,5.16,5.25,5.14,5.15,435600,5.15
2016-12-22,5.33,5.39,5.15,5.18,986600,5.18
2016-12-21,5.21,5.35,5.21,5.34,974300,5.34
2016-12-20,5.30,5.32,5.12,5.22,1127300,5.22
2016-12-19,5.24,5.30,5.13,5.15,842800,5.15
2016-12-16,5.20,5.33,5.17,5.19,1045500,5.19
2016-12-15,5.27,5.34,5.11,5.18,897600,5.18
2016-12-14,5.36,5.38,5.15,5.19,1005300,5.19
2016-12-13,5.30,5.44,5.24,5.36,1429800,5.36
2016-12-12,5.62,5.65,5.22,5.26,2339000,5.26
2016-12-09,5.60,5.72,5.52,5.63,2427100,5.63
2016-12-08,5.30,5.48,5.22,5.47,2380000,5.47
2016-12-07,4.98,5.31,4.94,5.19,2934700,5.19
2016-12-06,5.07,5.10,4.89,4.97,1571400,4.97
2016-12-05,4.67,5.04,4.60,5.01,2120200,5.01
2016-12-02,4.57,4.65,4.52,4.58,947900,4.58
2016-12-01,4.83,4.83,4.51,4.58,1816600,4.58
2016-11-30,4.87,4.92,4.78,4.82,895500,4.82
2016-11-29,4.79,4.98,4.73,4.85,901400,4.85
2016-11-28,4.87,4.90,4.77,4.80,1367200,4.80
2016-11-25,5.02,5.02,4.83,4.88,706800,4.88
2016-11-23,5.06,5.06,4.95,5.00,1002500,5.00
2016-11-22,5.10,5.23,5.03,5.10,1442000,5.10
2016-11-21,4.95,5.10,4.90,5.08,1109000,5.08
2016-11-18,4.95,5.01,4.89,4.94,1118000,4.94
2016-11-17,4.83,5.08,4.81,4.95,1526300,4.95
2016-11-16,4.92,4.94,4.79,4.86,976000,4.86
2016-11-15,4.74,4.88,4.70,4.84,1754500,4.84
2016-11-14,4.79,4.83,4.52,4.71,2213800,4.71
2016-11-11,4.83,4.96,4.72,4.78,1906500,4.78
2016-11-10,4.88,4.97,4.69,4.87,1880500,4.87
2016-11-09,4.68,4.90,4.60,4.84,2471400,4.84
2016-11-08,4.80,5.02,4.78,4.82,1687600,4.82
2016-11-07,5.10,5.45,4.85,4.87,5170900,4.87
2016-11-04,4.69,4.96,4.56,4.70,2604600,4.70
2016-11-03,4.75,4.78,4.60,4.67,2250100,4.67
2016-11-02,4.80,4.90,4.74,4.77,1531700,4.77
2016-11-01,4.88,5.00,4.72,4.82,1805200,4.82
2016-10-31,5.01,5.04,4.69,4.89,4557000,4.89
2016-10-28,5.07,5.17,4.92,4.94,2175900,4.94
2016-10-27,5.43,5.50,5.03,5.09,2548700,5.09
2016-10-26,5.58,5.59,5.38,5.41,1031900,5.41
2016-10-25,5.55,5.63,5.41,5.52,1749500,5.52
2016-10-24,5.50,5.60,5.47,5.54,1283800,5.54
2016-10-21,5.39,5.50,5.36,5.45,943700,5.45
2016-10-20,5.47,5.65,5.36,5.41,1707000,5.41
2016-10-19,5.48,5.56,5.41,5.50,787700,5.50
2016-10-18,5.60,5.64,5.31,5.47,1941500,5.47
2016-10-17,5.53,5.73,5.51,5.53,1842500,5.53
2016-10-14,5.43,5.55,5.38,5.48,2187100,5.48
2016-10-13,5.41,5.45,5.29,5.34,1749500,5.34
2016-10-12,5.56,5.59,5.43,5.48,1656800,5.48
2016-10-11,5.72,5.80,5.51,5.62,1914700,5.62
2016-10-10,5.75,5.80,5.65,5.78,1570800,5.78
2016-10-07,5.82,5.89,5.55,5.65,2949200,5.65
2016-10-06,5.85,5.97,5.77,5.84,1497900,5.84
2016-10-05,5.65,5.97,5.61,5.90,2743500,5.90
2016-10-04,5.98,5.98,5.38,5.61,5634600,5.61
2016-10-03,6.15,6.19,5.75,6.12,2453300,6.12
2016-09-30,6.14,6.22,6.06,6.20,2370000,6.20
2016-09-29,6.20,6.29,6.06,6.12,1760500,6.12
2016-09-28,6.06,6.22,6.00,6.21,2568700,6.21
2016-09-27,5.83,6.02,5.68,6.01,2433800,6.01
2016-09-26,5.82,5.86,5.71,5.82,1122200,5.82
2016-09-23,5.92,5.93,5.80,5.81,1221700,5.81
2016-09-22,5.82,5.98,5.75,5.96,2085500,5.96
2016-09-21,5.67,5.82,5.54,5.82,2099200,5.82
2016-09-20,5.75,5.84,5.63,5.67,2040500,5.67
2016-09-19,5.74,5.80,5.64,5.69,2817500,5.69
2016-09-16,5.40,5.57,5.38,5.51,2275900,5.51
2016-09-15,5.33,5.59,5.11,5.44,4244200,5.44
2016-09-14,5.40,5.64,5.31,5.35,3157100,5.35
2016-09-13,5.75,5.85,5.23,5.46,4773000,5.46
2016-09-12,5.83,5.88,5.62,5.87,3922100,5.87
2016-09-09,6.11,6.20,5.81,5.99,3305700,5.99
2016-09-08,6.08,6.30,6.07,6.21,2198100,6.21
2016-09-07,6.35,6.47,5.95,6.14,4587600,6.14
2016-09-06,6.09,6.41,5.94,6.31,4327200,6.31
2016-09-02,5.91,6.08,5.83,5.90,3275500,5.90
2016-09-01,5.73,5.90,5.62,5.87,2252600,5.87
2016-08-31,5.64,5.77,5.51,5.76,3825100,5.76
2016-08-30,5.59,5.60,5.38,5.56,2213900,5.56
2016-08-29,5.46,5.68,5.40,5.57,3157100,5.57
2016-08-26,5.34,5.44,5.21,5.37,3572000,5.37
2016-08-25,5.05,5.24,5.01,5.17,2328200,5.17
2016-08-24,5.27,5.35,5.05,5.09,3473600,5.09
2016-08-23,5.16,5.40,5.15,5.29,3697400,5.29
2016-08-22,5.15,5.32,5.07,5.14,3542500,5.14
2016-08-19,5.19,5.38,5.05,5.15,3866400,5.15
2016-08-18,5.48,5.50,4.94,5.19,6404100,5.19
2016-08-17,5.25,5.62,5.15,5.32,10332900,5.32
2016-08-16,6.07,6.39,4.68,5.02,24270900,5.02
2016-08-15,7.41,7.45,5.94,6.15,11768000,6.15
2016-08-12,7.87,8.02,7.31,7.34,4021000,7.34
2016-08-11,8.02,8.11,7.72,7.93,2608200,7.93
2016-08-10,7.89,8.01,7.82,7.98,2365700,7.98
2016-08-09,7.42,7.84,7.40,7.76,2485200,7.76
2016-08-08,7.51,7.51,7.22,7.37,1817900,7.37
2016-08-05,7.24,7.46,7.13,7.40,1808400,7.40
2016-08-04,7.44,7.50,7.10,7.26,2375300,7.26
2016-08-03,7.03,7.45,6.95,7.33,3605100,7.33
2016-08-02,7.38,7.55,6.91,6.99,3747800,6.99
2016-08-01,7.25,7.49,7.04,7.43,6323600,7.43
2016-07-29,6.40,6.53,6.31,6.43,1953100,6.43
2016-07-28,6.45,6.50,6.34,6.40,795200,6.40
2016-07-27,6.42,6.49,6.35,6.44,815000,6.44
2016-07-26,6.52,6.65,6.35,6.43,1286000,6.43
2016-07-25,6.31,6.63,6.30,6.52,1543200,6.52
2016-07-22,6.45,6.49,5.82,6.28,2640800,6.28
2016-07-21,6.33,6.62,6.33,6.43,2534400,6.43
2016-07-20,6.70,6.75,6.29,6.33,3208900,6.33
2016-07-19,6.61,6.72,6.58,6.69,1946800,6.69
2016-07-18,6.35,6.84,6.34,6.72,3033000,6.72
2016-07-15,6.20,6.43,6.16,6.34,1938300,6.34
2016-07-14,6.11,6.28,6.06,6.07,1903800,6.07
2016-07-13,6.22,6.27,5.92,6.05,2795500,6.05
2016-07-12,6.41,6.45,6.08,6.21,2415800,6.21
2016-07-11,5.85,6.28,5.85,6.23,2869100,6.23
2016-07-08,5.95,5.96,5.81,5.84,1781300,5.84
2016-07-07,5.89,6.00,5.81,5.88,1674400,5.88
2016-07-06,5.64,5.90,5.63,5.87,2166800,5.87
2016-07-05,5.53,5.66,5.36,5.64,2128100,5.64
2016-07-01,5.49,5.54,5.35,5.48,1718000,5.48
2016-06-30,5.50,5.52,5.20,5.33,2439400,5.33
2016-06-29,5.25,5.57,5.25,5.40,4791400,5.40
2016-06-28,4.95,5.24,4.80,5.22,3957200,5.22
2016-06-27,4.98,4.98,4.56,4.67,1739900,4.67
2016-06-24,4.50,4.89,4.40,4.86,7184600,4.86
2016-06-23,4.80,4.91,4.76,4.82,1616200,4.82
2016-06-22,4.69,4.75,4.47,4.75,1599600,4.75
2016-06-21,4.93,4.95,4.62,4.69,1743000,4.69
2016-06-20,4.79,4.99,4.75,4.85,2118100,4.85
2016-06-17,4.79,4.80,4.66,4.67,973400,4.67
2016-06-16,4.64,4.83,4.57,4.76,1150400,4.76
2016-06-15,4.80,4.84,4.57,4.62,1988300,4.62
2016-06-14,4.37,4.79,4.32,4.75,5156000,4.75
2016-06-13,4.32,4.47,4.27,4.33,927400,4.33
2016-06-10,4.18,4.36,4.07,4.32,861900,4.32
2016-06-09,4.40,4.40,4.09,4.20,1303300,4.20
2016-06-08,4.47,4.49,4.21,4.43,1380800,4.43
2016-06-07,4.12,4.40,4.12,4.38,2271500,4.38
2016-06-06,4.06,4.18,4.04,4.10,2017600,4.10
2016-06-03,3.86,4.00,3.82,3.94,1394200,3.94
2016-06-02,3.70,3.90,3.64,3.89,749700,3.89
2016-06-01,3.75,3.82,3.65,3.68,819000,3.68
2016-05-31,3.45,3.82,3.45,3.78,1565900,3.78
2016-05-27,3.45,3.49,3.41,3.45,267500,3.45
2016-05-26,3.51,3.52,3.43,3.45,237000,3.45
2016-05-25,3.35,3.52,3.33,3.49,790400,3.49
2016-05-24,3.25,3.35,3.24,3.34,746700,3.34
2016-05-23,3.24,3.27,3.19,3.25,537800,3.25
2016-05-20,3.32,3.34,3.20,3.24,494000,3.24
2016-05-19,3.27,3.36,3.23,3.31,246500,3.31
2016-05-18,3.33,3.44,3.29,3.30,701700,3.30
2016-05-17,3.41,3.47,3.33,3.33,345900,3.33
2016-05-16,3.39,3.46,3.36,3.41,394500,3.41
2016-05-13,3.40,3.48,3.38,3.39,242300,3.39
2016-05-12,3.51,3.55,3.38,3.40,315000,3.40
2016-05-11,3.55,3.59,3.40,3.51,483300,3.51
2016-05-10,3.21,3.59,3.21,3.55,1158200,3.55
2016-05-09,3.23,3.29,3.15,3.24,582300,3.24
2016-05-06,3.25,3.38,3.21,3.24,657900,3.24
2016-05-05,3.65,3.74,3.09,3.21,1945000,3.21
2016-05-04,3.53,3.62,3.46,3.55,1203000,3.55
2016-05-03,3.57,3.62,3.48,3.55,733400,3.55
2016-05-02,3.40,3.62,3.37,3.57,1485900,3.57
2016-04-29,3.48,3.49,3.35,3.42,685400,3.42
2016-04-28,3.42,3.49,3.32,3.45,1561200,3.45
2016-04-27,3.25,3.40,3.20,3.39,1145900,3.39
2016-04-26,3.20,3.29,3.19,3.28,324300,3.28
2016-04-25,3.25,3.33,3.16,3.19,618200,3.19
2016-04-22,3.21,3.30,3.20,3.26,253700,3.26
2016-04-21,3.30,3.31,3.22,3.25,326300,3.25
2016-04-20,3.24,3.37,3.22,3.30,382900,3.30
2016-04-19,3.39,3.44,3.20,3.24,628100,3.24
2016-04-18,3.16,3.40,3.13,3.39,843000,3.39
2016-04-15,3.10,3.23,3.08,3.20,464600,3.20
2016-04-14,3.19,3.25,3.07,3.09,470900,3.09
2016-04-13,2.93,3.25,2.92,3.16,1290300,3.16
2016-04-12,2.88,2.97,2.80,2.91,567400,2.91
2016-04-11,2.81,2.90,2.77,2.84,380900,2.84
2016-04-08,2.85,2.89,2.76,2.81,364800,2.81
2016-04-07,2.89,2.94,2.82,2.84,363500,2.84
2016-04-06,2.75,2.92,2.72,2.89,724600,2.89
2016-04-05,2.78,2.82,2.71,2.73,367900,2.73
2016-04-04,2.77,2.83,2.75,2.78,421900,2.78
2016-04-01,2.84,2.87,2.76,2.80,509300,2.80
2016-03-31,2.80,2.90,2.79,2.84,441100,2.84
2016-03-30,2.96,2.97,2.80,2.81,754500,2.81
2016-03-29,2.83,2.96,2.78,2.96,585900,2.96
2016-03-28,2.94,2.96,2.83,2.83,638600,2.83
2016-03-24,2.91,3.00,2.88,2.96,365500,2.96
2016-03-23,3.00,3.03,2.89,2.91,557600,2.91
2016-03-22,3.03,3.14,3.00,3.02,439600,3.02
2016-03-21,2.94,3.07,2.86,3.06,772200,3.06
2016-03-18,3.07,3.13,2.93,2.93,790400,2.93
2016-03-17,2.88,3.07,2.88,3.07,854900,3.07
2016-03-16,2.96,2.96,2.84,2.87,785400,2.87
2016-03-15,3.09,3.10,2.92,2.95,780800,2.95
2016-03-14,3.10,3.14,3.07,3.08,459300,3.08
2016-03-11,3.12,3.19,3.06,3.10,561000,3.10
2016-03-10,3.20,3.20,3.05,3.11,497100,3.11
2016-03-09,3.10,3.19,3.01,3.14,609700,3.14
2016-03-08,3.08,3.10,3.00,3.05,578100,3.05
2016-03-07,3.18,3.25,3.08,3.09,956200,3.09
2016-03-04,3.16,3.31,3.04,3.17,919800,3.17
2016-03-03,3.14,3.21,3.10,3.13,755200,3.13
2016-03-02,2.96,3.15,2.96,3.12,911300,3.12
2016-03-01,3.18,3.24,2.92,2.98,2263500,2.98
2016-02-29,3.79,3.81,2.73,3.11,5047500,3.11
2016-02-26,3.59,3.73,3.56,3.56,1733900,3.56
2016-02-25,3.55,3.61,3.50,3.56,1132800,3.56
2016-02-24,3.35,3.52,3.34,3.50,1050800,3.50
2016-02-23,3.43,3.44,3.34,3.42,784800,3.42
2016-02-22,3.22,3.53,3.15,3.33,1822000,3.33
2016-02-19,3.04,3.21,3.00,3.20,738200,3.20
2016-02-18,3.29,3.30,3.00,3.04,968400,3.04
2016-02-17,2.84,3.10,2.84,3.07,845900,3.07
2016-02-16,2.73,2.87,2.72,2.85,980000,2.85
2016-02-12,2.71,2.79,2.62,2.69,576700,2.69
2016-02-11,2.61,2.73,2.57,2.70,633900,2.70
2016-02-10,2.72,2.87,2.70,2.73,445900,2.73
2016-02-09,2.75,2.85,2.66,2.73,488000,2.73
2016-02-08,2.83,2.83,2.60,2.73,880000,2.73
2016-02-05,3.05,3.10,2.86,2.89,814700,2.89
2016-02-04,3.02,3.17,2.97,3.09,512400,3.09
2016-02-03,3.20,3.20,2.90,3.00,1024900,3.00
2016-02-02,3.18,3.25,3.15,3.21,554300,3.21
2016-02-01,3.20,3.20,3.10,3.18,489800,3.18
2016-01-29,3.07,3.25,2.98,3.19,1133900,3.19
2016-01-28,2.96,3.06,2.89,3.03,1007300,3.03
2016-01-27,3.14,3.15,2.85,2.93,1150900,2.93
2016-01-26,3.21,3.30,3.05,3.13,685800,3.13
2016-01-25,3.28,3.29,3.12,3.14,551700,3.14
2016-01-22,3.27,3.33,3.18,3.25,1182600,3.25
2016-01-21,3.21,3.28,3.07,3.14,798300,3.14
2016-01-20,2.92,3.27,2.90,3.23,2096700,3.23
2016-01-19,3.42,3.55,3.00,3.14,2027600,3.14
2016-01-15,3.33,3.53,3.22,3.31,1923800,3.31
2016-01-14,2.91,3.58,2.87,3.51,4858800,3.51
2016-01-13,3.60,3.61,2.91,2.95,5022600,2.95
2016-01-12,3.96,3.96,3.68,3.71,1673900,3.71
2016-01-11,4.29,4.29,3.57,3.96,4911300,3.96
2016-01-08,4.12,4.54,4.10,4.34,6484100,4.34
2016-01-07,3.89,4.10,3.83,4.01,2665400,4.01
2016-01-06,3.72,3.99,3.64,3.94,3198700,3.94
2016-01-05,3.52,3.63,3.51,3.56,708100,3.56
2016-01-04,3.45,3.55,3.20,3.54,1349400,3.54
2015-12-31,3.61,3.69,3.55,3.58,1283400,3.58
2015-12-30,3.48,3.72,3.40,3.56,1758600,3.56
2015-12-29,3.33,3.45,3.30,3.42,942100,3.42
2015-12-28,3.27,3.44,3.24,3.30,1248700,3.30
2015-12-24,3.21,3.30,3.20,3.27,252200,3.27
2015-12-23,3.18,3.28,3.12,3.26,761800,3.26
2015-12-22,3.28,3.28,3.07,3.10,727100,3.10
2015-12-21,3.21,3.25,3.16,3.21,493700,3.21
2015-12-18,3.24,3.30,3.05,3.16,982500,3.16
2015-12-17,3.25,3.34,3.12,3.17,1332600,3.17
2015-12-16,3.00,3.22,3.00,3.19,1590200,3.19
2015-12-15,2.89,3.05,2.84,3.00,759600,3.00
2015-12-14,2.85,2.94,2.83,2.85,436700,2.85
2015-12-11,2.99,3.02,2.77,2.88,668800,2.88
2015-12-10,2.92,3.05,2.86,3.00,1674400,3.00
2015-12-09,2.96,2.96,2.86,2.89,396500,2.89
2015-12-08,2.87,3.00,2.80,2.96,598300,2.96
2015-12-07,2.92,2.95,2.77,2.83,724600,2.83
2015-12-04,3.00,3.06,2.91,2.96,964600,2.96
2015-12-03,2.91,3.09,2.81,3.00,2069100,3.00
2015-12-02,2.69,2.90,2.61,2.83,1059300,2.83
2015-12-01,2.71,2.71,2.63,2.69,452100,2.69
2015-11-30,2.62,2.71,2.55,2.67,893400,2.67
2015-11-27,2.73,2.73,2.50,2.67,397000,2.67
2015-11-25,2.73,2.75,2.67,2.70,438400,2.70
2015-11-24,2.61,2.71,2.55,2.69,774300,2.69
2015-11-23,2.45,2.63,2.42,2.61,801800,2.61
2015-11-20,2.52,2.55,2.41,2.51,518300,2.51
2015-11-19,2.55,2.60,2.47,2.52,568100,2.52
2015-11-18,2.39,2.65,2.39,2.57,934500,2.57
2015-11-17,2.69,2.69,2.40,2.41,1161900,2.41
2015-11-16,2.61,2.69,2.56,2.69,897000,2.69
2015-11-13,2.92,2.92,2.67,2.73,1006300,2.73
2015-11-12,2.94,2.99,2.83,2.89,716400,2.89
2015-11-11,2.87,2.98,2.82,2.92,921900,2.92
2015-11-10,2.92,2.92,2.70,2.87,1175800,2.87
2015-11-09,2.60,3.07,2.55,2.92,3066300,2.92
2015-11-06,2.59,2.69,2.57,2.62,592600,2.62
2015-11-05,2.64,2.68,2.55,2.65,724300,2.65
2015-11-04,2.50,2.64,2.45,2.59,1242400,2.59
2015-11-03,2.70,2.70,2.22,2.41,2804900,2.41
2015-11-02,2.60,2.90,2.58,2.80,2450400,2.80
2015-10-30,2.52,2.58,2.50,2.57,750000,2.57
2015-10-29,2.53,2.58,2.49,2.52,781400,2.52
2015-10-28,2.47,2.53,2.44,2.53,1220400,2.53
2015-10-27,2.49,2.50,2.37,2.43,548800,2.43
2015-10-26,2.30,2.52,2.29,2.45,1770200,2.45
2015-10-23,2.21,2.30,2.21,2.29,375100,2.29
2015-10-22,2.25,2.31,2.22,2.23,328000,2.23
2015-10-21,2.26,2.30,2.20,2.26,414500,2.26
2015-10-20,2.36,2.38,2.19,2.28,519900,2.28
2015-10-19,2.35,2.39,2.30,2.33,936100,2.33
2015-10-16,2.26,2.40,2.11,2.30,2128100,2.30
2015-10-15,2.00,2.35,1.97,2.31,2208600,2.31
2015-10-14,2.00,2.05,1.94,2.00,486800,2.00
2015-10-13,2.05,2.05,1.95,1.98,609700,1.98
2015-10-12,1.98,2.07,1.87,2.04,1826400,2.04
2015-10-09,1.86,1.95,1.81,1.92,777000,1.92
2015-10-08,1.87,1.90,1.77,1.86,553100,1.86
2015-10-07,1.84,2.00,1.81,1.91,3175900,1.91
2015-10-06,1.62,1.67,1.62,1.66,93700,1.66
2015-10-05,1.61,1.68,1.58,1.60,224500,1.60
2015-10-02,1.56,1.62,1.53,1.62,173500,1.62
2015-10-01,1.57,1.59,1.52,1.53,106200,1.53
2015-09-30,1.61,1.65,1.55,1.58,90400,1.58
2015-09-29,1.57,1.65,1.57,1.60,225900,1.60
2015-09-28,1.53,1.61,1.53,1.56,117500,1.56
2015-09-25,1.62,1.64,1.55,1.57,73700,1.57
2015-09-24,1.55,1.61,1.53,1.61,180100,1.61
2015-09-23,1.64,1.65,1.57,1.58,139900,1.58
2015-09-22,1.65,1.67,1.59,1.64,175100,1.64
2015-09-21,1.69,1.69,1.66,1.67,84900,1.67
2015-09-18,1.69,1.69,1.65,1.66,103600,1.66
2015-09-17,1.66,1.70,1.66,1.67,133800,1.67
2015-09-16,1.60,1.68,1.59,1.66,240300,1.66
2015-09-15,1.55,1.60,1.55,1.58,89100,1.58
2015-09-14,1.58,1.60,1.52,1.56,182600,1.56
2015-09-11,1.57,1.60,1.53,1.60,142100,1.60
2015-09-10,1.59,1.63,1.55,1.59,82100,1.59
2015-09-09,1.63,1.66,1.60,1.60,109500,1.60
2015-09-08,1.69,1.69,1.61,1.61,88800,1.61
2015-09-04,1.69,1.69,1.61,1.67,129000,1.67
2015-09-03,1.65,1.71,1.62,1.69,134500,1.69
2015-09-02,1.61,1.67,1.58,1.65,118300,1.65
2015-09-01,1.64,1.65,1.57,1.59,172200,1.59
2015-08-31,1.62,1.66,1.62,1.63,183100,1.63
2015-08-28,1.61,1.68,1.56,1.64,302700,1.64
2015-08-27,1.50,1.60,1.50,1.59,366500,1.59
2015-08-26,1.55,1.55,1.47,1.51,290000,1.51
2015-08-25,1.52,1.55,1.50,1.55,179400,1.55
2015-08-24,1.50,1.55,1.47,1.53,363500,1.53
2015-08-21,1.58,1.59,1.53,1.55,185900,1.55
2015-08-20,1.60,1.61,1.58,1.60,120900,1.60
2015-08-19,1.63,1.64,1.58,1.61,184700,1.61
2015-08-18,1.63,1.64,1.59,1.63,145100,1.63
2015-08-17,1.59,1.61,1.55,1.60,166300,1.60
2015-08-14,1.63,1.63,1.56,1.59,210600,1.59
2015-08-13,1.66,1.67,1.58,1.59,162300,1.59
2015-08-12,1.65,1.73,1.58,1.64,394400,1.64
2015-08-11,1.69,1.73,1.55,1.61,581400,1.61
2015-08-10,1.63,1.72,1.60,1.71,300400,1.71
2015-08-07,1.67,1.67,1.60,1.64,209400,1.64
2015-08-06,1.67,1.69,1.62,1.65,228500,1.65
2015-08-05,1.70,1.71,1.62,1.70,273900,1.70
2015-08-04,1.74,1.78,1.70,1.71,244000,1.71
2015-08-03,1.91,1.91,1.67,1.74,439300,1.74
2015-07-31,1.88,1.89,1.80,1.88,463100,1.88
2015-07-30,2.00,2.17,1.81,1.83,3880600,1.83
2015-07-29,1.72,1.86,1.70,1.81,595500,1.81
2015-07-28,1.68,1.75,1.66,1.72,389500,1.72
2015-07-27,1.64,1.66,1.63,1.64,266500,1.64
2015-07-24,1.63,1.67,1.63,1.64,213300,1.64
2015-07-23,1.63,1.65,1.63,1.63,112700,1.63
2015-07-22,1.68,1.68,1.63,1.64,186700,1.64
2015-07-21,1.64,1.69,1.62,1.63,270900,1.63
2015-07-20,1.71,1.71,1.62,1.64,184200,1.64
2015-07-17,1.66,1.67,1.62,1.67,135500,1.67
2015-07-16,1.66,1.69,1.60,1.65,215600,1.65
2015-07-15,1.76,1.76,1.64,1.67,182000,1.67
2015-07-14,1.69,1.74,1.66,1.74,373600,1.74
2015-07-13,1.64,1.69,1.64,1.68,206400,1.68
2015-07-10,1.60,1.67,1.60,1.66,364500,1.66
2015-07-09,1.56,1.65,1.56,1.60,242600,1.60
2015-07-08,1.55,1.58,1.53,1.56,159300,1.56
2015-07-07,1.61,1.61,1.52,1.57,284900,1.57
2015-07-06,1.62,1.65,1.52,1.63,370200,1.63
2015-07-02,1.66,1.68,1.56,1.60,502300,1.60
2015-07-01,1.71,1.72,1.66,1.66,155500,1.66
2015-06-30,1.64,1.76,1.63,1.70,551200,1.70
2015-06-29,1.69,1.73,1.63,1.70,697400,1.70
2015-06-26,1.82,1.85,1.70,1.73,574400,1.73
2015-06-25,1.86,1.93,1.79,1.81,1337300,1.81
2015-06-24,1.79,2.00,1.66,1.84,8817100,1.84
2015-06-23,1.33,1.44,1.33,1.44,417900,1.44
2015-06-22,1.37,1.40,1.32,1.33,384200,1.33
2015-06-19,1.38,1.39,1.32,1.39,408600,1.39
2015-06-18,1.40,1.42,1.36,1.38,287400,1.38
2015-06-17,1.40,1.43,1.39,1.40,122300,1.40
2015-06-16,1.41,1.44,1.39,1.42,177800,1.42
2015-06-15,1.45,1.46,1.39,1.43,234900,1.43
2015-06-12,1.41,1.45,1.40,1.45,142700,1.45
2015-06-11,1.41,1.44,1.38,1.39,196100,1.39
2015-06-10,1.36,1.42,1.35,1.41,323200,1.41
2015-06-09,1.42,1.43,1.35,1.36,415000,1.36
2015-06-08,1.45,1.46,1.40,1.43,156200,1.43
2015-06-05,1.40,1.48,1.40,1.46,218600,1.46
2015-06-04,1.45,1.48,1.40,1.41,345800,1.41
2015-06-03,1.51,1.55,1.44,1.46,671100,1.46
2015-06-02,1.55,1.56,1.52,1.54,203100,1.54
2015-06-01,1.52,1.58,1.50,1.52,993000,1.52
2015-05-29,1.48,1.60,1.45,1.53,515100,1.53
2015-05-28,1.53,1.59,1.52,1.52,315100,1.52
2015-05-27,1.56,1.62,1.51,1.53,480500,1.53
2015-05-26,1.65,1.65,1.48,1.56,858800,1.56
2015-05-22,1.62,1.66,1.61,1.64,107600,1.64
2015-05-21,1.62,1.67,1.59,1.63,228800,1.63
2015-05-20,1.64,1.72,1.62,1.64,180100,1.64
2015-05-19,1.65,1.68,1.62,1.64,126000,1.64
2015-05-18,1.68,1.71,1.61,1.63,507700,1.63
2015-05-15,1.74,1.74,1.70,1.71,85300,1.71
2015-05-14,1.67,1.75,1.67,1.71,184700,1.71
2015-05-13,1.67,1.70,1.64,1.67,86200,1.67
2015-05-12,1.70,1.72,1.63,1.67,249800,1.67
2015-05-11,1.70,1.71,1.61,1.69,374400,1.69
2015-05-08,1.78,1.78,1.68,1.69,263300,1.69
2015-05-07,1.80,1.88,1.74,1.75,964500,1.75
2015-05-06,1.71,1.72,1.64,1.64,317600,1.64
2015-05-05,1.74,1.76,1.70,1.72,181800,1.72
2015-05-04,1.73,1.74,1.71,1.71,157100,1.71
2015-05-01,1.77,1.81,1.72,1.74,158500,1.74
2015-04-30,1.78,1.80,1.76,1.78,146400,1.78
2015-04-29,1.74,1.81,1.74,1.76,172900,1.76
2015-04-28,1.73,1.78,1.73,1.76,117800,1.76
2015-04-27,1.80,1.85,1.72,1.72,256100,1.72
2015-04-24,1.74,1.78,1.74,1.78,85300,1.78
2015-04-23,1.74,1.77,1.72,1.75,135100,1.75
2015-04-22,1.75,1.81,1.71,1.73,221300,1.73
2015-04-21,1.80,1.81,1.75,1.78,119400,1.78
2015-04-20,1.75,1.79,1.73,1.77,99400,1.77
2015-04-17,1.74,1.80,1.74,1.76,151300,1.76
2015-04-16,1.71,1.78,1.71,1.76,167600,1.76
2015-04-15,1.68,1.80,1.66,1.71,244300,1.71
2015-04-14,1.73,1.74,1.68,1.70,126500,1.70
2015-04-13,1.72,1.77,1.69,1.74,341900,1.74
2015-04-10,1.76,1.81,1.75,1.75,297000,1.75
2015-04-09,1.82,1.85,1.78,1.79,76400,1.79
2015-04-08,1.85,1.88,1.80,1.82,175000,1.82
2015-04-07,1.86,1.86,1.83,1.84,126700,1.84
2015-04-06,1.75,1.85,1.75,1.84,247900,1.84
2015-04-02,1.86,1.86,1.80,1.80,194900,1.80
2015-04-01,1.85,1.88,1.83,1.83,127100,1.83
2015-03-31,1.85,1.91,1.85,1.86,90100,1.86
2015-03-30,1.95,1.95,1.87,1.88,140900,1.88
2015-03-27,1.86,1.98,1.86,1.93,184100,1.93
2015-03-26,1.91,1.93,1.87,1.89,169800,1.89
2015-03-25,1.95,1.98,1.90,1.94,452800,1.94
2015-03-24,1.94,1.98,1.93,1.97,125200,1.97
2015-03-23,1.94,2.00,1.88,1.94,340300,1.94
2015-03-20,1.99,2.04,1.92,1.98,314200,1.98
2015-03-19,1.96,2.03,1.94,1.99,187400,1.99
2015-03-18,1.90,1.95,1.87,1.93,152000,1.93
2015-03-17,1.89,1.90,1.85,1.89,167900,1.89
2015-03-16,1.93,1.93,1.85,1.89,489600,1.89
2015-03-13,2.02,2.02,1.92,1.93,178400,1.93
2015-03-12,1.92,2.06,1.92,2.04,791900,2.04
2015-03-11,1.90,1.99,1.84,1.92,305100,1.92
2015-03-10,1.94,1.98,1.81,1.88,622500,1.88
2015-03-09,2.09,2.14,1.99,1.99,426900,1.99
2015-03-06,2.14,2.17,2.06,2.08,338800,2.08
2015-03-05,2.15,2.22,2.10,2.14,634700,2.14
2015-03-04,2.03,2.15,2.00,2.12,607700,2.12
2015-03-03,2.02,2.08,1.95,2.05,418500,2.05
2015-03-02,2.01,2.03,1.90,2.01,855600,2.01
2015-02-27,2.09,2.09,1.84,1.94,1215500,1.94
2015-02-26,1.90,1.96,1.87,1.94,505500,1.94
2015-02-25,1.92,1.92,1.85,1.89,324200,1.89
2015-02-24,1.86,1.95,1.85,1.93,1086300,1.93
2015-02-23,1.84,1.85,1.80,1.85,272900,1.85
2015-02-20,1.71,1.86,1.71,1.79,716200,1.79
2015-02-19,1.67,1.74,1.65,1.71,250700,1.71
2015-02-18,1.67,1.73,1.67,1.70,147700,1.70
2015-02-17,1.78,1.79,1.67,1.70,286100,1.70
2015-02-13,1.75,1.81,1.75,1.78,153900,1.78
2015-02-12,1.77,1.87,1.75,1.76,476800,1.76
2015-02-11,1.80,1.80,1.74,1.75,117900,1.75
2015-02-10,1.74,1.80,1.67,1.77,274400,1.77
2015-02-09,1.74,1.80,1.72,1.72,385800,1.72
2015-02-06,1.75,1.75,1.67,1.70,157000,1.70
2015-02-05,1.75,1.77,1.68,1.72,202500,1.72
2015-02-04,1.78,1.81,1.71,1.73,261500,1.73
2015-02-03,1.73,1.80,1.71,1.76,255400,1.76
2015-02-02,1.61,1.78,1.61,1.75,386800,1.75
2015-01-30,1.69,1.71,1.62,1.62,310200,1.62
2015-01-29,1.80,1.81,1.69,1.73,343000,1.73
2015-01-28,1.89,1.90,1.76,1.77,435100,1.77
2015-01-27,1.88,1.90,1.76,1.85,841900,1.85
2015-01-26,1.70,1.90,1.68,1.83,2724600,1.83
2015-01-23,1.42,1.57,1.42,1.57,301800,1.57
2015-01-22,1.48,1.48,1.42,1.45,128300,1.45
2015-01-21,1.52,1.57,1.46,1.48,128200,1.48
2015-01-20,1.40,1.58,1.40,1.53,466100,1.53
2015-01-16,1.40,1.43,1.40,1.42,106100,1.42
2015-01-15,1.44,1.49,1.41,1.42,360600,1.42
2015-01-14,1.49,1.49,1.43,1.44,244500,1.44
2015-01-13,1.44,1.50,1.43,1.49,407800,1.49
2015-01-12,1.43,1.46,1.40,1.43,309800,1.43
2015-01-09,1.44,1.46,1.40,1.42,233100,1.42
2015-01-08,1.44,1.46,1.39,1.43,291800,1.43
2015-01-07,1.50,1.51,1.41,1.44,382700,1.44
2015-01-06,1.56,1.59,1.49,1.52,196200,1.52
2015-01-05,1.55,1.61,1.55,1.55,244500,1.55
2015-01-02,1.52,1.55,1.51,1.55,108800,1.55
2014-12-31,1.51,1.56,1.48,1.53,602700,1.53
2014-12-30,1.54,1.59,1.51,1.52,246200,1.52
2014-12-29,1.56,1.65,1.55,1.55,374700,1.55
2014-12-26,1.53,1.60,1.50,1.59,324500,1.59
2014-12-24,1.51,1.53,1.50,1.51,201100,1.51
2014-12-23,1.55,1.56,1.50,1.51,250100,1.51
2014-12-22,1.55,1.61,1.52,1.55,282600,1.55
2014-12-19,1.60,1.64,1.55,1.60,310200,1.60
2014-12-18,1.55,1.60,1.53,1.59,317300,1.59
2014-12-17,1.51,1.57,1.51,1.54,140800,1.54
2014-12-16,1.54,1.57,1.50,1.51,364700,1.51
2014-12-15,1.67,1.67,1.54,1.58,343200,1.58
2014-12-12,1.65,1.66,1.61,1.65,165500,1.65
2014-12-11,1.67,1.70,1.60,1.63,435100,1.63
2014-12-10,1.58,1.66,1.58,1.62,401000,1.62
2014-12-09,1.61,1.65,1.58,1.59,199000,1.59
2014-12-08,1.65,1.66,1.60,1.61,410300,1.61
2014-12-05,1.65,1.69,1.61,1.61,246100,1.61
2014-12-04,1.73,1.73,1.60,1.64,163500,1.64
2014-12-03,1.62,1.66,1.62,1.62,117600,1.62
2014-12-02,1.72,1.72,1.58,1.58,270500,1.58
2014-12-01,1.72,1.74,1.67,1.69,165600,1.69
2014-11-28,1.74,1.75,1.72,1.74,55400,1.74
2014-11-26,1.76,1.77,1.70,1.76,177300,1.76
2014-11-25,1.71,1.74,1.70,1.73,96500,1.73
2014-11-24,1.80,1.80,1.72,1.72,164700,1.72
2014-11-21,1.78,1.79,1.72,1.75,185600,1.75
2014-11-20,1.74,1.76,1.72,1.76,151700,1.76
2014-11-19,1.79,1.80,1.71,1.76,295600,1.76
2014-11-18,1.80,1.81,1.77,1.80,244500,1.80
2014-11-17,1.80,1.84,1.80,1.81,128700,1.81
2014-11-14,1.80,1.85,1.80,1.82,169300,1.82
2014-11-13,1.75,1.85,1.75,1.78,227100,1.78
2014-11-12,1.76,1.79,1.75,1.75,252000,1.75
2014-11-11,1.83,1.84,1.75,1.76,420700,1.76
2014-11-10,1.82,1.85,1.81,1.83,149000,1.83
2014-11-07,1.88,1.90,1.80,1.81,415000,1.81
2014-11-06,2.05,2.12,1.86,1.88,1679700,1.88
2014-11-05,1.97,1.97,1.84,1.86,347400,1.86
2014-11-04,1.91,1.96,1.90,1.94,180100,1.94
2014-11-03,2.00,2.01,1.90,1.90,226800,1.90
2014-10-31,1.92,2.00,1.92,1.98,482300,1.98
2014-10-30,1.86,1.92,1.86,1.90,122900,1.90
2014-10-29,1.88,1.88,1.84,1.88,124900,1.88
2014-10-28,1.83,1.90,1.81,1.87,226800,1.87
2014-10-27,1.84,1.90,1.81,1.82,213600,1.82
2014-10-24,1.83,1.88,1.81,1.83,151400,1.83
2014-10-23,1.85,1.85,1.77,1.81,168700,1.81
2014-10-22,1.91,1.92,1.80,1.80,323000,1.80
2014-10-21,1.83,1.90,1.81,1.90,193000,1.90
2014-10-20,1.82,1.86,1.80,1.83,186200,1.83
2014-10-17,1.75,1.84,1.74,1.82,539400,1.82
2014-10-16,1.67,1.75,1.62,1.69,538800,1.69
2014-10-15,1.70,1.70,1.59,1.67,561900,1.67
2014-10-14,1.78,1.78,1.68,1.72,473100,1.72
2014-10-13,1.82,1.84,1.73,1.74,380900,1.74
2014-10-10,1.90,1.90,1.75,1.86,385300,1.86
2014-10-09,1.90,1.92,1.84,1.92,211300,1.92
2014-10-08,1.87,1.90,1.75,1.87,370500,1.87
2014-10-07,1.89,1.90,1.85,1.87,148100,1.87
2014-10-06,1.93,1.95,1.86,1.91,205700,1.91
2014-10-03,1.93,1.96,1.89,1.91,146900,1.91
2014-10-02,1.89,1.94,1.85,1.94,151400,1.94
2014-10-01,1.94,1.95,1.86,1.87,276200,1.87
2014-09-30,2.00,2.04,1.91,1.97,330100,1.97
2014-09-29,1.95,2.04,1.92,2.01,507100,2.01
2014-09-26,2.01,2.03,1.98,1.99,183600,1.99
2014-09-25,2.04,2.08,1.97,2.01,452800,2.01
2014-09-24,1.95,2.08,1.95,2.02,447800,2.02
2014-09-23,1.90,2.00,1.83,1.93,379700,1.93
2014-09-22,1.97,1.99,1.91,1.92,391400,1.92
2014-09-19,2.09,2.10,1.92,2.00,1223900,2.00
2014-09-18,2.14,2.15,2.08,2.09,343700,2.09
2014-09-17,2.10,2.16,2.10,2.14,116600,2.14
2014-09-16,2.15,2.17,2.09,2.12,351600,2.12
2014-09-15,2.19,2.19,2.12,2.15,514900,2.15
2014-09-12,2.19,2.21,2.16,2.21,236000,2.21
2014-09-11,2.18,2.24,2.15,2.21,275300,2.21
2014-09-10,2.20,2.23,2.13,2.19,367000,2.19
2014-09-09,2.24,2.26,2.15,2.16,478600,2.16
2014-09-08,2.18,2.29,2.18,2.22,612300,2.22
2014-09-05,2.21,2.24,2.11,2.15,644600,2.15
2014-09-04,2.23,2.24,2.18,2.21,493800,2.21
2014-09-03,2.28,2.30,2.17,2.23,412200,2.23
2014-09-02,2.32,2.32,2.24,2.26,254500,2.26
2014-08-29,2.21,2.30,2.21,2.30,387500,2.30
2014-08-28,2.25,2.28,2.17,2.21,575100,2.21
2014-08-27,2.25,2.30,2.23,2.27,327400,2.27
2014-08-26,2.36,2.42,2.25,2.28,535100,2.28
2014-08-25,2.42,2.48,2.32,2.36,410400,2.36
2014-08-22,2.55,2.58,2.36,2.42,623200,2.42
2014-08-21,2.51,2.65,2.48,2.52,829100,2.52
2014-08-20,2.47,2.48,2.36,2.45,415300,2.45
2014-08-19,2.37,2.53,2.36,2.48,1350100,2.48
2014-08-18,2.26,2.40,2.26,2.34,787200,2.34
2014-08-15,2.27,2.36,2.22,2.27,737900,2.27
2014-08-14,2.22,2.27,2.18,2.26,503900,2.26
2014-08-13,2.25,2.25,2.15,2.21,255200,2.21
2014-08-12,2.26,2.26,2.20,2.22,427400,2.22
2014-08-11,2.13,2.30,2.12,2.26,980300,2.26
2014-08-08,2.19,2.21,2.11,2.12,452100,2.12
2014-08-07,2.20,2.25,2.15,2.19,301800,2.19
2014-08-06,2.18,2.25,2.11,2.19,288500,2.19
2014-08-05,2.25,2.27,2.08,2.17,692800,2.17
2014-08-04,2.30,2.41,2.20,2.27,1334600,2.27
2014-08-01,2.39,2.40,2.20,2.21,1183400,2.21
2014-07-31,2.37,2.40,2.23,2.36,723800,2.36
2014-07-30,2.46,2.49,2.30,2.38,719100,2.38
2014-07-29,2.15,2.40,2.15,2.40,1986600,2.40
2014-07-28,2.13,2.18,2.08,2.10,330800,2.10
2014-07-25,2.16,2.16,2.11,2.14,236000,2.14
2014-07-24,2.08,2.19,2.08,2.16,723600,2.16
2014-07-23,2.03,2.13,2.02,2.07,3886300,2.07
2014-07-22,2.23,2.39,2.21,2.31,483500,2.31
2014-07-21,2.24,2.30,2.22,2.22,322400,2.22
2014-07-18,2.26,2.31,2.20,2.28,231600,2.28
2014-07-17,2.35,2.41,2.20,2.22,649700,2.22
2014-07-16,2.35,2.47,2.35,2.39,454500,2.39
2014-07-15,2.51,2.55,2.35,2.39,818600,2.39
2014-07-14,2.65,2.65,2.49,2.50,398500,2.50
2014-07-11,2.62,2.69,2.59,2.61,440500,2.61
2014-07-10,2.65,2.65,2.45,2.58,684700,2.58
2014-07-09,2.46,2.66,2.43,2.65,963400,2.65
2014-07-08,2.60,2.61,2.40,2.43,1060100,2.43
2014-07-07,2.83,2.83,2.40,2.60,1067500,2.60
2014-07-03,2.77,2.84,2.71,2.81,345600,2.81
2014-07-02,2.85,3.00,2.72,2.77,1118000,2.77
2014-07-01,2.71,2.91,2.67,2.78,888300,2.78
2014-06-30,2.67,2.74,2.60,2.72,542100,2.72
2014-06-27,2.72,2.75,2.67,2.69,491100,2.69
2014-06-26,2.82,2.83,2.65,2.75,841400,2.75
2014-06-25,2.63,2.86,2.56,2.76,2124300,2.76
2014-06-24,2.39,2.82,2.38,2.65,3912000,2.65
2014-06-23,2.28,2.37,2.20,2.35,850500,2.35
2014-06-20,2.25,2.33,2.20,2.27,656000,2.27
2014-06-19,2.41,2.41,2.25,2.26,1179400,2.26
2014-06-18,2.15,2.45,2.06,2.37,4498000,2.37
2014-06-17,2.01,2.01,1.93,1.93,336500,1.93
2014-06-16,1.93,2.00,1.90,1.98,260900,1.98
2014-06-13,2.05,2.10,1.93,1.95,465200,1.95
2014-06-12,1.92,2.15,1.90,2.00,1977000,2.00
2014-06-11,1.80,1.87,1.80,1.85,160000,1.85
2014-06-10,1.87,1.92,1.84,1.84,265100,1.84
2014-06-09,1.86,1.97,1.86,1.89,286800,1.89
2014-06-06,1.89,1.92,1.86,1.87,158300,1.87
2014-06-05,1.83,1.90,1.82,1.85,181300,1.85
2014-06-04,1.83,1.85,1.79,1.83,307100,1.83
2014-06-03,1.99,1.99,1.85,1.86,471000,1.86
2014-06-02,2.07,2.07,1.95,1.99,202800,1.99
2014-05-30,2.14,2.14,1.99,2.05,262800,2.05
2014-05-29,2.03,2.19,2.03,2.10,376600,2.10
2014-05-28,2.00,2.06,1.96,2.01,480900,2.01
2014-05-27,2.01,2.03,1.92,2.02,206300,2.02
2014-05-23,1.92,2.02,1.92,1.98,272000,1.98
2014-05-22,1.91,2.03,1.89,1.96,503100,1.96
2014-05-21,1.94,2.00,1.86,1.90,291500,1.90
2014-05-20,1.96,2.04,1.92,1.96,283500,1.96
2014-05-19,1.88,1.99,1.84,1.98,473200,1.98
2014-05-16,1.77,2.00,1.71,1.88,1932800,1.88
2014-05-15,2.25,2.27,2.03,2.05,556400,2.05
2014-05-14,2.25,2.40,2.21,2.23,527500,2.23
2014-05-13,2.26,2.40,2.26,2.27,377800,2.27
2014-05-12,2.28,2.38,2.25,2.29,477900,2.29
2014-05-09,2.24,2.36,2.13,2.24,1048000,2.24
2014-05-08,2.73,2.79,2.32,2.40,1736000,2.40
2014-05-07,3.14,3.14,3.01,3.09,749100,3.09
2014-05-06,3.02,3.25,3.02,3.11,873700,3.11
2014-05-05,2.85,3.18,2.78,3.08,888500,3.08
2014-05-02,2.79,2.89,2.76,2.83,322000,2.83
2014-05-01,2.81,2.94,2.75,2.78,353000,2.78
2014-04-30,2.74,2.80,2.65,2.78,298300,2.78
2014-04-29,2.66,2.82,2.66,2.76,194100,2.76
2014-04-28,2.62,2.75,2.58,2.65,394700,2.65
2014-04-25,2.89,2.89,2.66,2.67,587700,2.67
2014-04-24,3.01,3.06,2.88,2.90,323600,2.90
2014-04-23,3.04,3.05,2.92,2.92,172600,2.92
2014-04-22,3.05,3.15,3.01,3.05,342900,3.05
2014-04-21,3.00,3.05,2.85,3.04,389400,3.04
2014-04-17,2.95,3.01,2.75,2.94,400900,2.94
2014-04-16,2.87,2.94,2.72,2.93,285900,2.93
2014-04-15,2.92,3.00,2.56,2.84,823900,2.84
2014-04-14,3.08,3.11,2.85,2.94,552800,2.94
2014-04-11,3.04,3.14,3.01,3.11,526800,3.11
2014-04-10,3.38,3.44,3.04,3.12,1616900,3.12
2014-04-09,3.20,3.34,3.08,3.32,988900,3.32
2014-04-08,3.02,3.20,2.95,3.15,471500,3.15
2014-04-07,3.06,3.15,3.00,3.03,515400,3.03
2014-04-04,3.23,3.27,3.03,3.06,842300,3.06
2014-04-03,3.31,3.43,3.15,3.18,788900,3.18
2014-04-02,3.34,3.43,3.17,3.41,920600,3.41
2014-04-01,3.29,3.43,3.28,3.34,1117300,3.34
2014-03-31,3.09,3.27,3.06,3.26,613900,3.26
2014-03-28,3.07,3.15,3.00,3.10,1112400,3.10
2014-03-27,2.97,3.17,2.81,3.14,976600,3.14
2014-03-26,3.18,3.18,2.92,2.99,1715600,2.99
2014-03-25,3.45,3.47,3.19,3.20,930200,3.20
2014-03-24,3.51,3.51,3.05,3.46,1747600,3.46
2014-03-21,3.67,3.67,3.42,3.52,976500,3.52
2014-03-20,3.73,3.79,3.50,3.63,1092500,3.63
2014-03-19,3.51,3.73,3.39,3.62,2371100,3.62
2014-03-18,3.43,3.57,3.41,3.43,1052700,3.43
2014-03-17,3.48,3.58,3.15,3.43,1907700,3.43
2014-03-14,4.00,4.05,3.42,3.42,4553900,3.42
2014-03-13,3.99,4.07,3.60,3.65,2214700,3.65
2014-03-12,3.40,3.97,3.25,3.89,2784800,3.89
2014-03-11,4.21,4.28,3.40,3.54,4235500,3.54
2014-03-10,4.10,4.39,3.90,4.17,5676900,4.17
2014-03-07,3.23,3.81,3.16,3.78,3747500,3.78
2014-03-06,3.01,3.30,2.95,3.22,2947900,3.22
2014-03-05,2.88,3.05,2.82,3.00,1715700,3.00
2014-03-04,2.90,3.02,2.72,2.81,2992300,2.81
2014-03-03,2.58,2.84,2.57,2.84,460000,2.84
2014-02-28,2.70,2.71,2.60,2.66,594500,2.66
2014-02-27,2.60,2.78,2.58,2.73,1180000,2.73
2014-02-26,2.54,2.58,2.50,2.54,447900,2.54
2014-02-25,2.48,2.55,2.48,2.50,566200,2.50
2014-02-24,2.59,2.65,2.44,2.45,928000,2.45
2014-02-21,2.65,2.67,2.55,2.56,999700,2.56
2014-02-20,2.75,2.92,2.61,2.69,4328100,2.69
2014-02-19,2.53,2.58,2.36,2.44,1105600,2.44
2014-02-18,2.66,2.68,2.51,2.57,925500,2.57
2014-02-14,2.73,2.74,2.60,2.66,725200,2.66
2014-02-13,2.68,2.78,2.62,2.66,809500,2.66
2014-02-12,2.68,2.73,2.58,2.69,896400,2.69
2014-02-11,2.61,2.84,2.54,2.72,2156700,2.72
2014-02-10,2.61,2.68,2.44,2.58,1776600,2.58
2014-02-07,2.44,2.70,2.42,2.59,4335800,2.59
2014-02-06,2.33,2.43,2.19,2.42,1675100,2.42
2014-02-05,2.14,2.28,2.07,2.25,779000,2.25
2014-02-04,2.21,2.23,2.14,2.17,623100,2.17
2014-02-03,2.33,2.40,2.16,2.22,1012100,2.22
2014-01-31,2.17,2.44,2.16,2.33,1905500,2.33
2014-01-30,2.27,2.30,2.13,2.23,1856100,2.23
2014-01-29,2.07,2.09,1.98,2.01,609200,2.01
2014-01-28,2.09,2.13,2.07,2.08,245700,2.08
2014-01-27,2.17,2.20,1.96,2.06,1086500,2.06
2014-01-24,2.07,2.25,2.05,2.12,1804300,2.12
2014-01-23,2.16,2.21,2.06,2.10,398800,2.10
2014-01-22,2.15,2.23,2.12,2.18,315100,2.18
2014-01-21,2.35,2.35,2.15,2.16,718900,2.16
2014-01-17,2.33,2.33,2.25,2.26,394100,2.26
2014-01-16,2.26,2.38,2.17,2.33,867600,2.33
2014-01-15,2.30,2.41,2.21,2.29,1819000,2.29
2014-01-14,2.05,2.30,2.05,2.28,1933400,2.28
2014-01-13,2.18,2.23,2.01,2.03,715900,2.03
2014-01-10,2.10,2.24,2.04,2.20,1443800,2.20
2014-01-09,2.04,2.15,2.03,2.08,637500,2.08
2014-01-08,2.12,2.25,2.01,2.08,4939800,2.08
2014-01-07,1.82,1.82,1.76,1.80,211400,1.80
2014-01-06,1.80,1.83,1.76,1.80,112300,1.80
2014-01-03,1.85,1.85,1.72,1.81,269200,1.81
2014-01-02,1.83,1.84,1.76,1.84,235900,1.84
2013-12-31,1.77,1.83,1.76,1.83,459300,1.83
2013-12-30,1.81,1.82,1.78,1.79,282100,1.79
2013-12-27,1.82,1.85,1.79,1.80,317900,1.80
2013-12-26,1.80,1.84,1.76,1.81,393000,1.81
2013-12-24,1.81,1.82,1.76,1.79,167300,1.79
2013-12-23,1.67,1.82,1.67,1.80,882500,1.80
2013-12-20,1.71,1.73,1.65,1.65,293200,1.65
2013-12-19,1.67,1.77,1.66,1.70,268600,1.70
2013-12-18,1.66,1.71,1.65,1.69,233100,1.69
2013-12-17,1.67,1.70,1.61,1.69,389300,1.69
2013-12-16,1.70,1.72,1.65,1.68,381700,1.68
2013-12-13,1.69,1.73,1.69,1.72,187700,1.72
2013-12-12,1.70,1.72,1.69,1.69,193500,1.69
2013-12-11,1.79,1.79,1.68,1.70,137000,1.70
2013-12-10,1.75,1.75,1.67,1.74,235200,1.74
2013-12-09,1.76,1.78,1.73,1.76,144400,1.76
2013-12-06,1.78,1.78,1.73,1.74,192000,1.74
2013-12-05,1.76,1.80,1.74,1.77,229000,1.77
2013-12-04,1.77,1.81,1.75,1.78,208200,1.78
2013-12-03,1.80,1.85,1.76,1.80,366800,1.80
2013-12-02,1.84,1.84,1.79,1.82,235300,1.82
2013-11-29,1.85,1.86,1.81,1.84,224000,1.84
2013-11-27,1.77,1.85,1.77,1.83,308500,1.83
2013-11-26,1.80,1.84,1.76,1.78,252300,1.78
2013-11-25,1.84,1.85,1.75,1.79,306200,1.79
2013-11-22,1.80,1.83,1.77,1.83,276600,1.83
2013-11-21,1.75,1.79,1.74,1.79,200100,1.79
2013-11-20,1.79,1.80,1.72,1.74,548700,1.74
2013-11-19,1.82,1.87,1.77,1.79,494500,1.79
2013-11-18,1.79,1.90,1.79,1.82,675800,1.82
2013-11-15,1.82,1.84,1.78,1.80,244100,1.80
2013-11-14,1.79,1.81,1.73,1.80,352300,1.80
2013-11-13,1.77,1.83,1.76,1.79,626500,1.79
2013-11-12,1.83,1.87,1.77,1.80,505200,1.80
2013-11-11,1.88,1.89,1.82,1.86,413900,1.86
2013-11-08,1.85,1.95,1.83,1.88,483400,1.88
2013-11-07,1.98,2.00,1.83,1.84,1278300,1.84
2013-11-06,2.30,2.38,1.91,1.99,2299600,1.99
2013-11-05,2.16,2.30,2.15,2.23,946600,2.23
2013-11-04,2.17,2.18,2.07,2.15,625800,2.15
2013-11-01,2.20,2.24,2.07,2.14,776600,2.14
2013-10-31,2.21,2.31,2.15,2.19,1021800,2.19
2013-10-30,2.45,2.48,2.20,2.29,2070700,2.29
2013-10-29,2.11,2.41,2.11,2.40,4526800,2.40
2013-10-28,2.14,2.16,2.05,2.09,426200,2.09
2013-10-25,2.15,2.16,2.05,2.09,358200,2.09
2013-10-24,2.21,2.21,2.07,2.12,741200,2.12
2013-10-23,2.00,2.23,1.96,2.15,1416900,2.15
2013-10-22,2.10,2.11,1.92,1.99,920400,1.99
2013-10-21,2.17,2.17,2.05,2.11,1243300,2.11
2013-10-18,1.90,2.20,1.90,2.16,3891000,2.16
2013-10-17,1.79,1.90,1.79,1.86,460400,1.86
2013-10-16,1.82,1.86,1.80,1.80,144000,1.80
2013-10-15,1.89,1.89,1.79,1.81,244800,1.81
2013-10-14,1.78,1.87,1.76,1.87,218500,1.87
2013-10-11,1.79,1.82,1.75,1.80,216600,1.80
2013-10-10,1.79,1.82,1.76,1.78,241000,1.78
2013-10-09,1.81,1.85,1.73,1.77,292100,1.77
2013-10-08,1.90,1.96,1.76,1.81,630800,1.81
2013-10-07,1.80,1.90,1.79,1.89,974600,1.89
2013-10-04,1.74,1.82,1.74,1.79,638800,1.79
2013-10-03,1.74,1.76,1.71,1.74,153400,1.74
2013-10-02,1.77,1.78,1.73,1.74,253000,1.74
2013-10-01,1.80,1.80,1.75,1.76,205900,1.76
2013-09-30,1.77,1.81,1.73,1.81,287700,1.81
2013-09-27,1.81,1.82,1.76,1.79,320800,1.79
2013-09-26,1.80,1.82,1.77,1.81,244700,1.81
2013-09-25,1.80,1.82,1.76,1.79,248600,1.79
2013-09-24,1.74,1.82,1.71,1.80,555300,1.80
2013-09-23,1.77,1.80,1.71,1.76,464000,1.76
2013-09-20,1.83,1.84,1.77,1.81,404400,1.81
2013-09-19,1.83,1.89,1.80,1.84,495100,1.84
2013-09-18,1.81,1.83,1.77,1.82,440000,1.82
2013-09-17,1.81,1.88,1.81,1.84,379700,1.84
2013-09-16,1.93,1.94,1.81,1.86,476000,1.86
2013-09-13,1.96,1.96,1.91,1.93,273500,1.93
2013-09-12,2.00,2.05,1.94,1.96,1032600,1.96
2013-09-11,1.85,2.02,1.80,2.00,2638600,2.00
2013-09-10,1.80,1.85,1.73,1.85,416300,1.85
2013-09-09,1.82,1.83,1.73,1.78,382800,1.78
2013-09-06,1.82,1.84,1.78,1.82,378200,1.82
2013-09-05,1.76,1.85,1.76,1.82,881200,1.82
2013-09-04,1.74,1.77,1.71,1.76,800100,1.76
2013-09-03,1.71,1.75,1.68,1.73,291000,1.73
2013-08-30,1.68,1.72,1.61,1.72,477800,1.72
2013-08-29,1.68,1.75,1.68,1.69,311500,1.69
2013-08-28,1.70,1.72,1.68,1.71,244100,1.71
2013-08-27,1.72,1.74,1.66,1.70,399000,1.70
2013-08-26,1.67,1.78,1.65,1.74,808600,1.74
2013-08-23,1.65,1.73,1.62,1.71,543600,1.71
2013-08-22,1.59,1.66,1.57,1.63,174300,1.63
2013-08-21,1.56,1.66,1.55,1.60,516500,1.60
2013-08-20,1.66,1.66,1.50,1.56,1104300,1.56
2013-08-19,1.71,1.74,1.63,1.67,874700,1.67
2013-08-16,1.74,1.75,1.70,1.74,552400,1.74
2013-08-15,1.70,1.77,1.68,1.76,951300,1.76
2013-08-14,1.79,1.79,1.70,1.72,772000,1.72
2013-08-13,1.86,1.88,1.75,1.79,1299700,1.79
2013-08-12,1.77,1.86,1.70,1.86,1613800,1.86
2013-08-09,2.27,2.27,1.80,1.80,3684500,1.80
2013-08-08,1.86,1.90,1.76,1.89,1772200,1.89
2013-08-07,1.89,1.93,1.74,1.86,1302200,1.86
2013-08-06,2.02,2.17,1.91,1.94,5297000,1.94
2013-08-05,1.70,1.90,1.70,1.90,2718200,1.90
2013-08-02,1.74,1.77,1.70,1.70,542000,1.70
2013-08-01,1.75,1.77,1.68,1.72,699900,1.72
2013-07-31,1.88,1.88,1.69,1.74,1650500,1.74
2013-07-30,1.68,1.87,1.65,1.84,2743300,1.84
2013-07-29,1.77,1.77,1.67,1.69,252800,1.69
2013-07-26,1.76,1.76,1.68,1.70,341800,1.70
2013-07-25,1.76,1.86,1.70,1.77,1253100,1.77
2013-07-24,1.72,1.73,1.66,1.67,249300,1.67
2013-07-23,1.67,1.74,1.65,1.72,555800,1.72
2013-07-22,1.70,1.71,1.65,1.67,439000,1.67
2013-07-19,1.75,1.77,1.63,1.71,522500,1.71
2013-07-18,1.75,1.85,1.68,1.76,1847200,1.76
2013-07-17,1.70,1.74,1.62,1.64,704100,1.64
2013-07-16,1.70,1.70,1.63,1.67,553600,1.67
2013-07-15,1.80,1.80,1.66,1.67,711200,1.67
2013-07-12,1.84,1.95,1.75,1.79,1710400,1.79
2013-07-11,1.70,1.88,1.68,1.80,1423800,1.80
2013-07-10,1.74,1.75,1.63,1.68,620600,1.68
2013-07-09,1.63,1.80,1.63,1.74,894000,1.74
2013-07-08,1.78,1.80,1.57,1.63,510000,1.63
2013-07-05,1.50,1.84,1.48,1.77,1833000,1.77
2013-07-03,1.50,1.50,1.45,1.45,78300,1.45
2013-07-02,1.56,1.58,1.45,1.48,365300,1.48
2013-07-01,1.61,1.69,1.46,1.55,368700,1.55
2013-06-28,1.63,1.73,1.54,1.63,1998900,1.63
2013-06-27,1.55,1.81,1.52,1.66,2048200,1.66
2013-06-26,1.80,1.82,1.45,1.53,1513600,1.53
2013-06-25,1.33,1.91,1.17,1.82,3341400,1.82
2013-06-24,1.17,1.19,1.07,1.11,396900,1.11
2013-06-21,1.22,1.24,1.16,1.19,276300,1.19
2013-06-20,1.24,1.27,1.20,1.21,333500,1.21
2013-06-19,1.35,1.37,1.28,1.29,174500,1.29
2013-06-18,1.40,1.45,1.32,1.36,243700,1.36
2013-06-17,1.48,1.48,1.39,1.42,246100,1.42
2013-06-14,1.47,1.50,1.46,1.48,79800,1.48
2013-06-13,1.50,1.52,1.47,1.49,67700,1.49
2013-06-12,1.55,1.56,1.49,1.51,170900,1.51
2013-06-11,1.57,1.58,1.51,1.51,108500,1.51
2013-06-10,1.51,1.58,1.51,1.57,122900,1.57
2013-06-07,1.55,1.57,1.52,1.57,60300,1.57
2013-06-06,1.55,1.57,1.50,1.51,142500,1.51
2013-06-05,1.65,1.65,1.50,1.54,301000,1.54
2013-06-04,1.58,1.78,1.55,1.65,668200,1.65
2013-06-03,1.50,1.51,1.40,1.50,273000,1.50
2013-05-31,1.64,1.65,1.50,1.50,260000,1.50
2013-05-30,1.64,1.66,1.58,1.63,101500,1.63
2013-05-29,1.64,1.66,1.61,1.63,59400,1.63
2013-05-28,1.70,1.74,1.66,1.66,101800,1.66
2013-05-24,1.63,1.70,1.58,1.70,143300,1.70
2013-05-23,1.65,1.65,1.60,1.63,107500,1.63
2013-05-22,1.64,1.69,1.64,1.65,116000,1.65
2013-05-21,1.68,1.72,1.64,1.64,143300,1.64
2013-05-20,1.71,1.77,1.67,1.67,216600,1.67
2013-05-17,1.80,1.80,1.69,1.74,143200,1.74
2013-05-16,1.78,1.84,1.72,1.79,144800,1.79
2013-05-15,1.70,1.79,1.68,1.77,310500,1.77
2013-05-14,1.66,1.69,1.62,1.65,138900,1.65
2013-05-13,1.70,1.72,1.66,1.68,108600,1.68
2013-05-10,1.82,1.82,1.66,1.70,292600,1.70
2013-05-09,1.99,1.99,1.80,1.82,374500,1.82
2013-05-08,1.95,2.02,1.94,2.00,109700,2.00
2013-05-07,1.94,2.01,1.93,1.99,167000,1.99
2013-05-06,1.97,2.02,1.93,1.94,68200,1.94
2013-05-03,1.92,1.98,1.89,1.95,150700,1.95
2013-05-02,1.90,1.92,1.85,1.90,111100,1.90
2013-05-01,1.93,1.93,1.78,1.90,186300,1.90
2013-04-30,2.00,2.03,1.90,1.93,60600,1.93
2013-04-29,2.04,2.08,1.96,1.97,94000,1.97
2013-04-26,1.99,2.03,1.99,2.03,171600,2.03
2013-04-25,1.95,2.03,1.95,1.98,310400,1.98
2013-04-24,1.76,1.94,1.75,1.92,276700,1.92
2013-04-23,1.75,1.85,1.72,1.77,107300,1.77
2013-04-22,1.86,1.86,1.71,1.75,204000,1.75
2013-04-19,1.78,1.96,1.78,1.87,143700,1.87
2013-04-18,1.85,1.85,1.77,1.79,260400,1.79
2013-04-17,1.87,1.90,1.83,1.84,154500,1.84
2013-04-16,2.06,2.06,1.81,1.90,334300,1.90
2013-04-15,2.06,2.09,2.01,2.06,155400,2.06
2013-04-12,2.18,2.18,2.08,2.08,103900,2.08
2013-04-11,2.22,2.25,2.12,2.19,130100,2.19
2013-04-10,2.00,2.27,2.00,2.23,283400,2.23
2013-04-09,2.12,2.14,1.96,2.00,188500,2.00
2013-04-08,2.18,2.21,2.03,2.05,120400,2.05
2013-04-05,2.15,2.18,2.10,2.10,99000,2.10
2013-04-04,2.21,2.24,2.14,2.15,157400,2.15
2013-04-03,2.31,2.41,2.20,2.21,354400,2.21
2013-04-02,2.30,2.48,2.28,2.31,513500,2.31
2013-04-01,2.29,2.32,2.21,2.30,224900,2.30
2013-03-28,2.25,2.30,2.21,2.28,234100,2.28
2013-03-27,2.21,2.34,2.21,2.24,124200,2.24
2013-03-26,2.32,2.33,2.22,2.23,164500,2.23
2013-03-25,2.33,2.41,2.30,2.30,108100,2.30
2013-03-22,2.37,2.37,2.31,2.36,99700,2.36
2013-03-21,2.37,2.42,2.34,2.34,81900,2.34
2013-03-20,2.46,2.46,2.33,2.38,104100,2.38
2013-03-19,2.38,2.42,2.32,2.32,213700,2.32
2013-03-18,2.50,2.55,2.40,2.42,146100,2.42
2013-03-15,2.58,2.64,2.50,2.50,170200,2.50
2013-03-14,2.61,2.67,2.53,2.57,111600,2.57
2013-03-13,2.63,2.69,2.50,2.61,219000,2.61
2013-03-12,2.69,2.69,2.39,2.50,237100,2.50
2013-03-11,2.56,2.68,2.55,2.68,194500,2.68
2013-03-08,2.40,2.76,2.35,2.58,826600,2.58
2013-03-07,2.42,2.44,2.20,2.23,319400,2.23
2013-03-06,2.45,2.48,2.38,2.43,121200,2.43
2013-03-05,2.54,2.55,2.45,2.45,90300,2.45
2013-03-04,2.46,2.54,2.38,2.52,78900,2.52
2013-03-01,2.52,2.55,2.45,2.46,212200,2.46
2013-02-28,2.67,2.70,2.53,2.57,85100,2.57
2013-02-27,2.56,2.68,2.56,2.64,131000,2.64
2013-02-26,2.64,2.64,2.51,2.55,146400,2.55
2013-02-25,2.74,2.75,2.62,2.62,123100,2.62
2013-02-22,2.71,2.76,2.70,2.72,66200,2.72
2013-02-21,2.66,2.81,2.63,2.69,206300,2.69
2013-02-20,2.85,2.90,2.62,2.68,374000,2.68
2013-02-19,3.17,3.17,2.85,2.88,485700,2.88
2013-02-15,3.10,3.20,3.00,3.12,751500,3.12
2013-02-14,3.03,3.05,2.83,3.04,440900,3.04
2013-02-13,2.65,3.09,2.65,3.05,724600,3.05
2013-02-12,2.79,2.82,2.66,2.68,60300,2.68
2013-02-11,2.90,2.91,2.76,2.80,65800,2.80
2013-02-08,2.81,2.93,2.76,2.89,195500,2.89
2013-02-07,2.81,2.83,2.72,2.80,155800,2.80
2013-02-06,2.72,3.19,2.61,2.80,381200,2.80
2013-02-05,2.54,2.65,2.54,2.60,90500,2.60
2013-02-04,2.62,2.68,2.54,2.54,93200,2.54
2013-02-01,2.71,2.72,2.60,2.61,211200,2.61
2013-01-31,2.75,2.77,2.65,2.71,154200,2.71
2013-01-30,2.79,2.84,2.72,2.72,153700,2.72
2013-01-29,3.00,3.02,2.80,2.80,133400,2.80
2013-01-28,2.82,3.03,2.79,2.96,266200,2.96
2013-01-25,2.89,2.90,2.75,2.83,97800,2.83
2013-01-24,2.86,2.90,2.82,2.87,98700,2.87
2013-01-23,2.90,2.94,2.85,2.87,87900,2.87
2013-01-22,3.02,3.02,2.79,2.87,128300,2.87
2013-01-18,3.03,3.03,2.84,2.90,198800,2.90
2013-01-17,3.05,3.08,3.03,3.05,97400,3.05
2013-01-16,3.29,3.29,3.01,3.05,160100,3.05
2013-01-15,3.49,3.49,3.19,3.19,114300,3.19
2013-01-14,3.42,3.45,3.25,3.33,83800,3.33
2013-01-11,3.66,3.68,3.39,3.40,151600,3.40
2013-01-10,3.77,3.77,3.51,3.62,113600,3.62
2013-01-09,3.80,3.80,3.56,3.64,127700,3.64
2013-01-08,3.61,3.64,3.50,3.63,91900,3.63
2013-01-07,3.62,3.70,3.54,3.54,73300,3.54
2013-01-04,3.75,3.75,3.48,3.58,135100,3.58
2013-01-03,3.63,3.72,3.55,3.56,192600,3.56
2013-01-02,3.62,3.69,3.49,3.52,364000,3.52
2012-12-31,3.34,3.49,3.31,3.49,259600,3.49
2012-12-28,3.27,3.35,3.25,3.33,87800,3.33
2012-12-27,3.25,3.29,3.23,3.26,101400,3.26
2012-12-26,3.25,3.29,3.18,3.25,109000,3.25
2012-12-24,3.29,3.30,3.15,3.24,35300,3.24
2012-12-21,3.23,3.32,3.10,3.32,192700,3.32
2012-12-20,3.30,3.32,3.22,3.28,73000,3.28
2012-12-19,3.34,3.41,3.21,3.28,107400,3.28
2012-12-18,3.21,3.40,3.21,3.31,105600,3.31
2012-12-17,3.39,3.40,3.20,3.23,115500,3.23
2012-12-14,3.31,3.39,3.15,3.29,121900,3.29
2012-12-13,3.37,3.37,3.20,3.28,45700,3.28
2012-12-12,3.53,3.53,3.25,3.32,76400,3.32
2012-12-11,3.16,3.51,3.12,3.25,134600,3.25
2012-12-10,3.24,3.25,3.15,3.15,58200,3.15
2012-12-07,3.34,3.37,3.16,3.24,38800,3.24
2012-12-06,3.33,3.48,3.21,3.32,69300,3.32
2012-12-05,3.13,3.44,3.03,3.31,223500,3.31
2012-12-04,3.37,3.41,3.06,3.07,165000,3.07
2012-12-03,3.54,3.66,3.39,3.41,130400,3.41
2012-11-30,3.55,3.56,3.47,3.51,132700,3.51
2012-11-29,3.31,3.68,3.31,3.59,744400,3.59
2012-11-28,3.18,3.33,3.18,3.31,112300,3.31
2012-11-27,3.21,3.33,3.17,3.17,143800,3.17
2012-11-26,3.00,3.25,2.98,3.21,234900,3.21
2012-11-23,3.00,3.03,2.89,3.00,82000,3.00
2012-11-21,2.90,3.00,2.87,3.00,98700,3.00
2012-11-20,3.12,3.14,2.90,2.93,166000,2.93
2012-11-19,3.33,3.35,3.00,3.11,202400,3.11
2012-11-16,3.14,3.49,2.88,3.33,776100,3.33
2012-11-15,2.21,3.20,2.21,3.15,898000,3.15
2012-11-14,2.38,2.45,2.14,2.24,383500,2.24
2012-11-13,2.50,2.57,2.39,2.41,163200,2.41
2012-11-12,2.86,2.86,2.51,2.51,372500,2.51
2012-11-09,3.37,3.39,2.85,2.90,822900,2.90
2012-11-08,4.08,4.09,3.40,3.43,608100,3.43
2012-11-07,4.26,4.26,3.96,4.08,391300,4.08
2012-11-06,4.30,4.31,4.21,4.21,221200,4.21
2012-11-05,4.25,4.31,4.15,4.20,219600,4.20
2012-11-02,4.21,4.31,4.10,4.31,338900,4.31
2012-11-01,4.29,4.29,4.13,4.26,281500,4.26
2012-10-31,4.20,4.29,4.15,4.23,288000,4.23
2012-10-26,4.00,4.20,3.95,4.15,342400,4.15
2012-10-25,4.05,4.05,3.90,4.00,229200,4.00
2012-10-24,3.92,4.03,3.89,4.00,184700,4.00
2012-10-23,3.90,3.92,3.56,3.92,264400,3.92
2012-10-22,4.05,4.06,3.85,3.92,245900,3.92
2012-10-19,3.79,4.05,3.79,4.05,599000,4.05
2012-10-18,3.67,3.80,3.60,3.80,265200,3.80
2012-10-17,3.66,3.68,3.51,3.63,243200,3.63
2012-10-16,3.36,3.65,3.35,3.61,415800,3.61
2012-10-15,3.27,3.36,3.25,3.36,103000,3.36
2012-10-12,3.54,3.54,3.18,3.25,213200,3.25
2012-10-11,3.44,3.63,3.42,3.50,515500,3.50
2012-10-10,3.29,3.44,3.19,3.42,346100,3.42
2012-10-09,3.07,3.26,3.03,3.26,291200,3.26
2012-10-08,2.96,3.13,2.96,3.09,185200,3.09
2012-10-05,2.91,2.99,2.88,2.96,177400,2.96
2012-10-04,2.72,2.97,2.72,2.95,189000,2.95
2012-10-03,2.79,2.82,2.63,2.70,108500,2.70
2012-10-02,2.92,2.92,2.72,2.80,107200,2.80
2012-10-01,2.90,2.92,2.71,2.76,140000,2.76
2012-09-28,2.85,2.92,2.85,2.85,223300,2.85
2012-09-27,2.87,2.93,2.85,2.88,78800,2.88
2012-09-26,2.96,3.04,2.85,2.86,352400,2.86
2012-09-25,3.06,3.20,2.87,2.91,556300,2.91
2012-09-24,2.72,3.05,2.70,3.02,668900,3.02
2012-09-21,2.75,2.85,2.68,2.72,380400,2.72
2012-09-20,2.48,2.75,2.36,2.75,575000,2.75
2012-09-19,2.48,2.53,2.45,2.53,157800,2.53
2012-09-18,2.46,2.50,2.43,2.46,77800,2.46
2012-09-17,2.55,2.55,2.45,2.45,174500,2.45
2012-09-14,2.46,2.53,2.45,2.49,270300,2.49
2012-09-13,2.38,2.51,2.33,2.43,309900,2.43
2012-09-12,2.45,2.45,2.33,2.39,81800,2.39
2012-09-11,2.32,2.45,2.32,2.40,134200,2.40
2012-09-10,2.34,2.38,2.28,2.33,124200,2.33
2012-09-07,2.29,2.38,2.28,2.35,98000,2.35
2012-09-06,2.47,2.48,2.29,2.29,148900,2.29
2012-09-05,2.30,2.48,2.30,2.46,103300,2.46
2012-09-04,2.49,2.53,2.34,2.45,176900,2.45
2012-08-31,2.39,2.49,2.36,2.45,85100,2.45
2012-08-30,2.39,2.45,2.33,2.37,148400,2.37
2012-08-29,2.40,2.49,2.27,2.36,112800,2.36
2012-08-28,2.49,2.59,2.30,2.40,262400,2.40
2012-08-27,2.49,2.59,2.38,2.50,198700,2.50
2012-08-24,2.30,2.49,2.26,2.49,128700,2.49
2012-08-23,2.29,2.32,2.26,2.30,127800,2.30
2012-08-22,2.34,2.36,2.25,2.29,155500,2.29
2012-08-21,2.45,2.45,2.30,2.33,92100,2.33
2012-08-20,2.52,2.52,2.41,2.42,165600,2.42
2012-08-17,2.53,2.58,2.48,2.52,91800,2.52
2012-08-16,2.89,2.89,2.49,2.56,242700,2.56
2012-08-15,2.51,2.69,2.50,2.63,332100,2.63
2012-08-14,2.46,2.51,2.23,2.51,371200,2.51
2012-08-13,2.17,2.44,2.17,2.43,301100,2.43
2012-08-10,2.20,2.20,2.04,2.19,208200,2.19
2012-08-09,2.28,2.50,2.00,2.23,343100,2.23
2012-08-08,2.45,2.55,2.02,2.23,513100,2.23
2012-08-07,2.31,2.58,2.28,2.49,649100,2.49
2012-08-06,1.97,2.30,1.91,2.28,540800,2.28
2012-08-03,1.81,1.95,1.81,1.93,222100,1.93
2012-08-02,1.89,1.90,1.76,1.79,149500,1.79
2012-08-01,1.66,1.93,1.57,1.93,316000,1.93
2012-07-31,1.81,1.93,1.63,1.65,301800,1.65
2012-07-30,1.99,2.05,1.79,1.81,228400,1.81
2012-07-27,1.98,2.06,1.93,1.99,136400,1.99
2012-07-26,1.92,2.06,1.89,1.99,247800,1.99
2012-07-25,2.05,2.05,1.94,1.94,130100,1.94
2012-07-24,1.99,2.06,1.95,2.04,143300,2.04
2012-07-23,1.91,2.00,1.88,1.99,93600,1.99
2012-07-20,1.90,2.01,1.77,2.01,154500,2.01
2012-07-19,1.98,1.98,1.89,1.94,200600,1.94
2012-07-18,2.36,2.36,1.91,2.00,464100,2.00
2012-07-17,2.08,2.40,2.06,2.26,652200,2.26
2012-07-16,2.00,2.10,2.00,2.06,222500,2.06
2012-07-13,1.94,2.01,1.89,2.00,226900,2.00
2012-07-12,1.84,1.98,1.84,1.90,433900,1.90
2012-07-11,1.78,1.89,1.69,1.89,255500,1.89
2012-07-10,1.77,1.80,1.55,1.77,549400,1.77
2012-07-09,2.12,2.14,1.82,1.89,466800,1.89
2012-07-06,2.20,2.24,2.07,2.12,307200,2.12
2012-07-05,2.36,2.40,2.18,2.20,255400,2.20
2012-07-03,2.37,2.44,2.32,2.40,75700,2.40
2012-07-02,2.34,2.35,2.26,2.35,129900,2.35
2012-06-29,2.44,2.44,2.23,2.35,196200,2.35
2012-06-28,2.32,2.44,2.24,2.39,198700,2.39
2012-06-27,2.24,2.40,2.23,2.34,137000,2.34
2012-06-26,2.30,2.33,2.21,2.26,120300,2.26
2012-06-25,2.41,2.45,2.24,2.30,132200,2.30
2012-06-22,2.75,2.75,2.29,2.41,1514300,2.41
2012-06-21,2.39,2.47,2.28,2.40,163700,2.40
2012-06-20,2.31,2.44,2.31,2.40,140700,2.40
2012-06-19,2.50,2.58,2.36,2.37,236900,2.37
2012-06-18,2.23,2.52,2.15,2.52,524700,2.52
2012-06-15,2.24,2.28,2.15,2.23,307400,2.23
2012-06-14,2.20,2.30,2.19,2.24,350300,2.24
2012-06-13,2.50,2.60,2.12,2.25,723700,2.25
2012-06-12,2.69,2.77,2.49,2.53,363400,2.53
2012-06-11,2.71,2.81,2.66,2.69,330800,2.69
2012-06-08,2.68,2.76,2.63,2.68,315100,2.68
2012-06-07,2.77,2.97,2.71,2.71,542800,2.71
2012-06-06,2.55,2.85,2.54,2.75,385200,2.75
2012-06-05,2.94,2.99,2.77,2.82,226600,2.82
2012-06-04,2.73,2.89,2.70,2.85,257300,2.85
2012-06-01,2.86,2.87,2.70,2.72,281900,2.72
2012-05-31,3.00,3.05,2.75,2.93,673800,2.93
2012-05-30,3.05,3.05,2.95,2.99,387800,2.99
2012-05-29,3.20,3.23,3.06,3.10,133600,3.10
2012-05-25,3.26,3.28,3.13,3.18,264700,3.18
2012-05-24,3.27,3.34,3.20,3.27,195900,3.27
2012-05-23,3.33,3.33,3.19,3.27,213700,3.27
2012-05-22,3.21,3.40,3.15,3.30,351300,3.30
2012-05-21,3.05,3.26,3.00,3.19,693900,3.19
2012-05-18,4.28,4.40,3.06,3.06,3181000,3.06
2012-05-17,3.80,4.02,3.80,3.91,1176700,3.91
2012-05-16,3.73,3.80,3.66,3.73,431600,3.73
2012-05-15,3.62,3.89,3.56,3.65,660300,3.65
2012-05-14,3.63,3.74,3.48,3.52,456600,3.52
2012-05-11,3.70,3.77,3.63,3.66,275000,3.66
2012-05-10,3.59,3.82,3.59,3.76,348000,3.76
2012-05-09,3.55,3.65,3.50,3.56,239500,3.56
2012-05-08,3.73,3.73,3.54,3.60,201600,3.60
2012-05-07,3.79,3.81,3.69,3.75,142800,3.75
2012-05-04,3.81,3.81,3.72,3.80,198400,3.80
2012-05-03,3.80,3.89,3.71,3.78,358500,3.78
2012-05-02,3.69,3.99,3.62,3.90,586100,3.90
2012-05-01,3.81,3.84,3.64,3.69,328900,3.69
2012-04-30,4.35,4.39,3.73,3.80,1130700,3.80
2012-04-27,3.97,4.04,3.84,4.01,388400,4.01
2012-04-26,3.77,3.97,3.75,3.90,647200,3.90
2012-04-25,3.78,3.83,3.72,3.76,364300,3.76
2012-04-24,3.71,3.78,3.70,3.71,632000,3.71
2012-04-23,3.51,3.82,3.51,3.66,674500,3.66
2012-04-20,3.55,3.62,3.46,3.54,450700,3.54
2012-04-19,3.45,3.63,3.44,3.44,456500,3.44
2012-04-18,3.59,3.60,3.43,3.43,389000,3.43
2012-04-17,3.81,3.85,3.50,3.59,639100,3.59
2012-04-16,3.99,4.18,3.70,3.85,1150100,3.85
2012-04-13,3.57,3.98,3.55,3.88,1345100,3.88
2012-04-12,3.42,3.63,3.28,3.57,718100,3.57
