Date,Open,High,Low,Close,Volume,Adj Close
2018-04-10,74.4,75.05,74.125,74.65,9922,74.65
2018-04-09,74.8,76.1,73.4,74,16365,74
2018-04-06,74.2,75.2,74.15,74.45,6499,74.45
2018-04-05,74.05,75.3,72.3522,74.35,17059,74.35
2018-04-04,72,74.825,71.8,73.7,30916,73.7
2018-04-03,70.695,72.95,70.2,72.25,14103,72.25
2018-04-02,73.8,73.8,69.75,70.75,28660,70.75
2018-03-29,71,74.15,70.65,73.9,20243,73.9
2018-03-28,72,72.45,70.65,70.9,9861,70.9
2018-03-27,71.6,72.75,71.6,71.8,11965,71.8
2018-03-26,72.6,73.525,70.6,72.2,30691,72.2
2018-03-23,72.25,74.75,70.5,72.1,28807,72.1
2018-03-22,70.6,73.45,69.75,72.5,23748,72.5
2018-03-21,66.1,72,66.1,71,47098,71
2018-03-20,63.65,66.5,63.1,66.05,23928,66.05
2018-03-19,61.85,64.5,61,63.6,28211,63.6
2018-03-16,60.35,64.9,60.35,61.85,60636,61.85
2018-03-15,63.05,63.6,60.55,61.15,14413,61.15
2018-03-14,63.65,64.15,62.6,62.85,9416,62.85
2018-03-13,65.95,66,63.65,63.65,18825,63.65
2018-03-12,66.95,68,65.45,65.95,18480,65.95
2018-03-09,67.3,68.4,66.2,67.1,16608,67.1
2018-03-08,67,67.55,66.6,67,6039,67
2018-03-07,66.8,67.75,65.8,66.85,15024,66.85
2018-03-06,67.2,69.8,66.7,67.1,23913,67.1
2018-03-05,66.35,67.6,66.05,67,17224,67
2018-03-02,68,68,66.1,66.75,6821,66.75
2018-03-01,65.2,69.2,65.1,68.55,12038,68.55
2018-02-28,67.35,67.4,65,65.05,3455,65.05
2018-02-27,67.4,67.4,67.1,67.15,6088,67.15
2018-02-26,67.25,67.4,67.1,67.35,9485,67.35
2018-02-23,67.35,68.6,66.25,67.4,8314,67.4
2018-02-22,65.622,67.8,64.95,65.95,8697,65.95
2018-02-21,66.45,68,66.35,66.4,10571,66.4
2018-02-20,67.85,67.85,65.95,66.1,10424,66.1
2018-02-16,67.65,68.5481,65.9,68,7256,68
2018-02-15,67.9,67.95,66.5,67.6,4897,67.6
2018-02-14,66.75,68.05,65.85,67.9,15100,67.9
2018-02-13,66.95,69.75,65.9,66.8,9162,66.8
2018-02-12,67.5,67.875,66.55,67,8403,67
2018-02-09,68.1,68.1,64.15,67.2,15165,67.2
2018-02-08,68.3,69.85,66.7,66.7,6724,66.7
2018-02-07,68.35,69.6,66.85,68.25,6301,68.25
2018-02-06,68.05,71.1,65.8257,68.35,26556,68.35
2018-02-05,69.5,72.45,67.35,68.65,12289,68.65
2018-02-02,71.15,71.35,69.95,70.1,8785,70.1
2018-02-01,72.46,72.46,69.7,71.55,7184,71.55
2018-01-31,71.75,72.3,69.35,71.4,19142,71.4
2018-01-30,72.018,72.5,71.1,72.05,7944,72.05
2018-01-29,73.95,74,72.5,72.5,6260,72.5
2018-01-26,73.9,74.25,73.9,74,7184,74
2018-01-25,74.35,74.7,73.3,73.9,4143,73.9
2018-01-24,73.9,75.5,73.5,74.25,10556,74.25
2018-01-23,74,74.8515,73.75,73.75,5706,73.75
2018-01-22,74.75,75.45,74.05,75.05,6939,75.05
2018-01-19,74.75,75.6,74.75,75.1,6194,75.1
2018-01-18,75.5,75.55,74.2,75,7009,75
2018-01-17,74.65,76.695,74.65,75.6,7566,75.6
2018-01-16,75.4,77,74.05,74.6,13728,74.6
2018-01-12,74.2,75.7,74.2,75.25,9323,75.25
2018-01-11,73.3,74.95,72.65,74.2,12712,74.2
2018-01-10,74.2,74.2,73.25,73.7,7178,73.7
2018-01-09,75.45,75.5,74.25,74.25,7981,74.25
2018-01-08,73.95,75.75,73.9,75.15,27811,75.15
2018-01-05,74.4,74.75,72.3,74.5,26914,74.5
2018-01-04,73.75,76,73.7,74.5,12984,74.5
2018-01-03,74.2,75.05,73.5199,73.85,14582,73.85
2018-01-02,73.6,75.325,72.45,74.2,38436,74.2
2017-12-29,77.55,77.55,74.8,75.5,10836,75.5
2017-12-28,77.75,78.25,77,77.4,8291,77.4
2017-12-27,76.8925,79,76.8925,77.7,9947,77.7
2017-12-26,77.9,79.3,77.9,78.35,8487,78.35
2017-12-22,77.1,78.9,76.1363,78.6,11475,78.6
2017-12-21,78.4,80.9,77.1961,77.45,26320,77.45
2017-12-20,84.7,85.1247,82.2,83.2,24620,83.2
2017-12-19,85.95,86.7,84.25,84.45,11901,84.45
2017-12-18,87.25,88.09,84.975,85.35,16236,85.35
2017-12-15,83,86.95,83,86.3,22097,86.3
2017-12-14,82.25,85.9,82.25,83,14463,83
2017-12-13,87.089,87.3,81.05,83.15,23180,83.15
2017-12-12,90,90,85.1,86.4,24738,86.4
2017-12-11,90.5,91.75,89.5003,90.1,12386,90.1
2017-12-08,92.5,92.5,89.75,90.45,9651,90.45
2017-12-07,92.5,92.5,91.8,92.2,7693,92.2
2017-12-06,93.15,93.35,92.5,92.5,3758,92.5
2017-12-05,93.15,93.8,93,93.2,4378,93.2
2017-12-04,94.05,94.275,92.8,93.95,6289,93.95
2017-12-01,92.654,94.5,92.55,94,12648,94
2017-11-30,95.3,96.25,94.1,94.8,11894,94.8
2017-11-29,93.255,96,93.255,95.1,28799,95.1
2017-11-28,95.35,96,94.55,95.4,22723,95.4
2017-11-27,95.95,96.5,95.25,95.65,12365,95.65
2017-11-24,96.3,96.3122,96.1,96.1,3565,96.1
2017-11-22,98.25,99.15,96.9,97.25,11217,97.25
2017-11-21,98,99.85,98,99.2,12165,99.2
2017-11-20,99.475,100.9,97.4,98.6,16213,98.6
2017-11-17,95.3,100.5,95.05,100.05,18732,100.05
2017-11-16,96.85,96.9,93.85,96.1,19916,96.1
2017-11-15,91.7325,94.75,91.7325,94.75,5639,94.75
2017-11-14,95.85,97.3,92.8168,93.95,16357,93.95
2017-11-13,94.9,95.875,92.05,95.85,10486,95.85
2017-11-10,93,95.6,93,95,14921,95
2017-11-09,92,93.9,92,93.3,17291,93.3
2017-11-08,91.85,93.2,90,92.3,27403,92.3
2017-11-07,90,92.675,89.1,91.9,17812,91.9
2017-11-06,91.7,92.45,87,90.05,18068,90.05
2017-11-03,81.2,92.95,80.85,92,23526,92
2017-11-02,80.8,81.7,80.3,80.95,18059,80.95
2017-11-01,81.761,81.761,80.05,80.2,2704,80.2
2017-10-31,80.389,81.4,79.9,81.1,13830,81.1
2017-10-30,79.1,79.6,79.1,79.6,3305,79.6
2017-10-27,79.15,80.9,78.7,80.45,17226,80.45
2017-10-26,79.9,79.9,78.8,79.4,11806,79.4
2017-10-25,79.1,79.8,79.05,79.75,16473,79.75
2017-10-24,79.95,80,77.35,79.8,31245,79.8
2017-10-23,77.4,77.7,76.75,77.1,13844,77.1
2017-10-20,75.3,78.45,74.5,77.1,37974,77.1
2017-10-19,74.55,75.1,74.25,74.6,5102,74.6
2017-10-18,73.2,74.6,73.2,74.6,6689,74.6
2017-10-17,73.2,74.1,73.1,73.7,3641,73.7
2017-10-16,73.3,74.4,73.15,73.8,7169,73.8
2017-10-13,73.5,74.05,73.1,73.55,6934,73.55
2017-10-12,74.25,74.25,73.1,73.2,4108,73.2
2017-10-11,73.5,73.9,73.05,73.8,7302,73.8
2017-10-10,73.055,74.1,72.6,73.4,38662,73.4
2017-10-09,74.95,75.05,73.3,73.45,6678,73.45
2017-10-06,73.2,74.95,72.05,74.5,17279,74.5
2017-10-05,73,74.65,73,73.7,6499,73.7
2017-10-04,73.05,73.65,71.85,73.15,20936,73.15
2017-10-03,74.55,75,73.1,73.1,27824,73.1
2017-10-02,73.85,75.05,73.85,74.6,18625,74.6
2017-09-29,74.3,75.4,73.95,73.95,19601,73.95
2017-09-28,73.95,74.35,73.7542,74,6294,74
2017-09-27,72.5,73.8,71.65,73.8,15526,73.8
2017-09-26,72.45,73.25,71.55,72.05,22227,72.05
2017-09-25,71.7,72.4,70.675,72,13468,72
2017-09-22,70,71.5,70,71.4,11972,71.4
2017-09-21,70,71.35,70,70.35,6070,70.35
2017-09-20,69.143,70.6,69.143,70.4,8433,70.4
2017-09-19,68.95,70.15,68.75,68.95,42031,68.95
2017-09-18,70.9,71.65,68.55,68.95,30068,68.95
2017-09-15,69.9,71.6176,69.0857,70.65,45786,70.65
2017-09-14,68.3,70.4,68.3,70.1,15171,70.1
2017-09-13,67.6,68.2622,67.35,67.85,10636,67.85
2017-09-12,66.25,67.85,66.25,67,8950,67
2017-09-11,68,68.05,66.7,67.5,15141,67.5
2017-09-08,65.75,68.1,65.75,66.8,9794,66.8
2017-09-07,68.7,68.7,65.05,65.3,21753,65.3
2017-09-06,64.95,69,64.775,68.3,35140,68.3
2017-09-05,62.95,64.65,61.21,64.35,56446,64.35
2017-09-01,58.25,59.55,56.55,56.95,22187,56.95
2017-08-31,57.8,58.85,57.45,58.55,28839,58.55
2017-08-30,56.3,58.199,56.125,57.45,16601,57.45
2017-08-29,55,56.85,55,56.75,12910,56.75
2017-08-28,55.4,56.55,54.25,54.95,7869,54.95
2017-08-25,55.85,56.25,54.75,55.5,7840,55.5
2017-08-24,56.25,56.9,56.1,56.2,6402,56.2
2017-08-23,57.6,57.6,56.35,56.7,3915,56.7
2017-08-22,58.1,58.1,57.855,57.95,1333,57.95
2017-08-21,58.1,58.15,57.7,57.8,4479,57.8
2017-08-18,57.7,58.2,57.6,58.1,9472,58.1
2017-08-17,58.3,58.35,57.8,58.2,5705,58.2
2017-08-16,58.3,58.75,57.4,58.2,6248,58.2
2017-08-15,59,59,57.5,58.2,12793,58.2
2017-08-14,59.85,60.2,58.75,58.75,6008,58.75
2017-08-11,59.75,59.9,58.8174,59.9,9561,59.9
2017-08-10,60.084,60.15,59.75,59.75,7448,59.75
2017-08-09,60.45,61.4,59.5,60,13996,60
2017-08-08,61.5,61.5,60,60.2,6901,60.2
2017-08-07,60.1,61.75,59.5,61.5,6042,61.5
2017-08-04,60.8,61.4,52.9,60.5,27766,60.5
2017-08-03,61.95,61.95,60.05,60.6,11435,60.6
2017-08-02,62.65,62.75,61.7,61.85,7311,61.85
2017-08-01,63.05,63.25,62.2,62.45,7877,62.45
2017-07-31,63.4,63.5,62.5,62.5,8171,62.5
2017-07-28,64.2,64.5923,63.4,63.4,8747,63.4
2017-07-27,65,65,63.8,64.35,4338,64.35
2017-07-26,65.7,65.7,64,64.65,9340,64.65
2017-07-25,65.5,65.775,64.85,65.05,16229,65.05
2017-07-24,65.2,66.05,64.85,65.35,19134,65.35
2017-07-21,65.3,65.825,64.4,65.35,22299,65.35
2017-07-20,65.1,65.1,64.08,65.1,1537,65.1
2017-07-19,64.7,65.6,64.2,64.8,38683,64.8
2017-07-18,64.5,65.6,64.4,65.05,14746,65.05
2017-07-17,63.9,65.4,63.9,64.9,24199,64.9
2017-07-14,64.55,65.6,64.3,64.55,7537,64.55
2017-07-13,64,64.7,64,64.7,8948,64.7
2017-07-12,64.85,65,64.4,64.45,6469,64.45
2017-07-11,65.7,65.7,63.9,64.4,3989,64.4
2017-07-10,63.65,64.85,63.6,63.75,20855,63.75
2017-07-07,63.4,64.4,62.8,64.05,14977,64.05
2017-07-06,63.75,63.8,62.9,63.05,6719,63.05
2017-07-05,64.05,64.05,63.4,63.65,6255,63.65
2017-07-03,63.75,64.25,63.45,64,5082,64
2017-06-30,64.05,64.45,62.8,63,11009,63
2017-06-29,65.9,65.9,63.8,64,15083,64
2017-06-28,65.6,67.05,65.6,65.9,13113,65.9
2017-06-27,65.2,65.8,65.1,65.6,6005,65.6
2017-06-26,64.8,65.8,64.1,65.15,15662,65.15
2017-06-23,62.65,65.05,62.65,64.8,37313,64.8
2017-06-22,62.75,64,62.5,63.05,11389,63.05
2017-06-21,63.45,63.8,62.5,62.7,18106,62.7
2017-06-20,63.2,64.35,62.7,63.5,19436,63.5
2017-06-19,62.9,64.1015,61.5,63.2,16515,63.2
2017-06-16,62.2,63.25,61.375,62.7,24599,62.7
2017-06-15,61.625,63.4,61.05,63.4,7384,63.4
2017-06-14,62.6,63.05,61.5,62.35,13873,62.35
2017-06-13,62.6,64.6506,62.6,63.1,7596,63.1
2017-06-12,63,63.6,62.1,62.95,13529,62.95
2017-06-09,62.03,63,61.2,61.95,26939,61.95
2017-06-08,63.1,63.1,61.85,61.85,10043,61.85
2017-06-07,64,64.05,62.5,62.7,8905,62.7
2017-06-06,64.45,65.1,63.35,63.8,10737,63.8
2017-06-05,64.3,65.4,62.85,64.2,12696,64.2
2017-06-02,63.7,64.85,63.35,64.55,7728,64.55
2017-06-01,63,63.95,62.3,63.3,17802,63.3
2017-05-31,63.85,63.85,61.95,62.9,21798,62.9
2017-05-30,64.4,64.6,63.45,63.6,12479,63.6
2017-05-26,64.9,65.3,63.95,64.25,12466,64.25
2017-05-25,65.1,65.4,64.9,65.1,3452,65.1
2017-05-24,64.6,64.8,64.3,64.8,1304,64.8
2017-05-23,63.35,64.95,63.3,64.45,4708,64.45
2017-05-22,62.5,63.95,60.3535,63.6,22184,63.6
2017-05-19,63.7,63.7,62.6,62.9,5295,62.9
2017-05-18,63.45,64.5,63.45,63.6,7226,63.6
2017-05-17,65,65.35,63.9,64,10494,64
2017-05-16,65.55,66.6,65,65.55,14604,65.55
2017-05-15,69.075,69.1,64.3814,66.05,38740,66.05
2017-05-12,70.849998,71.099998,68.00,69.050003,20000,69.050003
2017-05-11,71.800003,71.849998,70.449997,70.900002,24100,70.900002
2017-05-10,71.300003,71.800003,70.800003,71.800003,5500,71.800003
2017-05-09,70.889999,71.949997,70.889999,71.50,6700,71.50
2017-05-08,70.400002,70.849998,70.00,70.849998,6100,70.849998
2017-05-05,70.400002,70.43,69.949997,70.00,5000,70.00
2017-05-04,71.050003,71.050003,70.349998,70.349998,1900,70.349998
2017-05-03,69.400002,70.949997,69.400002,70.349998,12200,70.349998
2017-05-02,69.75,70.550003,69.349998,69.449997,7400,69.449997
2017-05-01,68.300003,70.550003,67.75,69.199997,26600,69.199997
2017-04-28,67.949997,68.949997,67.260002,68.199997,7800,68.199997
2017-04-27,68.199997,69.00,67.699997,67.900002,7300,67.900002
2017-04-26,66.449997,68.099998,66.449997,67.75,18200,67.75
2017-04-25,65.25,67.150002,65.209999,66.449997,13500,66.449997
2017-04-24,65.50,65.50,64.699997,64.949997,6300,64.949997
2017-04-21,64.800003,65.00,64.699997,64.699997,3800,64.699997
2017-04-20,64.75,65.00,64.50,64.800003,5200,64.800003
2017-04-19,64.949997,65.400002,64.400002,64.550003,3200,64.550003
2017-04-18,64.93,65.50,64.400002,64.949997,9200,64.949997
2017-04-17,64.150002,65.209999,63.580002,65.199997,9900,65.199997
2017-04-13,62.849998,63.900002,62.849998,63.50,5200,63.50
2017-04-12,63.450001,63.450001,62.849998,62.849998,2600,62.849998
2017-04-11,63.549999,64.699997,62.700001,63.450001,8200,63.450001
2017-04-10,63.00,64.449997,63.00,63.450001,7800,63.450001
2017-04-07,62.799999,64.099998,62.00,62.900002,10200,62.900002
2017-04-06,62.099998,63.200001,62.099998,62.950001,8500,62.950001
2017-04-05,62.700001,63.200001,61.400002,61.849998,9700,61.849998
2017-04-04,62.799999,62.799999,61.700001,62.049999,6100,62.049999
2017-04-03,62.200001,62.950001,61.299999,62.400002,12100,62.400002
2017-03-31,62.299999,63.00,61.650002,62.650002,8700,62.650002
2017-03-30,62.00,62.900002,62.00,62.700001,2800,62.700001
2017-03-29,61.349998,61.509998,60.549999,61.299999,5200,61.299999
2017-03-28,61.00,61.799999,60.950001,61.299999,10200,61.299999
2017-03-27,60.48,61.299999,60.48,61.299999,2900,61.299999
2017-03-24,61.150002,61.450001,60.549999,60.650002,3800,60.650002
2017-03-23,60.450001,61.549999,60.049999,60.849998,11300,60.849998
2017-03-22,59.50,60.400002,59.450001,60.049999,7300,60.049999
2017-03-21,60.599998,60.849998,58.950001,59.450001,12300,59.450001
2017-03-20,61.599998,61.599998,60.50,60.50,3200,60.50
2017-03-17,60.450001,62.049999,60.200001,61.799999,22100,61.799999
2017-03-16,61.450001,61.849998,59.75,60.650002,14400,60.650002
2017-03-15,62.349998,62.349998,59.950001,61.650002,13500,61.650002
2017-03-14,60.25,60.25,58.400002,59.799999,6800,59.799999
2017-03-13,61.049999,61.200001,60.25,60.50,2700,60.50
2017-03-10,59.299999,60.400002,58.950001,59.599998,5000,59.599998
2017-03-09,59.25,59.700001,58.150002,58.349998,10400,58.349998
2017-03-08,60.700001,60.849998,58.549999,59.200001,6000,59.200001
2017-03-07,61.700001,61.700001,60.00,60.00,4000,60.00
2017-03-06,60.900002,62.00,59.900002,60.549999,8300,60.549999
2017-03-03,58.25,61.900002,58.25,61.900002,28300,61.900002
2017-03-02,61.799999,61.799999,59.549999,60.200001,8300,60.200001
2017-03-01,62.049999,62.150002,61.549999,62.150002,2300,62.150002
2017-02-28,61.799999,62.00,61.50,62.00,4200,62.00
2017-02-27,61.849998,62.549999,61.650002,61.900002,3700,61.900002
2017-02-24,61.900002,62.700001,61.799999,61.799999,4700,61.799999
2017-02-23,61.599998,62.700001,61.599998,62.450001,3800,62.450001
2017-02-22,62.50,63.00,60.450001,62.200001,12100,62.200001
2017-02-21,61.50,63.299999,61.50,62.549999,8400,62.549999
2017-02-17,62.049999,62.049999,60.349998,61.450001,15400,61.450001
2017-02-16,63.150002,63.150002,61.599998,61.599998,8500,61.599998
2017-02-15,63.200001,63.450001,62.599998,63.200001,11800,63.200001
2017-02-14,63.099998,63.799999,62.00,63.400002,8600,63.400002
2017-02-13,63.799999,64.00,62.700001,63.549999,9400,63.549999
2017-02-10,63.200001,64.00,62.299999,63.900002,4400,63.900002
2017-02-09,61.299999,63.68,61.299999,63.200001,13400,63.200001
2017-02-08,61.400002,63.25,60.080002,61.00,23800,61.00
2017-02-07,62.200001,62.50,61.50,61.700001,6500,61.700001
2017-02-06,64.279999,64.400002,61.549999,61.549999,15500,61.549999
2017-02-03,64.50,64.949997,62.00,64.949997,4500,64.949997
2017-02-02,62.349998,64.849998,61.50,61.950001,3500,61.950001
2017-02-01,62.25,63.299999,62.25,62.349998,1800,62.349998
2017-01-31,62.849998,63.25,62.00,62.50,3100,62.50
2017-01-30,62.349998,63.75,62.349998,63.400002,3200,63.400002
2017-01-27,62.549999,62.549999,62.049999,62.50,1400,62.50
2017-01-26,63.349998,63.349998,63.099998,63.099998,1000,63.099998
2017-01-25,61.849998,63.50,61.799999,63.50,7400,63.50
2017-01-24,57.950001,61.900002,57.950001,61.900002,10300,61.900002
2017-01-23,57.900002,58.450001,54.759998,58.349998,26500,58.349998
2017-01-20,58.099998,58.299999,56.450001,57.799999,9100,57.799999
2017-01-19,60.549999,60.549999,57.950001,58.049999,8700,58.049999
2017-01-18,61.049999,61.549999,59.599998,59.599998,1400,59.599998
2017-01-17,63.700001,63.700001,61.049999,61.049999,4400,61.049999
2017-01-13,61.049999,63.400002,58.75,62.349998,6300,62.349998
2017-01-12,62.950001,64.050003,62.049999,62.049999,4700,62.049999
2017-01-11,63.00,64.529999,62.799999,63.00,5800,63.00
2017-01-10,62.950001,64.00,62.650002,63.700001,5700,63.700001
2017-01-09,63.450001,63.450001,62.099998,62.849998,2000,62.849998
2017-01-06,63.50,64.599998,63.50,63.549999,3700,63.549999
2017-01-05,64.300003,65.00,64.300003,64.400002,4500,64.400002
2017-01-04,62.220001,64.699997,62.220001,64.699997,13700,64.699997
2017-01-03,66.800003,66.800003,63.50,63.599998,4900,63.599998
2016-12-30,66.00,66.50,64.900002,64.900002,2800,64.900002
2016-12-29,66.00,66.50,65.050003,66.099998,5100,66.099998
2016-12-28,64.300003,66.50,64.25,65.599998,8100,65.599998
2016-12-27,63.75,65.25,63.00,64.050003,7500,64.050003
2016-12-23,59.150002,64.699997,59.150002,64.150002,7000,64.150002
2016-12-22,64.050003,64.400002,60.310001,63.599998,7900,63.599998
2016-12-21,64.599998,65.150002,63.50,64.50,3000,64.50
2016-12-20,65.199997,65.199997,63.200001,65.00,10000,65.00
2016-12-19,61.549999,66.00,61.25,64.849998,19200,64.849998
2016-12-16,62.299999,62.900002,60.900002,61.799999,20900,61.799999
2016-12-15,61.450001,63.50,61.450001,62.099998,9600,62.099998
2016-12-14,62.029999,63.00,61.50,62.299999,4000,62.299999
2016-12-13,62.75,64.099998,61.049999,62.00,10400,62.00
2016-12-12,63.599998,64.949997,62.029999,63.400002,9400,63.400002
2016-12-09,62.099998,64.550003,61.849998,63.650002,7500,63.650002
2016-12-08,60.700001,63.150002,60.50,62.099998,19800,62.099998
2016-12-07,61.93,62.50,60.450001,60.849998,7700,60.849998
2016-12-06,63.049999,63.099998,61.220001,62.50,10000,62.50
2016-12-05,61.00,63.400002,61.00,62.700001,21100,62.700001
2016-12-02,61.099998,62.650002,60.200001,60.50,6300,60.50
2016-12-01,62.150002,63.080002,60.650002,61.50,5900,61.50
2016-11-30,64.550003,64.550003,61.68,61.849998,7200,61.849998
2016-11-29,59.400002,63.349998,59.400002,62.00,12800,62.00
2016-11-28,61.25,62.599998,60.400002,61.049999,9100,61.049999
2016-11-25,59.700001,61.98,59.700001,61.299999,5200,61.299999
2016-11-23,58.700001,62.00,58.349998,60.150002,12400,60.150002
2016-11-22,58.099998,59.25,56.139999,58.650002,13000,58.650002
2016-11-21,56.950001,58.049999,55.650002,57.549999,12500,57.549999
2016-11-18,56.75,57.200001,56.150002,56.950001,5200,56.950001
2016-11-17,55.549999,57.25,55.25,56.849998,6600,56.849998
2016-11-16,55.150002,56.900002,54.349998,56.25,11700,56.25
2016-11-15,55.25,55.68,53.25,55.549999,10100,55.549999
2016-11-14,53.299999,55.349998,52.25,54.700001,11200,54.700001
2016-11-11,51.299999,53.25,51.099998,53.25,15000,53.25
2016-11-10,49.700001,52.299999,49.599998,51.299999,13900,51.299999
2016-11-09,48.349998,49.00,47.200001,48.849998,8900,48.849998
2016-11-08,48.849998,49.50,48.849998,49.099998,6400,49.099998
2016-11-07,48.400002,49.900002,48.349998,49.450001,7000,49.450001
2016-11-04,51.599998,51.73,48.00,48.00,13900,48.00
2016-11-03,51.900002,52.50,51.549999,51.549999,5400,51.549999
2016-11-02,52.00,52.650002,50.200001,51.799999,10700,51.799999
2016-11-01,53.650002,53.650002,51.799999,52.00,6100,52.00
2016-10-31,52.849998,53.799999,52.25,53.299999,6600,53.299999
2016-10-28,52.299999,52.849998,51.700001,52.849998,4800,52.849998
2016-10-27,52.349998,52.400002,51.049999,51.700001,4600,51.700001
2016-10-26,52.349998,52.549999,51.75,51.799999,1800,51.799999
2016-10-25,52.849998,52.950001,52.349998,52.650002,4100,52.650002
2016-10-24,52.50,53.049999,52.049999,52.450001,8000,52.450001
2016-10-21,52.200001,53.25,52.200001,52.799999,2600,52.799999
2016-10-20,52.799999,53.799999,51.75,52.650002,11800,52.650002
2016-10-19,52.099998,53.529999,52.00,52.200001,6100,52.200001
2016-10-18,52.549999,52.900002,51.599998,52.599998,8400,52.599998
2016-10-17,51.450001,52.599998,51.360001,52.450001,7700,52.450001
2016-10-14,52.700001,54.00,52.200001,52.900002,8200,52.900002
2016-10-13,51.099998,51.099998,51.099998,51.099998,800,51.099998
2016-10-12,51.150002,51.150002,50.200001,50.799999,3700,50.799999
2016-10-11,52.650002,52.650002,50.50,50.700001,4000,50.700001
2016-10-10,52.00,54.200001,51.900002,52.599998,5800,52.599998
2016-10-07,51.439999,51.700001,50.450001,51.00,3300,51.00
2016-10-06,52.82,52.82,51.049999,51.290001,4100,51.290001
2016-10-05,51.00,54.330002,51.00,52.93,21700,52.93
2016-10-04,52.099998,52.360001,50.650002,50.93,5300,50.93
2016-10-03,52.380001,52.700001,52.200001,52.200001,2500,52.200001
2016-09-30,52.02,53.389999,51.669998,52.549999,8400,52.549999
2016-09-29,51.919998,52.73,51.91,52.119999,4400,52.119999
2016-09-28,52.23,53.040001,51.759998,52.029999,4600,52.029999
2016-09-27,51.110001,52.91,51.110001,52.299999,8800,52.299999
2016-09-26,51.200001,51.580002,50.990002,51.27,4200,51.27
2016-09-23,51.400002,51.509998,51.009998,51.369999,3300,51.369999
2016-09-22,50.509998,51.50,50.509998,51.220001,8800,51.220001
2016-09-21,50.099998,50.68,49.709999,50.68,5800,50.68
2016-09-20,51.150002,51.150002,49.48,50.049999,8200,50.049999
2016-09-19,50.66,51.200001,50.099998,50.650002,14600,50.650002
2016-09-16,49.349998,51.080002,49.18,51.029999,22400,51.029999
2016-09-15,49.00,49.240002,48.900002,49.220001,5900,49.220001
2016-09-14,49.119999,49.189999,46.830002,49.00,6500,49.00
2016-09-13,48.759998,49.439999,48.619999,49.00,9900,49.00
2016-09-12,49.400002,49.400002,47.290001,49.049999,7200,49.049999
2016-09-09,49.32,50.00,49.299999,49.400002,7300,49.400002
2016-09-08,50.450001,51.400002,50.450001,50.560001,8300,50.560001
2016-09-07,50.029999,51.00,50.029999,50.91,9600,50.91
2016-09-06,49.369999,50.619999,49.299999,50.48,11900,50.48
2016-09-02,49.529999,49.610001,49.119999,49.610001,1900,49.610001
2016-09-01,48.93,49.290001,44.459999,49.200001,7100,49.200001
2016-08-31,49.189999,49.799999,49.189999,49.310001,2800,49.310001
2016-08-30,49.139999,49.560001,48.759998,49.299999,8700,49.299999
2016-08-29,48.450001,49.290001,48.450001,49.080002,4300,49.080002
2016-08-26,48.610001,49.360001,48.549999,48.599998,3900,48.599998
2016-08-25,48.32,49.73,48.220001,49.400002,10700,49.400002
2016-08-24,48.470001,49.130001,48.470001,48.93,5200,48.93
2016-08-23,48.32,48.810001,48.040001,48.59,10200,48.59
2016-08-22,48.119999,48.630001,48.110001,48.549999,10800,48.549999
2016-08-19,48.349998,48.830002,48.349998,48.50,5500,48.50
2016-08-18,48.939999,48.939999,47.860001,48.389999,14700,48.389999
2016-08-17,48.169998,48.900002,48.119999,48.669998,6400,48.669998
2016-08-16,49.259998,49.259998,47.939999,48.18,11200,48.18
2016-08-15,49.700001,49.759998,48.700001,49.139999,6900,49.139999
2016-08-12,48.91,49.110001,48.59,48.630001,5900,48.630001
2016-08-11,48.150002,48.779999,48.150002,48.709999,6600,48.709999
2016-08-10,48.080002,48.330002,48.029999,48.209999,8000,48.209999
2016-08-09,47.27,48.560001,47.27,48.34,7300,48.34
2016-08-08,47.060001,49.009998,47.00,47.43,16500,47.43
2016-08-05,47.560001,49.630001,46.73,47.349998,62500,47.349998
2016-08-04,46.09,47.18,46.040001,46.810001,15000,46.810001
2016-08-03,46.799999,47.169998,46.150002,46.349998,15900,46.349998
2016-08-02,47.939999,48.240002,47.150002,47.189999,10100,47.189999
2016-08-01,48.959999,48.959999,48.09,48.240002,8500,48.240002
2016-07-29,48.139999,48.66,47.830002,48.57,19300,48.57
2016-07-28,48.040001,48.380001,47.91,48.290001,7000,48.290001
2016-07-27,47.790001,48.349998,47.490002,47.970001,18100,47.970001
2016-07-26,48.169998,48.419998,47.619999,48.18,17900,48.18
2016-07-25,48.290001,48.41,47.810001,48.41,15500,48.41
2016-07-22,47.459999,48.310001,47.00,48.16,11000,48.16
2016-07-21,46.75,47.880001,46.41,47.66,17900,47.66
2016-07-20,46.200001,47.470001,46.200001,46.990002,16900,46.990002
2016-07-19,46.009998,47.27,46.009998,46.75,16900,46.75
2016-07-18,46.299999,47.110001,45.619999,46.560001,15400,46.560001
2016-07-15,47.299999,47.52,45.830002,46.189999,23000,46.189999
2016-07-14,48.349998,48.50,46.560001,47.02,39000,47.02
2016-07-13,47.790001,48.439999,46.98,47.830002,38200,47.830002
2016-07-12,47.209999,48.549999,46.689999,47.689999,32600,47.689999
2016-07-11,45.900002,46.830002,45.50,46.610001,27700,46.610001
2016-07-08,45.349998,46.419998,44.560001,45.900002,19400,45.900002
2016-07-07,45.48,45.560001,44.669998,45.25,23900,45.25
2016-07-06,45.810001,46.27,45.50,45.509998,23900,45.509998
2016-07-05,45.029999,46.360001,44.82,45.810001,27300,45.810001
2016-07-01,43.720001,44.869999,43.400002,44.740002,32800,44.740002
2016-06-30,44.41,44.830002,43.700001,44.50,29300,44.50
2016-06-29,43.330002,44.50,43.330002,44.439999,19200,44.439999
2016-06-28,42.470001,43.150002,41.970001,43.110001,36700,43.110001
2016-06-27,42.389999,43.310001,41.330002,42.080002,42000,42.080002
2016-06-24,41.32,44.16,41.029999,42.389999,416200,42.389999
2016-06-23,40.84,43.200001,40.279999,42.529999,48000,42.529999
2016-06-22,41.209999,41.66,40.41,41.400002,23600,41.400002
2016-06-21,41.779999,42.439999,40.75,41.07,35500,41.07
2016-06-20,42.09,43.25,41.349998,41.77,82200,41.77
2016-06-17,42.200001,43.66,41.060001,41.529999,33200,41.529999
2016-06-16,42.349998,42.59,41.50,41.830002,34700,41.830002
2016-06-15,42.939999,42.939999,41.93,42.259998,16100,42.259998
2016-06-14,41.84,42.630001,41.580002,42.049999,27000,42.049999
2016-06-13,44.650002,44.650002,41.650002,41.950001,37600,41.950001
2016-06-10,42.540001,45.75,42.400002,44.400002,37200,44.400002
2016-06-09,43.540001,43.939999,42.790001,42.790001,26400,42.790001
2016-06-08,43.689999,43.75,43.00,43.720001,21100,43.720001
2016-06-07,44.27,44.669998,43.400002,43.490002,29200,43.490002
2016-06-06,43.25,44.84,43.25,44.380001,19500,44.380001
2016-06-03,43.290001,44.02,42.720001,43.27,22200,43.27
2016-06-02,43.200001,43.419998,42.73,43.00,18800,43.00
2016-06-01,42.610001,43.48,42.610001,43.09,14200,43.09
2016-05-31,44.860001,44.860001,42.580002,42.580002,10700,42.580002
2016-05-27,44.16,45.139999,44.16,44.509998,14600,44.509998
2016-05-26,43.310001,44.869999,43.310001,44.23,13800,44.23
2016-05-25,43.75,43.82,42.849998,43.509998,17400,43.509998
2016-05-24,42.75,44.00,42.720001,43.950001,12000,43.950001
2016-05-23,42.91,43.150002,42.50,42.73,16700,42.73
2016-05-20,43.439999,43.639999,42.82,43.09,16000,43.09
2016-05-19,42.970001,43.43,42.869999,43.43,5500,43.43
2016-05-18,42.900002,43.970001,42.75,43.139999,15600,43.139999
2016-05-17,43.82,43.889999,42.709999,42.82,15500,42.82
2016-05-16,44.240002,44.50,43.380001,44.290001,11700,44.290001
2016-05-13,44.889999,45.540001,44.130001,44.529999,6600,44.529999
2016-05-12,45.689999,45.82,44.82,45.110001,11800,45.110001
2016-05-11,46.299999,46.549999,44.43,44.779999,10700,44.779999
2016-05-10,46.310001,46.860001,46.130001,46.860001,15500,46.860001
2016-05-09,45.619999,46.709999,45.619999,46.34,24300,46.34
2016-05-06,45.279999,45.919998,44.689999,45.790001,15000,45.790001
2016-05-05,45.799999,45.799999,45.34,45.439999,7200,45.439999
2016-05-04,45.50,46.00,45.43,45.799999,14700,45.799999
2016-05-03,45.16,45.889999,45.080002,45.330002,17500,45.330002
2016-05-02,44.66,45.599998,44.66,45.240002,18500,45.240002
2016-04-29,44.98,45.029999,44.150002,44.509998,21600,44.509998
2016-04-28,45.459999,46.040001,45.040001,45.509998,15900,45.509998
2016-04-27,45.66,46.049999,44.700001,45.82,26000,45.82
2016-04-26,45.50,46.00,45.080002,45.18,29000,45.18
2016-04-25,43.619999,45.75,43.619999,45.580002,29000,45.580002
2016-04-22,43.939999,44.200001,43.049999,43.939999,23700,43.939999
2016-04-21,42.919998,44.389999,42.700001,44.310001,25700,44.310001
2016-04-20,44.150002,44.389999,42.650002,42.84,27200,42.84
2016-04-19,44.50,44.740002,44.200001,44.380001,22900,44.380001
2016-04-18,43.860001,44.779999,43.619999,44.34,26400,44.34
2016-04-15,44.310001,44.66,43.119999,43.990002,18100,43.990002
2016-04-14,44.599998,44.939999,44.09,44.130001,18100,44.130001
2016-04-13,44.080002,44.82,43.619999,44.540001,13300,44.540001
2016-04-12,43.310001,44.490002,43.259998,43.689999,13500,43.689999
2016-04-11,42.66,44.240002,42.66,44.040001,15400,44.040001
2016-04-08,44.34,44.34,42.139999,42.669998,20300,42.669998
2016-04-07,43.950001,44.41,43.560001,44.09,23800,44.09
2016-04-06,44.73,44.98,44.099998,44.650002,24000,44.650002
2016-04-05,43.57,44.82,42.560001,44.43,8700,44.43
2016-04-04,44.939999,44.970001,43.560001,44.34,19300,44.34
2016-04-01,42.900002,44.919998,42.450001,44.189999,20400,44.189999
2016-03-31,44.209999,44.869999,43.060001,43.599998,71400,43.599998
2016-03-30,42.52,44.43,42.139999,44.209999,60900,44.209999
2016-03-29,40.77,42.299999,40.040001,42.25,89300,42.25
2016-03-28,42.150002,43.139999,40.810001,40.849998,61100,40.849998
2016-03-24,42.84,43.400002,41.279999,42.029999,73300,42.029999
2016-03-23,43.169998,44.040001,42.119999,43.00,105100,43.00
2016-03-22,43.049999,43.32,42.790001,43.09,13500,43.09
2016-03-21,43.34,43.990002,43.009998,43.490002,32200,43.490002
2016-03-18,42.959999,43.50,42.049999,43.009998,28500,43.009998
2016-03-17,43.349998,44.189999,43.009998,43.189999,25100,43.189999
2016-03-16,46.189999,47.43,43.209999,43.900002,29100,43.900002
2016-03-15,46.91,48.98,45.669998,46.529999,23400,46.529999
2016-03-14,45.27,47.27,45.27,47.16,24000,47.16
2016-03-11,45.080002,46.139999,45.02,45.419998,12400,45.419998
2016-03-10,45.599998,45.900002,44.77,45.09,10400,45.09
2016-03-09,46.299999,46.650002,44.810001,45.869999,19800,45.869999
2016-03-08,44.00,46.139999,42.029999,45.41,50600,45.41
2016-03-07,43.720001,44.889999,42.099998,44.439999,129900,44.439999
2016-03-04,44.75,45.599998,42.700001,43.810001,276100,43.810001
2016-03-03,47.540001,47.98,43.419998,43.66,98500,43.66
2016-03-02,49.400002,49.400002,47.790001,47.790001,13200,47.790001
2016-03-01,50.290001,51.110001,48.98,49.400002,16800,49.400002
2016-02-29,49.720001,50.759998,49.27,50.509998,20300,50.509998
2016-02-26,49.91,50.349998,48.849998,49.799999,16100,49.799999
2016-02-25,49.040001,50.279999,48.400002,49.619999,14600,49.619999
2016-02-24,49.099998,49.419998,48.380001,48.880001,18600,48.880001
2016-02-23,49.580002,50.139999,48.259998,49.110001,22300,49.110001
2016-02-22,49.040001,50.080002,49.00,50.080002,21300,50.080002
2016-02-19,48.639999,49.540001,48.310001,48.68,18900,48.68
2016-02-18,49.099998,49.77,48.040001,48.970001,7000,48.970001
2016-02-17,50.110001,52.639999,48.68,49.700001,67000,49.700001
2016-02-16,50.130001,50.77,49.580002,50.110001,24100,50.110001
2016-02-12,47.68,50.099998,47.41,49.720001,75200,49.720001
2016-02-11,47.00,48.029999,46.959999,47.82,38700,47.82
2016-02-10,46.02,48.459999,46.02,47.889999,15100,47.889999
2016-02-09,46.669998,47.25,45.360001,45.529999,26700,45.529999
2016-02-08,46.290001,48.389999,46.290001,47.389999,20800,47.389999
2016-02-05,53.900002,53.900002,42.630001,46.240002,89600,46.240002
2016-02-04,54.580002,54.580002,54.00,54.310001,16400,54.310001
2016-02-03,53.869999,54.639999,53.369999,54.439999,14900,54.439999
2016-02-02,53.509998,54.189999,53.439999,54.189999,11600,54.189999
2016-02-01,53.439999,53.990002,53.400002,53.939999,8500,53.939999
2016-01-29,51.73,53.889999,51.73,53.73,23900,53.73
2016-01-28,51.799999,52.580002,51.650002,52.580002,10700,52.580002
2016-01-27,52.470001,53.52,51.060001,51.869999,15400,51.869999
2016-01-26,52.57,53.360001,52.16,52.610001,23500,52.610001
2016-01-25,52.57,53.25,52.549999,52.580002,11500,52.580002
2016-01-22,52.040001,52.849998,51.220001,52.619999,34100,52.619999
2016-01-21,51.82,52.43,51.16,51.939999,35800,51.939999
2016-01-20,52.00,52.720001,50.369999,52.310001,40400,52.310001
2016-01-19,53.00,53.48,52.009998,52.57,27900,52.57
2016-01-15,51.639999,52.900002,51.009998,52.84,28000,52.84
2016-01-14,53.16,53.16,52.00,52.630001,17400,52.630001
2016-01-13,53.18,53.599998,52.50,52.91,24900,52.91
2016-01-12,52.330002,52.93,51.540001,52.93,24900,52.93
2016-01-11,51.029999,52.310001,51.029999,52.02,19300,52.02
2016-01-08,50.110001,52.09,50.110001,51.400002,35500,51.400002
2016-01-07,50.50,50.880001,50.07,50.41,34800,50.41
2016-01-06,50.700001,52.00,50.23,50.98,25400,50.98
2016-01-05,50.599998,51.529999,50.25,50.970001,17600,50.970001
2016-01-04,50.610001,56.099998,49.080002,50.650002,31200,50.650002
2015-12-31,51.060001,52.50,50.830002,51.560001,13900,51.560001
2015-12-30,50.32,51.299999,50.32,50.810001,14000,50.810001
2015-12-29,50.450001,51.400002,50.310001,50.50,16100,50.50
2015-12-28,48.560001,51.830002,48.560001,50.799999,10300,50.799999
2015-12-24,50.360001,52.220001,50.349998,51.419998,14800,51.419998
2015-12-23,49.790001,50.52,49.529999,50.419998,13100,50.419998
2015-12-22,48.09,49.610001,48.09,49.279999,14100,49.279999
2015-12-21,48.32,48.41,47.279999,48.220001,18300,48.220001
2015-12-18,49.439999,50.060001,47.799999,48.360001,21300,48.360001
2015-12-17,48.84,50.099998,48.32,50.00,21100,50.00
2015-12-16,46.950001,48.849998,46.950001,48.709999,8500,48.709999
2015-12-15,46.48,46.91,45.029999,46.779999,36600,46.779999
2015-12-14,46.98,47.18,46.00,46.709999,14900,46.709999
2015-12-11,47.50,48.290001,46.75,47.209999,11000,47.209999
2015-12-10,48.130001,48.50,47.509998,47.82,15000,47.82
2015-12-09,47.310001,48.830002,47.310001,48.740002,21000,48.740002
2015-12-08,47.630001,48.389999,47.279999,47.560001,18200,47.560001
2015-12-07,46.380001,47.73,46.25,47.57,10800,47.57
2015-12-04,46.029999,47.09,45.009998,46.790001,15800,46.790001
2015-12-03,44.00,46.700001,44.00,45.689999,20900,45.689999
2015-12-02,44.00,44.299999,43.880001,44.169998,19900,44.169998
2015-12-01,43.68,44.029999,43.639999,43.990002,54700,43.990002
2015-11-30,43.34,43.880001,43.34,43.75,21900,43.75
2015-11-27,43.849998,43.970001,43.810001,43.810001,1100,43.810001
2015-11-25,43.720001,44.00,43.619999,43.619999,25500,43.619999
2015-11-24,44.060001,44.23,43.75,44.009998,11400,44.009998
2015-11-23,43.84,44.139999,43.82,44.110001,10200,44.110001
2015-11-20,43.560001,44.169998,43.560001,44.029999,14400,44.029999
2015-11-19,43.639999,44.150002,43.630001,43.639999,23500,43.639999
2015-11-18,44.389999,44.389999,43.610001,43.799999,17200,43.799999
2015-11-17,43.610001,44.48,43.57,44.00,33000,44.00
2015-11-16,43.00,44.049999,42.369999,43.650002,32500,43.650002
2015-11-13,41.07,41.509998,40.02,41.02,15400,41.02
2015-11-12,42.299999,42.299999,40.790001,41.279999,9600,41.279999
2015-11-11,41.150002,42.869999,40.919998,42.279999,23400,42.279999
2015-11-10,40.240002,41.540001,40.240002,40.740002,16000,40.740002
2015-11-09,40.66,40.950001,40.290001,40.52,7500,40.52
2015-11-06,39.91,40.599998,39.91,40.360001,7900,40.360001
2015-11-05,39.810001,40.459999,39.490002,40.299999,11600,40.299999
2015-11-04,40.619999,40.619999,38.450001,39.810001,40300,39.810001
2015-11-03,39.799999,41.240002,39.52,40.77,24400,40.77
2015-11-02,39.75,40.459999,37.77,40.040001,17400,40.040001
2015-10-30,41.099998,41.099998,39.34,39.84,10900,39.84
2015-10-29,41.860001,42.279999,40.73,40.93,18500,40.93
2015-10-28,42.049999,42.389999,40.299999,41.860001,34100,41.860001
2015-10-27,40.790001,41.990002,39.59,41.91,27500,41.91
2015-10-26,41.029999,41.130001,40.080002,40.860001,16200,40.860001
2015-10-23,40.950001,41.639999,40.459999,40.84,13700,40.84
2015-10-22,39.91,41.419998,39.189999,40.919998,24800,40.919998
2015-10-21,39.790001,39.889999,39.220001,39.380001,27700,39.380001
2015-10-20,39.130001,40.07,37.860001,39.470001,25200,39.470001
2015-10-19,38.709999,39.689999,38.709999,39.459999,17000,39.459999
2015-10-16,39.189999,39.75,39.00,39.349998,12500,39.349998
2015-10-15,38.549999,39.610001,38.419998,39.470001,21200,39.470001
2015-10-14,39.240002,39.349998,38.580002,39.00,17000,39.00
2015-10-13,39.349998,39.529999,39.029999,39.490002,11800,39.490002
2015-10-12,39.330002,39.73,37.599998,39.419998,23800,39.419998
2015-10-09,39.220001,40.02,38.990002,39.259998,9300,39.259998
2015-10-08,38.84,39.400002,38.669998,39.220001,10200,39.220001
2015-10-07,37.50,38.560001,37.50,38.439999,6900,38.439999
2015-10-06,37.639999,37.82,37.189999,37.82,19700,37.82
2015-10-05,38.75,38.93,37.919998,37.93,6300,37.93
2015-10-02,37.709999,38.66,36.950001,38.34,14900,38.34
2015-10-01,37.900002,37.91,36.75,37.549999,27200,37.549999
2015-09-30,37.310001,38.849998,36.790001,38.02,30000,38.02
2015-09-29,37.470001,37.669998,36.77,37.27,18200,37.27
2015-09-28,39.310001,39.34,37.119999,37.709999,34400,37.709999
2015-09-25,38.52,40.560001,38.50,39.860001,41900,39.860001
2015-09-24,39.700001,40.009998,37.75,38.68,42100,38.68
2015-09-23,42.700001,43.48,39.759998,40.009998,48800,40.009998
2015-09-22,39.75,43.509998,39.75,42.77,92500,42.77
2015-09-21,39.389999,40.110001,39.150002,39.98,27100,39.98
2015-09-18,38.389999,39.23,37.549999,39.209999,37800,39.209999
2015-09-17,38.50,38.98,38.049999,38.549999,30900,38.549999
2015-09-16,37.759998,38.470001,37.650002,38.330002,41300,38.330002
2015-09-15,37.169998,37.689999,36.09,37.669998,36800,37.669998
2015-09-14,35.099998,37.599998,35.009998,37.099998,53600,37.099998
2015-09-11,32.82,33.66,32.619999,33.43,11400,33.43
2015-09-10,32.75,32.860001,32.450001,32.860001,13700,32.860001
2015-09-09,33.099998,33.779999,32.349998,32.799999,16000,32.799999
2015-09-08,34.360001,34.360001,32.25,32.950001,26800,32.950001
2015-09-04,32.50,33.650002,32.50,33.50,12700,33.50
2015-09-03,33.490002,33.560001,32.560001,32.57,11400,32.57
2015-09-02,32.740002,33.900002,32.459999,33.459999,17100,33.459999
2015-09-01,32.16,32.639999,32.00,32.27,14400,32.27
2015-08-31,33.400002,33.740002,32.25,32.360001,38300,32.360001
2015-08-28,33.889999,34.02,33.369999,33.650002,12800,33.650002
2015-08-27,35.970001,35.970001,33.599998,34.02,20200,34.02
2015-08-26,33.049999,34.950001,31.85,34.450001,40900,34.450001
2015-08-25,34.330002,34.330002,32.099998,32.549999,35100,32.549999
2015-08-24,31.85,33.77,31.209999,33.439999,22500,33.439999
2015-08-21,33.349998,33.91,32.630001,33.450001,33400,33.450001
2015-08-20,33.360001,33.450001,32.970001,33.330002,29600,33.330002
2015-08-19,33.779999,33.779999,33.189999,33.529999,14600,33.529999
2015-08-18,34.439999,34.439999,33.650002,33.740002,12200,33.740002
2015-08-17,36.279999,36.509998,34.169998,34.41,25700,34.41
2015-08-14,35.060001,36.779999,33.799999,36.299999,40900,36.299999
2015-08-13,35.00,35.41,34.09,35.009998,43900,35.009998
2015-08-12,34.669998,35.259998,34.279999,34.950001,31000,34.950001
2015-08-11,33.849998,35.259998,33.48,35.09,41000,35.09
2015-08-10,33.939999,34.360001,33.330002,34.02,67700,34.02
2015-08-07,33.299999,34.84,32.43,33.849998,41400,33.849998
2015-08-06,31.10,33.400002,30.950001,33.259998,53800,33.259998
2015-08-05,32.57,32.57,30.40,31.15,32900,31.15
2015-08-04,31.08,32.880001,31.08,32.490002,27900,32.490002
2015-08-03,30.889999,31.440001,30.60,31.190001,25500,31.190001
2015-07-31,31.780001,32.049999,30.58,30.719999,37400,30.719999
2015-07-30,31.450001,32.060001,31.049999,31.799999,33200,31.799999
2015-07-29,31.799999,31.940001,30.85,31.48,31000,31.48
2015-07-28,30.549999,32.119999,30.43,31.639999,32600,31.639999
2015-07-27,31.16,31.16,30.25,30.360001,28000,30.360001
2015-07-24,31.530001,31.549999,31.07,31.139999,18500,31.139999
2015-07-23,31.27,31.940001,31.209999,31.219999,30400,31.219999
2015-07-22,31.299999,31.58,30.860001,30.860001,32400,30.860001
2015-07-21,32.220001,32.220001,31.41,31.42,26100,31.42
2015-07-20,32.130001,32.66,31.780001,31.99,37400,31.99
2015-07-17,31.459999,33.130001,31.35,32.259998,70500,32.259998
2015-07-16,30.67,31.790001,30.42,31.32,52700,31.32
2015-07-15,34.259998,34.299999,30.200001,30.75,108100,30.75
2015-07-14,35.669998,36.299999,33.939999,34.099998,52100,34.099998
2015-07-13,35.779999,36.389999,34.880001,35.939999,62300,35.939999
2015-07-10,35.59,35.880001,35.459999,35.709999,14500,35.709999
2015-07-09,35.150002,35.810001,34.630001,35.50,36500,35.50
2015-07-08,35.82,36.23,34.650002,34.82,32100,34.82
2015-07-07,36.43,36.720001,35.740002,36.27,36900,36.27
2015-07-06,36.41,37.259998,36.009998,36.16,55600,36.16
2015-07-02,36.259998,38.060001,36.259998,36.669998,65000,36.669998
2015-07-01,37.25,38.200001,36.080002,36.23,74400,36.23
2015-06-30,38.040001,38.59,37.049999,37.060001,116800,37.060001
2015-06-29,36.18,38.900002,36.18,37.639999,78400,37.639999
2015-06-26,36.099998,38.049999,36.029999,36.619999,471300,36.619999
2015-06-25,36.669998,37.299999,36.029999,36.259998,61300,36.259998
2015-06-24,38.09,38.509998,36.66,36.669998,48000,36.669998
2015-06-23,39.119999,39.189999,38.049999,38.049999,55400,38.049999
2015-06-22,39.459999,40.299999,38.610001,39.189999,26300,39.189999
2015-06-19,40.18,40.18,39.040001,39.59,30500,39.59
2015-06-18,38.950001,40.189999,38.950001,40.00,26100,40.00
2015-06-17,38.259998,39.080002,38.040001,38.549999,41200,38.549999
2015-06-16,37.529999,38.779999,37.529999,38.02,39100,38.02
2015-06-15,40.369999,40.369999,37.439999,37.549999,53400,37.549999
2015-06-12,40.349998,40.98,40.080002,40.68,18400,40.68
2015-06-11,40.540001,40.75,40.310001,40.66,28900,40.66
2015-06-10,40.57,41.119999,40.200001,40.279999,30600,40.279999
2015-06-09,40.419998,40.849998,40.02,40.52,39800,40.52
2015-06-08,39.00,40.040001,39.00,39.740002,16400,39.740002
2015-06-05,38.869999,39.540001,38.529999,39.110001,16600,39.110001
2015-06-04,40.380001,40.380001,38.939999,38.970001,15600,38.970001
2015-06-03,39.43,40.459999,39.150002,40.41,16600,40.41
2015-06-02,38.48,39.400002,38.25,39.16,18500,39.16
2015-06-01,39.349998,39.349998,37.73,38.419998,28600,38.419998
2015-05-29,40.220001,40.34,38.599998,39.060001,22300,39.060001
2015-05-28,40.869999,40.869999,40.00,40.040001,8600,40.040001
2015-05-27,40.209999,40.849998,39.82,40.68,9100,40.68
2015-05-26,39.689999,40.669998,39.009998,39.939999,25200,39.939999
2015-05-22,42.23,42.419998,39.849998,40.060001,15800,40.060001
2015-05-21,42.200001,42.810001,41.950001,41.950001,7500,41.950001
2015-05-20,41.810001,43.029999,41.759998,42.470001,8200,42.470001
2015-05-19,42.099998,42.66,41.830002,41.990002,27900,41.990002
2015-05-18,42.790001,42.790001,42.00,42.209999,20700,42.209999
2015-05-15,42.529999,43.169998,42.509998,42.610001,9700,42.610001
2015-05-14,43.32,43.32,42.360001,42.560001,12900,42.560001
2015-05-13,43.150002,43.349998,43.009998,43.290001,7400,43.290001
2015-05-12,43.369999,44.41,42.470001,43.279999,16900,43.279999
2015-05-11,42.389999,43.900002,42.389999,43.57,19600,43.57
2015-05-08,43.740002,43.740002,42.709999,42.790001,16300,42.790001
2015-05-07,41.689999,43.240002,41.689999,42.939999,11400,42.939999
2015-05-06,42.040001,42.040001,41.209999,41.790001,13400,41.790001
2015-05-05,42.509998,42.549999,41.00,41.759998,25200,41.759998
2015-05-04,41.75,42.91,41.75,42.099998,29800,42.099998
2015-05-01,40.990002,42.09,40.669998,41.950001,47600,41.950001
2015-04-30,42.919998,43.040001,40.860001,41.139999,25400,41.139999
2015-04-29,45.080002,45.080002,43.18,43.470001,19400,43.470001
2015-04-28,44.419998,45.52,43.360001,44.950001,31100,44.950001
2015-04-27,46.560001,46.560001,43.77,44.099998,41700,44.099998
2015-04-24,46.880001,47.00,46.400002,46.490002,17500,46.490002
2015-04-23,47.209999,47.209999,46.560001,46.709999,20600,46.709999
2015-04-22,46.82,47.220001,46.450001,47.209999,36700,47.209999
2015-04-21,47.139999,47.200001,46.77,47.110001,26400,47.110001
2015-04-20,46.419998,47.389999,46.419998,47.27,21400,47.27
2015-04-17,47.599998,48.50,46.00,46.27,26000,46.27
2015-04-16,49.00,49.32,47.610001,48.099998,32800,48.099998
2015-04-15,49.790001,49.790001,48.650002,48.779999,29600,48.779999
2015-04-14,49.57,49.759998,48.810001,49.48,34200,49.48
2015-04-13,50.060001,50.060001,48.560001,49.860001,98500,49.860001
2015-04-10,48.98,49.84,47.869999,49.580002,48100,49.580002
2015-04-09,49.580002,49.880001,48.549999,49.41,32000,49.41
2015-04-08,50.41,50.849998,48.810001,49.669998,127500,49.669998
2015-04-07,52.25,52.25,50.360001,50.599998,76700,50.599998
2015-04-06,59.00,59.75,50.02,51.169998,291900,51.169998
2015-04-02,56.290001,59.00,56.09,58.57,73900,58.57
2015-04-01,54.540001,56.549999,52.549999,56.290001,136900,56.290001
2015-03-31,52.209999,54.43,51.91,54.150002,170400,54.150002
2015-03-30,48.330002,53.700001,48.299999,51.700001,247000,51.700001
2015-03-27,73.400002,75.00,70.870003,73.559998,50400,48.559996
2015-03-26,73.029999,73.970001,72.529999,73.199997,44000,48.322345
2015-03-25,73.25,73.730003,72.370003,72.720001,16000,48.00548
2015-03-24,73.93,73.980003,73.169998,73.50,38300,48.520389
2015-03-23,73.300003,74.720001,73.160004,73.779999,43000,48.705228
2015-03-20,73.669998,73.730003,73.089996,73.610001,49200,48.593005
2015-03-19,73.00,73.50,72.519997,73.120003,83200,48.269537
2015-03-18,74.019997,74.75,72.50,72.980003,79000,48.177118
2015-03-17,74.25,74.949997,73.089996,73.559998,121500,48.559996
2015-03-16,74.379997,75.949997,74.010002,74.550003,153800,49.21354
2015-03-13,73.290001,73.959999,72.480003,72.769997,36900,48.038484
2015-03-12,73.360001,74.25,72.510002,73.010002,41100,48.196921
2015-03-11,74.419998,74.419998,71.68,72.940002,62900,48.150712
2015-03-10,72.57,72.75,71.559998,71.629997,22400,47.285923
2015-03-09,73.809998,73.809998,72.010002,72.440002,13700,47.820641
2015-03-06,74.00,74.529999,73.010002,73.209999,27200,48.328948
2015-03-05,75.449997,76.32,74.00,74.00,9400,48.85046
2015-03-04,75.019997,76.32,74.410004,74.790001,7200,49.371972
2015-03-03,77.900002,79.220001,75.300003,76.150002,33100,50.269765
2015-03-02,81.440002,81.440002,76.580002,77.669998,42800,51.273177
2015-02-27,81.150002,83.50,81.00,81.760002,33600,53.973158
2015-02-26,75.93,75.93,74.769997,75.849998,3800,50.07172
2015-02-25,74.809998,76.199997,74.809998,75.860001,3800,50.078323
2015-02-24,74.449997,75.00,73.459999,75.00,8500,49.510601
2015-02-23,76.25,76.25,73.720001,74.449997,8500,49.147521
2015-02-20,76.449997,76.949997,76.25,76.25,5100,50.335778
2015-02-19,76.510002,77.269997,76.029999,76.230003,4000,50.322577
2015-02-18,76.669998,77.660004,76.510002,76.510002,3500,50.507416
2015-02-17,76.919998,77.019997,75.330002,76.110001,6400,50.243358
2015-02-13,77.389999,77.389999,76.309998,77.029999,4700,50.850687
2015-02-12,76.699997,77.75,76.699997,77.370003,2900,51.075138
2015-02-11,77.800003,77.800003,76.709999,77.139999,6400,50.923303
2015-02-10,76.800003,77.690002,76.800003,77.690002,7800,51.286383
2015-02-09,77.300003,77.300003,75.519997,76.800003,17500,50.698858
2015-02-06,78.309998,78.660004,76.980003,77.589996,12200,51.220365
2015-02-05,76.900002,78.75,76.900002,78.730003,8300,51.972931
2015-02-04,80.599998,80.980003,78.50,78.980003,10100,52.137966
2015-02-03,79.959999,81.309998,78.139999,80.459999,6900,53.114972
2015-02-02,81.580002,81.580002,78.82,79.639999,7100,52.573657
2015-01-30,81.120003,82.879997,80.040001,80.440002,17400,53.101772
2015-01-29,79.209999,80.889999,76.959999,80.889999,15400,53.398833
2015-01-28,79.959999,80.25,77.269997,79.110001,7300,52.223783
2015-01-27,80.080002,85.989998,79.139999,79.160004,7400,52.256792
2015-01-26,80.029999,80.800003,79.300003,80.25,10600,52.976343
2015-01-23,78.559998,81.279999,78.559998,79.080002,21000,52.203979
2015-01-22,78.300003,78.300003,77.00,78.260002,14100,51.662663
2015-01-21,78.940002,79.00,77.279999,78.43,10400,51.774886
2015-01-20,79.82,81.260002,77.82,78.790001,14900,52.012537
2015-01-16,80.07,80.849998,79.779999,80.300003,9000,53.009352
2015-01-15,80.809998,80.919998,79.690002,80.610001,13000,53.213995
2015-01-14,81.230003,81.230003,80.470001,81.010002,7100,53.478052
2015-01-13,81.970001,82.00,80.739998,81.910004,11500,54.07218
2015-01-12,82.43,83.00,80.129997,82.040001,18600,54.157997
2015-01-09,82.209999,82.209999,80.139999,81.980003,16100,54.11839
2015-01-08,80.879997,82.269997,80.879997,82.260002,12000,54.303229
2015-01-07,79.269997,80.949997,79.190002,80.949997,7900,53.43844
2015-01-06,79.459999,79.739998,77.220001,79.120003,12100,52.230385
2015-01-05,80.199997,80.480003,76.010002,78.400002,23600,51.755083
2015-01-02,80.709999,81.059998,79.50,80.129997,12900,52.897124
2014-12-31,79.639999,81.00,79.540001,80.00,52400,52.811308
2014-12-30,79.32,80.089996,78.209999,79.389999,13800,52.408621
2014-12-29,77.940002,79.620003,77.940002,79.620003,13500,52.560456
2014-12-26,77.300003,79.110001,77.300003,77.790001,5800,51.352396
2014-12-24,77.769997,78.00,76.400002,77.339996,20600,51.05533
2014-12-23,77.660004,78.120003,77.400002,78.099998,5400,51.557038
2014-12-22,77.760002,78.25,77.07,77.949997,9000,51.458016
2014-12-19,78.839996,79.419998,77.449997,77.879997,13300,51.411806
2014-12-18,77.889999,79.980003,77.68,79.220001,21100,52.296398
2014-12-17,77.860001,78.730003,76.099998,78.00,18900,51.491025
2014-12-16,76.230003,78.779999,76.230003,78.209999,24600,51.629654
2014-12-15,76.910004,76.910004,75.139999,76.699997,13200,50.632839
2014-12-12,77.650002,77.650002,76.519997,77.029999,6800,50.850687
2014-12-11,78.50,78.949997,76.779999,78.209999,12100,51.629654
2014-12-10,77.610001,78.379997,77.120003,78.110001,9000,51.563641
2014-12-09,76.959999,78.949997,76.260002,78.150002,37600,51.590047
2014-12-08,75.860001,77.949997,75.860001,77.50,4200,51.160955
2014-12-05,76.190002,77.779999,74.800003,77.290001,27100,51.022325
2014-12-04,75.610001,77.309998,74.75,76.019997,29200,50.183943
2014-12-03,75.239998,75.779999,73.809998,75.599998,9700,49.906685
2014-12-02,75.040001,75.839996,73.32,75.389999,8300,49.768056
2014-12-01,75.129997,75.239998,74.139999,74.620003,9400,49.259749
2014-11-28,74.279999,75.980003,74.279999,75.18,7700,49.629427
2014-11-26,72.879997,73.989998,72.809998,73.970001,10000,48.830656
2014-11-25,73.290001,73.50,73.010002,73.040001,5500,48.216725
2014-11-24,70.379997,72.650002,70.00,72.57,18600,47.906457
2014-11-21,71.790001,71.790001,69.879997,70.529999,12900,46.559769
2014-11-20,72.050003,72.050003,70.949997,71.199997,5600,47.002062
2014-11-19,72.480003,72.480003,67.529999,71.449997,10000,47.167097
2014-11-18,73.129997,73.129997,71.839996,71.93,8700,47.483967
2014-11-17,73.550003,73.93,72.629997,72.900002,7000,48.124305
2014-11-14,73.089996,73.599998,72.75,73.379997,14900,48.44117
2014-11-13,72.620003,73.650002,72.029999,73.050003,23700,48.223328
2014-11-12,69.830002,72.699997,69.540001,72.620003,16600,47.939467
2014-11-11,70.940002,71.040001,69.599998,69.849998,30700,46.110872
2014-11-10,70.699997,70.949997,69.75,70.900002,11600,46.804023
2014-11-07,69.580002,70.470001,68.589996,70.410004,8800,46.480555
2014-11-06,69.75,70.279999,67.010002,70.279999,25400,46.394733
2014-11-05,72.57,73.410004,69.459999,70.239998,32300,46.368327
2014-11-04,73.00,73.50,72.349998,72.709999,11000,47.998877
2014-11-03,72.00,73.599998,71.650002,73.279999,59500,48.375157
2014-10-31,72.00,72.00,67.010002,71.879997,18400,47.450958
2014-10-30,70.599998,71.769997,70.550003,71.470001,14300,47.180303
2014-10-29,70.449997,72.349998,69.75,70.400002,25300,46.473952
2014-10-28,69.449997,70.50,69.209999,70.389999,31500,46.467349
2014-10-27,69.790001,69.790001,68.349998,69.169998,36300,45.661976
2014-10-24,67.989998,69.489998,67.010002,69.470001,16500,45.86002
2014-10-23,68.160004,69.779999,67.980003,68.379997,16900,45.140464
2014-10-22,68.00,69.849998,67.32,68.440002,7500,45.180076
2014-10-21,68.839996,69.830002,67.790001,68.389999,37500,45.147066
2014-10-20,68.00,70.00,68.00,68.75,16900,45.384718
2014-10-17,69.68,70.00,64.550003,68.029999,12400,44.909415
2014-10-16,68.160004,70.00,67.57,68.93,13000,45.503543
2014-10-15,68.540001,69.00,64.870003,68.620003,13500,45.298901
2014-10-14,68.629997,69.32,68.120003,68.800003,19300,45.417727
2014-10-13,67.650002,69.50,66.650002,68.199997,26900,45.021638
2014-10-10,67.809998,68.75,67.199997,67.989998,26500,44.883009
2014-10-09,67.980003,68.50,66.760002,67.970001,19600,44.869808
2014-10-08,67.800003,68.589996,67.010002,68.470001,23500,45.199879
2014-10-07,68.919998,68.989998,65.660004,67.690002,28500,44.68497
2014-10-06,69.010002,69.599998,68.150002,68.440002,22400,45.180076
2014-10-03,68.629997,69.269997,67.550003,69.269997,19600,45.727989
2014-10-02,68.849998,69.400002,67.260002,68.360001,14000,45.127263
2014-10-01,67.550003,69.75,67.18,68.470001,52000,45.199879
2014-09-30,66.25,68.029999,66.00,67.690002,33000,44.68497
2014-09-29,65.620003,66.25,65.25,66.25,8300,43.734364
2014-09-26,63.779999,69.949997,63.779999,65.980003,10900,43.556128
2014-09-25,60.700001,64.809998,60.700001,63.189999,19200,41.714331
2014-09-24,60.900002,61.00,60.23,60.889999,10500,40.196006
2014-09-23,59.389999,60.00,58.060001,59.91,22600,39.549068
2014-09-22,59.700001,59.959999,58.779999,59.400002,6400,39.212397
2014-09-19,59.93,60.98,59.740002,59.799999,9700,39.476452
2014-09-18,59.849998,60.23,58.59,60.02,3300,39.621684
2014-09-17,59.700001,61.00,58.779999,59.330002,4900,39.166187
2014-09-16,60.049999,60.049999,59.040001,59.43,1800,39.232201
2014-09-15,60.380001,60.380001,59.200001,59.990002,9800,39.601881
2014-09-12,60.720001,60.77,60.07,60.419998,2900,39.885739
2014-09-11,57.549999,60.880001,57.549999,60.689999,5400,40.063978
2014-09-10,59.549999,61.00,59.52,60.779999,20700,40.12339
2014-09-09,59.43,61.00,58.669998,60.16,33000,39.714103
2014-09-08,59.849998,59.990002,58.16,59.849998,30600,39.509459
2014-09-05,58.650002,59.689999,58.650002,59.439999,9300,39.238801
2014-09-04,56.900002,59.32,56.900002,58.580002,11900,38.671081
2014-09-03,56.369999,57.310001,55.299999,57.009998,30900,37.634657
2014-09-02,55.48,56.599998,55.220001,56.00,20300,36.967916
2014-08-29,55.139999,55.490002,55.139999,55.490002,2100,36.631245
2014-08-28,55.080002,55.490002,55.00,55.439999,10100,36.598235
2014-08-27,55.169998,55.709999,55.119999,55.25,4600,36.47281
2014-08-26,55.169998,55.75,55.049999,55.740002,8600,36.79628
2014-08-25,55.369999,55.73,55.049999,55.119999,3200,36.38699
2014-08-22,55.110001,55.59,55.00,55.00,2900,36.307774
2014-08-21,54.57,55.650002,54.41,55.110001,8900,36.38039
2014-08-20,54.919998,54.970001,54.049999,54.560001,7100,36.017313
2014-08-19,54.939999,55.09,54.50,54.91,4800,36.248361
2014-08-18,55.099998,55.099998,54.09,55.09,5200,36.367187
2014-08-15,55.380001,55.400002,54.52,54.59,15000,36.037116
2014-08-14,55.630001,55.66,54.66,55.07,10000,36.353984
2014-08-13,54.689999,55.610001,53.709999,55.34,7000,36.532222
2014-08-12,55.099998,55.990002,54.610001,54.759998,13200,36.149339
2014-08-11,55.400002,55.779999,54.00,55.290001,19700,36.499216
2014-08-08,53.869999,55.009998,53.25,54.790001,9500,36.169145
2014-08-07,54.25,54.41,53.310001,54.060001,11100,35.687242
2014-08-06,52.450001,53.889999,52.439999,53.889999,15000,35.575017
2014-08-05,51.810001,53.990002,51.810001,52.02,12600,34.340553
2014-08-04,50.080002,50.75,50.02,50.599998,11000,33.403151
2014-08-01,49.880001,50.450001,49.880001,50.080002,3800,33.05988
2014-07-31,50.169998,50.75,49.34,49.709999,18100,32.815626
2014-07-30,50.099998,50.849998,50.099998,50.349998,3500,33.238116
2014-07-29,50.50,51.43,50.099998,50.150002,6100,33.10609
2014-07-28,49.959999,51.630001,48.75,50.060001,10100,33.046677
2014-07-25,50.77,50.900002,49.310001,50.099998,11700,33.073081
2014-07-24,50.869999,51.459999,50.00,50.48,6100,33.323935
2014-07-23,50.16,51.209999,50.049999,50.939999,15300,33.627599
2014-07-22,51.200001,51.709999,50.720001,50.720001,8800,33.48237
2014-07-21,51.00,51.48,50.52,50.990002,7500,33.660608
2014-07-18,50.490002,51.490002,50.470001,51.02,7300,33.680412
2014-07-17,51.50,51.50,50.709999,50.709999,6800,33.475767
2014-07-16,51.169998,51.84,51.110001,51.150002,14200,33.766231
2014-07-15,51.900002,52.040001,50.599998,51.00,11500,33.667209
2014-07-14,52.130001,52.130001,51.080002,51.66,8800,34.102902
2014-07-11,52.18,52.18,51.110001,51.799999,7700,34.195321
2014-07-10,52.91,52.91,52.029999,52.279999,7400,34.512189
2014-07-09,53.02,54.369999,53.02,53.139999,2400,35.079911
2014-07-08,53.279999,53.330002,52.939999,52.939999,9100,34.947882
2014-07-07,53.779999,53.779999,53.310001,53.330002,4000,35.205339
2014-07-03,53.75,54.419998,53.75,53.799999,5900,35.515604
2014-07-02,53.790001,54.52,53.330002,54.07,7100,35.693843
2014-07-01,54.700001,55.09,53.75,54.02,15100,35.660836
2014-06-30,54.959999,55.240002,53.75,54.189999,10200,35.773059
2014-06-27,54.91,55.630001,54.48,54.619999,52900,36.05692
2014-06-26,55.700001,55.700001,54.779999,55.110001,5700,36.38039
2014-06-25,55.580002,55.580002,54.119999,55.009998,8800,36.314374
2014-06-24,55.740002,56.490002,53.880001,54.52,15500,35.990907
2014-06-23,56.450001,56.650002,55.52,56.00,10100,36.967916
2014-06-20,56.759998,56.860001,55.970001,56.389999,17500,37.22537
2014-06-19,56.610001,57.150002,55.790001,56.369999,8600,37.212167
2014-06-18,55.57,57.380001,55.549999,56.93,12100,37.581847
2014-06-17,55.439999,57.02,54.580002,55.970001,11700,36.948112
2014-06-16,53.990002,56.130001,53.25,55.700001,24000,36.769874
2014-06-13,51.860001,54.00,51.860001,53.099998,15300,35.053505
2014-06-12,51.25,52.650002,51.150002,51.939999,13200,34.287741
2014-06-11,50.630001,51.509998,50.630001,51.200001,6800,33.799238
2014-06-10,50.00,51.84,50.00,50.619999,6000,33.416354
2014-06-09,49.560001,50.400002,49.459999,49.919998,12000,32.954255
2014-06-06,49.849998,50.650002,49.48,49.59,12600,32.73641
2014-06-05,49.200001,49.549999,49.150002,49.549999,6800,32.710003
2014-06-04,49.32,49.349998,48.970001,49.290001,8100,32.538368
2014-06-03,48.810001,49.369999,48.810001,49.18,16900,32.465752
2014-06-02,49.389999,49.389999,48.84,49.060001,20900,32.386535
2014-05-30,49.290001,49.389999,49.07,49.119999,4000,32.426142
2014-05-29,49.400002,49.400002,48.919998,49.209999,6200,32.485555
2014-05-28,49.150002,49.630001,49.02,49.169998,12300,32.459149
2014-05-27,49.349998,49.75,49.349998,49.740002,3800,32.835432
2014-05-23,48.919998,49.439999,48.549999,49.439999,19000,32.637387
2014-05-22,48.970001,49.00,48.57,48.919998,16800,32.294114
2014-05-21,48.900002,49.080002,48.880001,48.950001,21900,32.31392
2014-05-20,49.330002,49.790001,48.919998,48.98,20900,32.333723
2014-05-19,48.970001,49.50,48.970001,49.330002,1300,32.564774
2014-05-16,49.029999,49.619999,48.799999,49.619999,5200,32.756213
2014-05-15,49.099998,49.48,48.880001,48.889999,7400,32.27431
2014-05-14,49.220001,49.619999,48.939999,49.099998,15700,32.412939
2014-05-13,49.880001,50.25,49.369999,49.450001,19000,32.64399
2014-05-12,48.799999,50.310001,48.799999,50.200001,12100,33.139096
2014-05-09,48.080002,48.77,48.080002,48.75,6800,32.181891
2014-05-08,47.939999,48.799999,47.860001,48.310001,6200,31.891429
2014-05-07,48.740002,48.740002,48.02,48.380001,5700,31.937639
2014-05-06,49.00,49.00,48.509998,48.540001,9400,32.043262
2014-05-05,48.98,49.16,48.950001,49.060001,4300,32.386535
2014-05-02,49.110001,49.549999,48.919998,49.00,6000,32.346926
2014-05-01,49.18,49.400002,48.900002,49.279999,10100,32.531765
2014-04-30,49.23,49.880001,49.18,49.279999,13100,32.531765
2014-04-29,49.419998,49.619999,49.200001,49.25,2700,32.511961
2014-04-28,49.400002,49.849998,49.18,49.439999,4900,32.637387
2014-04-25,49.529999,49.639999,49.25,49.259998,5000,32.518562
2014-04-24,49.619999,49.810001,49.50,49.810001,1300,32.881641
2014-04-23,50.919998,50.919998,49.450001,49.459999,4000,32.650591
2014-04-22,50.880001,50.880001,50.200001,50.50,3900,33.337138
2014-04-21,50.040001,50.09,49.700001,49.959999,2000,32.980661
2014-04-17,50.68,50.68,49.299999,50.09,4900,33.06648
2014-04-16,50.380001,51.43,49.799999,50.599998,10900,33.403151
2014-04-15,49.990002,51.389999,49.34,50.150002,41600,33.10609
2014-04-14,50.23,50.299999,49.810001,50.060001,5900,33.046677
2014-04-11,50.16,50.41,49.82,49.82,6400,32.888242
2014-04-10,50.220001,50.560001,49.900002,50.299999,8600,33.205109
2014-04-09,49.419998,50.25,48.799999,50.25,6800,33.172103
2014-04-08,48.529999,49.200001,48.529999,49.00,6800,32.346926
2014-04-07,49.259998,49.700001,48.52,48.529999,6400,32.036659
2014-04-04,50.029999,50.029999,49.150002,49.23,4300,32.498758
2014-04-03,49.91,50.259998,49.650002,50.220001,5900,33.152299
2014-04-02,49.48,49.709999,49.169998,49.709999,10600,32.815626
2014-04-01,49.099998,49.50,49.09,49.450001,5900,32.64399
2014-03-31,49.169998,49.279999,48.779999,48.990002,25300,32.340326
2014-03-28,49.240002,49.240002,48.77,48.779999,12600,32.201694
2014-03-27,49.00,49.07,48.799999,48.889999,7600,32.27431
2014-03-26,49.00,49.330002,49.00,49.00,10200,32.346926
2014-03-25,48.950001,49.259998,48.900002,49.009998,2800,32.353526
2014-03-24,49.150002,49.299999,48.889999,48.889999,5100,32.27431
2014-03-21,49.310001,49.310001,48.75,48.75,5400,32.181891
2014-03-20,48.599998,49.240002,48.50,49.220001,5000,32.492158
2014-03-19,48.75,48.959999,48.00,48.48,6700,32.003652
2014-03-18,49.57,49.57,48.57,48.59,6900,32.076268
2014-03-17,49.459999,49.459999,48.84,48.990002,4900,32.340326
2014-03-14,48.849998,49.450001,48.849998,49.439999,4500,32.637387
2014-03-13,49.25,50.00,49.049999,49.049999,4600,32.379933
2014-03-12,49.150002,49.66,48.599998,49.240002,4500,32.505361
2014-03-11,49.360001,49.75,49.009998,49.509998,9400,32.683597
2014-03-10,48.599998,49.66,48.599998,49.060001,10900,32.386535
2014-03-07,49.57,49.700001,48.939999,49.41,6500,32.617584
2014-03-06,49.25,49.689999,49.25,49.57,2200,32.723206
2014-03-05,49.939999,49.939999,48.98,49.25,20000,32.511961
2014-03-04,49.220001,50.50,49.220001,49.939999,9600,32.967458
2014-03-03,49.23,49.23,48.619999,48.759998,7400,32.188491
2014-02-28,50.110001,50.189999,49.299999,49.98,7000,32.993864
2014-02-27,49.799999,50.700001,49.799999,49.860001,5400,32.914648
2014-02-26,49.990002,49.990002,49.75,49.799999,4000,32.875039
2014-02-25,50.119999,50.279999,49.98,50.16,6100,33.11269
2014-02-24,50.700001,50.700001,50.259998,50.259998,3800,33.178703
2014-02-21,50.73,51.049999,50.369999,50.369999,6300,33.251319
2014-02-20,50.110001,51.060001,50.110001,50.540001,22100,33.363544
2014-02-19,50.18,50.700001,50.099998,50.209999,7500,33.145697
2014-02-18,50.25,50.950001,50.25,50.889999,6700,33.594593
2014-02-14,49.50,50.52,49.330002,50.209999,11200,33.145697
2014-02-13,49.150002,49.50,49.049999,49.490002,8200,32.670396
2014-02-12,49.439999,49.48,49.049999,49.119999,5100,32.426142
2014-02-11,49.34,49.50,49.240002,49.240002,5100,32.505361
2014-02-10,49.049999,49.490002,49.00,49.48,9700,32.663794
2014-02-07,49.470001,49.470001,48.759998,48.759998,11600,32.188491
2014-02-06,48.060001,49.48,48.049999,49.169998,13500,32.459149
2014-02-05,48.279999,48.48,48.110001,48.150002,9400,31.785807
2014-02-04,47.720001,48.50,47.57,48.400002,10200,31.950842
2014-02-03,49.290001,49.290001,47.049999,47.610001,35000,31.42933
2014-01-31,49.09,49.68,48.93,48.93,10000,32.300716
2014-01-30,49.560001,50.169998,49.310001,49.310001,9100,32.551571
2014-01-29,49.220001,49.599998,48.919998,48.93,9700,32.300716
2014-01-28,50.169998,50.169998,49.549999,49.560001,6700,32.716606
2014-01-27,50.900002,50.900002,50.00,50.00,7100,33.007067
2014-01-24,50.509998,51.799999,50.50,50.549999,4900,33.370145
2014-01-23,50.360001,51.73,50.360001,51.09,23000,33.726622
2014-01-22,50.00,50.799999,50.00,50.689999,19300,33.462564
2014-01-21,50.00,50.080002,49.450001,49.939999,7600,32.967458
2014-01-17,49.869999,50.169998,49.50,49.50,11100,32.676997
2014-01-16,49.220001,50.470001,49.220001,49.720001,5300,32.822229
2014-01-15,49.740002,49.740002,49.049999,49.459999,11000,32.650591
2014-01-14,49.50,50.00,49.50,49.990002,7700,33.000467
2014-01-13,50.029999,50.029999,47.880001,49.060001,7800,32.386535
2014-01-10,49.869999,50.450001,49.529999,50.07,19800,33.053277
2014-01-09,50.560001,50.560001,49.389999,49.869999,26100,32.921248
2014-01-08,50.59,50.700001,50.490002,50.52,3000,33.350341
2014-01-07,50.25,50.790001,50.130001,50.779999,13100,33.521977
2014-01-06,50.830002,50.830002,50.07,50.07,2700,33.053277
2014-01-03,50.279999,50.759998,50.00,50.57,23100,33.383348
2014-01-02,50.50,50.939999,49.709999,49.919998,13200,32.954255
2013-12-31,50.84,50.939999,50.00,50.41,19800,33.277725
2013-12-30,50.720001,51.25,49.740002,50.689999,15800,33.462564
2013-12-27,51.759998,51.759998,50.50,50.82,6900,33.548383
2013-12-26,52.32,52.32,51.490002,51.490002,5300,33.990679
2013-12-24,51.299999,52.130001,50.98,51.549999,16600,34.030286
2013-12-23,50.529999,51.459999,50.150002,51.459999,12900,33.970873
2013-12-20,49.650002,50.98,49.650002,50.439999,22900,33.297529
2013-12-19,49.299999,50.209999,49.299999,49.560001,3600,32.716606
2013-12-18,49.040001,49.799999,48.50,49.740002,15000,32.835432
2013-12-17,48.91,49.299999,48.82,49.099998,4600,32.412939
2013-12-16,48.98,49.279999,48.700001,49.07,8100,32.393136
2013-12-13,48.75,49.009998,48.639999,48.639999,8500,32.109275
2013-12-12,48.380001,48.849998,48.380001,48.52,7300,32.030059
2013-12-11,49.009998,49.009998,48.23,48.23,8500,31.838617
2013-12-10,49.41,49.619999,48.880001,49.130001,17700,32.432745
2013-12-09,49.759998,49.759998,49.220001,49.580002,4500,32.729809
2013-12-06,49.759998,50.470001,49.50,49.57,21900,32.723206
2013-12-05,49.599998,50.650002,49.240002,49.48,11600,32.663794
2013-12-04,51.07,51.07,50.00,50.209999,7200,33.145697
2013-12-03,52.00,52.00,50.91,51.139999,5900,33.759628
2013-12-02,52.669998,53.00,52.00,52.00,7100,34.32735
2013-11-29,53.400002,53.400002,52.419998,52.740002,4600,34.815856
2013-11-27,51.91,53.34,51.869999,53.110001,25400,35.060107
2013-11-26,51.810001,52.18,51.560001,51.650002,5600,34.096302
2013-11-25,52.07,52.279999,51.50,51.549999,11900,34.030286
2013-11-22,50.959999,52.439999,50.880001,52.080002,18100,34.380163
2013-11-21,51.00,51.529999,50.900002,51.110001,4700,33.739825
2013-11-20,51.080002,51.75,50.939999,51.009998,3500,33.673809
2013-11-19,51.84,51.860001,50.91,51.029999,3600,33.687012
2013-11-18,53.50,53.50,51.540001,51.93,27600,34.28114
2013-11-15,52.330002,53.490002,52.099998,53.48,20000,35.304359
2013-11-14,52.84,52.98,52.27,52.599998,2100,34.723434
2013-11-13,51.48,52.549999,51.48,52.50,9500,34.657421
2013-11-12,51.029999,51.900002,50.50,51.540001,16100,34.023686
2013-11-11,51.66,52.00,51.049999,51.259998,8500,33.838844
2013-11-08,53.290001,53.290001,50.540001,52.52,14400,34.670624
2013-11-07,53.549999,53.889999,53.419998,53.419998,4400,35.26475
2013-11-06,53.889999,54.00,53.25,53.549999,7900,35.350569
2013-11-05,53.580002,53.990002,52.77,53.740002,23600,35.475997
2013-11-04,53.150002,53.84,52.869999,53.68,15300,35.436388
2013-11-01,51.41,53.34,50.52,53.299999,27700,35.185533
2013-10-31,53.009998,54.00,50.57,51.32,48500,33.878454
2013-10-30,53.50,54.00,52.939999,52.98,4300,34.974288
2013-10-29,53.290001,53.419998,52.959999,53.419998,3300,35.26475
2013-10-28,53.299999,53.299999,52.23,53.049999,7900,35.020498
2013-10-25,53.299999,53.41,51.98,53.060001,12200,35.027101
2013-10-24,51.50,53.299999,50.200001,52.880001,26800,34.908275
2013-10-23,52.00,53.049999,51.93,52.82,14700,34.868666
2013-10-22,53.990002,53.990002,52.040001,52.040001,9400,34.353756
2013-10-21,54.18,54.419998,53.509998,53.509998,5500,35.324162
2013-10-18,53.810001,54.00,53.07,53.950001,5900,35.614626
2013-10-17,53.549999,53.669998,52.25,53.369999,3900,35.231743
2013-10-16,53.27,53.98,52.259998,53.110001,17600,35.060107
2013-10-15,53.16,54.00,52.16,53.189999,23000,35.112917
2013-10-14,50.360001,54.439999,50.360001,53.639999,3800,35.409982
2013-10-11,53.200001,54.470001,52.400002,53.619999,15900,35.396778
2013-10-10,51.50,53.700001,51.02,52.810001,19400,34.862066
2013-10-09,49.889999,51.400002,49.380001,50.91,26000,33.607796
2013-10-08,51.830002,51.830002,49.880001,49.950001,21500,32.974061
2013-10-07,52.119999,52.98,50.990002,51.900002,9300,34.261337
2013-10-04,52.75,53.66,52.00,53.16,27300,35.093114
2013-10-03,55.139999,55.139999,52.450001,52.459999,5500,34.631015
2013-10-02,55.110001,55.110001,52.650002,53.759998,15000,35.489198
2013-10-01,49.91,54.25,49.91,53.799999,26000,35.515604
2013-09-30,54.200001,54.200001,50.009998,52.779999,68000,34.84226
2013-09-27,55.560001,55.669998,54.50,54.720001,20200,36.122935
2013-09-26,55.669998,56.290001,55.009998,55.689999,2600,36.763271
2013-09-25,55.68,56.330002,55.369999,55.860001,8300,36.875496
2013-09-24,55.84,56.09,55.41,55.619999,3200,36.717061
2013-09-23,55.990002,56.419998,55.52,55.919998,8500,36.915103
2013-09-20,55.700001,56.459999,55.52,56.009998,8400,36.974516
2013-09-19,55.880001,56.18,55.509998,55.669998,2900,36.750068
2013-09-18,54.919998,56.43,53.950001,56.18,17900,37.086741
2013-09-17,54.580002,55.16,54.439999,54.939999,2900,36.268165
2013-09-16,55.77,56.09,54.549999,54.82,12000,36.188949
2013-09-13,54.459999,55.369999,54.439999,55.18,3500,36.4266
2013-09-12,54.450001,55.349998,54.450001,54.549999,4500,36.01071
2013-09-11,53.66,55.02,53.66,54.970001,6500,36.287971
2013-09-10,55.130001,55.220001,53.18,55.029999,18000,36.327578
2013-09-09,55.009998,55.389999,55.009998,55.310001,3300,36.512419
2013-09-06,55.009998,55.509998,53.740002,54.790001,15100,36.169145
2013-09-05,55.00,55.759998,53.779999,54.799999,55000,36.175745
2013-09-04,52.220001,55.150002,51.880001,54.880001,17300,36.228558
2013-09-03,51.849998,53.130001,51.48,51.650002,9300,34.096302
2013-08-30,50.470001,51.349998,50.060001,51.279999,8700,33.852048
2013-08-29,48.169998,51.66,48.169998,50.599998,11100,33.403151
2013-08-28,50.360001,50.959999,48.689999,49.119999,8100,32.426142
2013-08-27,50.130001,50.740002,49.919998,49.919998,5500,32.954255
2013-08-26,51.509998,51.509998,50.509998,50.810001,13900,33.541783
2013-08-23,49.209999,51.580002,49.09,51.310001,28500,33.871854
2013-08-22,49.990002,49.990002,45.91,48.990002,7300,32.340326
2013-08-21,49.93,50.099998,49.099998,49.990002,6900,33.000467
2013-08-20,50.099998,50.75,49.310001,49.84,10800,32.901445
2013-08-19,51.040001,51.439999,49.740002,50.00,6200,33.007067
2013-08-16,49.18,51.400002,49.18,51.169998,16100,33.779432
2013-08-15,51.889999,53.299999,49.439999,49.439999,12500,32.637387
2013-08-14,52.709999,52.900002,52.25,52.369999,4900,34.571602
2013-08-13,52.25,52.810001,51.75,52.279999,9200,34.512189
2013-08-12,53.709999,54.700001,52.200001,52.369999,15100,34.571602
2013-08-09,55.91,55.91,53.709999,54.200001,18900,35.779662
2013-08-08,56.27,56.48,53.869999,55.75,11100,36.80288
2013-08-07,56.209999,56.759998,55.549999,56.119999,7000,37.047132
2013-08-06,57.82,57.849998,55.400002,55.799999,11300,36.835887
2013-08-05,56.299999,57.450001,55.450001,57.220001,7400,37.773289
2013-08-02,57.209999,58.59,55.52,56.330002,12700,37.185763
2013-08-01,57.720001,57.98,56.119999,57.560001,9200,37.997737
2013-07-31,52.110001,58.189999,52.009998,57.259998,40600,37.799693
2013-07-30,54.400002,55.02,51.02,52.00,27500,34.32735
2013-07-29,57.689999,58.759998,53.450001,54.380001,38400,35.898487
2013-07-26,58.880001,59.849998,58.299999,59.290001,22500,39.139781
2013-07-25,55.709999,59.599998,55.299999,59.439999,20600,39.238801
2013-07-24,58.689999,59.50,54.759998,55.98,32600,36.954712
2013-07-23,58.110001,58.689999,57.349998,58.259998,23200,38.459834
2013-07-22,59.080002,60.630001,57.549999,58.080002,17700,38.341011
2013-07-19,58.139999,59.869999,57.970001,59.220001,14900,39.093571
2013-07-18,60.240002,60.439999,58.130001,58.779999,25900,38.803108
2013-07-17,61.16,61.630001,59.52,59.950001,24500,39.575474
2013-07-16,60.16,61.029999,58.50,60.75,31700,40.103587
2013-07-15,59.580002,60.299999,59.57,59.959999,9900,39.582075
2013-07-12,60.73,61.099998,58.939999,59.380001,13500,39.199194
2013-07-11,61.470001,62.34,60.66,60.700001,23100,40.07058
2013-07-10,59.959999,62.349998,59.759998,61.130001,22200,40.354441
2013-07-09,58.240002,61.25,57.57,60.48,30500,39.925348
2013-07-08,58.560001,59.32,57.720001,58.240002,15500,38.446633
2013-07-05,55.50,58.00,55.259998,57.73,18000,38.10996
2013-07-03,54.400002,55.43,54.400002,54.900002,6900,36.241761
2013-07-02,54.689999,55.709999,53.810001,54.41,26000,35.918291
2013-07-01,52.259998,54.990002,51.950001,54.41,12700,35.918291
2013-06-28,52.27,52.900002,51.049999,52.25,52300,34.492385
2013-06-27,51.50,52.419998,50.560001,52.23,19700,34.479182
2013-06-26,52.259998,52.259998,50.330002,51.02,50700,33.680412
2013-06-25,52.669998,52.669998,50.34,51.59,7700,34.056692
2013-06-24,50.98,52.09,50.889999,51.57,11200,34.043489
2013-06-21,51.419998,51.459999,50.25,51.459999,23300,33.970873
2013-06-20,51.970001,51.970001,51.00,51.279999,11000,33.852048
2013-06-19,51.400002,52.889999,51.150002,52.389999,15100,34.584805
2013-06-18,51.470001,52.950001,51.470001,51.990002,9200,34.32075
2013-06-17,52.380001,52.970001,50.77,51.049999,10900,33.700215
2013-06-14,52.919998,52.98,51.790001,52.189999,20900,34.452776
2013-06-13,50.599998,52.98,50.599998,52.82,13400,34.868666
2013-06-12,52.990002,52.990002,51.299999,52.130001,10500,34.413169
2013-06-11,51.93,53.07,50.540001,51.029999,5800,33.687012
2013-06-10,51.169998,52.59,51.00,52.16,11900,34.432973
2013-06-07,50.68,50.810001,50.130001,50.810001,6100,33.541783
2013-06-06,50.470001,50.700001,48.169998,50.700001,7100,33.469167
2013-06-05,49.889999,51.209999,45.759998,50.09,13400,33.06648
2013-06-04,49.16,51.34,48.73,49.799999,42000,32.875039
2013-06-03,50.73,51.150002,49.57,50.060001,14400,33.046677
2013-05-31,50.959999,51.310001,48.830002,51.130001,8400,33.753028
2013-05-30,51.310001,51.810001,50.139999,51.32,3800,33.878454
2013-05-29,52.119999,52.119999,50.650002,51.02,15700,33.680412
2013-05-28,51.759998,52.630001,51.25,52.18,8500,34.446176
2013-05-24,50.400002,51.099998,49.75,51.00,5600,33.667209
2013-05-23,51.98,51.98,49.880001,50.52,19300,33.350341
2013-05-22,52.50,53.049999,52.150002,52.299999,8500,34.525392
2013-05-21,52.619999,52.790001,51.419998,52.50,9000,34.657421
2013-05-20,54.130001,54.599998,50.119999,52.439999,30200,34.617811
2013-05-17,53.889999,54.50,53.41,53.77,6500,35.495801
2013-05-16,54.119999,54.50,53.509998,53.689999,6100,35.442988
2013-05-15,52.23,55.080002,51.209999,54.00,16000,35.647633
2013-05-14,49.91,52.779999,49.91,52.169998,38800,34.439573
2013-05-13,48.75,50.00,48.189999,49.84,19500,32.901445
2013-05-10,48.869999,49.48,48.27,48.75,19500,32.181891
2013-05-09,49.919998,50.84,48.759998,48.970001,21100,32.327123
2013-05-08,49.349998,51.73,49.349998,49.98,22900,32.993864
2013-05-07,44.650002,49.810001,44.099998,49.59,72900,32.73641
2013-05-06,44.990002,45.59,44.189999,44.630001,34900,29.462109
2013-05-03,44.75,46.630001,44.720001,45.25,31600,29.871396
2013-05-02,43.119999,44.700001,43.119999,44.700001,13700,29.508319
2013-05-01,44.490002,44.490002,42.459999,42.689999,11500,28.181433
2013-04-30,44.00,44.650002,43.91,44.650002,2900,29.475312
2013-04-29,43.299999,44.450001,43.299999,44.220001,13400,29.191451
2013-04-26,43.290001,43.450001,42.599998,43.09,17200,28.445491
2013-04-25,43.099998,43.099998,42.57,42.799999,2300,28.254049
2013-04-24,43.50,43.50,42.75,42.889999,4700,28.313462
2013-04-23,43.299999,43.709999,43.009998,43.709999,7300,28.854778
2013-04-22,43.00,43.360001,43.00,43.139999,2100,28.478497
2013-04-19,43.099998,43.099998,42.619999,42.900002,2900,28.320065
2013-04-18,43.189999,43.189999,42.82,42.84,4200,28.280455
2013-04-17,43.130001,43.189999,42.810001,42.950001,3500,28.353071
2013-04-16,43.450001,43.779999,43.009998,43.189999,6400,28.511504
2013-04-15,43.919998,44.450001,42.82,43.02,6600,28.399281
2013-04-12,43.709999,44.759998,43.529999,43.82,10200,28.927394
2013-04-11,44.43,44.919998,43.540001,43.580002,18600,28.768961
2013-04-10,44.00,44.43,43.860001,44.330002,5300,29.264067
2013-04-09,44.880001,44.919998,43.529999,43.860001,24800,28.9538
2013-04-08,43.799999,44.68,43.77,44.59,8600,29.435703
2013-04-05,42.610001,44.52,42.389999,43.82,14000,28.927394
2013-04-04,42.360001,43.650002,42.360001,43.130001,16400,28.471897
2013-04-03,43.200001,43.560001,42.25,42.450001,32700,28.023001
2013-04-02,42.880001,45.34,42.25,42.66,14100,28.16163
2013-04-01,42.09,45.810001,42.09,42.580002,37400,28.10882
2013-03-28,41.099998,42.360001,40.57,42.25,61600,27.890972
2013-03-27,40.07,41.349998,39.82,41.049999,5000,27.098802
2013-03-26,41.049999,42.099998,41.029999,41.310001,5400,27.27044
2013-03-25,41.849998,42.389999,40.810001,41.290001,8000,27.257237
2013-03-22,41.50,41.75,41.139999,41.439999,6300,27.356257
2013-03-21,41.310001,41.450001,40.84,41.450001,4400,27.362859
2013-03-20,41.880001,41.889999,39.950001,41.200001,11000,27.197824
2013-03-19,40.599998,42.32,40.09,40.50,3000,26.735725
2013-03-18,40.150002,40.50,39.830002,39.959999,4000,26.379248
2013-03-15,39.779999,40.970001,39.549999,40.349998,30900,26.636702
2013-03-14,40.240002,40.240002,39.400002,39.919998,4200,26.352841
2013-03-13,39.23,40.299999,38.509998,40.259998,3700,26.57729
2013-03-12,39.73,39.73,38.580002,39.029999,3400,25.765316
2013-03-11,38.790001,39.990002,38.18,38.950001,9100,25.712506
2013-03-08,38.330002,39.00,37.990002,39.00,6900,25.745513
2013-03-07,37.650002,38.470001,36.82,38.470001,2500,25.395638
2013-03-06,37.400002,37.830002,37.029999,37.439999,3500,24.715691
2013-03-05,36.669998,37.330002,36.669998,37.32,5100,24.636475
2013-03-04,36.709999,37.599998,36.25,36.919998,6000,24.372417
2013-03-01,36.490002,37.049999,36.259998,36.630001,4500,24.180978
2013-02-28,37.419998,37.43,36.50,36.639999,4600,24.187579
2013-02-27,36.52,37.759998,36.259998,37.349998,3900,24.656278
2013-02-26,36.43,36.57,36.060001,36.50,2900,24.095159
2013-02-25,36.00,36.580002,35.869999,35.869999,8500,23.679269
2013-02-22,36.23,36.459999,35.950001,36.00,6700,23.765089
2013-02-21,37.549999,37.57,36.00,36.130001,12000,23.850908
2013-02-20,38.23,38.389999,37.709999,37.73,5600,24.907133
2013-02-19,36.900002,38.330002,36.900002,38.330002,5000,25.303219
2013-02-15,36.50,37.360001,36.50,36.900002,9700,24.359217
2013-02-14,36.849998,36.849998,35.849998,36.490002,7200,24.088559
2013-02-13,36.860001,37.009998,36.50,36.869999,7100,24.339411
2013-02-12,37.029999,37.779999,35.880001,36.549999,10100,24.128166
2013-02-11,38.849998,38.849998,36.810001,37.099998,11100,24.491243
2013-02-08,38.860001,39.419998,38.650002,38.939999,6600,25.705903
2013-02-07,39.900002,40.369999,38.599998,38.849998,16800,25.64649
2013-02-06,40.700001,40.700001,39.900002,40.00,10500,26.405654
2013-02-05,42.25,42.639999,40.619999,40.880001,18900,26.986579
2013-02-04,41.27,43.57,41.27,42.209999,12900,27.864566
2013-02-01,41.00,41.310001,40.27,41.27,19800,27.244034
2013-01-31,41.630001,41.91,41.23,41.27,13800,27.244034
2013-01-30,42.380001,42.380001,40.09,41.799999,13800,27.593908
2013-01-29,42.220001,42.52,41.860001,42.380001,15700,27.976791
2013-01-28,41.389999,42.369999,41.27,42.369999,35300,27.970188
2013-01-25,40.93,41.400002,40.220001,40.950001,13400,27.032789
2013-01-24,39.48,40.990002,39.470001,40.630001,8800,26.821544
2013-01-23,39.299999,39.689999,38.740002,39.450001,13300,26.042577
2013-01-22,37.950001,39.689999,37.75,39.07,32500,25.791722
2013-01-18,36.650002,37.470001,36.650002,37.259998,4000,24.596866
2013-01-17,36.799999,37.759998,36.50,36.810001,3500,24.299804
2013-01-16,36.540001,37.52,36.369999,36.790001,7500,24.286601
2013-01-15,35.82,36.639999,35.810001,36.630001,3500,24.180978
2013-01-14,34.93,36.07,34.799999,35.830002,4800,23.652866
2013-01-11,34.32,35.240002,34.32,35.049999,4600,23.137954
2013-01-10,34.00,34.810001,33.889999,34.310001,25400,22.649451
2013-01-09,34.00,34.139999,33.84,34.00,17200,22.444806
2013-01-08,34.310001,34.310001,33.900002,34.00,5700,22.444806
2013-01-07,33.990002,34.27,33.599998,34.00,41500,22.444806
2013-01-04,34.00,34.049999,33.75,34.00,8700,22.444806
2013-01-03,33.959999,34.18,33.41,33.93,11800,22.398596
2013-01-02,33.84,34.099998,33.84,33.950001,10500,22.411799
2012-12-31,33.470001,33.950001,32.799999,33.700001,19400,22.246764
2012-12-28,33.689999,33.880001,33.50,33.650002,8700,22.213757
2012-12-27,33.50,33.860001,33.50,33.73,2100,22.266567
2012-12-26,33.450001,33.59,33.349998,33.369999,5800,22.028916
2012-12-24,33.09,33.84,33.00,33.220001,1300,21.929896
2012-12-21,33.029999,33.98,32.50,33.25,12700,21.9497
2012-12-20,33.59,33.59,32.950001,33.200001,8400,21.916693
2012-12-19,34.00,34.060001,32.25,33.470001,6900,22.094932
2012-12-18,33.849998,34.00,33.43,34.00,7900,22.444806
2012-12-17,34.00,34.099998,33.93,34.00,22500,22.444806
2012-12-14,33.669998,34.00,33.669998,34.00,6700,22.444806
2012-12-13,33.82,34.00,33.040001,33.650002,21300,22.213757
2012-12-12,31.379999,34.48,31.379999,33.900002,29000,22.378793
2012-12-11,30.799999,31.280001,30.030001,31.27,3100,20.64262
2012-12-10,30.559999,30.809999,30.469999,30.809999,2100,20.338955
2012-12-07,30.440001,30.809999,30.41,30.809999,2500,20.338955
2012-12-06,30.10,30.559999,30.10,30.559999,5800,20.173919
2012-12-05,31.27,31.51,30.60,30.60,12500,20.200326
2012-12-04,31.190001,31.65,31.190001,31.65,300,20.893473
2012-12-03,31.870001,31.870001,31.09,31.59,1900,20.853865
2012-11-30,31.68,31.879999,31.360001,31.66,2800,20.900075
2012-11-29,30.59,31.66,30.59,31.549999,2200,20.827459
2012-11-28,30.67,30.67,30.290001,30.290001,1500,19.995682
2012-11-27,30.66,30.66,30.50,30.530001,1500,20.154116
2012-11-26,30.48,30.690001,30.18,30.450001,2400,20.101305
2012-11-23,30.16,30.360001,30.16,30.360001,900,20.041892
2012-11-21,29.889999,30.18,29.889999,30.18,500,19.923066
2012-11-20,29.68,29.889999,29.440001,29.889999,3600,19.731625
2012-11-19,29.309999,30.00,29.309999,29.709999,3600,19.612799
2012-11-16,28.98,29.50,28.469999,29.25,9100,19.309134
2012-11-15,28.950001,29.360001,28.889999,29.059999,3800,19.183707
2012-11-14,28.530001,29.00,27.860001,28.83,14400,19.031875
2012-11-13,29.09,29.290001,28.950001,29.290001,1100,19.335541
2012-11-12,28.700001,29.18,27.67,29.18,7200,19.262925
2012-11-09,28.99,29.440001,28.639999,28.700001,3100,18.946057
2012-11-08,29.120001,29.120001,28.940001,28.940001,2100,19.104491
2012-11-07,29.120001,29.450001,28.940001,29.120001,4700,19.223317
2012-11-06,29.620001,29.90,29.219999,29.219999,1400,19.28933
2012-11-05,29.440001,29.58,29.120001,29.24,3900,19.302533
2012-11-02,29.35,29.58,29.120001,29.35,4200,19.375149
2012-11-01,28.00,29.440001,27.969999,29.290001,11200,19.335541
2012-10-31,29.450001,29.50,26.700001,27.709999,5800,18.292516
2012-10-26,29.59,29.85,29.049999,29.42,2600,19.421359
2012-10-25,29.23,29.540001,29.219999,29.50,1600,19.47417
2012-10-24,29.67,29.67,29.139999,29.139999,3400,19.236519
2012-10-23,30.190001,30.190001,29.200001,29.60,2200,19.540184
2012-10-22,31.49,31.700001,30.18,30.18,2900,19.923066
2012-10-19,31.00,31.57,31.00,31.35,2700,20.695432
2012-10-18,31.969999,31.969999,31.10,31.10,2000,20.530396
2012-10-17,31.48,32.00,31.48,31.889999,3700,21.051907
2012-10-16,31.879999,32.00,31.299999,31.469999,5000,20.774648
2012-10-15,31.940001,32.869999,31.450001,31.719999,8300,20.939683
2012-10-12,31.92,32.470001,31.01,32.16,9400,21.230146
2012-10-11,30.809999,32.189999,30.809999,31.809999,2200,20.999096
2012-10-10,31.370001,31.370001,30.85,30.85,2100,20.365361
2012-10-09,31.99,31.99,31.129999,31.18,2600,20.583207
2012-10-08,32.220001,32.43,31.879999,31.879999,3400,21.045306
2012-10-05,33.389999,33.389999,32.130001,32.209999,8000,21.263152
2012-10-04,32.50,32.619999,32.049999,32.389999,13700,21.381978
2012-10-03,32.00,32.50,31.870001,32.50,4600,21.454594
2012-10-02,31.52,32.209999,31.190001,32.16,12600,21.230146
2012-10-01,31.059999,31.99,31.059999,31.26,10100,20.636019
2012-09-28,31.860001,31.860001,30.629999,31.450001,16800,20.761446
2012-09-27,32.189999,32.50,29.889999,31.84,18400,21.018901
2012-09-26,32.009998,32.360001,31.799999,32.16,8000,21.230146
2012-09-25,32.50,32.59,31.540001,31.799999,20700,20.992494
2012-09-24,32.490002,32.490002,31.17,32.259998,16600,21.296159
2012-09-21,32.189999,32.349998,31.030001,32.32,12500,21.335768
2012-09-20,31.90,31.90,31.450001,31.49,1300,20.787851
2012-09-19,32.310001,32.470001,31.719999,32.110001,6400,21.197139
2012-09-18,31.360001,32.279999,30.940001,32.099998,6800,21.190536
2012-09-17,30.90,31.50,30.799999,31.26,4300,20.636019
2012-09-14,30.49,31.33,30.35,30.76,5400,20.305948
2012-09-13,30.25,30.50,30.02,30.440001,3800,20.094703
2012-09-12,29.860001,30.25,29.799999,30.08,4200,19.857052
2012-09-11,29.73,29.84,28.799999,29.67,4500,19.586394
2012-09-10,30.32,31.41,29.10,29.790001,9900,19.665611
2012-09-07,30.639999,30.639999,30.50,30.610001,2400,20.206927
2012-09-06,30.50,30.719999,30.309999,30.49,6000,20.12771
2012-09-05,31.90,32.639999,30.139999,30.32,18600,20.015485
2012-09-04,31.860001,32.860001,31.83,32.080002,4300,21.177336
2012-08-31,32.400002,32.450001,31.700001,31.870001,3300,21.038705
2012-08-30,32.509998,32.52,32.189999,32.189999,2700,21.249949
2012-08-29,32.57,33.150002,32.400002,32.639999,6600,21.547013
2012-08-28,31.889999,32.759998,31.01,32.73,6700,21.606426
2012-08-27,32.16,32.16,31.52,32.060001,7300,21.164133
2012-08-24,32.490002,32.509998,31.99,32.360001,3000,21.362174
2012-08-23,33.509998,33.52,32.459999,32.50,8400,21.454594
2012-08-22,33.23,33.709999,33.189999,33.48,3200,22.101532
2012-08-21,33.59,33.59,33.32,33.369999,2200,22.028916
2012-08-20,32.799999,33.98,32.529999,33.400002,4100,22.048722
2012-08-17,33.18,33.389999,32.650002,32.900002,4900,21.718651
2012-08-16,31.299999,33.330002,31.299999,33.07,22400,21.830874
2012-08-15,31.719999,31.719999,31.17,31.49,3000,20.787851
2012-08-14,31.75,31.93,31.50,31.51,1600,20.801054
2012-08-13,32.029999,32.200001,31.559999,32.200001,1600,21.256552
2012-08-10,31.84,32.66,31.84,32.16,1500,21.230146
2012-08-09,32.07,32.099998,31.440001,31.90,5300,21.058509
2012-08-08,32.43,32.880001,30.700001,31.959999,8200,21.098117
2012-08-07,33.049999,33.049999,32.00,32.490002,6100,21.447994
2012-08-06,31.98,33.189999,31.549999,33.169998,15100,21.896887
2012-08-03,30.40,31.77,30.40,31.77,3500,20.972691
2012-08-02,29.870001,30.60,29.870001,30.25,3800,19.969276
2012-08-01,29.93,30.440001,29.90,30.049999,5600,19.837247
2012-07-31,30.00,30.32,29.950001,30.290001,5200,19.995682
2012-07-30,30.450001,30.450001,30.08,30.08,800,19.857052
2012-07-27,30.450001,30.48,29.559999,30.280001,3700,19.98908
2012-07-26,30.139999,30.40,29.91,30.24,3400,19.962674
2012-07-25,29.85,30.24,29.85,29.860001,1900,19.711821
2012-07-24,30.040001,30.040001,29.92,30.00,2200,19.80424
2012-07-23,30.129999,30.129999,29.91,29.91,4300,19.744828
2012-07-20,30.049999,30.620001,29.84,30.25,6300,19.969276
2012-07-19,30.540001,30.68,30.299999,30.379999,1600,20.055094
2012-07-18,30.360001,30.639999,30.110001,30.639999,2600,20.226731
2012-07-17,30.440001,30.60,30.00,30.58,8200,20.187122
2012-07-16,30.549999,30.549999,29.50,30.030001,7000,19.824045
2012-07-13,30.09,30.700001,29.77,30.700001,2700,20.26634
2012-07-12,30.00,30.200001,29.77,30.10,5700,19.870255
2012-07-11,29.76,30.40,29.76,29.969999,6900,19.784436
2012-07-10,30.290001,30.33,29.90,30.00,8100,19.80424
2012-07-09,30.75,30.75,29.959999,29.959999,3900,19.777834
2012-07-06,30.00,30.41,29.360001,30.18,9100,19.923066
2012-07-05,30.24,30.41,29.43,30.00,6300,19.80424
2012-07-03,30.040001,30.34,29.25,30.219999,21400,19.949471
2012-07-02,29.530001,30.299999,28.48,30.209999,31700,19.94287
2012-06-29,29.00,29.50,27.60,29.50,14100,19.47417
2012-06-28,28.25,28.67,28.01,28.370001,6700,18.728211
2012-06-27,29.280001,29.280001,27.75,28.50,7400,18.814028
2012-06-26,27.00,28.309999,26.790001,28.15,8100,18.582979
2012-06-25,29.00,29.139999,27.34,27.450001,12500,18.120881
2012-06-22,29.07,30.299999,28.00,28.57,414800,18.860238
2012-06-21,28.01,29.15,28.01,28.959999,15200,19.117693
2012-06-20,28.49,29.290001,27.959999,28.74,13400,18.972462
2012-06-19,27.030001,28.49,27.030001,28.360001,22700,18.721609
2012-06-18,27.870001,27.870001,27.24,27.50,12000,18.153887
2012-06-15,27.49,28.200001,26.60,28.15,15200,18.582979
2012-06-14,27.60,27.90,27.190001,27.190001,10000,17.949244
2012-06-13,28.00,28.049999,27.530001,27.969999,8900,18.464153
2012-06-12,27.83,28.15,27.49,28.02,2500,18.497161
2012-06-11,28.41,28.950001,27.219999,27.469999,30600,18.134082
2012-06-08,26.59,28.780001,26.59,28.450001,20500,18.781022
2012-06-07,25.719999,27.25,25.719999,26.76,14600,17.665383
2012-06-06,25.27,25.780001,23.969999,25.41,5800,16.774192
2012-06-05,26.50,26.99,24.809999,25.290001,8500,16.694975
2012-06-04,25.549999,27.48,24.91,26.50,42900,17.493746
2012-06-01,24.10,25.030001,24.059999,25.00,4800,16.503534
2012-05-31,24.200001,25.299999,22.52,24.50,14100,16.173463
2012-05-30,24.209999,24.709999,24.209999,24.290001,1100,16.034834
2012-05-29,24.67,25.67,23.90,24.120001,13300,15.92261
2012-05-25,23.700001,24.90,23.700001,24.540001,5500,16.199869
2012-05-24,23.969999,24.25,23.700001,23.700001,800,15.64535
2012-05-23,23.280001,25.389999,21.360001,24.15,6400,15.942413
2012-05-22,23.379999,24.299999,22.27,23.57,2800,15.559531
2012-05-21,22.450001,23.68,22.40,23.68,700,15.632147
2012-05-18,22.549999,23.00,21.50,22.450001,4300,14.820174
2012-05-17,24.25,25.879999,22.00,23.10,8800,15.249265
2012-05-16,24.33,24.75,24.299999,24.50,2900,16.173463
2012-05-15,24.790001,25.09,24.620001,24.77,10000,16.351702
2012-05-14,24.99,25.07,24.26,24.75,11700,16.338498
2012-05-11,24.99,25.370001,24.60,25.370001,13500,16.747787
2012-05-10,25.299999,25.299999,24.530001,24.90,4900,16.437519
2012-05-09,25.969999,26.040001,24.75,24.969999,10000,16.483729
2012-05-08,24.889999,25.98,24.700001,25.690001,13900,16.959032
2012-05-07,25.00,25.209999,24.51,25.15,21000,16.602555
2012-05-04,24.83,25.25,24.620001,24.889999,7500,16.430918
2012-05-03,24.50,24.799999,24.42,24.719999,6300,16.318694
2012-05-02,24.190001,24.549999,24.190001,24.26,2900,16.015029
2012-05-01,23.68,24.190001,23.68,24.190001,3500,15.96882
2012-04-30,24.18,24.18,23.50,23.99,8400,15.836791
2012-04-27,22.91,25.99,22.90,24.290001,7200,16.034834
2012-04-26,22.290001,23.00,22.290001,22.85,4400,15.08423
2012-04-25,22.290001,23.00,21.60,22.440001,900,14.813572
2012-04-24,22.50,22.50,22.200001,22.200001,300,14.655138
2012-04-23,22.40,22.809999,22.00,22.00,6200,14.52311
2012-04-20,22.190001,22.469999,22.120001,22.360001,1500,14.760761
2012-04-19,21.610001,22.030001,21.450001,22.030001,2800,14.542914
2012-04-18,21.43,21.799999,21.40,21.40,3100,14.127025
2012-04-17,21.610001,22.66,21.23,21.309999,9200,14.067612
2012-04-16,21.40,21.83,20.98,21.209999,8500,14.001597
2012-04-13,21.60,22.17,20.18,21.32,1500,14.074213
2012-04-12,21.860001,22.309999,21.52,21.65,5100,14.29206
