Date,Open,High,Low,Close,Volume,Adj Close
2016-11-25,1.67,1.67,1.58,1.66,376000,1.66
2016-11-23,1.75,1.75,1.57,1.68,1295100,1.68
2016-11-22,1.95,1.97,1.72,1.76,1840100,1.76
2016-11-21,2.07,2.07,1.88,1.95,1826700,1.95
2016-11-18,2.00,2.20,1.95,2.06,1781800,2.06
2016-11-17,2.68,2.94,1.86,1.99,10435800,1.99
2016-11-16,1.95,2.28,1.88,2.10,6426900,2.10
2016-11-15,1.80,1.80,1.62,1.74,3274800,1.74
2016-11-14,1.45,1.55,1.41,1.54,2400500,1.54
2016-11-11,1.31,1.45,1.31,1.41,1277700,1.41
2016-11-10,1.29,1.36,1.29,1.33,422500,1.33
2016-11-09,1.19,1.32,1.18,1.31,371100,1.31
2016-11-08,1.19,1.23,1.19,1.22,194800,1.22
2016-11-07,1.18,1.25,1.18,1.21,157000,1.21
2016-11-04,1.16,1.24,1.15,1.18,198800,1.18
2016-11-03,1.24,1.25,1.18,1.19,349800,1.19
2016-11-02,1.26,1.28,1.22,1.24,387600,1.24
2016-11-01,1.27,1.32,1.24,1.27,415700,1.27
2016-10-31,1.31,1.33,1.25,1.28,505600,1.28
2016-10-28,1.33,1.35,1.30,1.33,258900,1.33
2016-10-27,1.32,1.36,1.29,1.33,242000,1.33
2016-10-26,1.33,1.37,1.31,1.31,300800,1.31
2016-10-25,1.37,1.38,1.33,1.33,280600,1.33
2016-10-24,1.39,1.40,1.33,1.39,274900,1.39
2016-10-21,1.41,1.41,1.37,1.38,111700,1.38
2016-10-20,1.37,1.42,1.35,1.42,254600,1.42
2016-10-19,1.42,1.42,1.35,1.40,194400,1.40
2016-10-18,1.34,1.42,1.33,1.42,344000,1.42
2016-10-17,1.34,1.37,1.32,1.37,153200,1.37
2016-10-14,1.35,1.36,1.32,1.35,151800,1.35
2016-10-13,1.37,1.37,1.30,1.32,462300,1.32
2016-10-12,1.39,1.42,1.37,1.38,131100,1.38
2016-10-11,1.40,1.40,1.36,1.39,219500,1.39
2016-10-10,1.45,1.45,1.40,1.40,101300,1.40
2016-10-07,1.41,1.45,1.38,1.45,312200,1.45
2016-10-06,1.40,1.44,1.39,1.39,190400,1.39
2016-10-05,1.40,1.44,1.39,1.39,142300,1.39
2016-10-04,1.39,1.40,1.36,1.39,232700,1.39
2016-10-03,1.37,1.41,1.36,1.39,139600,1.39
2016-09-30,1.43,1.44,1.37,1.39,447800,1.39
2016-09-29,1.41,1.48,1.39,1.43,308600,1.43
2016-09-28,1.42,1.49,1.38,1.44,411500,1.44
2016-09-27,1.40,1.45,1.40,1.42,151400,1.42
2016-09-26,1.46,1.47,1.40,1.40,144600,1.40
2016-09-23,1.49,1.53,1.45,1.47,311400,1.47
2016-09-22,1.40,1.55,1.40,1.47,770800,1.47
2016-09-21,1.37,1.41,1.37,1.38,236900,1.38
2016-09-20,1.35,1.40,1.35,1.36,189300,1.36
2016-09-19,1.37,1.41,1.36,1.36,220900,1.36
2016-09-16,1.27,1.39,1.27,1.38,237000,1.38
2016-09-15,1.34,1.35,1.25,1.30,718500,1.30
2016-09-14,1.38,1.40,1.35,1.35,315600,1.35
2016-09-13,1.46,1.47,1.39,1.40,278200,1.40
2016-09-12,1.42,1.49,1.40,1.47,323800,1.47
2016-09-09,1.50,1.55,1.42,1.42,427000,1.42
2016-09-08,1.45,1.52,1.45,1.50,287000,1.50
2016-09-07,1.42,1.49,1.41,1.46,252000,1.46
2016-09-06,1.43,1.45,1.39,1.43,308000,1.43
2016-09-02,1.45,1.46,1.40,1.41,185400,1.41
2016-09-01,1.38,1.42,1.34,1.40,266000,1.40
2016-08-31,1.47,1.50,1.38,1.38,581200,1.38
2016-08-30,1.52,1.52,1.47,1.49,120100,1.49
2016-08-29,1.50,1.52,1.47,1.49,227400,1.49
2016-08-26,1.47,1.53,1.46,1.50,211800,1.50
2016-08-25,1.55,1.55,1.48,1.50,319600,1.50
2016-08-24,1.50,1.60,1.50,1.53,340000,1.53
2016-08-23,1.53,1.56,1.50,1.52,229300,1.52
2016-08-22,1.58,1.60,1.50,1.52,387400,1.52
2016-08-19,1.65,1.65,1.57,1.59,162500,1.59
2016-08-18,1.58,1.65,1.57,1.65,225300,1.65
2016-08-17,1.62,1.63,1.55,1.58,260900,1.58
2016-08-16,1.67,1.68,1.60,1.62,315800,1.62
2016-08-15,1.69,1.70,1.64,1.68,543500,1.68
2016-08-12,1.55,1.67,1.55,1.64,567300,1.64
2016-08-11,1.50,1.61,1.45,1.56,689600,1.56
2016-08-10,1.57,1.62,1.50,1.51,287800,1.51
2016-08-09,1.55,1.57,1.54,1.56,168700,1.56
2016-08-08,1.53,1.58,1.51,1.56,338400,1.56
2016-08-05,1.47,1.54,1.47,1.53,454200,1.53
2016-08-04,1.43,1.50,1.42,1.47,211800,1.47
2016-08-03,1.34,1.45,1.34,1.43,219600,1.43
2016-08-02,1.39,1.45,1.36,1.36,304900,1.36
2016-08-01,1.44,1.49,1.38,1.39,263000,1.39
2016-07-29,1.40,1.49,1.37,1.44,218900,1.44
2016-07-28,1.45,1.49,1.35,1.38,411400,1.38
2016-07-27,1.47,1.50,1.45,1.45,166700,1.45
2016-07-26,1.51,1.51,1.47,1.48,277400,1.48
2016-07-25,1.55,1.60,1.50,1.51,244800,1.51
2016-07-22,1.58,1.61,1.50,1.55,324800,1.55
2016-07-21,1.45,1.64,1.45,1.58,738900,1.58
2016-07-20,1.46,1.49,1.41,1.46,197400,1.46
2016-07-19,1.49,1.54,1.46,1.46,266600,1.46
2016-07-18,1.40,1.54,1.39,1.50,357200,1.50
2016-07-15,1.45,1.48,1.40,1.42,268400,1.42
2016-07-14,1.53,1.53,1.42,1.46,519700,1.46
2016-07-13,1.42,1.54,1.42,1.51,563800,1.51
2016-07-12,1.35,1.45,1.34,1.43,815100,1.43
2016-07-11,1.29,1.35,1.29,1.33,250800,1.33
2016-07-08,1.30,1.34,1.28,1.32,349600,1.32
2016-07-07,1.28,1.31,1.27,1.30,292200,1.30
2016-07-06,1.27,1.29,1.24,1.28,325500,1.28
2016-07-05,1.26,1.29,1.26,1.29,348000,1.29
2016-07-01,1.30,1.35,1.29,1.30,283200,1.30
2016-06-30,1.26,1.30,1.24,1.29,261400,1.29
2016-06-29,1.27,1.30,1.23,1.29,215900,1.29
2016-06-28,1.21,1.26,1.20,1.26,344500,1.26
2016-06-27,1.27,1.30,1.14,1.17,1029500,1.17
2016-06-24,1.26,1.31,1.25,1.30,622700,1.30
2016-06-23,1.31,1.38,1.30,1.37,451200,1.37
2016-06-22,1.31,1.35,1.28,1.31,342800,1.31
2016-06-21,1.33,1.33,1.27,1.31,333000,1.31
2016-06-20,1.29,1.35,1.29,1.33,306700,1.33
2016-06-17,1.30,1.33,1.23,1.28,1322500,1.28
2016-06-16,1.30,1.32,1.25,1.27,463200,1.27
2016-06-15,1.28,1.34,1.26,1.28,350300,1.28
2016-06-14,1.25,1.31,1.20,1.29,642500,1.29
2016-06-13,1.38,1.42,1.27,1.28,883700,1.28
2016-06-10,1.38,1.46,1.35,1.42,540300,1.42
2016-06-09,1.43,1.44,1.38,1.42,344800,1.42
2016-06-08,1.42,1.49,1.41,1.44,255100,1.44
2016-06-07,1.49,1.50,1.40,1.43,307300,1.43
2016-06-06,1.38,1.48,1.36,1.46,459500,1.46
2016-06-03,1.40,1.42,1.35,1.37,402300,1.37
2016-06-02,1.39,1.42,1.34,1.41,359000,1.41
2016-06-01,1.44,1.44,1.37,1.40,264000,1.40
2016-05-31,1.39,1.54,1.39,1.40,821300,1.40
2016-05-27,1.40,1.44,1.35,1.38,411900,1.38
2016-05-26,1.43,1.47,1.40,1.41,246000,1.41
2016-05-25,1.37,1.45,1.36,1.41,465300,1.41
2016-05-24,1.30,1.35,1.28,1.35,728100,1.35
2016-05-23,1.32,1.34,1.28,1.31,322900,1.31
2016-05-20,1.39,1.39,1.29,1.34,426300,1.34
2016-05-19,1.35,1.35,1.28,1.34,316800,1.34
2016-05-18,1.36,1.38,1.32,1.33,510600,1.33
2016-05-17,1.34,1.44,1.33,1.35,486100,1.35
2016-05-16,1.38,1.51,1.33,1.35,927300,1.35
2016-05-13,1.29,1.42,1.26,1.36,350600,1.36
2016-05-12,1.37,1.41,1.29,1.32,830500,1.32
2016-05-11,1.54,1.55,1.43,1.44,431200,1.44
2016-05-10,1.37,1.49,1.37,1.49,429800,1.49
2016-05-09,1.40,1.41,1.32,1.37,1197700,1.37
2016-05-06,1.42,1.47,1.39,1.42,442800,1.42
2016-05-05,1.56,1.56,1.39,1.42,792700,1.42
2016-05-04,1.53,1.57,1.46,1.52,314800,1.52
2016-05-03,1.58,1.59,1.47,1.53,650100,1.53
2016-05-02,1.64,1.72,1.56,1.61,511400,1.61
2016-04-29,1.62,1.65,1.57,1.64,1213300,1.64
2016-04-28,1.72,1.74,1.58,1.58,1052300,1.58
2016-04-27,1.84,1.87,1.70,1.71,852000,1.71
2016-04-26,1.87,1.88,1.80,1.82,645500,1.82
2016-04-25,1.81,1.94,1.80,1.85,1058300,1.85
2016-04-22,1.70,1.84,1.67,1.80,725700,1.80
2016-04-21,1.70,1.81,1.63,1.70,910100,1.70
2016-04-20,1.81,1.90,1.70,1.70,1458700,1.70
2016-04-19,1.70,1.84,1.69,1.77,812100,1.77
2016-04-18,1.69,1.83,1.66,1.68,757700,1.68
2016-04-15,1.60,1.78,1.60,1.66,842300,1.66
2016-04-14,1.70,1.70,1.59,1.63,440700,1.63
2016-04-13,1.48,1.70,1.48,1.64,1064400,1.64
2016-04-12,1.58,1.60,1.42,1.47,633400,1.47
2016-04-11,1.53,1.65,1.53,1.54,1167000,1.54
2016-04-08,1.37,1.51,1.34,1.49,1034200,1.49
2016-04-07,1.20,1.35,1.20,1.33,806900,1.33
2016-04-06,1.22,1.24,1.12,1.23,602600,1.23
2016-04-05,1.24,1.24,1.18,1.19,352400,1.19
2016-04-04,1.23,1.26,1.21,1.23,358200,1.23
2016-04-01,1.22,1.27,1.22,1.23,358200,1.23
2016-03-31,1.33,1.35,1.24,1.24,1008800,1.24
2016-03-30,1.26,1.38,1.26,1.32,353400,1.32
2016-03-29,1.21,1.26,1.20,1.24,480900,1.24
2016-03-28,1.26,1.32,1.22,1.23,504300,1.23
2016-03-24,1.30,1.38,1.27,1.32,628600,1.32
2016-03-23,1.42,1.46,1.32,1.34,741500,1.34
2016-03-22,1.45,1.50,1.43,1.44,274100,1.44
2016-03-21,1.55,1.58,1.44,1.47,510300,1.47
2016-03-18,1.50,1.54,1.41,1.52,744200,1.52
2016-03-17,1.41,1.49,1.39,1.48,487400,1.48
2016-03-16,1.34,1.45,1.34,1.41,344400,1.41
2016-03-15,1.40,1.41,1.31,1.32,533900,1.32
2016-03-14,1.46,1.53,1.38,1.46,604900,1.46
2016-03-11,1.33,1.49,1.33,1.45,437300,1.45
2016-03-10,1.39,1.41,1.26,1.31,616100,1.31
2016-03-09,1.49,1.51,1.31,1.39,411900,1.39
2016-03-08,1.70,1.72,1.30,1.40,1203300,1.40
2016-03-07,1.49,1.74,1.47,1.63,1936700,1.63
2016-03-04,1.32,1.45,1.25,1.38,1939400,1.38
2016-03-03,1.07,1.28,1.06,1.26,1669900,1.26
2016-03-02,1.12,1.12,1.03,1.06,582100,1.06
2016-03-01,1.16,1.18,1.06,1.08,542500,1.08
2016-02-29,1.10,1.16,1.05,1.12,519500,1.12
2016-02-26,0.97,1.10,0.97,1.03,461600,1.03
2016-02-25,1.00,1.00,0.95,1.00,373200,1.00
2016-02-24,1.05,1.05,0.95,1.00,562900,1.00
2016-02-23,1.18,1.18,1.03,1.06,404300,1.06
2016-02-22,1.10,1.18,1.08,1.16,696100,1.16
2016-02-19,1.11,1.12,1.03,1.08,449200,1.08
2016-02-18,1.20,1.23,1.01,1.09,955100,1.09
2016-02-17,1.00,1.24,0.97,1.17,1286700,1.17
2016-02-16,0.90,1.00,0.84,0.97,920900,0.97
2016-02-12,0.90,0.93,0.82,0.82,1463600,0.82
2016-02-11,1.00,1.01,0.79,0.80,1963400,0.80
2016-02-10,1.02,1.10,1.00,1.02,1053400,1.02
2016-02-09,1.19,1.20,1.00,1.05,2058400,1.05
2016-02-08,1.35,1.36,1.13,1.17,2182100,1.17
2016-02-05,1.49,1.53,1.36,1.38,1387900,1.38
2016-02-04,1.50,1.58,1.45,1.47,1557700,1.47
2016-02-03,1.36,1.60,1.25,1.55,5479600,1.55
2016-02-02,2.20,2.20,2.06,2.17,542300,2.17
2016-02-01,2.31,2.39,2.10,2.25,731300,2.25
2016-01-29,2.34,2.40,2.16,2.30,783800,2.30
2016-01-28,2.50,2.54,2.28,2.31,718800,2.31
2016-01-27,2.34,2.57,2.22,2.40,1065300,2.40
2016-01-26,2.14,2.30,2.10,2.26,997700,2.26
2016-01-25,2.13,2.16,2.02,2.04,552900,2.04
2016-01-22,1.96,2.20,1.93,2.11,1112700,2.11
2016-01-21,1.69,2.03,1.67,1.86,558500,1.86
2016-01-20,1.82,1.85,1.55,1.69,1064500,1.69
2016-01-19,1.98,2.00,1.81,1.82,689700,1.82
2016-01-15,1.94,1.99,1.82,1.92,788800,1.92
2016-01-14,1.78,2.00,1.32,1.98,1873400,1.98
2016-01-13,2.12,2.14,1.77,1.78,1320300,1.78
2016-01-12,2.25,2.28,2.00,2.05,1172000,2.05
2016-01-11,2.44,2.45,2.14,2.21,1089600,2.21
2016-01-08,2.50,2.60,2.36,2.37,950700,2.37
2016-01-07,2.70,2.72,2.49,2.49,1363200,2.49
2016-01-06,2.85,2.88,2.73,2.73,1070400,2.73
2016-01-05,3.16,3.16,2.91,2.91,704600,2.91
2016-01-04,3.00,3.13,2.94,3.07,821800,3.07
2015-12-31,2.81,3.02,2.79,3.02,1313300,3.02
2015-12-30,2.81,2.87,2.72,2.81,818300,2.81
2015-12-29,2.95,2.99,2.77,2.83,1224400,2.83
2015-12-28,3.15,3.16,2.90,2.94,1031100,2.94
2015-12-24,3.12,3.19,3.03,3.18,372900,3.18
2015-12-23,2.90,3.11,2.90,3.06,931400,3.06
2015-12-22,2.90,2.97,2.86,2.88,855400,2.88
2015-12-21,2.96,3.05,2.90,2.91,700400,2.91
2015-12-18,2.89,2.95,2.80,2.93,1125100,2.93
2015-12-17,2.90,2.95,2.78,2.89,794400,2.89
2015-12-16,2.87,3.05,2.86,2.91,693000,2.91
2015-12-15,2.81,2.99,2.81,2.88,561700,2.88
2015-12-14,3.13,3.13,2.85,2.94,893500,2.94
2015-12-11,3.17,3.19,3.07,3.17,889100,3.17
2015-12-10,3.05,3.39,3.04,3.27,1054900,3.27
2015-12-09,3.06,3.26,3.03,3.07,1155200,3.07
2015-12-08,2.74,3.20,2.73,3.12,2165300,3.12
2015-12-07,2.98,3.01,2.70,2.71,1728100,2.71
2015-12-04,3.32,3.33,2.97,3.03,1877500,3.03
2015-12-03,3.33,3.46,3.30,3.30,691300,3.30
2015-12-02,3.50,3.50,3.32,3.35,669300,3.35
2015-12-01,3.55,3.66,3.48,3.50,767900,3.50
2015-11-30,3.57,3.68,3.51,3.57,763700,3.57
2015-11-27,3.49,3.65,3.47,3.57,569000,3.57
2015-11-25,3.58,3.68,3.46,3.48,1206100,3.48
2015-11-24,3.61,3.78,3.55,3.60,1485000,3.60
2015-11-23,3.90,3.92,3.58,3.63,1991500,3.63
2015-11-20,4.30,4.38,3.96,3.99,1467900,3.99
2015-11-19,4.34,4.40,4.19,4.32,1146300,4.32
2015-11-18,4.58,4.66,4.31,4.38,1006200,4.38
2015-11-17,4.89,4.92,4.47,4.58,890900,4.58
2015-11-16,4.70,4.93,4.70,4.85,661500,4.85
2015-11-13,4.57,4.75,4.52,4.67,694600,4.67
2015-11-12,4.82,4.89,4.59,4.59,1006600,4.59
2015-11-11,5.00,5.00,4.70,4.86,1095600,4.86
2015-11-10,5.10,5.34,4.99,5.00,1220700,5.00
2015-11-09,5.34,5.37,5.06,5.12,815700,5.12
2015-11-06,5.37,5.56,5.37,5.53,729700,5.317
2015-11-05,6.00,6.00,5.36,5.37,3782300,5.163163
2015-11-04,5.82,6.14,5.79,5.97,1349000,5.740052
2015-11-03,5.75,6.20,5.13,5.79,5475200,5.566986
2015-11-02,7.49,7.64,6.96,7.14,1511500,6.864987
2015-10-30,7.30,7.60,7.30,7.44,428400,7.153432
2015-10-29,7.60,7.73,7.17,7.30,414800,7.018825
2015-10-28,7.14,7.65,7.10,7.33,384000,7.047669
2015-10-27,7.40,7.48,7.10,7.13,485900,6.855373
2015-10-26,7.73,7.74,7.30,7.37,409800,7.086128
2015-10-23,7.59,7.85,7.50,7.74,395500,7.441877
2015-10-22,7.75,7.88,7.41,7.58,555600,7.28804
2015-10-21,8.00,8.10,7.69,7.73,335500,7.432262
2015-10-20,7.65,8.04,7.63,8.00,434900,7.691863
2015-10-19,7.79,8.00,7.48,7.69,398500,7.393803
2015-10-16,8.15,8.44,7.77,7.82,609400,7.518796
2015-10-15,8.10,8.29,7.77,8.26,659400,7.941848
2015-10-14,8.10,8.48,8.10,8.34,441900,8.018767
2015-10-13,8.21,8.40,8.07,8.13,244800,7.816855
2015-10-12,8.74,8.74,8.16,8.24,343600,7.922618
2015-10-09,8.67,8.79,8.60,8.75,416400,8.412975
2015-10-08,8.43,8.66,8.29,8.61,215600,8.278367
2015-10-07,8.40,8.67,8.30,8.40,207700,8.076455
2015-10-06,7.90,8.50,7.85,8.29,393200,7.970693
2015-10-05,7.58,7.90,7.49,7.89,363300,7.586099
2015-10-02,7.27,7.53,7.27,7.46,270000,7.172662
2015-10-01,7.30,7.45,7.15,7.35,230700,7.066899
2015-09-30,7.22,7.43,6.96,7.29,483400,7.00921
2015-09-29,7.40,7.40,7.17,7.24,361100,6.961135
2015-09-28,7.61,7.75,7.33,7.39,325800,7.105358
2015-09-25,7.99,8.14,7.67,7.68,229700,7.384188
2015-09-24,7.61,8.04,7.51,7.98,351000,7.672633
2015-09-23,8.07,8.12,7.58,7.70,248000,7.403418
2015-09-22,8.11,8.20,7.83,7.96,323900,7.653403
2015-09-21,8.45,8.59,8.20,8.22,181000,7.903389
2015-09-18,8.34,8.46,8.31,8.40,196000,8.076455
2015-09-17,8.29,8.50,8.17,8.36,262200,8.037996
2015-09-16,8.35,8.49,8.21,8.30,180900,7.980308
2015-09-15,8.45,8.48,8.22,8.24,275900,7.922618
2015-09-14,8.60,8.68,8.45,8.48,190500,8.153374
2015-09-11,8.63,8.75,8.22,8.70,324400,8.3649
2015-09-10,8.79,8.79,8.49,8.66,363100,8.326441
2015-09-09,8.58,8.84,8.47,8.77,389300,8.432205
2015-09-08,8.50,8.51,8.07,8.42,281700,8.095685
2015-09-04,8.03,8.34,7.85,8.27,254300,7.951463
2015-09-03,8.30,8.38,7.85,8.06,466800,7.749552
2015-09-02,8.45,8.47,8.15,8.26,325000,7.941848
2015-09-01,8.45,8.93,8.15,8.26,526400,7.941848
2015-08-31,8.29,9.07,8.10,8.84,797800,8.499508
2015-08-28,7.37,8.37,7.37,8.35,844400,8.028382
2015-08-27,7.12,7.54,7.12,7.48,713300,7.191892
2015-08-26,7.30,7.49,6.75,6.98,778700,6.71115
2015-08-25,8.00,8.00,7.15,7.16,777400,6.884217
2015-08-24,6.55,7.38,6.50,7.04,1344700,6.768839
2015-08-21,7.71,7.88,6.91,6.96,1749900,6.69192
2015-08-20,8.60,8.61,7.64,7.92,1491400,7.614944
2015-08-19,9.00,9.14,8.30,8.61,1113100,8.278367
2015-08-18,9.65,9.65,9.00,9.16,745800,8.807183
2015-08-17,9.27,9.82,9.27,9.63,526600,9.25908
2015-08-14,9.75,9.82,9.25,9.50,511400,9.134087
2015-08-13,9.91,9.91,9.63,9.70,187800,9.326383
2015-08-12,9.75,9.89,9.51,9.74,496500,9.364842
2015-08-11,10.00,10.08,9.72,9.84,499200,9.460991
2015-08-10,10.14,10.40,10.08,10.36,599300,9.535025
2015-08-07,10.06,10.14,9.85,9.96,601400,9.166877
2015-08-06,9.90,10.20,9.71,10.11,455200,9.304932
2015-08-05,10.14,10.25,9.89,9.90,827500,9.111655
2015-08-04,10.27,10.31,9.90,10.11,455800,9.304932
2015-08-03,10.33,10.50,9.97,10.09,857500,9.286525
2015-07-31,10.70,10.87,10.31,10.33,516600,9.507414
2015-07-30,10.76,11.10,10.53,10.66,500500,9.811136
2015-07-29,10.53,10.75,10.46,10.67,279700,9.82034
2015-07-28,10.25,10.78,10.09,10.54,437500,9.700691
2015-07-27,10.25,10.50,10.05,10.25,369900,9.433784
2015-07-24,10.59,10.78,10.20,10.27,469200,9.452192
2015-07-23,10.66,10.76,10.26,10.60,471700,9.755914
2015-07-22,10.94,10.95,10.60,10.63,379900,9.783525
2015-07-21,10.74,11.10,10.73,10.98,255000,10.105653
2015-07-20,11.00,11.04,10.68,10.78,467500,9.92158
2015-07-17,11.44,11.47,10.83,11.04,468300,10.160876
2015-07-16,10.63,11.43,10.53,11.41,530000,10.501413
2015-07-15,10.78,10.82,10.37,10.49,489500,9.654673
2015-07-14,11.01,11.14,10.64,10.80,390000,9.939988
2015-07-13,11.00,11.36,10.86,11.01,380100,10.133265
2015-07-10,10.75,11.00,10.51,10.95,510500,10.078043
2015-07-09,10.23,10.60,10.20,10.37,490200,9.544229
2015-07-08,10.09,10.32,9.98,10.08,451000,9.277322
2015-07-07,10.40,10.42,9.97,10.25,743400,9.433784
2015-07-06,10.64,10.81,10.38,10.40,593000,9.571839
2015-07-02,10.78,10.88,10.50,10.82,467200,9.958395
2015-07-01,10.77,11.18,10.36,10.58,640600,9.737506
2015-06-30,11.12,11.36,10.50,10.70,788200,9.84795
2015-06-29,11.13,11.15,10.70,10.87,749500,10.004413
2015-06-26,11.55,11.55,11.14,11.27,320700,10.372561
2015-06-25,11.56,11.82,11.55,11.57,255300,10.648671
2015-06-24,11.57,11.91,11.42,11.78,524500,10.841949
2015-06-23,11.40,11.62,11.25,11.55,317700,10.630265
2015-06-22,11.61,11.74,11.22,11.41,470600,10.501413
2015-06-19,11.59,11.95,11.47,11.52,2237800,10.602654
2015-06-18,11.46,11.73,11.36,11.46,479100,10.547431
2015-06-17,11.12,11.46,11.07,11.40,440900,10.492209
2015-06-16,10.66,11.11,10.65,11.07,414700,10.188487
2015-06-15,10.75,10.83,10.57,10.70,383500,9.84795
2015-06-12,11.03,11.04,10.65,10.80,505600,9.939988
2015-06-11,10.97,11.13,10.83,11.09,218900,10.206895
2015-06-10,10.81,11.06,10.79,10.88,197100,10.013617
2015-06-09,11.05,11.09,10.78,10.80,359800,9.939988
2015-06-08,10.96,11.11,10.95,11.04,291800,10.160876
2015-06-05,10.78,11.11,10.78,10.95,212900,10.078043
2015-06-04,11.00,11.13,10.75,10.84,258800,9.976802
2015-06-03,10.72,11.15,10.72,11.02,430200,10.142469
2015-06-02,10.93,10.93,10.64,10.75,332100,9.893969
2015-06-01,11.00,11.03,10.58,10.90,377100,10.032024
2015-05-29,10.80,10.94,10.51,10.88,380000,10.013617
2015-05-28,10.57,10.78,10.46,10.77,299600,9.912377
2015-05-27,10.73,10.80,10.53,10.63,327500,9.783525
2015-05-26,10.74,10.87,10.55,10.71,374200,9.857154
2015-05-22,10.70,10.93,10.70,10.87,366800,10.004413
2015-05-21,10.76,10.87,10.71,10.79,363800,9.930784
2015-05-20,10.85,10.98,10.71,10.75,317900,9.893969
2015-05-19,10.78,11.01,10.62,10.80,823700,9.939988
2015-05-18,11.00,11.00,10.66,10.87,600200,10.004413
2015-05-15,10.83,11.14,10.51,10.98,1085800,10.105653
2015-05-14,10.92,11.00,10.79,10.80,896500,9.939988
2015-05-13,11.01,11.15,10.80,10.85,608200,9.986006
2015-05-12,11.32,11.32,10.92,10.98,610500,10.105653
2015-05-11,11.22,11.31,10.92,11.27,604100,10.372561
2015-05-08,11.62,11.84,11.35,11.66,1135400,10.323781
2015-05-07,12.15,12.26,11.21,11.64,1749000,10.306074
2015-05-06,12.45,12.50,12.23,12.33,505900,10.917
2015-05-05,12.89,12.89,12.10,12.26,832000,10.855022
2015-05-04,12.93,13.00,12.09,12.53,1906800,11.09408
2015-05-01,13.10,13.21,12.91,13.17,644900,11.660738
2015-04-30,13.27,13.39,12.95,13.02,576400,11.527928
2015-04-29,12.85,13.26,12.72,13.22,656800,11.705008
2015-04-28,12.81,13.05,12.70,12.83,348900,11.359701
2015-04-27,13.13,13.14,12.71,12.82,401400,11.350847
2015-04-24,12.95,13.05,12.70,13.04,451200,11.545635
2015-04-23,12.66,12.91,12.63,12.91,525700,11.430533
2015-04-22,12.67,12.73,12.34,12.58,351600,11.138351
2015-04-21,12.89,12.89,12.46,12.62,429400,11.173767
2015-04-20,12.58,12.94,12.48,12.80,543700,11.333139
2015-04-17,12.54,12.60,12.37,12.58,368000,11.138351
2015-04-16,12.31,12.65,12.14,12.55,417900,11.111789
2015-04-15,12.27,12.48,12.11,12.32,357300,10.908146
2015-04-14,12.29,12.31,12.12,12.25,413000,10.846168
2015-04-13,12.40,12.49,12.04,12.25,348200,10.846168
2015-04-10,12.26,12.34,12.02,12.32,332900,10.908146
2015-04-09,12.23,12.25,11.92,12.25,284600,10.846168
2015-04-08,12.16,12.35,12.06,12.14,350200,10.748774
2015-04-07,12.03,12.44,12.03,12.13,533700,10.73992
2015-04-06,11.56,12.16,11.56,12.06,577900,10.677942
2015-04-02,11.60,11.78,11.37,11.54,513400,10.217533
2015-04-01,11.22,11.61,11.10,11.57,675900,10.244095
2015-03-31,11.20,11.28,10.86,11.14,361300,9.863373
2015-03-30,11.08,11.25,11.05,11.22,315800,9.934205
2015-03-27,11.23,11.23,10.80,11.08,447600,9.810248
2015-03-26,11.47,11.61,11.12,11.14,597400,9.863373
2015-03-25,11.25,12.13,11.08,11.40,913800,10.093577
2015-03-24,11.00,11.19,10.61,11.09,1180400,9.819103
2015-03-23,10.41,10.87,10.30,10.82,2555800,9.580044
2015-03-20,10.98,11.19,9.75,9.75,6775000,8.632665
2015-03-19,10.42,10.92,10.40,10.88,697000,9.633168
2015-03-18,10.08,10.95,9.84,10.45,1582300,9.252445
2015-03-17,10.56,10.79,10.05,10.07,1964600,8.915993
2015-03-16,11.73,11.88,10.58,10.70,2158900,9.473796
2015-03-13,11.88,11.90,11.53,11.77,572500,10.421176
2015-03-12,12.21,12.23,11.77,11.91,571700,10.545132
2015-03-11,11.93,12.41,11.87,12.22,411000,10.819606
2015-03-10,11.94,12.04,11.76,11.88,304300,10.51857
2015-03-09,12.33,12.44,11.95,12.09,465000,10.704504
2015-03-06,12.56,12.88,12.25,12.33,477300,10.917
2015-03-05,12.90,13.04,12.56,12.66,493900,11.209183
2015-03-04,12.85,13.03,12.65,12.94,361000,11.457095
2015-03-03,12.60,13.08,12.55,12.85,719400,11.377409
2015-03-02,12.25,12.92,12.22,12.70,880900,11.244599
2015-02-27,12.26,12.45,12.09,12.25,431000,10.846168
2015-02-26,12.01,12.25,12.01,12.25,519000,10.846168
2015-02-25,12.02,12.19,11.92,12.01,308800,10.633672
2015-02-24,12.04,12.05,11.82,12.02,540900,10.642526
2015-02-23,12.49,12.50,12.01,12.07,546900,10.686796
2015-02-20,12.50,12.50,12.14,12.48,437700,11.04981
2015-02-19,12.15,12.58,12.05,12.38,333500,10.961271
2015-02-18,12.67,12.72,12.20,12.33,547700,10.917
2015-02-17,12.48,12.67,12.33,12.59,607000,11.147205
2015-02-13,12.28,12.37,12.02,12.37,581300,10.952416
2015-02-12,12.29,12.29,11.73,12.13,576500,10.73992
2015-02-11,12.00,12.27,11.85,12.08,588500,10.69565
2015-02-10,12.08,12.16,11.65,12.04,1027700,10.660234
2015-02-09,12.50,12.72,11.98,12.08,1524000,10.69565
2015-02-06,12.87,13.22,12.84,12.95,6352000,11.073717
2015-02-05,13.70,14.14,13.54,13.71,940400,11.723603
2015-02-04,14.04,14.09,13.47,13.62,793900,11.646643
2015-02-03,13.19,14.19,13.16,13.89,1313400,11.877524
2015-02-02,12.18,13.18,12.18,12.99,1528100,11.107921
2015-01-30,11.41,11.84,11.08,11.69,835700,9.996274
2015-01-29,12.00,12.00,11.08,11.40,1108800,9.748291
2015-01-28,12.41,12.50,11.89,11.99,709700,10.252808
2015-01-27,12.17,12.64,11.84,12.47,1027200,10.663263
2015-01-26,12.28,12.40,11.84,12.40,614800,10.603404
2015-01-23,13.02,13.11,11.85,12.39,1052800,10.594854
2015-01-22,13.25,13.39,12.98,13.02,721500,11.133575
2015-01-21,12.61,13.00,12.60,13.00,614300,11.116472
2015-01-20,12.52,12.75,12.36,12.61,519900,10.782978
2015-01-16,12.15,12.52,12.11,12.50,460100,10.688916
2015-01-15,11.83,12.31,11.62,12.21,538600,10.440933
2015-01-14,11.76,11.88,11.24,11.84,986900,10.124541
2015-01-13,12.52,12.93,11.76,12.11,909700,10.355421
2015-01-12,12.00,12.52,11.90,12.41,700400,10.611956
2015-01-09,12.50,12.55,11.76,12.29,693900,10.509342
2015-01-08,11.92,12.88,11.67,12.48,1087700,10.671813
2015-01-07,11.80,12.05,11.59,11.67,791600,9.979172
2015-01-06,11.03,11.71,10.78,11.58,957000,9.902212
2015-01-05,10.83,11.02,10.62,10.74,681900,9.183916
2015-01-02,10.28,11.08,10.07,11.01,561900,9.414797
2014-12-31,10.41,10.49,9.95,10.17,1096100,8.696502
2014-12-30,10.44,10.58,10.08,10.47,795500,8.953036
2014-12-29,10.45,10.62,10.23,10.33,707200,8.83332
2014-12-26,10.45,10.82,10.36,10.64,396400,9.098405
2014-12-24,10.75,10.80,10.18,10.57,501500,9.038547
2014-12-23,11.28,11.43,10.80,10.89,759400,9.312184
2014-12-22,11.80,11.82,10.87,11.21,731500,9.58582
2014-12-19,11.50,11.93,11.36,11.80,3616400,10.090337
2014-12-18,11.15,11.95,11.15,11.44,998300,9.782495
2014-12-17,10.14,11.38,10.10,10.93,1261800,9.346388
2014-12-16,9.54,10.23,9.25,10.06,1230400,8.60244
2014-12-15,10.78,10.79,9.64,9.67,1498500,8.268945
2014-12-12,10.50,10.88,10.50,10.72,671200,9.166814
2014-12-11,10.59,11.07,10.54,10.70,1075600,9.149712
2014-12-10,10.99,11.06,10.47,10.60,1259400,9.064201
2014-12-09,10.40,11.31,10.26,11.09,1222600,9.483206
2014-12-08,12.25,12.25,10.39,10.49,1928700,8.970138
2014-12-05,12.83,12.86,12.35,12.38,656000,10.586302
2014-12-04,12.80,12.98,12.48,12.76,556600,10.911245
2014-12-03,12.50,13.19,12.48,12.80,812300,10.94545
2014-12-02,13.00,13.10,12.43,12.47,959000,10.663263
2014-12-01,12.95,13.29,12.56,12.85,1345100,10.988206
2014-11-28,13.40,13.50,12.95,12.96,520000,11.082268
2014-11-26,13.77,13.77,13.53,13.62,464900,11.646643
2014-11-25,13.65,13.93,13.52,13.66,659500,11.680847
2014-11-24,13.15,13.70,12.87,13.62,1271500,11.646643
2014-11-21,13.73,13.81,13.31,13.40,1043400,11.458517
2014-11-20,13.13,13.55,13.12,13.45,654900,11.501273
2014-11-19,13.18,13.52,13.10,13.14,626200,11.236189
2014-11-18,13.07,13.63,12.98,13.48,829600,11.526926
2014-11-17,13.10,13.26,12.91,12.97,959300,11.090819
2014-11-14,13.03,13.11,12.55,13.03,1415900,11.142126
2014-11-13,13.73,13.85,13.01,13.07,874200,11.17633
2014-11-12,13.50,13.85,13.35,13.73,553900,11.740705
2014-11-11,13.68,13.85,13.38,13.50,1155300,11.544029
2014-11-10,14.28,14.48,13.57,13.64,888000,11.663745
2014-11-07,13.70,14.01,13.50,14.01,788200,11.980137
2014-11-06,14.10,14.55,13.72,13.81,1279400,11.809115
2014-11-05,14.68,14.77,14.03,14.08,1361300,12.039995
2014-11-04,16.530001,16.530001,14.99,15.47,1526900,12.849787
2014-11-03,16.25,16.620001,16.08,16.59,434500,13.780089
2014-10-31,16.99,16.99,16.120001,16.16,451800,13.422919
2014-10-30,16.68,17.09,16.59,16.639999,590000,13.821619
2014-10-29,16.25,16.66,16.18,16.66,448400,13.838232
2014-10-28,15.98,16.32,15.62,16.17,531400,13.431226
2014-10-27,16.610001,16.610001,15.92,15.95,540800,13.248488
2014-10-24,16.790001,16.959999,16.139999,16.450001,557500,13.663801
2014-10-23,16.57,16.940001,16.51,16.860001,420800,14.004358
2014-10-22,16.90,17.00,16.25,16.33,417200,13.564126
2014-10-21,16.40,17.280001,16.40,16.639999,711100,13.821619
2014-10-20,16.75,17.110001,16.07,16.34,413600,13.572432
2014-10-17,16.42,17.16,16.42,16.92,814100,14.054195
2014-10-16,15.49,16.469999,15.31,16.200001,626100,13.456145
2014-10-15,14.19,15.62,14.08,15.59,896500,12.949462
2014-10-14,15.00,15.00,13.91,14.50,1591400,12.04408
2014-10-13,16.129999,16.42,14.81,15.00,778800,12.459393
2014-10-10,16.860001,16.93,15.69,16.219999,790000,13.472756
2014-10-09,17.450001,17.450001,16.809999,16.950001,430100,14.079115
2014-10-08,17.51,17.530001,17.01,17.42,348900,14.469508
2014-10-07,18.07,18.07,17.290001,17.559999,413300,14.585795
2014-10-06,18.16,18.469999,18.049999,18.08,420800,15.017721
2014-10-03,17.68,18.209999,17.68,18.120001,506500,15.050947
2014-10-02,17.629999,18.040001,17.190001,17.65,376400,14.660552
2014-10-01,17.85,18.07,17.60,17.68,386100,14.685471
2014-09-30,17.58,18.00,17.370001,17.83,440900,14.810065
2014-09-29,17.299999,17.549999,17.139999,17.48,224200,14.519345
2014-09-26,17.15,17.440001,16.809999,17.299999,769000,14.369832
2014-09-25,17.51,17.57,16.610001,17.00,935200,14.120645
2014-09-24,17.73,17.93,17.110001,17.469999,989900,14.511039
2014-09-23,18.200001,18.629999,17.709999,17.74,673500,14.735308
2014-09-22,18.83,18.940001,18.059999,18.27,757900,15.175541
2014-09-19,19.43,19.43,18.790001,18.82,1419900,15.632385
2014-09-18,19.719999,19.76,19.360001,19.41,225000,16.122454
2014-09-17,19.040001,19.74,18.92,19.709999,352800,16.371641
2014-09-16,18.950001,19.18,18.75,18.940001,526400,15.73206
2014-09-15,19.90,19.91,18.68,19.07,883200,15.840041
2014-09-12,20.07,20.110001,19.90,19.940001,121500,16.562687
2014-09-11,20.209999,20.280001,20.02,20.10,134000,16.695587
2014-09-10,20.200001,20.389999,20.120001,20.219999,147200,16.795261
2014-09-09,20.120001,20.32,20.120001,20.23,136300,16.803567
2014-09-08,20.299999,20.48,20.040001,20.120001,143300,16.7122
2014-09-05,19.950001,20.50,19.799999,20.27,343900,16.836793
2014-09-04,19.90,20.09,19.90,19.92,142000,16.546074
2014-09-03,19.91,20.00,19.77,19.92,116600,16.546074
2014-09-02,19.809999,19.99,19.709999,19.91,222400,16.537767
2014-08-29,19.91,19.969999,19.66,19.700001,236400,16.363337
2014-08-28,20.10,20.10,19.85,19.92,176500,16.546074
2014-08-27,20.049999,20.139999,19.92,20.07,120000,16.670667
2014-08-26,20.02,20.09,19.870001,20.049999,177300,16.654054
2014-08-25,20.219999,20.25,19.93,20.00,255900,16.612524
2014-08-22,20.42,20.42,20.07,20.07,157900,16.670667
2014-08-21,20.33,20.450001,20.190001,20.40,191200,16.944774
2014-08-20,20.25,20.370001,20.110001,20.33,161000,16.88663
2014-08-19,20.209999,20.43,20.120001,20.360001,268400,16.91155
2014-08-18,20.190001,20.280001,20.049999,20.200001,273200,16.77865
2014-08-15,20.190001,20.209999,19.879999,20.059999,249600,16.662361
2014-08-14,19.940001,20.290001,19.879999,20.049999,414300,16.654054
2014-08-13,19.65,19.950001,19.610001,19.879999,343800,16.512848
2014-08-12,19.50,19.59,19.379999,19.57,162800,16.255354
2014-08-11,19.450001,19.65,19.309999,19.42,301900,16.130761
2014-08-08,18.860001,19.35,18.610001,19.280001,229900,16.014474
2014-08-07,18.83,19.030001,18.66,18.77,150800,15.590854
2014-08-06,19.02,19.08,18.799999,18.82,319300,15.632385
2014-08-05,19.629999,19.90,19.51,19.52,500200,15.845856
2014-08-04,19.65,19.879999,19.50,19.549999,627900,15.870208
2014-08-01,19.610001,19.65,19.41,19.629999,229500,15.93515
2014-07-31,19.75,19.75,19.40,19.65,372500,15.951386
2014-07-30,19.49,19.75,19.360001,19.75,397200,16.032564
2014-07-29,19.139999,19.43,19.01,19.299999,228600,15.667264
2014-07-28,19.59,19.59,18.92,18.950001,402700,15.383144
2014-07-25,19.50,19.60,19.379999,19.59,150700,15.90268
2014-07-24,19.200001,19.540001,19.200001,19.540001,134400,15.862092
2014-07-23,19.52,19.60,19.209999,19.24,187700,15.618558
2014-07-22,19.299999,19.59,19.24,19.540001,214400,15.862092
2014-07-21,19.26,19.35,19.15,19.27,183300,15.642912
2014-07-18,19.209999,19.43,19.190001,19.26,166600,15.634794
2014-07-17,19.280001,19.379999,19.120001,19.190001,139000,15.57797
2014-07-16,19.15,19.389999,19.030001,19.360001,155400,15.715972
2014-07-15,19.15,19.200001,18.92,19.10,106300,15.50491
2014-07-14,18.83,19.450001,18.83,19.200001,269200,15.586088
2014-07-11,19.18,19.25,18.799999,18.809999,328700,15.269495
2014-07-10,19.280001,19.450001,19.07,19.219999,161500,15.602322
2014-07-09,19.389999,19.48,19.25,19.42,123700,15.764678
2014-07-08,19.40,19.50,19.049999,19.389999,201700,15.740324
2014-07-07,19.549999,19.549999,19.219999,19.40,229500,15.748442
2014-07-03,19.40,19.549999,19.16,19.540001,228700,15.862092
2014-07-02,19.41,19.48,19.25,19.280001,105800,15.65103
2014-07-01,19.440001,19.51,19.209999,19.34,187000,15.699736
2014-06-30,19.41,19.440001,19.07,19.440001,190700,15.780914
2014-06-27,19.280001,19.469999,19.209999,19.42,98200,15.764678
2014-06-26,19.34,19.41,19.190001,19.26,197100,15.634794
2014-06-25,19.16,19.50,19.16,19.459999,248200,15.797148
2014-06-24,19.030001,19.299999,18.969999,19.15,248400,15.545498
2014-06-23,18.84,19.030001,18.700001,18.99,204900,15.415614
2014-06-20,18.85,19.00,18.620001,18.85,322700,15.301966
2014-06-19,19.02,19.040001,18.700001,18.73,192000,15.204553
2014-06-18,18.92,19.049999,18.879999,18.98,147800,15.407496
2014-06-17,18.51,19.049999,18.48,18.99,256100,15.415614
2014-06-16,19.00,19.040001,18.25,18.68,354600,15.163964
2014-06-13,18.91,19.08,18.67,19.049999,244400,15.46432
2014-06-12,18.82,18.93,18.65,18.82,245200,15.277613
2014-06-11,18.60,18.780001,18.530001,18.68,146100,15.163964
2014-06-10,18.700001,18.77,18.559999,18.75,170200,15.220788
2014-06-09,18.60,18.719999,18.51,18.66,178900,15.147729
2014-06-06,18.83,18.99,18.66,18.719999,123700,15.196435
2014-06-05,18.99,18.99,18.709999,18.76,125200,15.228906
2014-06-04,18.75,19.00,18.65,19.00,191800,15.423732
2014-06-03,18.469999,18.77,18.440001,18.75,142100,15.220788
2014-06-02,18.459999,18.58,18.219999,18.58,206500,15.082787
2014-05-30,18.440001,18.49,18.309999,18.450001,207300,14.977256
2014-05-29,18.459999,18.459999,18.299999,18.43,132100,14.961021
2014-05-28,18.389999,18.559999,18.299999,18.35,176300,14.896079
2014-05-27,18.559999,18.68,18.34,18.450001,195000,14.977256
2014-05-23,18.450001,18.68,18.43,18.559999,248400,15.066551
2014-05-22,18.27,18.440001,18.10,18.43,182900,14.961021
2014-05-21,18.040001,18.370001,18.040001,18.190001,183400,14.766195
2014-05-20,18.030001,18.190001,17.809999,17.959999,273400,14.579485
2014-05-19,18.290001,18.450001,18.030001,18.040001,267800,14.644429
2014-05-16,18.51,18.59,18.26,18.27,172200,14.831137
2014-05-15,18.700001,18.700001,18.35,18.50,198700,15.017845
2014-05-14,18.24,18.90,18.24,18.66,315300,15.147729
2014-05-13,18.41,18.42,18.209999,18.33,240200,14.879843
2014-05-12,18.50,18.65,18.200001,18.290001,271200,14.847373
2014-05-09,18.059999,18.52,18.059999,18.42,246100,14.952903
2014-05-08,18.219999,18.620001,18.059999,18.08,259900,14.676899
2014-05-07,18.440001,18.48,18.15,18.219999,361100,14.790547
2014-05-06,19.00,19.01,18.50,18.879999,421200,14.966702
2014-05-05,18.90,19.08,18.65,18.950001,286100,15.022194
2014-05-02,18.950001,19.049999,18.75,18.92,316600,14.998412
2014-05-01,19.040001,19.040001,18.690001,18.870001,267800,14.958776
2014-04-30,18.940001,19.190001,18.83,18.93,255900,15.006339
2014-04-29,19.00,19.17,18.66,18.889999,313100,14.974629
2014-04-28,18.540001,18.92,18.50,18.84,234700,14.934994
2014-04-25,18.540001,18.709999,18.370001,18.51,238500,14.673393
2014-04-24,19.00,19.00,18.33,18.58,316700,14.728884
2014-04-23,19.09,19.15,18.75,18.91,219400,14.990484
2014-04-22,19.00,19.139999,18.940001,19.040001,141000,15.09354
2014-04-21,19.059999,19.18,18.90,19.00,373700,15.06183
2014-04-17,19.09,19.280001,19.00,19.08,201100,15.125248
2014-04-16,18.799999,19.27,18.57,19.09,332100,15.133175
2014-04-15,18.75,18.93,18.52,18.809999,191800,14.911211
2014-04-14,18.200001,18.74,18.18,18.74,267300,14.85572
2014-04-11,18.01,18.299999,18.00,18.15,209100,14.388011
2014-04-10,18.620001,18.75,18.01,18.120001,307800,14.36423
2014-04-09,18.360001,18.719999,18.35,18.68,226000,14.808157
2014-04-08,18.32,18.549999,18.16,18.35,437100,14.546557
2014-04-07,18.549999,18.549999,18.200001,18.40,330200,14.586193
2014-04-04,18.549999,18.629999,18.299999,18.559999,406000,14.713029
2014-04-03,18.60,18.639999,18.129999,18.450001,529500,14.62583
2014-04-02,19.00,19.00,18.50,18.65,465200,14.784375
2014-04-01,19.52,19.559999,18.32,19.02,905500,15.077685
2014-03-31,19.780001,19.809999,19.40,19.49,450900,15.450266
2014-03-28,19.50,19.889999,19.27,19.76,512800,15.664303
2014-03-27,19.190001,19.57,19.059999,19.52,656100,15.474049
2014-03-26,19.049999,19.389999,19.049999,19.139999,467100,15.172811
2014-03-25,19.15,19.299999,19.09,19.18,289000,15.204521
2014-03-24,19.370001,19.469999,19.01,19.15,935300,15.180739
2014-03-21,19.27,19.48,18.98,19.40,3860200,15.378921
2014-03-20,18.959999,19.33,18.709999,19.200001,888800,15.220376
2014-03-19,18.76,19.07,18.700001,18.959999,552100,15.03012
2014-03-18,18.68,18.959999,18.65,18.77,788700,14.879503
2014-03-17,18.33,18.98,18.32,18.68,949300,14.808157
2014-03-14,17.559999,18.24,17.559999,18.209999,731600,14.435574
2014-03-13,18.10,18.200001,17.60,17.790001,345600,14.10263
2014-03-12,18.049999,18.18,17.90,18.15,344800,14.388011
2014-03-11,18.120001,18.24,17.959999,18.24,454700,14.459356
2014-03-10,17.950001,18.209999,17.76,18.139999,536900,14.380083
2014-03-07,17.82,18.01,17.65,17.969999,435800,14.24532
2014-03-06,17.700001,17.90,17.610001,17.75,497900,14.07092
2014-03-05,17.639999,17.75,17.52,17.59,463800,13.944084
2014-03-04,17.49,17.780001,17.309999,17.66,693300,13.999574
2014-03-03,17.01,17.34,17.00,17.290001,373000,13.706266
2014-02-28,17.469999,17.469999,16.98,17.10,516100,13.555647
2014-02-27,16.940001,17.49,16.75,17.42,417400,13.80932
2014-02-26,16.860001,16.91,16.52,16.90,590900,13.397101
2014-02-25,16.91,17.02,16.790001,16.84,346600,13.349538
2014-02-24,16.799999,17.139999,16.799999,16.889999,444500,13.389174
2014-02-21,17.16,17.24,16.34,16.780001,1318200,13.301974
2014-02-20,17.50,17.50,16.82,17.16,1291600,13.60321
2014-02-19,17.51,17.549999,17.360001,17.51,555900,13.880665
2014-02-18,17.68,17.809999,17.540001,17.629999,650000,13.975792
2014-02-14,17.620001,17.799999,17.450001,17.76,667100,14.078847
2014-02-13,17.40,17.610001,17.26,17.59,998500,13.944084
2014-02-12,17.33,17.700001,17.200001,17.379999,1505500,13.77761
2014-02-11,17.200001,17.40,17.16,17.299999,6647600,13.714192
2014-02-10,18.030001,18.200001,17.92,18.129999,239400,14.372156
2014-02-07,18.08,18.27,17.860001,17.879999,274400,14.173974
2014-02-06,18.059999,18.17,17.90,18.040001,343600,14.300812
2014-02-05,18.41,18.58,18.15,18.379999,360200,14.219159
2014-02-04,18.440001,18.58,18.16,18.40,329000,14.234632
2014-02-03,18.41,18.620001,18.120001,18.27,401900,14.134062
2014-01-31,18.09,18.49,17.98,18.360001,435800,14.203688
2014-01-30,18.639999,18.68,18.15,18.280001,332600,14.141798
2014-01-29,18.57,18.67,18.25,18.440001,328100,14.265578
2014-01-28,18.360001,19.040001,18.299999,18.799999,438100,14.54408
2014-01-27,18.23,18.40,17.790001,18.209999,414700,14.087644
2014-01-24,18.870001,18.98,17.83,18.059999,936900,13.971601
2014-01-23,18.93,19.24,18.799999,19.07,462300,14.752958
2014-01-22,19.059999,19.25,18.92,19.129999,353800,14.799375
2014-01-21,19.01,19.040001,18.639999,18.950001,401200,14.660125
2014-01-17,18.77,19.02,18.52,18.85,505300,14.582762
2014-01-16,19.08,19.700001,18.959999,19.040001,662000,14.729751
2014-01-15,18.940001,19.200001,18.68,19.01,523500,14.706541
2014-01-14,18.00,18.780001,18.00,18.709999,471400,14.474454
2014-01-13,18.25,18.43,18.00,18.110001,441400,14.010283
2014-01-10,18.74,18.74,17.75,18.469999,915500,14.288785
2014-01-09,18.860001,18.91,18.59,18.74,261700,14.497663
2014-01-08,18.75,18.809999,18.549999,18.66,292700,14.435774
2014-01-07,18.709999,18.93,18.58,18.58,386600,14.373884
2014-01-06,18.530001,18.75,18.110001,18.690001,490200,14.458983
2014-01-03,18.75,18.950001,18.620001,18.629999,344200,14.412565
2014-01-02,19.030001,19.030001,18.450001,18.620001,539500,14.40483
2013-12-31,18.60,19.41,18.52,19.120001,533200,14.79164
2013-12-30,19.10,19.10,17.76,18.49,1269900,14.304258
2013-12-27,19.58,19.59,19.049999,19.110001,407300,14.783904
2013-12-26,18.93,19.700001,18.93,19.450001,626700,15.046935
2013-12-24,18.83,19.200001,18.809999,18.83,367200,14.567289
2013-12-23,19.00,19.200001,18.690001,18.82,909300,14.559553
2013-12-20,18.17,19.209999,18.049999,19.209999,1619600,14.861265
2013-12-19,17.950001,18.10,17.82,18.049999,428900,13.963864
2013-12-18,18.02,18.08,17.780001,17.959999,313700,13.894238
2013-12-17,17.940001,18.09,17.76,18.030001,320500,13.948393
2013-12-16,18.00,18.200001,17.84,17.889999,516500,13.840085
2013-12-13,17.530001,18.24,17.40,17.809999,490800,13.778195
2013-12-12,17.35,17.700001,17.309999,17.67,519000,13.669889
2013-12-11,17.16,17.35,17.08,17.309999,288500,13.391385
2013-12-10,17.15,17.190001,16.969999,17.10,361200,13.228925
2013-12-09,17.27,17.27,17.02,17.129999,372900,13.252133
2013-12-06,17.209999,17.280001,17.00,17.09,316800,13.221188
2013-12-05,16.950001,17.33,16.889999,17.209999,824900,13.314022
2013-12-04,16.68,16.690001,16.41,16.549999,249400,12.803432
2013-12-03,16.60,16.76,16.49,16.700001,287000,12.919477
2013-12-02,16.90,16.99,16.459999,16.60,335100,12.842114
2013-11-29,16.549999,16.84,16.530001,16.809999,243000,13.004574
2013-11-27,16.379999,16.59,16.35,16.50,196400,12.764752
2013-11-26,16.49,16.50,16.280001,16.32,190200,12.6255
2013-11-25,16.549999,16.549999,16.370001,16.440001,251300,12.718335
2013-11-22,16.540001,16.549999,16.24,16.450001,238800,12.726071
2013-11-21,16.40,16.639999,16.32,16.41,226400,12.695126
2013-11-20,16.379999,16.549999,16.18,16.290001,280900,12.602292
2013-11-19,16.27,16.49,16.17,16.389999,248900,12.679653
2013-11-18,16.65,16.67,16.110001,16.16,277500,12.50172
2013-11-15,16.549999,16.65,16.540001,16.620001,401000,12.857587
2013-11-14,16.389999,16.58,16.379999,16.549999,421700,12.803432
2013-11-13,16.209999,16.379999,16.040001,16.379999,266300,12.671917
2013-11-12,16.290001,16.35,16.059999,16.15,278800,12.493984
2013-11-11,16.290001,16.40,16.129999,16.25,340700,12.571346
2013-11-08,16.01,16.74,16.01,16.26,388800,12.579083
2013-11-07,16.690001,16.73,15.95,15.97,631900,12.354733
2013-11-06,16.610001,16.879999,16.40,16.68,904100,12.904004
2013-11-05,16.950001,17.10,16.75,17.00,873400,12.808848
2013-11-04,16.66,16.99,16.629999,16.84,768900,12.688294
2013-11-01,16.32,16.98,16.16,16.50,1364300,12.432117
2013-10-31,15.55,15.69,15.35,15.63,754700,11.776606
2013-10-30,15.29,15.30,15.08,15.08,278300,11.362202
2013-10-29,15.25,15.35,15.14,15.25,332700,11.49029
2013-10-28,15.25,15.25,15.10,15.18,296800,11.437548
2013-10-25,15.13,15.25,15.07,15.19,324600,11.445082
2013-10-24,15.12,15.15,15.01,15.03,144700,11.324529
2013-10-23,15.10,15.18,15.00,15.06,180000,11.347133
2013-10-22,15.10,15.20,15.00,15.11,399900,11.384805
2013-10-21,15.00,15.10,14.73,14.99,362300,11.29439
2013-10-18,15.11,15.12,14.85,15.00,557800,11.301925
2013-10-17,14.84,15.13,14.76,15.10,353800,11.377271
2013-10-16,15.00,15.09,14.74,14.75,434400,11.113559
2013-10-15,14.90,15.10,14.86,14.91,664700,11.234113
2013-10-14,14.68,14.88,14.53,14.81,302000,11.158767
2013-10-11,14.46,14.80,14.31,14.80,341700,11.151233
2013-10-10,14.47,14.50,14.24,14.40,199100,10.849848
2013-10-09,14.34,14.48,14.16,14.24,339600,10.729294
2013-10-08,14.36,14.59,14.32,14.34,233200,10.80464
2013-10-07,14.47,14.49,14.36,14.40,262600,10.849848
2013-10-04,14.54,14.62,14.51,14.57,177200,10.977936
2013-10-03,14.52,14.65,14.48,14.56,318200,10.970402
2013-10-02,14.62,14.70,14.55,14.61,314500,11.008075
2013-10-01,14.71,14.75,14.52,14.70,306100,11.075886
2013-09-30,14.54,14.66,14.50,14.64,558300,11.030679
2013-09-27,14.55,14.69,14.41,14.60,377300,11.000541
2013-09-26,14.52,14.75,14.45,14.63,905300,11.023144
2013-09-25,14.60,14.67,14.30,14.57,604100,10.977936
2013-09-24,14.34,14.57,14.27,14.42,621500,10.864917
2013-09-23,14.34,14.38,14.03,14.29,716300,10.766967
2013-09-20,14.01,14.32,13.93,14.26,6107400,10.744363
2013-09-19,14.90,15.00,14.81,14.93,429400,11.249183
2013-09-18,14.67,14.93,14.67,14.76,290000,11.121094
2013-09-17,14.67,14.78,14.53,14.62,183900,11.015609
2013-09-16,14.75,14.85,14.52,14.59,232300,10.993006
2013-09-13,14.87,14.94,14.41,14.43,491100,10.872452
2013-09-12,14.67,14.99,14.60,14.88,459500,11.21151
2013-09-11,14.30,14.65,14.30,14.53,292700,10.947798
2013-09-10,14.51,14.65,14.33,14.38,464400,10.834779
2013-09-09,14.30,14.68,14.30,14.38,333800,10.834779
2013-09-06,14.63,14.65,14.25,14.29,250500,10.766967
2013-09-05,14.49,14.69,14.43,14.48,134400,10.910124
2013-09-04,14.24,14.57,14.24,14.39,280500,10.842314
2013-09-03,14.08,14.25,14.03,14.14,234700,10.653948
2013-08-30,14.18,14.24,14.08,14.11,120600,10.631344
2013-08-29,14.19,14.31,14.03,14.17,162400,10.676552
2013-08-28,14.19,14.38,14.02,14.17,182800,10.676552
2013-08-27,14.45,14.49,14.13,14.15,243700,10.661482
2013-08-26,14.48,14.63,14.32,14.52,292800,10.940264
2013-08-23,14.39,14.58,14.29,14.48,270800,10.910124
2013-08-22,14.08,14.34,14.05,14.29,238300,10.766967
2013-08-21,14.15,14.25,14.05,14.06,196700,10.593671
2013-08-20,13.81,14.21,13.81,14.15,236700,10.661482
2013-08-19,14.09,14.10,13.80,13.81,433900,10.405306
2013-08-16,14.06,14.39,14.03,14.08,353400,10.60874
2013-08-15,14.22,14.34,13.84,14.12,767300,10.638879
2013-08-14,14.50,14.56,14.25,14.34,413200,10.80464
2013-08-13,14.60,14.82,14.21,14.52,670900,10.940264
2013-08-12,14.68,14.88,14.65,14.80,213100,11.151233
2013-08-09,14.79,14.90,14.68,14.73,308900,11.09849
2013-08-08,14.85,14.96,14.71,14.76,285100,11.121094
2013-08-07,14.69,14.83,14.59,14.71,377000,11.083421
2013-08-06,15.01,15.01,14.41,14.72,512100,11.090956
2013-08-05,15.27,15.27,15.05,15.16,1043400,11.088695
2013-08-02,15.23,15.23,15.07,15.13,449000,11.066752
2013-08-01,15.21,15.30,15.09,15.11,609800,11.052123
2013-07-31,15.15,15.20,14.98,15.09,337100,11.037495
2013-07-30,15.11,15.25,15.05,15.06,258400,11.015551
2013-07-29,15.25,15.29,15.08,15.13,194800,11.066752
2013-07-26,15.38,15.38,15.05,15.22,229800,11.132582
2013-07-25,15.25,15.47,15.10,15.22,623600,11.132582
2013-07-24,15.20,15.22,15.03,15.03,210900,10.993608
2013-07-23,15.18,15.25,15.07,15.07,588000,11.022865
2013-07-22,14.88,15.02,14.84,14.98,208300,10.957035
2013-07-19,14.93,15.07,14.85,14.91,164400,10.905834
2013-07-18,15.00,15.16,14.86,15.03,352500,10.993608
2013-07-17,14.94,15.02,14.90,14.97,138300,10.949721
2013-07-16,15.16,15.16,14.85,14.85,151400,10.861948
2013-07-15,15.00,15.13,14.85,15.12,230300,11.059438
2013-07-12,14.94,14.97,14.73,14.94,192100,10.927778
2013-07-11,14.92,14.95,14.76,14.94,220700,10.927778
2013-07-10,14.64,14.75,14.54,14.74,169700,10.781489
2013-07-09,14.48,14.65,14.45,14.64,202500,10.708345
2013-07-08,14.51,14.64,14.34,14.46,177000,10.576685
2013-07-05,14.41,14.41,14.08,14.36,172500,10.50354
2013-07-03,14.37,14.47,14.22,14.35,85500,10.496226
2013-07-02,14.69,14.82,14.25,14.37,237600,10.510854
2013-07-01,14.48,14.82,14.45,14.77,324900,10.803433
2013-06-28,14.50,14.67,14.33,14.45,216000,10.56937
2013-06-27,14.13,14.50,14.13,14.50,308900,10.605942
2013-06-26,14.00,14.31,14.00,14.14,296500,10.342623
2013-06-25,13.83,13.98,13.43,13.98,243800,10.225591
2013-06-24,13.75,13.88,13.22,13.59,334100,9.940328
2013-06-21,14.00,14.40,13.65,13.88,318400,10.152447
2013-06-20,14.30,14.33,13.73,13.91,444000,10.17439
2013-06-19,14.41,14.54,14.28,14.35,120700,10.496226
2013-06-18,14.44,14.55,14.29,14.38,196700,10.518169
2013-06-17,14.54,14.57,14.27,14.35,132900,10.496226
2013-06-14,14.46,14.64,14.21,14.37,205200,10.510854
2013-06-13,14.05,14.44,13.95,14.35,221700,10.496226
2013-06-12,13.91,14.10,13.90,14.07,266800,10.291421
2013-06-11,14.06,14.14,13.80,13.89,243700,10.159762
2013-06-10,14.10,14.25,14.00,14.12,129400,10.327993
2013-06-07,14.13,14.24,14.00,14.10,157700,10.313365
2013-06-06,13.95,14.14,13.82,14.04,195200,10.269478
2013-06-05,14.03,14.15,13.78,13.91,227400,10.17439
2013-06-04,13.88,14.25,13.88,13.99,226100,10.232906
2013-06-03,13.80,13.96,13.50,13.85,474700,10.130504
2013-05-31,14.00,14.07,13.60,13.84,550000,10.123189
2013-05-30,14.28,14.30,14.00,14.08,393000,10.298736
2013-05-29,14.67,14.74,14.25,14.28,631600,10.445024
2013-05-28,14.99,15.05,14.79,14.83,260700,10.847319
2013-05-24,14.74,14.85,14.61,14.77,138600,10.803433
2013-05-23,14.65,14.86,14.55,14.76,222800,10.796118
2013-05-22,14.90,15.18,14.66,14.77,410300,10.803433
2013-05-21,14.75,14.92,14.71,14.85,291800,10.861948
2013-05-20,14.76,14.85,14.60,14.73,567800,10.774174
2013-05-17,14.73,14.97,14.73,14.86,255700,10.869262
2013-05-16,14.82,15.00,14.70,14.80,195200,10.825376
2013-05-15,14.65,14.98,14.56,14.80,393000,10.825376
2013-05-14,14.96,14.96,14.65,14.78,429700,10.810747
2013-05-13,14.97,15.05,14.87,14.97,265800,10.949721
2013-05-10,14.94,15.08,14.70,14.98,486100,10.957035
2013-05-09,14.79,14.79,14.38,14.75,468400,10.788803
2013-05-08,14.61,14.73,14.60,14.64,517800,10.708345
2013-05-07,15.36,15.43,15.03,15.08,781700,10.706151
2013-05-06,15.30,15.33,15.20,15.21,839500,10.798445
2013-05-03,15.25,15.30,15.15,15.18,493100,10.777147
2013-05-02,15.20,15.32,15.15,15.17,433200,10.770047
2013-05-01,15.13,15.26,15.08,15.13,436400,10.741649
2013-04-30,15.18,15.25,15.07,15.16,379300,10.762947
2013-04-29,15.10,15.20,14.99,15.18,370800,10.777147
2013-04-26,15.10,15.10,14.80,14.89,255000,10.571259
2013-04-25,14.95,15.09,14.85,14.94,482500,10.606756
2013-04-24,14.71,14.89,14.71,14.82,449200,10.521562
2013-04-23,14.63,14.75,14.58,14.68,224100,10.422168
2013-04-22,14.50,14.65,14.44,14.61,339900,10.372471
2013-04-19,14.37,14.44,14.25,14.39,141300,10.216281
2013-04-18,14.25,14.41,14.22,14.34,304400,10.180783
2013-04-17,14.30,14.49,14.02,14.22,338200,10.095588
2013-04-16,14.23,14.35,14.11,14.30,311600,10.152384
2013-04-15,14.48,14.48,13.88,13.90,381200,9.868401
2013-04-12,14.50,14.57,14.37,14.48,320200,10.280176
2013-04-11,14.43,14.54,14.31,14.48,242300,10.280176
2013-04-10,14.40,14.50,14.26,14.43,242700,10.244679
2013-04-09,14.24,14.50,14.16,14.39,272700,10.216281
2013-04-08,13.97,14.19,13.89,14.17,280400,10.06009
2013-04-05,13.69,14.01,13.36,14.00,448400,9.939397
2013-04-04,13.87,13.95,13.65,13.69,350500,9.71931
2013-04-03,14.09,14.18,13.71,13.83,350200,9.818704
2013-04-02,14.36,14.36,14.05,14.08,330300,9.996194
2013-04-01,14.56,14.56,14.20,14.21,327900,10.088488
2013-03-28,14.44,14.51,14.32,14.48,382200,10.280176
2013-03-27,14.26,14.44,14.18,14.44,243900,10.251778
2013-03-26,14.35,14.35,14.17,14.25,173600,10.116886
2013-03-25,14.45,14.48,14.14,14.34,293600,10.180783
2013-03-22,14.25,14.45,14.21,14.34,451700,10.180783
2013-03-21,13.93,14.35,13.91,14.17,364000,10.06009
2013-03-20,13.93,13.97,13.66,13.95,743300,9.903899
2013-03-19,14.07,14.25,13.96,14.05,272200,9.974895
2013-03-18,14.18,14.27,14.01,14.07,424200,9.989094
2013-03-15,14.11,14.28,13.95,14.28,585800,10.138185
2013-03-14,14.03,14.15,14.00,14.15,337800,10.04589
2013-03-13,13.87,14.13,13.87,14.04,319300,9.967795
2013-03-12,14.07,14.14,13.80,13.84,392900,9.825804
2013-03-11,14.05,14.09,13.93,14.07,378800,9.989094
2013-03-08,13.98,14.05,13.88,14.05,292300,9.974895
2013-03-07,14.00,14.00,13.77,13.97,261600,9.918099
2013-03-06,14.00,14.05,13.90,13.96,245200,9.910999
2013-03-05,13.94,14.07,13.90,14.00,387300,9.939397
2013-03-04,13.60,13.90,13.60,13.82,342600,9.811605
2013-03-01,13.72,13.76,13.57,13.61,238000,9.662514
2013-02-28,13.55,13.89,13.55,13.78,372100,9.783206
2013-02-27,13.46,13.66,13.42,13.52,254600,9.598618
2013-02-26,13.36,13.50,13.25,13.43,210800,9.534722
2013-02-25,13.50,13.58,13.25,13.26,379500,9.414029
2013-02-22,13.51,13.68,13.40,13.44,270900,9.541821
2013-02-21,13.75,13.79,13.35,13.44,538600,9.541821
2013-02-20,13.97,14.02,13.77,13.80,380700,9.797406
2013-02-19,14.01,14.08,13.75,14.03,485500,9.960696
2013-02-15,14.01,14.20,13.95,14.00,420400,9.939397
2013-02-14,14.03,14.20,13.98,14.05,354600,9.974895
2013-02-13,14.12,14.29,14.00,14.01,834100,9.946497
2013-02-12,14.02,14.14,13.97,13.98,679800,9.925198
2013-02-11,13.70,13.91,13.56,13.84,726000,9.825804
2013-02-08,13.41,13.67,13.29,13.61,551000,9.662514
2013-02-07,13.62,13.77,13.30,13.30,794600,9.442427
2013-02-06,13.76,14.00,13.65,13.68,1568800,9.712211
2013-02-05,14.45,14.53,14.26,14.32,990900,9.852072
2013-02-04,14.58,14.65,14.30,14.35,965100,9.872712
2013-02-01,13.95,14.57,13.90,14.47,4855800,9.955272
2013-01-31,14.60,14.89,14.60,14.82,447800,10.196069
2013-01-30,14.85,14.99,14.63,14.67,418100,10.09287
2013-01-29,14.37,14.85,14.37,14.84,638200,10.209829
2013-01-28,14.74,14.79,14.35,14.40,654900,9.907112
2013-01-25,14.92,14.98,14.65,14.67,360300,10.09287
2013-01-24,15.00,15.10,14.75,14.78,519000,10.168549
2013-01-23,14.66,14.92,14.61,14.65,488000,10.07911
2013-01-22,14.30,14.73,14.30,14.60,322600,10.044711
2013-01-18,14.30,14.38,14.20,14.30,189300,9.838313
2013-01-17,14.07,14.33,13.97,14.31,189600,9.845193
2013-01-16,13.96,14.10,13.93,13.96,165700,9.604395
2013-01-15,14.04,14.10,13.85,14.00,294500,9.631914
2013-01-14,14.19,14.25,14.01,14.08,214200,9.686954
2013-01-11,14.32,14.46,14.02,14.10,213100,9.700714
2013-01-10,14.50,14.54,14.39,14.39,209100,9.900232
2013-01-09,14.00,14.48,13.96,14.40,513700,9.907112
2013-01-08,14.05,14.11,13.65,13.93,287600,9.583755
2013-01-07,14.15,14.18,13.85,14.00,462400,9.631914
2013-01-04,13.64,14.25,13.52,13.95,543800,9.597515
2013-01-03,12.90,13.55,12.88,13.51,365100,9.294798
2013-01-02,12.60,12.92,12.48,12.84,443400,8.833842
2012-12-31,12.20,12.40,12.10,12.28,460200,8.448565
2012-12-28,12.06,12.54,12.06,12.21,295900,8.400405
2012-12-27,12.20,12.29,12.05,12.13,361700,8.345366
2012-12-26,12.50,12.50,12.12,12.21,287400,8.400405
2012-12-24,12.61,12.64,12.42,12.42,107900,8.544884
2012-12-21,12.66,12.90,12.50,12.56,343100,8.641203
2012-12-20,13.05,13.14,12.80,12.88,283200,8.861361
2012-12-19,12.70,13.23,12.53,13.12,446900,9.02648
2012-12-18,12.50,12.66,12.37,12.60,267700,8.668723
2012-12-17,12.76,12.85,12.36,12.47,244100,8.579284
2012-12-14,12.48,12.94,12.41,12.67,382500,8.716883
2012-12-13,12.31,12.50,12.30,12.44,196900,8.558644
2012-12-12,12.31,12.66,12.30,12.31,323800,8.469205
2012-12-11,12.72,12.75,12.08,12.31,752900,8.469205
2012-12-10,12.75,13.00,12.65,12.74,237400,8.765042
2012-12-07,12.82,12.90,12.61,12.77,259100,8.785682
2012-12-06,12.90,12.95,12.61,12.83,265900,8.826961
2012-12-05,13.11,13.11,12.73,12.95,308500,8.909521
2012-12-04,13.20,13.28,12.60,13.11,554900,9.0196
2012-12-03,13.68,13.68,13.03,13.33,406700,9.170958
2012-11-30,13.46,13.53,13.29,13.39,352600,9.212238
2012-11-29,13.40,13.51,13.27,13.47,285700,9.267278
2012-11-28,13.34,13.49,13.10,13.37,203300,9.198478
2012-11-27,13.42,13.54,13.29,13.41,248200,9.225998
2012-11-26,13.51,13.58,13.31,13.35,481600,9.184719
2012-11-23,13.42,13.58,13.34,13.57,104600,9.336077
2012-11-21,13.11,13.41,13.10,13.36,325200,9.191598
2012-11-20,13.80,13.80,13.00,13.14,890400,9.04024
2012-11-19,14.01,14.19,13.85,13.89,389600,9.556235
2012-11-16,13.20,13.75,13.00,13.64,635300,9.384237
2012-11-15,12.78,13.36,12.18,13.09,1233600,9.00584
2012-11-14,13.63,13.71,12.01,12.11,2347000,8.331606
2012-11-13,14.71,14.71,13.05,13.41,1550200,9.225998
2012-11-12,14.52,14.94,14.35,14.60,323700,10.044711
2012-11-09,14.54,14.82,13.84,14.33,536400,9.858952
2012-11-08,15.01,15.12,14.57,14.60,302900,10.044711
2012-11-07,15.18,15.18,14.95,15.06,248400,10.361188
2012-11-06,15.02,15.29,14.78,15.24,458700,10.485027
2012-11-05,15.86,15.90,15.55,15.75,656400,10.531122
2012-11-02,15.75,15.83,15.67,15.78,369000,10.551181
2012-11-01,15.60,15.76,15.59,15.69,385100,10.491003
2012-10-31,15.59,15.60,15.35,15.55,203500,10.397393
2012-10-26,15.46,15.53,15.25,15.38,177900,10.283724
2012-10-25,15.56,15.56,15.25,15.33,145200,10.250292
2012-10-24,15.44,15.54,15.35,15.40,255700,10.297096
2012-10-23,15.57,15.57,14.88,15.36,328500,10.270351
2012-10-22,15.20,15.35,15.08,15.33,466300,10.250292
2012-10-19,15.23,15.23,15.06,15.11,174600,10.10319
2012-10-18,15.12,15.20,15.08,15.16,161500,10.136622
2012-10-17,15.01,15.15,14.95,15.12,214800,10.109877
2012-10-16,14.81,15.00,14.80,14.94,182300,9.989521
2012-10-15,14.72,14.86,14.67,14.77,105000,9.875852
2012-10-12,14.65,14.91,14.65,14.72,147900,9.84242
2012-10-11,14.49,14.65,14.49,14.60,111200,9.762183
2012-10-10,14.88,14.92,14.35,14.48,248800,9.681945
2012-10-09,15.05,15.07,14.86,14.89,111200,9.956089
2012-10-08,15.14,15.14,15.00,15.03,120100,10.049699
2012-10-05,15.16,15.22,15.07,15.14,169900,10.12325
2012-10-04,15.18,15.18,14.92,15.16,173600,10.136622
2012-10-03,15.00,15.19,14.88,15.10,161300,10.096504
2012-10-02,15.05,15.08,14.80,14.95,165700,9.996207
2012-10-01,14.87,15.05,14.77,15.02,214400,10.043013
2012-09-28,14.90,14.94,14.61,14.82,141500,9.909284
2012-09-27,14.80,14.94,14.76,14.94,133700,9.989521
2012-09-26,14.78,14.83,14.60,14.70,223400,9.829047
2012-09-25,15.03,15.04,14.75,14.81,279700,9.902598
2012-09-24,15.00,15.03,14.95,15.02,228700,10.043013
2012-09-21,15.03,15.05,14.94,14.95,216100,9.996207
2012-09-20,14.95,15.04,14.91,15.00,139800,10.02964
2012-09-19,15.01,15.05,14.90,14.98,288900,10.016266
2012-09-18,14.96,15.07,14.88,15.04,181600,10.056385
2012-09-17,14.95,15.05,14.88,15.05,230100,10.063072
2012-09-14,14.99,15.02,14.94,15.01,247700,10.036326
2012-09-13,14.94,14.99,14.83,14.92,151400,9.976148
2012-09-12,14.81,14.96,14.75,14.90,137700,9.962775
2012-09-11,14.85,14.99,14.77,14.83,188600,9.91597
2012-09-10,15.02,15.03,14.75,14.86,152900,9.936029
2012-09-07,14.69,15.03,14.69,15.01,212200,10.036326
2012-09-06,14.95,15.06,14.89,14.97,368200,10.009581
2012-09-05,14.65,14.94,14.64,14.87,275000,9.942716
2012-09-04,14.54,14.76,14.46,14.73,216500,9.849106
2012-08-31,14.28,14.55,14.25,14.47,205200,9.675259
2012-08-30,14.21,14.35,14.18,14.20,107000,9.494725
2012-08-29,14.29,14.40,14.20,14.30,162800,9.56159
2012-08-28,14.09,14.22,14.06,14.21,170600,9.501412
2012-08-27,14.20,14.25,14.10,14.10,200900,9.427861
2012-08-24,14.06,14.25,14.06,14.18,176100,9.481353
2012-08-23,14.00,14.27,13.85,14.03,496900,9.381056
2012-08-22,14.12,14.20,13.95,14.02,155300,9.37437
2012-08-21,14.44,14.48,14.07,14.17,270200,9.474666
2012-08-20,14.31,14.48,14.21,14.27,158100,9.541531
2012-08-17,14.54,14.55,14.26,14.35,136100,9.595022
2012-08-16,14.53,14.55,14.40,14.47,130500,9.675259
2012-08-15,14.51,14.58,14.21,14.48,151200,9.681945
2012-08-14,14.49,14.72,14.37,14.45,363600,9.661886
2012-08-13,14.49,14.49,14.13,14.42,170700,9.641827
2012-08-10,14.11,14.40,14.06,14.34,172800,9.588336
2012-08-09,13.97,14.39,13.85,14.25,266200,9.528158
2012-08-08,14.15,14.19,13.93,13.98,326500,9.347624
2012-08-07,14.38,14.40,14.15,14.18,333000,9.481353
2012-08-06,14.73,14.77,14.05,14.38,495300,9.615081
2012-08-03,15.34,15.34,14.93,15.16,681700,9.840414
2012-08-02,15.19,15.30,15.00,15.17,390500,9.846905
2012-08-01,15.07,15.29,15.00,15.23,359200,9.885851
2012-07-31,14.98,15.26,14.90,14.95,545400,9.704102
2012-07-30,14.79,15.01,14.64,14.97,382800,9.717084
2012-07-27,14.41,15.15,14.41,14.78,563300,9.593754
2012-07-26,14.24,14.40,14.00,14.36,472900,9.321131
2012-07-25,13.88,14.09,13.80,14.00,250100,9.087453
2012-07-24,13.80,14.02,13.71,13.77,341300,8.93816
2012-07-23,13.80,14.02,13.62,13.73,318200,8.912195
2012-07-20,13.90,14.04,13.76,13.80,166800,8.957633
2012-07-19,13.56,14.05,13.37,13.96,212400,9.061489
2012-07-18,13.39,13.72,13.37,13.42,211700,8.710973
2012-07-17,13.49,13.56,13.31,13.39,219800,8.6915
2012-07-16,13.10,13.50,13.05,13.50,257000,8.762902
2012-07-13,13.25,13.28,13.00,13.16,219800,8.542206
2012-07-12,13.27,13.27,12.95,13.20,239800,8.56817
2012-07-11,13.49,13.59,13.15,13.22,208100,8.581153
2012-07-10,13.63,13.80,13.43,13.53,236100,8.782375
2012-07-09,13.90,13.90,13.40,13.53,238400,8.782375
2012-07-06,13.84,13.85,13.56,13.77,136400,8.93816
2012-07-05,13.66,13.85,13.66,13.83,162800,8.977106
2012-07-03,13.84,13.87,13.55,13.66,92500,8.866758
2012-07-02,13.60,13.85,13.50,13.56,162100,8.801848
2012-06-29,13.44,13.60,13.13,13.59,334000,8.821321
2012-06-28,13.37,13.44,12.97,13.13,157900,8.522733
2012-06-27,12.97,13.40,12.84,13.36,198500,8.672027
2012-06-26,13.12,13.30,12.95,12.98,219100,8.425367
2012-06-25,13.31,13.45,13.00,13.07,249200,8.483787
2012-06-22,13.81,13.95,13.35,13.49,231600,8.75641
2012-06-21,13.60,13.78,13.60,13.71,179100,8.899213
2012-06-20,13.65,13.76,13.41,13.48,205200,8.749919
2012-06-19,13.50,13.80,13.40,13.47,258900,8.743429
2012-06-18,13.49,13.63,13.16,13.26,157900,8.607117
2012-06-15,13.44,13.60,13.37,13.46,205400,8.736937
2012-06-14,13.19,13.43,13.19,13.37,113500,8.678518
2012-06-13,13.29,13.53,13.15,13.21,192900,8.574661
2012-06-12,13.58,13.72,13.24,13.27,116400,8.613608
2012-06-11,13.94,13.94,13.40,13.43,164200,8.717465
2012-06-08,13.35,13.75,13.35,13.60,113200,8.827812
2012-06-07,13.91,13.92,13.37,13.42,288700,8.710973
2012-06-06,13.45,13.81,13.37,13.81,191300,8.964124
2012-06-05,12.93,13.29,12.85,13.25,335900,8.600626
2012-06-04,13.41,13.58,12.75,13.03,296600,8.457823
2012-06-01,13.39,13.55,13.10,13.21,361100,8.574661
2012-05-31,14.15,14.28,13.52,13.55,457800,8.795357
2012-05-30,14.40,14.41,13.91,13.98,411000,9.074471
2012-05-29,14.19,14.50,14.16,14.35,774600,9.31464
2012-05-25,13.20,13.92,13.20,13.91,367400,9.029034
2012-05-24,12.83,13.28,12.83,13.09,291900,8.496769
2012-05-23,12.80,12.80,12.32,12.79,233000,8.302038
2012-05-22,12.84,13.35,12.70,12.79,372500,8.302038
2012-05-21,11.76,12.68,11.71,12.63,476500,8.198181
2012-05-18,12.34,12.34,11.53,11.59,928300,7.523113
2012-05-17,13.42,13.46,12.25,12.33,1063000,8.00345
2012-05-16,13.92,14.11,13.35,13.37,448600,8.678518
2012-05-15,13.90,14.17,13.80,13.83,326700,8.977106
2012-05-14,14.05,14.25,13.90,13.97,388300,9.067981
2012-05-11,14.26,14.26,14.00,14.13,216000,9.171837
2012-05-10,14.17,14.34,14.00,14.25,398300,9.249729
2012-05-09,14.47,14.52,13.80,14.24,707000,9.243238
2012-05-08,15.06,15.15,14.35,14.69,563000,9.535335
2012-05-07,15.69,15.77,15.62,15.63,617000,9.859888
2012-05-04,15.71,15.77,15.60,15.72,595900,9.916663
2012-05-03,15.58,15.78,15.54,15.70,2766500,9.904046
2012-05-02,16.60,16.67,16.370001,16.42,284000,10.358244
2012-05-01,16.299999,16.60,16.25,16.60,231800,10.471794
2012-04-30,16.18,16.34,16.18,16.25,198000,10.251003
2012-04-27,16.00,16.200001,15.86,16.120001,196000,10.168995
2012-04-26,15.80,15.97,15.70,15.83,225900,9.986054
2012-04-25,15.66,15.86,15.58,15.68,170900,9.891429
2012-04-24,15.43,15.74,15.37,15.51,142900,9.784188
2012-04-23,15.35,15.56,15.20,15.34,201000,9.676947
2012-04-20,15.34,15.81,15.32,15.53,260800,9.796804
2012-04-19,15.52,15.62,15.26,15.32,160400,9.66433
2012-04-18,15.68,15.93,15.45,15.55,105200,9.809421
2012-04-17,15.53,15.88,15.53,15.76,161300,9.941896
2012-04-16,15.54,15.61,15.42,15.46,73200,9.752646
2012-04-13,15.54,15.60,15.41,15.53,110800,9.796804
2012-04-12,15.35,15.68,15.31,15.56,185600,9.81573
