Date,Open,High,Low,Close,Volume,Adj Close
2016-11-25,17.35,17.50,16.90,17.15,21800,17.15
2016-11-23,17.00,17.40,16.90,17.40,40700,17.40
2016-11-22,16.75,17.00,16.65,17.00,38700,17.00
2016-11-21,16.700001,16.799999,16.450001,16.75,26900,16.75
2016-11-18,16.60,16.950001,16.35,16.60,69600,16.60
2016-11-17,16.65,16.90,16.549999,16.65,24000,16.65
2016-11-16,16.40,16.700001,16.049999,16.60,34100,16.60
2016-11-15,16.50,16.700001,16.25,16.299999,47300,16.299999
2016-11-14,16.10,16.879999,16.07,16.450001,130600,16.450001
2016-11-11,15.45,16.10,15.25,16.10,87100,16.10
2016-11-10,15.50,16.10,15.08,15.30,234200,15.30
2016-11-09,14.35,15.35,14.20,15.25,65800,15.25
2016-11-08,13.95,14.60,13.95,14.35,26400,14.35
2016-11-07,14.25,14.45,13.94,14.00,45500,13.89
2016-11-04,13.90,14.30,13.90,14.00,29300,13.89
2016-11-03,13.90,14.00,13.85,13.95,33300,13.840393
2016-11-02,13.85,14.00,13.70,13.90,44800,13.790785
2016-11-01,14.05,14.20,13.85,14.00,36400,13.89
2016-10-31,13.95,14.05,13.80,14.00,35400,13.89
2016-10-28,14.80,15.18,13.65,14.05,21500,13.939607
2016-10-27,14.90,15.00,14.80,14.85,18800,14.733322
2016-10-26,15.00,15.00,14.80,14.85,6000,14.733322
2016-10-25,15.00,15.15,14.90,15.00,12000,14.882143
2016-10-24,15.00,15.25,14.90,15.05,12500,14.93175
2016-10-21,14.80,15.15,14.80,15.00,12000,14.882143
2016-10-20,14.90,15.10,14.90,14.95,7100,14.832536
2016-10-19,14.95,15.15,14.70,14.85,21800,14.733322
2016-10-18,14.90,15.00,14.74,14.95,13000,14.832536
2016-10-17,14.70,15.00,14.70,14.80,13300,14.683714
2016-10-14,14.79,14.95,14.50,14.73,15000,14.614264
2016-10-13,14.76,14.84,14.52,14.61,19800,14.495207
2016-10-12,14.77,14.99,14.77,14.84,12900,14.7234
2016-10-11,14.81,14.94,14.48,14.71,21800,14.594421
2016-10-10,14.80,15.00,14.69,14.85,21800,14.733322
2016-10-07,14.54,14.80,14.36,14.67,130000,14.554736
2016-10-06,14.22,14.50,13.88,14.46,104800,14.346386
2016-10-05,14.17,14.40,14.13,14.17,68500,14.058664
2016-10-04,14.26,14.41,14.04,14.17,22400,14.058664
2016-10-03,14.27,14.48,14.02,14.25,18900,14.138036
2016-09-30,13.99,14.41,13.99,14.29,70600,14.177721
2016-09-29,14.08,14.17,13.92,13.92,23800,13.810629
2016-09-28,14.14,14.28,13.74,13.92,24500,13.810629
2016-09-27,14.10,14.35,13.94,14.02,27600,13.909843
2016-09-26,14.68,14.73,14.05,14.14,25400,14.0289
2016-09-23,14.57,14.80,14.57,14.78,9400,14.663871
2016-09-22,14.54,14.60,14.41,14.56,22200,14.4456
2016-09-21,14.61,14.96,14.28,14.53,17800,14.415835
2016-09-20,14.71,14.71,14.25,14.53,34100,14.415835
2016-09-19,14.75,14.98,14.50,14.57,21000,14.455521
2016-09-16,14.79,14.79,14.55,14.72,41300,14.604343
2016-09-15,14.88,14.88,14.69,14.73,31900,14.614264
2016-09-14,15.52,15.52,14.75,14.75,21000,14.634107
2016-09-13,15.75,15.75,15.26,15.50,58900,15.378214
2016-09-12,15.75,15.94,15.44,15.76,66200,15.636172
2016-09-09,16.00,16.00,15.54,15.84,55900,15.715543
2016-09-08,16.129999,16.27,16.00,16.040001,21000,15.913972
2016-09-07,16.139999,16.34,15.85,16.09,19500,15.963579
2016-09-06,16.18,16.18,16.00,16.129999,18700,16.003263
2016-09-02,15.82,16.299999,15.75,16.26,19400,16.132243
2016-09-01,16.030001,16.030001,15.75,15.84,10500,15.715543
2016-08-31,16.040001,16.280001,15.86,16.07,22000,15.943735
2016-08-30,15.80,16.16,15.80,16.09,18000,15.963579
2016-08-29,16.17,16.17,15.83,15.85,9800,15.725465
2016-08-26,16.07,16.370001,16.01,16.200001,35200,16.072715
2016-08-25,15.96,16.139999,15.89,15.97,26600,15.844522
2016-08-24,16.01,16.030001,15.80,15.92,12800,15.794914
2016-08-23,16.07,16.290001,15.92,15.94,13200,15.814757
2016-08-22,16.209999,16.219999,15.79,15.93,15700,15.804836
2016-08-19,16.26,16.49,16.09,16.26,35800,16.132243
2016-08-18,16.120001,16.389999,16.120001,16.299999,10900,16.171928
2016-08-17,16.15,16.24,15.96,16.219999,15600,16.092556
2016-08-16,16.049999,16.23,15.83,16.190001,27400,16.062793
2016-08-15,15.91,16.200001,15.91,16.030001,35000,15.904051
2016-08-12,15.87,16.08,15.81,15.89,26300,15.76515
2016-08-11,15.97,16.110001,15.75,15.98,33700,15.854442
2016-08-10,15.90,15.96,15.72,15.88,17800,15.755229
2016-08-09,16.00,16.129999,15.72,15.95,12000,15.715542
2016-08-08,15.94,16.00,15.77,15.94,16200,15.705689
2016-08-05,15.82,16.00,15.70,15.95,48100,15.715542
2016-08-04,15.71,15.84,15.55,15.61,13100,15.38054
2016-08-03,15.80,15.84,15.63,15.76,19000,15.528336
2016-08-02,15.85,15.88,15.72,15.72,22900,15.488924
2016-08-01,15.86,16.00,15.71,15.88,32900,15.646572
2016-07-29,15.92,15.96,15.72,15.74,40500,15.508629
2016-07-28,15.85,16.030001,15.66,15.85,20200,15.617013
2016-07-27,15.75,15.92,15.63,15.81,37000,15.577601
2016-07-26,15.76,15.90,15.70,15.79,10500,15.557895
2016-07-25,15.75,15.83,15.66,15.75,17200,15.518483
2016-07-22,15.85,15.96,15.75,15.80,6300,15.567748
2016-07-21,15.77,16.08,15.75,15.79,10400,15.557895
2016-07-20,15.86,15.91,15.61,15.84,11700,15.60716
2016-07-19,15.73,15.99,15.58,15.78,9900,15.548041
2016-07-18,16.02,16.02,15.77,15.79,13600,15.557895
2016-07-15,16.27,16.27,15.88,15.96,19700,15.725396
2016-07-14,16.16,16.360001,16.030001,16.10,25300,15.863338
2016-07-13,16.00,16.049999,15.60,15.98,31200,15.745101
2016-07-12,16.030001,16.129999,15.85,15.98,47300,15.745101
2016-07-11,16.07,16.09,15.82,15.87,30000,15.636719
2016-07-08,15.35,16.049999,15.35,15.89,28300,15.656425
2016-07-07,14.78,15.08,14.56,15.07,26000,14.848478
2016-07-06,14.50,14.81,14.06,14.72,20900,14.503623
2016-07-05,15.51,15.51,14.59,14.67,33700,14.454358
2016-07-01,15.44,16.030001,15.42,15.76,19900,15.528336
2016-06-30,15.35,15.46,15.15,15.46,39400,15.232745
2016-06-29,15.23,15.50,15.07,15.29,63000,15.065244
2016-06-28,15.45,15.48,14.95,15.01,43200,14.78936
2016-06-27,15.17,15.27,14.70,15.15,70800,14.927302
2016-06-24,15.17,15.69,15.17,15.61,112000,15.38054
2016-06-23,16.030001,16.66,16.030001,16.23,43700,15.991426
2016-06-22,15.76,15.90,15.62,15.76,21700,15.528336
2016-06-21,15.78,16.16,15.53,15.76,25300,15.528336
2016-06-20,16.00,16.040001,15.73,15.75,22200,15.518483
2016-06-17,15.48,15.97,15.41,15.67,76900,15.439659
2016-06-16,15.24,15.49,15.00,15.44,21800,15.213039
2016-06-15,15.63,15.63,15.30,15.39,45900,15.163775
2016-06-14,15.45,15.72,15.37,15.53,45600,15.301716
2016-06-13,15.57,15.61,15.45,15.48,35200,15.252451
2016-06-10,15.15,16.030001,15.15,15.64,32300,15.4101
2016-06-09,15.67,15.67,15.40,15.47,43600,15.242599
2016-06-08,15.98,16.16,15.70,15.76,61000,15.528336
2016-06-07,15.67,16.16,15.51,16.030001,57400,15.794367
2016-06-06,15.48,15.63,15.45,15.50,28400,15.272157
2016-06-03,15.81,15.89,15.18,15.40,47200,15.173627
2016-06-02,15.74,15.94,15.60,15.90,51000,15.666277
2016-06-01,15.59,15.96,15.42,15.77,44200,15.538189
2016-05-31,15.76,15.97,15.68,15.74,145100,15.508629
2016-05-27,15.21,15.96,15.21,15.74,59700,15.508629
2016-05-26,14.82,15.39,14.74,15.21,59200,14.98642
2016-05-25,14.47,14.99,14.35,14.83,34500,14.612006
2016-05-24,13.85,14.47,13.85,14.36,91400,14.148915
2016-05-23,14.29,14.32,13.69,13.71,52800,13.50847
2016-05-20,14.19,14.93,14.08,14.36,95600,14.148915
2016-05-19,14.43,14.58,13.63,14.08,66300,13.873031
2016-05-18,14.11,14.75,14.11,14.45,41000,14.237592
2016-05-17,14.39,15.14,14.07,14.14,63200,13.932149
2016-05-16,13.82,14.93,13.75,14.51,99500,14.29671
2016-05-13,13.79,13.91,13.69,13.73,25000,13.528175
2016-05-12,14.14,14.14,13.75,13.82,24200,13.616852
2016-05-11,14.31,14.35,13.85,13.90,21800,13.695676
2016-05-10,13.94,14.66,13.82,14.58,26000,14.257298
2016-05-09,14.14,14.14,13.74,13.82,24400,13.514119
2016-05-06,13.70,14.07,13.70,13.84,20600,13.533677
2016-05-05,14.17,14.22,13.72,13.73,48500,13.426111
2016-05-04,14.90,14.95,14.07,14.10,34000,13.787923
2016-05-03,15.08,15.12,14.47,14.67,26500,14.345306
2016-05-02,15.17,15.43,14.89,15.36,14300,15.020034
2016-04-29,15.30,15.40,14.93,15.28,16600,14.941805
2016-04-28,16.07,16.17,15.48,15.53,22200,15.186272
2016-04-27,16.309999,16.41,16.16,16.299999,10600,15.939229
2016-04-26,15.71,16.450001,15.52,16.370001,20700,16.007681
2016-04-25,16.34,16.41,15.45,15.61,19200,15.264501
2016-04-22,16.00,16.610001,16.00,16.209999,37700,15.85122
2016-04-21,16.00,16.10,15.88,16.07,13500,15.71432
2016-04-20,15.84,16.049999,15.72,15.98,12900,15.626311
2016-04-19,16.09,16.219999,15.50,15.60,24300,15.254723
2016-04-18,15.85,16.09,15.73,15.99,12600,15.63609
2016-04-15,16.370001,16.370001,15.70,15.86,18900,15.508968
2016-04-14,16.00,16.610001,16.00,16.459999,31600,16.095687
2016-04-13,15.49,15.95,15.44,15.90,22700,15.548082
2016-04-12,14.71,15.44,14.71,15.35,30600,15.010256
2016-04-11,14.35,14.70,14.12,14.67,29600,14.345306
2016-04-08,14.38,14.62,14.14,14.19,13400,13.87593
2016-04-07,14.68,14.89,14.19,14.26,25000,13.944381
2016-04-06,14.68,15.00,14.68,14.88,18500,14.550659
2016-04-05,14.87,14.96,14.49,14.66,41000,14.335528
2016-04-04,15.10,15.22,14.85,15.01,27400,14.677781
2016-04-01,15.63,15.72,14.96,15.08,18800,14.746232
2016-03-31,15.79,16.139999,15.57,15.78,53800,15.430738
2016-03-30,15.37,15.91,15.25,15.82,17500,15.469853
2016-03-29,14.22,15.40,14.03,15.27,34600,14.932027
2016-03-28,14.57,14.90,14.30,14.35,21600,14.032389
2016-03-24,14.63,14.75,14.36,14.48,17400,14.159511
2016-03-23,16.00,16.059999,14.71,14.77,31500,14.443094
2016-03-22,15.87,16.299999,15.87,16.129999,13200,15.772991
2016-03-21,15.28,16.190001,15.27,16.09,33300,15.733877
2016-03-18,14.55,15.13,14.40,15.11,92600,14.775567
2016-03-17,14.20,14.65,14.20,14.55,43200,14.227963
2016-03-16,14.41,14.47,14.28,14.30,28600,13.983496
2016-03-15,14.92,14.92,14.20,14.29,33000,13.973717
2016-03-14,15.32,15.41,14.73,15.13,37300,14.795125
2016-03-11,15.58,15.66,15.37,15.40,21400,15.059149
2016-03-10,15.76,15.76,15.02,15.34,26000,15.000477
2016-03-09,15.52,15.87,15.48,15.63,18900,15.284059
2016-03-08,15.50,15.74,15.17,15.43,45100,15.088485
2016-03-07,15.61,15.98,15.61,15.83,22500,15.479632
2016-03-04,15.80,16.25,15.61,15.81,25400,15.460075
2016-03-03,15.70,16.08,15.60,16.049999,34800,15.694762
2016-03-02,14.67,15.48,14.67,15.36,27500,15.020034
2016-03-01,14.20,14.78,14.14,14.73,62600,14.403978
2016-02-29,14.36,14.39,14.00,14.16,65200,13.846594
2016-02-26,14.42,14.55,14.29,14.40,62100,14.081282
2016-02-25,14.37,14.45,14.19,14.25,69400,13.934602
2016-02-24,14.27,14.75,14.10,14.41,54900,14.091061
2016-02-23,15.17,15.21,14.42,14.46,30800,14.139954
2016-02-22,15.40,15.71,14.98,15.18,44600,14.844019
2016-02-19,14.68,15.27,14.51,15.14,24000,14.804904
2016-02-18,15.58,15.58,14.71,14.75,17300,14.423536
2016-02-17,15.63,15.80,15.47,15.54,22100,15.19605
2016-02-16,14.74,15.51,14.69,15.42,36500,15.078707
2016-02-12,13.96,14.72,13.80,14.56,24600,14.237741
2016-02-11,14.01,14.35,13.87,14.03,46000,13.719471
2016-02-10,14.42,14.88,14.28,14.29,34200,13.973717
2016-02-09,14.47,14.66,14.33,14.38,22600,13.95416
2016-02-08,14.59,14.88,14.36,14.76,65900,14.322907
2016-02-05,14.76,15.15,14.73,14.73,35400,14.293795
2016-02-04,14.48,15.01,14.19,14.79,23600,14.352018
2016-02-03,14.72,15.01,14.46,14.49,65900,14.060902
2016-02-02,14.68,14.79,14.35,14.65,58900,14.216164
2016-02-01,15.18,15.18,14.85,14.98,45900,14.536391
2016-01-29,13.65,15.33,13.65,15.33,88000,14.876027
2016-01-28,14.01,14.25,13.72,13.75,14200,13.342816
2016-01-27,14.17,14.51,13.83,13.86,23800,13.449558
2016-01-26,14.15,14.50,13.86,14.36,20500,13.934752
2016-01-25,14.17,14.29,13.78,13.82,25700,13.410743
2016-01-22,14.30,14.61,14.25,14.34,49200,13.915344
2016-01-21,13.89,14.22,13.80,14.08,61100,13.663044
2016-01-20,13.98,14.31,13.58,13.98,77800,13.566005
2016-01-19,14.53,14.99,14.09,14.36,66800,13.934752
2016-01-15,14.29,14.68,14.20,14.57,50300,14.138533
2016-01-14,14.55,15.01,14.34,14.75,43100,14.313203
2016-01-13,15.18,15.34,14.41,14.51,68700,14.08031
2016-01-12,15.10,15.34,14.92,15.18,73700,14.730469
2016-01-11,14.93,15.09,14.87,15.02,36100,14.575208
2016-01-08,15.48,15.48,14.86,14.93,68600,14.487873
2016-01-07,15.50,15.74,15.32,15.38,57800,14.924546
2016-01-06,15.88,16.030001,15.52,15.89,63600,15.419444
2016-01-05,16.559999,16.76,16.00,16.049999,58600,15.574705
2016-01-04,16.98,16.98,15.93,16.450001,58900,15.962861
2015-12-31,17.309999,17.690001,17.309999,17.379999,52800,16.865319
2015-12-30,17.75,18.00,17.440001,17.48,41500,16.962358
2015-12-29,17.25,17.74,17.200001,17.700001,34000,17.175844
2015-12-28,17.299999,17.610001,15.75,17.27,53700,16.758577
2015-12-24,17.32,17.549999,17.25,17.370001,10600,16.855616
2015-12-23,15.81,17.35,15.81,17.26,41100,16.748873
2015-12-22,15.87,16.25,15.63,16.190001,30200,15.71056
2015-12-21,15.92,15.97,15.69,15.95,20500,15.477666
2015-12-18,16.110001,16.219999,15.63,15.77,52600,15.302998
2015-12-17,16.440001,16.799999,16.24,16.24,18400,15.759079
2015-12-16,15.73,16.58,15.65,16.549999,33100,16.059898
2015-12-15,15.73,16.01,15.60,15.72,37300,15.254478
2015-12-14,15.88,16.25,15.59,15.69,61300,15.225366
2015-12-11,15.79,16.209999,15.79,15.95,55800,15.477666
2015-12-10,16.059999,16.50,16.059999,16.25,21400,15.768783
2015-12-09,16.24,16.540001,16.219999,16.23,33800,15.749374
2015-12-08,16.66,16.66,16.209999,16.370001,37900,15.88523
2015-12-07,17.17,17.299999,16.719999,16.799999,29300,16.302495
2015-12-04,17.049999,17.370001,16.91,17.299999,19200,16.787688
2015-12-03,17.620001,17.790001,16.99,17.030001,26900,16.525685
2015-12-02,17.93,17.950001,17.49,17.549999,18400,17.030285
2015-12-01,17.950001,17.950001,17.60,17.85,18400,17.321402
2015-11-30,18.17,18.33,17.68,17.90,37500,17.36992
2015-11-27,17.35,18.42,17.35,18.16,42000,17.622221
2015-11-25,17.190001,17.58,17.17,17.57,34500,17.049693
2015-11-24,16.85,17.35,16.82,17.16,77100,16.651834
2015-11-23,17.049999,17.049999,16.860001,16.92,39200,16.418942
2015-11-20,17.15,17.42,17.00,17.02,44900,16.515981
2015-11-19,17.379999,17.559999,17.15,17.18,26300,16.671243
2015-11-18,17.52,17.700001,17.110001,17.440001,42800,16.923543
2015-11-17,17.93,17.99,17.549999,17.57,36200,17.049693
2015-11-16,18.120001,18.360001,17.82,17.889999,56400,17.360216
2015-11-13,18.049999,18.690001,18.049999,18.219999,45800,17.680444
2015-11-12,18.76,19.190001,18.379999,18.59,65200,18.039487
2015-11-11,18.879999,19.209999,18.809999,18.91,35700,18.350011
2015-11-10,18.959999,19.469999,18.549999,18.83,120000,18.27238
2015-11-09,19.41,19.67,18.950001,19.01,91900,18.340307
2015-11-06,18.50,19.49,18.50,19.41,31900,18.726215
2015-11-05,18.040001,18.50,17.709999,18.379999,35500,17.7325
2015-11-04,18.040001,18.049999,17.84,18.030001,42000,17.394831
2015-11-03,17.719999,18.040001,17.43,17.91,100900,17.279058
2015-11-02,18.23,18.25,17.82,17.98,121500,17.346591
2015-10-30,18.629999,18.629999,17.709999,18.35,64500,17.703558
2015-10-29,19.370001,19.370001,18.83,18.91,30100,18.243829
2015-10-28,18.18,19.35,18.17,19.34,55700,18.658681
2015-10-27,18.25,18.25,17.709999,18.17,48800,17.529898
2015-10-26,18.32,18.459999,18.129999,18.280001,23600,17.636024
2015-10-23,18.17,18.440001,17.77,18.42,26100,17.771091
2015-10-22,17.77,18.190001,17.67,18.00,24100,17.365887
2015-10-21,18.34,18.50,17.629999,17.67,32400,17.047513
2015-10-20,18.07,18.42,17.93,18.299999,50400,17.655318
2015-10-19,17.67,18.07,17.60,18.030001,44700,17.394831
2015-10-16,17.92,17.940001,17.57,17.809999,32300,17.18258
2015-10-15,17.24,17.889999,17.15,17.83,121200,17.201876
2015-10-14,18.17,18.440001,17.10,17.139999,64500,16.536183
2015-10-13,18.65,19.00,18.00,18.040001,89400,17.404479
2015-10-12,20.08,20.09,18.50,18.700001,85700,18.041228
2015-10-09,20.83,20.84,20.01,20.10,38600,19.391908
2015-10-08,20.690001,21.02,20.690001,20.85,37600,20.115486
2015-10-07,20.67,21.18,20.26,20.76,94900,20.028657
2015-10-06,20.74,20.809999,20.200001,20.610001,23700,19.883941
2015-10-05,20.610001,21.049999,20.059999,20.85,57700,20.115486
2015-10-02,19.690001,20.32,19.02,20.309999,73800,19.594509
2015-10-01,19.90,20.309999,19.59,19.93,84800,19.227896
2015-09-30,19.93,20.01,19.43,20.01,103600,19.305078
2015-09-29,19.969999,20.110001,19.42,19.780001,62200,19.083181
2015-09-28,20.48,20.530001,19.889999,19.969999,103800,19.266486
2015-09-25,20.700001,20.969999,20.559999,20.620001,59700,19.893589
2015-09-24,20.530001,20.77,20.299999,20.59,115800,19.864646
2015-09-23,20.35,20.59,20.23,20.559999,62500,19.835702
2015-09-22,20.59,20.74,20.120001,20.34,63000,19.623453
2015-09-21,20.57,21.10,20.50,20.65,107000,19.922531
2015-09-18,20.08,20.85,19.77,20.59,262600,19.864646
2015-09-17,21.35,21.35,20.01,20.360001,135000,19.642749
2015-09-16,21.719999,22.00,21.00,21.35,233500,20.597872
2015-09-15,19.60,22.02,19.60,21.50,203300,20.742587
2015-09-14,18.610001,19.790001,18.129999,19.530001,249900,18.841988
2015-09-11,18.24,18.299999,17.57,17.98,120000,17.346591
2015-09-10,18.299999,18.469999,18.190001,18.27,39500,17.626376
2015-09-09,19.26,19.26,18.139999,18.34,47400,17.69391
2015-09-08,18.799999,19.23,18.76,19.00,87900,18.330659
2015-09-04,18.74,18.91,18.459999,18.549999,41800,17.896511
2015-09-03,18.91,19.209999,18.809999,18.889999,54800,18.224533
2015-09-02,19.700001,19.93,18.559999,18.950001,225300,18.282421
2015-09-01,19.559999,20.059999,19.26,19.43,303800,18.745511
2015-08-31,19.940001,20.030001,19.780001,19.950001,62300,19.247192
2015-08-28,20.33,20.58,19.700001,19.870001,31600,19.170011
2015-08-27,20.299999,20.58,20.00,20.52,60200,19.797112
2015-08-26,20.48,20.51,19.459999,20.18,61600,19.469089
2015-08-25,19.40,20.299999,18.889999,20.17,79900,19.459441
2015-08-24,17.40,19.280001,17.40,18.889999,73500,18.224533
2015-08-21,18.58,19.280001,18.50,18.799999,101400,18.137704
2015-08-20,19.620001,19.700001,19.17,19.209999,85700,18.53326
2015-08-19,20.440001,20.440001,19.620001,19.66,63400,18.967408
2015-08-18,21.00,22.049999,20.51,20.58,64200,19.854998
2015-08-17,21.42,22.09,20.969999,21.059999,81600,20.318087
2015-08-14,21.00,22.74,21.00,21.450001,63500,20.69435
2015-08-13,19.620001,21.379999,19.620001,21.00,114100,20.260202
2015-08-12,20.200001,20.299999,19.610001,19.67,67900,18.977056
2015-08-11,21.049999,21.629999,20.50,20.559999,68200,19.729577
2015-08-10,22.059999,22.370001,21.10,21.110001,72600,20.257364
2015-08-07,21.889999,22.450001,21.889999,22.059999,34700,21.168992
2015-08-06,21.98,22.23,21.83,21.889999,54800,21.005858
2015-08-05,22.32,22.610001,21.889999,21.93,72400,21.044243
2015-08-04,22.290001,22.950001,21.98,22.25,50300,21.351318
2015-08-03,22.84,23.15,21.75,22.24,81500,21.341722
2015-07-31,24.200001,24.290001,21.940001,22.700001,149500,21.783143
2015-07-30,24.33,24.60,23.93,24.17,17800,23.193769
2015-07-29,23.870001,24.780001,23.690001,24.360001,29300,23.376095
2015-07-28,24.16,24.379999,23.639999,24.02,37800,23.049828
2015-07-27,23.530001,23.700001,23.02,23.530001,23100,22.579619
2015-07-24,24.540001,24.540001,23.639999,23.709999,33500,22.752348
2015-07-23,24.90,24.90,24.32,24.60,23900,23.606402
2015-07-22,24.83,25.26,24.83,24.93,20200,23.923073
2015-07-21,24.860001,25.299999,24.700001,24.82,33900,23.817515
2015-07-20,25.030001,25.139999,24.59,24.690001,23500,23.692767
2015-07-17,24.799999,25.15,24.76,25.049999,27600,24.038225
2015-07-16,24.690001,25.10,24.690001,24.860001,59200,23.8559
2015-07-15,24.48,24.719999,24.290001,24.549999,20300,23.55842
2015-07-14,24.92,25.110001,24.360001,24.40,41100,23.414479
2015-07-13,24.67,25.360001,24.60,24.959999,51400,23.95186
2015-07-10,25.15,25.49,24.209999,24.469999,74400,23.481651
2015-07-09,25.82,25.82,25.059999,25.09,37200,24.07661
2015-07-08,25.58,25.58,25.049999,25.32,34900,24.29732
2015-07-07,26.040001,26.040001,25.110001,25.82,43200,24.777125
2015-07-06,25.940001,26.18,25.52,26.01,30200,24.959451
2015-07-02,26.75,26.75,26.139999,26.27,21800,25.20895
2015-07-01,26.42,27.01,26.200001,26.65,35700,25.573601
2015-06-30,26.120001,26.32,25.51,26.280001,46000,25.218546
2015-06-29,26.93,26.93,25.700001,25.809999,51000,24.767529
2015-06-26,27.01,27.299999,26.99,27.280001,58700,26.178156
2015-06-25,27.280001,27.309999,26.91,27.030001,25000,25.938254
2015-06-24,27.60,27.60,26.74,27.10,26800,26.005426
2015-06-23,27.99,27.99,27.43,27.73,24900,26.609979
2015-06-22,27.790001,27.99,27.620001,27.799999,36900,26.677152
2015-06-19,26.98,27.889999,26.82,27.77,85600,26.648365
2015-06-18,27.32,27.32,26.440001,26.84,30900,25.755927
2015-06-17,27.50,27.530001,26.950001,26.99,19400,25.899868
2015-06-16,27.129999,27.43,26.74,27.41,24200,26.302905
2015-06-15,27.040001,27.129999,26.42,27.08,27400,25.986233
2015-06-12,27.48,27.48,27.02,27.209999,29600,26.110982
2015-06-11,27.27,27.40,27.09,27.389999,25100,26.283712
2015-06-10,26.700001,27.50,26.700001,27.379999,69400,26.274116
2015-06-09,26.75,26.75,26.049999,26.67,29000,25.592794
2015-06-08,26.639999,26.82,26.51,26.75,26700,25.669562
2015-06-05,26.780001,26.969999,26.450001,26.76,55200,25.679159
2015-06-04,26.290001,26.690001,26.27,26.52,38100,25.448853
2015-06-03,26.450001,26.700001,26.299999,26.450001,49400,25.38168
2015-06-02,26.110001,26.639999,26.00,26.50,78300,25.42966
2015-06-01,26.17,26.25,25.58,26.10,52500,25.045816
2015-05-29,26.120001,26.24,25.809999,25.940001,53200,24.892279
2015-05-28,25.719999,26.16,24.950001,26.08,102800,25.026624
2015-05-27,25.60,25.709999,25.32,25.629999,34900,24.594799
2015-05-26,25.02,25.75,24.889999,25.40,113200,24.374089
2015-05-22,24.440001,25.139999,24.41,25.049999,57400,24.038225
2015-05-21,24.48,24.549999,24.309999,24.530001,30500,23.539229
2015-05-20,24.459999,24.51,24.40,24.48,36300,23.491248
2015-05-19,24.450001,24.549999,24.370001,24.459999,24700,23.472055
2015-05-18,24.370001,24.639999,24.370001,24.459999,39900,23.472055
2015-05-15,24.440001,24.459999,24.280001,24.370001,27500,23.385692
2015-05-14,24.57,24.620001,24.15,24.40,44800,23.414479
2015-05-13,24.370001,24.50,24.290001,24.35,26900,23.366499
2015-05-12,24.040001,24.42,23.75,24.309999,68800,23.222556
2015-05-11,23.75,24.049999,23.65,24.01,65400,22.935977
2015-05-08,23.780001,23.799999,23.280001,23.700001,32100,22.639844
2015-05-07,23.799999,23.870001,23.27,23.700001,23700,22.639844
2015-05-06,23.93,23.93,23.65,23.709999,31600,22.649396
2015-05-05,24.219999,24.299999,23.75,23.799999,43500,22.73537
2015-05-04,24.25,24.50,24.00,24.120001,68200,23.041057
2015-05-01,23.91,24.299999,23.91,24.139999,25500,23.060161
2015-04-30,24.15,24.25,23.85,23.889999,41800,22.821344
2015-04-29,24.26,24.639999,23.98,24.27,28100,23.184347
2015-04-28,23.809999,24.629999,23.50,24.209999,40400,23.127029
2015-04-27,23.17,24.00,23.16,23.84,33400,22.773581
2015-04-24,23.059999,23.40,22.889999,23.389999,13200,22.34371
2015-04-23,23.280001,23.33,23.00,23.120001,7000,22.085789
2015-04-22,22.90,23.309999,22.790001,23.219999,12200,22.181315
2015-04-21,22.76,23.25,22.719999,22.969999,20000,21.942498
2015-04-20,22.93,23.18,22.879999,23.09,15000,22.057131
2015-04-17,22.84,23.190001,22.66,22.780001,19700,21.760998
2015-04-16,22.92,23.190001,22.52,23.01,41200,21.980709
2015-04-15,22.51,22.959999,22.40,22.889999,36000,21.866076
2015-04-14,22.889999,22.889999,22.299999,22.57,24200,21.560391
2015-04-13,22.639999,22.959999,22.379999,22.879999,23100,21.856523
2015-04-10,23.02,23.02,22.389999,22.52,41100,21.512628
2015-04-09,23.24,23.389999,22.75,23.01,44100,21.980709
2015-04-08,22.700001,23.59,22.68,23.379999,35100,22.334157
2015-04-07,23.299999,23.790001,23.030001,23.10,29800,22.066683
2015-04-06,23.389999,23.73,23.280001,23.52,26800,22.467896
2015-04-02,23.32,23.50,22.700001,23.40,30500,22.353263
2015-04-01,23.42,23.50,22.90,23.450001,28200,22.401028
2015-03-31,23.27,23.50,22.85,23.459999,27600,22.410579
2015-03-30,23.43,23.60,23.110001,23.35,34700,22.3055
2015-03-27,23.540001,23.620001,23.10,23.43,24300,22.381922
2015-03-26,23.379999,24.10,23.379999,23.60,21800,22.544317
2015-03-25,23.700001,23.83,23.07,23.52,56200,22.467896
2015-03-24,23.85,23.85,23.450001,23.690001,53900,22.630292
2015-03-23,23.90,24.00,23.77,23.879999,35300,22.811791
2015-03-20,23.860001,24.200001,23.84,23.950001,77300,22.878661
2015-03-19,23.610001,24.18,23.299999,23.540001,31200,22.487002
2015-03-18,23.40,24.110001,23.190001,23.870001,67000,22.80224
2015-03-17,23.67,23.67,22.75,23.52,33200,22.467896
2015-03-16,24.309999,24.43,23.48,23.82,68400,22.754476
2015-03-13,23.889999,24.200001,23.530001,24.15,57200,23.069714
2015-03-12,23.879999,24.15,23.190001,23.809999,67000,22.744923
2015-03-11,22.49,23.690001,22.469999,23.57,85600,22.515659
2015-03-10,21.08,22.459999,20.83,22.280001,55900,21.283364
2015-03-09,20.889999,21.379999,20.889999,21.18,24700,20.232569
2015-03-06,20.98,21.23,20.84,20.91,51800,19.974647
2015-03-05,20.92,21.200001,20.60,20.959999,24800,20.022409
2015-03-04,21.16,21.290001,20.91,20.959999,35700,20.022409
2015-03-03,21.219999,21.48,21.16,21.33,31000,20.375859
2015-03-02,21.15,21.379999,21.10,21.35,42000,20.394965
2015-02-27,20.98,21.25,20.950001,21.10,29800,20.156148
2015-02-26,20.90,21.139999,20.83,21.10,25600,20.156148
2015-02-25,21.040001,21.040001,20.66,20.969999,19900,20.031962
2015-02-24,20.25,21.299999,20.040001,21.10,42500,20.156148
2015-02-23,20.15,20.34,19.950001,20.09,27500,19.191328
2015-02-20,20.09,20.27,19.950001,20.110001,106800,19.210433
2015-02-19,19.91,20.200001,19.83,20.049999,28900,19.153116
2015-02-18,20.610001,20.610001,19.870001,20.00,19700,19.105353
2015-02-17,20.25,20.90,20.25,20.60,37600,19.678514
2015-02-13,20.200001,20.809999,20.00,20.41,44000,19.497013
2015-02-12,20.110001,20.34,19.82,20.190001,31000,19.286855
2015-02-11,19.959999,20.209999,19.59,20.030001,18600,19.134012
2015-02-10,20.299999,20.58,19.99,20.18,37900,19.172223
2015-02-09,20.42,20.98,19.82,20.290001,52000,19.276731
2015-02-06,20.85,21.299999,20.219999,20.469999,37800,19.44774
2015-02-05,20.83,21.209999,20.34,20.93,46900,19.884769
2015-02-04,20.450001,20.889999,20.209999,20.370001,42500,19.352735
2015-02-03,20.16,20.83,20.16,20.41,34000,19.390737
2015-02-02,19.68,20.34,19.34,20.18,32400,19.172223
2015-01-30,19.299999,20.26,19.040001,19.75,31900,18.763697
2015-01-29,19.84,20.00,19.209999,19.76,22100,18.773198
2015-01-28,21.34,21.34,19.90,19.91,19600,18.915707
2015-01-27,21.700001,21.85,21.110001,21.299999,18900,20.23629
2015-01-26,22.059999,22.389999,21.799999,21.950001,19600,20.853831
2015-01-23,21.73,22.620001,21.52,22.24,30700,21.129348
2015-01-22,21.280001,21.98,21.190001,21.780001,20800,20.692321
2015-01-21,21.110001,21.459999,20.799999,21.42,28100,20.350298
2015-01-20,21.51,21.66,20.610001,21.030001,26600,19.979775
2015-01-16,20.34,21.51,20.34,21.40,26900,20.331297
2015-01-15,20.84,21.35,20.33,20.469999,22600,19.44774
2015-01-14,21.379999,21.379999,20.93,21.00,25100,19.951273
2015-01-13,21.280001,22.25,21.10,21.469999,21100,20.397801
2015-01-12,21.83,21.83,21.07,21.200001,21200,20.141286
2015-01-09,22.41,22.440001,21.809999,21.959999,21800,20.86333
2015-01-08,22.389999,22.99,22.049999,22.50,37000,21.376364
2015-01-07,22.440001,22.780001,21.940001,22.280001,29600,21.167351
2015-01-06,22.67,23.219999,22.16,22.33,39800,21.214853
2015-01-05,22.860001,23.549999,22.83,22.93,23700,21.78489
2015-01-02,23.440001,23.719999,22.719999,23.129999,17600,21.974901
2014-12-31,23.879999,23.879999,23.00,23.25,20200,22.088909
2014-12-30,22.959999,23.809999,22.889999,23.700001,24100,22.516437
2014-12-29,23.370001,23.370001,22.83,23.08,19500,21.927399
2014-12-26,23.139999,23.290001,22.790001,23.27,15200,22.107911
2014-12-24,23.690001,23.690001,23.16,23.200001,7900,22.041407
2014-12-23,23.57,23.700001,22.719999,23.50,37500,22.326424
2014-12-22,23.190001,23.610001,23.10,23.58,21700,22.402429
2014-12-19,23.17,23.25,22.530001,23.23,40300,22.069907
2014-12-18,22.91,23.299999,22.40,23.18,24900,22.022405
2014-12-17,21.629999,22.549999,21.24,22.52,32400,21.395365
2014-12-16,21.809999,22.219999,21.51,21.65,21900,20.568812
2014-12-15,21.93,22.00,21.65,21.780001,25200,20.692321
2014-12-12,22.299999,22.360001,22.01,22.02,29000,20.920335
2014-12-11,22.799999,23.00,22.34,22.40,27100,21.281357
2014-12-10,22.559999,23.10,22.559999,22.73,34700,21.594877
2014-12-09,22.82,23.559999,22.629999,23.33,39500,22.164914
2014-12-08,23.58,23.68,23.01,23.139999,43600,21.984402
2014-12-05,23.120001,23.93,22.940001,23.629999,46100,22.449931
2014-12-04,22.860001,23.219999,22.65,23.139999,13300,21.984402
2014-12-03,22.700001,23.17,22.540001,22.99,27400,21.841893
2014-12-02,22.91,23.17,22.700001,22.780001,21100,21.642381
2014-12-01,22.73,23.25,22.700001,22.76,27500,21.62338
2014-11-28,23.34,23.42,22.860001,22.889999,22000,21.746887
2014-11-26,23.389999,23.50,23.25,23.299999,20400,22.136411
2014-11-25,23.450001,23.450001,23.26,23.370001,17400,22.202917
2014-11-24,23.360001,23.51,23.219999,23.440001,13000,22.269421
2014-11-21,23.58,23.66,23.139999,23.219999,20600,22.060407
2014-11-20,22.74,23.290001,22.51,23.139999,26800,21.984402
2014-11-19,23.25,23.25,22.67,22.92,28900,21.775389
2014-11-18,23.51,23.59,23.059999,23.25,34200,22.088909
2014-11-17,24.42,24.42,23.360001,23.50,41300,22.326424
2014-11-14,24.68,24.690001,24.389999,24.50,19600,23.276485
2014-11-13,24.700001,24.700001,21.98,24.57,39500,23.342989
2014-11-12,24.40,24.700001,24.40,24.65,22300,23.418994
2014-11-11,24.469999,24.629999,24.43,24.57,20600,23.238482
2014-11-10,24.23,24.559999,24.10,24.559999,20600,23.229023
2014-11-07,24.15,24.290001,23.790001,24.09,26200,22.784495
2014-11-06,24.18,24.18,23.540001,24.08,18200,22.775036
2014-11-05,24.34,24.48,23.85,24.24,28600,22.926365
2014-11-04,24.18,24.280001,23.25,24.23,41200,22.916907
2014-11-03,24.450001,24.459999,24.120001,24.209999,55700,22.89799
2014-10-31,23.23,24.620001,23.18,24.549999,100600,23.219565
2014-10-30,22.690001,22.99,22.60,22.84,39100,21.602236
2014-10-29,22.620001,22.90,22.469999,22.879999,25400,21.640067
2014-10-28,22.59,22.99,22.43,22.65,54400,21.422532
2014-10-27,22.040001,22.51,22.040001,22.33,28200,21.119874
2014-10-24,22.51,22.639999,22.280001,22.379999,8800,21.167163
2014-10-23,22.60,22.809999,22.16,22.360001,27400,21.148249
2014-10-22,22.68,22.84,22.190001,22.23,18100,21.025293
2014-10-21,22.50,23.27,22.42,22.73,35700,21.498196
2014-10-20,22.200001,22.450001,22.00,22.42,22200,21.204997
2014-10-17,22.60,22.60,22.07,22.190001,26600,20.987461
2014-10-16,21.290001,22.57,21.290001,22.23,33200,21.025293
2014-10-15,22.040001,22.41,21.290001,22.23,37700,21.025293
2014-10-14,22.120001,22.49,21.879999,22.25,47000,21.044209
2014-10-13,21.16,22.110001,21.10,21.950001,40800,20.760468
2014-10-10,20.610001,21.59,20.610001,21.23,38700,20.079486
2014-10-09,21.33,21.33,20.51,20.82,23000,19.691705
2014-10-08,20.459999,21.379999,20.280001,21.299999,38600,20.145692
2014-10-07,20.280001,20.67,20.280001,20.610001,31100,19.493086
2014-10-06,20.66,20.66,20.049999,20.280001,34300,19.18097
2014-10-03,21.139999,21.34,20.34,20.549999,66200,19.436336
2014-10-02,19.969999,20.76,19.969999,20.74,28500,19.61604
2014-10-01,20.27,20.52,20.00,20.059999,41400,18.972891
2014-09-30,20.940001,20.969999,19.76,20.25,62300,19.152595
2014-09-29,21.35,21.35,20.709999,20.860001,72900,19.729538
2014-09-26,21.91,22.09,21.379999,21.76,52900,20.580764
2014-09-25,22.85,23.40,21.77,21.870001,43200,20.684803
2014-09-24,23.02,23.35,22.68,23.040001,18800,21.791398
2014-09-23,21.91,23.34,21.91,22.92,39600,21.6779
2014-09-22,22.129999,22.129999,21.799999,22.01,42200,20.817216
2014-09-19,21.860001,22.860001,21.83,22.35,52300,21.13879
2014-09-18,21.91,22.18,21.75,21.83,56600,20.64697
2014-09-17,22.17,22.440001,21.66,21.75,37500,20.571306
2014-09-16,22.389999,22.860001,22.139999,22.35,22700,21.13879
2014-09-15,23.030001,23.66,22.34,22.379999,23200,21.167163
2014-09-12,23.629999,23.790001,23.040001,23.129999,19600,21.876519
2014-09-11,23.77,23.93,23.26,23.67,35200,22.387256
2014-09-10,23.639999,23.639999,23.129999,23.32,12600,22.056223
2014-09-09,23.16,23.68,23.02,23.18,32000,21.92381
2014-09-08,23.459999,23.98,23.24,23.700001,40400,22.41563
2014-09-05,23.360001,23.620001,22.969999,23.51,16500,22.235927
2014-09-04,24.00,24.209999,23.15,23.459999,32800,22.188635
2014-09-03,24.33,24.700001,23.91,24.01,49600,22.70883
2014-09-02,24.33,24.610001,23.889999,24.110001,26200,22.803411
2014-08-29,23.709999,24.35,23.57,24.16,79100,22.850701
2014-08-28,23.370001,23.90,23.00,23.75,24400,22.46292
2014-08-27,23.940001,23.950001,23.549999,23.65,8300,22.368339
2014-08-26,24.00,24.00,23.76,23.879999,17400,22.585874
2014-08-25,23.93,24.00,23.59,23.99,31900,22.689914
2014-08-22,23.10,24.00,23.10,23.870001,25200,22.576418
2014-08-21,23.049999,23.450001,22.65,23.299999,22700,22.037306
2014-08-20,23.280001,23.50,23.07,23.139999,10600,21.885977
2014-08-19,24.02,24.02,23.200001,23.48,19100,22.207552
2014-08-18,23.48,24.200001,23.48,23.98,30400,22.680455
2014-08-15,24.27,24.27,22.469999,23.16,41300,21.904894
2014-08-14,23.309999,24.48,23.280001,23.91,35800,22.614249
2014-08-13,22.799999,23.50,22.799999,23.23,25200,21.9711
2014-08-12,22.57,23.110001,22.57,22.76,27500,21.422532
2014-08-11,22.32,23.10,21.98,22.73,18100,21.394294
2014-08-08,21.790001,22.360001,21.360001,22.27,20400,20.961327
2014-08-07,21.879999,22.07,21.50,21.690001,17300,20.41541
2014-08-06,21.629999,22.200001,21.629999,21.879999,19600,20.594243
2014-08-05,22.07,22.18,21.620001,21.860001,25200,20.57542
2014-08-04,22.870001,22.870001,21.85,22.07,39300,20.773079
2014-08-01,22.92,23.059999,22.719999,22.870001,20700,21.526069
2014-07-31,23.030001,23.24,22.50,22.82,32600,21.479006
2014-07-30,23.120001,23.50,22.85,23.41,98300,22.034335
2014-07-29,23.200001,23.389999,22.860001,22.940001,20100,21.591955
2014-07-28,23.139999,23.530001,23.139999,23.16,17200,21.799026
2014-07-25,23.370001,23.50,23.02,23.040001,23000,21.686079
2014-07-24,24.00,24.10,23.51,23.57,13800,22.184933
2014-07-23,23.700001,23.98,23.66,23.84,13000,22.439067
2014-07-22,23.67,23.75,23.42,23.700001,17400,22.307294
2014-07-21,23.49,23.75,23.450001,23.59,7800,22.203758
2014-07-18,22.969999,23.809999,22.969999,23.719999,24600,22.326118
2014-07-17,23.450001,23.84,22.74,23.030001,29300,21.676666
2014-07-16,23.860001,24.00,23.67,23.75,16600,22.354355
2014-07-15,23.57,23.92,23.299999,23.629999,23200,22.241406
2014-07-14,23.42,23.610001,23.26,23.469999,18200,22.090809
2014-07-11,23.18,23.299999,22.48,23.00,15300,21.648428
2014-07-10,22.83,23.360001,22.83,23.219999,20400,21.8555
2014-07-09,23.73,23.73,23.41,23.610001,15200,22.222583
2014-07-08,24.34,24.34,23.549999,23.559999,23500,22.17552
2014-07-07,24.52,24.58,24.07,24.110001,10600,22.693201
2014-07-03,24.18,24.67,24.01,24.540001,7000,23.097933
2014-07-02,24.66,24.66,23.969999,24.02,23600,22.60849
2014-07-01,23.969999,24.799999,23.969999,24.41,26900,22.975571
2014-06-30,24.17,24.17,23.76,23.99,34300,22.580252
2014-06-27,23.530001,24.41,23.51,24.10,42100,22.683788
2014-06-26,23.870001,24.00,23.50,23.780001,10600,22.382593
2014-06-25,23.77,24.00,23.540001,23.99,15500,22.580252
2014-06-24,24.77,24.77,23.959999,23.99,29400,22.580252
2014-06-23,24.200001,24.870001,24.049999,24.790001,19700,23.333242
2014-06-20,24.190001,24.299999,23.90,24.26,40600,22.834386
2014-06-19,24.07,24.42,23.73,24.110001,13800,22.693201
2014-06-18,24.459999,24.459999,23.969999,24.049999,14100,22.636726
2014-06-17,23.360001,24.24,23.360001,24.209999,12700,22.787323
2014-06-16,23.51,24.10,23.50,23.950001,17700,22.542603
2014-06-13,23.690001,24.00,23.34,23.629999,25000,22.241406
2014-06-12,23.790001,23.790001,23.290001,23.559999,11200,22.17552
2014-06-11,24.16,24.200001,23.43,23.73,21200,22.33553
2014-06-10,24.360001,24.75,23.969999,24.389999,10300,22.956746
2014-06-09,24.120001,24.65,24.08,24.559999,25700,23.116756
2014-06-06,24.120001,24.57,24.120001,24.32,22900,22.89086
2014-06-05,23.139999,24.120001,22.93,23.870001,27400,22.467305
2014-06-04,22.58,23.24,22.58,23.190001,37800,21.827264
2014-06-03,22.74,22.82,22.40,22.709999,25200,21.375469
2014-06-02,22.90,23.23,22.559999,22.959999,23000,21.610778
2014-05-30,23.690001,23.889999,22.82,23.00,30400,21.648428
2014-05-29,24.26,24.370001,23.48,23.620001,14500,22.231996
2014-05-28,23.799999,24.280001,23.67,24.08,29300,22.664963
2014-05-27,23.49,24.209999,23.10,23.950001,38700,22.542603
2014-05-23,21.700001,23.280001,21.48,23.219999,29600,21.8555
2014-05-22,21.50,21.90,21.50,21.809999,24600,20.528357
2014-05-21,21.76,22.00,21.110001,21.440001,34900,20.180101
2014-05-20,22.219999,22.379999,21.559999,21.719999,35300,20.443646
2014-05-19,22.23,22.40,21.84,22.35,41900,21.036625
2014-05-16,22.01,22.50,22.00,22.42,31100,21.102512
2014-05-15,22.09,22.299999,21.74,22.07,28600,20.773079
2014-05-14,23.48,23.700001,22.440001,22.49,40100,21.168398
2014-05-13,23.860001,23.92,23.110001,23.41,30900,22.034335
2014-05-12,23.290001,24.08,23.139999,23.92,35200,22.41083
2014-05-09,22.91,23.27,22.639999,23.09,28900,21.633196
2014-05-08,23.469999,23.85,23.02,23.049999,19900,21.595719
2014-05-07,22.860001,23.73,22.65,23.51,52100,22.026698
2014-05-06,23.309999,23.379999,22.940001,23.01,84400,21.558244
2014-05-05,24.379999,24.40,23.34,23.809999,72500,22.307769
2014-05-02,25.65,25.719999,24.67,24.790001,62400,23.22594
2014-05-01,25.459999,25.83,25.33,25.73,33800,24.106632
2014-04-30,25.639999,25.639999,25.07,25.459999,35500,23.853666
2014-04-29,26.129999,26.16,25.620001,25.66,17700,24.041049
2014-04-28,26.58,26.58,25.620001,25.90,26900,24.265906
2014-04-25,26.709999,26.709999,25.709999,26.299999,40000,24.640669
2014-04-24,27.24,27.24,26.389999,26.85,26100,25.155969
2014-04-23,27.309999,27.309999,26.780001,26.98,21100,25.277766
2014-04-22,26.91,27.52,26.700001,27.370001,19000,25.643162
2014-04-21,27.059999,27.07,26.559999,27.01,23400,25.305874
2014-04-17,26.50,27.00,26.469999,26.83,27300,25.137231
2014-04-16,26.530001,26.99,26.379999,26.66,25500,24.977956
2014-04-15,26.129999,26.629999,25.50,26.23,42200,24.575086
2014-04-14,24.860001,26.120001,24.629999,26.10,59300,24.453288
2014-04-11,25.93,26.15,24.629999,24.92,64700,23.347737
2014-04-10,26.780001,26.799999,26.00,26.07,35100,24.425181
2014-04-09,27.01,27.01,26.60,26.82,37300,25.127861
2014-04-08,27.049999,27.459999,26.50,27.040001,49000,25.333982
2014-04-07,26.889999,27.120001,26.280001,27.07,72400,25.362088
2014-04-04,28.719999,28.75,26.57,27.110001,70500,25.399565
2014-04-03,28.40,28.940001,28.18,28.41,56600,26.617544
2014-04-02,28.40,28.40,28.030001,28.26,44000,26.477009
2014-04-01,28.059999,28.67,28.059999,28.370001,60900,26.580069
2014-03-31,27.549999,28.200001,27.25,28.049999,67300,26.280257
2014-03-28,26.280001,27.40,26.280001,27.08,59800,25.371457
2014-03-27,26.34,26.40,26.02,26.059999,44500,24.415811
2014-03-26,26.540001,26.73,25.98,26.10,65100,24.453288
2014-03-25,27.49,27.49,26.42,26.50,38600,24.828051
2014-03-24,27.65,27.690001,26.950001,27.120001,52200,25.408935
2014-03-21,27.209999,27.67,27.120001,27.48,139400,25.74622
2014-03-20,26.49,27.290001,26.49,26.99,62500,25.287136
2014-03-19,26.58,27.00,26.27,26.50,33400,24.828051
2014-03-18,26.48,26.91,26.32,26.49,43200,24.818682
2014-03-17,26.469999,26.950001,25.370001,26.280001,78500,24.621932
2014-03-14,26.73,26.90,25.870001,26.00,58800,24.359597
2014-03-13,27.860001,27.860001,26.59,26.700001,59100,25.015433
2014-03-12,28.120001,28.120001,27.00,27.59,42700,25.849281
2014-03-11,28.85,28.85,27.82,28.190001,39900,26.411425
2014-03-10,29.75,29.91,27.860001,28.92,50500,27.095368
2014-03-07,29.52,29.790001,28.99,29.41,26000,27.554452
2014-03-06,29.209999,29.469999,28.75,29.24,31800,27.395178
2014-03-05,29.540001,29.540001,28.52,29.02,58600,27.189059
2014-03-04,28.24,29.57,28.00,29.41,118600,27.554452
2014-03-03,27.290001,28.77,27.290001,27.809999,84100,26.0554
2014-02-28,26.49,27.559999,26.49,27.309999,91600,25.586946
2014-02-27,26.059999,26.49,25.799999,26.469999,50100,24.799943
2014-02-26,26.120001,26.25,26.01,26.120001,31200,24.472027
2014-02-25,26.18,26.18,25.790001,25.99,47200,24.350228
2014-02-24,26.00,26.10,25.940001,25.959999,61600,24.32212
2014-02-21,26.219999,26.26,25.99,26.02,33800,24.378336
2014-02-20,25.41,26.15,25.07,26.049999,21000,24.406442
2014-02-19,25.65,25.65,25.200001,25.25,34100,23.656917
2014-02-18,24.60,25.85,24.51,25.629999,59200,24.012941
2014-02-14,24.690001,24.73,24.459999,24.610001,11100,23.057296
2014-02-13,23.870001,24.709999,23.49,24.65,21100,23.094772
2014-02-12,23.559999,24.15,23.50,24.01,28200,22.495151
2014-02-11,22.860001,23.59,22.85,23.52,33000,21.933008
2014-02-10,23.139999,23.139999,22.82,22.91,34000,21.364166
2014-02-07,22.91,23.190001,22.75,23.049999,56000,21.494719
2014-02-06,22.83,22.98,22.75,22.91,36900,21.364166
2014-02-05,22.77,23.08,22.52,22.82,30800,21.280239
2014-02-04,23.27,23.370001,22.26,22.83,60700,21.289564
2014-02-03,23.58,23.90,22.610001,22.99,51700,21.438768
2014-01-31,24.00,24.33,23.42,23.48,22200,21.895706
2014-01-30,23.98,24.93,23.299999,24.50,45300,22.846882
2014-01-29,24.50,24.52,23.040001,23.49,48700,21.905031
2014-01-28,23.870001,24.379999,23.700001,24.129999,30300,22.501847
2014-01-27,23.85,24.00,23.690001,23.73,27600,22.128837
2014-01-24,24.18,24.200001,23.51,23.700001,38900,22.100862
2014-01-23,24.450001,24.530001,24.00,24.440001,69800,22.790931
2014-01-22,24.50,24.73,24.139999,24.700001,45100,23.033388
2014-01-21,24.27,24.59,24.00,24.50,54500,22.846882
2014-01-17,24.07,24.379999,23.799999,24.200001,25600,22.567125
2014-01-16,23.75,24.290001,23.360001,24.16,16900,22.529824
2014-01-15,23.440001,24.41,23.440001,23.809999,20900,22.203439
2014-01-14,23.42,23.83,23.26,23.48,10500,21.895706
2014-01-13,23.85,23.90,23.280001,23.440001,12800,21.858406
2014-01-10,24.18,24.389999,23.700001,23.959999,38200,22.343318
2014-01-09,24.309999,24.48,23.75,24.110001,24900,22.483198
2014-01-08,24.049999,24.200001,23.85,24.16,17300,22.529824
2014-01-07,24.07,24.290001,23.33,24.129999,22200,22.501847
2014-01-06,24.43,24.719999,23.629999,24.040001,23600,22.417921
2014-01-03,24.200001,24.52,23.809999,24.24,19900,22.604426
2014-01-02,24.790001,24.790001,23.77,24.190001,11500,22.5578
2013-12-31,24.620001,24.879999,24.440001,24.780001,19900,23.10799
2013-12-30,24.65,24.65,24.16,24.639999,19500,22.977435
2013-12-27,24.76,24.76,24.450001,24.639999,9000,22.977435
2013-12-26,24.65,24.74,24.370001,24.629999,13500,22.96811
2013-12-24,24.629999,24.65,24.51,24.620001,10400,22.958786
2013-12-23,24.190001,24.620001,24.00,24.58,16100,22.921484
2013-12-20,24.059999,24.50,23.620001,24.00,111100,22.38062
2013-12-19,24.299999,24.299999,23.66,24.049999,25000,22.427245
2013-12-18,24.17,24.25,23.83,24.25,21500,22.613751
2013-12-17,24.299999,24.299999,23.76,24.059999,32100,22.436571
2013-12-16,24.33,24.52,24.01,24.290001,22400,22.651053
2013-12-13,23.790001,24.09,23.50,24.07,45400,22.445896
2013-12-12,23.459999,23.84,23.00,23.65,23400,22.054235
2013-12-11,23.629999,23.629999,23.200001,23.43,26900,21.84908
2013-12-10,23.26,23.57,23.25,23.50,17300,21.914357
2013-12-09,23.690001,23.799999,23.00,23.280001,27900,21.709202
2013-12-06,23.360001,23.74,23.00,23.469999,13700,21.88638
2013-12-05,22.98,23.23,22.60,23.10,11000,21.541347
2013-12-04,22.790001,23.139999,22.610001,22.92,16200,21.373492
2013-12-03,22.83,23.02,22.450001,22.959999,26700,21.410792
2013-12-02,23.41,23.41,22.700001,22.77,18400,21.233613
2013-11-29,23.00,23.49,22.91,23.23,16600,21.662574
2013-11-27,22.65,23.00,22.65,23.00,18500,21.448094
2013-11-26,22.030001,22.75,22.030001,22.690001,22400,21.159011
2013-11-25,21.91,22.219999,21.860001,22.129999,8300,20.636795
2013-11-22,21.84,22.18,21.65,21.99,18400,20.506242
2013-11-21,21.40,21.950001,21.40,21.90,14200,20.422315
2013-11-20,21.77,21.90,21.16,21.24,16000,19.806848
2013-11-19,22.10,22.23,21.450001,21.73,12700,20.263786
2013-11-18,21.120001,22.309999,21.09,22.16,29200,20.664772
2013-11-15,20.90,21.139999,20.799999,21.120001,18800,19.694946
2013-11-14,20.75,20.75,20.60,20.68,9100,19.284634
2013-11-13,19.700001,20.75,19.700001,20.74,32200,19.340585
2013-11-12,19.77,19.98,19.50,19.799999,18600,18.46401
2013-11-11,19.389999,19.809999,19.08,19.77,19000,18.436036
2013-11-08,18.700001,19.42,17.120001,19.33,23400,18.025724
2013-11-07,19.700001,19.700001,18.639999,18.799999,30200,17.531485
2013-11-06,19.66,19.82,19.360001,19.66,15200,18.333457
2013-11-05,19.33,19.82,19.10,19.57,15200,18.146952
2013-11-04,19.940001,19.940001,19.370001,19.459999,45800,18.04495
2013-11-01,19.780001,20.049999,19.74,19.83,34100,18.388046
2013-10-31,20.110001,20.15,19.809999,19.83,20100,18.388046
2013-10-30,19.709999,20.34,19.709999,20.110001,36900,18.647687
2013-10-29,19.65,19.65,19.459999,19.639999,40400,18.211862
2013-10-28,19.719999,19.75,19.51,19.66,10200,18.230408
2013-10-25,19.709999,19.75,19.450001,19.59,25500,18.165498
2013-10-24,19.209999,19.42,19.01,19.030001,11700,17.64622
2013-10-23,19.26,19.43,19.190001,19.25,16100,17.850222
2013-10-22,19.389999,19.389999,19.23,19.280001,19100,17.878041
2013-10-21,19.27,20.23,19.209999,19.360001,36100,17.952223
2013-10-18,19.299999,19.299999,19.10,19.27,17300,17.868768
2013-10-17,19.10,19.26,18.98,19.219999,15200,17.822402
2013-10-16,18.51,19.370001,18.51,19.18,24000,17.785312
2013-10-15,17.459999,18.469999,17.459999,18.43,19800,17.089849
2013-10-14,17.370001,17.469999,17.01,17.459999,25500,16.190382
2013-10-11,17.57,17.74,17.360001,17.540001,21700,16.264566
2013-10-10,17.040001,17.719999,17.040001,17.719999,31000,16.431476
2013-10-09,16.77,17.139999,16.77,16.82,21300,15.596921
2013-10-08,16.77,16.90,16.74,16.74,23000,15.522738
2013-10-07,16.90,17.02,16.66,16.690001,65500,15.476374
2013-10-04,17.030001,17.27,16.90,17.120001,14000,15.875107
2013-10-03,17.76,17.76,16.950001,17.08,35500,15.838015
2013-10-02,17.530001,18.030001,17.370001,17.84,21000,16.542751
2013-10-01,17.790001,17.950001,17.58,17.75,30400,16.459295
2013-09-30,17.65,18.07,17.65,17.77,50600,16.477841
2013-09-27,18.00,18.23,18.00,18.17,10100,16.848755
2013-09-26,17.790001,18.24,17.77,18.17,17900,16.848755
2013-09-25,17.24,17.98,17.200001,17.76,39100,16.468568
2013-09-24,17.10,17.40,16.99,17.309999,41200,16.05129
2013-09-23,16.92,17.200001,16.90,17.030001,51700,15.791651
2013-09-20,16.90,17.15,16.85,16.940001,109200,15.708196
2013-09-19,17.07,17.07,16.780001,16.84,34300,15.615467
2013-09-18,16.809999,17.07,16.809999,17.02,53900,15.782378
2013-09-17,16.889999,16.93,16.68,16.790001,61900,15.569103
2013-09-16,17.00,17.00,16.700001,16.889999,44100,15.66183
2013-09-13,16.84,17.01,16.75,16.82,30500,15.596921
2013-09-12,16.91,17.00,16.719999,16.790001,38800,15.569103
2013-09-11,16.950001,16.99,16.629999,16.93,35600,15.698922
2013-09-10,17.08,17.16,16.82,17.02,19700,15.782378
2013-09-09,16.99,17.059999,16.75,16.950001,38300,15.717469
2013-09-06,16.879999,16.879999,16.51,16.85,13900,15.62474
2013-09-05,16.99,16.99,16.83,16.879999,28900,15.652557
2013-09-04,16.99,17.00,16.860001,16.940001,28400,15.708196
2013-09-03,17.610001,17.889999,16.799999,16.950001,26300,15.717469
2013-08-30,17.77,18.02,17.389999,17.50,21800,16.227474
2013-08-29,17.23,17.860001,17.23,17.84,11800,16.542751
2013-08-28,16.950001,17.370001,16.799999,17.290001,14300,16.032745
2013-08-27,17.74,18.120001,17.15,17.23,16000,15.977107
2013-08-26,18.120001,18.120001,17.83,18.030001,3000,16.718935
2013-08-23,18.280001,18.440001,18.129999,18.35,17000,17.015666
2013-08-22,17.799999,18.27,17.799999,18.26,7800,16.93221
2013-08-21,17.870001,18.15,17.74,17.799999,13200,16.505659
2013-08-20,18.02,18.02,17.85,18.01,3600,16.700389
2013-08-19,18.41,18.50,17.690001,17.959999,16900,16.654024
2013-08-16,18.50,18.98,18.299999,18.40,11600,17.06203
2013-08-15,18.65,18.950001,18.48,18.60,13500,17.247487
2013-08-14,18.90,18.99,18.870001,18.889999,5300,17.516399
2013-08-13,18.66,18.969999,18.66,18.950001,7900,17.572037
2013-08-12,18.74,18.790001,18.639999,18.74,8300,17.377306
2013-08-09,18.799999,18.92,18.77,18.780001,4600,17.414399
2013-08-08,18.969999,19.00,18.719999,18.809999,11000,17.442216
2013-08-07,18.84,18.91,18.709999,18.76,5900,17.395853
2013-08-06,18.860001,19.10,18.40,18.959999,22200,17.479306
2013-08-05,19.16,19.190001,18.66,18.870001,11300,17.396337
2013-08-02,19.280001,19.280001,19.049999,19.200001,12200,17.700565
2013-08-01,19.370001,19.370001,19.200001,19.33,16400,17.820412
2013-07-31,19.120001,19.25,19.040001,19.16,14200,17.663688
2013-07-30,19.120001,19.120001,18.73,19.110001,15700,17.617593
2013-07-29,19.040001,19.17,18.879999,19.07,16600,17.580716
2013-07-26,19.27,19.51,18.98,19.25,20100,17.746659
2013-07-25,19.219999,19.50,19.219999,19.42,26600,17.903383
2013-07-24,19.43,19.43,19.15,19.299999,6100,17.792754
2013-07-23,19.299999,19.379999,19.26,19.280001,6100,17.774317
2013-07-22,19.42,19.540001,19.35,19.40,14100,17.884945
2013-07-19,19.549999,19.549999,19.16,19.459999,19500,17.940258
2013-07-18,19.540001,19.60,19.48,19.549999,18900,18.02323
2013-07-17,19.530001,19.59,19.309999,19.52,25800,17.995574
2013-07-16,19.75,19.75,19.33,19.459999,28500,17.940258
2013-07-15,19.43,19.75,19.43,19.74,20000,18.198392
2013-07-12,19.50,19.50,19.33,19.469999,16300,17.949478
2013-07-11,19.50,19.50,19.00,19.469999,58400,17.949478
2013-07-10,19.50,19.50,19.290001,19.459999,15900,17.940258
2013-07-09,19.50,19.50,19.26,19.48,11800,17.958697
2013-07-08,19.17,19.49,19.120001,19.360001,15600,17.848069
2013-07-05,19.02,19.200001,18.780001,19.18,7000,17.682126
2013-07-03,18.709999,18.75,18.50,18.639999,19100,17.184297
2013-07-02,18.99,19.01,18.52,18.76,45200,17.294926
2013-07-01,19.15,19.219999,18.700001,18.940001,44200,17.46087
2013-06-28,18.950001,19.24,18.90,19.040001,62200,17.55306
2013-06-27,18.719999,19.139999,18.469999,19.040001,14900,17.55306
2013-06-26,18.50,18.50,18.27,18.379999,17800,16.944602
2013-06-25,18.110001,18.469999,18.07,18.360001,12300,16.926165
2013-06-24,18.08,18.24,18.00,18.049999,16100,16.640373
2013-06-21,18.10,18.35,17.959999,18.34,54100,16.907727
2013-06-20,18.42,18.42,17.620001,18.00,29800,16.594279
2013-06-19,18.950001,19.17,18.799999,18.809999,7000,17.341021
2013-06-18,18.91,19.139999,18.90,18.99,10200,17.506964
2013-06-17,19.02,19.25,18.67,18.860001,21500,17.387117
2013-06-14,19.25,19.25,18.709999,18.74,7300,17.276488
2013-06-13,19.10,19.299999,18.780001,19.24,12500,17.73744
2013-06-12,19.209999,19.280001,19.00,19.040001,14400,17.55306
2013-06-11,19.120001,19.379999,19.049999,19.10,11200,17.608374
2013-06-10,19.48,19.59,19.40,19.57,6700,18.041669
2013-06-07,19.280001,19.610001,19.280001,19.50,6600,17.977136
2013-06-06,19.09,19.110001,18.809999,19.10,10000,17.608374
2013-06-05,19.52,19.52,19.00,19.02,13600,17.534622
2013-06-04,19.879999,19.90,19.33,19.49,25800,17.967916
2013-06-03,19.66,20.00,19.450001,19.870001,49700,18.318241
2013-05-31,19.709999,19.889999,19.32,19.860001,22500,18.309022
2013-05-30,19.459999,19.91,19.43,19.91,18900,18.355116
2013-05-29,19.50,19.940001,19.50,19.59,23700,18.060107
2013-05-28,19.719999,19.99,19.709999,19.870001,34600,18.318241
2013-05-24,19.25,19.67,19.25,19.57,20800,18.041669
2013-05-23,19.25,19.309999,18.809999,19.309999,15600,17.801973
2013-05-22,19.92,19.99,19.32,19.370001,12500,17.857289
2013-05-21,19.75,19.98,19.639999,19.90,14300,18.345897
2013-05-20,19.48,19.690001,19.459999,19.690001,19300,18.152298
2013-05-17,19.35,19.719999,19.139999,19.610001,29800,18.078546
2013-05-16,19.129999,19.41,19.01,19.309999,36900,17.801973
2013-05-15,19.09,19.24,18.950001,19.139999,25900,17.645249
2013-05-14,19.030001,19.09,18.799999,19.09,47200,17.599155
2013-05-13,18.91,19.24,18.91,19.049999,11200,17.562278
2013-05-10,19.059999,19.16,18.459999,19.15,8800,17.654469
2013-05-09,19.00,19.23,18.799999,18.959999,23600,17.479306
2013-05-08,18.530001,19.00,18.389999,18.99,16400,17.506964
2013-05-07,18.59,18.91,18.440001,18.76,9400,17.193517
2013-05-06,18.98,19.00,18.41,18.49,13400,16.946062
2013-05-03,18.790001,19.17,18.610001,18.92,9600,17.340157
2013-05-02,18.25,18.65,18.09,18.459999,21900,16.918567
2013-05-01,18.370001,18.40,17.82,18.120001,42100,16.606959
2013-04-30,18.379999,18.879999,18.370001,18.50,11400,16.955227
2013-04-29,18.200001,18.49,18.200001,18.370001,11700,16.836083
2013-04-26,18.17,18.49,17.889999,18.139999,27400,16.625287
2013-04-25,17.85,18.26,17.65,18.16,23000,16.643618
2013-04-24,17.60,17.92,17.59,17.73,9200,16.249523
2013-04-23,17.299999,17.790001,17.110001,17.639999,14800,16.167038
2013-04-22,17.42,17.540001,16.99,17.18,11000,15.745449
2013-04-19,16.91,17.59,16.91,17.26,24600,15.818769
2013-04-18,17.00,17.09,16.75,16.940001,27000,15.52549
2013-04-17,17.049999,17.33,16.75,17.030001,24300,15.607975
2013-04-16,17.459999,17.639999,17.030001,17.200001,43300,15.76378
2013-04-15,18.43,18.43,17.049999,17.34,47000,15.892089
2013-04-12,19.030001,19.09,18.440001,18.52,11400,16.973558
2013-04-11,19.709999,19.73,18.959999,19.059999,34100,17.468466
2013-04-10,19.110001,20.030001,18.940001,19.75,28300,18.100851
2013-04-09,18.77,19.15,18.67,19.01,14600,17.422642
2013-04-08,18.459999,18.77,18.42,18.68,20000,17.120197
2013-04-05,18.049999,18.450001,18.02,18.33,22100,16.799423
2013-04-04,18.49,18.629999,18.35,18.549999,19900,17.001052
2013-04-03,18.57,18.77,18.389999,18.540001,20700,16.991888
2013-04-02,19.299999,19.299999,18.40,18.530001,53600,16.982723
2013-04-01,19.469999,19.469999,18.879999,19.059999,25700,17.468466
2013-03-28,19.73,19.85,19.23,19.469999,53000,17.844231
2013-03-27,19.75,20.00,19.530001,19.58,27000,17.945046
2013-03-26,20.49,20.49,19.75,19.98,18100,18.311645
2013-03-25,20.629999,20.790001,19.879999,20.299999,21400,18.604925
2013-03-22,20.27,20.68,20.00,20.610001,16900,18.88904
2013-03-21,20.290001,20.459999,20.10,20.10,38000,18.421626
2013-03-20,20.940001,20.99,20.360001,20.41,17300,18.70574
2013-03-19,20.389999,21.00,20.33,20.870001,25500,19.12733
2013-03-18,20.34,20.49,19.83,20.209999,16000,18.52244
2013-03-15,20.18,20.809999,20.00,20.540001,78100,18.824886
2013-03-14,20.459999,20.51,19.870001,20.15,26200,18.46745
2013-03-13,20.280001,20.620001,20.030001,20.469999,8700,18.760729
2013-03-12,20.24,20.379999,20.16,20.32,20900,18.623255
2013-03-11,20.51,20.65,20.200001,20.360001,35600,18.659916
2013-03-08,20.290001,20.879999,20.01,20.690001,27800,18.96236
2013-03-07,19.559999,20.309999,19.549999,20.07,22700,18.39413
2013-03-06,19.26,19.629999,19.01,19.50,34500,17.871726
2013-03-05,19.25,19.719999,19.129999,19.24,25100,17.633436
2013-03-04,18.879999,19.25,18.82,19.25,27300,17.642602
2013-03-01,18.610001,19.08,18.610001,18.809999,20900,17.239342
2013-02-28,18.41,19.10,18.200001,18.90,24800,17.321827
2013-02-27,18.15,19.549999,17.98,18.41,13600,16.872742
2013-02-26,18.01,18.25,17.709999,18.040001,32900,16.533639
2013-02-25,18.34,18.65,17.870001,17.93,61200,16.432823
2013-02-22,18.43,18.73,17.940001,18.24,45300,16.716938
2013-02-21,18.32,18.32,17.82,18.190001,41100,16.671113
2013-02-20,19.10,19.190001,18.280001,18.35,62000,16.817753
2013-02-19,19.25,19.299999,18.98,19.139999,60500,17.541786
2013-02-15,19.540001,19.540001,19.17,19.309999,23600,17.697591
2013-02-14,19.469999,19.75,19.459999,19.52,40500,17.890057
2013-02-13,19.82,19.889999,19.50,19.60,71500,17.963376
2013-02-12,19.24,19.860001,19.129999,19.790001,32100,18.137512
2013-02-11,18.43,19.35,18.209999,19.27,43900,17.660932
2013-02-08,17.620001,18.50,17.60,18.440001,33600,16.900238
2013-02-07,17.799999,17.799999,17.60,17.700001,19900,16.222029
2013-02-06,17.50,17.950001,17.469999,17.85,67600,16.359504
2013-02-05,17.200001,17.75,17.059999,17.610001,70000,16.03873
2013-02-04,17.33,17.33,16.969999,17.18,40800,15.647096
2013-02-01,17.18,17.74,17.049999,17.48,109400,15.920328
2013-01-31,16.790001,17.049999,16.790001,17.01,47700,15.492265
2013-01-30,17.00,17.00,16.719999,16.799999,35200,15.301001
2013-01-29,16.889999,17.15,16.860001,17.08,57300,15.556019
2013-01-28,16.77,17.09,16.74,16.98,17000,15.464941
2013-01-25,17.200001,17.200001,16.75,17.00,18900,15.483157
2013-01-24,17.10,17.360001,17.10,17.200001,10800,15.665312
2013-01-23,17.360001,17.360001,16.93,17.129999,17900,15.601557
2013-01-22,16.969999,17.440001,16.969999,17.360001,21600,15.811036
2013-01-18,16.450001,17.24,16.40,17.01,37900,15.492265
2013-01-17,15.98,16.50,15.89,16.40,43500,14.936692
2013-01-16,15.71,15.93,15.71,15.85,90500,14.435767
2013-01-15,15.76,15.89,15.55,15.82,34000,14.408443
2013-01-14,16.059999,16.059999,15.78,15.94,13200,14.517736
2013-01-11,16.870001,16.870001,16.09,16.18,17900,14.736323
2013-01-10,17.25,17.25,16.549999,16.77,22100,15.273679
2013-01-09,17.209999,17.33,16.91,17.10,8900,15.574235
2013-01-08,17.209999,17.469999,16.91,17.10,30100,15.574235
2013-01-07,17.370001,17.57,17.23,17.27,23100,15.729066
2013-01-04,17.549999,17.60,17.299999,17.48,32600,15.920328
2013-01-03,17.52,17.73,17.17,17.43,17800,15.87479
2013-01-02,17.809999,17.809999,17.360001,17.530001,53800,15.965868
2012-12-31,16.969999,17.450001,16.780001,17.27,34900,15.729066
2012-12-28,16.85,17.190001,16.76,17.00,18900,15.483157
2012-12-27,17.049999,17.049999,16.76,16.90,11900,15.392079
2012-12-26,17.00,17.049999,16.83,16.969999,7800,15.455833
2012-12-24,16.91,17.00,16.889999,17.00,6900,15.483157
2012-12-21,17.00,17.00,16.60,16.99,87600,15.474049
2012-12-20,16.48,17.16,16.440001,17.02,35800,15.501373
2012-12-19,16.16,16.790001,15.97,16.51,23300,15.036878
2012-12-18,15.99,16.18,15.76,16.110001,33500,14.672569
2012-12-17,15.88,15.90,15.73,15.89,49700,14.472198
2012-12-14,15.64,15.95,15.52,15.79,23600,14.38112
2012-12-13,15.71,15.88,15.50,15.65,10000,14.253612
2012-12-12,15.99,15.99,15.59,15.60,18300,14.208074
2012-12-11,15.93,16.08,15.74,15.97,21400,14.54506
2012-12-10,15.76,15.86,15.52,15.75,30200,14.344689
2012-12-07,15.89,15.89,15.59,15.71,16300,14.308259
2012-12-06,15.61,16.01,15.54,15.75,9200,14.344689
2012-12-05,15.99,15.99,15.60,15.70,7400,14.299151
2012-12-04,16.120001,16.41,15.89,15.94,7300,14.517736
2012-12-03,16.24,16.370001,15.90,16.15,8900,14.708999
2012-11-30,16.16,16.219999,15.85,16.110001,31500,14.672569
2012-11-29,16.15,16.24,15.92,16.07,8000,14.636137
2012-11-28,16.10,16.110001,15.79,16.00,10100,14.572383
2012-11-27,16.49,16.559999,16.16,16.33,19000,14.872938
2012-11-26,16.299999,16.85,16.16,16.57,44300,15.091524
2012-11-23,15.70,16.43,15.70,16.43,18100,14.964016
2012-11-21,15.38,15.65,15.23,15.60,7400,14.208074
2012-11-20,15.32,15.32,15.01,15.23,5200,13.871087
2012-11-19,15.54,15.63,15.19,15.32,12500,13.953056
2012-11-16,14.84,15.37,14.84,15.29,27800,13.925733
2012-11-15,15.03,15.16,14.84,14.90,16400,13.570531
2012-11-14,15.19,15.21,14.89,15.01,16400,13.670717
2012-11-13,14.91,15.27,14.90,15.10,46000,13.752687
2012-11-12,15.01,15.46,14.99,15.00,10400,13.661609
2012-11-09,15.08,15.23,14.96,15.09,32700,13.743579
2012-11-08,15.68,15.98,15.12,15.13,29800,13.78001
2012-11-07,16.24,16.24,15.76,15.76,31300,14.353797
2012-11-06,16.50,16.84,16.49,16.559999,14800,14.982231
2012-11-05,16.299999,16.91,16.299999,16.379999,17900,14.81938
2012-11-02,16.85,16.85,15.94,16.35,33400,14.79224
2012-11-01,16.34,16.90,16.34,16.75,27000,15.154129
2012-10-31,16.139999,16.42,16.139999,16.280001,18300,14.728909
2012-10-26,15.00,16.40,15.00,16.40,53000,14.837475
2012-10-25,15.22,15.22,14.94,15.07,3100,13.634192
2012-10-24,15.18,15.25,15.06,15.09,4000,13.652287
2012-10-23,14.82,15.40,14.82,15.30,25500,13.842279
2012-10-22,14.77,15.06,14.76,15.01,7400,13.579909
2012-10-19,15.04,15.16,14.31,14.76,41200,13.353728
2012-10-18,16.41,16.450001,15.10,15.10,42500,13.661335
2012-10-17,16.120001,16.48,16.10,16.370001,43400,14.810335
2012-10-16,15.77,16.10,15.77,16.040001,19200,14.511776
2012-10-15,15.61,15.88,15.50,15.69,14600,14.195121
2012-10-12,15.81,15.96,15.59,15.59,9000,14.104649
2012-10-11,15.93,15.99,15.67,15.85,6800,14.339878
2012-10-10,15.64,15.70,15.52,15.70,8500,14.204169
2012-10-09,15.54,15.75,15.48,15.56,9200,14.077508
2012-10-08,15.78,15.78,15.18,15.57,20800,14.086554
2012-10-05,16.059999,16.18,15.86,15.93,12900,14.412256
2012-10-04,15.82,16.08,15.82,15.99,12200,14.466538
2012-10-03,16.139999,16.139999,15.61,15.69,23200,14.195121
2012-10-02,16.07,16.24,15.75,16.10,19600,14.566059
2012-10-01,16.030001,16.26,15.80,16.01,45400,14.484633
2012-09-28,16.00,16.08,15.76,15.95,47900,14.43035
2012-09-27,16.98,16.98,15.85,16.139999,46600,14.602247
2012-09-26,16.969999,17.110001,16.709999,16.879999,20100,15.271742
2012-09-25,18.00,18.00,16.92,16.950001,50900,15.335075
2012-09-24,17.440001,17.91,17.27,17.91,30000,16.203609
2012-09-21,17.15,17.66,17.040001,17.57,48000,15.896003
2012-09-20,16.75,16.950001,16.709999,16.799999,14900,15.199365
2012-09-19,17.08,17.23,16.66,16.93,13600,15.31698
2012-09-18,16.99,17.00,16.60,16.92,17300,15.307932
2012-09-17,16.950001,17.120001,16.74,17.049999,29600,15.425546
2012-09-14,17.059999,17.389999,16.83,16.98,34900,15.362215
2012-09-13,16.32,17.00,16.17,16.879999,29600,15.271742
2012-09-12,16.48,16.50,16.07,16.219999,15200,14.674625
2012-09-11,16.32,16.549999,16.17,16.35,15400,14.79224
2012-09-10,16.60,16.60,16.200001,16.23,15900,14.683672
2012-09-07,16.049999,16.790001,15.95,16.67,43900,15.081751
2012-09-06,14.89,16.049999,14.89,16.01,95700,14.484633
2012-09-05,15.00,15.00,14.74,14.92,30600,13.498484
2012-09-04,14.98,15.06,14.82,15.03,24300,13.598003
2012-08-31,15.17,15.17,14.90,14.92,17300,13.498484
2012-08-30,15.12,15.16,14.86,14.98,26800,13.552767
2012-08-29,15.14,15.34,15.11,15.21,15400,13.760854
2012-08-28,14.95,15.38,14.95,15.14,18300,13.697524
2012-08-27,15.30,15.30,14.76,15.01,17600,13.579909
2012-08-24,14.74,15.30,14.74,15.15,25600,13.70657
2012-08-23,15.00,15.07,14.79,14.82,5700,13.408011
2012-08-22,15.12,15.44,14.82,15.10,7200,13.661335
2012-08-21,15.30,15.50,15.00,15.19,35300,13.742759
2012-08-20,15.30,15.51,15.06,15.28,17300,13.824184
2012-08-17,15.19,15.47,15.00,15.44,20400,13.96894
2012-08-16,14.62,15.29,14.60,15.25,20800,13.797043
2012-08-15,14.39,14.66,14.39,14.59,55500,13.199925
2012-08-14,14.55,14.75,14.21,14.50,42600,13.1185
2012-08-13,14.34,14.50,13.92,14.39,25000,13.01898
2012-08-10,13.79,14.48,13.55,14.40,15600,13.028027
2012-08-09,13.61,13.90,13.46,13.79,28700,12.476146
2012-08-08,13.74,13.88,13.47,13.58,29100,12.286153
2012-08-07,13.60,14.14,13.55,13.75,51200,12.340437
2012-08-06,13.71,13.90,13.55,13.63,31500,12.232739
2012-08-03,13.93,14.09,13.51,13.65,47700,12.250688
2012-08-02,13.56,14.09,13.30,13.68,115000,12.277613
2012-08-01,14.00,14.11,13.57,13.61,41600,12.214789
2012-07-31,14.11,14.16,13.69,13.91,22300,12.484035
2012-07-30,14.45,14.60,14.01,14.10,14000,12.654558
2012-07-27,13.60,14.59,13.50,14.54,23800,13.049451
2012-07-26,13.94,13.95,13.30,13.57,44100,12.178889
2012-07-25,13.49,13.69,13.25,13.57,10200,12.178889
2012-07-24,13.96,13.96,13.21,13.32,24900,11.954518
2012-07-23,14.08,14.32,13.90,13.94,20200,12.510959
2012-07-20,15.35,15.35,14.47,14.47,19300,12.986627
2012-07-19,16.040001,16.040001,15.57,15.57,8700,13.973862
2012-07-18,16.00,16.07,15.88,15.99,22800,14.350806
2012-07-17,16.00,16.379999,15.89,16.01,16400,14.368756
2012-07-16,15.65,16.299999,15.42,15.85,50800,14.225159
2012-07-13,14.95,15.80,14.85,15.80,19200,14.180284
2012-07-12,15.32,15.32,14.76,14.83,65300,13.309722
2012-07-11,15.61,15.68,15.19,15.47,16800,13.884114
2012-07-10,15.53,15.78,15.41,15.51,34900,13.920013
2012-07-09,15.74,15.80,15.33,15.78,19600,14.162334
2012-07-06,15.57,15.80,15.43,15.72,37600,14.108485
2012-07-05,15.74,15.91,15.57,15.79,19700,14.171309
2012-07-03,15.97,15.98,15.46,15.98,22500,14.341831
2012-07-02,15.79,15.99,15.25,15.96,44100,14.323882
2012-06-29,15.68,15.94,14.97,15.72,68500,14.108485
2012-06-28,14.09,15.70,13.86,15.33,47500,13.758465
2012-06-27,13.46,14.37,13.25,14.33,32200,12.860979
2012-06-26,13.45,13.68,13.22,13.37,11100,11.999392
2012-06-25,13.45,13.70,13.23,13.25,11900,11.891694
2012-06-22,13.90,14.15,13.71,13.81,38300,12.394287
2012-06-21,13.98,14.22,13.70,13.72,11800,12.313513
2012-06-20,14.11,14.29,13.71,14.05,22700,12.609683
2012-06-19,13.66,14.23,13.58,14.09,25000,12.645583
2012-06-18,14.02,14.02,13.53,13.62,32500,12.223764
2012-06-15,13.90,14.27,13.78,14.14,52900,12.690457
2012-06-14,13.72,13.99,13.55,13.88,41800,12.45711
2012-06-13,13.57,14.00,13.57,13.65,23200,12.250688
2012-06-12,13.39,13.73,13.15,13.68,37000,12.277613
2012-06-11,14.44,14.44,13.29,13.39,39100,12.017342
2012-06-08,14.47,14.71,14.15,14.19,26200,12.735331
2012-06-07,14.97,14.98,14.27,14.53,40200,13.040476
2012-06-06,14.37,14.85,14.37,14.76,16700,13.246898
2012-06-05,13.99,14.53,13.99,14.18,16100,12.726356
2012-06-04,13.65,14.55,13.56,14.16,68500,12.708406
2012-06-01,13.59,13.98,13.44,13.44,29800,12.062216
2012-05-31,14.03,14.20,13.60,14.02,47300,12.582759
2012-05-30,14.19,14.35,13.89,13.97,21600,12.537884
2012-05-29,14.44,14.65,14.25,14.44,15500,12.959702
2012-05-25,14.02,14.50,14.02,14.21,25900,12.753281
2012-05-24,14.12,14.15,13.81,14.06,15200,12.618658
2012-05-23,13.95,14.41,13.95,14.07,25000,12.627632
2012-05-22,14.63,14.70,13.82,14.09,42000,12.645583
2012-05-21,14.33,14.85,14.32,14.69,21100,13.184074
2012-05-18,14.39,14.50,14.12,14.21,22200,12.753281
2012-05-17,14.25,14.64,14.25,14.47,37700,12.986627
2012-05-16,14.40,14.94,14.25,14.28,46800,12.816105
2012-05-15,14.59,15.09,14.22,14.30,22000,12.834055
2012-05-14,14.72,15.75,14.38,14.57,41000,13.076376
2012-05-11,15.13,15.25,14.84,14.98,22000,13.444345
2012-05-10,15.35,15.60,15.20,15.38,16400,13.80334
2012-05-09,14.95,15.54,14.90,15.16,26000,13.605893
2012-05-08,15.09,15.45,14.75,15.33,29100,13.659741
2012-05-07,15.23,15.71,15.23,15.30,21000,13.63301
2012-05-04,15.83,15.98,15.27,15.37,34400,13.695383
2012-05-03,16.01,16.17,15.46,15.91,20000,14.176548
2012-05-02,16.42,16.65,15.92,16.01,36000,14.265653
2012-05-01,17.01,17.50,16.549999,16.57,35300,14.764639
2012-04-30,16.950001,17.34,16.700001,17.059999,40000,15.201251
2012-04-27,16.450001,17.120001,16.40,17.120001,14400,15.254715
2012-04-26,16.219999,16.73,16.190001,16.35,29300,14.568609
2012-04-25,16.49,16.719999,16.200001,16.32,25200,14.541877
2012-04-24,16.440001,16.50,15.88,16.26,25200,14.488415
2012-04-23,16.780001,16.940001,16.27,16.440001,43900,14.648803
2012-04-20,17.58,18.00,17.16,17.23,25900,15.352729
2012-04-19,16.969999,17.57,16.85,17.24,28000,15.36164
2012-04-18,17.700001,17.870001,16.67,16.91,27500,15.067595
2012-04-17,17.629999,18.209999,17.629999,17.90,15700,15.94973
2012-04-16,17.120001,17.77,16.84,17.49,26800,15.584401
2012-04-13,17.02,17.299999,16.76,16.780001,36200,14.951759
2012-04-12,16.889999,17.35,16.77,17.139999,13000,15.272535
