Date,Open,High,Low,Close,Volume,Adj Close
2016-11-25,10.88,10.89,10.78,10.83,538500,10.83
2016-11-23,10.98,10.98,10.84,10.86,640400,10.86
2016-11-22,10.82,10.96,10.78,10.92,1299200,10.92
2016-11-21,10.82,10.84,10.78,10.80,823000,10.80
2016-11-18,10.86,10.86,10.75,10.79,522900,10.79
2016-11-17,10.84,10.88,10.78,10.80,600900,10.80
2016-11-16,10.85,10.86,10.82,10.83,666500,10.83
2016-11-15,10.83,10.85,10.78,10.80,468500,10.80
2016-11-14,10.84,10.84,10.77,10.78,657900,10.78
2016-11-11,10.79,10.83,10.75,10.79,732900,10.79
2016-11-10,10.84,10.86,10.72,10.79,539500,10.79
2016-11-09,10.72,10.87,10.62,10.80,582900,10.80
2016-11-08,10.80,10.89,10.79,10.82,305600,10.82
2016-11-07,10.89,10.89,10.76,10.81,434200,10.81
2016-11-04,10.76,10.87,10.76,10.82,391400,10.82
2016-11-03,10.79,10.83,10.75,10.79,249000,10.79
2016-11-02,10.83,10.84,10.74,10.79,350500,10.79
2016-11-01,10.73,10.90,10.65,10.76,588600,10.76
2016-10-31,10.46,10.55,10.39,10.53,217000,10.53
2016-10-28,10.47,10.49,10.36,10.42,207300,10.42
2016-10-27,10.56,10.58,10.39,10.40,236100,10.40
2016-10-26,10.71,10.80,10.55,10.59,179200,10.59
2016-10-25,10.69,10.83,10.65,10.76,377700,10.76
2016-10-24,10.71,10.84,10.71,10.83,429100,10.69
2016-10-21,10.72,10.72,10.63,10.71,269000,10.571551
2016-10-20,10.71,10.71,10.65,10.70,172800,10.56168
2016-10-19,10.70,10.70,10.59,10.68,291100,10.541939
2016-10-18,10.71,10.72,10.60,10.61,266500,10.472844
2016-10-17,10.61,10.68,10.56,10.68,337500,10.541939
2016-10-14,10.45,10.58,10.42,10.57,278900,10.433361
2016-10-13,10.33,10.50,10.25,10.49,266200,10.354395
2016-10-12,10.11,10.40,10.01,10.28,341900,10.14711
2016-10-11,10.08,10.08,9.97,10.05,252700,9.920083
2016-10-10,10.05,10.20,10.05,10.10,126200,9.969437
2016-10-07,10.11,10.12,9.96,10.05,273000,9.920083
2016-10-06,10.15,10.16,10.05,10.07,295300,9.939824
2016-10-05,10.10,10.21,10.10,10.11,246100,9.979307
2016-10-04,10.40,10.42,9.95,10.08,631600,9.949695
2016-10-03,10.43,10.45,10.35,10.39,215700,10.255688
2016-09-30,10.46,10.50,10.41,10.42,452300,10.2853
2016-09-29,10.50,10.50,10.36,10.46,228000,10.324783
2016-09-28,10.50,10.53,10.40,10.49,183900,10.354395
2016-09-27,10.60,10.61,10.50,10.53,225400,10.393878
2016-09-26,10.58,10.62,10.51,10.57,306400,10.433361
2016-09-23,10.76,10.76,10.69,10.70,455000,10.42349
2016-09-22,10.71,10.77,10.69,10.76,490000,10.48194
2016-09-21,10.67,10.73,10.60,10.71,321700,10.433232
2016-09-20,10.70,10.70,10.60,10.64,155200,10.365041
2016-09-19,10.59,10.70,10.53,10.58,242600,10.306591
2016-09-16,10.53,10.55,10.41,10.55,333900,10.277367
2016-09-15,10.50,10.56,10.48,10.52,146400,10.248142
2016-09-14,10.48,10.56,10.40,10.47,216000,10.199434
2016-09-13,10.43,10.54,10.41,10.44,193500,10.170209
2016-09-12,10.30,10.47,10.26,10.43,308300,10.160468
2016-09-09,10.57,10.57,10.33,10.37,436500,10.102018
2016-09-08,10.61,10.61,10.55,10.57,227500,10.29685
2016-09-07,10.59,10.62,10.52,10.60,315700,10.326075
2016-09-06,10.57,10.59,10.45,10.54,235200,10.267625
2016-09-02,10.45,10.60,10.44,10.57,194800,10.29685
2016-09-01,10.52,10.56,10.29,10.39,343500,10.121502
2016-08-31,10.55,10.58,10.40,10.49,303500,10.218917
2016-08-30,10.55,10.61,10.48,10.55,223100,10.277367
2016-08-29,10.50,10.60,10.43,10.51,232500,10.238401
2016-08-26,10.72,10.72,10.39,10.46,545800,10.189693
2016-08-25,10.65,10.78,10.64,10.70,311300,10.42349
2016-08-24,10.96,10.96,10.79,10.81,870000,10.394266
2016-08-23,10.90,11.00,10.90,10.95,612400,10.528881
2016-08-22,10.80,10.93,10.77,10.90,572200,10.480804
2016-08-19,10.85,10.85,10.76,10.80,385200,10.38465
2016-08-18,10.80,10.90,10.79,10.83,576100,10.413496
2016-08-17,10.80,10.80,10.69,10.78,288600,10.365419
2016-08-16,10.84,10.84,10.73,10.76,439900,10.346188
2016-08-15,10.85,10.90,10.81,10.82,355300,10.40388
2016-08-12,10.84,10.93,10.83,10.85,328500,10.432727
2016-08-11,10.89,10.93,10.83,10.87,360700,10.451958
2016-08-10,10.94,10.97,10.87,10.89,359200,10.471189
2016-08-09,10.97,11.00,10.92,10.93,347500,10.509651
2016-08-08,11.06,11.07,10.93,10.95,370200,10.528881
2016-08-05,10.99,11.16,10.99,11.07,359800,10.644266
2016-08-04,10.97,11.03,10.95,10.99,208100,10.567343
2016-08-03,10.93,11.00,10.87,10.97,410100,10.548112
2016-08-02,10.97,11.00,10.85,10.93,341700,10.509651
2016-08-01,11.05,11.05,10.80,10.97,348100,10.548112
2016-07-29,10.97,11.25,10.96,11.16,364800,10.730805
2016-07-28,10.70,11.10,10.30,10.95,777600,10.528881
2016-07-27,10.77,10.88,10.76,10.85,189100,10.432727
2016-07-26,10.85,10.86,10.76,10.83,235600,10.413496
2016-07-25,10.90,10.92,10.75,10.86,303400,10.442342
2016-07-22,10.98,11.05,10.93,11.04,366800,10.480804
2016-07-21,10.96,11.00,10.87,10.91,333400,10.357389
2016-07-20,10.90,10.99,10.84,10.98,322600,10.423843
2016-07-19,10.79,10.90,10.73,10.86,289100,10.309921
2016-07-18,10.74,10.79,10.68,10.77,249900,10.224481
2016-07-15,10.73,10.74,10.55,10.74,326900,10.196
2016-07-14,10.55,10.69,10.54,10.68,402900,10.139039
2016-07-13,10.50,10.55,10.44,10.48,216400,9.949169
2016-07-12,10.42,10.49,10.37,10.47,320700,9.939676
2016-07-11,10.28,10.40,10.20,10.37,269800,9.844741
2016-07-08,10.25,10.30,10.23,10.26,189600,9.740313
2016-07-07,10.30,10.30,10.16,10.25,166500,9.730819
2016-07-06,10.26,10.30,10.08,10.29,211100,9.768793
2016-07-05,10.30,10.30,10.15,10.21,216700,9.692845
2016-07-01,10.30,10.34,10.24,10.29,233500,9.768793
2016-06-30,10.35,10.35,10.27,10.29,350900,9.768793
2016-06-29,10.34,10.36,10.28,10.34,242000,9.816261
2016-06-28,10.20,10.42,10.15,10.29,254800,9.768793
2016-06-27,10.24,10.29,9.96,10.14,327200,9.626391
2016-06-24,10.10,10.45,9.95,10.34,728800,9.816261
2016-06-23,10.46,10.50,10.43,10.44,317900,9.778286
2016-06-22,10.50,10.52,10.42,10.44,159100,9.778286
2016-06-21,10.53,10.56,10.47,10.49,219400,9.825117
2016-06-20,10.47,10.53,10.46,10.51,288300,9.84385
2016-06-17,10.45,10.47,10.39,10.46,341600,9.797019
2016-06-16,10.38,10.45,10.31,10.44,157000,9.778286
2016-06-15,10.32,10.44,10.21,10.38,199100,9.72209
2016-06-14,10.40,10.45,10.30,10.37,154200,9.712723
2016-06-13,10.46,10.47,10.40,10.42,174400,9.759554
2016-06-10,10.50,10.50,10.40,10.45,253800,9.787653
2016-06-09,10.45,10.46,10.38,10.45,120600,9.787653
2016-06-08,10.40,10.46,10.39,10.43,162700,9.768921
2016-06-07,10.35,10.45,10.34,10.39,139400,9.731456
2016-06-06,10.37,10.47,10.37,10.42,186800,9.759554
2016-06-03,10.45,10.47,10.40,10.44,180200,9.778286
2016-06-02,10.38,10.46,10.33,10.43,156400,9.768921
2016-06-01,10.42,10.43,10.36,10.40,188100,9.740822
2016-05-31,10.40,10.40,10.25,10.38,200900,9.72209
2016-05-27,10.27,10.40,10.19,10.35,236600,9.693991
2016-05-26,10.31,10.35,10.19,10.19,231000,9.544132
2016-05-25,10.40,10.42,10.28,10.32,172500,9.665892
2016-05-24,10.35,10.49,10.25,10.43,184800,9.768921
2016-05-23,10.50,10.55,10.46,10.49,287500,9.693991
2016-05-20,10.37,10.50,10.32,10.47,179300,9.675509
2016-05-19,10.25,10.41,10.12,10.30,261200,9.518409
2016-05-18,10.57,10.62,10.25,10.36,404800,9.573855
2016-05-17,10.72,10.90,10.59,10.62,488500,9.814126
2016-05-16,10.48,10.76,10.48,10.74,417700,9.92502
2016-05-13,10.39,10.50,10.35,10.48,196700,9.684749
2016-05-12,10.33,10.50,10.31,10.40,179800,9.61082
2016-05-11,10.25,10.39,10.20,10.28,244000,9.499926
2016-05-10,10.05,10.25,10.05,10.25,228900,9.472203
2016-05-09,9.92,10.15,9.92,10.04,166900,9.278138
2016-05-06,9.70,9.97,9.70,9.90,249000,9.148761
2016-05-05,9.75,9.95,9.69,9.71,223300,8.973179
2016-05-04,9.43,9.82,9.39,9.73,175100,8.991661
2016-05-03,9.60,9.60,9.32,9.52,268900,8.797597
2016-05-02,9.71,9.80,9.59,9.61,251000,8.880767
2016-04-29,9.41,9.87,9.41,9.68,289500,8.945456
2016-04-28,9.94,9.98,9.26,9.37,1173200,8.658979
2016-04-27,10.45,10.54,10.40,10.41,187100,9.620061
2016-04-26,10.45,10.54,10.40,10.48,135400,9.684749
2016-04-25,10.57,10.57,10.37,10.41,197900,9.620061
2016-04-22,10.69,10.69,10.46,10.62,231900,9.814126
2016-04-21,10.88,10.92,10.77,10.81,351700,9.860332
2016-04-20,10.70,10.94,10.60,10.85,370300,9.896818
2016-04-19,10.60,10.70,10.57,10.65,193600,9.714388
2016-04-18,10.60,10.61,10.35,10.59,314000,9.659659
2016-04-15,10.60,10.68,10.45,10.60,387500,9.668781
2016-04-14,10.83,10.85,10.49,10.64,654000,9.705267
2016-04-13,10.74,10.89,10.71,10.87,269200,9.915061
2016-04-12,10.70,10.75,10.68,10.72,149000,9.778239
2016-04-11,10.56,10.70,10.53,10.69,264400,9.750874
2016-04-08,10.56,10.65,10.54,10.55,144300,9.623174
2016-04-07,10.57,10.62,10.48,10.51,135100,9.586688
2016-04-06,10.44,10.60,10.36,10.57,206900,9.641416
2016-04-05,10.41,10.47,10.27,10.43,157800,9.513716
2016-04-04,10.41,10.48,10.31,10.35,177200,9.440744
2016-04-01,10.37,10.39,10.27,10.39,122200,9.47723
2016-03-31,10.19,10.38,10.15,10.37,379300,9.458986
2016-03-30,10.32,10.39,10.22,10.26,114800,9.35865
2016-03-29,10.19,10.35,10.08,10.33,188900,9.4225
2016-03-28,10.35,10.35,10.07,10.18,139400,9.285678
2016-03-24,10.16,10.34,10.00,10.32,136700,9.413379
2016-03-23,10.52,10.52,10.20,10.21,281200,9.313043
2016-03-22,10.58,10.70,10.48,10.68,364700,9.614052
2016-03-21,10.48,10.58,10.42,10.56,244300,9.506029
2016-03-18,10.33,10.46,10.25,10.41,406800,9.371
2016-03-17,10.08,10.34,10.05,10.25,396100,9.226969
2016-03-16,9.75,10.07,9.73,10.02,134400,9.019926
2016-03-15,10.14,10.14,9.76,9.79,233000,8.812881
2016-03-14,10.00,10.19,9.93,10.16,210200,9.145952
2016-03-11,9.88,10.00,9.78,10.00,203200,9.001921
2016-03-10,9.90,9.90,9.66,9.78,117200,8.803879
2016-03-09,9.78,9.95,9.73,9.80,100000,8.821883
2016-03-08,9.94,10.00,9.75,9.76,187000,8.785876
2016-03-07,9.65,9.99,9.65,9.98,244100,8.983917
2016-03-04,9.87,9.87,9.65,9.72,186900,8.749868
2016-03-03,9.75,9.88,9.67,9.87,234700,8.884896
2016-03-02,9.64,9.75,9.60,9.63,142900,8.66885
2016-03-01,9.72,9.75,9.61,9.66,140900,8.695856
2016-02-29,9.61,9.79,9.53,9.62,296400,8.659848
2016-02-26,9.53,9.75,9.50,9.52,132700,8.56983
2016-02-25,9.35,9.57,9.31,9.53,218600,8.578831
2016-02-24,9.06,9.40,9.00,9.35,149200,8.416797
2016-02-23,9.48,9.51,9.23,9.25,169200,8.326777
2016-02-22,9.50,9.60,9.42,9.51,179500,8.560827
2016-02-19,9.53,9.68,9.51,9.62,247100,8.533821
2016-02-18,9.68,9.68,9.50,9.53,198900,8.453983
2016-02-17,9.42,9.64,9.42,9.62,300200,8.533821
2016-02-16,9.19,9.44,9.12,9.42,349100,8.356403
2016-02-12,9.17,9.19,8.95,9.14,203800,8.108018
2016-02-11,8.83,8.95,8.67,8.88,156900,7.877374
2016-02-10,8.88,9.09,8.87,8.88,98500,7.877374
2016-02-09,9.06,9.09,8.80,8.89,171500,7.886245
2016-02-08,8.81,9.18,8.81,9.17,174400,8.13463
2016-02-05,9.00,9.13,8.92,8.94,141300,7.930599
2016-02-04,9.06,9.22,9.03,9.05,109700,8.028179
2016-02-03,9.06,9.17,8.95,9.03,161000,8.010437
2016-02-02,8.84,8.99,8.71,8.94,139300,7.930599
2016-02-01,8.77,9.04,8.75,8.90,177000,7.895115
2016-01-29,8.61,8.95,8.60,8.88,257800,7.877374
2016-01-28,8.37,8.63,8.37,8.47,185100,7.513666
2016-01-27,8.33,8.59,8.33,8.37,166300,7.424957
2016-01-26,8.27,8.48,8.16,8.40,242800,7.451569
2016-01-25,8.70,8.71,8.22,8.23,294800,7.300764
2016-01-22,8.56,8.87,8.49,8.74,198600,7.753181
2016-01-21,8.45,8.70,8.32,8.63,387000,7.531408
2016-01-20,8.22,8.59,7.50,8.46,804700,7.383049
2016-01-19,8.76,8.84,8.29,8.35,376600,7.287052
2016-01-15,8.90,8.95,8.39,8.71,484900,7.601224
2016-01-14,8.85,9.03,8.63,8.96,350600,7.819399
2016-01-13,9.07,9.21,8.82,8.86,422900,7.732129
2016-01-12,9.65,9.65,8.94,9.07,701600,7.915396
2016-01-11,9.77,9.87,9.60,9.61,190200,8.386654
2016-01-08,9.95,9.99,9.76,9.77,195500,8.526287
2016-01-07,10.11,10.21,9.90,9.90,354600,8.639738
2016-01-06,10.00,10.29,9.94,10.25,353500,8.945183
2016-01-05,9.87,10.08,9.82,10.03,188600,8.753189
2016-01-04,9.85,9.92,9.69,9.91,321700,8.648465
2015-12-31,9.90,10.10,9.84,9.93,358900,8.665919
2015-12-30,9.84,9.99,9.79,9.89,425500,8.631011
2015-12-29,9.75,9.87,9.70,9.84,336800,8.587376
2015-12-28,9.72,9.79,9.56,9.75,333700,8.508833
2015-12-24,9.75,9.79,9.68,9.76,139300,8.51756
2015-12-23,9.67,9.75,9.50,9.69,334200,8.45647
2015-12-22,9.48,9.70,9.35,9.67,562100,8.439017
2015-12-21,9.60,9.65,9.36,9.62,467400,8.273203
2015-12-18,9.50,9.58,9.40,9.58,453600,8.238803
2015-12-17,9.31,9.58,9.23,9.50,512500,8.170004
2015-12-16,8.94,9.30,8.80,9.25,420700,7.955003
2015-12-15,8.43,8.84,8.42,8.80,364600,7.568003
2015-12-14,9.02,9.06,8.30,8.40,717200,7.224003
2015-12-11,9.09,9.15,8.97,9.02,353800,7.757204
2015-12-10,9.10,9.29,9.09,9.17,162900,7.886203
2015-12-09,9.10,9.24,9.09,9.11,115100,7.834603
2015-12-08,9.00,9.14,9.00,9.09,131700,7.817404
2015-12-07,9.22,9.31,9.05,9.07,197200,7.800203
2015-12-04,9.11,9.39,9.11,9.26,249800,7.963604
2015-12-03,9.23,9.29,9.10,9.10,227900,7.826004
2015-12-02,9.59,9.62,9.24,9.25,350200,7.955003
2015-12-01,9.65,9.69,9.56,9.61,187900,8.264603
2015-11-30,9.48,9.65,9.48,9.57,371400,8.230203
2015-11-27,9.36,9.59,9.28,9.53,226900,8.195803
2015-11-25,9.21,9.30,9.17,9.29,205400,7.989403
2015-11-24,9.16,9.28,9.12,9.23,186300,7.937803
2015-11-23,9.00,9.27,8.99,9.17,228200,7.886203
2015-11-20,9.13,9.23,9.00,9.05,276800,7.783004
2015-11-19,9.25,9.40,9.22,9.26,341500,7.843204
2015-11-18,9.19,9.34,9.15,9.31,338900,7.885554
2015-11-17,9.30,9.34,9.15,9.17,276100,7.766974
2015-11-16,9.19,9.30,9.11,9.28,337300,7.860143
2015-11-13,9.02,9.19,8.99,9.17,197400,7.766974
2015-11-12,9.00,9.04,8.88,9.00,185200,7.622984
2015-11-11,8.82,9.05,8.82,9.01,183500,7.631454
2015-11-10,8.86,9.00,8.77,8.79,306600,7.445114
2015-11-09,9.05,9.09,8.82,8.85,379200,7.495935
2015-11-06,9.06,9.22,8.90,9.12,352400,7.724624
2015-11-05,9.24,9.29,8.96,9.12,371100,7.724624
2015-11-04,9.15,9.34,9.08,9.24,351700,7.826263
2015-11-03,8.96,9.31,8.95,9.15,384000,7.750033
2015-11-02,8.90,9.16,8.86,8.96,440600,7.589104
2015-10-30,8.80,9.32,8.80,8.88,1256600,7.521344
2015-10-29,9.85,9.90,9.33,9.39,525200,7.953314
2015-10-28,9.51,9.91,9.51,9.91,340100,8.393752
2015-10-27,9.81,9.84,9.41,9.48,440700,8.029543
2015-10-26,10.12,10.14,9.79,9.82,288100,8.317522
2015-10-23,10.15,10.15,10.03,10.13,159500,8.580092
2015-10-22,9.76,10.15,9.72,10.12,582100,8.571622
2015-10-21,9.96,10.09,9.82,9.90,507500,8.266702
2015-10-20,9.82,9.95,9.75,9.89,249100,8.258352
2015-10-19,9.81,9.95,9.75,9.79,193700,8.17485
2015-10-16,9.94,9.94,9.66,9.80,227900,8.1832
2015-10-15,9.77,9.89,9.55,9.89,223900,8.258352
2015-10-14,9.60,9.83,9.50,9.70,254600,8.099698
2015-10-13,9.74,9.83,9.61,9.63,205400,8.041247
2015-10-12,9.50,9.77,9.44,9.74,325100,8.133099
2015-10-09,10.16,10.16,9.51,9.54,589700,7.966095
2015-10-08,10.02,10.21,9.96,10.16,285900,8.483807
2015-10-07,9.90,10.00,9.82,10.00,303600,8.350204
2015-10-06,9.72,9.97,9.72,9.86,368700,8.233301
2015-10-05,9.29,9.75,9.29,9.72,385200,8.116399
2015-10-02,9.14,9.28,9.14,9.27,179900,7.74064
2015-10-01,9.28,9.29,9.10,9.22,186200,7.698889
2015-09-30,9.14,9.27,8.99,9.25,460300,7.723939
2015-09-29,9.32,9.40,9.05,9.10,318600,7.598686
2015-09-28,9.52,9.56,9.20,9.36,499600,7.815791
2015-09-25,9.80,9.86,9.56,9.56,227100,7.982796
2015-09-24,9.62,9.89,9.60,9.83,208100,8.208251
2015-09-23,9.63,9.88,9.60,9.66,229100,8.066297
2015-09-22,9.80,9.95,9.77,9.85,369100,8.108049
2015-09-21,10.10,10.10,9.76,9.84,385900,8.099817
2015-09-18,9.60,10.05,9.56,10.04,721100,8.264447
2015-09-17,9.37,9.76,9.28,9.66,463900,7.951649
2015-09-16,9.25,9.40,9.23,9.36,417000,7.704704
2015-09-15,9.10,9.23,9.08,9.23,223700,7.597694
2015-09-14,9.02,9.23,9.02,9.08,127200,7.474221
2015-09-11,8.96,9.07,8.93,9.07,160200,7.46599
2015-09-10,9.00,9.04,8.87,8.96,237000,7.375443
2015-09-09,9.10,9.10,8.97,8.99,249100,7.400137
2015-09-08,9.01,9.02,8.93,8.96,195300,7.375443
2015-09-04,8.96,8.98,8.84,8.92,211400,7.342517
2015-09-03,9.14,9.17,8.99,9.00,266300,7.408369
2015-09-02,9.16,9.24,9.06,9.15,342900,7.531842
2015-09-01,9.00,9.13,8.96,9.04,376500,7.441295
2015-08-31,9.01,9.09,8.90,9.09,230900,7.482453
2015-08-28,9.04,9.19,8.89,9.01,368700,7.416601
2015-08-27,8.80,9.23,8.79,9.05,574300,7.449527
2015-08-26,8.76,8.80,8.61,8.79,317600,7.235507
2015-08-25,8.75,8.77,8.60,8.63,437800,7.103803
2015-08-24,8.03,8.59,7.13,8.36,944400,6.881551
2015-08-21,9.01,9.16,8.80,8.85,619800,7.169656
2015-08-20,9.10,9.30,9.04,9.10,454100,7.372188
2015-08-19,9.40,9.49,8.90,9.14,670400,7.404593
2015-08-18,9.25,9.36,9.00,9.35,859100,7.574721
2015-08-17,9.38,9.39,9.05,9.27,597200,7.50991
2015-08-14,9.42,9.50,9.20,9.39,635600,7.607126
2015-08-13,9.04,9.43,9.04,9.29,749200,7.526113
2015-08-12,8.76,9.05,8.76,9.05,680000,7.331682
2015-08-11,8.49,8.82,8.43,8.80,458100,7.129149
2015-08-10,8.55,8.56,8.40,8.50,624200,6.88611
2015-08-07,8.41,8.49,8.38,8.41,614300,6.813198
2015-08-06,8.20,8.54,8.20,8.43,511500,6.829401
2015-08-05,8.27,8.30,8.20,8.24,298600,6.675475
2015-08-04,8.32,8.41,8.20,8.22,351000,6.659273
2015-08-03,8.61,8.73,8.20,8.30,694000,6.724084
2015-07-31,8.65,8.85,8.56,8.62,1158000,6.983325
2015-07-30,7.96,8.67,7.96,8.63,841400,6.991427
2015-07-29,8.42,8.44,8.10,8.26,467500,6.691678
2015-07-28,8.21,8.54,8.21,8.32,558500,6.740286
2015-07-27,7.75,8.26,7.75,8.22,743800,6.659273
2015-07-24,8.25,8.39,7.76,7.77,1013900,6.294714
2015-07-23,8.46,8.65,8.18,8.26,1075700,6.691678
2015-07-22,8.62,8.70,8.58,8.65,455800,6.89421
2015-07-21,8.86,8.90,8.55,8.62,612300,6.8703
2015-07-20,8.62,8.90,8.62,8.85,641000,7.053615
2015-07-17,8.66,8.72,8.57,8.62,576100,6.8703
2015-07-16,8.70,8.86,8.60,8.66,625200,6.902181
2015-07-15,8.79,9.08,8.69,8.73,883200,6.957972
2015-07-14,8.81,8.97,8.51,8.84,1041800,7.045644
2015-07-13,9.50,9.50,8.45,8.76,3259400,6.981883
2015-07-10,11.33,11.45,9.33,9.50,3210800,7.571677
2015-07-09,11.56,11.63,11.45,11.48,319800,9.149773
2015-07-08,11.53,11.60,11.43,11.49,411100,9.157743
2015-07-07,11.34,11.53,11.33,11.51,421800,9.173684
2015-07-06,11.15,11.38,11.11,11.33,328400,9.030221
2015-07-02,11.20,11.37,11.18,11.20,379900,8.926608
2015-07-01,11.23,11.26,11.12,11.15,389400,8.886757
2015-06-30,11.31,11.48,11.09,11.21,853000,8.934578
2015-06-29,11.70,11.84,11.01,11.30,1786000,9.00631
2015-06-26,12.65,12.75,12.04,12.18,2183500,9.707687
2015-06-25,12.80,12.81,12.55,12.68,601100,10.106196
2015-06-24,12.94,13.00,12.80,12.81,326600,10.209808
2015-06-23,12.76,13.04,12.75,12.93,397800,10.305451
2015-06-22,13.11,13.12,12.51,12.75,839700,10.161987
2015-06-19,13.14,13.15,13.09,13.10,650800,10.440944
2015-06-18,13.10,13.23,13.09,13.14,432100,10.472825
2015-06-17,13.45,13.46,13.24,13.28,700300,10.440943
2015-06-16,13.40,13.52,13.40,13.44,329000,10.566737
2015-06-15,13.40,13.41,13.35,13.39,389800,10.527427
2015-06-12,13.50,13.51,13.35,13.40,242900,10.535289
2015-06-11,13.58,13.60,13.43,13.50,304500,10.613911
2015-06-10,13.50,13.61,13.47,13.58,226100,10.676808
2015-06-09,13.22,13.55,13.22,13.45,252200,10.5746
2015-06-08,13.30,13.35,13.04,13.19,628200,10.370183
2015-06-05,13.45,13.45,13.35,13.35,335300,10.495979
2015-06-04,13.53,13.55,13.41,13.46,418700,10.582462
2015-06-03,13.64,13.64,13.48,13.53,472700,10.637497
2015-06-02,13.67,13.67,13.63,13.63,294200,10.716119
2015-06-01,13.65,13.69,13.62,13.67,413700,10.747567
2015-05-29,13.71,13.73,13.63,13.64,338400,10.723981
2015-05-28,13.70,13.72,13.68,13.71,303900,10.779016
2015-05-27,13.62,13.73,13.60,13.70,429000,10.771154
2015-05-26,13.74,13.80,13.55,13.59,685100,10.68467
2015-05-22,13.89,13.91,13.80,13.81,164300,10.857638
2015-05-21,13.83,14.00,13.82,13.89,565700,10.920535
2015-05-20,14.06,14.12,14.01,14.09,412700,10.936259
2015-05-19,14.14,14.16,14.05,14.06,327300,10.912974
2015-05-18,14.12,14.15,14.02,14.14,386900,10.975068
2015-05-15,14.10,14.13,14.04,14.12,303500,10.959544
2015-05-14,14.16,14.20,14.09,14.09,362400,10.936259
2015-05-13,14.25,14.25,14.14,14.16,293400,10.990591
2015-05-12,14.09,14.22,14.02,14.22,417000,11.037162
2015-05-11,13.91,14.07,13.87,14.07,255000,10.920735
2015-05-08,13.75,13.90,13.67,13.90,241300,10.788786
2015-05-07,13.60,13.71,13.51,13.66,338100,10.602505
2015-05-06,13.69,13.69,13.55,13.60,337900,10.555935
2015-05-05,13.76,13.78,13.64,13.70,215600,10.633552
2015-05-04,13.80,13.81,13.74,13.76,274400,10.680123
2015-05-01,13.85,13.90,13.77,13.79,320400,10.703407
2015-04-30,13.95,13.98,13.74,13.81,328600,10.718931
2015-04-29,13.91,14.00,13.80,13.98,228000,10.85088
2015-04-28,13.75,13.99,13.60,13.96,470000,10.835357
2015-04-27,13.99,14.01,13.90,13.92,198300,10.80431
2015-04-24,14.11,14.11,13.95,14.01,208100,10.874165
2015-04-23,13.99,14.09,13.93,14.08,309800,10.928497
2015-04-22,14.08,14.18,14.05,14.16,410500,10.85088
2015-04-21,14.15,14.15,14.00,14.03,263100,10.75126
2015-04-20,14.05,14.12,14.01,14.12,369000,10.820228
2015-04-17,14.01,14.02,13.95,14.01,234400,10.735934
2015-04-16,14.02,14.05,13.93,14.02,248700,10.743598
2015-04-15,14.00,14.03,13.92,13.96,249800,10.697619
2015-04-14,13.96,14.00,13.91,14.00,212200,10.728271
2015-04-13,13.95,13.97,13.90,13.96,223600,10.697619
2015-04-10,13.81,13.93,13.76,13.91,304300,10.659304
2015-04-09,13.85,13.85,13.70,13.81,230600,10.582674
2015-04-08,13.80,13.80,13.67,13.79,238400,10.567347
2015-04-07,13.60,13.75,13.54,13.72,307900,10.513706
2015-04-06,13.46,13.59,13.45,13.57,221700,10.39876
2015-04-02,13.43,13.46,13.37,13.46,112300,10.314467
2015-04-01,13.29,13.41,13.21,13.40,246400,10.268488
2015-03-31,13.22,13.30,13.21,13.24,373000,10.145879
2015-03-30,13.25,13.29,13.20,13.22,218300,10.130553
2015-03-27,13.27,13.29,13.17,13.19,265000,10.107564
2015-03-26,13.46,13.47,13.25,13.27,326700,10.168869
2015-03-25,13.50,13.61,13.44,13.46,308700,10.314467
2015-03-24,13.73,13.76,13.66,13.66,330700,10.329793
2015-03-23,13.69,13.77,13.68,13.73,469500,10.382727
2015-03-20,13.60,13.72,13.55,13.68,372900,10.344918
2015-03-19,13.66,13.68,13.58,13.60,277100,10.284421
2015-03-18,13.60,13.70,13.58,13.67,313700,10.337355
2015-03-17,13.64,13.65,13.56,13.63,177600,10.307107
2015-03-16,13.65,13.68,13.60,13.64,205000,10.314669
2015-03-13,13.76,13.77,13.64,13.65,199100,10.322231
2015-03-12,13.77,13.78,13.73,13.75,124300,10.397852
2015-03-11,13.86,13.90,13.75,13.78,165900,10.420538
2015-03-10,13.73,13.83,13.73,13.81,114200,10.443225
2015-03-09,13.77,13.81,13.75,13.80,157500,10.435662
2015-03-06,13.75,13.75,13.68,13.71,121100,10.367604
2015-03-05,13.75,13.85,13.70,13.75,211700,10.397852
2015-03-04,13.60,13.75,13.60,13.71,109800,10.367604
2015-03-03,13.82,13.82,13.51,13.63,180900,10.307107
2015-03-02,13.90,13.90,13.72,13.82,348400,10.450786
2015-02-27,13.90,13.90,13.82,13.90,160200,10.511283
2015-02-26,13.61,13.84,13.60,13.84,163200,10.465911
2015-02-25,13.25,13.74,13.25,13.66,310500,10.329793
2015-02-24,13.89,13.90,13.05,13.29,774400,10.049996
2015-02-23,14.05,14.10,13.90,13.93,223800,10.533969
2015-02-20,14.13,14.25,14.07,14.21,319300,10.60959
2015-02-19,14.15,14.25,14.10,14.21,289500,10.60959
2015-02-18,14.05,14.09,13.96,14.09,237600,10.519994
2015-02-17,14.00,14.14,13.99,14.00,275100,10.452798
2015-02-13,13.72,13.99,13.70,13.98,317500,10.437865
2015-02-12,13.67,13.72,13.63,13.68,124400,10.213877
2015-02-11,13.53,13.66,13.51,13.63,163100,10.176545
2015-02-10,13.60,13.65,13.42,13.52,131500,10.094416
2015-02-09,13.39,13.67,13.37,13.56,241900,10.124281
2015-02-06,13.27,13.43,13.25,13.41,165300,10.012287
2015-02-05,13.17,13.32,13.17,13.27,213000,9.907759
2015-02-04,13.23,13.23,13.15,13.17,137500,9.833096
2015-02-03,13.16,13.27,13.13,13.19,249300,9.848028
2015-02-02,13.01,13.17,13.01,13.08,159500,9.765899
2015-01-30,13.17,13.17,13.00,13.00,175300,9.706169
2015-01-29,13.15,13.18,13.00,13.17,134200,9.833096
2015-01-28,13.20,13.23,13.02,13.13,257500,9.803231
2015-01-27,13.05,13.20,13.05,13.18,137700,9.840563
2015-01-26,12.95,13.10,12.90,13.10,140700,9.780832
2015-01-23,13.02,13.13,12.95,12.96,192900,9.676304
2015-01-22,13.27,13.34,12.96,13.14,219100,9.810697
2015-01-21,13.32,13.43,13.29,13.32,318300,9.810697
2015-01-20,13.33,13.42,13.25,13.32,241400,9.810697
2015-01-16,13.03,13.25,13.03,13.23,155300,9.744408
2015-01-15,12.90,13.06,12.85,13.01,180400,9.58237
2015-01-14,12.95,12.99,12.75,12.84,421200,9.457159
2015-01-13,13.30,13.30,12.95,12.99,327900,9.567639
2015-01-12,13.28,13.30,13.10,13.21,161300,9.729678
2015-01-09,13.38,13.38,13.20,13.22,107300,9.737043
2015-01-08,13.09,13.42,13.09,13.36,145400,9.840158
2015-01-07,13.28,13.31,13.10,13.14,141600,9.67812
2015-01-06,13.25,13.43,13.09,13.14,181100,9.67812
2015-01-05,13.28,13.50,13.21,13.21,164600,9.729678
2015-01-02,13.08,13.34,13.06,13.34,187700,9.825428
2014-12-31,13.12,13.17,13.00,13.05,172500,9.611832
2014-12-30,13.13,13.20,13.05,13.08,135100,9.633928
2014-12-29,13.11,13.23,13.05,13.10,268300,9.648659
2014-12-26,13.20,13.26,13.10,13.10,120600,9.648659
2014-12-24,13.18,13.20,12.90,13.20,160700,9.722312
2014-12-23,13.06,13.20,12.90,13.20,215400,9.722312
2014-12-22,13.18,13.22,13.09,13.19,249100,9.58237
2014-12-19,13.30,13.43,13.06,13.06,492200,9.487927
2014-12-18,13.35,13.40,13.00,13.23,334800,9.61143
2014-12-17,12.81,13.33,12.81,13.32,259800,9.676814
2014-12-16,12.72,13.01,12.62,12.85,425600,9.335365
2014-12-15,13.39,13.40,12.86,12.89,284200,9.364424
2014-12-12,13.30,13.39,13.13,13.23,139800,9.61143
2014-12-11,13.40,13.45,13.27,13.40,276100,9.734932
2014-12-10,13.30,13.57,13.25,13.35,246500,9.698609
2014-12-09,12.88,13.27,12.50,13.25,621600,9.62596
2014-12-08,13.64,13.70,12.95,12.99,688500,9.437073
2014-12-05,13.80,13.82,13.50,13.60,508600,9.880231
2014-12-04,13.80,13.84,13.75,13.80,230600,10.025528
2014-12-03,13.80,13.85,13.77,13.80,246800,10.025528
2014-12-02,13.73,13.82,13.67,13.80,339800,10.025528
2014-12-01,13.80,13.82,13.65,13.72,340100,9.967409
2014-11-28,13.93,13.96,13.79,13.79,264800,10.018263
2014-11-26,13.82,13.98,13.79,13.93,299400,10.119971
2014-11-25,13.81,13.84,13.79,13.81,244000,10.032793
2014-11-24,13.88,13.88,13.75,13.80,365500,10.025528
2014-11-21,13.99,14.00,13.84,13.88,419000,10.083647
2014-11-20,14.22,14.29,14.13,14.17,432200,10.16356
2014-11-19,14.23,14.29,14.17,14.22,331100,10.199423
2014-11-18,14.26,14.28,14.18,14.21,327800,10.19225
2014-11-17,14.30,14.30,14.15,14.20,341200,10.185078
2014-11-14,14.67,14.67,14.20,14.28,337500,10.242458
2014-11-13,14.57,14.79,14.40,14.67,448900,10.522189
2014-11-12,14.10,14.30,14.08,14.29,166500,10.249631
2014-11-11,13.84,14.28,13.84,14.19,280200,10.177905
2014-11-10,13.77,13.83,13.74,13.80,444300,9.898174
2014-11-07,13.81,13.85,13.70,13.77,383600,9.876657
2014-11-06,13.89,13.90,13.79,13.82,338000,9.912519
2014-11-05,13.94,14.01,13.86,13.88,269900,9.955555
2014-11-04,14.00,14.05,13.88,13.93,425000,9.991418
2014-11-03,13.87,14.06,13.85,13.97,702200,10.020108
2014-10-31,13.88,13.90,13.84,13.87,317900,9.948382
2014-10-30,14.16,14.16,13.65,13.83,363600,9.919692
2014-10-29,14.40,14.45,14.13,14.16,262200,10.156387
2014-10-28,14.26,14.60,14.12,14.52,452000,10.414601
2014-10-27,14.71,14.80,14.64,14.69,179900,10.536534
2014-10-24,14.75,14.94,14.66,14.68,224800,10.529362
2014-10-23,14.67,14.99,14.65,14.90,344000,10.558052
2014-10-22,14.90,14.94,14.60,14.67,382500,10.395076
2014-10-21,14.55,14.99,14.55,14.86,669600,10.529709
2014-10-20,14.30,14.55,14.25,14.55,605300,10.310045
2014-10-17,14.24,14.30,14.01,14.28,325200,10.118724
2014-10-16,13.61,14.00,13.55,13.99,297100,9.913232
2014-10-15,13.85,13.90,13.44,13.78,370200,9.764427
2014-10-14,13.86,13.92,13.70,13.76,200000,9.750256
2014-10-13,13.83,13.95,13.79,13.89,300100,9.842373
2014-10-10,13.52,13.94,13.51,13.73,333000,9.728997
2014-10-09,13.55,13.61,13.43,13.53,169400,9.587279
2014-10-08,13.53,13.62,13.23,13.54,248900,9.594365
2014-10-07,13.53,13.61,13.22,13.52,231200,9.580193
2014-10-06,13.45,13.97,13.10,13.32,248600,9.438474
2014-10-03,12.93,13.22,12.93,13.06,205700,9.25424
2014-10-02,13.11,13.21,12.70,12.88,914900,9.126693
2014-10-01,13.32,13.42,12.89,13.11,399300,9.289669
2014-09-30,13.88,13.88,13.14,13.27,474500,9.403045
2014-09-29,13.75,13.91,13.59,13.79,274000,9.771513
2014-09-26,13.53,13.93,13.48,13.81,238700,9.785685
2014-09-25,13.57,13.76,13.36,13.48,254900,9.551849
2014-09-24,13.45,13.76,13.45,13.71,198400,9.714826
2014-09-23,13.59,13.62,13.40,13.49,359900,9.558935
2014-09-22,13.81,13.99,13.56,13.86,551500,9.693567
2014-09-19,13.86,13.90,13.70,13.70,678200,9.581665
2014-09-18,13.98,14.00,13.86,13.86,441900,9.693567
2014-09-17,13.95,14.03,13.93,13.97,335600,9.770501
2014-09-16,13.95,14.32,13.89,13.95,490700,9.756513
2014-09-15,13.93,14.00,13.90,13.95,480000,9.756513
2014-09-12,14.14,14.15,13.91,13.93,260000,9.742525
2014-09-11,14.25,14.25,14.12,14.14,230600,9.889398
2014-09-10,14.30,14.30,14.10,14.26,163000,9.973324
2014-09-09,14.25,14.31,14.17,14.28,173800,9.987312
2014-09-08,14.00,14.22,13.99,14.18,189700,9.917373
2014-09-05,13.98,13.99,13.90,13.99,169400,9.784488
2014-09-04,14.00,14.03,13.93,13.98,236300,9.777494
2014-09-03,14.05,14.11,13.98,14.03,289900,9.812464
2014-09-02,13.88,14.09,13.86,14.09,325400,9.854428
2014-08-29,13.86,13.89,13.81,13.86,305200,9.693567
2014-08-28,13.80,13.87,13.75,13.86,292800,9.693567
2014-08-27,13.99,14.00,13.82,13.85,253900,9.686574
2014-08-26,13.89,13.99,13.89,13.98,247400,9.777494
2014-08-25,14.10,14.11,13.80,13.89,405200,9.71455
2014-08-22,14.25,14.25,14.06,14.11,314300,9.868415
2014-08-21,14.30,14.43,14.29,14.36,536000,9.917373
2014-08-20,14.45,14.45,14.27,14.28,448300,9.862123
2014-08-19,14.30,14.42,14.25,14.36,417500,9.917373
2014-08-18,14.32,14.38,14.24,14.25,491600,9.841405
2014-08-15,14.30,14.39,14.16,14.22,290200,9.820686
2014-08-14,14.45,14.45,14.22,14.29,324500,9.86903
2014-08-13,14.18,14.43,14.14,14.43,343700,9.965717
2014-08-12,14.33,14.35,14.05,14.17,246200,9.786155
2014-08-11,13.78,14.41,13.75,14.33,688100,9.896655
2014-08-08,13.70,13.72,13.60,13.66,195200,9.433936
2014-08-07,13.70,13.80,13.67,13.70,96900,9.461561
2014-08-06,13.55,13.89,13.53,13.65,272200,9.42703
2014-08-05,13.51,13.69,13.49,13.55,244900,9.357967
2014-08-04,13.55,13.55,13.45,13.50,250200,9.323436
2014-08-01,13.31,13.60,13.31,13.39,229600,9.247468
2014-07-31,13.55,13.74,13.01,13.31,577000,9.192218
2014-07-30,14.00,14.04,13.70,13.74,323300,9.489186
2014-07-29,13.91,14.06,13.85,14.00,213900,9.668748
2014-07-28,13.92,13.92,13.70,13.78,106400,9.516811
2014-07-25,13.75,13.95,13.51,13.71,302600,9.468467
2014-07-24,13.76,13.83,13.69,13.72,166900,9.475374
2014-07-23,13.90,13.96,13.90,13.95,443900,9.509904
2014-07-22,13.92,14.00,13.80,13.90,387100,9.475819
2014-07-21,13.91,13.91,13.67,13.74,285000,9.366744
2014-07-18,13.65,13.70,13.56,13.65,238500,9.30539
2014-07-17,13.60,13.68,13.55,13.64,155800,9.298573
2014-07-16,13.50,13.60,13.46,13.55,310800,9.237219
2014-07-15,13.37,13.47,13.35,13.46,229900,9.175865
2014-07-14,13.33,13.35,13.25,13.35,182500,9.100877
2014-07-11,13.29,13.32,13.20,13.23,195300,9.01907
2014-07-10,13.24,13.30,13.23,13.26,173400,9.039522
2014-07-09,13.20,13.27,13.19,13.24,95400,9.025888
2014-07-08,13.24,13.30,13.16,13.20,219700,8.998619
2014-07-07,13.28,13.32,13.15,13.24,147100,9.025888
2014-07-03,13.33,13.33,13.21,13.28,121100,9.053156
2014-07-02,13.14,13.29,13.14,13.29,339400,9.059973
2014-07-01,13.07,13.19,13.06,13.15,293700,8.964533
2014-06-30,13.05,13.09,13.01,13.06,94100,8.90318
2014-06-27,13.01,13.07,13.01,13.05,92100,8.896362
2014-06-26,13.06,13.07,13.00,13.03,113400,8.882728
2014-06-25,13.05,13.08,13.00,13.06,173500,8.90318
2014-06-24,13.10,13.10,13.00,13.05,187200,8.896362
2014-06-23,13.13,13.13,13.05,13.10,233100,8.930448
2014-06-20,13.20,13.25,13.10,13.20,534500,8.87591
2014-06-19,13.22,13.23,13.09,13.15,314800,8.842289
2014-06-18,13.19,13.20,13.07,13.11,189400,8.815393
2014-06-17,13.20,13.20,12.90,13.05,370500,8.775048
2014-06-16,13.22,13.22,13.05,13.10,227900,8.808669
2014-06-13,12.96,13.14,12.96,13.10,164500,8.808669
2014-06-12,13.11,13.18,12.91,12.99,224300,8.734703
2014-06-11,13.08,13.16,13.02,13.09,166500,8.801945
2014-06-10,13.18,13.18,13.02,13.05,164100,8.775048
2014-06-09,13.25,13.30,13.07,13.10,284300,8.808669
2014-06-06,13.19,13.29,13.08,13.10,327400,8.808669
2014-06-05,12.91,13.20,12.91,13.06,280700,8.781772
2014-06-04,12.94,13.03,12.90,12.93,132700,8.694358
2014-06-03,13.00,13.04,12.84,12.85,234800,8.640565
2014-06-02,12.90,13.02,12.80,12.99,205500,8.734703
2014-05-30,12.95,12.99,12.76,12.97,138300,8.721255
2014-05-29,12.90,12.99,12.77,12.92,218300,8.687634
2014-05-28,12.87,12.90,12.76,12.84,109400,8.63384
2014-05-27,12.77,12.90,12.70,12.82,180400,8.620392
2014-05-23,12.72,12.91,12.68,12.84,191100,8.63384
2014-05-22,12.78,12.89,12.63,12.77,246800,8.586771
2014-05-21,12.82,12.98,12.78,12.90,160800,8.55315
2014-05-20,12.85,12.95,12.76,12.82,194900,8.500107
2014-05-19,12.83,13.09,12.76,12.87,462900,8.533259
2014-05-16,12.89,12.89,12.76,12.83,157100,8.506738
2014-05-15,12.82,12.90,12.76,12.80,137300,8.486847
2014-05-14,12.81,12.85,12.72,12.76,156900,8.460326
2014-05-13,12.84,12.85,12.75,12.76,113900,8.460326
2014-05-12,12.90,12.93,12.75,12.82,219100,8.500107
2014-05-09,12.69,12.79,12.65,12.73,122700,8.440434
2014-05-08,12.80,12.80,12.64,12.68,92300,8.407283
2014-05-07,12.83,12.83,12.64,12.73,149700,8.440434
2014-05-06,12.59,12.89,12.55,12.89,244200,8.54652
2014-05-05,12.50,12.57,12.44,12.57,186900,8.334349
2014-05-02,12.40,12.53,12.40,12.47,264500,8.268046
2014-05-01,12.31,12.42,12.29,12.37,117600,8.201742
2014-04-30,12.29,12.31,12.25,12.29,117000,8.148699
2014-04-29,12.23,12.28,12.22,12.25,101500,8.122178
2014-04-28,12.26,12.31,12.17,12.22,139700,8.102287
2014-04-25,12.26,12.30,12.21,12.23,41300,8.108917
2014-04-24,12.35,12.39,12.20,12.24,163300,8.115547
2014-04-23,12.42,12.44,12.35,12.35,197300,8.188481
2014-04-22,12.57,12.62,12.55,12.58,379900,8.221633
2014-04-21,12.60,12.60,12.53,12.54,280500,8.195491
2014-04-17,12.45,12.54,12.45,12.51,148100,8.175885
2014-04-16,12.48,12.48,12.36,12.45,170700,8.136672
2014-04-15,12.40,12.44,12.29,12.38,108400,8.090924
2014-04-14,12.27,12.43,12.25,12.42,221000,8.117065
2014-04-11,12.20,12.30,12.17,12.29,115200,8.032104
2014-04-10,12.27,12.30,12.15,12.19,211100,7.966749
2014-04-09,12.27,12.34,12.20,12.27,180600,8.019034
2014-04-08,12.28,12.28,12.22,12.26,148400,8.012498
2014-04-07,12.25,12.27,12.15,12.20,163300,7.973285
2014-04-04,12.21,12.24,12.16,12.20,97600,7.973285
2014-04-03,12.10,12.20,12.02,12.16,128300,7.947143
2014-04-02,12.00,12.15,12.00,12.12,99700,7.921001
2014-04-01,11.88,12.04,11.88,12.00,106200,7.842575
2014-03-31,11.70,11.88,11.70,11.88,211100,7.76415
2014-03-28,12.10,12.10,11.70,11.70,279700,7.646511
2014-03-27,11.82,12.10,11.81,11.87,210100,7.757614
2014-03-26,12.09,12.09,11.71,11.81,377100,7.718401
2014-03-25,12.24,12.30,11.97,12.11,286700,7.914465
2014-03-24,12.25,12.35,12.12,12.22,315500,7.986356
2014-03-21,12.33,12.41,12.28,12.40,400400,7.986355
2014-03-20,12.36,12.37,12.20,12.23,272400,7.876865
2014-03-19,12.45,12.46,12.25,12.40,2620200,7.986355
2014-03-18,13.10,13.26,12.90,12.92,296700,8.321267
2014-03-17,13.40,13.50,12.81,12.86,287500,8.282623
2014-03-14,13.46,13.54,13.28,13.44,114700,8.656178
2014-03-13,13.21,13.41,13.15,13.35,117300,8.598213
2014-03-12,12.98,13.25,12.97,13.21,82800,8.508045
2014-03-11,12.99,13.00,12.90,12.91,60400,8.314826
2014-03-10,13.12,13.13,12.95,12.96,76300,8.347029
2014-03-07,13.00,13.10,12.90,13.04,72900,8.398554
2014-03-06,13.01,13.28,12.82,12.93,77700,8.327708
2014-03-05,12.76,13.33,12.76,12.94,116800,8.334148
2014-03-04,12.70,12.89,12.68,12.77,132500,8.224658
2014-03-03,12.67,12.78,12.65,12.78,67500,8.231098
2014-02-28,12.74,12.75,12.60,12.67,81300,8.160252
2014-02-27,12.62,12.71,12.56,12.70,54100,8.179573
2014-02-26,12.68,12.78,12.47,12.51,122400,8.057202
2014-02-25,12.76,12.78,12.67,12.69,75300,8.173133
2014-02-24,12.60,12.77,12.51,12.67,73100,8.160252
2014-02-21,12.75,12.75,12.36,12.62,107800,8.128049
2014-02-20,12.80,12.89,12.75,12.78,185900,8.115168
2014-02-19,12.75,12.79,12.65,12.75,204700,8.096118
2014-02-18,12.52,12.68,12.50,12.55,143200,7.969121
2014-02-14,12.50,12.55,12.47,12.52,169500,7.950071
2014-02-13,12.44,12.50,12.41,12.48,158000,7.924671
2014-02-12,12.48,12.50,12.39,12.42,142500,7.886572
2014-02-11,12.36,12.44,12.36,12.38,84700,7.861172
2014-02-10,12.32,12.35,12.30,12.33,99100,7.829423
2014-02-07,12.32,12.35,12.31,12.33,72300,7.829423
2014-02-06,12.27,12.36,12.25,12.31,52900,7.816723
2014-02-05,12.33,12.45,12.25,12.25,69800,7.778624
2014-02-04,12.38,12.43,12.30,12.30,85700,7.810373
2014-02-03,12.33,12.38,12.23,12.34,84400,7.835773
2014-01-31,12.28,12.33,12.27,12.31,56900,7.816723
2014-01-30,12.30,12.34,12.17,12.26,88600,7.784974
2014-01-29,12.26,12.28,12.19,12.27,61700,7.791324
2014-01-28,12.39,12.39,12.20,12.27,176400,7.791324
2014-01-27,12.27,12.49,12.21,12.39,408600,7.867522
2014-01-24,12.14,12.27,12.10,12.20,87000,7.746874
2014-01-23,12.35,12.35,11.82,12.19,157600,7.740524
2014-01-22,12.40,12.49,12.40,12.40,288100,7.759573
2014-01-21,12.42,12.44,12.35,12.38,255700,7.747058
2014-01-17,12.42,12.45,12.21,12.35,1472700,7.728285
2014-01-16,13.51,13.51,13.00,13.00,193400,8.135037
2014-01-15,13.50,13.63,13.30,13.50,67000,8.447923
2014-01-14,13.72,13.98,13.50,13.56,79100,8.485469
2014-01-13,13.71,14.40,13.70,13.78,56600,8.623139
2014-01-10,13.50,13.77,13.40,13.63,28700,8.529273
2014-01-09,13.48,13.51,13.28,13.33,22700,8.341541
2014-01-08,13.21,13.60,13.08,13.38,23000,8.37283
2014-01-07,13.46,13.46,13.17,13.23,30000,8.278964
2014-01-06,13.39,13.75,13.33,13.42,67600,8.397861
2014-01-03,13.22,13.51,13.22,13.39,38600,8.379088
2014-01-02,12.86,13.24,12.86,13.23,23900,8.278964
2013-12-31,12.96,13.07,12.76,13.00,29600,8.135037
2013-12-30,13.01,13.18,12.90,13.08,17400,8.185098
2013-12-27,12.84,13.10,12.75,12.88,37500,8.059944
2013-12-26,12.80,12.80,12.76,12.80,9800,8.009882
2013-12-24,12.80,13.00,12.75,12.76,17700,7.984852
2013-12-23,13.01,13.01,12.55,12.89,33900,8.066202
2013-12-20,13.02,13.24,13.01,13.15,78400,8.116263
2013-12-19,12.91,13.25,12.79,13.17,48400,8.128607
2013-12-18,12.70,12.98,12.62,12.82,18800,7.912585
2013-12-17,12.75,12.80,12.55,12.60,32500,7.7768
2013-12-16,12.72,12.93,12.72,12.75,78200,7.869381
2013-12-13,12.47,12.84,12.40,12.73,66700,7.857036
2013-12-12,12.11,12.37,12.11,12.35,25700,7.622498
2013-12-11,11.98,12.09,11.88,12.04,8400,7.431164
2013-12-10,12.03,12.21,11.87,11.96,20700,7.381788
2013-12-09,12.18,12.22,11.98,11.98,19800,7.394132
2013-12-06,12.26,12.29,12.11,12.29,9200,7.585466
2013-12-05,12.16,12.47,12.12,12.14,26700,7.492885
2013-12-04,12.14,12.30,12.12,12.13,3600,7.486713
2013-12-03,12.10,12.22,12.10,12.22,14200,7.542262
2013-12-02,12.16,12.17,12.10,12.11,19000,7.474369
2013-11-29,12.29,12.29,12.15,12.16,3100,7.505229
2013-11-27,12.32,12.33,12.23,12.23,8400,7.548433
2013-11-26,12.17,12.33,12.11,12.29,16600,7.585466
2013-11-25,12.23,12.24,12.13,12.16,13600,7.505229
2013-11-22,12.32,12.36,12.11,12.12,13600,7.480541
2013-11-21,12.25,12.39,12.20,12.35,42500,7.622498
2013-11-20,12.49,12.50,12.12,12.12,45000,7.397218
2013-11-19,12.43,12.45,12.28,12.32,22900,7.519284
2013-11-18,12.14,12.43,12.14,12.30,52100,7.507078
2013-11-15,11.95,12.02,11.85,12.02,11100,7.336185
2013-11-14,11.67,11.89,11.67,11.87,14000,7.244635
2013-11-13,11.62,11.89,11.57,11.74,27600,7.165292
2013-11-12,11.56,11.69,11.51,11.55,11100,7.049329
2013-11-11,11.62,11.73,11.50,11.60,25900,7.079846
2013-11-08,11.75,11.75,11.59,11.75,19000,7.171396
2013-11-07,11.75,11.75,11.60,11.73,5300,7.159189
2013-11-06,11.65,11.69,11.57,11.61,16200,7.085949
2013-11-05,11.74,11.88,11.66,11.70,25500,7.140879
2013-11-04,11.81,11.90,11.74,11.76,26200,7.177499
2013-11-01,11.91,11.95,11.75,11.81,13900,7.208016
2013-10-31,11.83,12.18,11.83,11.93,9500,7.281255
2013-10-30,12.02,12.02,11.70,11.91,24600,7.269048
2013-10-29,12.08,12.08,11.67,11.70,23700,7.140879
2013-10-28,12.52,12.83,12.08,12.19,79900,7.439941
2013-10-25,12.41,12.52,12.41,12.52,11100,7.641351
2013-10-24,12.52,12.66,12.42,12.50,33100,7.629144
2013-10-23,12.60,12.72,12.50,12.52,30300,7.641351
2013-10-22,12.54,12.85,12.47,12.47,64600,7.52844
2013-10-21,12.44,12.54,12.44,12.52,37600,7.558626
2013-10-18,12.50,12.55,12.40,12.48,56800,7.534477
2013-10-17,12.29,12.72,12.26,12.44,57800,7.510328
2013-10-16,12.10,12.31,12.10,12.29,9100,7.419769
2013-10-15,12.00,12.25,12.00,12.14,22300,7.329211
2013-10-14,11.80,12.18,11.68,11.90,25100,7.184317
2013-10-11,11.71,11.88,11.60,11.79,30400,7.117907
2013-10-10,11.54,11.73,11.50,11.72,21900,7.075647
2013-10-09,11.35,11.49,11.25,11.45,9600,6.912641
2013-10-08,11.25,11.35,11.23,11.33,14000,6.840194
2013-10-07,11.15,11.34,11.15,11.32,12400,6.834157
2013-10-04,11.35,11.38,11.03,11.23,14000,6.779822
2013-10-03,10.96,11.43,10.94,11.18,30200,6.749636
2013-10-02,11.21,11.22,11.05,11.21,15700,6.767747
2013-10-01,10.91,11.22,10.91,11.21,8100,6.767747
2013-09-30,11.21,11.32,10.93,10.97,7500,6.622854
2013-09-27,11.13,11.37,11.00,11.15,12100,6.731524
2013-09-26,11.15,11.38,11.06,11.15,29600,6.731524
2013-09-25,11.00,11.39,10.93,11.24,36700,6.785859
2013-09-24,11.20,11.44,11.10,11.15,7000,6.731524
2013-09-23,11.20,11.46,10.94,11.15,49000,6.731524
2013-09-20,11.32,11.59,11.10,11.10,60000,6.619835
2013-09-19,11.40,11.48,11.23,11.30,37500,6.739111
2013-09-18,11.48,11.50,11.11,11.39,52700,6.792785
2013-09-17,11.25,11.32,11.02,11.18,58200,6.667545
2013-09-16,10.95,11.01,10.68,10.90,46400,6.500558
2013-09-13,10.99,11.00,10.66,10.84,37800,6.464775
2013-09-12,10.93,10.99,10.88,10.90,19000,6.500558
2013-09-11,10.70,10.97,10.66,10.89,31700,6.494595
2013-09-10,10.57,10.60,10.50,10.60,8900,6.321644
2013-09-09,10.67,10.67,10.58,10.58,600,6.309716
2013-09-06,10.24,10.70,10.24,10.59,10500,6.31568
2013-09-05,10.20,10.24,10.02,10.21,9200,6.089055
2013-09-04,10.56,10.56,10.25,10.25,5200,6.11291
2013-09-03,10.62,10.65,10.05,10.32,37100,6.154657
2013-08-30,10.70,11.01,10.60,10.60,8500,6.321644
2013-08-29,10.67,10.76,10.60,10.61,25700,6.327607
2013-08-28,10.93,10.94,10.61,10.78,9300,6.428992
2013-08-27,11.21,11.21,10.99,11.00,2000,6.560196
2013-08-26,10.90,11.23,10.90,11.00,16200,6.560196
2013-08-23,10.62,10.99,10.62,10.80,17200,6.44092
2013-08-22,10.67,10.74,10.60,10.61,25900,6.327607
2013-08-21,10.90,11.23,10.70,10.70,18800,6.30077
2013-08-20,11.33,11.35,10.70,10.90,26500,6.418542
2013-08-19,11.20,11.97,10.98,11.15,25600,6.565756
2013-08-16,11.40,11.79,11.15,11.20,21400,6.595199
2013-08-15,11.15,11.30,11.10,11.20,3700,6.595199
2013-08-14,11.17,11.24,11.00,11.16,7900,6.571645
2013-08-13,11.05,11.29,10.98,11.17,7300,6.577533
2013-08-12,11.48,11.48,10.98,11.07,25600,6.518647
2013-08-09,11.78,11.78,11.17,11.35,5000,6.683528
2013-08-08,11.16,11.30,11.16,11.16,4300,6.571645
2013-08-07,11.49,11.55,11.15,11.15,6600,6.565756
2013-08-06,11.70,11.70,11.15,11.40,4000,6.71297
2013-08-05,11.20,11.32,11.20,11.32,6200,6.665862
2013-08-02,11.17,11.35,11.17,11.23,6700,6.612864
2013-08-01,11.23,11.50,11.18,11.18,5800,6.583422
2013-07-31,11.74,11.74,11.00,11.35,23400,6.683528
2013-07-30,11.72,11.73,11.55,11.73,1400,6.907293
2013-07-29,11.57,11.69,11.56,11.69,9500,6.883739
2013-07-26,11.75,11.77,11.50,11.57,35600,6.813076
2013-07-25,11.78,11.82,11.72,11.75,2200,6.91907
2013-07-24,12.38,12.38,11.66,11.71,19100,6.895516
2013-07-23,12.35,12.45,12.26,12.28,9500,7.231164
2013-07-22,12.38,12.54,12.17,12.39,37600,7.216444
2013-07-19,12.55,12.60,12.25,12.38,10700,7.210619
2013-07-18,12.20,12.94,12.20,12.45,21600,7.25139
2013-07-17,12.53,12.82,12.23,12.23,11100,7.123253
2013-07-16,12.59,12.84,12.42,12.42,22900,7.233917
2013-07-15,12.03,12.66,11.80,12.52,12200,7.292161
2013-07-12,11.76,12.22,11.76,11.98,11100,6.977643
2013-07-11,11.01,11.76,10.92,11.71,20800,6.820384
2013-07-10,10.50,10.90,10.50,10.90,29400,6.348606
2013-07-09,10.81,10.81,10.35,10.35,19400,6.028264
2013-07-08,11.20,11.20,10.80,10.82,17100,6.302011
2013-07-05,11.34,11.34,11.16,11.19,6400,6.517514
2013-07-03,11.28,11.33,11.25,11.30,2100,6.581583
2013-07-02,11.25,11.55,11.20,11.28,13700,6.569934
2013-07-01,11.34,11.57,11.19,11.20,10600,6.523339
2013-06-28,11.38,11.38,11.29,11.29,13800,6.575759
2013-06-27,11.38,11.41,11.11,11.36,12200,6.616529
2013-06-26,11.11,11.46,11.11,11.41,8500,6.645651
2013-06-25,11.20,11.71,10.67,11.12,18200,6.476744
2013-06-24,11.80,11.80,10.60,11.18,51800,6.51169
2013-06-21,11.54,11.84,11.40,11.84,35900,6.896101
2013-06-20,12.10,12.10,11.50,11.65,30300,6.706807
2013-06-19,12.15,12.20,12.10,12.15,10600,6.994653
2013-06-18,12.58,12.58,12.06,12.08,21200,6.954355
2013-06-17,12.40,12.65,12.40,12.48,15700,7.184631
2013-06-14,12.60,12.60,12.25,12.29,19400,7.07525
2013-06-13,12.40,12.59,12.38,12.59,6800,7.247958
2013-06-12,12.60,12.65,12.32,12.39,9500,7.13282
2013-06-11,12.40,12.54,12.38,12.51,9500,7.201903
2013-06-10,12.31,12.43,12.26,12.43,6300,7.155847
2013-06-07,12.31,12.34,12.26,12.26,4800,7.05798
2013-06-06,11.85,12.30,11.80,12.30,11200,7.081007
2013-06-05,11.93,11.93,11.71,11.80,3400,6.793161
2013-06-04,12.05,12.18,11.75,11.81,12700,6.798919
2013-06-03,12.07,12.22,11.91,12.12,18200,6.977383
2013-05-31,12.57,12.60,12.00,12.01,15200,6.914057
2013-05-30,12.65,12.65,12.45,12.46,22900,7.173118
2013-05-29,13.89,13.89,12.32,12.75,40600,7.340068
2013-05-28,13.65,13.65,12.80,12.86,37400,7.403394
2013-05-24,13.45,13.48,13.21,13.44,5600,7.737295
2013-05-23,13.52,13.52,13.11,13.45,11500,7.743052
2013-05-22,13.41,13.80,13.37,13.71,28900,7.815014
2013-05-21,13.51,13.59,13.32,13.37,12000,7.621206
2013-05-20,13.45,13.49,13.40,13.47,8200,7.678208
2013-05-17,13.30,13.50,13.20,13.34,13900,7.604105
2013-05-16,13.25,13.40,13.25,13.30,8900,7.581304
2013-05-15,13.31,13.35,13.16,13.16,14000,7.501501
2013-05-14,13.33,13.39,13.31,13.31,16400,7.587005
2013-05-13,13.55,13.65,13.31,13.32,11400,7.592705
2013-05-10,13.38,13.47,13.34,13.43,10100,7.655407
2013-05-09,13.50,13.57,13.30,13.30,7000,7.581304
2013-05-08,13.35,13.43,13.28,13.42,6300,7.649707
2013-05-07,13.53,13.53,13.18,13.47,13000,7.678208
2013-05-06,13.58,13.59,13.21,13.39,19900,7.632607
2013-05-03,13.49,13.54,13.17,13.51,26800,7.701009
2013-05-02,13.50,13.50,13.30,13.38,9900,7.626906
2013-05-01,13.50,13.50,13.32,13.38,1700,7.626906
2013-04-30,13.40,13.55,13.40,13.40,9000,7.638306
2013-04-29,13.45,13.54,13.40,13.45,4900,7.666808
2013-04-26,13.20,13.39,13.20,13.21,13800,7.530002
2013-04-25,13.20,13.30,13.15,13.19,9300,7.518602
2013-04-24,13.30,13.30,13.02,13.22,20900,7.535703
2013-04-23,13.26,13.30,13.15,13.23,13800,7.541402
2013-04-22,13.30,13.59,13.30,13.39,23500,7.555654
2013-04-19,13.45,13.54,13.19,13.21,17800,7.454084
2013-04-18,13.41,13.85,13.40,13.40,25700,7.561296
2013-04-17,13.51,13.60,13.25,13.33,13800,7.521797
2013-04-16,13.70,13.78,13.52,13.52,7400,7.62901
2013-04-15,13.69,13.90,13.55,13.55,8500,7.645938
2013-04-12,13.83,13.90,13.60,13.63,9300,7.69108
2013-04-11,13.91,13.96,13.84,13.96,19300,7.877291
2013-04-10,13.73,14.00,13.73,13.97,28000,7.882934
2013-04-09,13.65,13.78,13.18,13.73,13200,7.747507
2013-04-08,13.97,13.97,13.60,13.65,7600,7.702365
2013-04-05,13.80,13.97,13.76,13.97,4600,7.882934
2013-04-04,13.80,13.99,13.80,13.81,3800,7.79265
2013-04-03,13.79,13.95,13.76,13.76,5300,7.764436
2013-04-02,13.90,14.00,13.52,13.78,10500,7.775721
2013-04-01,13.95,13.97,13.85,13.94,3700,7.866005
2013-03-28,13.72,13.99,13.51,13.98,12500,7.888576
2013-03-27,14.00,14.00,13.75,13.85,19700,7.815221
2013-03-26,14.14,14.14,13.50,13.99,21000,7.894219
2013-03-25,14.23,14.23,13.72,13.72,1800,7.741865
2013-03-22,14.22,14.25,13.62,13.82,57900,7.798292
2013-03-21,14.30,14.30,14.00,14.19,7900,8.007074
2013-03-20,14.30,14.39,14.11,14.35,8900,8.021182
2013-03-19,14.35,14.35,14.12,14.20,19300,7.937336
2013-03-18,14.15,14.33,14.05,14.25,13700,7.965285
2013-03-15,14.41,14.55,14.10,14.10,21700,7.88144
2013-03-14,14.50,14.60,14.45,14.55,5700,8.132975
2013-03-13,14.50,14.60,14.35,14.50,12700,8.105027
2013-03-12,14.45,14.50,14.00,14.40,18900,8.04913
2013-03-11,14.69,14.69,14.01,14.55,16300,8.132975
2013-03-08,14.48,14.69,14.48,14.69,1100,8.21123
2013-03-07,14.35,14.41,14.35,14.40,4300,8.04913
2013-03-06,14.36,14.45,14.30,14.45,16300,8.077078
2013-03-05,14.30,14.40,14.20,14.40,12300,8.04913
2013-03-04,14.39,14.49,14.21,14.49,11100,8.099437
2013-03-01,14.55,14.55,14.40,14.40,59700,8.04913
2013-02-28,14.70,14.70,14.40,14.49,16200,8.099437
2013-02-27,14.74,14.74,14.60,14.60,6800,8.160924
2013-02-26,14.61,14.71,14.60,14.69,16100,8.21123
2013-02-25,14.70,14.71,14.60,14.67,7000,8.200051
2013-02-22,14.66,14.75,14.61,14.74,5000,8.239179
2013-02-21,14.70,14.74,14.60,14.74,2600,8.239179
2013-02-20,14.80,14.90,14.60,14.80,28400,8.272717
2013-02-19,14.89,15.40,14.69,14.75,11000,8.244768
2013-02-15,14.70,14.83,14.60,14.80,23800,8.272717
2013-02-14,14.60,14.80,14.44,14.80,244300,8.272717
