Date,Open,High,Low,Close,Volume,Adj Close
2016-11-25,24.34,24.714001,24.33,24.35,15500,24.35
2016-11-23,24.74,24.764999,24.309999,24.450001,44000,24.450001
2016-11-22,23.799999,24.879999,23.77,24.860001,42100,24.860001
2016-11-21,23.360001,23.790001,23.201,23.68,57600,23.68
2016-11-18,22.780001,23.17,22.780001,23.15,18100,23.15
2016-11-17,22.030001,23.076,22.030001,22.940001,14300,22.940001
2016-11-16,22.110001,22.25,21.761,21.959999,17500,21.959999
2016-11-15,22.129999,22.525,22.129999,22.280001,37000,22.280001
2016-11-14,21.700001,22.209999,21.700001,22.129999,29100,22.129999
2016-11-11,21.77,21.77,21.40,21.469999,18400,21.469999
2016-11-10,22.209999,22.360001,21.690001,21.74,30000,21.74
2016-11-09,22.26,22.549999,22.00,22.24,42500,22.24
2016-11-08,23.219999,23.219999,22.690001,22.709999,7200,22.709999
2016-11-07,23.23,23.34,22.927999,23.139999,20100,23.139999
2016-11-04,23.280001,23.280001,22.780001,22.82,25200,22.82
2016-11-03,23.77,23.85,23.209999,23.209999,11300,23.209999
2016-11-02,24.110001,24.110001,23.541,23.74,14300,23.74
2016-11-01,23.75,24.15,23.65,24.049999,67000,24.049999
2016-10-31,23.690001,24.209999,23.42,23.66,70800,23.66
2016-10-28,23.75,23.75,23.200001,23.379999,17800,23.379999
2016-10-27,24.32,24.32,23.73,23.76,18800,23.76
2016-10-26,24.955,24.969999,24.030001,24.030001,15200,24.030001
2016-10-25,25.17,25.32,24.950001,25.190001,10900,25.190001
2016-10-24,26.559999,26.559999,24.941,25.309999,16800,25.309999
2016-10-21,26.57,26.610001,26.23,26.57,10700,26.57
2016-10-20,26.360001,26.75,26.280001,26.530001,8200,26.530001
2016-10-19,26.40,26.620001,26.23,26.23,11100,26.23
2016-10-18,26.450001,26.511,26.209999,26.450001,4300,26.450001
2016-10-17,26.33,26.35,26.296,26.299999,7300,26.299999
2016-10-14,26.139999,26.50,26.139999,26.469999,4000,26.469999
2016-10-13,25.879999,26.049999,25.690001,26.049999,6200,26.049999
2016-10-12,25.860001,26.209999,25.84,26.17,3400,26.17
2016-10-11,26.139999,26.17,25.799999,25.940001,9900,25.940001
2016-10-10,26.125,26.125,25.959999,26.101999,1100,26.101999
2016-10-07,26.219999,26.360001,25.764999,25.940001,16500,25.940001
2016-10-06,25.309999,26.190001,25.23,26.17,8500,26.17
2016-10-05,25.02,25.389999,25.02,25.219999,9600,25.219999
2016-10-04,25.59,25.59,24.92,24.959999,2600,24.959999
2016-10-03,25.709999,25.775,25.360001,25.540001,24500,25.540001
2016-09-30,25.66,25.76,25.50,25.719999,11300,25.719999
2016-09-29,25.530001,25.92,25.530001,25.66,5300,25.66
2016-09-28,24.610001,25.629999,24.610001,25.60,11500,25.60
2016-09-27,24.370001,24.73,24.059999,24.530001,6600,24.530001
2016-09-26,24.32,24.440001,23.91,24.440001,10400,24.440001
2016-09-23,25.120001,25.129999,24.379999,24.40,5800,24.40
2016-09-22,24.639999,25.200001,24.639999,25.120001,19200,25.120001
2016-09-21,24.290001,24.528999,23.870001,24.48,7000,24.48
2016-09-20,24.162001,24.23,23.959999,24.02,2500,24.02
2016-09-19,23.90,24.08,23.84,24.02,8300,24.02
2016-09-16,23.940001,24.139999,23.65,23.879999,13800,23.879999
2016-09-15,23.799999,24.34,23.76,23.82,5500,23.82
2016-09-14,23.799999,24.33,23.690001,24.09,23900,24.09
2016-09-13,24.23,24.23,23.50,23.690001,6300,23.690001
2016-09-12,23.73,24.219999,23.533001,24.219999,12700,24.219999
2016-09-09,24.950001,24.950001,23.75,24.07,24600,24.07
2016-09-08,25.15,25.15,24.959999,25.129999,5500,25.129999
2016-09-07,25.93,25.93,25.030001,25.17,15900,25.17
2016-09-06,25.379999,25.98,25.360001,25.969999,8100,25.969999
2016-09-02,24.889999,25.34,24.74,25.17,12900,25.17
2016-09-01,24.02,24.67,24.02,24.620001,2500,24.620001
2016-08-31,24.110001,24.450001,23.73,24.07,3200,24.07
2016-08-30,24.32,24.32,23.879999,24.16,5600,24.16
2016-08-29,23.93,24.337,23.93,24.27,2300,24.193001
2016-08-26,24.139999,24.540001,23.780001,23.85,4900,23.774333
2016-08-25,23.969999,24.24,23.969999,24.18,1500,24.103286
2016-08-24,25.01,25.01,24.15,24.24,5100,24.163095
2016-08-23,24.23,25.299999,24.23,24.879999,13600,24.801064
2016-08-22,23.870001,24.07,23.639999,23.950001,7000,23.874016
2016-08-19,23.90,24.08,23.73,23.98,6100,23.90392
2016-08-18,23.85,24.09,23.719999,23.940001,4000,23.864048
2016-08-17,24.33,24.33,23.74,23.92,25400,23.844111
2016-08-16,24.90,24.90,24.299999,24.35,7300,24.272747
2016-08-15,24.51,25.110001,24.51,24.74,16300,24.661509
2016-08-12,24.690001,25.059999,24.48,24.58,8900,24.502017
2016-08-11,25.08,25.389999,25.014999,25.059999,23700,24.980493
2016-08-10,25.23,25.23,24.84,24.870001,8000,24.791097
2016-08-09,24.889999,25.120001,24.84,24.860001,24000,24.781129
2016-08-08,25.07,25.24,24.535,25.24,31600,25.159922
2016-08-05,25.52,25.74,25.309999,25.35,12000,25.269574
2016-08-04,25.00,25.76,24.92,25.559999,15600,25.478907
2016-08-03,24.469999,25.040001,24.469999,24.92,11700,24.840938
2016-08-02,25.459999,25.49,24.48,24.48,20100,24.402333
2016-08-01,25.049999,25.82,25.049999,25.440001,12900,25.359289
2016-07-29,24.879999,25.40,24.809999,25.40,19600,25.319415
2016-07-28,24.25,25.025999,24.25,24.85,23300,24.77116
2016-07-27,23.950001,24.745001,23.940001,24.08,10300,24.003603
2016-07-26,24.440001,24.440001,23.280001,23.790001,20700,23.714524
2016-07-25,23.280001,24.299999,23.280001,24.280001,13800,24.202969
2016-07-22,23.120001,23.67,23.02,23.02,2500,22.946966
2016-07-21,23.389999,23.74,22.750999,23.440001,19500,23.365634
2016-07-20,22.700001,23.450001,22.25,23.440001,19400,23.365634
2016-07-19,21.83,22.652,21.75,22.629999,19900,22.558202
2016-07-18,21.379999,22.26,21.219999,22.26,8900,22.189377
2016-07-15,20.40,21.43,20.226999,21.43,14600,21.362011
2016-07-14,20.85,20.85,20.434,20.48,1900,20.415024
2016-07-13,20.225,20.90,20.225,20.76,7500,20.694136
2016-07-12,19.84,20.50,19.801001,20.190001,5200,20.125945
2016-07-11,19.969999,20.040001,19.416,20.00,5300,19.936547
2016-07-08,19.33,19.549999,19.15,19.549999,5200,19.487974
2016-07-07,18.92,19.441999,18.76,18.76,3900,18.700482
2016-07-06,19.049999,19.190001,18.67,18.860001,19700,18.800165
2016-07-05,19.34,19.34,18.73,19.00,15000,18.93972
2016-07-01,19.35,20.00,19.35,19.379999,3400,19.318513
2016-06-30,21.00,21.00,19.000999,19.719999,13200,19.657435
2016-06-29,19.200001,19.864,18.82,19.09,15100,19.029435
2016-06-28,19.17,19.40,18.618999,18.98,4500,18.919783
2016-06-27,20.17,20.17,18.92,19.139999,13500,19.079275
2016-06-24,21.10,21.10,20.01,20.691,5500,20.625355
2016-06-23,21.690001,22.209999,19.27,22.209999,4900,22.139535
2016-06-22,21.870001,21.870001,21.120001,21.50,8800,21.431788
2016-06-21,21.517,22.059999,21.450001,21.49,11500,21.42182
2016-06-20,17.950001,21.83,17.940001,21.440001,5600,21.371979
2016-06-17,21.15,21.15,20.662001,20.99,2400,20.923406
2016-06-16,21.118999,21.709999,21.118999,21.709999,2400,21.641121
2016-06-15,21.622999,21.622999,20.25,21.049999,7100,20.983215
2016-06-14,21.389999,21.58,21.370001,21.41,6700,21.342074
2016-06-13,21.959999,21.959999,21.209999,21.58,4900,21.511534
2016-06-10,22.00,22.49,21.809999,22.219999,12200,22.149503
2016-06-09,22.290001,22.290001,21.67,22.200001,10400,22.129568
2016-06-08,22.139999,22.50,21.719999,21.719999,5400,21.65109
2016-06-07,22.50,22.50,22.09,22.09,4500,22.019917
2016-06-06,22.16,22.459999,21.539,21.98,10700,21.910265
2016-06-03,22.18,22.190001,21.709999,21.709999,9700,21.641121
2016-06-02,21.76,22.219999,21.76,21.969999,14500,21.900297
2016-06-01,21.549999,22.25,21.549999,21.959999,11100,21.890328
2016-05-31,21.83,21.99,21.58,21.60,7700,21.531471
2016-05-27,21.98,21.99,21.950001,21.99,2500,21.843477
2016-05-26,21.52,21.889999,21.27,21.889999,16900,21.744143
2016-05-25,20.440001,21.950001,20.40,21.41,12600,21.267342
2016-05-24,20.209999,20.790001,20.17,20.34,7300,20.204472
2016-05-23,20.129999,20.129999,20.129999,20.129999,000,19.99587
2016-05-20,20.120001,20.299999,20.110001,20.129999,3600,19.99587
2016-05-19,19.879999,20.76,19.572001,20.360001,8700,20.224339
2016-05-18,19.719999,20.75,19.719999,20.02,10000,19.886604
2016-05-17,20.299999,20.50,20.157,20.27,15800,20.134939
2016-05-16,20.440001,20.809999,20.15,20.33,6300,20.194538
2016-05-13,20.90,21.16,20.10,20.549999,6600,20.413072
2016-05-12,21.00,21.459999,20.75,21.16,10000,21.019008
2016-05-11,21.959999,22.00,21.42,21.52,6200,21.37661
2016-05-10,21.35,22.00,21.35,21.50,6500,21.356742
2016-05-09,20.93,21.60,20.719999,21.24,6400,21.098475
2016-05-06,20.58,21.68,20.530001,21.10,5900,20.959408
2016-05-05,20.00,20.99,20.00,20.809999,13400,20.671339
2016-05-04,20.27,21.17,20.26,20.51,6000,20.373339
2016-05-03,20.50,20.879999,20.34,20.809999,16700,20.671339
2016-05-02,20.18,20.870001,20.08,20.780001,8000,20.641541
2016-04-29,19.76,20.809999,19.690001,20.00,8000,19.866737
2016-04-28,18.639999,19.030001,18.530001,18.530001,4800,18.406533
2016-04-27,19.264,19.264,18.76,18.84,8000,18.714467
2016-04-26,18.860001,19.32,18.860001,19.049999,6000,18.923066
2016-04-25,19.26,19.295,18.690001,18.690001,7000,18.565466
2016-04-22,19.68,19.879999,19.299999,19.299999,3800,19.171401
2016-04-21,20.299999,20.299999,19.530001,19.559999,5600,19.429668
2016-04-20,20.26,20.549999,20.120001,20.360001,4900,20.224339
2016-04-19,20.82,20.82,20.280001,20.299999,6100,20.164737
2016-04-18,20.219999,20.74,20.219999,20.620001,4100,20.482607
2016-04-15,19.84,20.459999,19.82,20.24,3500,20.105138
2016-04-14,20.25,20.280001,19.975,20.190001,9000,20.055472
2016-04-13,20.42,20.42,19.92,20.139999,8600,20.005804
2016-04-12,20.549999,20.709999,20.202999,20.32,7000,20.184605
2016-04-11,20.42,20.60,20.27,20.42,8500,20.283939
2016-04-08,20.57,20.57,20.219999,20.40,7100,20.264071
2016-04-07,20.67,20.67,19.639999,20.18,6200,20.045538
2016-04-06,20.17,20.959999,20.09,20.959999,11400,20.82034
2016-04-05,19.969999,20.209999,19.74,20.17,5000,20.035604
2016-04-04,20.33,20.450001,19.809999,20.190001,24700,20.055472
2016-04-01,19.639999,20.33,19.59,20.32,8500,20.184605
2016-03-31,19.75,20.129999,19.68,19.940001,14400,19.807137
2016-03-30,19.799999,20.58,19.41,19.82,22500,19.687936
2016-03-29,18.24,19.92,18.24,19.620001,12700,19.48927
2016-03-28,18.49,18.52,18.18,18.379999,3900,18.257531
2016-03-24,18.67,18.83,18.389999,18.40,4100,18.277398
2016-03-23,19.129999,19.165001,18.84,18.860001,7200,18.734334
2016-03-22,19.16,19.290001,19.01,19.27,2900,19.141602
2016-03-21,19.559999,19.639999,19.469999,19.469999,900,19.340268
2016-03-18,19.83,19.93,19.58,19.780001,5400,19.648204
2016-03-17,19.65,19.92,19.65,19.85,13000,19.717737
2016-03-16,18.959999,19.41,18.959999,19.40,1900,19.270735
2016-03-15,18.83,18.93,18.58,18.889999,1100,18.764133
2016-03-14,19.309999,19.309999,18.959999,19.10,4400,18.972734
2016-03-11,18.83,19.43,18.809999,19.35,2900,19.221069
2016-03-10,19.02,19.02,18.299999,18.382999,1700,18.260511
2016-03-09,18.48,18.969999,18.367001,18.969999,4600,18.843599
2016-03-08,18.26,18.620001,18.040001,18.33,6900,18.207865
2016-03-07,18.26,18.73,18.26,18.620001,9300,18.495933
2016-03-04,18.530001,18.700001,18.41,18.41,6700,18.287331
2016-03-03,18.09,18.540001,18.09,18.469999,29400,18.346931
2016-03-02,17.459999,18.26,17.110001,18.01,27700,17.889997
2016-03-01,16.75,17.530001,16.459999,17.51,4800,17.393329
2016-02-29,16.32,16.43,16.209999,16.35,5000,16.241058
2016-02-26,16.42,16.51,16.23,16.35,1100,16.241058
2016-02-25,15.93,16.219999,15.76,16.190001,5500,16.008617
2016-02-24,15.40,15.66,15.12,15.66,2900,15.484554
