Date,Open,High,Low,Close,Volume,Adj Close
2016-11-25,25.73,25.73,25.700001,25.719999,800,25.719999
2016-11-23,25.620001,25.68,25.57,25.68,2300,25.68
2016-11-22,25.73,25.73,25.59,25.620001,7700,25.620001
2016-11-21,25.969999,25.969999,25.75,25.780001,3000,25.780001
2016-11-18,25.83,26.00,25.709999,25.709999,2100,25.709999
2016-11-17,25.91,25.91,25.700001,25.75,4100,25.75
2016-11-16,25.790001,25.91,25.67,25.809999,4500,25.809999
2016-11-15,25.60,25.700001,25.60,25.68,2500,25.68
2016-11-14,25.620001,25.75,25.58,25.58,5400,25.58
2016-11-11,25.66,25.719999,25.52,25.719999,2800,25.719999
2016-11-10,25.639999,25.76,25.58,25.66,2600,25.66
2016-11-09,25.65,25.91,25.65,25.809999,5100,25.809999
2016-11-08,25.66,25.84,25.65,25.65,1600,25.65
2016-11-07,26.360001,26.360001,25.709999,25.709999,2600,25.709999
2016-11-04,25.85,25.85,25.77,25.77,1800,25.77
2016-11-03,26.360001,26.360001,25.84,25.85,2900,25.85
2016-11-02,25.93,25.959999,25.889999,25.889999,300,25.889999
2016-11-01,26.60,26.60,26.129999,26.15,1700,26.15
2016-10-31,25.879999,26.60,25.879999,26.60,14300,26.60
2016-10-28,26.59,26.879999,26.32,26.879999,5900,26.879999
2016-10-27,26.40,26.60,26.190001,26.32,6600,26.252
2016-10-26,26.200001,27.219999,25.98,26.09,18400,26.022595
2016-10-25,26.23,26.24,25.959999,26.219999,17100,26.152258
2016-10-24,26.10,26.219999,25.90,26.18,4900,26.112363
2016-10-21,26.219999,26.219999,26.040001,26.18,7400,26.112363
2016-10-20,26.18,26.25,25.93,26.200001,11100,26.132311
2016-10-19,25.77,26.25,25.77,26.030001,19800,25.962751
2016-10-18,25.82,25.860001,25.780001,25.83,4800,25.763266
2016-10-17,25.77,25.799999,25.68,25.799999,2600,25.733343
2016-10-14,25.790001,25.870001,25.780001,25.780001,1900,25.713396
2016-10-13,25.799999,25.889999,25.799999,25.889999,1300,25.823111
2016-10-12,25.790001,25.82,25.780001,25.809999,4100,25.743318
2016-10-11,25.940001,25.940001,25.76,25.870001,5300,25.803164
2016-10-10,25.940001,25.940001,25.809999,25.84,700,25.773241
2016-10-07,25.91,25.93,25.75,25.799999,4800,25.733343
2016-10-06,25.74,25.799999,25.74,25.799999,800,25.733343
2016-10-05,25.870001,25.870001,25.75,25.809999,2000,25.743318
2016-10-04,25.84,25.84,25.65,25.790001,4300,25.723371
2016-10-03,25.90,25.90,25.870001,25.870001,1300,25.803164
2016-09-30,25.85,25.969999,25.84,25.84,500,25.773241
2016-09-29,25.92,25.92,25.77,25.84,2100,25.773241
2016-09-28,25.870001,25.99,25.870001,25.99,6100,25.922853
2016-09-27,25.959999,25.99,25.799999,25.93,3800,25.792191
2016-09-26,25.91,25.950001,25.84,25.950001,2200,25.812086
2016-09-23,25.879999,25.99,25.82,25.82,3900,25.682775
2016-09-22,25.889999,25.959999,25.870001,25.959999,3000,25.822031
2016-09-21,26.17,26.17,25.83,25.879999,8500,25.742456
2016-09-20,25.799999,26.030001,25.799999,26.02,4600,25.881713
2016-09-19,25.959999,26.00,25.790001,25.82,4800,25.682775
2016-09-16,25.83,26.08,25.780001,26.030001,5400,25.89166
2016-09-15,25.950001,25.969999,25.940001,25.950001,2500,25.812086
2016-09-14,25.85,25.950001,25.700001,25.889999,8600,25.752403
2016-09-13,25.85,25.940001,25.85,25.889999,3100,25.752403
2016-09-12,25.790001,25.969999,25.549999,25.969999,9800,25.831978
2016-09-09,25.889999,26.049999,25.860001,25.950001,6500,25.812086
2016-09-08,26.00,26.139999,25.950001,25.950001,2400,25.812086
2016-09-07,26.200001,26.200001,25.870001,25.959999,15200,25.822031
2016-09-06,26.25,26.25,25.940001,26.190001,4200,26.05081
2016-09-02,26.27,26.27,26.16,26.27,5500,26.130385
2016-09-01,26.290001,26.290001,26.209999,26.209999,1600,26.070702
2016-08-31,26.120001,26.299999,26.120001,26.299999,9700,26.160224
2016-08-30,26.16,26.16,26.01,26.129999,2400,25.991127
2016-08-29,26.17,26.17,25.940001,26.139999,3000,25.930452
2016-08-26,26.00,26.25,25.93,26.190001,8100,25.980052
2016-08-25,25.99,26.059999,25.959999,25.959999,1400,25.751895
2016-08-24,25.860001,26.139999,25.84,25.969999,7000,25.761815
2016-08-23,25.879999,25.889999,25.790001,25.860001,3100,25.652698
2016-08-22,25.709999,25.940001,25.709999,25.719999,3800,25.513819
2016-08-19,25.959999,25.959999,25.83,25.959999,3800,25.751895
2016-08-18,25.93,26.139999,25.85,25.85,8600,25.642778
2016-08-17,26.00,26.00,25.860001,25.860001,1400,25.652698
2016-08-16,26.040001,26.049999,25.940001,26.02,4700,25.811415
2016-08-15,25.889999,26.040001,25.870001,26.01,7200,25.801495
2016-08-12,25.99,26.190001,25.90,25.90,8100,25.692376
2016-08-11,26.01,26.01,25.809999,25.98,5800,25.771735
2016-08-10,25.799999,26.120001,25.799999,25.950001,6300,25.741977
2016-08-09,25.85,25.85,25.799999,25.809999,2300,25.603098
2016-08-08,25.82,25.82,25.780001,25.780001,2500,25.573339
2016-08-05,25.709999,25.82,25.610001,25.82,4600,25.613018
2016-08-04,25.49,25.690001,25.49,25.690001,6800,25.484061
2016-08-03,25.57,25.60,25.52,25.549999,2300,25.345182
2016-08-02,25.59,25.59,25.52,25.52,2200,25.315423
2016-08-01,25.549999,25.549999,25.549999,25.549999,800,25.345182
2016-07-29,25.469999,25.540001,25.469999,25.540001,5800,25.335263
2016-07-28,25.549999,25.57,25.49,25.549999,6100,25.345182
2016-07-27,25.610001,25.610001,25.549999,25.60,15100,25.321375
2016-07-26,25.700001,25.74,25.67,25.74,4900,25.459851
2016-07-25,25.709999,25.75,25.66,25.75,2200,25.469742
2016-07-22,25.73,25.73,25.700001,25.700001,400,25.420287
2016-07-21,25.65,25.690001,25.620001,25.620001,3100,25.341158
2016-07-20,25.75,25.780001,25.610001,25.67,6400,25.390613
2016-07-19,25.780001,25.85,25.65,25.719999,10900,25.440068
2016-07-18,25.790001,25.82,25.790001,25.82,2300,25.53898
2016-07-15,25.719999,25.84,25.719999,25.84,2200,25.558763
2016-07-14,25.75,25.75,25.65,25.74,4600,25.459851
2016-07-13,25.75,25.75,25.559999,25.690001,4800,25.410395
2016-07-12,25.700001,25.700001,25.639999,25.690001,1400,25.410395
2016-07-11,25.700001,25.700001,25.65,25.65,2600,25.37083
2016-07-08,25.629999,25.93,25.610001,25.93,12600,25.647783
2016-07-07,25.57,25.639999,25.35,25.559999,13400,25.281809
2016-07-06,25.530001,25.57,25.52,25.52,900,25.242246
2016-07-05,25.51,25.68,25.51,25.51,6600,25.232354
2016-07-01,25.67,25.709999,25.549999,25.57,3800,25.291701
2016-06-30,25.540001,25.73,25.540001,25.73,9000,25.449959
2016-06-29,25.42,25.549999,25.389999,25.450001,4000,25.173008
2016-06-28,25.450001,25.450001,25.40,25.450001,3200,25.105748
2016-06-27,25.35,25.610001,25.35,25.41,2200,25.066288
2016-06-24,25.65,25.940001,25.35,25.51,11400,25.164936
2016-06-23,25.790001,25.85,25.709999,25.73,2700,25.38196
2016-06-22,25.719999,25.82,25.67,25.75,3900,25.40169
2016-06-21,26.110001,26.110001,25.73,25.90,2100,25.54966
2016-06-20,25.719999,25.99,25.719999,25.99,13200,25.638443
2016-06-17,25.690001,25.85,25.610001,25.67,6400,25.322772
2016-06-16,25.639999,25.73,25.610001,25.67,7300,25.322772
2016-06-15,25.73,25.73,25.629999,25.73,1200,25.38196
2016-06-14,25.68,25.73,25.610001,25.73,8800,25.38196
2016-06-13,25.709999,25.719999,25.68,25.719999,4000,25.372095
2016-06-10,25.65,25.65,25.620001,25.620001,400,25.273449
2016-06-09,25.66,25.719999,25.60,25.629999,2200,25.283312
2016-06-08,25.709999,25.73,25.709999,25.73,300,25.38196
2016-06-07,25.60,25.74,25.60,25.73,3700,25.38196
2016-06-06,25.67,25.74,25.60,25.60,3800,25.253719
2016-06-03,25.65,25.719999,25.620001,25.67,5100,25.322772
2016-06-02,25.66,25.719999,25.60,25.610001,3900,25.263584
2016-06-01,25.790001,25.790001,25.59,25.59,6200,25.243854
2016-05-31,25.969999,26.120001,25.57,25.58,11300,25.233989
2016-05-27,26.200001,26.200001,26.02,26.110001,1500,25.756821
2016-05-26,26.10,26.200001,26.10,26.139999,1800,25.716374
2016-05-25,26.09,26.09,26.09,26.09,000,25.667185
2016-05-24,26.09,26.09,26.09,26.09,000,25.667185
2016-05-23,26.09,26.09,26.09,26.09,000,25.667185
2016-05-20,26.15,26.15,26.01,26.09,2100,25.667185
2016-05-19,25.98,26.15,25.91,26.15,2100,25.726212
2016-05-18,25.91,25.92,25.85,25.92,1200,25.49994
2016-05-17,25.799999,25.92,25.719999,25.92,4700,25.49994
2016-05-16,25.860001,25.91,25.860001,25.91,1500,25.490102
2016-05-13,25.780001,25.93,25.77,25.92,2800,25.49994
2016-05-12,25.860001,25.92,25.860001,25.860001,1100,25.440913
2016-05-11,25.799999,25.98,25.799999,25.98,2400,25.558967
2016-05-10,25.799999,26.200001,25.799999,25.84,2400,25.421236
2016-05-09,26.15,26.15,26.049999,26.049999,700,25.627832
2016-05-06,26.01,26.15,25.790001,25.790001,1500,25.372047
2016-05-05,26.110001,26.110001,25.77,25.77,400,25.352371
2016-05-04,25.99,26.23,25.879999,25.950001,4100,25.529454
2016-05-03,25.82,26.299999,25.82,26.299999,1600,25.873781
2016-05-02,25.940001,26.49,25.90,26.49,1700,26.060702
2016-04-29,25.91,25.940001,25.85,25.940001,1100,25.519616
2016-04-28,25.75,25.92,25.75,25.92,3300,25.49994
2016-04-27,25.85,25.85,25.75,25.75,600,25.332695
2016-04-26,25.709999,25.889999,25.709999,25.75,2000,25.254975
2016-04-25,25.860001,25.860001,25.860001,25.860001,500,25.362861
2016-04-22,25.90,25.98,25.73,25.790001,7000,25.294207
2016-04-21,25.92,25.98,25.85,25.85,1900,25.353053
2016-04-20,25.74,25.950001,25.74,25.950001,3900,25.451131
2016-04-19,25.780001,26.00,25.709999,25.90,5900,25.402091
2016-04-18,25.690001,25.809999,25.690001,25.780001,1300,25.284399
2016-04-15,25.68,25.68,25.68,25.68,400,25.186321
2016-04-14,25.75,25.799999,25.700001,25.799999,4100,25.304013
2016-04-13,25.690001,25.85,25.690001,25.700001,10500,25.205937
2016-04-12,25.74,25.799999,25.709999,25.709999,1400,25.215743
2016-04-11,25.790001,25.790001,25.790001,25.790001,500,25.294207
2016-04-08,25.67,25.74,25.67,25.74,1700,25.245167
2016-04-07,25.74,25.82,25.620001,25.799999,4700,25.304013
2016-04-06,25.719999,25.860001,25.540001,25.629999,3600,25.137281
2016-04-05,25.809999,25.85,25.77,25.77,4100,25.274591
2016-04-04,25.780001,25.84,25.73,25.73,1200,25.235359
2016-04-01,25.75,25.75,25.75,25.75,100,25.254975
2016-03-31,25.700001,25.700001,25.60,25.65,14100,25.156897
2016-03-30,25.629999,25.639999,25.60,25.639999,2500,25.147089
2016-03-29,25.65,25.700001,25.610001,25.610001,6600,25.053916
2016-03-28,25.82,25.85,25.65,25.700001,15400,25.141962
2016-03-24,25.76,25.91,25.76,25.780001,3900,25.220225
2016-03-23,25.709999,25.91,25.709999,25.75,8200,25.190876
2016-03-22,25.799999,25.92,25.799999,25.92,2200,25.357185
2016-03-21,25.68,25.889999,25.68,25.889999,5600,25.327835
2016-03-18,25.60,25.75,25.60,25.67,3200,25.112613
2016-03-17,25.60,25.620001,25.58,25.59,800,25.03435
2016-03-16,25.879999,25.879999,25.58,25.719999,2400,25.161527
2016-03-15,25.60,25.68,25.540001,25.540001,2800,24.985437
2016-03-14,25.84,25.98,25.690001,25.799999,2500,25.23979
2016-03-11,25.530001,25.700001,25.50,25.700001,1600,25.141962
2016-03-10,25.76,25.76,25.76,25.76,000,25.200659
2016-03-09,25.700001,25.860001,25.700001,25.76,1800,25.200659
2016-03-08,25.719999,25.82,25.690001,25.82,1200,25.259356
2016-03-07,25.690001,25.889999,25.690001,25.889999,1800,25.327835
2016-03-04,25.790001,25.83,25.74,25.76,900,25.200659
2016-03-03,25.799999,25.82,25.690001,25.82,1300,25.259356
2016-03-02,25.75,25.799999,25.75,25.780001,2000,25.220225
2016-03-01,25.52,25.799999,25.52,25.799999,2800,25.23979
2016-02-29,25.50,25.83,25.50,25.52,3100,24.965871
2016-02-26,25.85,25.92,25.709999,25.92,9700,25.357185
2016-02-25,25.83,25.98,25.76,25.76,4400,25.141962
2016-02-24,25.50,25.940001,25.50,25.940001,4500,25.317643
2016-02-23,25.530001,25.83,25.530001,25.75,2300,25.132201
2016-02-22,25.379999,25.530001,25.379999,25.459999,1800,24.849158
2016-02-19,25.35,25.48,25.35,25.43,400,24.819879
2016-02-18,25.35,25.549999,25.33,25.549999,2500,24.936999
2016-02-17,25.34,25.43,25.34,25.43,300,24.819879
2016-02-16,25.379999,25.379999,25.379999,25.379999,000,24.771078
2016-02-12,25.309999,25.49,25.309999,25.379999,2900,24.771078
2016-02-11,25.309999,25.35,25.309999,25.35,2300,24.741799
2016-02-10,25.559999,25.60,25.540001,25.549999,2300,24.936999
2016-02-09,25.40,25.540001,25.32,25.49,2900,24.878439
2016-02-08,25.309999,25.440001,25.309999,25.440001,600,24.829639
2016-02-05,25.33,25.43,25.32,25.35,3000,24.741799
2016-02-04,25.379999,25.459999,25.379999,25.379999,1500,24.771078
2016-02-03,25.360001,25.41,25.34,25.379999,4200,24.771078
2016-02-02,25.32,25.379999,25.299999,25.34,2700,24.732038
2016-02-01,25.389999,25.41,25.309999,25.379999,2100,24.771078
2016-01-29,25.379999,25.43,25.309999,25.309999,6900,24.702757
2016-01-28,25.35,25.35,25.35,25.35,200,24.741799
2016-01-27,25.360001,25.360001,25.33,25.360001,1900,24.698855
2016-01-26,25.360001,25.360001,25.360001,25.360001,300,24.698855
2016-01-25,25.43,25.43,25.35,25.41,3400,24.747551
2016-01-22,25.459999,25.459999,25.35,25.42,5000,24.75729
2016-01-21,25.35,25.49,25.35,25.49,1600,24.825465
2016-01-20,25.440001,25.440001,25.35,25.360001,4600,24.698855
2016-01-19,25.43,25.450001,25.41,25.450001,2100,24.786509
2016-01-15,25.450001,25.469999,25.40,25.41,2300,24.747551
2016-01-14,25.450001,25.530001,25.450001,25.49,6400,24.825465
2016-01-13,25.530001,25.549999,25.450001,25.540001,4700,24.874162
2016-01-12,25.52,25.610001,25.48,25.48,4100,24.815725
2016-01-11,25.50,25.610001,25.50,25.59,4600,24.922858
2016-01-08,25.530001,25.559999,25.50,25.51,1000,24.844944
2016-01-07,25.92,25.92,25.48,25.65,2100,24.981293
2016-01-06,25.75,25.75,25.469999,25.639999,1900,24.971554
2016-01-05,25.459999,25.52,25.450001,25.450001,1600,24.786509
2016-01-04,25.51,25.51,25.40,25.49,1300,24.825465
2015-12-31,25.459999,25.51,25.440001,25.51,600,24.844944
2015-12-30,25.40,25.450001,25.40,25.40,3200,24.737811
2015-12-29,25.450001,25.459999,25.35,25.459999,2500,24.796246
2015-12-28,25.59,25.59,25.42,25.43,3100,24.719306
2015-12-24,25.459999,25.459999,25.459999,25.459999,000,24.748467
2015-12-23,25.42,25.459999,25.42,25.459999,800,24.748467
2015-12-22,25.51,25.51,25.51,25.51,300,24.797071
2015-12-21,25.41,25.549999,25.40,25.50,14500,24.78735
2015-12-18,25.40,25.49,25.40,25.42,1900,24.709586
2015-12-17,25.40,25.60,25.40,25.60,600,24.884555
2015-12-16,25.41,25.41,25.41,25.41,400,24.699865
2015-12-15,25.65,25.65,25.459999,25.459999,2200,24.748467
2015-12-14,25.709999,25.709999,25.49,25.530001,2400,24.816512
2015-12-11,25.709999,25.709999,25.52,25.530001,2200,24.816512
2015-12-10,25.549999,25.639999,25.52,25.52,1200,24.806791
2015-12-09,25.620001,25.620001,25.58,25.60,1800,24.884555
2015-12-08,25.709999,25.74,25.52,25.65,2500,24.933157
2015-12-07,25.629999,25.77,25.58,25.639999,2300,24.923437
2015-12-04,25.68,25.73,25.559999,25.559999,3400,24.845672
2015-12-03,25.549999,25.90,25.41,25.85,13300,25.127569
2015-12-02,25.549999,25.57,25.549999,25.549999,400,24.835952
2015-12-01,25.67,25.700001,25.60,25.60,2800,24.884555
2015-11-30,25.60,25.60,25.549999,25.60,1600,24.884555
2015-11-27,25.559999,25.559999,25.49,25.49,300,24.777629
2015-11-25,25.459999,25.559999,25.459999,25.559999,1400,24.793182
2015-11-24,25.610001,25.610001,25.48,25.48,2000,24.715582
2015-11-23,25.459999,25.559999,25.459999,25.559999,6300,24.793182
2015-11-20,25.59,25.59,25.459999,25.459999,4600,24.696182
2015-11-19,25.549999,25.60,25.51,25.51,6300,24.744683
2015-11-18,25.549999,25.549999,25.50,25.540001,3500,24.773783
2015-11-17,25.52,25.549999,25.52,25.52,1500,24.754383
2015-11-16,25.50,25.50,25.50,25.50,000,24.734982
2015-11-13,25.49,25.50,25.459999,25.50,2100,24.734982
2015-11-12,25.459999,25.559999,25.459999,25.459999,5000,24.696182
2015-11-11,25.49,25.549999,25.459999,25.549999,2700,24.783482
2015-11-10,25.530001,25.530001,25.530001,25.530001,400,24.764083
2015-11-09,25.58,25.58,25.51,25.51,400,24.744683
2015-11-06,25.68,25.68,25.68,25.68,800,24.909583
2015-11-05,25.530001,25.66,25.530001,25.639999,900,24.870782
2015-11-04,25.58,25.60,25.469999,25.540001,3000,24.773783
2015-11-03,25.60,25.780001,25.52,25.58,4300,24.812582
2015-11-02,25.60,25.709999,25.60,25.700001,1500,24.928983
2015-10-30,25.790001,25.790001,25.540001,25.559999,3400,24.793182
2015-10-29,25.610001,25.879999,25.549999,25.559999,2800,24.793182
2015-10-28,25.77,25.77,25.60,25.60,4900,24.831983
2015-10-27,25.93,25.93,25.68,25.77,3200,24.944503
2015-10-26,25.629999,25.959999,25.540001,25.879999,4100,25.050978
2015-10-23,25.48,25.48,25.48,25.48,000,24.663792
2015-10-22,25.559999,25.559999,25.48,25.48,2100,24.663792
2015-10-21,25.58,25.58,25.48,25.57,5700,24.750909
2015-10-20,25.549999,25.559999,25.469999,25.530001,3300,24.712191
2015-10-19,25.459999,25.620001,25.459999,25.559999,2900,24.741229
2015-10-16,25.77,25.77,25.48,25.48,300,24.663792
2015-10-15,25.469999,25.620001,25.459999,25.559999,5800,24.741229
2015-10-14,25.50,25.77,25.50,25.60,1300,24.779949
2015-10-13,26.00,26.00,25.469999,25.549999,1600,24.731549
2015-10-12,25.75,25.75,25.58,25.58,700,24.760589
2015-10-09,25.780001,25.780001,25.620001,25.780001,900,24.954183
2015-10-08,25.40,25.879999,25.40,25.67,2500,24.847706
2015-10-07,25.50,25.889999,25.440001,25.83,4100,25.002581
2015-10-06,25.389999,25.459999,25.389999,25.459999,700,24.644432
2015-10-05,25.48,25.48,25.370001,25.370001,1200,24.557317
2015-10-02,25.40,25.50,25.35,25.379999,7800,24.566995
2015-10-01,25.35,25.40,25.35,25.40,400,24.586355
2015-09-30,25.35,25.40,25.35,25.40,900,24.586355
2015-09-29,25.370001,25.43,25.370001,25.370001,1500,24.557317
2015-09-28,25.389999,25.440001,25.389999,25.41,1900,24.544732
2015-09-25,25.440001,25.440001,25.440001,25.440001,100,24.573711
2015-09-24,25.43,25.43,25.43,25.43,700,24.564052
2015-09-23,25.440001,25.440001,25.440001,25.440001,900,24.573711
2015-09-22,25.459999,25.459999,25.42,25.440001,1000,24.573711
2015-09-21,25.49,25.50,25.40,25.50,700,24.631668
2015-09-18,25.50,25.50,25.450001,25.450001,600,24.583371
2015-09-17,25.60,25.60,25.50,25.50,1700,24.631668
2015-09-16,25.459999,25.459999,25.41,25.459999,1100,24.593029
2015-09-15,25.530001,25.58,25.50,25.540001,1100,24.670306
2015-09-14,25.51,25.74,25.51,25.74,200,24.863495
2015-09-11,25.59,25.84,25.469999,25.59,6800,24.718603
2015-09-10,25.440001,25.52,25.42,25.52,900,24.650987
2015-09-09,25.450001,25.59,25.450001,25.59,3500,24.718603
2015-09-08,25.469999,25.559999,25.35,25.440001,4200,24.573711
2015-09-04,25.469999,25.75,25.32,25.41,6400,24.544732
2015-09-03,25.620001,25.620001,25.620001,25.620001,400,24.747582
2015-09-02,25.58,25.58,25.43,25.43,3200,24.564052
2015-09-01,25.48,25.50,25.440001,25.50,900,24.631668
2015-08-31,25.450001,25.65,25.450001,25.50,1500,24.631668
2015-08-28,25.51,25.540001,25.40,25.440001,5700,24.573711
2015-08-27,25.540001,25.540001,25.459999,25.51,800,24.593995
2015-08-26,25.51,25.51,25.51,25.51,000,24.593995
2015-08-25,25.299999,25.68,25.25,25.51,14200,24.593995
2015-08-24,25.40,25.40,25.25,25.299999,3800,24.391535
2015-08-21,25.42,25.469999,25.42,25.42,2100,24.507227
2015-08-20,25.540001,25.540001,25.50,25.51,1000,24.593995
2015-08-19,25.40,25.469999,25.40,25.40,2900,24.487944
2015-08-18,25.41,25.41,25.41,25.41,700,24.497586
2015-08-17,25.540001,25.540001,25.43,25.469999,1700,24.555431
2015-08-14,25.530001,25.559999,25.450001,25.469999,1800,24.555431
2015-08-13,25.450001,25.58,25.379999,25.540001,3900,24.622919
2015-08-12,25.50,25.59,25.459999,25.50,6900,24.584354
2015-08-11,25.690001,25.690001,25.620001,25.620001,400,24.700046
2015-08-10,25.610001,25.719999,25.60,25.60,2300,24.680764
2015-08-07,25.610001,25.690001,25.60,25.60,1200,24.680764
2015-08-06,25.629999,25.67,25.610001,25.610001,1900,24.690405
2015-08-05,25.60,25.700001,25.60,25.700001,300,24.777173
2015-08-04,25.639999,25.65,25.60,25.610001,1100,24.690405
2015-08-03,25.620001,25.639999,25.620001,25.639999,800,24.719326
2015-07-31,25.60,25.66,25.58,25.60,1200,24.680764
2015-07-30,25.780001,25.780001,25.60,25.65,1100,24.728967
2015-07-29,25.790001,25.790001,25.629999,25.780001,1000,24.854301
2015-07-28,25.59,25.98,25.549999,25.75,6100,24.78103
2015-07-27,26.15,26.15,25.52,25.559999,6000,24.598179
2015-07-24,25.76,26.16,25.76,26.030001,1800,25.050494
2015-07-23,25.790001,26.190001,25.75,26.030001,6100,25.050494
2015-07-22,25.860001,26.129999,25.860001,26.07,1800,25.088988
2015-07-21,25.799999,25.879999,25.67,25.879999,1300,24.906137
2015-07-20,25.77,26.219999,25.76,26.200001,8300,25.214097
2015-07-17,25.620001,25.75,25.620001,25.68,2900,24.713664
2015-07-16,25.629999,25.629999,25.60,25.60,4300,24.636675
2015-07-15,25.51,25.549999,25.51,25.549999,2100,24.588555
2015-07-14,25.52,25.530001,25.50,25.50,1200,24.540437
2015-07-13,25.65,25.65,25.549999,25.549999,300,24.588555
2015-07-10,25.51,25.65,25.51,25.51,600,24.550061
2015-07-09,25.559999,25.60,25.52,25.530001,2100,24.569309
2015-07-08,25.620001,25.66,25.549999,25.66,1700,24.694417
2015-07-07,25.82,25.82,25.549999,25.700001,8100,24.732912
2015-07-06,25.74,25.74,25.700001,25.719999,1900,24.752158
2015-07-02,25.700001,25.950001,25.700001,25.73,3200,24.761782
2015-07-01,25.700001,25.969999,25.700001,25.719999,1500,24.752158
2015-06-30,25.75,25.90,25.74,25.90,1000,24.925385
2015-06-29,25.790001,25.90,25.790001,25.90,300,24.925385
2015-06-26,25.620001,25.870001,25.60,25.870001,1100,24.849359
2015-06-25,25.73,25.73,25.719999,25.719999,400,24.705275
2015-06-24,25.66,25.690001,25.66,25.690001,800,24.67646
2015-06-23,25.690001,25.690001,25.690001,25.690001,100,24.67646
2015-06-22,25.610001,25.610001,25.610001,25.610001,200,24.599616
2015-06-19,25.610001,25.66,25.610001,25.66,1300,24.647643
2015-06-18,25.549999,25.60,25.549999,25.60,700,24.59001
2015-06-17,25.540001,25.66,25.540001,25.66,700,24.647643
2015-06-16,25.549999,25.57,25.549999,25.57,1300,24.561193
2015-06-15,25.52,25.60,25.51,25.59,1500,24.580405
2015-06-12,25.50,25.58,25.50,25.58,2400,24.570799
2015-06-11,25.57,25.57,25.530001,25.549999,2800,24.541982
2015-06-10,25.549999,25.58,25.549999,25.58,1500,24.570799
2015-06-09,25.49,25.559999,25.49,25.549999,1600,24.541982
2015-06-08,25.549999,25.549999,25.50,25.50,1300,24.493955
2015-06-05,25.43,25.43,25.43,25.43,200,24.426717
2015-06-04,25.450001,25.450001,25.450001,25.450001,100,24.445929
2015-06-03,25.540001,25.60,25.48,25.50,4100,24.493955
2015-06-02,25.450001,25.59,25.450001,25.559999,1400,24.551588
2015-06-01,25.629999,25.629999,25.360001,25.50,4500,24.493955
2015-05-29,25.50,25.629999,25.50,25.629999,6600,24.618826
2015-05-28,25.639999,25.65,25.51,25.530001,3900,24.522772
2015-05-27,25.690001,25.690001,25.690001,25.690001,400,24.629392
2015-05-26,25.549999,25.65,25.530001,25.65,3300,24.591043
2015-05-22,25.559999,25.58,25.530001,25.530001,2900,24.475998
2015-05-21,25.65,25.709999,25.65,25.709999,2900,24.648565
2015-05-20,25.57,25.620001,25.57,25.58,3200,24.523933
2015-05-19,25.52,25.690001,25.52,25.639999,1800,24.581456
2015-05-18,25.469999,25.799999,25.459999,25.65,6500,24.591043
2015-05-15,25.610001,25.90,25.540001,25.90,6800,24.830722
2015-05-14,25.51,25.969999,25.40,25.85,4800,24.782787
2015-05-13,25.639999,25.76,25.459999,25.75,3300,24.686915
2015-05-12,25.700001,25.75,25.68,25.709999,5300,24.648565
2015-05-11,25.35,25.50,25.35,25.50,2900,24.447236
2015-05-08,25.299999,25.620001,25.299999,25.370001,1000,24.322604
2015-05-07,25.51,25.52,25.139999,25.25,8000,24.207557
2015-05-06,25.90,25.99,24.90,25.610001,7300,24.552695
2015-05-05,26.200001,26.200001,25.940001,26.07,2100,24.993703
2015-05-04,25.889999,26.09,25.889999,26.049999,6300,24.974529
2015-05-01,26.00,26.049999,25.98,26.00,3800,24.926594
2015-04-30,26.049999,26.110001,25.809999,25.90,4800,24.830722
2015-04-29,26.16,26.17,26.16,26.17,500,25.089575
2015-04-28,26.09,26.10,26.049999,26.10,800,24.976447
2015-04-27,26.10,26.190001,26.10,26.190001,600,25.062573
2015-04-24,26.059999,26.059999,26.040001,26.049999,1400,24.928598
2015-04-23,26.299999,26.299999,26.120001,26.120001,4700,24.995586
2015-04-22,26.200001,26.309999,26.15,26.309999,1600,25.177406
2015-04-21,26.18,26.26,26.18,26.25,2200,25.119989
2015-04-20,26.23,26.24,26.200001,26.200001,2600,25.072142
2015-04-17,26.360001,26.360001,26.360001,26.360001,200,25.225255
2015-04-16,26.219999,26.379999,26.219999,26.370001,3300,25.234824
2015-04-15,26.219999,26.360001,26.209999,26.35,2500,25.215685
2015-04-14,26.24,26.24,26.24,26.24,800,25.11042
2015-04-13,26.190001,26.309999,26.190001,26.25,3000,25.119989
2015-04-10,26.200001,26.34,26.200001,26.219999,5000,25.09128
2015-04-09,26.25,26.25,26.200001,26.209999,3600,25.08171
2015-04-08,26.42,26.42,26.23,26.25,2000,25.119989
2015-04-07,26.379999,26.549999,26.35,26.530001,8100,25.387937
2015-04-06,26.299999,26.299999,26.299999,26.299999,000,25.167836
2015-04-02,26.25,26.549999,26.200001,26.299999,13300,25.167836
2015-04-01,26.26,26.530001,26.26,26.27,1600,25.139129
2015-03-31,26.24,26.26,26.24,26.26,600,25.129559
2015-03-30,26.18,26.25,26.18,26.25,700,25.119989
2015-03-27,26.280001,26.280001,26.17,26.17,900,24.980275
2015-03-26,26.290001,26.290001,26.290001,26.290001,600,25.09482
2015-03-25,26.299999,26.299999,26.139999,26.200001,2500,25.008912
2015-03-24,26.26,26.32,26.129999,26.32,2400,25.123455
2015-03-23,26.32,26.32,26.120001,26.23,3200,25.037547
2015-03-20,26.24,26.25,26.10,26.25,2800,25.056638
2015-03-19,26.33,26.33,26.10,26.280001,2100,25.085275
2015-03-18,26.030001,26.389999,26.030001,26.389999,3900,25.190273
2015-03-17,26.09,26.32,26.030001,26.32,5800,25.123455
2015-03-16,26.41,26.43,26.41,26.43,2200,25.228455
2015-03-13,26.50,26.549999,25.99,26.16,8000,24.970729
2015-03-12,26.549999,26.549999,26.50,26.50,2900,25.295272
2015-03-11,26.50,26.540001,26.50,26.50,1600,25.295272
2015-03-10,26.549999,26.549999,26.50,26.50,5600,25.295272
2015-03-09,26.50,26.549999,26.50,26.549999,7000,25.342999
2015-03-06,26.51,26.549999,26.51,26.549999,600,25.342999
2015-03-05,26.51,26.60,26.50,26.50,5400,25.295272
2015-03-04,26.629999,26.629999,26.50,26.50,1400,25.295272
2015-03-03,26.50,26.700001,26.50,26.50,35400,25.295272
2015-03-02,26.530001,26.549999,26.50,26.549999,1800,25.342999
2015-02-27,26.50,26.700001,26.50,26.549999,2100,25.342999
2015-02-26,26.530001,26.690001,26.530001,26.690001,2200,25.476635
2015-02-25,26.50,26.50,26.50,26.50,1100,25.295272
2015-02-24,26.620001,26.74,26.50,26.52,1700,25.240865
2015-02-23,26.549999,26.60,26.549999,26.60,500,25.317006
2015-02-20,26.549999,26.549999,26.530001,26.549999,800,25.269417
2015-02-19,26.51,26.59,26.50,26.59,500,25.307489
2015-02-18,26.58,26.709999,26.58,26.709999,200,25.4217
2015-02-17,26.549999,26.74,26.50,26.60,5400,25.317006
2015-02-13,26.58,26.58,26.57,26.57,200,25.288453
2015-02-12,26.58,26.73,26.549999,26.57,2500,25.288453
2015-02-11,26.77,26.77,26.549999,26.549999,3300,25.269417
2015-02-10,26.700001,26.700001,26.700001,26.700001,000,25.412184
2015-02-09,26.700001,26.700001,26.700001,26.700001,200,25.412184
2015-02-06,26.540001,26.60,26.50,26.549999,2600,25.269417
2015-02-05,26.52,26.68,26.50,26.68,2700,25.393148
2015-02-04,26.41,26.50,26.40,26.50,11000,25.221829
2015-02-03,26.40,26.50,26.40,26.40,13200,25.126652
2015-02-02,26.799999,26.85,26.450001,26.450001,3700,25.174242
2015-01-30,26.42,27.360001,26.42,26.99,41500,25.688195
2015-01-29,26.25,26.40,26.15,26.40,4000,25.126652
2015-01-28,26.25,26.280001,26.209999,26.209999,800,24.945816
2015-01-27,26.76,26.76,26.51,26.629999,1600,25.265609
2015-01-26,26.459999,26.549999,26.40,26.549999,15000,25.189708
2015-01-23,26.639999,26.68,26.51,26.58,2300,25.218172
2015-01-22,26.98,26.98,26.52,26.700001,4400,25.332024
2015-01-21,26.40,26.68,26.40,26.50,8400,25.14227
2015-01-20,26.139999,26.41,26.139999,26.32,4100,24.971492
2015-01-16,26.459999,26.459999,26.08,26.27,6900,24.924055
2015-01-15,26.07,26.290001,26.00,26.290001,8000,24.943031
2015-01-14,26.01,26.139999,26.01,26.049999,700,24.715325
2015-01-13,26.16,26.16,26.059999,26.059999,600,24.724813
2015-01-12,26.049999,26.07,26.049999,26.07,500,24.734301
2015-01-09,26.00,26.030001,25.99,26.030001,1800,24.696352
2015-01-08,26.10,26.10,26.02,26.02,1700,24.686864
2015-01-07,26.129999,26.15,26.129999,26.15,800,24.810202
2015-01-06,26.049999,26.049999,26.049999,26.049999,1500,24.715325
2015-01-05,26.15,26.15,26.00,26.040001,4600,24.705839
2015-01-02,26.15,26.15,26.10,26.129999,1700,24.791227
2014-12-31,26.200001,26.200001,25.700001,25.99,6700,24.6584
2014-12-30,26.26,26.26,26.25,26.25,500,24.905079
2014-12-29,26.290001,26.32,26.290001,26.299999,1000,24.952517
2014-12-26,26.25,26.34,26.24,26.33,6200,24.900336
2014-12-24,26.34,26.35,26.34,26.34,900,24.909793
2014-12-23,26.370001,26.450001,26.33,26.33,300,24.900336
2014-12-22,26.360001,26.459999,26.360001,26.360001,5800,24.928707
2014-12-19,26.549999,26.559999,26.42,26.42,1200,24.985449
2014-12-18,26.40,26.450001,26.40,26.42,9600,24.985449
2014-12-17,26.469999,26.469999,26.469999,26.469999,500,25.032733
2014-12-16,26.42,26.440001,26.42,26.43,2600,24.994906
2014-12-15,26.360001,26.43,26.360001,26.370001,1700,24.938165
2014-12-12,26.379999,26.379999,26.360001,26.370001,2200,24.938165
2014-12-11,26.50,26.50,26.469999,26.469999,500,25.032733
2014-12-10,26.389999,26.43,26.389999,26.43,2400,24.994906
2014-12-09,26.389999,26.389999,26.389999,26.389999,200,24.957077
2014-12-08,26.34,26.379999,26.34,26.379999,2900,24.94762
2014-12-05,26.35,26.35,26.35,26.35,200,24.91925
2014-12-04,26.33,26.42,26.33,26.34,1100,24.909793
2014-12-03,26.379999,26.379999,26.35,26.35,4100,24.91925
2014-12-02,26.379999,26.40,26.379999,26.40,700,24.966534
2014-12-01,26.40,26.42,26.34,26.42,4200,24.985449
2014-11-28,26.33,26.33,26.33,26.33,200,24.900336
2014-11-26,26.33,26.389999,26.33,26.35,1100,24.91925
2014-11-25,26.35,26.52,26.35,26.51,5400,24.989232
2014-11-24,26.43,26.50,26.389999,26.50,3000,24.979805
2014-11-21,26.26,26.49,26.26,26.48,3300,24.960952
2014-11-20,26.40,26.48,26.40,26.48,3500,24.960952
2014-11-19,26.370001,26.540001,26.370001,26.41,6700,24.894968
2014-11-18,26.50,26.540001,26.50,26.540001,1800,25.017512
2014-11-17,26.530001,26.549999,26.50,26.50,600,24.979805
2014-11-14,26.41,26.50,26.41,26.50,4900,24.979805
2014-11-13,26.40,26.40,26.370001,26.370001,1500,24.857264
2014-11-12,26.33,26.42,26.33,26.40,1700,24.885542
2014-11-11,26.450001,26.450001,26.33,26.370001,3100,24.857264
2014-11-10,26.42,26.42,26.42,26.42,700,24.904395
2014-11-07,26.35,26.360001,26.34,26.35,1100,24.838411
2014-11-06,26.379999,26.43,26.33,26.389999,2600,24.876115
2014-11-05,26.459999,26.469999,26.440001,26.450001,500,24.932674
2014-11-04,26.67,26.67,26.41,26.440001,4000,24.923248
2014-11-03,26.50,26.50,26.50,26.50,000,24.979805
2014-10-31,26.50,26.700001,26.43,26.50,9300,24.979805
2014-10-30,26.370001,26.450001,26.309999,26.450001,1400,24.932674
2014-10-29,26.280001,26.40,26.280001,26.389999,1300,24.876115
2014-10-28,26.33,26.35,26.280001,26.280001,4700,24.686647
2014-10-27,26.370001,26.42,26.33,26.33,3200,24.733615
2014-10-24,26.360001,26.40,26.32,26.40,1000,24.79937
2014-10-23,26.209999,26.450001,26.209999,26.389999,2200,24.789976
2014-10-22,26.32,26.450001,26.32,26.360001,2700,24.761796
2014-10-21,26.50,26.610001,26.309999,26.32,11400,24.724221
2014-10-20,26.92,26.93,26.49,26.52,10200,24.912095
2014-10-17,26.440001,26.50,26.440001,26.50,1400,24.893308
2014-10-16,26.27,26.33,26.27,26.33,600,24.733615
2014-10-15,26.440001,26.49,26.27,26.27,4800,24.677253
2014-10-14,26.200001,26.57,26.200001,26.299999,9000,24.705433
2014-10-13,26.200001,26.290001,26.200001,26.27,1700,24.677253
2014-10-10,26.65,26.66,26.299999,26.299999,5700,24.705433
2014-10-09,26.76,26.780001,26.65,26.65,900,25.034213
2014-10-08,27.10,27.110001,26.66,26.799999,3200,25.175118
2014-10-07,26.950001,26.950001,26.950001,26.950001,000,25.316025
2014-10-06,26.950001,26.950001,26.950001,26.950001,400,25.316025
2014-10-03,26.66,26.92,26.610001,26.92,2800,25.287843
2014-10-02,27.049999,27.049999,26.620001,26.620001,1500,25.006033
2014-10-01,26.99,26.99,26.68,26.98,4600,25.344205
2014-09-30,26.540001,26.90,26.530001,26.709999,2700,25.090574
2014-09-29,27.00,27.280001,26.66,26.76,13300,25.137544
2014-09-26,26.75,27.35,26.629999,27.200001,76700,25.463505
2014-09-25,27.309999,27.32,26.00,26.84,28400,25.126487
2014-09-24,27.15,27.33,27.030001,27.129999,19700,25.397972
2014-09-23,27.450001,27.450001,27.049999,27.25,23400,25.510312
2014-09-22,27.02,27.40,27.00,27.00,11300,25.276272
2014-09-19,27.10,27.10,27.02,27.049999,1300,25.32308
2014-09-18,27.10,27.209999,27.02,27.129999,7700,25.397972
2014-09-17,27.00,27.299999,27.00,27.25,7400,25.510312
2014-09-16,27.040001,27.040001,27.00,27.00,1400,25.276272
2014-09-15,27.15,27.15,27.15,27.15,000,25.416696
2014-09-12,26.75,27.15,26.75,27.15,6900,25.416696
2014-09-11,26.549999,26.639999,26.530001,26.639999,1700,24.939255
2014-09-10,26.629999,26.90,26.629999,26.90,1700,25.182656
2014-09-09,26.43,26.73,26.42,26.700001,6400,24.995426
2014-09-08,26.440001,26.469999,26.42,26.450001,900,24.761386
2014-09-05,26.549999,26.549999,26.33,26.33,4600,24.649046
2014-09-04,26.73,26.73,26.40,26.52,3900,24.826917
2014-09-03,26.50,26.68,26.50,26.52,3400,24.826917
2014-09-02,26.549999,26.74,26.549999,26.74,300,25.032871
2014-08-29,27.00,27.00,26.440001,26.440001,3800,24.752024
2014-08-28,27.10,27.10,26.65,26.969999,3500,25.248187
2014-08-27,26.65,26.68,26.610001,26.620001,3000,24.920533
2014-08-26,26.85,26.85,26.51,26.639999,4300,24.851257
2014-08-25,26.799999,26.82,26.719999,26.82,5600,25.019171
2014-08-22,26.60,26.940001,26.60,26.65,4200,24.860586
2014-08-21,26.90,26.90,26.60,26.60,2000,24.813944
2014-08-20,26.90,27.00,26.90,26.90,600,25.093799
2014-08-19,27.299999,27.299999,26.780001,26.799999,3300,25.000514
2014-08-18,27.299999,27.299999,27.00,27.00,5000,25.187085
2014-08-15,27.299999,27.299999,27.299999,27.299999,000,25.466941
2014-08-14,26.700001,27.299999,26.700001,27.299999,1300,25.466941
2014-08-13,27.290001,27.290001,26.629999,26.629999,400,24.841928
2014-08-12,27.209999,27.209999,26.469999,26.469999,4700,24.692671
2014-08-11,26.73,26.75,26.73,26.75,3000,24.953872
2014-08-08,27.299999,27.299999,27.299999,27.299999,000,25.466941
2014-08-07,27.530001,27.530001,26.60,27.299999,5800,25.466941
2014-08-06,26.639999,27.84,26.639999,26.73,4800,24.935214
2014-08-05,26.860001,26.879999,26.459999,26.459999,1300,24.683343
2014-08-04,26.700001,26.700001,26.59,26.59,600,24.804615
2014-08-01,26.440001,26.879999,26.360001,26.879999,5200,25.075142
2014-07-31,26.450001,26.450001,26.299999,26.40,3000,24.627372
2014-07-30,26.459999,26.459999,26.379999,26.379999,1000,24.608714
2014-07-29,26.51,26.51,26.48,26.48,400,24.61711
2014-07-28,26.35,26.42,26.35,26.41,600,24.552035
2014-07-25,26.450001,26.450001,26.219999,26.26,3200,24.412588
2014-07-24,26.50,26.59,26.50,26.59,900,24.719372
2014-07-23,26.58,26.620001,26.440001,26.610001,2100,24.737965
2014-07-22,26.790001,26.879999,26.60,26.60,3100,24.728668
2014-07-21,26.610001,26.68,26.58,26.629999,2200,24.756557
2014-07-18,26.42,26.549999,26.42,26.549999,1000,24.682185
2014-07-17,26.620001,26.620001,26.620001,26.620001,300,24.747262
2014-07-16,26.43,26.51,26.43,26.459999,500,24.598516
2014-07-15,26.370001,26.540001,26.370001,26.540001,400,24.67289
2014-07-14,26.629999,26.629999,26.459999,26.459999,900,24.598516
2014-07-11,26.33,26.33,26.33,26.33,300,24.477663
2014-07-10,26.50,26.50,26.50,26.50,000,24.635703
2014-07-09,26.459999,26.50,26.35,26.50,900,24.635703
2014-07-08,26.42,26.799999,26.42,26.42,3000,24.561331
2014-07-07,26.440001,26.440001,26.440001,26.440001,1600,24.579925
2014-07-03,26.35,26.879999,26.309999,26.879999,1700,24.988969
2014-07-02,26.26,26.969999,26.26,26.379999,2200,24.524144
2014-07-01,26.879999,26.879999,26.879999,26.879999,500,24.988969
2014-06-30,26.540001,26.92,26.290001,26.299999,4500,24.449773
2014-06-27,26.209999,26.450001,26.209999,26.23,2700,24.384697
2014-06-26,26.540001,26.540001,26.25,26.280001,2800,24.35588
2014-06-25,26.33,26.33,26.200001,26.280001,3600,24.35588
2014-06-24,26.40,26.40,26.25,26.299999,3200,24.374415
2014-06-23,26.27,26.40,26.27,26.40,1600,24.467094
2014-06-20,26.40,26.40,26.209999,26.40,1500,24.467094
2014-06-19,26.389999,26.389999,26.26,26.35,2200,24.420755
2014-06-18,26.23,26.280001,26.23,26.280001,1400,24.35588
2014-06-17,26.110001,26.440001,26.110001,26.200001,2800,24.281738
2014-06-16,26.15,26.23,26.139999,26.139999,2000,24.22613
2014-06-13,26.17,26.17,26.120001,26.120001,900,24.207595
2014-06-12,26.10,26.26,26.10,26.23,2800,24.30954
2014-06-11,26.09,26.24,25.91,26.24,3600,24.318808
2014-06-10,26.40,26.450001,25.85,26.280001,8500,24.35588
2014-06-09,26.799999,26.84,26.549999,26.549999,1200,24.606111
2014-06-06,26.559999,26.620001,26.42,26.42,2000,24.48563
2014-06-05,26.57,26.57,26.549999,26.549999,300,24.606111
2014-06-04,26.60,26.799999,26.549999,26.799999,2300,24.837807
2014-06-03,26.50,26.610001,26.50,26.610001,900,24.661719
2014-06-02,26.60,26.60,26.60,26.60,200,24.652451
2014-05-30,26.65,26.65,26.60,26.60,400,24.652451
2014-05-29,26.82,26.84,26.60,26.66,1200,24.708058
2014-05-28,26.889999,27.00,26.60,26.65,4000,24.69879
2014-05-27,27.299999,27.299999,27.00,27.00,2200,24.954581
2014-05-23,26.700001,26.700001,26.629999,26.629999,200,24.61261
2014-05-22,26.82,27.00,26.77,26.83,5300,24.79746
2014-05-21,26.99,27.059999,26.90,27.01,1900,24.963824
2014-05-20,26.91,27.040001,26.90,27.040001,1700,24.991552
2014-05-19,26.90,27.15,26.90,26.90,2700,24.862156
2014-05-16,26.91,27.450001,26.860001,27.40,2100,25.324278
2014-05-15,26.940001,27.40,26.82,27.059999,2100,25.010035
2014-05-14,27.440001,27.450001,27.190001,27.190001,3500,25.130188
2014-05-13,27.030001,27.049999,27.030001,27.049999,600,25.000793
2014-05-12,27.00,27.40,26.99,27.40,3400,25.324278
2014-05-09,26.93,27.360001,26.809999,27.360001,2300,25.28731
2014-05-08,26.870001,27.389999,26.870001,27.18,1000,25.120945
2014-05-07,27.25,27.40,26.870001,27.40,600,25.324278
2014-05-06,27.40,27.40,27.35,27.379999,1100,25.305793
2014-05-05,27.00,27.42,26.950001,27.200001,2300,25.139431
2014-05-02,27.049999,27.280001,27.049999,27.15,1400,25.093217
2014-05-01,27.219999,27.219999,26.83,26.90,2400,24.862156
2014-04-30,27.200001,27.200001,27.15,27.200001,3800,25.139431
2014-04-29,27.75,27.75,27.40,27.450001,12000,25.370492
2014-04-28,27.790001,27.83,27.719999,27.83,2100,25.644992
2014-04-25,27.700001,27.879999,27.50,27.879999,800,25.691066
2014-04-24,27.799999,27.969999,27.43,27.969999,1100,25.774
2014-04-23,27.370001,27.790001,27.110001,27.790001,4100,25.608134
2014-04-22,27.40,27.74,27.219999,27.27,2300,25.12896
2014-04-21,27.440001,28.09,26.92,27.790001,7100,25.608134
2014-04-17,27.200001,27.43,27.200001,27.43,7100,25.276398
2014-04-16,26.83,27.43,26.83,27.40,8500,25.248753
2014-04-15,26.93,27.139999,26.76,26.90,2400,24.788009
2014-04-14,27.299999,27.299999,27.15,27.15,1000,25.018381
2014-04-11,27.01,27.889999,27.00,27.09,2000,24.963092
2014-04-10,26.360001,27.32,26.360001,27.049999,20900,24.926232
2014-04-09,26.559999,26.559999,26.41,26.41,1000,24.33648
2014-04-08,26.42,26.559999,26.42,26.559999,1000,24.474703
2014-04-07,26.49,26.57,26.34,26.549999,8300,24.465488
2014-04-04,26.52,26.52,26.34,26.40,2400,24.327265
2014-04-03,26.450001,26.58,26.42,26.58,6500,24.493133
2014-04-02,26.389999,26.809999,26.379999,26.60,2700,24.511563
2014-04-01,26.879999,26.879999,26.870001,26.870001,600,24.760365
2014-03-31,26.40,26.879999,26.40,26.879999,9600,24.769579
2014-03-28,26.43,26.440001,26.35,26.35,4200,24.281192
2014-03-27,26.360001,26.52,26.280001,26.280001,3100,24.142047
2014-03-26,26.25,26.620001,26.25,26.360001,16600,24.215538
2014-03-25,26.50,26.50,26.379999,26.43,1800,24.279843
2014-03-24,26.40,26.530001,26.40,26.450001,7100,24.298217
2014-03-21,26.389999,26.48,26.35,26.360001,3100,24.215538
2014-03-20,26.879999,26.879999,26.50,26.549999,2900,24.39008
2014-03-19,26.299999,26.629999,26.299999,26.629999,2200,24.463572
2014-03-18,26.299999,26.83,26.25,26.50,4300,24.344148
2014-03-17,26.299999,26.299999,26.299999,26.299999,000,24.160418
2014-03-14,26.35,26.35,26.299999,26.299999,1900,24.160418
2014-03-13,26.26,26.290001,26.26,26.27,700,24.13286
2014-03-12,26.200001,26.790001,26.200001,26.299999,2200,24.160418
2014-03-11,26.75,26.77,26.75,26.77,2700,24.592184
2014-03-10,26.700001,26.700001,26.65,26.65,400,24.481945
2014-03-07,26.75,26.75,26.75,26.75,1000,24.57381
2014-03-06,26.629999,26.99,26.629999,26.75,1000,24.57381
2014-03-05,26.889999,27.00,26.610001,27.00,5400,24.803472
2014-03-04,26.15,26.799999,26.15,26.799999,4300,24.619742
2014-03-03,26.24,26.299999,26.16,26.299999,6000,24.160418
2014-02-28,26.219999,26.469999,26.219999,26.459999,1800,24.307402
2014-02-27,26.469999,26.469999,26.26,26.280001,1200,24.142047
2014-02-26,26.290001,26.290001,26.290001,26.290001,800,24.151233
2014-02-25,26.280001,26.280001,26.280001,26.280001,500,24.07223
2014-02-24,26.469999,26.469999,26.24,26.32,3100,24.108869
2014-02-21,26.15,26.209999,26.15,26.209999,1100,24.008109
2014-02-20,26.08,26.209999,26.08,26.209999,5300,24.008109
2014-02-19,26.27,26.27,26.040001,26.09,600,23.898192
2014-02-18,26.17,26.17,26.02,26.049999,3000,23.861551
2014-02-14,26.190001,26.200001,26.02,26.02,2700,23.834072
2014-02-13,26.049999,26.200001,26.049999,26.200001,4100,23.998951
2014-02-12,26.10,26.10,26.10,26.10,400,23.907352
2014-02-11,26.309999,26.309999,25.860001,26.10,2300,23.907352
2014-02-10,26.110001,26.120001,25.860001,25.860001,5500,23.687514
2014-02-07,26.34,26.34,26.34,26.34,000,24.127189
2014-02-06,26.08,26.34,26.040001,26.34,3800,24.127189
2014-02-05,26.02,26.280001,26.02,26.15,5400,23.95315
2014-02-04,26.00,26.35,26.00,26.35,2900,24.136349
2014-02-03,26.35,26.35,25.950001,26.15,1000,23.95315
2014-01-31,26.35,26.370001,26.35,26.360001,1800,24.145509
2014-01-30,26.17,26.32,26.17,26.32,1100,24.108869
2014-01-29,26.35,26.35,25.93,25.93,2700,23.751633
2014-01-28,26.09,26.26,26.09,26.25,3500,23.97605
2014-01-27,26.200001,26.209999,26.01,26.120001,1900,23.857313
2014-01-24,26.40,26.50,26.00,26.18,9700,23.912115
2014-01-23,26.280001,26.51,26.25,26.51,7200,24.213528
2014-01-22,26.700001,26.700001,26.35,26.559999,1100,24.259196
2014-01-21,26.16,26.379999,26.16,26.24,2500,23.966917
2014-01-17,26.50,26.50,26.33,26.33,200,24.04912
2014-01-16,26.75,26.75,26.299999,26.75,2500,24.432737
2014-01-15,26.610001,26.75,26.280001,26.75,2100,24.432737
2014-01-14,26.950001,26.950001,26.940001,26.940001,1100,24.606279
2014-01-13,26.52,26.77,26.389999,26.77,1200,24.451005
2014-01-10,27.120001,27.120001,27.059999,27.059999,600,24.715882
2014-01-09,26.77,26.84,26.77,26.809999,700,24.487539
2014-01-08,26.35,27.25,26.35,26.65,12500,24.341399
2014-01-07,26.860001,26.860001,26.360001,26.360001,3700,24.076522
2014-01-06,26.50,26.60,26.50,26.60,3900,24.295731
2014-01-03,26.26,26.42,26.26,26.42,1200,24.131324
2014-01-02,26.77,26.77,26.299999,26.309999,3600,24.030852
2013-12-31,26.74,26.85,26.74,26.85,2200,24.524075
2013-12-30,26.57,26.83,26.57,26.83,1800,24.505807
2013-12-27,26.57,26.60,26.57,26.57,4200,24.26833
2013-12-26,26.110001,26.74,26.00,26.65,9400,24.272895
2013-12-24,26.309999,26.35,26.15,26.17,3300,23.83571
2013-12-23,26.76,26.799999,26.290001,26.290001,5400,23.945008
2013-12-20,26.780001,26.90,26.09,26.90,5200,24.500596
2013-12-19,26.59,26.639999,26.59,26.639999,400,24.263787
2013-12-18,26.10,26.10,26.10,26.10,200,23.771955
2013-12-17,26.07,26.26,26.07,26.26,2600,23.917683
2013-12-16,26.040001,26.59,26.040001,26.59,700,24.218248
2013-12-13,26.00,26.42,26.00,26.42,3000,24.063411
2013-12-12,26.00,26.629999,26.00,26.299999,4200,23.954114
2013-12-11,25.940001,26.00,25.82,25.99,4700,23.671766
2013-12-10,26.32,26.32,25.860001,26.00,3000,23.680874
2013-12-09,26.209999,26.219999,25.92,25.92,3600,23.60801
2013-12-06,26.42,26.42,26.42,26.42,100,24.063411
2013-12-05,26.219999,26.49,26.10,26.209999,2100,23.872142
2013-12-04,26.24,26.299999,25.85,26.16,7700,23.826602
2013-12-03,26.35,26.35,26.23,26.23,800,23.890358
2013-12-02,26.26,26.26,26.26,26.26,000,23.917683
2013-11-29,26.26,26.26,26.26,26.26,000,23.917683
2013-11-27,26.51,26.82,26.120001,26.26,2700,23.917683
2013-11-26,26.540001,26.889999,26.51,26.52,5200,24.154492
2013-11-25,27.00,27.299999,26.50,27.00,6800,24.516991
2013-11-22,26.75,27.00,26.690001,27.00,6100,24.516991
2013-11-21,26.50,26.75,26.50,26.75,3900,24.289982
2013-11-20,26.75,26.75,26.51,26.60,7500,24.153777
2013-11-19,26.65,26.75,26.50,26.75,7300,24.289982
2013-11-18,26.610001,26.700001,26.610001,26.700001,4300,24.244581
2013-11-15,26.60,26.700001,26.32,26.700001,2700,24.244581
2013-11-14,26.469999,26.469999,26.469999,26.469999,000,24.035731
2013-11-13,26.700001,26.700001,26.469999,26.469999,700,24.035731
2013-11-12,26.60,26.700001,26.60,26.700001,1000,24.244581
2013-11-11,26.75,26.75,26.60,26.60,2600,24.153777
2013-11-08,26.90,26.90,26.90,26.90,1200,24.426187
2013-11-07,26.879999,26.90,26.76,26.90,1000,24.426187
2013-11-06,27.00,27.00,26.610001,26.90,2000,24.426187
2013-11-05,26.50,26.85,26.24,26.85,5100,24.380786
2013-11-04,26.16,26.16,26.15,26.15,300,23.74516
2013-11-01,26.059999,26.26,26.059999,26.25,400,23.835964
2013-10-31,27.00,27.00,26.82,26.85,4900,24.380786
2013-10-30,26.440001,26.50,26.35,26.450001,2100,24.017572
2013-10-29,26.50,26.50,26.35,26.50,1400,23.980342
2013-10-28,26.700001,26.700001,26.35,26.35,1800,23.844604
2013-10-25,26.35,26.700001,26.35,26.700001,300,24.161326
2013-10-24,26.719999,26.719999,26.719999,26.719999,000,24.179423
2013-10-23,26.629999,26.90,26.360001,26.719999,2900,24.179423
2013-10-22,26.700001,26.959999,26.700001,26.940001,2700,24.378506
2013-10-21,27.00,27.00,26.48,26.700001,4300,24.161326
2013-10-18,27.00,27.00,26.610001,26.610001,1600,24.079883
2013-10-17,26.92,26.92,26.209999,26.60,800,24.070834
2013-10-16,26.24,26.60,26.200001,26.549999,1600,24.025587
2013-10-15,26.700001,27.00,26.139999,26.60,3500,24.070834
2013-10-14,26.700001,26.90,26.700001,26.90,2100,24.342309
2013-10-11,26.00,26.99,26.00,26.57,2900,24.043686
2013-10-10,25.959999,26.950001,25.959999,26.469999,1500,23.953193
2013-10-09,26.719999,26.719999,26.719999,26.719999,400,24.179423
2013-10-08,25.950001,26.48,25.48,26.07,3300,23.591226
2013-10-07,26.049999,26.719999,25.790001,26.719999,2400,24.179423
2013-10-04,27.040001,27.040001,27.040001,27.040001,000,24.468998
2013-10-03,26.40,27.09,26.15,27.040001,4400,24.468998
2013-10-02,26.09,26.66,26.00,26.200001,6600,23.708867
2013-10-01,25.99,26.35,25.99,26.00,3600,23.527882
2013-09-30,25.99,26.00,25.90,25.99,4900,23.518833
2013-09-27,26.00,26.00,25.889999,25.99,6500,23.518833
2013-09-26,26.00,26.00,25.51,25.940001,3900,23.395764
2013-09-25,25.549999,25.99,25.52,25.99,5700,23.440859
2013-09-24,25.620001,26.00,25.52,26.00,3600,23.449879
2013-09-23,25.940001,25.950001,25.629999,25.950001,1500,23.404783
2013-09-20,25.950001,25.950001,25.530001,25.799999,1300,23.269494
2013-09-19,26.00,26.00,25.889999,25.950001,3400,23.404783
2013-09-18,25.75,25.99,25.51,25.98,2800,23.43184
2013-09-17,25.76,25.780001,25.52,25.60,3000,23.089112
2013-09-16,25.77,26.00,25.76,25.969999,3900,23.422821
2013-09-13,25.969999,26.00,25.90,26.00,5100,23.449879
2013-09-12,25.77,25.780001,25.76,25.76,800,23.233418
2013-09-11,25.82,25.90,25.82,25.889999,4300,23.350667
2013-09-10,26.00,26.00,25.77,25.959999,6600,23.413801
2013-09-09,26.15,26.15,25.77,26.00,4500,23.449879
2013-09-06,26.120001,26.15,25.90,26.139999,4100,23.576147
2013-09-05,25.90,26.00,25.84,26.00,2800,23.449879
2013-09-04,25.809999,26.15,25.790001,26.15,1900,23.585166
2013-09-03,25.60,26.139999,25.60,26.139999,3000,23.576147
2013-08-30,25.85,25.91,25.32,25.91,2400,23.368706
2013-08-29,26.139999,26.139999,25.26,25.85,1500,23.314591
2013-08-28,25.84,26.139999,25.780001,25.92,2400,23.377725
2013-08-27,25.50,25.93,25.50,25.620001,2100,23.036801
2013-08-26,25.60,26.190001,25.60,26.16,1900,23.522354
2013-08-23,25.50,25.60,25.389999,25.60,1900,23.018817
2013-08-22,25.25,25.530001,25.25,25.40,7900,22.838982
2013-08-21,25.25,25.25,25.25,25.25,400,22.704107
2013-08-20,25.27,25.60,25.15,25.23,3400,22.686123
2013-08-19,25.33,25.35,24.75,25.299999,6100,22.749065
2013-08-16,25.549999,25.629999,24.959999,25.620001,10000,23.036801
2013-08-15,25.709999,26.049999,25.540001,25.540001,6600,22.964868
2013-08-14,26.120001,26.93,25.60,25.610001,8300,23.027809
2013-08-13,26.530001,26.57,26.00,26.110001,3400,23.477396
2013-08-12,26.32,26.549999,26.200001,26.440001,3500,23.774123
2013-08-09,26.35,26.40,26.34,26.40,900,23.738155
2013-08-08,26.450001,26.98,26.32,26.32,1100,23.666221
2013-08-07,26.34,26.99,26.33,26.540001,2700,23.86404
2013-08-06,26.700001,26.950001,26.360001,26.360001,1800,23.702189
2013-08-05,26.370001,26.559999,26.32,26.559999,2000,23.882022
2013-08-02,27.00,27.41,26.700001,26.700001,3000,24.007908
2013-08-01,27.02,27.40,27.00,27.00,1900,24.277659
2013-07-31,26.52,29.00,26.51,26.85,5900,24.142783
2013-07-30,27.200001,27.200001,26.50,26.68,2700,23.989924
2013-07-29,27.219999,27.219999,26.24,26.34,1100,23.619465
2013-07-26,27.00,27.040001,26.25,26.25,2200,23.538761
2013-07-25,26.73,27.01,26.290001,27.00,10100,24.211297
2013-07-24,26.75,27.15,26.309999,27.00,25700,24.211297
2013-07-23,26.870001,27.540001,26.76,26.76,2300,23.996085
2013-07-22,26.870001,26.870001,26.870001,26.870001,200,24.094724
2013-07-19,27.309999,27.309999,27.00,27.299999,2500,24.48031
2013-07-18,26.77,26.790001,26.67,26.790001,3100,24.022987
2013-07-17,27.40,27.40,26.370001,26.790001,1800,24.022987
2013-07-16,27.49,27.49,26.50,26.50,1100,23.762939
2013-07-15,26.90,27.25,26.90,26.90,5800,24.121625
2013-07-12,26.860001,27.049999,26.860001,27.049999,10900,24.256132
2013-07-11,26.51,26.59,26.50,26.57,8000,23.825709
2013-07-10,26.25,26.68,26.25,26.68,1600,23.924348
2013-07-09,26.120001,26.219999,25.959999,25.959999,5800,23.278712
2013-07-08,26.09,26.26,25.860001,26.10,16400,23.404254
2013-07-05,26.059999,26.07,25.75,25.799999,7000,23.135238
2013-07-03,26.66,26.66,26.49,26.49,400,23.753972
2013-07-02,26.68,26.959999,26.049999,26.25,5000,23.538761
2013-07-01,27.00,27.00,27.00,27.00,200,24.211297
2013-06-28,26.93,26.98,26.450001,26.450001,1100,23.718104
2013-06-27,26.459999,26.60,26.25,26.379999,6100,23.655333
2013-06-26,26.57,26.57,25.77,26.07,8800,23.304718
2013-06-25,26.83,26.83,26.459999,26.459999,1000,23.65335
2013-06-24,26.450001,26.450001,26.440001,26.440001,300,23.635472
2013-06-21,26.799999,26.83,26.540001,26.83,1200,23.984104
2013-06-20,27.09,27.299999,26.709999,27.25,3700,24.359554
2013-06-19,27.84,27.870001,27.00,27.049999,2300,24.180768
2013-06-18,27.549999,27.549999,27.00,27.030001,1200,24.16289
2013-06-17,27.90,28.00,27.02,27.700001,5200,24.761823
2013-06-14,27.00,27.90,26.530001,27.549999,17000,24.627732
2013-06-13,27.290001,27.290001,26.43,26.43,4200,23.626533
2013-06-12,27.049999,27.26,27.00,27.01,6800,24.145011
2013-06-11,27.469999,27.469999,26.75,27.040001,3000,24.17183
2013-06-10,27.50,27.74,26.83,27.65,4400,24.717125
2013-06-07,27.190001,27.950001,27.190001,27.92,9400,24.958486
2013-06-06,27.18,27.18,26.370001,27.15,7000,24.270161
2013-06-05,27.139999,27.41,26.90,26.90,6100,24.046679
2013-06-04,28.040001,28.040001,27.01,27.040001,5100,24.17183
2013-06-03,27.469999,27.469999,27.469999,27.469999,000,24.556218
2013-05-31,27.559999,28.049999,27.459999,27.469999,3500,24.556218
2013-05-30,27.65,28.139999,27.60,27.60,2000,24.672429
2013-05-29,27.629999,27.65,27.440001,27.65,3100,24.717125
2013-05-28,27.66,28.139999,27.66,27.950001,2200,24.903956
2013-05-24,27.75,28.16,27.690001,28.01,2200,24.957417
2013-05-23,27.959999,27.959999,27.65,27.799999,4000,24.770302
2013-05-22,27.620001,28.120001,27.60,27.60,4100,24.5921
2013-05-21,28.00,28.219999,27.610001,27.610001,2800,24.60101
2013-05-20,28.07,28.629999,28.00,28.00,3500,24.948507
2013-05-17,28.200001,28.200001,27.93,27.969999,1800,24.921775
2013-05-16,28.360001,28.50,27.85,27.85,202000,24.814854
2013-05-15,28.360001,28.360001,28.360001,28.360001,200,25.269274
2013-05-14,28.129999,28.25,28.129999,28.25,1000,25.171261
2013-05-13,28.040001,28.15,28.040001,28.15,400,25.082159
2013-05-10,27.98,28.35,27.98,28.35,400,25.260363
2013-05-09,28.35,28.35,27.950001,28.34,1800,25.251453
2013-05-08,28.34,28.690001,28.23,28.690001,3600,25.56331
2013-05-07,28.25,28.40,28.25,28.26,5200,25.180172
2013-05-06,28.25,28.25,28.25,28.25,200,25.171261
2013-05-03,28.25,28.25,28.25,28.25,400,25.171261
2013-05-02,27.299999,27.91,27.299999,27.91,600,24.868315
2013-05-01,27.90,28.120001,27.90,28.120001,1200,25.05543
2013-04-30,28.219999,28.219999,28.219999,28.219999,500,25.14453
2013-04-29,28.75,28.75,28.219999,28.219999,1200,25.14453
2013-04-26,28.219999,28.219999,28.219999,28.219999,200,25.070576
2013-04-25,28.25,28.299999,28.25,28.290001,400,25.132765
2013-04-24,28.49,28.49,28.00,28.299999,1300,25.141647
2013-04-23,28.290001,28.60,27.799999,28.60,4800,25.408168
2013-04-22,27.799999,28.299999,27.799999,28.299999,5500,25.141647
2013-04-19,28.110001,28.299999,27.370001,28.290001,5200,25.132765
2013-04-18,28.60,28.60,28.059999,28.059999,2400,24.928432
2013-04-17,28.549999,28.65,28.049999,28.65,6700,25.452587
2013-04-16,27.57,28.700001,27.15,28.65,11100,25.452587
2013-04-15,27.370001,27.57,27.15,27.379999,3300,24.324322
2013-04-12,27.34,27.440001,27.10,27.440001,1000,24.377627
2013-04-11,27.25,27.709999,27.00,27.00,13100,23.986731
2013-04-10,26.91,27.25,26.60,27.120001,2000,24.09334
2013-04-09,27.25,27.49,27.059999,27.059999,2200,24.040035
2013-04-08,27.959999,28.08,27.26,27.280001,2800,24.235483
2013-04-05,27.83,27.83,27.83,27.83,100,24.724101
2013-04-04,27.93,27.93,27.709999,27.709999,2200,24.617493
2013-04-03,27.950001,27.950001,27.93,27.93,300,24.812941
2013-04-02,27.93,28.10,27.93,28.10,1600,24.963969
2013-04-01,28.059999,28.10,27.93,28.10,600,24.963969
2013-03-28,28.049999,28.049999,27.93,27.93,500,24.812941
2013-03-27,28.049999,28.049999,28.049999,28.049999,400,24.919548
2013-03-26,28.120001,28.26,28.10,28.26,1400,25.02971
2013-03-25,28.10,28.48,28.07,28.48,600,25.224562
2013-03-22,28.40,28.49,28.18,28.35,2500,25.109423
2013-03-21,29.33,29.33,28.059999,28.299999,6300,25.065137
2013-03-20,28.209999,28.309999,28.07,28.07,4500,24.861428
2013-03-19,28.83,28.83,28.25,28.40,3600,25.153707
2013-03-18,28.32,28.60,28.049999,28.25,9400,25.020853
2013-03-15,28.25,28.32,28.200001,28.200001,1300,24.976569
2013-03-14,28.25,28.25,28.25,28.25,100,25.020853
2013-03-13,28.299999,28.309999,28.290001,28.309999,2100,25.073994
2013-03-12,28.23,28.299999,28.23,28.299999,3800,25.065137
2013-03-11,28.200001,28.24,28.049999,28.209999,3800,24.985424
2013-03-08,28.16,28.17,27.799999,28.17,5000,24.949997
2013-03-07,28.18,28.23,28.08,28.16,900,24.94114
2013-03-06,28.07,28.190001,28.049999,28.07,1900,24.861428
2013-03-05,28.219999,28.24,28.059999,28.190001,3700,24.967712
2013-03-04,28.209999,28.219999,28.059999,28.209999,3200,24.985424
2013-03-01,28.10,28.23,28.049999,28.219999,5300,24.994281
2013-02-28,28.190001,28.25,28.190001,28.25,2900,25.020853
2013-02-27,28.059999,28.25,28.059999,28.07,1800,24.861428
2013-02-26,28.10,28.23,28.10,28.10,1400,24.810944
2013-02-25,28.07,28.24,28.07,28.10,3800,24.810944
2013-02-22,28.25,28.25,28.10,28.10,11800,24.810944
2013-02-21,28.25,28.290001,28.25,28.25,6600,24.943387
2013-02-20,27.940001,28.16,27.93,28.01,5200,24.731478
2013-02-19,28.139999,28.15,27.889999,27.950001,3800,24.678502
2013-02-15,28.08,28.15,28.049999,28.10,2300,24.810944
2013-02-14,28.280001,28.280001,28.01,28.120001,2800,24.828604
2013-02-13,27.610001,28.26,27.610001,28.049999,4400,24.766796
2013-02-12,27.610001,28.299999,27.549999,27.90,4200,24.634353
2013-02-11,27.540001,27.540001,27.469999,27.540001,500,24.316492
2013-02-08,27.299999,27.57,27.299999,27.48,600,24.263513
2013-02-07,27.719999,27.99,27.040001,27.82,1700,24.563717
2013-02-06,26.889999,27.969999,26.889999,27.969999,11900,24.696159
2013-02-05,27.15,27.18,27.15,27.16,700,23.980969
2013-02-04,27.290001,27.290001,27.290001,27.290001,1200,24.095754
2013-02-01,27.200001,27.40,27.200001,27.209999,1700,24.025116
2013-01-31,27.58,27.75,27.50,27.52,1400,24.298832
2013-01-30,27.49,27.620001,27.49,27.549999,1200,24.32532
2013-01-29,27.25,27.530001,26.870001,27.50,8100,24.197292
2013-01-28,27.23,27.23,27.209999,27.23,800,23.959718
2013-01-25,27.50,27.50,26.790001,26.790001,700,23.572563
2013-01-24,27.50,27.50,26.940001,27.02,1300,23.77494
2013-01-23,26.92,26.950001,26.889999,26.950001,7700,23.713347
2013-01-22,26.309999,26.870001,26.309999,26.870001,4000,23.642955
2013-01-18,26.700001,26.700001,26.65,26.65,400,23.449375
2013-01-17,26.700001,26.799999,26.700001,26.709999,4500,23.502169
2013-01-16,26.90,27.059999,26.65,26.85,4000,23.625356
2013-01-15,26.629999,26.82,26.629999,26.75,3100,23.537366
2013-01-14,26.66,26.77,26.15,26.700001,10800,23.493371
2013-01-11,26.200001,26.620001,26.17,26.17,2600,23.027023
2013-01-10,26.110001,26.60,26.110001,26.459999,6300,23.282194
2013-01-09,26.389999,26.610001,26.00,26.110001,8300,22.974229
2013-01-08,26.049999,26.40,26.01,26.01,5100,22.886239
2013-01-07,26.00,26.16,26.00,26.01,3300,22.886239
2013-01-04,26.030001,26.32,25.879999,25.90,2500,22.789449
2013-01-03,25.84,26.049999,25.799999,25.860001,3200,22.754254
2013-01-02,25.85,26.209999,25.030001,25.809999,7200,22.710258
2012-12-31,26.08,26.09,25.90,26.00,1700,22.87744
2012-12-28,25.639999,26.110001,25.629999,26.110001,6300,22.974229
2012-12-27,25.99,26.48,25.940001,26.07,4100,22.939033
2012-12-26,26.690001,26.690001,26.08,26.32,11500,23.078937
2012-12-24,26.620001,26.65,26.139999,26.139999,2100,22.921102
2012-12-21,26.82,26.82,26.60,26.719999,2500,23.42968
2012-12-20,26.82,26.84,26.799999,26.809999,2900,23.508598
2012-12-19,26.85,26.969999,26.799999,26.809999,2000,23.508598
2012-12-18,26.879999,26.98,26.799999,26.799999,7000,23.499829
2012-12-17,26.90,27.200001,26.809999,26.809999,8400,23.508598
2012-12-14,27.07,27.08,26.85,26.99,1900,23.666433
2012-12-13,26.860001,27.60,26.860001,27.60,2200,24.201317
2012-12-12,26.799999,27.049999,26.799999,26.799999,1600,23.499829
2012-12-11,27.10,27.10,26.66,26.799999,8700,23.499829
2012-12-10,26.950001,27.049999,26.60,26.90,3600,23.587515
2012-12-07,26.85,26.879999,26.85,26.85,1200,23.543673
2012-12-06,26.84,27.02,26.700001,26.93,4100,23.613821
2012-12-05,26.91,26.940001,26.76,26.91,1500,23.596284
2012-12-04,27.280001,27.299999,27.17,27.190001,1400,23.841805
2012-12-03,27.00,27.00,27.00,27.00,300,23.675201
2012-11-30,27.059999,27.549999,27.059999,27.07,800,23.736581
2012-11-29,26.959999,27.75,26.42,27.379999,10000,24.008407
2012-11-28,26.959999,27.75,26.959999,27.75,3000,24.332846
2012-11-27,27.43,27.50,27.24,27.50,900,24.039098
2012-11-26,27.42,27.450001,27.139999,27.139999,1200,23.724404
2012-11-23,27.389999,27.389999,27.389999,27.389999,200,23.942941
2012-11-21,27.110001,27.41,27.110001,27.219999,1800,23.794336
2012-11-20,26.90,27.15,26.82,27.15,2700,23.733146
2012-11-19,26.50,26.870001,26.50,26.870001,1800,23.488385
2012-11-16,26.00,26.879999,26.00,26.719999,9300,23.357261
2012-11-15,26.049999,26.059999,25.450001,25.52,5000,22.308284
2012-11-14,26.469999,26.50,26.17,26.50,3100,23.164949
2012-11-13,26.51,26.629999,26.190001,26.530001,2800,23.191174
2012-11-12,26.549999,26.620001,26.51,26.610001,800,23.261106
2012-11-09,26.459999,26.629999,26.459999,26.629999,1800,23.278588
2012-11-08,26.540001,26.549999,26.09,26.530001,2300,23.191174
2012-11-07,26.559999,26.60,25.969999,26.290001,6300,22.981379
2012-11-06,27.01,27.01,26.459999,26.459999,8400,23.129982
2012-11-05,27.049999,27.049999,27.00,27.00,1800,23.602024
2012-11-02,27.00,27.059999,27.00,27.059999,700,23.654472
2012-11-01,26.90,27.00,26.860001,27.00,600,23.602024
2012-10-31,27.200001,27.200001,26.90,26.90,1400,23.514608
2012-10-26,27.00,27.26,27.00,27.26,1700,23.760244
2012-10-25,26.959999,27.219999,26.959999,27.10,600,23.620786
2012-10-24,26.93,26.93,26.93,26.93,200,23.472611
2012-10-23,27.040001,27.23,27.00,27.23,1200,23.734095
2012-10-22,27.15,27.15,27.10,27.120001,1200,23.638219
2012-10-19,27.10,27.15,26.99,26.99,1500,23.524908
2012-10-18,27.10,27.10,27.10,27.10,300,23.620786
2012-10-17,26.90,27.10,26.90,27.10,1300,23.620786
2012-10-16,27.120001,27.120001,26.860001,27.01,1600,23.54234
2012-10-15,27.02,27.33,26.75,27.280001,4800,23.777677
2012-10-12,27.23,27.459999,26.52,27.200001,10400,23.707948
2012-10-11,27.389999,27.389999,27.389999,27.389999,100,23.873554
2012-10-10,27.629999,27.629999,27.23,27.34,3600,23.829974
2012-10-09,27.719999,27.719999,27.40,27.51,1000,23.978148
2012-10-08,27.379999,27.549999,27.379999,27.40,1100,23.88227
2012-10-05,27.50,27.50,27.50,27.50,400,23.969432
2012-10-04,27.41,27.530001,27.309999,27.50,2200,23.969432
2012-10-03,27.40,27.91,27.40,27.52,800,23.986865
2012-10-02,27.57,27.75,27.27,27.370001,8100,23.856123
2012-10-01,27.629999,27.68,27.629999,27.629999,700,24.082741
2012-09-28,27.549999,27.549999,27.23,27.549999,700,24.013012
2012-09-27,27.68,27.68,27.559999,27.559999,300,24.021728
2012-09-26,27.559999,27.559999,27.549999,27.549999,400,23.938925
2012-09-25,27.74,27.74,27.59,27.66,900,24.034508
2012-09-24,27.950001,27.98,27.549999,27.610001,9100,23.991062
2012-09-21,27.84,27.84,27.75,27.75,1300,24.112711
2012-09-20,27.639999,27.639999,27.57,27.629999,1200,24.008439
2012-09-19,27.549999,27.950001,27.530001,27.530001,7800,23.921548
2012-09-18,27.73,27.99,27.73,27.99,1200,24.321253
2012-09-17,27.90,27.950001,27.50,27.60,2100,23.982372
2012-09-14,27.58,27.98,27.51,27.940001,1800,24.277808
2012-09-13,27.360001,27.82,27.360001,27.50,2000,23.895479
2012-09-12,27.290001,27.879999,27.290001,27.370001,2900,23.78252
2012-09-11,27.65,27.65,27.25,27.58,1000,23.964993
2012-09-10,27.959999,27.98,27.120001,27.16,3000,23.600044
2012-09-07,27.58,27.58,27.58,27.58,000,23.964993
2012-09-06,27.92,27.92,27.58,27.58,300,23.964993
2012-09-05,27.790001,28.00,27.57,27.57,3200,23.956304
2012-09-04,27.50,27.82,27.32,27.620001,6200,23.999751
2012-08-31,28.389999,28.389999,28.190001,28.25,1400,24.547174
2012-08-30,28.50,28.50,27.98,28.049999,4200,24.373388
2012-08-29,27.99,28.639999,27.92,28.49,6400,24.755717
2012-08-28,27.809999,28.10,27.809999,28.08,3600,24.325598
2012-08-27,28.10,28.10,28.10,28.10,000,24.342924
2012-08-24,27.790001,28.10,27.790001,28.10,1200,24.342924
2012-08-23,27.84,27.85,27.51,27.51,2100,23.83181
2012-08-22,27.50,27.65,27.50,27.65,700,23.95309
2012-08-21,27.65,27.65,27.60,27.60,700,23.909776
2012-08-20,27.58,27.59,27.50,27.50,700,23.823146
2012-08-17,27.51,27.59,27.50,27.59,400,23.901113
2012-08-16,27.290001,27.67,27.290001,27.65,500,23.95309
2012-08-15,27.360001,27.68,27.10,27.68,3700,23.97908
2012-08-14,27.700001,27.700001,27.309999,27.34,700,23.684539
2012-08-13,27.450001,27.530001,27.110001,27.209999,3300,23.57192
2012-08-10,27.60,27.60,27.309999,27.450001,1800,23.779832
2012-08-09,27.469999,27.74,27.469999,27.74,2400,24.031057
2012-08-08,27.66,27.690001,27.450001,27.530001,2200,23.849136
2012-08-07,27.799999,27.799999,27.75,27.75,1000,24.03972
2012-08-06,28.00,28.00,28.00,28.00,000,24.256294
2012-08-03,27.799999,28.00,27.65,28.00,4700,24.256294
2012-08-02,27.950001,28.200001,27.610001,28.00,1600,24.256294
2012-08-01,28.25,28.41,28.00,28.07,3400,24.316935
2012-07-31,28.549999,28.58,28.40,28.50,1100,24.689443
2012-07-30,28.200001,28.440001,28.200001,28.440001,1200,24.637465
2012-07-27,28.25,28.35,28.219999,28.280001,1800,24.413962
2012-07-26,28.530001,28.530001,28.190001,28.450001,1300,24.560722
2012-07-25,28.23,28.27,28.18,28.18,700,24.327632
2012-07-24,28.040001,28.25,28.040001,28.23,600,24.370796
2012-07-23,28.40,28.42,28.25,28.25,2700,24.388062
2012-07-20,28.450001,28.450001,28.40,28.40,300,24.517556
2012-07-19,28.26,28.450001,28.26,28.35,1500,24.474392
2012-07-18,28.49,28.49,27.790001,28.00,4600,24.172239
2012-07-17,28.40,28.48,28.01,28.26,2600,24.396696
2012-07-16,28.25,28.42,28.209999,28.33,3200,24.457126
2012-07-13,27.889999,28.379999,27.700001,28.34,3100,24.465759
2012-07-12,28.07,28.07,27.559999,27.559999,3400,23.792389
2012-07-11,27.549999,28.799999,27.549999,28.32,5000,24.448493
2012-07-10,27.809999,27.809999,27.67,27.719999,1700,23.930516
2012-07-09,27.459999,27.889999,27.120001,27.860001,7300,24.051378
2012-07-06,27.200001,27.57,27.200001,27.25,2800,23.524768
2012-07-05,27.17,27.389999,27.17,27.389999,400,23.645629
2012-07-03,27.15,27.50,27.15,27.389999,900,23.645629
2012-07-02,27.299999,27.440001,27.299999,27.40,2200,23.654262
2012-06-29,27.059999,27.299999,27.059999,27.219999,1800,23.498869
2012-06-28,27.049999,27.290001,27.049999,27.15,1900,23.438438
2012-06-27,27.049999,27.18,27.049999,27.120001,700,23.412541
2012-06-26,27.040001,27.280001,27.00,27.280001,3400,23.46002
2012-06-25,26.98,27.23,26.959999,27.07,3700,23.279426
2012-06-22,27.299999,27.450001,26.950001,26.950001,8300,23.17623
2012-06-21,27.219999,27.32,27.120001,27.120001,900,23.322425
2012-06-20,27.280001,27.280001,27.110001,27.24,1800,23.425621
2012-06-19,27.280001,27.299999,27.16,27.299999,1800,23.477219
2012-06-18,27.10,27.299999,27.10,27.299999,1600,23.477219
2012-06-15,27.139999,27.26,27.00,27.00,5100,23.219228
2012-06-14,27.25,27.25,27.15,27.17,500,23.365423
2012-06-13,27.280001,27.299999,27.25,27.26,3900,23.442821
2012-06-12,27.299999,27.299999,27.139999,27.299999,3100,23.477219
2012-06-11,27.299999,27.65,27.15,27.26,4300,23.442821
2012-06-08,27.129999,27.299999,27.129999,27.27,2900,23.451421
2012-06-07,27.299999,27.299999,27.00,27.18,3300,23.374023
2012-06-06,26.940001,27.290001,26.940001,27.23,4100,23.417021
2012-06-05,26.91,27.17,26.85,26.90,2600,23.13323
2012-06-04,26.98,27.030001,26.639999,26.90,2800,23.13323
2012-06-01,26.93,27.10,26.93,27.10,400,23.305225
2012-05-31,27.280001,27.299999,26.290001,26.950001,4400,23.17623
2012-05-30,27.299999,27.299999,26.92,27.290001,1200,23.46862
2012-05-29,27.16,27.620001,27.07,27.290001,8000,23.374023
2012-05-25,27.32,27.67,27.15,27.16,4000,23.262677
2012-05-24,27.389999,27.450001,27.290001,27.290001,1800,23.374023
2012-05-23,27.49,27.57,27.459999,27.57,700,23.613844
2012-05-22,27.139999,27.67,26.67,27.379999,3200,23.451107
2012-05-21,26.879999,27.73,26.879999,27.629999,2600,23.665233
2012-05-18,28.309999,28.32,26.57,26.58,29700,22.765904
2012-05-17,28.299999,28.51,28.16,28.16,2000,24.119182
2012-05-16,28.25,28.34,28.200001,28.200001,2100,24.153443
2012-05-15,28.35,28.450001,28.15,28.219999,3900,24.170572
2012-05-14,28.059999,28.43,28.059999,28.389999,2000,24.316177
2012-05-11,28.17,28.299999,28.10,28.10,1000,24.067792
2012-05-10,28.25,28.26,28.110001,28.25,3600,24.196267
2012-05-09,28.040001,28.129999,28.00,28.00,2600,23.982141
2012-05-08,28.139999,28.200001,28.00,28.00,5700,23.982141
2012-05-07,28.139999,28.309999,28.129999,28.24,3300,24.187702
2012-05-04,28.209999,28.32,28.15,28.15,4600,24.110616
2012-05-03,28.370001,28.370001,28.370001,28.370001,200,24.299049
2012-05-02,28.15,28.15,28.15,28.15,000,24.110616
2012-05-01,28.15,28.15,28.15,28.15,200,24.110616
2012-04-30,28.23,28.450001,28.219999,28.450001,600,24.367569
2012-04-27,28.15,28.559999,28.129999,28.559999,800,24.461783
2012-04-26,28.33,28.33,28.280001,28.299999,1400,24.14402
2012-04-25,28.620001,28.620001,28.620001,28.620001,000,24.417028
2012-04-24,28.780001,28.780001,28.209999,28.620001,3900,24.417028
2012-04-23,28.60,28.780001,28.60,28.780001,1500,24.553531
2012-04-20,28.540001,28.780001,28.469999,28.780001,2000,24.553531
2012-04-19,28.440001,28.68,28.43,28.52,4200,24.331713
2012-04-18,28.17,28.620001,28.10,28.620001,2600,24.417028
2012-04-17,28.35,28.35,28.34,28.34,3300,24.178146
2012-04-16,28.27,28.35,28.200001,28.35,5000,24.186678
2012-04-13,28.43,28.68,28.15,28.68,7000,24.468216
2012-04-12,28.290001,28.690001,28.059999,28.50,7200,24.31465
