Date,Open,High,Low,Close,Volume,Adj Close
2018-05-10,18.86,19.569,18.3147,18.44,700686,18.44
2018-05-09,18.19,20.38,17.6101,18.09,1786269,18.09
2018-05-08,16.2,18.13,16.1,17.4,3357084,17.4
2018-05-07,13.13,13.85,12.8997,13.58,593270,13.58
2018-05-04,12.58,13.2,12.58,13.01,446020,13.01
2018-05-03,12.3,12.7,12.08,12.57,225779,12.57
2018-05-02,12.61,12.95,12.36,12.4,256451,12.4
2018-05-01,12.31,12.75,12.23,12.61,385710,12.61
2018-04-30,11.86,12.34,11.7593,12.29,247194,12.29
2018-04-27,12.37,12.37,11.57,11.87,523772,11.87
2018-04-26,12.38,12.449,12.13,12.23,314490,12.23
2018-04-25,12.69,12.729,12.15,12.34,348274,12.34
2018-04-24,12.96,13.2,12.5,12.72,504439,12.72
2018-04-23,13.27,13.48,12.73,12.85,339823,12.85
2018-04-20,13.36,13.546,13.025,13.27,258479,13.27
2018-04-19,14.2,14.26,13.36,13.47,482653,13.47
2018-04-18,13.76,14.4,13.5,14.3,466284,14.3
2018-04-17,13.56,13.86,13.45,13.75,288213,13.75
2018-04-16,13.48,13.88,13.24,13.36,333354,13.36
2018-04-13,14.29,14.29,12.945,13.46,603005,13.46
2018-04-12,13.54,14.39,13.35,14.14,528414,14.14
2018-04-11,12.77,13.72,12.7,13.4,516054,13.4
2018-04-10,12.81,13.07,12.56,12.79,253478,12.79
2018-04-09,12.68,12.99,12.51,12.56,214713,12.56
2018-04-06,12.83,13.17,12.48,12.6,202687,12.6
2018-04-05,13.01,13.22,12.77,12.99,180563,12.99
2018-04-04,12.69,12.99,12.0705,12.88,395564,12.88
2018-04-03,12.67,12.96,12.48,12.88,307179,12.88
2018-04-02,12.9,13.16,12.44,12.58,394529,12.58
2018-03-29,12.9,13.5475,12.9,13.02,404045,13.02
2018-03-28,12.9,13.149,12.66,12.89,324089,12.89
2018-03-27,13.21,13.22,12.78,12.89,362889,12.89
2018-03-26,13.2,13.56,12.831,13.02,524129,13.02
2018-03-23,13.1,13.37,12.64,12.86,454081,12.86
2018-03-22,13.73,13.81,13.0749,13.11,516329,13.11
2018-03-21,13.51,14.069,13.45,13.75,392549,13.75
2018-03-20,13.48,13.78,13.251,13.56,287717,13.56
2018-03-19,13.6,14.05,13.3,13.5,586366,13.5
2018-03-16,13.34,13.76,13.241,13.6,1170818,13.6
2018-03-15,13.61,13.69,13.2,13.36,340207,13.36
2018-03-14,13.65,13.92,13.3914,13.63,323718,13.63
2018-03-13,13.96,14.21,13.52,13.66,508276,13.66
2018-03-12,13.71,14.34,13.71,13.93,641451,13.93
2018-03-09,14.48,14.6899,13.23,13.625,1027215,13.625
2018-03-08,13.82,14.75,13.64,14.38,935940,14.38
2018-03-07,13.45,13.79,13.25,13.76,395024,13.76
2018-03-06,14,14.1099,13.4,13.57,606471,13.57
2018-03-05,13.3,14.1,13.3,13.84,1197070,13.84
2018-03-02,12.91,13.41,12.75,13.32,622994,13.32
2018-03-01,12.58,13.52,12.58,13.14,727250,13.14
2018-02-28,13.75,13.837,12.41,12.74,1012250,12.74
2018-02-27,13.64,13.92,13.3,13.6,1131469,13.6
2018-02-26,12.89,13.18,12.71,13.04,427789,13.04
2018-02-23,12.51,12.85,12.51,12.84,674886,12.84
2018-02-22,12.51,12.92,12.38,12.54,883222,12.54
2018-02-21,12.14,13.02,12.09,12.15,1653537,12.15
2018-02-20,10.98,12.3499,10.65,12.055,2400329,12.055
2018-02-16,11.75,11.99,9.95,11.07,5966646,11.07
2018-02-15,13.08,13.75,12.94,13.43,1338989,13.43
2018-02-14,12.65,13.01,12.65,12.91,687131,12.91
2018-02-13,12.93,13.1199,12.5867,12.88,777708,12.88
2018-02-12,12.35,13.25,12.35,13,1303546,13
2018-02-09,12.23,12.37,11.64,12.27,948860,12.27
2018-02-08,11.46,12.4,11.41,12.05,1366129,12.05
2018-02-07,11.66,11.96,11.4,11.41,1834766,11.41
2018-02-06,12.2,12.75,11.57,11.74,2266844,11.74
2018-02-05,11.74,12.57,11.31,11.94,3216570,11.94
2018-02-02,14,14.15,12.01,12.16,11694890,12.16
2018-02-01,22.16,23.16,22.09,22.86,503563,22.86
2018-01-31,21.83,22.57,21.83,22.37,481155,22.37
2018-01-30,21.48,21.68,21.0601,21.65,276991,21.65
2018-01-29,22.13,22.19,21.19,21.72,372262,21.72
2018-01-26,22.17,22.26,20.92,21.7,1043417,21.7
2018-01-25,23.23,23.25,22,22.27,874652,22.27
2018-01-24,24.37,24.57,22.8,23.1,827447,23.1
2018-01-23,25.56,25.56,23.52,24.43,894274,24.43
2018-01-22,23.85,27.4,23.5,25.31,2221272,25.31
2018-01-19,23.97,24.12,23.15,23.22,264783,23.22
2018-01-18,23.02,24.099,23.02,23.75,444541,23.75
2018-01-17,23.03,23.53,22.75,22.99,344335,22.99
2018-01-16,23.58,24.85,22.76,23,684017,23
2018-01-12,23.15,23.6,23.12,23.41,263032,23.41
2018-01-11,23.33,23.56,23.1,23.3,323961,23.3
2018-01-10,23,23.52,22.8,23.34,310671,23.34
2018-01-09,23.5,23.66,23.02,23.23,237093,23.23
2018-01-08,24.05,24.2,22.92,23.37,525062,23.37
2018-01-05,24.13,24.2792,23.81,24.01,365179,24.01
2018-01-04,24.59,24.94,23.58,24.01,458952,24.01
2018-01-03,23.76,24.46,23.5588,24.34,419939,24.34
2018-01-02,22.83,24.23,22.58,23.56,537724,23.56
2017-12-29,21.99,22.9,21.81,22.53,628774,22.53
2017-12-28,22.44,22.535,21.82,21.99,503558,21.99
2017-12-27,21.91,22.86,21.7784,22.37,359527,22.37
2017-12-26,22.2,22.39,21.46,22.05,603497,22.05
2017-12-22,23.41,23.44,22.47,22.57,521267,22.57
2017-12-21,23.56,23.8203,23.05,23.59,410307,23.59
2017-12-20,24.11,24.46,23.57,23.67,250793,23.67
2017-12-19,24.76,24.97,23.7,23.81,427629,23.81
2017-12-18,23.97,24.96,23.8,24.66,495193,24.66
2017-12-15,23.17,23.92,22.73,23.77,1000164,23.77
2017-12-14,23.18,24.3,23.0008,23.17,364931,23.17
2017-12-13,23.24,23.8595,23.22,23.28,303934,23.28
2017-12-12,23.92,24.07,23.24,23.38,413503,23.38
2017-12-11,23.38,24.37,23.25,24.05,385106,24.05
2017-12-08,23.73,24.4,23.3101,23.42,308022,23.42
2017-12-07,23.02,23.8782,23.02,23.56,362506,23.56
2017-12-06,23.44,23.87,23.11,23.31,378454,23.31
2017-12-05,22.81,24.405,22.2,23.74,593386,23.74
2017-12-04,25,25,22.8,22.95,951550,22.95
2017-12-01,25.27,25.27,23.7,24.56,550183,24.56
2017-11-30,25,25.82,24.8,25.47,479545,25.47
2017-11-29,25.4,25.53,24.32,24.72,612347,24.72
2017-11-28,26.39,26.39,25.1,25.58,456651,25.58
2017-11-27,26.25,27.29,26.13,26.26,402056,26.26
2017-11-24,26.32,26.878,26.09,26.27,187324,26.27
2017-11-22,25.25,26.84,25.1,26.17,597522,26.17
2017-11-21,25.25,25.29,24.4124,25,564026,25
2017-11-20,25.38,26,25.06,25.23,454474,25.23
2017-11-17,25.15,25.545,24.7,25.31,477875,25.31
2017-11-16,25.71,26.459,25.21,25.23,609144,25.23
2017-11-15,27,27,25.5,25.71,906498,25.71
2017-11-14,25.45,27.94,25.11,27.53,844357,27.53
2017-11-13,26.47,26.47,25.05,25.58,730381,25.58
2017-11-10,24.96,27.26,24.9,26.44,830578,26.44
2017-11-09,25.47,25.89,24.32,25.05,808116,25.05
2017-11-08,24.19,25.89,24.19,25.57,755815,25.57
2017-11-07,24.12,24.88,23.2898,24.44,1018093,24.44
2017-11-06,22,24.59,21.99,24,1499545,24
2017-11-03,21,22.31,20.8605,22.23,1682138,22.23
2017-11-02,23.1,23.33,19.9705,21.55,7505888,21.55
2017-11-01,34.26,34.765,32.65,32.8,847305,32.8
2017-10-31,34.45,35.19,33.77,34.14,481149,34.14
2017-10-30,35.1,35.44,33.72,34.76,446296,34.76
2017-10-27,35.16,35.745,33.9,35.04,586555,35.04
2017-10-26,35.22,35.7699,34.61,34.91,419314,34.91
2017-10-25,35.72,36.3599,34.801,35.54,377890,35.54
2017-10-24,34.81,36.5,34.81,35.98,404264,35.98
2017-10-23,34.98,35,34.51,34.81,271061,34.81
2017-10-20,36.09,36.56,34.7771,34.95,229886,34.95
2017-10-19,35.68,35.96,34.53,35.91,324898,35.91
2017-10-18,35.63,36.49,35.63,36.17,227052,36.17
2017-10-17,34.97,36.29,34.85,35.96,390647,35.96
2017-10-16,35.6,35.7,34.57,34.98,443302,34.98
2017-10-13,37.47,37.47,35.58,35.69,598716,35.69
2017-10-12,36.99,38.042,36.55,37.47,275969,37.47
2017-10-11,36.85,37.7499,36.76,37.08,272306,37.08
2017-10-10,37.8,38.09,36.55,36.85,350196,36.85
2017-10-09,37.93,38.3524,37.15,37.74,381148,37.74
2017-10-06,39,39.455,37.08,37.09,541482,37.09
2017-10-05,40.1,40.649,39.28,39.31,264565,39.31
2017-10-04,39.64,40.5,39.11,40.29,414130,40.29
2017-10-03,40.8,40.8,39.01,39.56,474436,39.56
2017-10-02,41.61,41.97,40.6,40.69,315562,40.69
2017-09-29,40.58,41.71,40.4234,41.61,402971,41.61
2017-09-28,39.24,41.76,39.1701,40.58,564703,40.58
2017-09-27,38.05,39.47,37.1098,39.14,619836,39.14
2017-09-26,38.91,39.189,37.28,37.63,561198,37.63
2017-09-25,40.76,41.4,37.65,38.44,732088,38.44
2017-09-22,40.55,41.8,40.0101,41.25,434619,41.25
2017-09-21,39.94,40.93,39.1961,40.47,390587,40.47
2017-09-20,39.55,40.3,38.52,40.07,375493,40.07
2017-09-19,39.01,40.25,38.36,39.55,438559,39.55
2017-09-18,40.74,41.3965,38.7,39.2,533825,39.2
2017-09-15,37.85,40.97,37.85,40.81,1391601,40.81
2017-09-14,37.63,38.8,37.13,38.13,378255,38.13
2017-09-13,39.44,39.9264,37.2,38.08,587504,38.08
2017-09-12,37.52,40.55,37.4186,39.57,850235,39.57
2017-09-11,37.69,38,36.541,37.56,426281,37.56
2017-09-08,38.13,38.31,36.41,36.98,442050,36.98
2017-09-07,38.51,38.9,37.31,37.99,519461,37.99
2017-09-06,38.46,39,37.8104,38.62,379254,38.62
2017-09-05,38.92,39.16,36.4,38.06,733373,38.06
2017-09-01,38.75,39.09,37.17,39,500319,39
2017-08-31,36.82,38.42,36.82,38.24,657280,38.24
2017-08-30,36.4,37.78,36.022,37.03,521448,37.03
2017-08-29,34.68,36.65,34.43,36.28,423474,36.28
2017-08-28,36.2,36.49,34.26,36.12,691019,36.12
2017-08-25,36.18,38.49,36.1,36.42,1457203,36.42
2017-08-24,32.11,35.8405,32.0167,35.44,1363253,35.44
2017-08-23,31.64,32.49,31.065,31.77,969401,31.77
2017-08-22,30.59,31.17,30.3457,30.94,581938,30.94
2017-08-21,31.34,31.34,29.85,30.23,617937,30.23
2017-08-18,30.7,31.96,29.8246,31.44,570703,31.44
2017-08-17,31.8,32.11,30.5,30.54,569537,30.54
2017-08-16,31.85,32.75,31.1001,32.14,577694,32.14
2017-08-15,33.52,33.52,31.15,32,1174290,32
2017-08-14,34.21,34.489,33.23,33.58,1110780,33.58
2017-08-11,33.64,34.64,33.64,33.77,1145994,33.77
2017-08-10,36.05,36.42,33.32,33.61,1335564,33.61
2017-08-09,37.45,38.1,36.13,36.57,751166,36.57
2017-08-08,37.39,38.25,37.0452,37.42,830211,37.42
2017-08-07,38.01,39.42,36.2,37.04,1622505,37.04
2017-08-04,38,39.82,36.2,37.52,4860921,37.52
2017-08-03,49.3,49.57,47.22,47.92,678254,47.92
2017-08-02,50.62,50.7277,47.253,49.05,507011,49.05
2017-08-01,48.93,50.427,48.37,50.09,414637,50.09
2017-07-31,51.07,51.3,48.9012,49.14,498662,49.14
2017-07-28,49.86,51.4861,49.2,50.77,715533,50.77
2017-07-27,53.01,55.68,49.7,50.33,1173152,50.33
2017-07-26,52.46,54,52,53.01,495062,53.01
2017-07-25,53.09,53.09,51.63,52.35,420773,52.35
2017-07-24,52.4,54,51.57,53.15,557892,53.15
2017-07-21,54.37,54.37,51.77,52.41,592745,52.41
2017-07-20,50.5,54.4,48.9,54,1506597,54
2017-07-19,52.14,53.4,50.39,51.25,585884,51.25
2017-07-18,54.29,55.9,51.88,52.41,830032,52.41
2017-07-17,52.81,55.12,52.4632,54.22,557445,54.22
2017-07-14,53.35,53.871,51.81,52.62,439615,52.62
2017-07-13,53.45,53.99,51.56,53.47,378267,53.47
2017-07-12,53.07,54.88,52.5,52.73,569001,52.73
2017-07-11,50.81,53.49,50.65,52.5,414669,52.5
2017-07-10,51.13,53.29,50.06,51.43,494099,51.43
2017-07-07,49.22,51.34,48.89,51.15,449561,51.15
2017-07-06,49.22,51.25,47.91,49.37,489215,49.37
2017-07-05,47.83,50.5034,46.771,49.84,676450,49.84
2017-07-03,48.8,50.99,47.75,47.84,514301,47.84
2017-06-30,51.07,51.98,48.6,48.65,921099,48.65
2017-06-29,53.8,56.01,49.7,51.18,1057254,51.18
2017-06-28,53.69,54.946,52.47,54.86,732597,54.86
2017-06-27,56.8,57.5,51.33,53.15,1556759,53.15
2017-06-26,60.25,60.85,57.15,59.37,800079,59.37
2017-06-23,55.27,58.85,54.8,58.79,2481375,58.79
2017-06-22,55,56.2,53.3,54.65,737204,54.65
2017-06-21,54.76,55.7,54,54.66,487096,54.66
2017-06-20,55.37,56.97,53.17,54.68,776876,54.68
2017-06-19,53.8,57.15,53.5,55.85,1212359,55.85
2017-06-16,49,55.9591,48.4,55.71,2237477,55.71
2017-06-15,45.56,48.2,45,46.77,401352,46.77
2017-06-14,46.46,47.9425,45.26,46.54,369670,46.54
2017-06-13,46.5,48.5,46.16,46.49,549818,46.49
2017-06-12,42,46.34,40.4,45.75,894391,45.75
2017-06-09,49.5,49.8,41.52,42.64,1256716,42.64
2017-06-08,49.45,49.69,47.76,49.14,430769,49.14
2017-06-07,47.79,49.05,47.47,48.26,367825,48.26
2017-06-06,46.29,49.1699,46.29,47.96,711976,47.96
2017-06-05,45.48,46.692,45.03,46.27,233146,46.27
2017-06-02,45.91,47.18,45.56,45.77,341134,45.77
2017-06-01,43.52,46,43.2696,45.83,396508,45.83
2017-05-31,45.55,45.71,43,43.65,502833,43.65
2017-05-30,45.71,46.04,44.56,45.27,279381,45.27
2017-05-26,46.01,46.7,44.54,44.83,449890,44.83
2017-05-25,45.85,47.4999,45.7,46.01,481201,46.01
2017-05-24,44.04,47.86,43.89,45.8,965729,45.8
2017-05-23,44.38,44.751,43.32,43.82,460352,43.82
2017-05-22,42.96,46.22,41.96,44.38,1701181,44.38
2017-05-19,40.64,41.349,40.14,40.96,270258,40.96
2017-05-18,41.16,41.99,40.47,40.73,364539,40.73
2017-05-17,39.61,41.56,38.5,41.39,827167,41.39
2017-05-16,42.53,43.6799,39.82,40.58,1028082,40.58
2017-05-15,39.59,42.99,39.228,42.31,993232,42.31
2017-05-12,38.900002,39.610001,38.900002,39.450001,282500,39.450001
2017-05-11,39.049999,39.584999,38.150002,39.209999,503500,39.209999
2017-05-10,38.889999,40.299999,38.50,39.419998,623500,39.419998
2017-05-09,38.09,39.740002,37.18,38.889999,772700,38.889999
2017-05-08,40.41,40.689999,38.02,38.130001,1226000,38.130001
2017-05-05,35.00,43.93,34.00,41.119999,2497300,41.119999
2017-05-04,36.740002,38.119999,36.360001,37.84,849900,37.84
2017-05-03,36.52,36.799999,35.869999,36.509998,610100,36.509998
2017-05-02,35.360001,37.98,35.23,36.799999,626600,36.799999
2017-05-01,37.709999,38.110001,35.360001,35.529999,1075700,35.529999
2017-04-28,38.919998,40.00,37.360001,37.48,671400,37.48
2017-04-27,37.50,39.50,37.48,39.02,598300,39.02
2017-04-26,37.419998,37.933998,35.82,37.57,487700,37.57
2017-04-25,36.98,38.00,36.511002,37.459999,848000,37.459999
2017-04-24,36.50,37.02,36.25,36.77,763300,36.77
2017-04-21,35.700001,37.27,35.450001,36.240002,792600,36.240002
2017-04-20,34.66,36.360001,34.549999,35.669998,743800,35.669998
2017-04-19,33.459999,34.990002,33.150002,34.490002,546200,34.490002
2017-04-18,32.00,33.50,32.00,33.150002,647200,33.150002
2017-04-17,32.169998,32.640999,31.799999,31.99,361900,31.99
2017-04-13,31.40,32.490002,31.40,31.889999,341900,31.889999
2017-04-12,31.110001,31.610001,30.780001,31.389999,228200,31.389999
2017-04-11,30.50,31.15,29.940001,31.040001,449700,31.040001
2017-04-10,29.67,30.549999,29.549999,30.440001,450300,30.440001
2017-04-07,29.67,30.525,29.280001,29.52,470200,29.52
2017-04-06,28.799999,30.280001,28.35,29.959999,425700,29.959999
2017-04-05,28.83,29.16,28.299999,28.799999,371000,28.799999
2017-04-04,28.58,28.76,28.00,28.620001,366500,28.620001
2017-04-03,30.42,30.479,28.440001,28.68,779200,28.68
2017-03-31,30.48,30.50,30.129999,30.27,303200,30.27
2017-03-30,30.27,30.805,29.82,30.469999,461100,30.469999
2017-03-29,29.870001,30.799999,29.582001,30.26,871700,30.26
2017-03-28,29.07,29.950001,28.799999,29.780001,644600,29.780001
2017-03-27,27.790001,29.165001,27.76,29.030001,518800,29.030001
2017-03-24,28.23,28.450001,27.780001,28.139999,394600,28.139999
2017-03-23,28.040001,29.00,27.870001,28.120001,651500,28.120001
2017-03-22,28.530001,28.83,27.559999,28.110001,804600,28.110001
2017-03-21,28.950001,29.450001,28.360001,28.700001,977400,28.700001
2017-03-20,28.82,28.90,28.25,28.799999,498600,28.799999
2017-03-17,28.83,29.17,28.35,28.73,678200,28.73
2017-03-16,28.610001,28.91,28.15,28.540001,374100,28.540001
2017-03-15,28.26,28.940001,27.90,28.43,566400,28.43
2017-03-14,28.82,29.00,27.90,28.02,723600,28.02
2017-03-13,27.92,29.01,27.815001,28.98,570900,28.98
2017-03-10,28.73,28.950001,27.610001,27.950001,605700,27.950001
2017-03-09,27.709999,28.440001,27.549999,28.280001,376100,28.280001
2017-03-08,27.48,28.10,27.41,27.58,401900,27.58
2017-03-07,28.10,28.10,26.690001,27.360001,1130200,27.360001
2017-03-06,28.92,28.974001,27.40,28.200001,863800,28.200001
2017-03-03,29.049999,29.33,28.34,29.139999,830000,29.139999
2017-03-02,29.27,29.77,28.85,29.09,639200,29.09
2017-03-01,28.629999,29.940001,28.485001,29.370001,1127000,29.370001
2017-02-28,29.190001,29.290001,28.33,28.360001,570700,28.360001
2017-02-27,29.68,29.844,29.01,29.120001,667600,29.120001
2017-02-24,30.719999,30.790001,29.40,29.99,964900,29.99
2017-02-23,29.129999,31.07,29.10,30.940001,1464400,30.940001
2017-02-22,29.139999,29.49,28.35,28.49,1052300,28.49
2017-02-21,30.700001,31.299999,28.32,28.83,3011700,28.83
2017-02-17,33.060001,33.465,30.370001,31.17,3380900,31.17
2017-02-16,36.639999,37.419998,34.780998,35.360001,2341700,35.360001
2017-02-15,34.950001,36.68,34.900002,36.490002,1418000,36.490002
2017-02-14,33.689999,35.439999,33.599998,34.73,676100,34.73
2017-02-13,33.439999,33.646999,32.91,33.52,628800,33.52
2017-02-10,34.009998,34.237,32.02,33.189999,482200,33.189999
2017-02-09,34.02,34.34,33.560001,33.830002,470600,33.830002
2017-02-08,34.349998,34.50,33.630001,34.00,578200,34.00
2017-02-07,34.169998,34.450001,33.099998,33.380001,347400,33.380001
2017-02-06,34.43,34.650002,33.810001,34.200001,301500,34.200001
2017-02-03,34.029999,34.625,34.00,34.41,545400,34.41
2017-02-02,34.700001,34.799999,33.759998,34.119999,631600,34.119999
2017-02-01,35.200001,35.459999,34.43,34.740002,471300,34.740002
2017-01-31,35.380001,35.943001,34.950001,35.209999,627400,35.209999
2017-01-30,35.34,36.450001,34.50,35.369999,590600,35.369999
2017-01-27,35.599998,35.66,34.779999,35.400002,309200,35.400002
2017-01-26,35.060001,36.228001,34.990002,35.380001,483300,35.380001
2017-01-25,33.799999,35.32,33.259998,35.049999,736100,35.049999
2017-01-24,33.599998,33.73,32.470001,33.380001,539600,33.380001
2017-01-23,31.450001,34.00,31.15,33.610001,1101600,33.610001
2017-01-20,30.50,31.789,30.50,31.129999,646300,31.129999
2017-01-19,30.52,31.379999,29.799999,30.41,975400,30.41
2017-01-18,31.549999,31.99,29.357,30.639999,1276300,30.639999
2017-01-17,33.529999,33.93,31.25,31.709999,544300,31.709999
2017-01-13,34.25,34.547001,33.110001,33.529999,386300,33.529999
2017-01-12,33.73,34.419998,32.50,33.869999,454900,33.869999
2017-01-11,35.029999,35.034,32.549999,33.529999,866100,33.529999
2017-01-10,32.380001,35.078999,32.299999,34.91,802600,34.91
2017-01-09,32.669998,33.50,32.07,32.25,410700,32.25
2017-01-06,32.950001,34.00,32.23,32.360001,353000,32.360001
2017-01-05,34.450001,34.59,31.549999,33.16,841200,33.16
2017-01-04,36.029999,36.029999,34.00,34.23,604800,34.23
2017-01-03,36.880001,36.93,34.139999,35.349998,500300,35.349998
2016-12-30,35.040001,36.970001,35.040001,35.34,318300,35.34
2016-12-29,35.580002,35.759998,34.555,35.16,648200,35.16
2016-12-28,39.18,39.689999,35.011002,35.639999,1007800,35.639999
2016-12-27,39.330002,40.389999,38.509998,39.27,623000,39.27
2016-12-23,40.560001,40.560001,38.049999,38.650002,592100,38.650002
2016-12-22,39.93,41.91,38.830002,39.240002,985400,39.240002
2016-12-21,40.790001,41.619999,38.202,38.330002,731200,38.330002
2016-12-20,35.740002,39.990002,35.709999,39.900002,1176600,39.900002
2016-12-19,34.560001,36.580002,34.310001,35.330002,639500,35.330002
2016-12-16,32.900002,34.599998,32.900002,34.040001,423200,34.040001
2016-12-15,32.200001,33.790001,32.195999,32.669998,227500,32.669998
2016-12-14,33.34,33.759998,31.40,32.07,347200,32.07
2016-12-13,33.09,34.77,32.759998,33.369999,467700,33.369999
2016-12-12,31.92,33.360001,31.559999,32.880001,328700,32.880001
2016-12-09,34.240002,34.578999,31.700001,31.889999,1113800,31.889999
2016-12-08,35.349998,35.75,33.34,34.200001,1309000,34.200001
2016-12-07,30.530001,37.700001,29.57,36.830002,2277500,36.830002
2016-12-06,27.93,29.879999,27.51,29.58,848400,29.58
2016-12-05,26.83,27.610001,26.65,27.48,492500,27.48
2016-12-02,29.00,29.50,26.40,26.719999,3052200,26.719999
2016-12-01,27.42,28.09,26.90,27.709999,467300,27.709999
2016-11-30,27.68,28.35,27.120001,27.309999,378100,27.309999
2016-11-29,25.25,27.67,23.799999,27.25,1246700,27.25
2016-11-28,28.65,28.67,26.23,26.57,619700,26.57
2016-11-25,28.969999,28.969999,28.40,28.60,217400,28.60
2016-11-23,29.25,29.34,28.00,28.799999,372600,28.799999
2016-11-22,29.620001,29.790001,29.07,29.379999,146500,29.379999
2016-11-21,30.00,31.299999,29.290001,29.60,381100,29.60
2016-11-18,31.43,31.940001,28.75,29.83,625300,29.83
2016-11-17,32.200001,33.200001,32.200001,32.830002,371200,32.830002
2016-11-16,33.150002,33.25,30.780001,32.139999,463700,32.139999
2016-11-15,32.299999,33.48,31.426001,33.32,280100,33.32
2016-11-14,30.85,32.25,30.809999,32.049999,304500,32.049999
2016-11-11,30.40,31.32,30.01,30.77,241800,30.77
2016-11-10,31.26,31.77,29.59,30.549999,443200,30.549999
2016-11-09,26.76,31.075001,26.59,30.950001,635100,30.950001
2016-11-08,26.35,28.00,25.58,27.809999,521600,27.809999
2016-11-07,28.40,28.540001,26.049999,26.469999,738400,26.469999
2016-11-04,27.700001,28.67,26.01,27.52,1683000,27.52
2016-11-03,25.190001,26.10,24.540001,25.299999,572700,25.299999
2016-11-02,24.440001,25.200001,23.549999,25.09,445900,25.09
2016-11-01,24.57,24.799999,24.17,24.42,300300,24.42
2016-10-31,25.26,25.487,24.18,24.690001,275900,24.690001
2016-10-28,25.75,25.999001,25.110001,25.15,159700,25.15
2016-10-27,26.85,27.169001,25.549999,25.75,342100,25.75
2016-10-26,26.65,27.290001,26.58,26.700001,134400,26.700001
2016-10-25,27.780001,27.780001,26.950001,27.02,204200,27.02
2016-10-24,26.60,28.209999,26.549999,27.93,365600,27.93
2016-10-21,27.17,27.431999,26.700001,26.799999,248400,26.799999
2016-10-20,28.120001,28.504999,27.25,27.459999,162500,27.459999
2016-10-19,27.790001,29.10,27.51,28.10,297400,28.10
2016-10-18,27.93,28.389999,27.35,27.959999,313100,27.959999
2016-10-17,27.26,28.101999,27.219999,27.59,244200,27.59
2016-10-14,28.42,29.368999,27.40,27.51,359800,27.51
2016-10-13,27.51,28.50,26.629999,28.24,522700,28.24
2016-10-12,28.75,29.888,27.764999,28.24,1015100,28.24
2016-10-11,32.509998,32.970001,27.52,28.209999,1581100,28.209999
2016-10-10,33.240002,33.965,31.950001,32.509998,305100,32.509998
2016-10-07,34.040001,34.34,33.261002,33.439999,176500,33.439999
2016-10-06,33.16,35.16,32.751999,34.25,579000,34.25
2016-10-05,33.639999,35.258999,32.43,32.509998,766100,32.509998
2016-10-04,35.860001,35.869999,32.84,33.32,570300,33.32
2016-10-03,37.77,37.939999,35.93,36.00,532700,36.00
2016-09-30,36.75,38.049999,36.595001,37.419998,997000,37.419998
2016-09-29,36.150002,38.43,35.50,36.549999,928600,36.549999
2016-09-28,35.779999,36.398998,34.279999,35.91,398700,35.91
2016-09-27,32.139999,35.709999,31.580999,35.68,662700,35.68
2016-09-26,34.380001,34.50,32.009998,32.130001,503700,32.130001
2016-09-23,34.02,34.365002,33.380001,34.240002,298300,34.240002
2016-09-22,34.360001,35.279999,33.509998,33.849998,496900,33.849998
2016-09-21,33.240002,34.869999,32.549999,34.32,674200,34.32
2016-09-20,36.419998,36.623001,32.93,33.349998,994000,33.349998
2016-09-19,37.490002,37.499001,36.25,36.330002,436100,36.330002
2016-09-16,36.799999,37.549999,36.419998,36.970001,735000,36.970001
2016-09-15,37.119999,37.849998,36.25,37.07,570900,37.07
2016-09-14,36.130001,37.860001,35.529999,36.650002,934600,36.650002
2016-09-13,34.009998,36.970001,33.560001,35.599998,1193200,35.599998
2016-09-12,31.34,34.283001,31.10,34.009998,385100,34.009998
2016-09-09,34.889999,34.889999,31.309999,32.549999,789800,32.549999
2016-09-08,34.639999,35.880001,34.200001,35.25,873600,35.25
2016-09-07,33.700001,34.720001,32.099998,34.599998,1025400,34.599998
2016-09-06,33.200001,34.900002,32.380001,33.700001,1561300,33.700001
2016-09-02,27.870001,33.599998,27.75,32.669998,3462200,32.669998
2016-09-01,26.52,27.92,24.65,27.57,2120800,27.57
2016-08-31,22.83,24.50,22.50,22.82,856800,22.82
2016-08-30,22.92,23.799999,22.10,22.75,269200,22.75
2016-08-29,20.129999,23.33,20.129999,22.790001,620600,22.790001
2016-08-26,20.77,21.43,19.549999,20.00,314600,20.00
2016-08-25,20.969999,21.482,20.50,20.85,119900,20.85
2016-08-24,21.290001,21.93,20.809999,21.16,151200,21.16
2016-08-23,21.629999,22.77,21.35,21.809999,242900,21.809999
2016-08-22,21.700001,22.190001,20.67,21.290001,197500,21.290001
2016-08-19,22.40,23.368999,21.60,21.969999,178300,21.969999
2016-08-18,23.83,24.934999,22.360001,22.559999,393200,22.559999
2016-08-17,21.219999,23.84,20.90,23.469999,464900,23.469999
2016-08-16,22.00,22.620001,20.32,20.950001,344900,20.950001
2016-08-15,20.450001,21.993999,20.360001,21.700001,557700,21.700001
2016-08-12,19.870001,20.188999,19.780001,19.969999,85200,19.969999
2016-08-11,20.32,20.475,19.791,19.99,84500,19.99
2016-08-10,20.00,20.075001,19.851,20.00,65900,20.00
2016-08-09,19.889999,20.40,19.57,19.76,75700,19.76
2016-08-08,19.00,19.91,18.75,19.809999,130200,19.809999
2016-08-05,19.91,19.91,18.91,19.219999,39100,19.219999
2016-08-04,19.00,19.504999,18.610001,19.33,90300,19.33
2016-08-03,19.32,19.584999,18.35,18.83,260000,18.83
2016-08-02,19.870001,20.40,19.00,19.40,159400,19.40
2016-08-01,18.950001,21.00,18.74,19.719999,413500,19.719999
2016-07-29,18.60,19.290001,18.200001,18.41,262600,18.41
2016-07-28,18.00,18.73,18.00,18.49,104900,18.49
2016-07-27,19.00,19.205,18.049999,18.10,153200,18.10
2016-07-26,19.82,20.045,18.42,18.610001,236700,18.610001
2016-07-25,20.129999,21.379999,19.60,19.73,383100,19.73
2016-07-22,18.07,19.90,18.00,19.559999,741200,19.559999
2016-07-21,18.00,18.440001,16.360001,17.969999,4750100,17.969999
