Date,Open,High,Low,Close,Volume,Adj Close
2016-11-25,2.15,2.20,2.05,2.10,158100,2.10
2016-11-23,2.15,2.25,2.10,2.20,339200,2.20
2016-11-22,2.05,2.25,2.00,2.20,622300,2.20
2016-11-21,2.00,2.05,1.95,2.05,479300,2.05
2016-11-18,2.00,2.00,1.90,1.95,494000,1.95
2016-11-17,2.00,2.05,1.95,2.00,491000,2.00
2016-11-16,2.00,2.05,1.95,2.00,575700,2.00
2016-11-15,2.05,2.13,1.95,2.05,505600,2.05
2016-11-14,2.15,2.25,1.95,2.05,656500,2.05
2016-11-11,2.05,2.10,2.00,2.10,680100,2.10
2016-11-10,2.00,2.10,1.95,2.10,494600,2.10
2016-11-09,1.80,2.00,1.80,2.00,463700,2.00
2016-11-08,1.95,1.95,1.80,1.80,365200,1.80
2016-11-07,1.90,2.00,1.85,1.90,230600,1.90
2016-11-04,1.85,1.95,1.70,1.85,762700,1.85
2016-11-03,1.90,1.95,1.80,1.85,388800,1.85
2016-11-02,1.95,1.95,1.90,1.90,310800,1.90
2016-11-01,2.00,2.05,1.95,2.00,530800,2.00
2016-10-31,2.05,2.05,2.00,2.00,269600,2.00
2016-10-28,2.10,2.13,2.00,2.05,407300,2.05
2016-10-27,2.20,2.20,2.10,2.10,286900,2.10
2016-10-26,2.20,2.25,2.10,2.15,409700,2.15
2016-10-25,2.20,2.25,2.15,2.25,288700,2.25
2016-10-24,2.30,2.30,2.25,2.25,166500,2.25
2016-10-21,2.20,2.30,2.20,2.25,150000,2.25
2016-10-20,2.20,2.30,2.19,2.25,326700,2.25
2016-10-19,2.30,2.35,2.20,2.25,2062200,2.25
2016-10-18,2.35,2.35,2.15,2.25,613100,2.25
2016-10-17,2.35,2.35,2.30,2.35,137000,2.35
2016-10-14,2.35,2.35,2.30,2.35,377100,2.35
2016-10-13,2.35,2.35,2.25,2.30,346900,2.30
2016-10-12,2.30,2.35,2.25,2.35,179200,2.35
2016-10-11,2.35,2.40,2.30,2.35,214200,2.35
2016-10-10,2.30,2.40,2.30,2.35,314800,2.35
2016-10-07,2.34,2.36,2.28,2.29,284300,2.29
2016-10-06,2.30,2.36,2.26,2.32,486300,2.32
2016-10-05,2.22,2.27,2.18,2.25,347600,2.25
2016-10-04,2.20,2.23,2.15,2.16,357800,2.16
2016-10-03,2.17,2.20,2.13,2.19,345100,2.19
2016-09-30,2.16,2.20,2.09,2.17,649000,2.17
2016-09-29,2.15,2.20,2.09,2.11,747500,2.11
2016-09-28,1.95,2.15,1.93,2.14,863300,2.14
2016-09-27,2.00,2.04,1.89,1.95,923300,1.95
2016-09-26,2.11,2.11,2.03,2.03,303100,2.03
2016-09-23,2.11,2.14,2.05,2.07,496700,2.07
2016-09-22,2.12,2.15,2.08,2.15,543500,2.15
2016-09-21,2.11,2.13,2.06,2.13,400100,2.13
2016-09-20,2.10,2.11,2.05,2.06,375400,2.06
2016-09-19,2.16,2.24,2.10,2.10,423900,2.10
2016-09-16,2.14,2.19,2.11,2.14,2660600,2.14
2016-09-15,2.20,2.24,2.15,2.16,634100,2.16
2016-09-14,2.21,2.23,2.15,2.20,679400,2.20
2016-09-13,2.20,2.24,2.12,2.22,670900,2.22
2016-09-12,2.29,2.30,2.20,2.23,423400,2.23
2016-09-09,2.30,2.35,2.28,2.31,680200,2.31
2016-09-08,2.30,2.41,2.27,2.35,576500,2.35
2016-09-07,2.29,2.36,2.24,2.28,512800,2.28
2016-09-06,2.20,2.30,2.20,2.30,583500,2.30
2016-09-02,2.17,2.25,2.16,2.21,622200,2.21
2016-09-01,2.15,2.20,2.11,2.16,574000,2.16
2016-08-31,2.20,2.20,2.13,2.15,928400,2.15
2016-08-30,2.15,2.20,2.12,2.15,246300,2.15
2016-08-29,2.17,2.19,2.10,2.16,271600,2.16
2016-08-26,2.16,2.20,2.11,2.18,407900,2.18
2016-08-25,2.11,2.17,2.09,2.16,320900,2.16
2016-08-24,2.14,2.17,2.09,2.10,189000,2.10
2016-08-23,2.14,2.20,2.12,2.16,193400,2.16
2016-08-22,2.11,2.13,2.08,2.13,190000,2.13
2016-08-19,2.23,2.24,2.13,2.15,518300,2.15
2016-08-18,2.17,2.28,2.17,2.23,581100,2.23
2016-08-17,2.16,2.19,2.13,2.15,173500,2.15
2016-08-16,2.15,2.20,2.14,2.15,267600,2.15
2016-08-15,2.10,2.20,2.10,2.16,530300,2.16
2016-08-12,2.11,2.13,2.02,2.08,418700,2.08
2016-08-11,2.15,2.16,2.09,2.11,357900,2.11
2016-08-10,2.14,2.16,2.05,2.12,313300,2.12
2016-08-09,2.25,2.25,2.11,2.15,479800,2.15
2016-08-08,2.08,2.26,2.08,2.25,750800,2.25
2016-08-05,2.02,2.06,2.00,2.05,268600,2.05
2016-08-04,2.02,2.06,1.97,2.01,257700,2.01
2016-08-03,1.95,2.02,1.84,2.02,501300,2.02
2016-08-02,2.06,2.08,1.85,1.88,402100,1.88
2016-08-01,2.05,2.09,1.94,1.98,415500,1.98
2016-07-29,2.04,2.10,2.00,2.07,338500,2.07
2016-07-28,2.06,2.12,2.00,2.04,297900,2.04
2016-07-27,2.09,2.18,2.01,2.04,219400,2.04
2016-07-26,2.02,2.11,2.01,2.09,198900,2.09
2016-07-25,2.06,2.11,2.00,2.03,310200,2.03
2016-07-22,2.08,2.13,2.06,2.10,194400,2.10
2016-07-21,2.17,2.21,2.08,2.09,298000,2.09
2016-07-20,2.10,2.20,2.07,2.17,229100,2.17
2016-07-19,2.23,2.23,2.11,2.13,329000,2.13
2016-07-18,2.20,2.24,2.15,2.23,314000,2.23
2016-07-15,2.26,2.26,2.17,2.22,443700,2.22
2016-07-14,2.30,2.38,2.21,2.22,814000,2.22
2016-07-13,2.27,2.38,2.23,2.30,448800,2.30
2016-07-12,2.29,2.44,2.29,2.33,609100,2.33
2016-07-11,2.25,2.29,2.21,2.22,291800,2.22
2016-07-08,2.16,2.28,2.16,2.25,474000,2.25
2016-07-07,2.18,2.31,2.13,2.15,529900,2.15
2016-07-06,2.13,2.20,2.13,2.17,309500,2.17
2016-07-05,2.28,2.31,2.11,2.16,464400,2.16
2016-07-01,2.30,2.38,2.30,2.34,394200,2.34
2016-06-30,2.29,2.31,2.22,2.29,284000,2.29
2016-06-29,2.27,2.37,2.24,2.30,353800,2.30
2016-06-28,2.27,2.30,2.22,2.24,418700,2.24
2016-06-27,2.19,2.23,2.11,2.20,569100,2.20
2016-06-24,2.30,2.35,2.15,2.24,1840000,2.24
2016-06-23,2.41,2.47,2.38,2.45,274600,2.45
2016-06-22,2.45,2.50,2.35,2.37,395200,2.37
2016-06-21,2.41,2.45,2.33,2.45,369600,2.45
2016-06-20,2.38,2.46,2.37,2.42,381300,2.42
2016-06-17,2.33,2.46,2.32,2.36,734400,2.36
2016-06-16,2.35,2.36,2.25,2.29,353400,2.29
2016-06-15,2.44,2.50,2.38,2.39,196600,2.39
2016-06-14,2.41,2.50,2.35,2.44,166600,2.44
2016-06-13,2.38,2.51,2.34,2.43,245600,2.43
2016-06-10,2.48,2.52,2.40,2.41,248500,2.41
2016-06-09,2.57,2.59,2.40,2.54,434300,2.54
2016-06-08,2.39,2.65,2.37,2.62,638200,2.62
2016-06-07,2.40,2.43,2.34,2.35,1264300,2.35
2016-06-06,2.21,2.39,2.21,2.35,567100,2.35
2016-06-03,2.23,2.27,2.15,2.19,258600,2.19
2016-06-02,2.16,2.21,2.10,2.21,502200,2.21
2016-06-01,2.21,2.25,2.13,2.20,553300,2.20
2016-05-31,2.23,2.31,2.19,2.20,980200,2.20
2016-05-27,2.25,2.29,2.18,2.25,283600,2.25
2016-05-26,2.40,2.42,2.27,2.28,344100,2.28
2016-05-25,2.25,2.44,2.25,2.36,571600,2.36
2016-05-24,2.11,2.28,2.07,2.25,579700,2.25
2016-05-23,2.17,2.19,2.09,2.10,549200,2.10
2016-05-20,2.20,2.24,2.10,2.20,409900,2.20
2016-05-19,2.23,2.26,2.14,2.22,537100,2.22
2016-05-18,2.36,2.40,2.20,2.26,354700,2.26
2016-05-17,2.41,2.47,2.34,2.35,461700,2.35
2016-05-16,2.38,2.53,2.38,2.41,402300,2.41
2016-05-13,2.37,2.49,2.33,2.37,294400,2.37
2016-05-12,2.57,2.66,2.39,2.41,486900,2.41
2016-05-11,2.54,2.62,2.45,2.54,449700,2.54
2016-05-10,2.53,2.62,2.47,2.53,675400,2.53
2016-05-09,2.60,2.61,2.46,2.54,450200,2.54
2016-05-06,2.55,2.68,2.55,2.63,618800,2.63
2016-05-05,2.84,2.90,2.57,2.59,630500,2.59
2016-05-04,2.90,3.00,2.71,2.75,496200,2.75
2016-05-03,3.04,3.05,2.82,2.86,302300,2.86
2016-05-02,3.06,3.09,2.75,3.05,318700,3.05
2016-04-29,3.09,3.15,2.95,3.06,572700,3.06
2016-04-28,2.99,3.15,2.96,3.02,601600,3.02
2016-04-27,3.01,3.16,2.98,2.99,670100,2.99
2016-04-26,2.78,3.05,2.77,2.98,336600,2.98
2016-04-25,2.96,2.98,2.76,2.80,364400,2.80
2016-04-22,2.83,3.05,2.83,2.94,715700,2.94
2016-04-21,2.91,2.93,2.81,2.85,365400,2.85
2016-04-20,2.79,2.93,2.79,2.89,319000,2.89
2016-04-19,2.74,2.87,2.72,2.81,528800,2.81
2016-04-18,2.59,2.80,2.50,2.72,474900,2.72
2016-04-15,2.69,2.76,2.60,2.68,548200,2.68
2016-04-14,2.76,2.80,2.62,2.72,362800,2.72
2016-04-13,2.65,2.83,2.59,2.76,702200,2.76
2016-04-12,2.34,2.70,2.33,2.68,736400,2.68
2016-04-11,2.19,2.37,2.19,2.32,519200,2.32
2016-04-08,2.21,2.32,2.16,2.16,468000,2.16
2016-04-07,2.17,2.24,2.07,2.10,389000,2.10
2016-04-06,2.12,2.23,2.06,2.16,515400,2.16
2016-04-05,2.03,2.13,2.00,2.10,510300,2.10
2016-04-04,2.14,2.18,2.05,2.05,438200,2.05
2016-04-01,2.04,2.17,2.00,2.14,631000,2.14
2016-03-31,2.11,2.18,2.07,2.12,567400,2.12
2016-03-30,2.14,2.19,2.07,2.12,536600,2.12
2016-03-29,2.02,2.14,1.99,2.11,334500,2.11
2016-03-28,2.12,2.15,2.04,2.07,422400,2.07
2016-03-24,1.99,2.16,1.95,2.14,426600,2.14
2016-03-23,2.10,2.16,2.02,2.03,485000,2.03
2016-03-22,2.23,2.26,2.12,2.14,395900,2.14
2016-03-21,2.21,2.34,2.18,2.28,580700,2.28
2016-03-18,2.22,2.31,2.17,2.28,3718300,2.28
2016-03-17,2.08,2.27,2.01,2.16,977200,2.16
2016-03-16,2.08,2.11,1.94,2.08,802500,2.08
2016-03-15,1.97,2.02,1.93,2.01,363700,2.01
2016-03-14,1.99,2.07,1.82,2.05,1027600,2.05
2016-03-11,2.01,2.08,1.97,2.04,643000,2.04
2016-03-10,2.06,2.07,1.90,1.98,704900,1.98
2016-03-09,2.06,2.16,2.01,2.09,626700,2.09
2016-03-08,2.19,2.22,1.97,2.02,913600,2.02
2016-03-07,2.04,2.23,2.02,2.21,785900,2.21
2016-03-04,2.05,2.12,1.91,2.02,1107200,2.02
2016-03-03,1.72,2.16,1.72,2.04,1586700,2.04
2016-03-02,1.54,1.71,1.54,1.71,549400,1.71
2016-03-01,1.57,1.60,1.50,1.55,490400,1.55
2016-02-29,1.53,1.57,1.50,1.56,1147100,1.56
2016-02-26,1.45,1.60,1.42,1.49,775200,1.49
2016-02-25,1.25,1.36,1.25,1.36,585700,1.36
2016-02-24,1.30,1.31,1.22,1.24,441400,1.24
2016-02-23,1.23,1.39,1.20,1.29,628700,1.29
2016-02-22,1.23,1.27,1.23,1.24,766800,1.24
2016-02-19,1.22,1.24,1.16,1.20,489800,1.20
2016-02-18,1.15,1.25,1.12,1.22,488900,1.22
2016-02-17,1.15,1.24,1.10,1.15,569600,1.15
2016-02-16,1.15,1.17,1.07,1.13,325500,1.13
2016-02-12,1.02,1.18,1.01,1.11,620600,1.11
2016-02-11,1.07,1.08,1.00,1.06,433200,1.06
2016-02-10,1.05,1.08,1.02,1.05,549600,1.05
2016-02-09,1.22,1.22,1.06,1.07,415200,1.07
2016-02-08,1.17,1.27,1.10,1.24,678800,1.24
2016-02-05,1.25,1.31,1.18,1.18,607300,1.18
2016-02-04,1.25,1.36,1.25,1.26,381900,1.26
2016-02-03,1.25,1.28,1.16,1.23,640200,1.23
2016-02-02,1.18,1.22,1.18,1.22,332200,1.22
2016-02-01,1.36,1.36,1.20,1.25,565900,1.25
2016-01-29,1.27,1.41,1.26,1.37,980300,1.37
2016-01-28,1.31,1.32,1.25,1.27,462500,1.27
2016-01-27,1.27,1.31,1.21,1.23,676300,1.23
2016-01-26,1.28,1.28,1.20,1.24,800700,1.24
2016-01-25,1.32,1.42,1.22,1.23,556800,1.23
2016-01-22,1.40,1.48,1.30,1.37,958600,1.37
2016-01-21,1.09,1.35,1.07,1.29,927200,1.29
2016-01-20,1.20,1.24,0.98,1.07,2071400,1.07
2016-01-19,1.29,1.29,1.22,1.23,484300,1.23
2016-01-15,1.33,1.36,1.26,1.31,406000,1.31
2016-01-14,1.39,1.46,1.35,1.40,547200,1.40
2016-01-13,1.40,1.47,1.35,1.36,803300,1.36
2016-01-12,1.51,1.54,1.36,1.40,640600,1.40
2016-01-11,1.62,1.62,1.45,1.47,1012800,1.47
2016-01-08,1.60,1.62,1.54,1.58,875500,1.58
2016-01-07,1.60,1.64,1.55,1.58,965400,1.58
2016-01-06,1.72,1.76,1.65,1.66,600100,1.66
2016-01-05,1.87,1.87,1.72,1.77,513500,1.77
2016-01-04,1.83,1.91,1.73,1.84,907100,1.84
2015-12-31,1.77,1.85,1.77,1.82,854700,1.82
2015-12-30,1.90,1.91,1.75,1.76,717400,1.76
2015-12-29,1.98,2.01,1.91,1.92,479200,1.92
2015-12-28,2.10,2.11,1.93,1.94,519700,1.94
2015-12-24,2.20,2.21,2.13,2.16,311100,2.16
2015-12-23,2.04,2.20,2.04,2.19,919000,2.19
2015-12-22,1.90,2.01,1.89,2.00,1015500,2.00
2015-12-21,1.90,1.95,1.83,1.90,2179700,1.90
2015-12-18,1.92,2.09,1.90,1.91,1690700,1.91
2015-12-17,2.05,2.08,1.86,1.95,933000,1.95
2015-12-16,2.18,2.18,2.03,2.06,794900,2.06
2015-12-15,2.16,2.23,2.16,2.19,466200,2.19
2015-12-14,2.28,2.28,2.12,2.17,773900,2.17
2015-12-11,2.32,2.37,2.27,2.28,759200,2.28
2015-12-10,2.39,2.41,2.35,2.38,605200,2.38
2015-12-09,2.38,2.48,2.34,2.39,680200,2.39
2015-12-08,2.40,2.46,2.31,2.36,744700,2.36
2015-12-07,2.53,2.54,2.32,2.42,1131900,2.42
2015-12-04,2.69,2.74,2.51,2.56,543700,2.56
2015-12-03,2.69,2.79,2.69,2.74,681000,2.74
2015-12-02,2.66,2.72,2.61,2.65,461400,2.65
2015-12-01,2.75,2.76,2.69,2.71,324600,2.71
2015-11-30,2.70,2.78,2.66,2.75,388800,2.75
2015-11-27,2.69,2.75,2.66,2.72,134900,2.72
2015-11-25,2.69,2.75,2.66,2.69,300900,2.69
2015-11-24,2.56,2.75,2.55,2.72,630600,2.72
2015-11-23,2.52,2.60,2.50,2.54,327100,2.54
2015-11-20,2.60,2.62,2.50,2.54,545600,2.54
2015-11-19,2.65,2.72,2.54,2.58,535600,2.58
2015-11-18,2.69,2.75,2.59,2.68,354400,2.68
2015-11-17,2.74,2.80,2.66,2.67,392600,2.67
2015-11-16,2.69,2.79,2.64,2.75,370700,2.75
2015-11-13,2.65,2.78,2.61,2.70,582900,2.70
2015-11-12,2.79,2.87,2.67,2.71,498300,2.71
2015-11-11,2.79,2.87,2.65,2.86,671100,2.86
2015-11-10,2.77,2.85,2.75,2.80,346100,2.80
2015-11-09,2.93,2.99,2.78,2.78,439800,2.78
2015-11-06,2.89,2.99,2.81,2.91,543600,2.91
2015-11-05,2.96,3.10,2.96,2.99,249100,2.99
2015-11-04,3.06,3.06,2.70,2.98,498200,2.98
2015-11-03,3.07,3.13,3.02,3.05,408300,3.05
2015-11-02,2.81,3.10,2.81,3.06,559000,3.06
2015-10-30,2.88,2.89,2.70,2.86,359600,2.86
2015-10-29,2.82,2.97,2.80,2.88,370500,2.88
2015-10-28,2.70,2.90,2.66,2.86,689800,2.86
2015-10-27,2.79,2.85,2.61,2.64,832100,2.64
2015-10-26,2.97,3.02,2.78,2.83,1165600,2.83
2015-10-23,2.99,3.08,2.88,2.99,484900,2.99
2015-10-22,2.96,3.07,2.90,2.99,945100,2.99
2015-10-21,3.07,3.12,2.94,2.94,598600,2.94
2015-10-20,3.04,3.21,3.04,3.10,372200,3.10
2015-10-19,3.12,3.18,3.02,3.10,416000,3.10
2015-10-16,3.33,3.33,3.11,3.17,411900,3.17
2015-10-15,3.15,3.32,3.07,3.31,468900,3.31
2015-10-14,3.16,3.22,3.08,3.17,367300,3.17
2015-10-13,3.09,3.25,3.04,3.13,527100,3.13
2015-10-12,3.53,3.57,3.03,3.15,752300,3.15
2015-10-09,3.42,3.64,3.30,3.54,1020400,3.54
2015-10-08,3.17,3.38,3.10,3.38,794300,3.38
2015-10-07,3.29,3.37,3.12,3.19,866900,3.19
2015-10-06,2.98,3.30,2.95,3.22,1062000,3.22
2015-10-05,2.75,2.97,2.69,2.95,861400,2.95
2015-10-02,2.53,2.73,2.51,2.72,466700,2.72
2015-10-01,2.69,2.74,2.54,2.54,580200,2.54
2015-09-30,2.67,2.75,2.59,2.63,525600,2.63
2015-09-29,2.69,2.78,2.64,2.67,453800,2.67
2015-09-28,2.72,2.73,2.65,2.68,437400,2.68
2015-09-25,2.87,2.87,2.61,2.71,720500,2.71
2015-09-24,2.69,2.87,2.65,2.81,543000,2.81
2015-09-23,2.88,2.91,2.65,2.68,607800,2.68
2015-09-22,2.71,2.85,2.70,2.73,530700,2.73
2015-09-21,2.82,2.84,2.75,2.78,755500,2.78
2015-09-18,2.92,2.92,2.77,2.82,1288900,2.82
2015-09-17,2.97,3.05,2.86,2.95,519300,2.95
2015-09-16,2.80,2.99,2.79,2.94,589600,2.94
2015-09-15,2.80,2.89,2.72,2.74,517500,2.74
2015-09-14,2.70,2.84,2.63,2.72,770300,2.72
2015-09-11,2.87,2.89,2.70,2.73,604600,2.73
2015-09-10,2.90,2.95,2.80,2.94,614900,2.94
2015-09-09,3.11,3.27,2.86,2.94,921800,2.94
2015-09-08,3.11,3.22,3.05,3.19,713600,3.19
2015-09-04,3.13,3.18,3.01,3.09,372100,3.09
2015-09-03,3.28,3.39,3.14,3.18,623100,3.18
2015-09-02,3.19,3.35,3.02,3.24,1243800,3.24
2015-09-01,3.17,3.36,3.08,3.10,678800,3.10
2015-08-31,3.22,3.43,3.00,3.37,1233800,3.37
2015-08-28,2.91,3.25,2.79,3.23,1385800,3.23
2015-08-27,2.67,2.94,2.64,2.86,1289600,2.86
2015-08-26,2.65,2.69,2.58,2.65,657000,2.65
2015-08-25,2.73,2.73,2.53,2.56,704100,2.56
2015-08-24,2.59,2.77,2.50,2.59,1255400,2.59
2015-08-21,2.53,2.73,2.47,2.70,1102100,2.70
2015-08-20,2.78,2.83,2.60,2.60,600500,2.60
2015-08-19,2.93,2.93,2.72,2.81,825800,2.81
2015-08-18,2.58,3.03,2.58,2.91,1952400,2.91
2015-08-17,2.54,2.57,2.45,2.47,556000,2.47
2015-08-14,2.59,2.70,2.55,2.59,513200,2.59
2015-08-13,2.64,2.67,2.53,2.59,515700,2.59
2015-08-12,2.66,2.80,2.60,2.64,1172600,2.64
2015-08-11,2.56,2.68,2.56,2.64,831300,2.64
2015-08-10,2.45,2.68,2.44,2.63,754100,2.63
2015-08-07,2.61,2.71,2.43,2.43,839300,2.43
2015-08-06,2.39,2.68,2.34,2.60,995200,2.60
2015-08-05,2.50,2.66,2.40,2.40,687900,2.40
2015-08-04,2.62,2.69,2.50,2.50,530500,2.50
2015-08-03,2.52,2.63,2.50,2.58,678400,2.58
2015-07-31,2.64,2.70,2.52,2.54,547700,2.54
2015-07-30,2.67,2.73,2.60,2.61,616100,2.61
2015-07-29,2.62,2.83,2.58,2.70,799900,2.70
2015-07-28,2.56,2.66,2.48,2.62,1270300,2.62
2015-07-27,2.60,2.65,2.56,2.57,348200,2.57
2015-07-24,2.73,2.78,2.62,2.66,672300,2.66
2015-07-23,2.74,2.85,2.65,2.75,460800,2.75
2015-07-22,2.81,2.86,2.68,2.72,353400,2.72
2015-07-21,2.78,2.90,2.76,2.85,603400,2.85
2015-07-20,2.95,2.96,2.69,2.76,516800,2.76
2015-07-17,2.96,3.00,2.87,2.88,530500,2.88
2015-07-16,3.03,3.06,2.94,2.98,427400,2.98
2015-07-15,3.12,3.17,2.98,2.98,414200,2.98
2015-07-14,3.06,3.17,3.03,3.15,428500,3.15
2015-07-13,3.00,3.12,2.95,3.09,728700,3.09
2015-07-10,2.98,3.07,2.88,3.03,685200,3.03
2015-07-09,3.15,3.15,2.93,2.97,1296200,2.97
2015-07-08,3.09,3.15,2.96,3.08,781300,3.08
2015-07-07,3.09,3.15,2.92,3.12,694500,3.12
2015-07-06,3.14,3.15,3.05,3.12,564600,3.12
2015-07-02,3.23,3.26,3.15,3.21,444600,3.21
2015-07-01,3.33,3.35,3.15,3.20,915200,3.20
2015-06-30,3.37,3.41,3.26,3.32,511800,3.32
2015-06-29,3.47,3.55,3.26,3.33,820000,3.33
2015-06-26,3.29,3.56,3.29,3.55,2005700,3.55
2015-06-25,3.34,3.34,3.26,3.29,695800,3.29
2015-06-24,3.45,3.47,3.33,3.33,757600,3.33
2015-06-23,3.34,3.45,3.31,3.45,537800,3.45
2015-06-22,3.42,3.42,3.28,3.36,472600,3.36
2015-06-19,3.44,3.45,3.34,3.37,1029200,3.37
2015-06-18,3.63,3.64,3.41,3.43,727600,3.43
2015-06-17,3.69,3.73,3.61,3.62,464700,3.62
2015-06-16,3.69,3.71,3.61,3.67,538100,3.67
2015-06-15,3.78,3.78,3.62,3.70,830600,3.70
2015-06-12,3.74,3.78,3.69,3.78,463500,3.78
2015-06-11,3.80,3.80,3.65,3.76,506800,3.76
2015-06-10,3.74,3.81,3.69,3.78,611000,3.78
2015-06-09,3.58,3.74,3.55,3.66,785300,3.66
2015-06-08,3.55,3.63,3.48,3.57,473700,3.57
2015-06-05,3.39,3.58,3.34,3.58,706400,3.58
2015-06-04,3.42,3.42,3.34,3.40,459500,3.40
2015-06-03,3.39,3.52,3.36,3.45,568800,3.45
2015-06-02,3.30,3.45,3.30,3.41,1109400,3.41
2015-06-01,3.37,3.41,3.25,3.30,902800,3.30
2015-05-29,3.46,3.49,3.35,3.39,644000,3.39
2015-05-28,3.48,3.52,3.43,3.45,485300,3.45
2015-05-27,3.49,3.57,3.42,3.47,569500,3.47
2015-05-26,3.60,3.69,3.48,3.51,636400,3.51
2015-05-22,3.56,3.67,3.53,3.60,847600,3.60
2015-05-21,3.46,3.65,3.46,3.60,811300,3.60
2015-05-20,3.47,3.53,3.40,3.47,499200,3.47
2015-05-19,3.58,3.62,3.34,3.43,1010900,3.43
2015-05-18,3.60,3.67,3.55,3.64,448300,3.64
2015-05-15,3.68,3.68,3.56,3.63,501500,3.63
2015-05-14,3.80,3.87,3.66,3.67,525700,3.67
2015-05-13,3.77,3.80,3.64,3.78,531100,3.78
2015-05-12,3.58,3.72,3.52,3.70,672100,3.70
2015-05-11,3.75,3.76,3.61,3.63,697500,3.63
2015-05-08,3.66,3.75,3.53,3.73,696200,3.73
2015-05-07,3.76,3.77,3.53,3.64,969300,3.64
2015-05-06,3.96,4.05,3.73,3.77,1204500,3.77
2015-05-05,3.81,3.96,3.71,3.71,632000,3.71
2015-05-04,3.74,3.82,3.67,3.79,823400,3.79
2015-05-01,3.75,3.81,3.57,3.69,1068300,3.69
2015-04-30,3.87,3.97,3.75,3.75,1249100,3.75
2015-04-29,3.97,4.12,3.81,3.93,1343000,3.93
2015-04-28,4.02,4.16,4.02,4.13,491800,4.13
2015-04-27,3.91,4.15,3.91,4.07,722200,4.07
2015-04-24,4.15,4.18,3.97,3.98,866000,3.98
2015-04-23,4.11,4.20,4.07,4.17,343900,4.17
2015-04-22,4.07,4.20,4.00,4.10,494100,4.10
2015-04-21,4.23,4.27,3.92,4.14,1211100,4.14
2015-04-20,4.17,4.29,4.13,4.23,490700,4.23
2015-04-17,4.44,4.44,4.12,4.18,600500,4.18
2015-04-16,4.48,4.55,4.26,4.41,1013700,4.41
2015-04-15,4.17,4.50,4.15,4.48,808400,4.48
2015-04-14,4.03,4.20,4.03,4.15,872600,4.15
2015-04-13,4.01,4.05,3.95,4.00,482200,4.00
2015-04-10,3.96,4.07,3.92,3.98,676700,3.98
2015-04-09,3.90,4.02,3.84,3.93,1268300,3.93
2015-04-08,3.89,4.01,3.76,3.88,776700,3.88
2015-04-07,3.68,3.95,3.64,3.88,798000,3.88
2015-04-06,3.56,3.80,3.56,3.70,529600,3.70
2015-04-02,3.43,3.62,3.41,3.60,468700,3.60
2015-04-01,3.50,3.61,3.41,3.45,662000,3.45
2015-03-31,3.42,3.53,3.35,3.49,537200,3.49
2015-03-30,3.30,3.45,3.26,3.41,381100,3.41
2015-03-27,3.42,3.45,3.26,3.28,734500,3.28
2015-03-26,3.49,3.65,3.46,3.47,442700,3.47
2015-03-25,3.45,3.60,3.43,3.50,670400,3.50
2015-03-24,3.38,3.55,3.33,3.54,472800,3.54
2015-03-23,3.32,3.51,3.29,3.37,757500,3.37
2015-03-20,3.14,3.34,3.07,3.33,1808000,3.33
2015-03-19,3.19,3.23,3.10,3.11,260300,3.11
2015-03-18,3.11,3.25,3.00,3.23,814500,3.23
2015-03-17,2.87,3.09,2.85,3.09,565500,3.09
2015-03-16,2.89,2.92,2.77,2.91,424600,2.91
2015-03-13,2.98,2.98,2.80,2.91,428200,2.91
2015-03-12,3.04,3.07,2.92,3.01,442600,3.01
2015-03-11,2.90,3.06,2.90,3.03,472200,3.03
2015-03-10,3.00,3.07,2.85,2.87,805000,2.87
2015-03-09,3.15,3.15,3.01,3.05,524000,3.05
2015-03-06,3.14,3.28,3.07,3.07,410600,3.07
2015-03-05,3.09,3.21,3.02,3.19,624200,3.19
2015-03-04,3.19,3.21,3.09,3.09,498700,3.09
2015-03-03,3.10,3.30,3.10,3.20,538000,3.20
2015-03-02,3.05,3.16,3.00,3.15,855600,3.15
2015-02-27,3.10,3.16,3.08,3.09,1103100,3.09
2015-02-26,3.12,3.17,3.09,3.10,550300,3.10
2015-02-25,3.20,3.24,3.15,3.16,1076300,3.16
2015-02-24,3.34,3.38,3.18,3.22,677600,3.22
2015-02-23,3.45,3.49,3.28,3.34,838000,3.34
2015-02-20,3.64,3.68,3.44,3.51,775800,3.51
2015-02-19,3.51,3.74,3.33,3.63,1258200,3.63
2015-02-18,3.51,3.56,3.45,3.54,565700,3.54
2015-02-17,3.51,3.60,3.44,3.56,640500,3.56
2015-02-13,3.40,3.54,3.35,3.50,656600,3.50
2015-02-12,3.35,3.42,3.30,3.32,493000,3.32
2015-02-11,3.47,3.47,3.17,3.25,892600,3.25
2015-02-10,3.67,3.67,3.33,3.51,1160700,3.51
2015-02-09,3.36,3.69,3.31,3.67,1115300,3.67
2015-02-06,3.14,3.34,3.14,3.31,604100,3.31
2015-02-05,3.07,3.17,3.07,3.14,701000,3.14
2015-02-04,3.16,3.16,2.90,3.06,781700,3.06
2015-02-03,2.87,3.19,2.86,3.16,1570400,3.16
2015-02-02,2.79,2.85,2.72,2.82,839600,2.82
2015-01-30,2.61,2.78,2.60,2.71,1001600,2.71
2015-01-29,2.68,2.68,2.60,2.64,843700,2.64
2015-01-28,2.77,2.78,2.60,2.66,761300,2.66
2015-01-27,2.86,2.90,2.75,2.78,608100,2.78
2015-01-26,2.77,2.89,2.70,2.83,536000,2.83
2015-01-23,2.66,2.85,2.64,2.85,743100,2.85
2015-01-22,2.69,2.71,2.60,2.65,739100,2.65
2015-01-21,2.62,2.74,2.60,2.64,676400,2.64
2015-01-20,2.63,2.66,2.51,2.63,437800,2.63
2015-01-16,2.58,2.74,2.55,2.64,645900,2.64
2015-01-15,2.73,2.77,2.59,2.60,582300,2.60
2015-01-14,2.65,2.72,2.52,2.70,863600,2.70
2015-01-13,2.79,2.84,2.61,2.68,846100,2.68
2015-01-12,2.82,2.82,2.64,2.72,561000,2.72
2015-01-09,2.85,2.90,2.68,2.86,724000,2.86
2015-01-08,2.92,2.92,2.77,2.83,665100,2.83
2015-01-07,2.95,2.98,2.81,2.84,839000,2.84
2015-01-06,3.02,3.06,2.87,2.94,1344400,2.94
2015-01-05,3.06,3.09,2.98,3.04,1157500,3.04
2015-01-02,3.07,3.13,2.98,3.10,639500,3.10
2014-12-31,3.03,3.11,2.98,3.07,744000,3.07
2014-12-30,3.05,3.07,2.98,3.06,554400,3.06
2014-12-29,3.08,3.15,2.99,3.07,525200,3.07
2014-12-26,3.10,3.20,3.01,3.09,712500,3.09
2014-12-24,3.07,3.13,2.99,3.11,498800,3.11
2014-12-23,2.97,3.10,2.97,3.08,940800,3.08
2014-12-22,3.14,3.24,3.02,3.16,1101200,3.16
2014-12-19,2.90,3.22,2.90,3.22,2680300,3.22
2014-12-18,3.00,3.07,2.78,2.88,1223800,2.88
2014-12-17,2.72,3.00,2.72,2.91,2042200,2.91
2014-12-16,2.62,2.88,2.59,2.70,1284900,2.70
2014-12-15,2.58,2.68,2.58,2.62,1153600,2.62
2014-12-12,2.60,2.72,2.58,2.58,984800,2.58
2014-12-11,2.75,2.86,2.60,2.61,1027800,2.61
2014-12-10,2.78,2.82,2.69,2.75,1567000,2.75
2014-12-09,2.76,2.85,2.74,2.85,2088300,2.85
2014-12-08,3.05,3.05,2.78,2.83,1435300,2.83
2014-12-05,3.23,3.24,3.06,3.07,893200,3.07
2014-12-04,3.31,3.36,3.20,3.24,1140800,3.24
2014-12-03,3.14,3.36,3.13,3.22,1841900,3.22
2014-12-02,3.26,3.40,3.12,3.13,2567800,3.13
2014-12-01,3.52,3.52,3.17,3.26,1503200,3.26
2014-11-28,3.75,3.76,3.51,3.55,845600,3.55
2014-11-26,3.98,4.00,3.84,3.91,1145600,3.91
2014-11-25,3.93,4.04,3.85,4.01,976900,4.01
2014-11-24,4.00,4.06,3.87,3.90,825100,3.90
2014-11-21,4.00,4.13,3.97,4.01,1107100,4.01
2014-11-20,3.86,3.99,3.83,3.87,1281900,3.87
2014-11-19,3.91,3.92,3.76,3.85,1532100,3.85
2014-11-18,4.03,4.12,3.88,3.92,1027600,3.92
2014-11-17,3.99,4.03,3.81,4.02,1456500,4.02
2014-11-14,4.04,4.09,3.86,4.01,1604500,4.01
2014-11-13,4.10,4.13,3.90,4.02,1636400,4.02
2014-11-12,4.22,4.30,4.12,4.14,901600,4.14
2014-11-11,4.30,4.31,4.12,4.28,1079800,4.28
2014-11-10,4.31,4.44,4.14,4.28,1311100,4.28
2014-11-07,4.26,4.33,4.21,4.30,2328200,4.30
2014-11-06,4.18,4.30,4.08,4.25,2295900,4.25
2014-11-05,4.32,4.52,4.23,4.39,1488600,4.39
2014-11-04,4.52,4.56,4.23,4.30,1092700,4.30
2014-11-03,4.47,4.91,4.40,4.67,1110400,4.67
2014-10-31,4.58,4.67,4.43,4.44,2315600,4.44
2014-10-30,4.50,4.58,4.41,4.51,1145700,4.51
2014-10-29,4.65,4.81,4.47,4.54,1050700,4.54
2014-10-28,4.52,4.64,4.41,4.63,913800,4.63
2014-10-27,4.48,4.49,4.33,4.45,618600,4.45
2014-10-24,4.87,4.87,4.53,4.54,639500,4.54
2014-10-23,4.80,4.97,4.71,4.85,1012400,4.85
2014-10-22,5.05,5.09,4.65,4.67,925700,4.67
2014-10-21,4.87,5.09,4.84,5.05,1197500,5.05
2014-10-20,4.49,4.79,4.49,4.79,1447300,4.79
2014-10-17,4.53,4.64,4.34,4.49,1655800,4.49
2014-10-16,4.29,4.56,4.24,4.36,1367400,4.36
2014-10-15,3.86,4.40,3.80,4.39,2035100,4.39
2014-10-14,4.22,4.23,3.84,3.86,2682400,3.86
2014-10-13,4.13,4.38,4.03,4.19,1567000,4.19
2014-10-10,4.24,4.32,4.09,4.12,1117600,4.12
2014-10-09,4.47,4.47,4.26,4.29,1764700,4.29
2014-10-08,4.69,4.71,4.30,4.49,1431100,4.49
2014-10-07,4.74,4.87,4.68,4.69,602800,4.69
2014-10-06,4.85,4.92,4.70,4.75,639800,4.75
2014-10-03,5.17,5.17,4.82,4.82,658900,4.82
2014-10-02,4.84,5.14,4.82,5.09,1050400,5.09
2014-10-01,4.94,5.06,4.82,4.82,663300,4.82
2014-09-30,5.12,5.16,4.89,4.94,1735700,4.94
2014-09-29,5.09,5.18,5.06,5.12,823800,5.12
2014-09-26,5.03,5.18,5.03,5.15,775800,5.15
2014-09-25,5.10,5.14,4.99,5.03,747600,5.03
2014-09-24,5.17,5.17,5.05,5.12,604100,5.12
2014-09-23,5.14,5.21,5.11,5.16,754200,5.16
2014-09-22,5.23,5.28,5.10,5.15,1036400,5.15
2014-09-19,5.53,5.56,5.19,5.21,1795300,5.21
2014-09-18,5.49,5.59,5.48,5.54,700700,5.54
2014-09-17,5.64,5.70,5.47,5.49,1276800,5.49
2014-09-16,5.82,5.87,5.64,5.65,1370900,5.65
2014-09-15,5.88,6.01,5.80,5.85,1335800,5.85
2014-09-12,6.22,6.23,6.09,6.16,539100,6.16
2014-09-11,6.16,6.27,6.11,6.21,560000,6.21
2014-09-10,6.05,6.25,5.97,6.20,485300,6.20
2014-09-09,6.08,6.18,6.01,6.05,495300,6.05
2014-09-08,6.21,6.21,6.03,6.11,600900,6.11
2014-09-05,6.18,6.27,6.03,6.22,722200,6.22
2014-09-04,6.61,6.61,6.17,6.19,724100,6.19
2014-09-03,6.80,6.84,6.55,6.61,803400,6.61
2014-09-02,6.32,6.74,6.28,6.73,1197200,6.73
2014-08-29,6.23,6.31,6.18,6.28,312900,6.28
2014-08-28,6.29,6.32,6.17,6.22,298400,6.22
2014-08-27,6.35,6.40,6.23,6.34,250300,6.34
2014-08-26,6.30,6.35,6.26,6.33,608400,6.33
2014-08-25,6.20,6.29,6.15,6.27,573700,6.27
2014-08-22,6.09,6.20,5.95,6.16,1047200,6.16
2014-08-21,5.99,6.11,5.86,6.10,831700,6.10
2014-08-20,6.14,6.14,5.96,5.99,809300,5.99
2014-08-19,6.20,6.21,6.12,6.15,508300,6.15
2014-08-18,6.30,6.34,6.17,6.19,396000,6.19
2014-08-15,6.35,6.39,6.20,6.25,485500,6.25
2014-08-14,6.40,6.44,6.26,6.26,392100,6.26
2014-08-13,6.37,6.43,6.27,6.36,559100,6.36
2014-08-12,6.31,6.41,6.28,6.34,451300,6.34
2014-08-11,6.32,6.43,6.26,6.35,569200,6.35
2014-08-08,6.27,6.31,6.18,6.28,764200,6.28
2014-08-07,6.58,6.61,6.31,6.32,992200,6.32
2014-08-06,6.31,6.86,6.15,6.56,1623800,6.56
2014-08-05,6.12,6.16,5.94,6.05,480900,6.05
2014-08-04,6.07,6.18,5.90,6.16,519700,6.16
2014-08-01,6.18,6.18,5.99,6.05,708900,6.05
2014-07-31,6.20,6.28,6.02,6.18,1038600,6.18
2014-07-30,6.33,6.34,6.20,6.27,439900,6.27
2014-07-29,6.22,6.33,6.20,6.27,253600,6.27
2014-07-28,6.29,6.30,6.16,6.22,423000,6.22
2014-07-25,6.27,6.36,6.23,6.28,455300,6.28
2014-07-24,6.40,6.43,6.29,6.32,453800,6.32
2014-07-23,6.46,6.51,6.36,6.40,274100,6.40
2014-07-22,6.40,6.53,6.39,6.48,307900,6.48
2014-07-21,6.36,6.36,6.27,6.34,289800,6.34
2014-07-18,6.28,6.46,6.26,6.38,516800,6.38
2014-07-17,6.44,6.53,6.26,6.28,759700,6.28
2014-07-16,6.44,6.52,6.36,6.51,680100,6.51
2014-07-15,6.55,6.60,6.36,6.40,492700,6.40
2014-07-14,6.44,6.64,6.44,6.57,375700,6.57
2014-07-11,6.46,6.48,6.33,6.39,572500,6.39
2014-07-10,6.51,6.53,6.36,6.46,696700,6.46
2014-07-09,6.63,6.71,6.57,6.65,464600,6.65
2014-07-08,6.70,6.71,6.49,6.62,680800,6.62
2014-07-07,6.96,6.96,6.67,6.72,597500,6.72
2014-07-03,6.93,7.03,6.83,6.97,526300,6.97
2014-07-02,6.97,7.00,6.79,6.93,945300,6.93
2014-07-01,6.61,6.75,6.55,6.71,723100,6.71
2014-06-30,6.61,6.66,6.47,6.52,956400,6.52
2014-06-27,6.54,6.62,6.51,6.62,657000,6.62
2014-06-26,6.63,6.65,6.51,6.56,418400,6.56
2014-06-25,6.52,6.67,6.41,6.61,940400,6.61
2014-06-24,6.88,6.91,6.51,6.53,786900,6.53
2014-06-23,6.96,7.00,6.80,6.88,531000,6.88
2014-06-20,7.03,7.10,6.94,6.97,1197500,6.97
2014-06-19,7.02,7.09,6.92,7.00,458600,7.00
2014-06-18,7.03,7.08,6.91,7.00,521200,7.00
2014-06-17,6.93,7.07,6.91,7.03,588300,7.03
2014-06-16,7.04,7.04,6.90,6.95,521200,6.95
2014-06-13,7.13,7.13,7.00,7.03,522000,7.03
2014-06-12,7.03,7.18,7.03,7.08,592100,7.08
2014-06-11,6.96,7.04,6.90,7.03,510800,7.03
2014-06-10,7.06,7.06,6.93,6.96,694300,6.96
2014-06-09,6.66,7.10,6.62,7.04,1626100,7.04
2014-06-06,6.59,6.69,6.54,6.67,712600,6.67
2014-06-05,6.39,6.55,6.31,6.55,890600,6.55
2014-06-04,6.51,6.51,6.35,6.36,586200,6.36
2014-06-03,6.37,6.41,6.25,6.39,824800,6.39
2014-06-02,6.50,6.54,6.31,6.33,607400,6.33
2014-05-30,6.46,6.54,6.39,6.47,670800,6.47
2014-05-29,6.35,6.46,6.35,6.45,410000,6.45
2014-05-28,6.36,6.42,6.27,6.33,513400,6.33
2014-05-27,6.33,6.48,6.33,6.38,539200,6.38
2014-05-23,6.22,6.38,6.21,6.31,481800,6.31
2014-05-22,6.12,6.29,6.11,6.20,861000,6.20
2014-05-21,6.04,6.22,6.04,6.12,1219700,6.12
2014-05-20,6.06,6.07,5.95,6.00,1246700,6.00
2014-05-19,5.97,6.16,5.95,6.09,876000,6.09
2014-05-16,5.97,6.02,5.90,5.98,774700,5.98
2014-05-15,6.14,6.14,5.88,5.99,1410500,5.99
2014-05-14,6.25,6.36,6.15,6.15,1706900,6.15
2014-05-13,6.30,6.40,6.16,6.24,1867900,6.24
2014-05-12,6.20,6.34,6.18,6.32,924300,6.32
2014-05-09,6.33,6.33,6.01,6.16,1343100,6.16
2014-05-08,6.54,6.74,6.33,6.33,1126700,6.33
2014-05-07,6.52,6.53,6.33,6.51,674300,6.51
2014-05-06,6.61,6.68,6.48,6.49,511300,6.49
2014-05-05,6.70,6.71,6.53,6.61,444700,6.61
2014-05-02,6.54,6.74,6.50,6.70,842500,6.70
2014-05-01,6.64,6.66,6.47,6.54,864700,6.54
2014-04-30,6.53,6.65,6.39,6.63,1025000,6.63
2014-04-29,6.49,6.63,6.44,6.55,888100,6.55
2014-04-28,6.52,6.59,6.28,6.37,1023100,6.37
2014-04-25,6.76,6.79,6.48,6.50,1196300,6.50
2014-04-24,6.95,6.97,6.79,6.79,669900,6.79
2014-04-23,6.69,7.10,6.69,6.90,1056700,6.90
2014-04-22,6.72,6.77,6.62,6.68,605700,6.68
2014-04-21,6.55,6.75,6.50,6.72,654300,6.72
2014-04-17,6.49,6.59,6.29,6.52,919300,6.52
2014-04-16,6.61,6.64,6.43,6.49,701100,6.49
2014-04-15,6.63,6.72,6.42,6.57,1144300,6.57
2014-04-14,6.85,6.89,6.57,6.61,1093900,6.61
2014-04-11,6.76,6.99,6.72,6.83,1376600,6.83
2014-04-10,6.88,7.00,6.75,6.80,984300,6.80
2014-04-09,6.78,6.96,6.70,6.88,1372600,6.88
2014-04-08,6.66,6.80,6.58,6.73,1577200,6.73
2014-04-07,6.92,6.97,6.66,6.66,822200,6.66
2014-04-04,7.16,7.24,6.91,6.96,856500,6.96
2014-04-03,7.37,7.37,7.05,7.09,1124200,7.09
2014-04-02,7.16,7.39,7.16,7.35,1495800,7.35
2014-04-01,7.11,7.20,7.04,7.16,1426000,7.16
2014-03-31,7.08,7.13,6.88,7.09,1706900,7.09
2014-03-28,6.99,7.09,6.95,7.01,1021400,7.01
2014-03-27,6.90,7.14,6.90,6.95,790600,6.95
2014-03-26,7.25,7.29,6.89,6.89,951200,6.89
2014-03-25,7.29,7.38,7.10,7.24,713600,7.24
2014-03-24,7.33,7.39,7.16,7.21,877600,7.21
2014-03-21,7.31,7.35,7.23,7.30,1185700,7.30
2014-03-20,7.21,7.31,7.16,7.26,295900,7.26
2014-03-19,7.25,7.29,7.15,7.22,553500,7.22
2014-03-18,7.20,7.29,7.17,7.24,627100,7.24
2014-03-17,7.25,7.35,7.10,7.21,454500,7.21
2014-03-14,7.10,7.20,7.07,7.18,623600,7.18
2014-03-13,7.16,7.31,6.95,7.10,744900,7.10
2014-03-12,7.25,7.25,7.04,7.12,904000,7.12
2014-03-11,7.54,7.58,7.21,7.26,1022400,7.26
2014-03-10,7.69,7.69,7.32,7.51,967600,7.51
2014-03-07,7.94,7.94,7.67,7.72,845900,7.72
2014-03-06,7.86,8.00,7.83,7.86,604800,7.86
2014-03-05,7.95,8.03,7.80,7.81,817300,7.81
2014-03-04,7.95,8.12,7.88,7.97,1033600,7.97
2014-03-03,7.95,8.03,7.80,7.86,694300,7.86
2014-02-28,7.89,8.20,7.89,8.07,797600,8.07
2014-02-27,7.65,7.90,7.57,7.86,658300,7.86
2014-02-26,8.12,8.15,7.37,7.71,1473000,7.71
2014-02-25,8.23,8.23,7.87,8.20,759700,8.20
2014-02-24,7.95,8.35,7.95,8.23,838700,8.23
2014-02-21,8.15,8.18,7.84,7.93,780000,7.93
2014-02-20,7.60,8.10,7.59,8.09,1101800,8.09
2014-02-19,7.40,7.64,7.39,7.58,735500,7.58
2014-02-18,7.37,7.44,7.21,7.42,533700,7.42
2014-02-14,7.34,7.45,7.28,7.32,364600,7.32
2014-02-13,6.99,7.35,6.98,7.33,536000,7.33
2014-02-12,7.11,7.25,7.02,7.02,487200,7.02
2014-02-11,6.93,7.12,6.92,7.10,501400,7.10
2014-02-10,7.12,7.13,6.93,6.93,506200,6.93
2014-02-07,7.06,7.16,6.88,7.14,658100,7.14
2014-02-06,6.98,7.15,6.95,7.04,459400,7.04
2014-02-05,7.11,7.11,6.85,6.93,587600,6.93
2014-02-04,7.17,7.28,7.10,7.16,448200,7.16
2014-02-03,7.44,7.48,7.03,7.09,702600,7.09
2014-01-31,7.50,7.58,7.41,7.44,988000,7.44
2014-01-30,7.71,7.75,7.52,7.60,591400,7.60
2014-01-29,7.62,7.74,7.52,7.59,602300,7.59
2014-01-28,7.61,7.74,7.51,7.72,599400,7.72
2014-01-27,7.86,7.87,7.45,7.61,641800,7.61
2014-01-24,8.06,8.07,7.57,7.81,912800,7.81
2014-01-23,8.25,8.25,8.04,8.15,570300,8.15
2014-01-22,8.24,8.35,8.20,8.26,498800,8.26
2014-01-21,8.11,8.30,8.10,8.22,767200,8.22
2014-01-17,7.99,8.10,7.95,8.06,618300,8.06
2014-01-16,8.05,8.13,7.96,8.01,690000,8.01
2014-01-15,7.88,7.98,7.79,7.93,594200,7.93
2014-01-14,7.74,7.91,7.72,7.87,441800,7.87
2014-01-13,7.92,7.95,7.61,7.68,782000,7.68
2014-01-10,7.88,8.01,7.77,7.95,530000,7.95
2014-01-09,8.05,8.08,7.69,7.86,849600,7.86
2014-01-08,8.09,8.15,7.82,8.02,816100,8.02
2014-01-07,8.45,8.49,7.95,8.07,1224100,8.07
2014-01-06,8.19,8.67,8.16,8.38,1443000,8.38
2014-01-03,7.99,8.19,7.99,8.09,890700,8.09
2014-01-02,8.13,8.22,7.97,8.00,534500,8.00
2013-12-31,8.00,8.19,8.00,8.13,744000,8.13
2013-12-30,8.22,8.32,7.96,7.96,546400,7.96
2013-12-27,8.23,8.33,8.05,8.22,724800,8.22
2013-12-26,7.97,8.40,7.93,8.15,1077600,8.15
2013-12-24,7.74,8.00,7.74,7.91,274900,7.91
2013-12-23,7.89,8.03,7.71,7.76,459900,7.76
2013-12-20,7.68,7.98,7.67,7.88,1002100,7.88
2013-12-19,7.60,7.70,7.57,7.62,463700,7.62
2013-12-18,7.70,7.72,7.39,7.61,899300,7.61
2013-12-17,7.80,7.87,7.53,7.67,685800,7.67
2013-12-16,7.75,7.92,7.74,7.79,405500,7.79
2013-12-13,7.75,7.81,7.56,7.69,487800,7.69
2013-12-12,7.59,7.87,7.59,7.74,489300,7.74
2013-12-11,7.77,7.85,7.47,7.58,785300,7.58
2013-12-10,7.86,8.04,7.75,7.75,561100,7.75
2013-12-09,7.91,7.94,7.66,7.84,606600,7.84
2013-12-06,8.01,8.12,7.88,7.89,516100,7.89
2013-12-05,8.03,8.13,7.90,7.91,472200,7.91
2013-12-04,7.70,8.08,7.68,8.00,669200,8.00
2013-12-03,7.92,7.99,7.70,7.72,948600,7.72
2013-12-02,7.95,8.01,7.80,7.89,591100,7.89
2013-11-29,7.99,8.02,7.87,7.93,435200,7.93
2013-11-27,7.94,8.01,7.85,7.97,629100,7.97
2013-11-26,7.83,8.01,7.83,7.93,709200,7.93
2013-11-25,7.96,8.02,7.82,7.86,585200,7.86
2013-11-22,8.20,8.22,7.91,7.96,627200,7.96
2013-11-21,8.03,8.22,7.97,8.20,529300,8.20
2013-11-20,7.78,8.10,7.74,8.00,586000,8.00
2013-11-19,8.02,8.04,7.64,7.78,1473600,7.78
2013-11-18,8.26,8.41,8.03,8.05,580000,8.05
2013-11-15,8.09,8.33,7.92,8.26,1001200,8.26
2013-11-14,8.35,8.36,7.95,8.04,844000,8.04
2013-11-13,8.15,8.40,8.10,8.32,529000,8.32
2013-11-12,8.19,8.35,8.10,8.18,644400,8.18
2013-11-11,8.41,8.50,7.98,8.18,1026800,8.18
2013-11-08,7.94,8.50,7.94,8.41,1097300,8.41
2013-11-07,8.04,8.37,7.84,7.89,1485800,7.89
2013-11-06,7.25,8.35,7.21,7.77,3632800,7.77
2013-11-05,7.14,7.20,6.98,7.00,629400,7.00
2013-11-04,7.07,7.26,7.04,7.20,1067400,7.20
2013-11-01,7.18,7.24,6.94,7.07,950600,7.07
2013-10-31,7.23,7.31,7.13,7.20,694400,7.20
2013-10-30,7.27,7.44,7.13,7.21,471500,7.21
2013-10-29,7.16,7.30,7.11,7.29,623000,7.29
2013-10-28,7.15,7.24,7.14,7.16,474400,7.16
2013-10-25,7.23,7.35,7.11,7.15,601600,7.15
2013-10-24,7.17,7.19,7.09,7.13,663900,7.13
2013-10-23,7.05,7.20,7.01,7.15,743400,7.15
2013-10-22,7.11,7.34,7.05,7.10,908300,7.10
2013-10-21,7.05,7.24,7.04,7.05,1118700,7.05
2013-10-18,6.59,7.06,6.55,7.05,1178900,7.05
2013-10-17,6.33,6.53,6.33,6.49,647600,6.49
2013-10-16,6.34,6.47,6.31,6.35,605500,6.35
2013-10-15,6.46,6.56,6.26,6.32,806700,6.32
2013-10-14,6.33,6.53,6.25,6.53,819500,6.53
2013-10-11,6.19,6.43,6.16,6.40,1008400,6.40
2013-10-10,5.90,6.25,5.86,6.25,1294100,6.25
2013-10-09,5.83,5.90,5.68,5.78,898600,5.78
2013-10-08,5.85,5.94,5.79,5.83,446700,5.83
2013-10-07,5.93,5.95,5.85,5.85,516600,5.85
2013-10-04,5.92,6.04,5.84,5.99,532300,5.99
2013-10-03,5.95,6.10,5.80,5.94,588900,5.94
2013-10-02,5.83,5.86,5.80,5.82,313700,5.82
2013-10-01,5.68,5.88,5.68,5.86,467600,5.86
2013-09-30,5.75,5.77,5.66,5.70,649900,5.70
2013-09-27,5.85,5.95,5.83,5.86,244600,5.86
2013-09-26,5.89,5.95,5.86,5.89,219800,5.89
2013-09-25,5.97,6.05,5.86,5.86,640300,5.86
2013-09-24,6.01,6.06,5.91,5.99,558200,5.99
2013-09-23,6.02,6.07,5.99,6.02,430500,6.02
2013-09-20,6.16,6.16,6.06,6.07,735000,6.07
2013-09-19,6.03,6.14,6.03,6.09,430800,6.09
2013-09-18,5.95,6.07,5.81,6.03,558300,6.03
2013-09-17,5.88,5.98,5.81,5.96,510700,5.96
2013-09-16,5.97,5.97,5.80,5.90,474600,5.90
2013-09-13,5.98,5.98,5.87,5.91,561900,5.91
2013-09-12,5.91,5.96,5.83,5.95,427700,5.95
2013-09-11,6.06,6.06,5.93,5.95,484400,5.95
2013-09-10,6.01,6.14,5.87,6.08,831400,6.08
2013-09-09,5.86,6.00,5.83,5.99,972900,5.99
2013-09-06,5.90,5.92,5.72,5.86,1138900,5.86
2013-09-05,5.79,5.94,5.79,5.88,422700,5.88
2013-09-04,5.72,5.91,5.69,5.75,936100,5.75
2013-09-03,5.86,5.86,5.54,5.70,777800,5.70
2013-08-30,5.96,5.98,5.74,5.74,842700,5.74
2013-08-29,5.91,6.02,5.86,5.97,780300,5.97
2013-08-28,5.87,5.96,5.87,5.92,696400,5.92
2013-08-27,5.80,6.02,5.80,5.85,947700,5.85
2013-08-26,5.81,5.90,5.77,5.84,322200,5.84
2013-08-23,5.92,5.95,5.80,5.81,435100,5.81
2013-08-22,5.69,5.95,5.69,5.93,456100,5.93
2013-08-21,5.91,5.94,5.62,5.68,602000,5.68
2013-08-20,5.74,5.98,5.72,5.94,461800,5.94
2013-08-19,5.70,5.83,5.64,5.75,651800,5.75
2013-08-16,5.85,5.86,5.70,5.71,471700,5.71
2013-08-15,5.94,5.94,5.83,5.87,377500,5.87
2013-08-14,6.00,6.01,5.92,5.99,443700,5.99
2013-08-13,6.00,6.01,5.90,5.99,408900,5.99
2013-08-12,6.09,6.13,5.90,5.98,776400,5.98
2013-08-09,6.04,6.16,5.91,6.14,726200,6.14
2013-08-08,6.28,6.30,5.94,6.06,1242900,6.06
2013-08-07,6.16,6.33,6.07,6.25,738100,6.25
2013-08-06,6.35,6.35,6.15,6.19,913000,6.19
2013-08-05,6.10,6.42,6.05,6.36,1273400,6.36
2013-08-02,6.08,6.12,5.96,6.09,595700,6.09
2013-08-01,6.19,6.25,5.92,6.09,1010800,6.09
2013-07-31,6.00,6.15,5.99,6.07,774600,6.07
2013-07-30,6.18,6.21,5.97,5.99,989100,5.99
2013-07-29,6.19,6.25,6.13,6.18,1328600,6.18
2013-07-26,6.21,6.23,6.13,6.21,747500,6.21
2013-07-25,6.18,6.32,6.13,6.24,1472400,6.24
2013-07-24,6.31,6.31,6.12,6.21,1987900,6.21
2013-07-23,5.90,6.35,5.87,6.31,1778300,6.31
2013-07-22,5.60,5.98,5.60,5.88,1388800,5.88
2013-07-19,5.36,5.56,5.36,5.56,618100,5.56
2013-07-18,5.25,5.43,5.25,5.39,483800,5.39
2013-07-17,5.17,5.32,5.17,5.22,478500,5.22
2013-07-16,5.19,5.22,5.02,5.17,591400,5.17
2013-07-15,5.23,5.29,5.20,5.21,297100,5.21
2013-07-12,5.24,5.30,5.16,5.21,440000,5.21
2013-07-11,5.32,5.33,5.23,5.27,654100,5.27
2013-07-10,5.40,5.46,5.22,5.26,433700,5.26
2013-07-09,5.38,5.48,5.34,5.44,690000,5.44
2013-07-08,5.15,5.40,5.10,5.34,781000,5.34
2013-07-05,5.10,5.14,4.95,5.14,423600,5.14
2013-07-03,5.05,5.12,4.92,5.06,444700,5.06
2013-07-02,5.01,5.15,4.98,5.09,678900,5.09
2013-07-01,5.01,5.10,4.95,5.04,488000,5.04
2013-06-28,4.94,4.99,4.86,4.98,986700,4.98
2013-06-27,5.08,5.12,4.95,4.98,389900,4.98
2013-06-26,5.12,5.12,5.00,5.04,621500,5.04
2013-06-25,4.92,5.09,4.87,5.08,565700,5.08
2013-06-24,5.09,5.12,4.77,4.87,1241400,4.87
2013-06-21,5.10,5.18,5.00,5.18,1467100,5.18
2013-06-20,4.99,5.02,4.89,5.00,1172500,5.00
2013-06-19,5.11,5.20,5.04,5.11,999800,5.11
2013-06-18,4.91,5.16,4.87,5.12,1226200,5.12
2013-06-17,4.64,4.95,4.64,4.94,1052400,4.94
2013-06-14,4.63,4.68,4.51,4.60,737200,4.60
2013-06-13,4.33,4.63,4.33,4.62,793800,4.62
2013-06-12,4.37,4.41,4.26,4.34,713700,4.34
2013-06-11,4.30,4.35,4.23,4.32,425700,4.32
2013-06-10,4.35,4.38,4.28,4.36,281400,4.36
2013-06-07,4.32,4.38,4.23,4.35,625000,4.35
2013-06-06,4.26,4.29,4.15,4.27,1210900,4.27
2013-06-05,4.27,4.34,4.15,4.27,811700,4.27
2013-06-04,4.46,4.54,4.22,4.27,1499600,4.27
2013-06-03,4.49,4.53,4.43,4.47,887100,4.47
2013-05-31,4.51,4.53,4.45,4.46,342200,4.46
2013-05-30,4.60,4.61,4.51,4.54,378800,4.54
2013-05-29,4.59,4.69,4.57,4.59,345100,4.59
2013-05-28,4.62,4.76,4.56,4.64,552800,4.64
2013-05-24,4.52,4.57,4.50,4.55,361700,4.55
2013-05-23,4.45,4.56,4.38,4.54,416500,4.54
2013-05-22,4.71,4.83,4.51,4.51,599600,4.51
2013-05-21,4.82,4.85,4.71,4.72,395700,4.72
2013-05-20,4.56,4.94,4.53,4.81,810800,4.81
2013-05-17,4.44,4.59,4.42,4.59,518400,4.59
2013-05-16,4.45,4.46,4.35,4.40,719600,4.40
2013-05-15,4.46,4.54,4.42,4.44,248600,4.44
2013-05-14,4.44,4.52,4.43,4.48,509500,4.48
2013-05-13,4.61,4.62,4.38,4.48,619100,4.48
2013-05-10,4.60,4.61,4.51,4.60,520300,4.60
2013-05-09,4.62,4.68,4.50,4.61,624100,4.61
2013-05-08,4.60,4.62,4.53,4.57,445100,4.57
2013-05-07,4.66,4.68,4.53,4.59,479000,4.59
2013-05-06,4.59,4.65,4.52,4.61,593700,4.61
2013-05-03,4.24,4.58,4.21,4.56,1359200,4.56
2013-05-02,4.13,4.20,4.06,4.18,824400,4.18
2013-05-01,4.20,4.20,4.06,4.06,956300,4.06
2013-04-30,4.14,4.18,4.10,4.12,577500,4.12
2013-04-29,4.06,4.16,4.05,4.12,318800,4.12
2013-04-26,4.10,4.11,4.00,4.05,427500,4.05
2013-04-25,4.08,4.17,4.07,4.09,457600,4.09
2013-04-24,3.93,4.11,3.88,4.05,1038100,4.05
2013-04-23,3.87,3.92,3.82,3.89,715700,3.89
2013-04-22,3.84,3.88,3.75,3.84,853800,3.84
2013-04-19,3.94,3.95,3.84,3.87,567200,3.87
2013-04-18,3.98,4.00,3.90,3.92,1155200,3.92
2013-04-17,3.99,4.02,3.95,3.96,1532500,3.96
2013-04-16,4.03,4.19,3.96,4.08,1179100,4.08
2013-04-15,4.10,4.11,3.98,4.00,1650700,4.00
2013-04-12,4.32,4.35,4.11,4.16,1157800,4.16
2013-04-11,4.42,4.44,4.35,4.39,416600,4.39
2013-04-10,4.23,4.41,4.20,4.40,711700,4.40
2013-04-09,4.17,4.24,4.15,4.20,804200,4.20
2013-04-08,4.08,4.15,4.05,4.13,423300,4.13
2013-04-05,4.00,4.13,4.00,4.09,560200,4.09
2013-04-04,4.09,4.09,4.01,4.06,680800,4.06
2013-04-03,4.17,4.19,4.06,4.10,866800,4.10
2013-04-02,4.30,4.33,4.14,4.16,467300,4.16
2013-04-01,4.26,4.38,4.17,4.28,1241700,4.28
2013-03-28,4.50,4.51,4.27,4.28,1416900,4.28
2013-03-27,4.55,4.57,4.45,4.47,955500,4.47
2013-03-26,4.64,4.65,4.56,4.58,422000,4.58
2013-03-25,4.70,4.75,4.59,4.62,649600,4.62
2013-03-22,4.73,4.77,4.62,4.65,891100,4.65
2013-03-21,4.75,4.78,4.66,4.69,473500,4.69
2013-03-20,4.89,4.89,4.71,4.79,718900,4.79
2013-03-19,4.98,5.00,4.75,4.82,615700,4.82
2013-03-18,5.01,5.05,4.96,4.98,564300,4.98
2013-03-15,5.09,5.23,5.02,5.10,1170500,5.10
2013-03-14,4.88,5.08,4.88,5.07,450900,5.07
2013-03-13,4.82,4.94,4.82,4.88,294400,4.88
2013-03-12,4.80,4.90,4.79,4.83,503600,4.83
2013-03-11,4.78,4.85,4.78,4.82,563600,4.82
2013-03-08,4.73,4.83,4.64,4.81,992300,4.81
2013-03-07,4.65,4.72,4.64,4.65,865200,4.65
2013-03-06,4.74,4.74,4.61,4.65,470900,4.65
2013-03-05,4.59,4.74,4.59,4.70,761400,4.70
2013-03-04,4.76,4.77,4.51,4.58,755000,4.58
2013-03-01,4.71,4.80,4.62,4.80,690100,4.80
2013-02-28,4.84,4.84,4.72,4.76,694400,4.76
2013-02-27,4.81,4.87,4.78,4.82,679400,4.82
2013-02-26,4.89,4.95,4.69,4.83,1095500,4.83
2013-02-25,5.35,5.43,4.85,4.88,1102300,4.88
2013-02-22,5.27,5.31,5.03,5.30,1092200,5.30
2013-02-21,5.81,5.81,5.04,5.22,2191500,5.22
2013-02-20,6.00,6.03,5.77,5.82,1346200,5.82
2013-02-19,6.00,6.08,5.95,5.99,958300,5.99
2013-02-15,6.18,6.18,5.97,6.01,1491800,6.01
2013-02-14,5.82,6.13,5.82,6.11,665300,6.11
2013-02-13,5.81,5.85,5.69,5.83,375300,5.83
2013-02-12,5.71,5.85,5.69,5.77,597900,5.77
2013-02-11,5.64,5.73,5.62,5.67,377200,5.67
2013-02-08,5.60,5.74,5.58,5.64,701600,5.64
2013-02-07,5.57,5.64,5.50,5.61,344800,5.61
2013-02-06,5.55,5.59,5.50,5.58,305500,5.58
2013-02-05,5.58,5.63,5.50,5.56,330000,5.56
2013-02-04,5.62,5.63,5.53,5.54,343100,5.54
2013-02-01,5.64,5.64,5.55,5.63,626900,5.63
2013-01-31,5.48,5.64,5.47,5.62,532800,5.62
2013-01-30,5.63,5.65,5.50,5.52,374600,5.52
2013-01-29,5.68,5.69,5.55,5.60,592100,5.60
2013-01-28,5.50,5.68,5.43,5.66,603400,5.66
2013-01-25,5.54,5.59,5.38,5.49,530000,5.49
2013-01-24,5.55,5.65,5.46,5.48,457200,5.48
2013-01-23,5.64,5.68,5.51,5.54,459300,5.54
2013-01-22,5.63,5.67,5.57,5.64,832100,5.64
2013-01-18,5.46,5.63,5.39,5.63,907500,5.63
2013-01-17,5.23,5.45,5.20,5.44,708300,5.44
2013-01-16,5.08,5.20,5.04,5.19,377800,5.19
2013-01-15,5.00,5.11,4.98,5.08,337900,5.08
2013-01-14,5.06,5.10,4.93,5.03,523800,5.03
2013-01-11,5.09,5.13,5.01,5.07,409300,5.07
2013-01-10,5.15,5.15,5.03,5.08,320900,5.08
2013-01-09,5.17,5.18,5.03,5.09,365900,5.09
2013-01-08,5.11,5.20,5.07,5.14,380500,5.14
2013-01-07,5.02,5.13,5.00,5.09,402100,5.09
2013-01-04,4.92,5.09,4.88,5.07,682100,5.07
2013-01-03,4.74,4.95,4.70,4.86,437800,4.86
2013-01-02,4.72,4.76,4.60,4.74,816300,4.74
2012-12-31,4.37,4.60,4.35,4.60,625300,4.60
2012-12-28,4.32,4.42,4.26,4.38,397300,4.38
2012-12-27,4.37,4.39,4.23,4.35,414800,4.35
2012-12-26,4.40,4.43,4.33,4.38,331400,4.38
2012-12-24,4.35,4.41,4.35,4.38,68000,4.38
2012-12-21,4.43,4.48,4.31,4.40,1082400,4.40
2012-12-20,4.40,4.49,4.37,4.48,433100,4.48
2012-12-19,4.31,4.44,4.30,4.38,859800,4.38
2012-12-18,4.36,4.39,4.29,4.32,1266600,4.32
2012-12-17,4.33,4.36,4.28,4.36,329700,4.36
2012-12-14,4.33,4.36,4.31,4.32,385300,4.32
2012-12-13,4.39,4.39,4.30,4.35,400300,4.35
2012-12-12,4.45,4.48,4.40,4.41,277400,4.41
2012-12-11,4.40,4.46,4.38,4.44,416900,4.44
2012-12-10,4.38,4.43,4.34,4.37,275800,4.37
2012-12-07,4.40,4.40,4.32,4.36,269200,4.36
2012-12-06,4.34,4.45,4.30,4.37,513100,4.37
2012-12-05,4.20,4.39,4.18,4.37,543400,4.37
2012-12-04,4.19,4.24,4.12,4.23,349200,4.23
2012-12-03,4.22,4.25,4.10,4.19,472100,4.19
2012-11-30,4.16,4.21,4.13,4.19,555600,4.19
2012-11-29,4.01,4.13,4.01,4.13,394300,4.13
2012-11-28,3.90,4.00,3.90,3.98,324900,3.98
2012-11-27,3.93,4.04,3.86,3.94,359700,3.94
2012-11-26,3.97,4.00,3.88,3.92,260800,3.92
2012-11-23,3.93,3.99,3.91,3.98,129000,3.98
2012-11-21,3.80,3.95,3.77,3.93,242500,3.93
2012-11-20,3.84,3.86,3.76,3.79,389200,3.79
2012-11-19,3.78,3.85,3.75,3.84,331200,3.84
2012-11-16,3.63,3.73,3.61,3.73,487600,3.73
2012-11-15,3.71,3.79,3.61,3.66,513100,3.66
2012-11-14,3.72,3.83,3.70,3.70,642300,3.70
2012-11-13,3.95,3.95,3.69,3.69,615900,3.69
2012-11-12,4.04,4.05,3.97,3.98,302000,3.98
2012-11-09,4.01,4.13,4.00,4.03,346800,4.03
2012-11-08,4.19,4.20,4.03,4.03,407400,4.03
2012-11-07,4.30,4.30,4.13,4.13,610200,4.13
2012-11-06,4.15,4.43,4.15,4.40,476400,4.40
2012-11-05,4.20,4.34,4.16,4.17,420200,4.17
2012-11-02,4.25,4.31,4.19,4.27,674900,4.27
2012-11-01,4.37,4.37,4.25,4.28,433400,4.28
2012-10-31,4.42,4.42,4.28,4.33,289000,4.33
2012-10-26,4.36,4.40,4.30,4.33,341600,4.33
2012-10-25,4.28,4.40,4.28,4.35,633400,4.35
2012-10-24,4.33,4.37,4.24,4.28,480800,4.28
2012-10-23,4.28,4.32,4.19,4.31,428000,4.31
2012-10-22,4.40,4.44,4.25,4.35,658100,4.35
2012-10-19,4.41,4.50,4.37,4.42,434900,4.42
2012-10-18,4.52,4.54,4.45,4.46,357900,4.46
2012-10-17,4.36,4.54,4.34,4.53,436900,4.53
2012-10-16,4.35,4.37,4.31,4.35,505400,4.35
2012-10-15,4.30,4.34,4.24,4.34,342300,4.34
2012-10-12,4.32,4.35,4.26,4.29,285300,4.29
2012-10-11,4.30,4.34,4.24,4.32,344500,4.32
2012-10-10,4.28,4.30,4.23,4.24,476300,4.24
2012-10-09,4.20,4.31,4.20,4.30,567800,4.30
2012-10-08,4.22,4.24,4.16,4.20,375700,4.20
2012-10-05,4.30,4.33,4.23,4.24,288200,4.24
2012-10-04,4.28,4.32,4.24,4.28,308000,4.28
2012-10-03,4.29,4.32,4.20,4.21,734400,4.21
2012-10-02,4.32,4.35,4.26,4.28,737900,4.28
2012-10-01,4.27,4.40,4.25,4.29,616800,4.29
2012-09-28,4.26,4.31,4.21,4.23,360500,4.23
2012-09-27,4.26,4.31,4.20,4.27,721800,4.27
2012-09-26,4.29,4.31,4.19,4.23,397400,4.23
2012-09-25,4.48,4.51,4.29,4.29,542500,4.29
2012-09-24,4.33,4.54,4.33,4.43,454500,4.43
2012-09-21,4.59,4.62,4.33,4.33,1851600,4.33
2012-09-20,4.43,4.51,4.32,4.50,653600,4.50
2012-09-19,4.47,4.54,4.44,4.48,479100,4.48
2012-09-18,4.63,4.64,4.39,4.48,585500,4.48
2012-09-17,4.76,4.85,4.58,4.62,713200,4.62
2012-09-14,4.68,4.82,4.66,4.78,669000,4.78
2012-09-13,4.57,4.72,4.51,4.65,535700,4.65
2012-09-12,4.66,4.67,4.46,4.57,433000,4.57
2012-09-11,4.62,4.75,4.59,4.64,385300,4.64
2012-09-10,4.51,4.64,4.51,4.61,549500,4.61
2012-09-07,4.38,4.56,4.35,4.53,504200,4.53
2012-09-06,4.26,4.41,4.23,4.34,590100,4.34
2012-09-05,4.25,4.34,4.20,4.23,1619600,4.23
2012-09-04,4.17,4.35,4.17,4.23,877200,4.23
2012-08-31,4.12,4.18,4.11,4.14,278900,4.14
2012-08-30,4.20,4.20,4.06,4.07,396800,4.07
2012-08-29,4.31,4.33,4.12,4.24,331000,4.24
2012-08-28,4.30,4.35,4.23,4.29,401700,4.29
2012-08-27,4.40,4.43,4.28,4.31,234300,4.31
2012-08-24,4.45,4.49,4.35,4.36,411300,4.36
2012-08-23,4.49,4.52,4.45,4.48,448900,4.48
2012-08-22,4.50,4.53,4.46,4.49,671200,4.49
2012-08-21,4.64,4.66,4.50,4.50,625800,4.50
2012-08-20,4.67,4.73,4.59,4.62,375800,4.62
2012-08-17,4.83,4.85,4.66,4.69,415700,4.69
2012-08-16,4.79,4.86,4.66,4.85,457000,4.85
2012-08-15,4.68,4.80,4.64,4.80,384200,4.80
2012-08-14,4.75,4.79,4.67,4.71,452800,4.71
2012-08-13,4.67,4.80,4.67,4.69,367700,4.69
2012-08-10,4.62,4.76,4.54,4.69,534300,4.69
2012-08-09,4.56,4.66,4.53,4.65,526800,4.65
2012-08-08,4.46,4.60,4.45,4.56,408000,4.56
2012-08-07,4.53,4.59,4.47,4.49,559300,4.49
2012-08-06,4.44,4.54,4.12,4.46,862800,4.46
2012-08-03,4.28,4.55,4.20,4.46,837900,4.46
2012-08-02,4.41,4.50,4.00,4.15,862100,4.15
2012-08-01,4.66,4.74,4.46,4.47,685200,4.47
2012-07-31,4.70,4.76,4.62,4.63,407900,4.63
2012-07-30,4.71,4.78,4.67,4.70,293300,4.70
2012-07-27,4.63,4.78,4.53,4.72,607400,4.72
2012-07-26,4.57,4.65,4.48,4.59,429700,4.59
2012-07-25,4.55,4.55,4.41,4.46,371300,4.46
2012-07-24,4.69,4.69,4.43,4.52,432800,4.52
2012-07-23,4.55,4.69,4.52,4.66,383500,4.66
2012-07-20,4.67,4.74,4.61,4.65,882100,4.65
2012-07-19,4.84,4.87,4.68,4.70,1890000,4.70
2012-07-18,4.59,4.80,4.59,4.80,613400,4.80
2012-07-17,4.69,4.73,4.49,4.59,705500,4.59
2012-07-16,4.63,4.73,4.60,4.66,372100,4.66
2012-07-13,4.68,4.72,4.63,4.64,870200,4.64
2012-07-12,4.63,4.72,4.55,4.67,664000,4.67
2012-07-11,4.55,4.70,4.55,4.69,584000,4.69
2012-07-10,4.74,4.77,4.51,4.56,833000,4.56
2012-07-09,4.65,4.75,4.60,4.70,588700,4.70
2012-07-06,4.77,4.86,4.63,4.65,507700,4.65
2012-07-05,4.85,4.91,4.81,4.85,469700,4.85
2012-07-03,4.76,4.90,4.71,4.87,459500,4.87
2012-07-02,4.52,4.73,4.52,4.73,1171600,4.73
2012-06-29,4.48,4.55,4.44,4.51,1066500,4.51
2012-06-28,4.27,4.36,4.25,4.34,1060300,4.34
2012-06-27,4.29,4.37,4.27,4.32,941200,4.32
2012-06-26,4.33,4.35,4.19,4.27,514700,4.27
2012-06-25,4.41,4.41,4.23,4.29,476000,4.29
2012-06-22,4.39,4.47,4.27,4.45,846700,4.45
2012-06-21,4.75,4.75,4.32,4.33,614600,4.33
2012-06-20,4.76,4.86,4.65,4.74,335600,4.74
2012-06-19,4.56,4.79,4.50,4.74,653300,4.74
2012-06-18,4.52,4.58,4.45,4.52,515900,4.52
2012-06-15,4.58,4.63,4.50,4.58,1153000,4.58
2012-06-14,4.48,4.62,4.43,4.58,430500,4.58
2012-06-13,4.50,4.57,4.39,4.49,567800,4.49
2012-06-12,4.61,4.66,4.49,4.62,308500,4.62
2012-06-11,4.82,4.89,4.53,4.53,499300,4.53
2012-06-08,4.85,4.86,4.72,4.78,644600,4.78
2012-06-07,5.11,5.19,4.86,4.88,539500,4.88
2012-06-06,4.86,4.97,4.77,4.95,515000,4.95
2012-06-05,4.51,4.80,4.46,4.80,510300,4.80
2012-06-04,4.62,4.66,4.47,4.57,562000,4.57
2012-06-01,4.73,4.79,4.57,4.58,605400,4.58
2012-05-31,5.01,5.02,4.75,4.89,778100,4.89
2012-05-30,5.14,5.18,4.98,5.02,812800,5.02
2012-05-29,5.11,5.31,5.11,5.25,421800,5.25
2012-05-25,4.97,5.07,4.95,5.05,313000,5.05
2012-05-24,5.03,5.07,4.87,4.99,348900,4.99
2012-05-23,4.92,5.08,4.75,5.03,563000,5.03
2012-05-22,5.17,5.29,4.92,4.98,514600,4.98
2012-05-21,4.92,5.16,4.89,5.15,477700,5.15
2012-05-18,5.01,5.08,4.90,4.90,538300,4.90
2012-05-17,5.17,5.17,4.99,5.00,537400,5.00
2012-05-16,5.17,5.33,5.12,5.14,652700,5.14
2012-05-15,5.19,5.25,5.14,5.16,672300,5.16
2012-05-14,5.10,5.27,5.08,5.21,614000,5.21
2012-05-11,5.29,5.43,5.16,5.19,490800,5.19
2012-05-10,5.30,5.44,5.23,5.36,451100,5.36
2012-05-09,5.24,5.28,5.15,5.24,774200,5.24
2012-05-08,5.24,5.40,5.11,5.35,1102500,5.35
2012-05-07,5.26,5.35,5.14,5.31,788700,5.31
2012-05-04,5.26,5.37,5.23,5.29,847600,5.29
2012-05-03,5.51,5.55,5.21,5.32,1032700,5.32
2012-05-02,5.26,5.52,5.26,5.49,1382000,5.49
2012-05-01,5.19,5.28,5.11,5.23,1415700,5.23
2012-04-30,5.30,5.30,5.15,5.17,636600,5.17
2012-04-27,5.44,5.44,5.26,5.33,631100,5.33
2012-04-26,5.36,5.47,5.26,5.42,417700,5.42
2012-04-25,5.24,5.39,5.11,5.39,766000,5.39
2012-04-24,5.27,5.32,5.11,5.15,566100,5.15
2012-04-23,5.13,5.28,4.96,5.25,584700,5.25
2012-04-20,5.20,5.37,5.15,5.25,733300,5.25
2012-04-19,5.17,5.28,5.10,5.13,566200,5.13
2012-04-18,5.29,5.39,5.17,5.18,621300,5.18
2012-04-17,5.27,5.47,5.27,5.33,474100,5.33
2012-04-16,5.39,5.44,5.18,5.20,526300,5.20
2012-04-13,5.58,5.62,5.34,5.34,422400,5.34
2012-04-12,5.42,5.67,5.36,5.63,488700,5.63
