Date,Open,High,Low,Close,Volume,Adj Close
2017-11-28,23.85,23.85,20.27,20.84,372103,20.84
2017-11-27,25.53,26.48,23.44,23.53,295988,23.53
2017-11-24,25.48,25.93,25,25.61,55953,25.61
2017-11-22,26.16,26.7888,25.12,25.47,97002,25.47
2017-11-21,25.73,27.55,25.73,26.08,134322,26.08
2017-11-20,24.93,26.9,24.8,25.94,100412,25.94
2017-11-17,25.69,25.78,24.54,24.87,165316,24.87
2017-11-16,27.5,28.5,25.69,25.98,212244,25.98
2017-11-15,27.12,28.05,26.88,27.22,207511,27.22
2017-11-14,27.12,30.43,26.84,27.44,246267,27.44
2017-11-13,29.47,30,26.765,27.15,268799,27.15
2017-11-10,29.23,34.82,29.16,30.33,488507,30.33
2017-11-09,28.04,32.21,28.04,29.63,462974,29.63
2017-11-08,25.24,29,24.2908,28.03,367148,28.03
2017-11-07,26,26,24.15,25.2,162778,25.2
2017-11-06,23.91,25.92,23.806,25.7,191376,25.7
2017-11-03,23.71,27.23,22.84,23.53,357058,23.53
2017-11-02,23.05,23.6788,22.5,23.08,62123,23.08
2017-11-01,24.41,24.7922,23,23.18,97346,23.18
2017-10-31,23.91,25.08,23.91,24.21,55728,24.21
2017-10-30,24.65,25.58,23.59,23.73,125559,23.73
2017-10-27,23.88,25,23.82,24.64,93312,24.64
2017-10-26,22.74,23.94,22.5,23.63,42177,23.63
2017-10-25,23.85,24.21,22.5,22.99,79268,22.99
2017-10-24,24.41,24.9,23.4,23.88,129560,23.88
2017-10-23,23.5,24.18,22.811,23.88,91208,23.88
2017-10-20,24,24.89,22.69,23.56,156638,23.56
2017-10-19,22.62,23.995,22.06,23.66,157792,23.66
2017-10-18,21.5,22.8939,21.5,22.48,165046,22.48
2017-10-17,22.62,23.82,21.66,21.74,130026,21.74
2017-10-16,22.82,24.45,21.0401,22.87,317078,22.87
2017-10-13,22.17,24.6199,21.8508,24.44,315271,24.44
2017-10-12,20.36,21.9599,20.2001,21.85,168463,21.85
2017-10-11,19.87,20.5499,19.61,20.5,120705,20.5
2017-10-10,18.84,19.95,18.7,19.59,97584,19.59
2017-10-09,18.96,19.28,18.63,18.88,68239,18.88
2017-10-06,19.12,19.4,18.65,18.9,70971,18.9
2017-10-05,18.9,19.35,18.5,19.26,133092,19.26
2017-10-04,19.07,19.2,18.5,18.83,120972,18.83
2017-10-03,19.01,19.16,18.55,19.02,98004,19.02
2017-10-02,18.63,19.36,18.5136,18.81,111217,18.81
2017-09-29,19.09,20.12,18.42,18.61,349133,18.61
2017-09-28,17.73,19.48,17.7,19.21,306648,19.21
2017-09-27,17.27,18.12,16.85,17.86,202072,17.86
2017-09-26,18.7,19.51,16.52,16.97,513815,16.97
2017-09-25,16,19.9,16,18.69,1019656,18.69
2017-09-22,16.07,16.54,14.95,15.02,212007,15.02
2017-09-21,16.2,17.35,15.88,16.26,350999,16.26
2017-09-20,15.26,16.39,14.97,16.13,315502,16.13
2017-09-19,15.5,15.8,14.4678,15,347938,15
2017-09-18,15.89,16.7499,14.3,14.52,455221,14.52
2017-09-15,14.73,16.31,13.821,15.73,1081608,15.73
2017-09-14,10.31,15.4,10.31,14.97,2691173,14.97
2017-09-13,12.56,13.475,9.811,10.26,1633319,10.26
2017-09-12,15.46,15.8,13.735,13.79,354835,13.79
2017-09-11,17.05,18.2,11.77,15.46,1083856,15.46
2017-09-08,19.83,19.94,19.04,19.57,50937,19.57
2017-09-07,19.37,20.22,18.95,20.01,147564,20.01
2017-09-06,19.92,20,19.21,19.31,107605,19.31
2017-09-05,19.93,20.1,19.6,19.85,49443,19.85
2017-09-01,20.08,20.1499,19.75,20,63704,20
2017-08-31,20.1,20.49,19.8617,20.03,91686,20.03
2017-08-30,20.28,20.56,19.85,19.99,102879,19.99
2017-08-29,20.56,20.5903,19.96,20.32,112942,20.32
2017-08-28,20.36,20.88,19.6,20.67,181906,20.67
2017-08-25,21.34,21.52,19.9,20.2,205598,20.2
2017-08-24,21.93,22.64,21.06,21.17,85803,21.17
2017-08-23,22.14,23,21.601,21.78,62742,21.78
2017-08-22,23.17,23.96,22.061,22.21,109439,22.21
2017-08-21,22.11,23.4899,21.68,22.96,117352,22.96
2017-08-18,21.13,22.1489,21.03,22.03,104768,22.03
2017-08-17,22.04,22.38,21.26,21.37,73378,21.37
2017-08-16,22,22.64,21.5215,22.09,121695,22.09
2017-08-15,22.9,22.9,22.04,22.23,73528,22.23
2017-08-14,22.58,23.295,22.401,22.96,118022,22.96
2017-08-11,21.23,23.095,21.186,22.4,138095,22.4
2017-08-10,23.87,23.96,20.85,21.3,177234,21.3
2017-08-09,23.79,24.14,23.39,24.02,85665,24.02
2017-08-08,24.72,24.79,23.7,23.8,99439,23.8
2017-08-07,24.34,25.3,23.28,24.97,283069,24.97
2017-08-04,24.28,24.91,23.95,24.34,204485,24.34
2017-08-03,25.55,25.55,22.71,23.78,320294,23.78
2017-08-02,23.81,25.68,23.063,25.33,366833,25.33
2017-08-01,19.64,24.1649,19.535,23.89,811342,23.89
2017-07-31,22.53,22.93,19.28,19.43,557632,19.43
2017-07-28,25.5,26.98,22.095,22.53,284310,22.53
2017-07-27,27.05,27.05,24.201,25.03,223491,25.03
2017-07-26,27.82,28.24,26.5,27.01,152038,27.01
2017-07-25,29.61,30.07,27.561,27.75,147814,27.75
2017-07-24,29.1,29.989,28.4,29.64,133540,29.64
2017-07-21,27.92,29.36,27,29.1,199184,29.1
2017-07-20,29.5,30.26,27.12,27.78,188331,27.78
2017-07-19,29.61,29.8273,28.81,29.42,146259,29.42
2017-07-18,30.71,31.059,29.2,29.35,114959,29.35
2017-07-17,30.58,31.23,30.08,30.75,170991,30.75
2017-07-14,30.24,31.14,29.73,30.53,156159,30.53
2017-07-13,31.36,31.99,30.06,30.55,142953,30.55
2017-07-12,31.58,33.1,30.62,31.36,248334,31.36
2017-07-11,32,32.2308,30.9,31.28,256740,31.28
2017-07-10,33,33.58,31.84,32.51,222540,32.51
2017-07-07,31.71,33.65,31.45,33.58,250534,33.58
2017-07-06,29,32.74,28.9042,32.01,392905,32.01
2017-07-05,30,30.34,28.51,29.75,398044,29.75
2017-07-03,33.68,34.4,29.32,30.53,258948,30.53
2017-06-30,35.27,35.38,33.28,34.53,193079,34.53
2017-06-29,33.17,35.38,32.85,35.11,256910,35.11
2017-06-28,32.05,33.7099,31,33.42,347261,33.42
2017-06-27,34.6,35.589,31.5,31.88,304387,31.88
2017-06-26,33.1,37.5,32.945,34.5,370988,34.5
2017-06-23,33,33.6752,31.3101,33.23,1241723,33.23
2017-06-22,34.5,35.275,31.605,33,330680,33
2017-06-21,35.17,36.6758,33.631,34.73,223827,34.73
2017-06-20,37.73,39.5,35.49,35.52,288318,35.52
2017-06-19,35.39,38,35.39,37.6,358388,37.6
2017-06-16,33.62,35.49,33.25,34.85,182392,34.85
2017-06-15,32.83,33.75,32.05,33.55,125075,33.55
2017-06-14,33.19,34.8,32.54,33.1,242439,33.1
2017-06-13,30.03,33.8,30.03,33.01,356592,33.01
2017-06-12,30.01,31.0994,28.5549,29.97,108613,29.97
2017-06-09,31,32,30,30.49,95610,30.49
2017-06-08,31,31.85,29.74,31.12,114705,31.12
2017-06-07,30.6,31.31,30.5011,30.99,82627,30.99
2017-06-06,29.88,32.23,29.88,30.51,122061,30.51
2017-06-05,31.85,31.85,29.71,30.18,122022,30.18
2017-06-02,31,32.5,30.971,32.29,150749,32.29
2017-06-01,28.54,31.5,28.54,31,160466,31
2017-05-31,28.26,29.3764,27.5924,28.59,90134,28.59
2017-05-30,30.41,31,28,28.16,127786,28.16
2017-05-26,30.99,32.29,29.42,30.28,167165,30.28
2017-05-25,30.02,31.74,28.78,31.24,237531,31.24
2017-05-24,28.21,29.75,27.92,29.23,198213,29.23
2017-05-23,26.96,28.27,26.1,28.24,337148,28.24
2017-05-22,25.83,27.89,25.26,27.23,163121,27.23
2017-05-19,28,29.49,26.01,26.3,250864,26.3
2017-05-18,27.8,28.4,26.47,28.14,138938,28.14
2017-05-17,26.76,28.6663,26.07,27.81,335478,27.81
2017-05-16,25.59,28.815,25.04,27.14,324536,27.14
2017-05-15,25.74,27.7693,24.9,25.66,502891,25.66
2017-05-12,22.23,26.389999,22.15,26.26,496600,26.26
2017-05-11,20.860001,21.889999,20.27,21.809999,178300,21.809999
2017-05-10,21.559999,21.969999,20.615,20.98,295800,20.98
2017-05-09,20.82,22.24,18.639999,22.040001,1440500,22.040001
2017-05-08,23.24,23.35,21.76,23.07,254500,23.07
2017-05-05,24.60,24.60,23.08,23.389999,164700,23.389999
2017-05-04,26.10,26.40,23.629999,24.85,283100,24.85
2017-05-03,24.299999,26.702999,24.237,25.85,415800,25.85
2017-05-02,23.60,24.25,23.110001,23.969999,151700,23.969999
2017-05-01,24.040001,24.236,23.00,23.620001,155400,23.620001
2017-04-28,24.879999,24.950001,23.50,24.120001,203300,24.120001
2017-04-27,23.60,24.940001,22.01,24.469999,314100,24.469999
2017-04-26,25.219999,25.219999,24.280001,24.440001,122900,24.440001
2017-04-25,24.889999,25.120001,23.889999,24.969999,229500,24.969999
2017-04-24,23.969999,25.00,23.129999,24.889999,166600,24.889999
2017-04-21,25.290001,25.290001,23.700001,23.790001,318800,23.790001
2017-04-20,26.059999,27.190001,24.68,25.42,331900,25.42
2017-04-19,23.49,25.90,21.610001,25.620001,849000,25.620001
2017-04-18,25.32,26.790001,24.52,25.15,336600,25.15
2017-04-17,23.139999,26.440001,22.870001,25.60,506800,25.60
2017-04-13,20.700001,23.35,20.671,23.26,300900,23.26
2017-04-12,24.51,24.98,20.809999,20.98,528200,20.98
2017-04-11,23.00,24.299999,22.629999,23.889999,508700,23.889999
2017-04-10,20.26,22.49,19.77,21.549999,379900,21.549999
2017-04-07,20.00,20.950001,18.700001,20.08,512600,20.08
2017-04-06,17.49,20.35,17.202,20.02,677100,20.02
2017-04-05,18.16,18.959999,17.139999,17.610001,578500,17.610001
2017-04-04,19.32,19.40,17.209999,18.27,534000,18.27
2017-04-03,20.549999,22.941,19.360001,19.42,896900,19.42
2017-03-31,25.799999,25.799999,20.059999,20.41,1681600,20.41
2017-03-30,32.509998,33.011002,26.879999,27.02,687600,27.02
2017-03-29,33.450001,34.099998,32.32,32.709999,491900,32.709999
2017-03-28,33.50,33.560001,30.15,33.450001,645000,33.450001
2017-03-27,30.40,35.93,30.367001,33.32,1486400,33.32
2017-03-24,26.389999,30.610001,25.621,30.34,758500,30.34
2017-03-23,25.90,26.50,25.440001,25.889999,249500,25.889999
2017-03-22,24.50,26.25,23.834,25.43,337000,25.43
2017-03-21,23.299999,26.440001,23.24,24.60,531500,24.60
2017-03-20,24.93,24.93,22.200001,23.030001,426100,23.030001
2017-03-17,24.889999,24.889999,23.50,24.49,448500,24.49
2017-03-16,22.02,25.15,22.02,24.84,553500,24.84
2017-03-15,21.00,22.940001,20.01,21.950001,333000,21.950001
2017-03-14,22.00,22.00,18.60,21.00,803000,21.00
2017-03-13,18.59,22.413,18.422001,20.629999,990800,20.629999
2017-03-10,16.83,18.60,16.60,18.209999,410700,18.209999
2017-03-09,15.78,17.00,15.31,16.440001,206100,16.440001
2017-03-08,15.23,15.84,15.17,15.59,65000,15.59
2017-03-07,15.47,15.50,14.98,15.08,80100,15.08
2017-03-06,14.78,15.54,14.09,15.10,118500,15.10
2017-03-03,14.61,15.00,13.78,14.88,141500,14.88
2017-03-02,13.60,14.70,13.00,14.66,131900,14.66
2017-03-01,13.43,14.01,12.70,13.60,112500,13.60
2017-02-28,14.70,14.772,13.36,13.44,116500,13.44
2017-02-27,14.80,14.85,13.801,14.57,183600,14.57
2017-02-24,15.16,15.559,14.32,14.59,267800,14.59
2017-02-23,14.57,16.01,14.27,15.08,511000,15.08
2017-02-22,14.00,14.65,13.74,14.49,176800,14.49
2017-02-21,14.17,14.57,13.41,13.83,284100,13.83
2017-02-17,12.30,15.00,12.27,13.75,309700,13.75
2017-02-16,11.85,12.30,11.528,12.25,142500,12.25
2017-02-15,11.90,12.25,11.26,11.75,121800,11.75
2017-02-14,12.20,12.90,11.75,12.11,351400,12.11
2017-02-13,9.65,11.85,9.65,11.84,423200,11.84
2017-02-10,9.50,10.10,9.01,9.35,438400,9.35
2017-02-09,7.20,7.92,7.20,7.55,19200,7.55
2017-02-08,6.71,7.17,6.70,7.17,11200,7.17
2017-02-07,6.99,6.99,6.621,6.67,44600,6.67
2017-02-06,6.992,6.992,6.82,6.94,13900,6.94
2017-02-03,6.87,7.00,6.84,6.91,8400,6.91
2017-02-02,6.85,6.86,6.80,6.82,20400,6.82
2017-02-01,6.60,6.842,6.60,6.75,7800,6.75
2017-01-31,6.25,6.55,6.25,6.55,37100,6.55
2017-01-30,6.278,6.30,6.062,6.23,6900,6.23
2017-01-27,6.07,6.27,6.06,6.27,23600,6.27
2017-01-26,6.10,6.10,6.05,6.09,21100,6.09
2017-01-25,5.93,6.12,5.82,6.11,45900,6.11
2017-01-24,6.10,6.11,5.852,5.96,7000,5.96
2017-01-23,6.051,6.07,6.00,6.05,6500,6.05
2017-01-20,6.296,6.296,6.05,6.174,7400,6.174
2017-01-19,6.35,6.35,6.26,6.26,5200,6.26
2017-01-18,6.27,6.35,6.27,6.32,11600,6.32
2017-01-17,6.33,6.33,6.125,6.24,6500,6.24
2017-01-13,6.38,6.399,6.30,6.37,21500,6.37
2017-01-12,6.37,6.40,6.32,6.35,7600,6.35
2017-01-11,6.40,6.40,6.345,6.345,3800,6.345
2017-01-10,6.30,6.36,6.30,6.35,23600,6.35
2017-01-09,6.40,6.40,6.30,6.31,9400,6.31
2017-01-06,6.40,6.40,6.341,6.35,5400,6.35
2017-01-05,6.32,6.50,6.309,6.35,18800,6.35
2017-01-04,6.50,6.50,6.25,6.27,39800,6.27
2017-01-03,6.50,6.50,6.463,6.49,38100,6.49
2016-12-30,6.14,6.50,6.14,6.50,35800,6.50
2016-12-29,6.10,6.10,6.019,6.10,12800,6.10
2016-12-28,6.042,6.10,6.00,6.10,20300,6.10
2016-12-27,6.05,6.10,5.975,6.10,17600,6.10
2016-12-23,6.00,6.00,5.98,6.00,6300,6.00
2016-12-22,6.00,6.00,5.942,6.00,11700,6.00
2016-12-21,5.64,6.00,5.64,6.00,14800,6.00
2016-12-20,5.493,5.52,5.45,5.52,24000,5.52
2016-12-19,5.35,5.49,5.25,5.49,54000,5.49
2016-12-16,5.32,5.451,5.32,5.44,50100,5.44
2016-12-15,5.56,5.56,5.20,5.28,45400,5.28
2016-12-14,5.50,5.50,5.37,5.37,21200,5.37
2016-12-13,5.491,5.632,5.31,5.43,45100,5.43
2016-12-12,5.75,5.75,5.20,5.21,23200,5.21
2016-12-09,5.851,5.881,5.66,5.68,9300,5.68
2016-12-08,5.63,5.962,5.624,5.65,8400,5.65
2016-12-07,5.88,5.936,5.63,5.65,15700,5.65
2016-12-06,6.00,6.01,5.80,5.86,33300,5.86
2016-12-05,6.00,6.01,5.85,5.99,38300,5.99
2016-12-02,6.12,6.205,6.00,6.11,8100,6.11
2016-12-01,6.18,6.18,6.11,6.15,14200,6.15
2016-11-30,6.33,6.33,6.13,6.13,32400,6.13
2016-11-29,6.35,6.38,6.281,6.30,16200,6.30
2016-11-28,6.30,6.39,6.212,6.35,38500,6.35
2016-11-25,5.95,6.30,5.90,6.30,26700,6.30
2016-11-23,5.881,5.90,5.88,5.90,3500,5.90
2016-11-22,5.94,5.96,5.851,5.90,11500,5.90
2016-11-21,5.994,5.994,5.875,5.91,31400,5.91
2016-11-18,5.97,5.97,5.97,5.97,200,5.97
2016-11-17,5.901,6.10,5.90,5.98,4400,5.98
2016-11-16,6.03,6.03,5.748,5.95,23400,5.95
2016-11-15,6.00,6.08,5.99,6.01,52400,6.01
2016-11-14,6.06,6.06,5.64,5.93,53300,5.93
2016-11-11,6.10,6.10,6.00,6.01,11800,6.01
2016-11-10,6.08,6.10,5.826,5.911,10500,5.911
2016-11-09,5.80,6.00,5.521,5.861,12600,5.861
2016-11-08,5.83,5.85,5.69,5.79,27300,5.79
2016-11-07,5.84,5.85,5.77,5.84,37700,5.84
2016-11-04,5.952,5.99,5.80,5.80,13300,5.80
2016-11-03,5.86,5.93,5.77,5.92,25000,5.92
2016-11-02,5.89,6.08,5.81,5.83,4000,5.83
2016-11-01,6.13,6.13,5.82,5.82,1100,5.82
2016-10-31,6.174,6.27,6.00,6.12,3400,6.12
2016-10-28,5.89,6.289,5.89,6.10,5300,6.10
2016-10-27,5.84,5.95,5.84,5.95,17200,5.95
2016-10-26,5.92,5.952,5.82,5.83,7200,5.83
2016-10-25,5.81,5.99,5.77,5.99,54500,5.99
2016-10-24,5.81,5.84,5.725,5.833,23300,5.833
2016-10-21,5.77,5.85,5.725,5.81,32800,5.81
2016-10-20,5.55,5.81,5.50,5.81,41300,5.81
2016-10-19,5.76,5.89,5.60,5.60,30900,5.60
2016-10-18,5.65,5.80,5.65,5.759,5200,5.759
2016-10-17,5.75,5.75,5.656,5.70,3800,5.70
2016-10-14,5.68,5.68,5.65,5.65,13900,5.65
2016-10-13,6.30,6.30,5.48,5.62,26800,5.62
2016-10-12,6.25,6.297,6.113,6.28,4300,6.28
2016-10-11,6.25,6.25,6.11,6.22,2000,6.22
2016-10-10,6.30,6.30,6.20,6.248,1500,6.248
2016-10-07,6.202,6.30,6.202,6.30,7300,6.30
2016-10-06,6.27,6.31,6.255,6.29,16400,6.29
2016-10-05,6.31,6.45,6.26,6.26,23400,6.26
2016-10-04,6.46,6.46,6.29,6.31,31900,6.31
2016-10-03,6.37,6.37,6.222,6.30,32600,6.30
2016-09-30,6.35,6.41,6.27,6.29,29500,6.29
2016-09-29,6.31,6.389,6.25,6.31,9600,6.31
2016-09-28,6.33,6.42,6.20,6.31,24700,6.31
2016-09-27,6.39,6.45,6.16,6.32,31700,6.32
2016-09-26,6.28,6.43,6.28,6.41,16500,6.41
2016-09-23,6.30,6.35,6.278,6.30,17400,6.30
2016-09-22,6.30,6.45,6.25,6.30,43200,6.30
2016-09-21,6.40,6.40,6.25,6.30,107000,6.30
2016-09-20,6.23,6.77,6.23,6.40,56000,6.40
2016-09-19,5.80,6.32,5.679,6.234,19900,6.234
2016-09-16,6.40,6.43,5.79,5.79,110300,5.79
2016-09-15,6.12,6.43,6.05,6.38,43100,6.38
2016-09-14,6.40,6.42,6.25,6.40,58600,6.40
2016-09-13,6.25,6.53,6.25,6.43,59500,6.43
2016-09-12,6.05,6.25,5.77,6.24,114100,6.24
2016-09-09,5.60,6.00,5.47,6.00,58800,6.00
2016-09-08,5.70,5.95,5.31,5.60,98400,5.60
2016-09-07,5.50,5.71,5.36,5.71,115300,5.71
2016-09-06,5.00,5.55,4.982,5.45,73200,5.45
2016-09-02,4.97,5.00,4.87,5.00,22200,5.00
2016-09-01,4.898,5.07,4.76,4.99,14000,4.99
2016-08-31,4.69,4.92,4.55,4.92,20300,4.92
2016-08-30,4.62,4.62,4.62,4.62,000,4.62
2016-08-29,4.70,4.70,4.57,4.62,26000,4.62
2016-08-26,4.68,4.73,4.58,4.73,7900,4.73
2016-08-25,4.41,4.69,4.41,4.68,14300,4.68
2016-08-24,4.41,4.65,4.35,4.64,28800,4.64
2016-08-23,4.64,4.64,4.35,4.58,7000,4.58
2016-08-22,4.37,4.64,4.37,4.60,5300,4.60
2016-08-19,4.62,4.64,4.42,4.59,16200,4.59
2016-08-18,4.61,4.70,4.55,4.62,10300,4.62
2016-08-17,4.64,4.65,4.60,4.60,2600,4.60
2016-08-16,4.56,4.653,4.56,4.58,3300,4.58
2016-08-15,4.643,4.67,4.60,4.67,4700,4.67
2016-08-12,4.636,4.665,4.56,4.56,4200,4.56
2016-08-11,4.64,4.70,4.64,4.64,3800,4.64
2016-08-10,4.57,4.57,4.57,4.57,000,4.57
2016-08-09,4.57,4.57,4.57,4.57,100,4.57
2016-08-08,4.53,4.631,4.51,4.55,2700,4.55
2016-08-05,4.58,4.69,4.55,4.69,4500,4.69
2016-08-04,4.565,4.651,4.56,4.60,11000,4.60
2016-08-03,4.67,4.70,4.56,4.60,7300,4.60
2016-08-02,4.60,4.70,4.60,4.64,16400,4.64
2016-08-01,4.55,4.64,4.55,4.61,7800,4.61
2016-07-29,4.67,4.67,4.347,4.57,59300,4.57
2016-07-28,4.55,4.72,4.55,4.72,10200,4.72
2016-07-27,4.65,4.73,4.55,4.55,83000,4.55
2016-07-26,4.63,4.63,4.63,4.63,000,4.63
2016-07-25,4.52,4.63,4.461,4.63,10500,4.63
2016-07-22,4.52,4.62,4.50,4.50,15400,4.50
2016-07-21,4.57,4.57,4.57,4.57,000,4.57
2016-07-20,4.50,4.57,4.50,4.57,1600,4.57
2016-07-19,4.516,4.63,4.45,4.562,3200,4.562
2016-07-18,4.50,4.50,4.42,4.44,1900,4.44
2016-07-15,4.44,4.54,4.39,4.53,5700,4.53
2016-07-14,4.653,4.708,4.429,4.53,28100,4.53
2016-07-13,4.74,4.75,4.50,4.68,6100,4.68
2016-07-12,4.59,4.675,4.50,4.51,4100,4.51
2016-07-11,4.70,4.714,4.40,4.50,6300,4.50
2016-07-08,4.50,4.50,4.50,4.50,2700,4.50
2016-07-07,4.52,4.52,4.39,4.40,11900,4.40
2016-07-06,4.65,5.00,4.18,4.40,86300,4.40
2016-07-05,4.64,4.75,4.42,4.48,29300,4.48
2016-07-01,4.86,4.86,4.35,4.42,28700,4.42
2016-06-30,4.40,4.67,4.40,4.49,17100,4.49
2016-06-29,4.30,4.64,4.30,4.384,17200,4.384
2016-06-28,4.35,4.35,4.24,4.34,18900,4.34
2016-06-27,4.50,4.50,4.23,4.34,7100,4.34
2016-06-24,4.34,4.55,4.11,4.54,83900,4.54
2016-06-23,4.355,4.51,4.355,4.50,3900,4.50
2016-06-22,4.35,4.40,4.26,4.28,11600,4.28
2016-06-21,4.40,4.45,4.27,4.27,8200,4.27
2016-06-20,4.37,4.40,4.26,4.35,8200,4.35
2016-06-17,4.31,4.50,4.25,4.37,20900,4.37
2016-06-16,4.44,4.45,4.35,4.40,38300,4.40
2016-06-15,4.25,4.45,4.25,4.35,51300,4.35
2016-06-14,4.33,4.33,4.27,4.27,7200,4.27
2016-06-13,4.28,4.368,4.21,4.27,44500,4.27
2016-06-10,4.37,4.45,4.03,4.37,185800,4.37
2016-06-09,4.27,4.45,4.23,4.25,31400,4.25
2016-06-08,4.30,4.45,4.20,4.28,52900,4.28
2016-06-07,4.45,4.45,4.25,4.27,9400,4.27
2016-06-06,4.26,4.45,4.26,4.36,22200,4.36
2016-06-03,4.35,4.50,4.18,4.38,97000,4.38
2016-06-02,4.23,4.381,4.23,4.25,22900,4.25
2016-06-01,4.23,4.40,4.23,4.32,1600,4.32
2016-05-31,4.43,4.44,4.20,4.29,16300,4.29
2016-05-27,4.35,4.94,4.25,4.31,197000,4.31
2016-05-26,4.11,4.40,4.11,4.30,33300,4.30
2016-05-25,4.10,4.25,4.08,4.25,102100,4.25
2016-05-24,4.13,4.25,4.05,4.14,116700,4.14
2016-05-23,4.25,4.25,4.06,4.12,79100,4.12
2016-05-20,4.08,4.16,4.08,4.13,66600,4.13
2016-05-19,4.18,4.20,4.05,4.08,258200,4.08
2016-05-18,4.13,4.40,4.10,4.17,626100,4.17
