Date,Open,High,Low,Close,Volume,Adj Close
2016-11-25,9.52,9.88,9.41,9.87,47700,9.87
2016-11-23,9.34,9.54,9.20,9.52,45900,9.52
2016-11-22,9.19,9.43,9.14,9.38,27400,9.38
2016-11-21,9.17,9.26,8.88,9.18,21300,9.18
2016-11-18,8.92,9.28,8.92,9.22,31300,9.22
2016-11-17,8.78,8.99,8.72,8.89,69200,8.89
2016-11-16,8.85,8.85,8.59,8.82,18000,8.82
2016-11-15,8.80,9.06,8.80,8.88,28400,8.88
2016-11-14,9.06,9.19,8.65,8.91,37200,8.91
2016-11-11,8.82,9.18,8.67,8.91,82500,8.91
2016-11-10,8.25,8.89,8.09,8.78,46200,8.78
2016-11-09,7.53,8.21,7.53,8.21,25000,8.21
2016-11-08,7.54,7.63,7.39,7.58,13800,7.58
2016-11-07,7.41,7.50,7.30,7.42,15700,7.42
2016-11-04,7.25,7.38,7.18,7.23,24500,7.23
2016-11-03,7.18,7.32,7.18,7.24,14900,7.24
2016-11-02,7.21,7.38,7.16,7.19,99000,7.19
2016-11-01,7.25,7.38,7.14,7.24,96500,7.24
2016-10-31,7.25,7.33,7.11,7.28,39200,7.28
2016-10-28,7.43,7.57,7.34,7.35,14900,7.35
2016-10-27,7.41,7.52,7.37,7.38,47200,7.38
2016-10-26,7.41,7.52,7.30,7.35,25400,7.35
2016-10-25,7.48,7.57,7.44,7.50,46300,7.47
2016-10-24,7.53,7.64,7.49,7.50,14300,7.47
2016-10-21,7.55,7.78,7.49,7.49,20300,7.46004
2016-10-20,7.69,7.80,7.62,7.69,56400,7.65924
2016-10-19,7.57,7.78,7.44,7.68,74600,7.64928
2016-10-18,7.78,7.93,7.63,7.75,44400,7.719
2016-10-17,7.76,7.81,7.56,7.73,41100,7.69908
2016-10-14,7.57,7.74,7.45,7.70,42200,7.6692
2016-10-13,7.35,7.54,7.28,7.44,103800,7.41024
2016-10-12,7.45,7.59,7.38,7.44,24200,7.41024
2016-10-11,7.48,7.50,7.36,7.44,36800,7.41024
2016-10-10,7.30,7.52,7.22,7.48,69100,7.45008
2016-10-07,7.39,7.45,7.18,7.28,30700,7.25088
2016-10-06,7.55,7.58,7.32,7.39,133100,7.36044
2016-10-05,7.58,7.71,7.52,7.54,20200,7.50984
2016-10-04,7.68,7.79,7.56,7.61,17100,7.57956
2016-10-03,7.66,7.78,7.60,7.70,20500,7.6692
2016-09-30,7.44,7.77,7.44,7.70,25300,7.6692
2016-09-29,7.63,7.78,7.30,7.40,25500,7.3704
2016-09-28,7.85,7.94,7.74,7.78,17900,7.74888
2016-09-27,7.89,7.98,7.86,7.90,12200,7.8684
2016-09-26,7.38,8.09,7.38,7.94,24000,7.90824
2016-09-23,8.37,8.37,8.21,8.23,8900,8.197079
2016-09-22,8.47,8.50,8.33,8.45,13200,8.4162
2016-09-21,8.17,8.49,8.12,8.46,20900,8.42616
2016-09-20,7.99,8.20,7.95,8.09,21500,8.05764
2016-09-19,7.93,7.98,7.87,7.94,30700,7.90824
2016-09-16,7.62,7.83,7.57,7.79,61500,7.75884
2016-09-15,7.53,7.67,7.53,7.59,11500,7.55964
2016-09-14,7.47,7.60,7.42,7.53,44300,7.49988
2016-09-13,7.51,7.51,7.40,7.45,44200,7.4202
2016-09-12,7.58,7.61,7.42,7.56,44700,7.52976
2016-09-09,7.70,7.80,7.57,7.62,41200,7.58952
2016-09-08,7.71,7.94,7.66,7.75,36400,7.719
2016-09-07,7.60,7.74,7.54,7.65,23300,7.6194
2016-09-06,7.60,7.71,7.56,7.58,25000,7.54968
2016-09-02,7.67,7.75,7.61,7.70,16100,7.6692
2016-09-01,7.79,7.80,7.62,7.69,30100,7.65924
2016-08-31,7.78,7.93,7.66,7.76,21400,7.72896
2016-08-30,7.73,7.81,7.67,7.74,19800,7.70904
2016-08-29,7.61,7.72,7.52,7.59,16700,7.55964
2016-08-26,7.61,7.67,7.52,7.58,67300,7.54968
2016-08-25,7.58,7.62,7.39,7.52,43500,7.48992
2016-08-24,7.62,7.70,7.57,7.62,26500,7.58952
2016-08-23,7.70,7.73,7.61,7.66,15300,7.62936
2016-08-22,7.72,7.72,7.54,7.66,22800,7.62936
2016-08-19,7.66,7.71,7.55,7.69,56300,7.65924
2016-08-18,7.71,7.71,7.60,7.68,18000,7.64928
2016-08-17,7.69,7.74,7.59,7.66,30200,7.62936
2016-08-16,7.70,7.78,7.62,7.69,62800,7.65924
2016-08-15,7.60,7.79,7.59,7.74,61700,7.70904
2016-08-12,7.62,7.75,7.54,7.62,14700,7.58952
2016-08-11,7.92,7.92,7.69,7.72,39000,7.68912
2016-08-10,7.93,7.93,7.78,7.86,41800,7.82856
2016-08-09,7.88,8.00,7.86,7.91,71300,7.87836
2016-08-08,8.06,8.13,7.85,7.90,28900,7.8684
2016-08-05,8.04,8.18,7.95,8.12,36900,8.08752
2016-08-04,7.79,8.10,7.79,7.94,38600,7.90824
2016-08-03,7.80,7.85,7.67,7.83,48700,7.79868
2016-08-02,7.85,7.95,7.78,7.80,76700,7.7688
2016-08-01,7.93,7.97,7.84,7.92,31300,7.88832
2016-07-29,7.82,7.90,7.78,7.86,55800,7.82856
2016-07-28,7.88,7.93,7.79,7.85,22800,7.8186
2016-07-27,7.74,7.97,7.74,7.93,92000,7.89828
2016-07-26,7.60,7.86,7.60,7.81,105600,7.74888
2016-07-25,7.74,7.76,7.55,7.65,30600,7.590132
2016-07-22,7.65,7.75,7.49,7.68,31300,7.619897
2016-07-21,7.62,7.72,7.45,7.61,55900,7.550445
2016-07-20,7.62,7.66,7.50,7.64,46700,7.58021
2016-07-19,7.81,7.93,7.69,7.78,38000,7.719115
2016-07-18,7.71,7.87,7.67,7.83,35900,7.768724
2016-07-15,7.63,7.78,7.51,7.65,91400,7.590132
2016-07-14,7.59,7.62,7.33,7.56,241400,7.500837
2016-07-13,7.29,7.54,7.26,7.47,122600,7.411541
2016-07-12,7.19,7.30,7.06,7.26,71800,7.203185
2016-07-11,7.37,7.37,7.07,7.19,77700,7.133732
2016-07-08,7.40,7.53,7.29,7.36,49600,7.302402
2016-07-07,7.45,7.52,7.25,7.30,38900,7.242871
2016-07-06,7.43,7.53,7.31,7.36,31000,7.302402
2016-07-05,7.44,7.53,7.41,7.48,24000,7.421463
2016-07-01,7.58,7.68,7.55,7.58,30900,7.52068
2016-06-30,7.64,7.69,7.55,7.61,58900,7.550445
2016-06-29,7.65,7.74,7.53,7.67,30900,7.609976
2016-06-28,7.52,7.66,7.37,7.53,56800,7.471072
2016-06-27,7.56,7.70,7.31,7.32,49500,7.262715
2016-06-24,8.07,8.07,7.61,7.63,219500,7.570289
2016-06-23,7.96,8.34,7.95,8.31,31200,8.244968
2016-06-22,7.89,8.05,7.86,7.90,29000,7.838176
2016-06-21,8.06,8.14,7.81,7.88,30000,7.818332
2016-06-20,8.48,8.51,8.02,8.04,26600,7.97708
2016-06-17,8.68,8.76,8.26,8.33,82600,8.264811
2016-06-16,8.61,8.69,8.47,8.65,27000,8.582306
2016-06-15,8.74,8.87,8.51,8.70,15600,8.631915
2016-06-14,8.72,8.78,8.50,8.69,26600,8.621993
2016-06-13,8.54,8.76,8.53,8.69,20600,8.621993
2016-06-10,8.58,8.72,8.47,8.62,14500,8.552541
2016-06-09,8.81,8.81,8.54,8.67,26300,8.60215
2016-06-08,8.71,8.92,8.59,8.86,41600,8.790663
2016-06-07,8.74,8.80,8.65,8.73,19500,8.66168
2016-06-06,8.50,8.80,8.50,8.74,60900,8.671602
2016-06-03,8.71,8.71,8.42,8.52,56900,8.453324
2016-06-02,8.71,8.76,8.65,8.72,28400,8.651759
2016-06-01,8.70,8.79,8.50,8.77,16300,8.701368
2016-05-31,8.92,8.92,8.70,8.75,24000,8.681524
2016-05-27,8.99,9.02,8.84,8.89,18000,8.820429
2016-05-26,8.78,8.95,8.78,8.88,16100,8.810507
2016-05-25,9.05,9.05,8.85,8.90,16900,8.83035
2016-05-24,8.62,8.98,8.62,8.91,29400,8.840272
2016-05-23,8.76,8.88,8.57,8.75,32100,8.681524
2016-05-20,8.96,9.02,8.71,8.74,31300,8.671602
2016-05-19,8.87,9.03,8.66,8.90,25500,8.83035
2016-05-18,8.71,8.98,8.71,8.91,28500,8.840272
2016-05-17,8.72,8.96,8.59,8.71,54900,8.641837
2016-05-16,9.00,9.15,8.67,8.74,91000,8.671602
2016-05-13,9.18,9.35,8.96,9.00,353700,8.929567
2016-05-12,9.10,9.31,9.00,9.13,23300,9.05855
2016-05-11,9.27,9.52,9.02,9.11,37100,9.038706
2016-05-10,9.48,9.51,9.37,9.43,25700,9.356203
2016-05-09,9.30,9.51,9.05,9.37,27100,9.296672
2016-05-06,8.97,9.31,8.97,9.25,23200,9.177611
2016-05-05,9.10,9.28,9.10,9.12,8500,9.048628
2016-05-04,8.98,9.25,8.98,9.12,27200,9.048628
2016-05-03,9.15,9.15,8.94,9.04,65300,8.969254
2016-05-02,9.05,9.31,9.02,9.24,30500,9.167689
2016-04-29,9.00,9.21,8.84,9.06,50300,8.989098
2016-04-28,9.20,9.36,8.99,9.01,48300,8.939489
2016-04-27,9.28,9.33,9.20,9.27,45500,9.197455
2016-04-26,9.35,9.48,9.26,9.33,38600,9.227219
2016-04-25,9.56,9.56,9.30,9.35,87700,9.247
2016-04-22,9.06,9.60,8.92,9.49,76600,9.385457
2016-04-21,8.71,9.02,8.71,9.00,49800,8.900855
2016-04-20,7.86,8.81,7.72,8.78,48500,8.683278
2016-04-19,7.52,7.84,7.52,7.77,21700,7.684405
2016-04-18,7.53,7.71,7.25,7.52,44500,7.437159
2016-04-15,7.79,8.00,7.50,7.53,69200,7.447049
2016-04-14,8.29,8.29,7.78,7.83,37400,7.743744
2016-04-13,8.00,8.79,8.00,8.29,81200,8.198676
2016-04-12,7.77,8.00,7.74,7.91,23400,7.822862
2016-04-11,7.49,7.83,7.48,7.78,65300,7.694295
2016-04-08,7.41,7.52,7.31,7.47,30300,7.387709
2016-04-07,7.39,7.45,7.16,7.26,20300,7.180023
2016-04-06,7.50,7.50,7.40,7.42,31100,7.33826
2016-04-05,7.52,7.67,7.49,7.49,16100,7.407489
2016-04-04,7.54,7.72,7.50,7.63,21900,7.545947
2016-04-01,7.50,7.68,7.50,7.59,10800,7.506388
2016-03-31,7.50,7.69,7.50,7.55,11500,7.466828
2016-03-30,7.51,7.59,7.41,7.51,24800,7.427269
2016-03-29,7.38,7.60,7.24,7.50,36000,7.417379
2016-03-28,7.45,7.49,7.30,7.34,23000,7.259142
2016-03-24,7.30,7.53,7.20,7.47,36900,7.387709
2016-03-23,7.40,7.45,7.26,7.34,26500,7.259142
2016-03-22,7.48,7.59,7.37,7.46,33300,7.37782
2016-03-21,7.37,7.59,7.31,7.53,88800,7.447049
2016-03-18,7.25,7.47,7.25,7.33,263800,7.249252
2016-03-17,7.01,7.21,6.95,7.18,63800,7.100904
2016-03-16,7.00,7.12,6.97,7.01,127900,6.932777
2016-03-15,7.04,7.06,6.84,7.00,22800,6.922887
2016-03-14,7.05,7.16,6.92,7.05,30300,6.972336
2016-03-11,6.43,7.13,6.43,7.09,205500,7.011896
2016-03-10,6.50,6.60,6.34,6.39,21200,6.319607
2016-03-09,6.54,6.61,6.29,6.50,46200,6.428395
2016-03-08,6.73,6.74,6.50,6.51,32100,6.438285
2016-03-07,6.52,6.87,6.52,6.80,58300,6.725091
2016-03-04,6.46,6.67,6.35,6.61,52100,6.537184
2016-03-03,6.27,6.47,6.23,6.39,57400,6.319607
2016-03-02,6.32,6.41,6.23,6.25,14500,6.181149
2016-03-01,6.26,6.44,6.26,6.33,29200,6.260268
2016-02-29,6.06,6.29,6.04,6.24,50100,6.171259
2016-02-26,6.11,6.23,5.91,6.00,54700,5.933903
2016-02-25,6.23,6.29,6.02,6.07,47400,6.003132
2016-02-24,6.12,6.33,6.07,6.16,46800,6.09214
2016-02-23,6.22,6.41,6.13,6.16,69100,6.09214
2016-02-22,6.35,6.45,6.22,6.31,42700,6.240488
2016-02-19,6.26,6.42,6.17,6.29,41700,6.220709
2016-02-18,6.51,6.51,6.10,6.27,32700,6.200929
2016-02-17,6.78,6.78,6.62,6.66,45000,6.270158
2016-02-16,7.08,7.11,6.81,6.89,95200,6.486695
2016-02-12,6.39,7.12,6.39,7.03,43200,6.6185
2016-02-11,6.23,6.39,6.20,6.35,26800,5.978304
2016-02-10,6.40,6.46,6.23,6.33,30900,5.959474
2016-02-09,6.45,6.54,6.20,6.34,23100,5.968889
2016-02-08,6.36,6.50,6.13,6.46,25100,6.081865
2016-02-05,6.75,6.75,6.34,6.35,44200,5.978304
2016-02-04,6.81,7.00,6.67,6.80,36100,6.401963
2016-02-03,7.17,7.17,6.70,6.82,75100,6.420792
2016-02-02,7.30,7.30,7.03,7.15,398500,6.731476
2016-02-01,7.63,7.65,7.31,7.37,31900,6.938598
2016-01-29,7.51,7.77,7.51,7.70,52600,7.249281
2016-01-28,7.31,7.55,7.26,7.43,64900,6.995086
2016-01-27,7.14,7.24,7.09,7.20,41600,6.778549
2016-01-26,7.09,7.21,7.09,7.14,11000,6.722061
2016-01-25,7.28,7.30,7.05,7.08,13300,6.665573
2016-01-22,7.21,7.33,7.14,7.27,17400,6.844452
2016-01-21,7.11,7.33,6.99,7.05,35300,6.637329
2016-01-20,6.92,7.22,6.76,7.16,36700,6.74089
2016-01-19,7.20,7.20,6.97,7.00,23900,6.590256
2016-01-15,7.30,7.38,7.06,7.14,65400,6.722061
2016-01-14,7.54,7.64,7.13,7.52,26300,7.079818
2016-01-13,7.98,8.06,7.50,7.53,24200,7.089233
2016-01-12,7.92,8.12,7.90,7.98,24900,7.512892
2016-01-11,7.85,8.03,7.85,7.97,38100,7.503477
2016-01-08,8.08,8.08,7.76,7.79,22200,7.334013
2016-01-07,8.16,8.29,7.94,8.07,20400,7.597623
2016-01-06,8.13,8.47,8.06,8.30,31100,7.814161
2016-01-05,8.24,8.37,8.07,8.15,33800,7.672941
2016-01-04,8.47,8.50,8.21,8.25,28200,7.767087
2015-12-31,8.64,8.77,8.57,8.60,35200,8.096601
2015-12-30,8.68,8.83,8.62,8.68,39900,8.171918
2015-12-29,8.65,8.74,8.43,8.70,49900,8.190747
2015-12-28,8.79,8.89,8.51,8.62,44100,8.115429
2015-12-24,8.79,8.85,8.74,8.80,19100,8.284893
2015-12-23,8.90,8.90,8.50,8.84,48400,8.322552
2015-12-22,8.83,8.89,8.61,8.88,50700,8.360211
2015-12-21,8.79,8.87,8.75,8.84,36400,8.322552
2015-12-18,8.62,8.85,8.61,8.75,83000,8.23782
2015-12-17,8.43,8.73,8.30,8.62,37500,8.115429
2015-12-16,8.55,8.55,8.32,8.38,44000,7.889478
2015-12-15,8.29,8.43,8.16,8.40,33500,7.908307
2015-12-14,8.51,8.65,8.28,8.29,47100,7.804746
2015-12-11,9.05,9.09,8.24,8.25,19300,7.767087
2015-12-10,9.41,9.41,9.13,9.18,10100,8.64265
2015-12-09,9.44,9.52,9.22,9.39,20800,8.840358
2015-12-08,9.35,9.52,9.20,9.38,13800,8.830943
2015-12-07,9.40,9.49,9.26,9.38,33600,8.830943
2015-12-04,9.41,9.63,9.28,9.44,20900,8.887431
2015-12-03,9.61,9.76,9.33,9.35,17000,8.802699
2015-12-02,9.62,9.78,9.55,9.61,12200,9.04748
2015-12-01,9.72,9.77,9.51,9.64,15700,9.075724
2015-11-30,9.78,9.78,9.64,9.70,27300,9.132212
2015-11-27,9.65,9.78,9.65,9.73,6300,9.160455
2015-11-25,9.76,9.76,9.54,9.63,6900,9.066309
2015-11-24,9.56,9.69,9.50,9.59,9000,9.028651
2015-11-23,9.59,9.78,9.59,9.63,29100,9.066309
2015-11-20,9.69,9.79,9.65,9.67,24700,9.103968
2015-11-19,9.57,9.68,9.49,9.60,20400,9.038066
2015-11-18,9.28,9.56,9.21,9.55,30200,8.990992
2015-11-17,9.36,9.47,9.20,9.27,20800,8.727382
2015-11-16,9.21,9.30,9.08,9.29,20100,8.746211
2015-11-13,9.41,9.50,9.17,9.18,17900,8.64265
2015-11-12,9.49,9.58,9.41,9.45,37300,8.896845
2015-11-11,9.65,9.74,9.55,9.56,35100,9.000407
2015-11-10,9.59,9.71,9.55,9.63,22100,9.066309
2015-11-09,9.61,9.68,9.49,9.58,30100,9.019236
2015-11-06,9.66,9.75,9.50,9.67,54000,9.075724
2015-11-05,9.57,9.81,9.57,9.75,104200,9.150807
2015-11-04,9.60,9.71,9.50,9.58,85400,8.991255
2015-11-03,9.54,9.62,9.50,9.60,48100,9.010026
2015-11-02,9.50,9.78,9.50,9.61,56700,9.019411
2015-10-30,9.50,9.61,9.48,9.53,109100,8.944327
2015-10-29,9.50,9.62,9.47,9.50,61600,8.916171
2015-10-28,9.35,9.59,9.24,9.54,74700,8.953713
2015-10-27,9.41,9.55,9.28,9.32,31100,8.747233
2015-10-26,9.27,9.64,9.27,9.52,110000,8.934942
2015-10-23,9.25,9.36,9.08,9.26,76300,8.690921
2015-10-22,9.11,9.39,9.07,9.22,29400,8.653379
2015-10-21,9.09,9.40,9.06,9.13,29800,8.56891
2015-10-20,9.03,9.18,9.00,9.07,28400,8.512597
2015-10-19,9.04,9.12,8.87,9.04,62900,8.484441
2015-10-16,9.14,9.18,9.01,9.07,29300,8.512597
2015-10-15,9.05,9.17,8.91,9.15,28400,8.58768
2015-10-14,9.00,9.11,8.87,8.91,55400,8.36243
2015-10-13,8.94,9.15,8.89,9.00,38100,8.446899
2015-10-12,8.94,9.03,8.92,8.99,34000,8.437513
2015-10-09,9.15,9.15,8.98,9.01,201500,8.456285
2015-10-08,9.12,9.21,9.00,9.16,31500,8.597066
2015-10-07,9.00,9.11,9.00,9.06,34700,8.503212
2015-10-06,9.07,9.07,8.88,9.02,92400,8.46567
2015-10-05,9.13,9.31,9.06,9.09,42600,8.531368
2015-10-02,8.85,9.16,8.70,9.10,103800,8.540754
2015-10-01,8.90,9.07,8.78,8.92,96300,8.371816
2015-09-30,8.74,8.98,8.65,8.90,163600,8.353044
2015-09-29,8.45,8.90,8.45,8.68,103600,8.146565
2015-09-28,8.20,8.63,8.13,8.51,92500,7.987012
2015-09-25,8.36,8.48,8.14,8.25,111500,7.742991
2015-09-24,8.05,8.48,7.97,8.24,133400,7.733605
2015-09-23,8.14,8.17,7.98,8.11,62600,7.611594
2015-09-22,8.00,8.27,7.98,8.16,48500,7.658522
2015-09-21,7.81,8.13,7.76,8.07,47200,7.574052
2015-09-18,8.14,8.14,7.66,7.70,85100,7.226791
2015-09-17,8.20,8.43,8.10,8.25,48500,7.742991
2015-09-16,8.24,8.30,8.12,8.27,23200,7.761762
2015-09-15,8.10,8.28,8.10,8.22,39000,7.714835
2015-09-14,8.81,8.81,8.04,8.08,72300,7.583438
2015-09-11,8.92,9.10,8.77,8.81,46700,8.268576
2015-09-10,8.88,8.97,8.70,8.93,55000,8.381201
2015-09-09,8.91,9.01,8.53,8.84,135800,8.296732
2015-09-08,9.30,9.30,8.80,9.12,123300,8.559524
2015-09-04,9.44,9.79,9.41,9.44,12300,8.859858
2015-09-03,9.50,9.81,9.43,9.60,80300,9.010026
2015-09-02,9.69,9.82,9.46,9.51,27500,8.925557
2015-09-01,9.96,10.21,9.50,9.61,44100,9.019411
2015-08-31,10.16,10.25,10.01,10.11,28500,9.488683
2015-08-28,10.08,10.34,10.08,10.29,21600,9.657621
2015-08-27,9.96,10.28,9.69,10.14,57200,9.51684
2015-08-26,9.73,9.99,9.52,9.93,54300,9.319746
2015-08-25,9.37,9.83,9.33,9.58,65300,8.991255
2015-08-24,9.45,9.96,9.45,9.66,96500,9.066338
2015-08-21,9.50,10.14,9.50,9.66,62100,9.066338
2015-08-20,9.76,9.95,9.68,9.75,58200,9.150807
2015-08-19,9.67,10.08,9.65,9.83,136300,9.225891
2015-08-18,9.94,10.13,9.77,9.83,18800,9.225891
2015-08-17,9.68,10.29,9.65,10.10,136500,9.479298
2015-08-14,9.60,9.98,9.60,9.83,34700,9.225891
2015-08-13,10.11,10.47,9.59,9.64,81800,9.047568
2015-08-12,10.19,10.55,10.00,10.18,126900,9.554382
2015-08-11,10.44,10.44,10.19,10.25,17300,9.620079
2015-08-10,10.65,10.91,10.44,10.52,57300,9.845331
2015-08-07,10.50,10.78,10.50,10.70,73700,10.013786
2015-08-06,10.58,10.79,10.45,10.60,47700,9.9202
2015-08-05,10.51,10.75,10.45,10.60,52000,9.9202
2015-08-04,10.41,10.54,10.33,10.41,25800,9.742385
2015-08-03,10.46,10.75,10.31,10.43,92100,9.761103
2015-07-31,10.60,10.76,10.19,10.40,210700,9.733026
2015-07-30,10.17,10.64,10.15,10.62,149500,9.938917
2015-07-29,10.75,10.75,10.18,10.29,112300,9.630081
2015-07-28,10.49,10.71,10.21,10.64,64200,9.957635
2015-07-27,10.59,10.59,10.29,10.40,47400,9.733026
2015-07-24,10.83,11.02,10.69,10.77,45700,10.079298
2015-07-23,11.20,11.22,10.75,10.88,104600,10.182243
2015-07-22,11.56,12.00,11.01,11.19,159700,10.472361
2015-07-21,11.48,11.80,11.48,11.68,31000,10.930937
2015-07-20,11.42,11.74,11.28,11.64,51300,10.893503
2015-07-17,11.81,12.01,11.62,11.67,42700,10.921579
2015-07-16,11.55,12.25,11.50,11.77,95600,11.015166
2015-07-15,11.30,11.58,11.27,11.50,44800,10.762481
2015-07-14,11.45,11.52,11.39,11.51,105900,10.77184
2015-07-13,11.51,11.73,11.36,11.55,42200,10.809274
2015-07-10,11.51,11.73,11.27,11.33,42500,10.603383
2015-07-09,11.11,11.44,11.11,11.34,132800,10.612742
2015-07-08,11.05,11.24,10.88,11.17,156100,10.453645
2015-07-07,10.99,11.18,10.76,11.10,45600,10.388134
2015-07-06,11.05,11.14,10.86,11.08,60600,10.369416
2015-07-02,11.13,11.13,10.88,11.11,52300,10.397492
2015-07-01,11.25,11.25,10.99,11.08,65400,10.369416
2015-06-30,11.04,11.10,10.80,11.05,173000,10.341341
2015-06-29,10.98,11.22,10.67,10.84,89100,10.144808
2015-06-26,11.09,11.18,10.83,11.00,146100,10.294547
2015-06-25,10.92,11.12,10.87,11.02,154900,10.313265
2015-06-24,10.67,10.97,10.67,10.90,221700,10.20096
2015-06-23,10.36,10.76,10.27,10.75,34700,10.06058
2015-06-22,10.41,10.47,10.09,10.41,63100,9.742385
2015-06-19,9.83,10.47,9.80,10.37,124500,9.70495
2015-06-18,9.63,9.76,9.63,9.74,75700,9.115353
2015-06-17,9.74,9.78,9.50,9.57,14200,8.956256
2015-06-16,9.62,9.93,9.62,9.73,30100,9.105994
2015-06-15,9.88,10.12,9.64,9.70,38500,9.077919
2015-06-12,9.82,10.07,9.82,9.91,37300,9.274451
2015-06-11,9.34,9.93,9.34,9.91,41800,9.274451
2015-06-10,9.09,9.53,9.09,9.28,34500,8.684854
2015-06-09,9.14,9.20,8.91,9.14,29200,8.553833
2015-06-08,9.10,9.20,8.97,9.15,36800,8.563191
2015-06-05,9.01,9.20,8.91,9.20,22600,8.609985
2015-06-04,9.16,9.26,8.91,8.96,39900,8.385376
2015-06-03,9.25,9.38,9.19,9.27,23400,8.675496
2015-06-02,8.95,9.36,8.92,9.15,27700,8.563191
2015-06-01,8.91,9.08,8.80,8.98,23000,8.404093
2015-05-29,9.06,9.06,8.83,8.86,29700,8.291789
2015-05-28,9.02,9.12,8.99,9.04,25900,8.460246
2015-05-27,8.55,9.08,8.55,9.04,42600,8.460246
2015-05-26,8.76,8.89,8.41,8.48,32300,7.936159
2015-05-22,8.60,8.70,8.48,8.68,73100,8.123334
2015-05-21,9.08,9.08,8.37,8.54,244900,7.992312
2015-05-20,9.14,9.15,9.04,9.09,10400,8.507039
2015-05-19,9.25,9.25,9.08,9.08,9500,8.497681
2015-05-18,9.12,9.28,9.07,9.25,13200,8.656778
2015-05-15,9.14,9.18,9.05,9.06,8000,8.478964
2015-05-14,8.99,9.22,8.99,9.19,16400,8.600626
2015-05-13,9.06,9.09,8.99,8.99,6300,8.413452
2015-05-12,9.26,9.36,9.01,9.03,62300,8.450887
2015-05-11,9.36,9.54,9.18,9.34,52800,8.71293
2015-05-08,9.55,9.71,9.21,9.29,22700,8.666287
2015-05-07,9.39,9.53,9.39,9.47,13700,8.834202
2015-05-06,9.42,9.60,9.32,9.42,26900,8.787559
2015-05-05,9.44,9.57,9.35,9.41,29600,8.77823
2015-05-04,9.36,9.78,9.16,9.50,108100,8.862188
2015-05-01,9.20,9.41,9.20,9.30,49300,8.675616
2015-04-30,9.22,9.30,9.14,9.20,40800,8.582329
2015-04-29,9.26,9.38,9.13,9.32,29800,8.694272
2015-04-28,9.24,9.34,9.18,9.28,18600,8.656958
2015-04-27,9.24,9.31,9.08,9.14,22800,8.526358
2015-04-24,9.10,9.25,9.10,9.25,7800,8.628972
2015-04-23,9.12,9.24,9.09,9.20,7200,8.582329
2015-04-22,9.17,9.33,9.15,9.17,4300,8.554343
2015-04-21,9.28,9.28,9.16,9.16,5000,8.545015
2015-04-20,9.12,9.38,9.12,9.28,10700,8.656958
2015-04-17,9.16,9.17,9.08,9.10,25300,8.489043
2015-04-16,8.90,9.27,8.90,9.23,13300,8.610315
2015-04-15,9.00,9.04,8.88,8.93,12800,8.330457
2015-04-14,9.03,9.06,8.97,9.01,6400,8.405086
2015-04-13,8.89,9.08,8.89,9.01,6100,8.405086
2015-04-10,9.20,9.20,8.76,8.85,48600,8.255828
2015-04-09,9.16,9.18,9.04,9.16,15000,8.545015
2015-04-08,8.90,9.15,8.90,9.13,11400,8.517029
2015-04-07,9.14,9.14,8.89,8.89,19500,8.293142
2015-04-06,9.06,9.15,9.04,9.07,4800,8.461057
2015-04-02,8.98,9.09,8.97,9.07,9400,8.461057
2015-04-01,9.12,9.12,8.84,8.93,16100,8.330457
2015-03-31,9.05,9.26,9.02,9.17,37200,8.554343
2015-03-30,9.17,9.37,8.88,9.08,20500,8.470386
2015-03-27,9.04,9.19,8.97,9.15,13700,8.535686
2015-03-26,9.04,9.20,8.97,9.06,9400,8.451729
2015-03-25,9.25,9.25,8.96,9.01,16800,8.405086
2015-03-24,9.14,9.24,9.01,9.20,14600,8.582329
2015-03-23,9.03,9.27,9.02,9.10,22500,8.489043
2015-03-20,8.79,9.18,8.79,8.96,30800,8.358442
2015-03-19,8.85,8.93,8.72,8.74,10000,8.153212
2015-03-18,8.69,9.01,8.66,8.93,17900,8.330457
2015-03-17,8.76,8.83,8.65,8.76,16100,8.17187
2015-03-16,9.00,9.00,8.72,8.76,16000,8.17187
2015-03-13,9.30,9.32,8.76,8.97,27100,8.367771
2015-03-12,8.90,9.27,8.89,9.23,27000,8.610315
2015-03-11,8.59,8.85,8.59,8.81,28800,8.218513
2015-03-10,8.50,8.60,8.31,8.56,13500,7.985298
2015-03-09,8.35,8.67,8.35,8.54,9700,7.96664
2015-03-06,8.52,8.61,8.37,8.37,22200,7.808054
2015-03-05,8.41,8.66,8.30,8.55,26900,7.975969
2015-03-04,8.44,8.58,8.36,8.36,42500,7.798725
2015-03-03,8.51,8.61,8.45,8.50,48800,7.929326
2015-03-02,8.34,8.62,8.32,8.49,42000,7.919997
2015-02-27,8.32,8.43,8.28,8.29,47800,7.733425
2015-02-26,8.38,8.41,8.28,8.30,81000,7.742754
2015-02-25,8.48,8.49,8.30,8.36,28400,7.798725
2015-02-24,8.49,8.50,8.35,8.36,19500,7.798725
2015-02-23,8.68,8.68,8.36,8.40,19700,7.836039
2015-02-20,8.71,8.71,8.45,8.66,18500,8.078584
2015-02-19,8.43,8.74,8.34,8.66,13600,8.078584
2015-02-18,8.33,8.54,8.30,8.48,10100,7.910668
2015-02-17,8.95,9.11,8.56,8.64,22300,7.761411
2015-02-13,8.66,9.04,8.66,8.93,50100,8.021921
2015-02-12,8.33,8.70,8.25,8.69,22200,7.806326
2015-02-11,8.34,8.46,8.27,8.30,9900,7.455985
2015-02-10,8.59,8.59,8.30,8.42,17500,7.563782
2015-02-09,8.56,8.60,8.50,8.50,14200,7.635647
2015-02-06,8.42,8.70,8.39,8.58,20600,7.707512
2015-02-05,8.28,8.45,8.18,8.39,13000,7.536833
2015-02-04,8.42,8.45,8.13,8.18,36800,7.348188
2015-02-03,8.24,8.41,8.24,8.40,23200,7.545816
2015-02-02,8.09,8.25,8.05,8.25,37100,7.411069
2015-01-30,8.15,8.23,8.10,8.13,22600,7.303272
2015-01-29,8.23,8.30,8.01,8.26,28700,7.420053
2015-01-28,8.50,8.55,8.21,8.26,17900,7.420053
2015-01-27,8.52,8.55,8.44,8.52,9600,7.653614
2015-01-26,8.68,8.74,8.48,8.66,12000,7.779377
2015-01-23,8.67,8.72,8.59,8.67,8600,7.78836
2015-01-22,8.47,8.70,8.47,8.62,14500,7.743444
2015-01-21,8.30,8.51,8.27,8.42,13900,7.563782
2015-01-20,8.32,8.42,8.24,8.31,11700,7.464968
2015-01-16,7.83,8.37,7.78,8.32,21100,7.473951
2015-01-15,8.34,8.34,7.82,7.91,26500,7.105643
2015-01-14,8.38,8.43,8.20,8.34,14900,7.491918
2015-01-13,8.41,8.78,8.30,8.45,16200,7.590731
2015-01-12,8.38,8.38,8.22,8.28,25900,7.438018
2015-01-09,8.70,8.77,8.53,8.56,36300,7.689546
2015-01-08,8.81,8.82,8.57,8.73,23400,7.842258
2015-01-07,8.82,8.88,8.60,8.75,14800,7.860225
2015-01-06,8.90,8.91,8.63,8.73,60000,7.842258
2015-01-05,9.05,9.05,8.78,8.92,38500,8.012938
2015-01-02,9.49,9.60,9.05,9.17,21000,8.237516
2014-12-31,9.45,9.68,9.37,9.46,24200,8.498026
2014-12-30,9.40,9.62,9.35,9.44,33400,8.48006
2014-12-29,9.18,9.58,9.13,9.52,43600,8.551925
2014-12-26,9.14,9.27,9.02,9.21,20100,8.273448
2014-12-24,9.20,9.34,9.13,9.17,22900,8.237516
2014-12-23,9.29,9.29,9.04,9.14,33200,8.210567
2014-12-22,9.24,9.39,8.88,9.13,87600,8.201584
2014-12-19,9.56,9.56,8.98,9.39,82900,8.435145
2014-12-18,10.00,10.00,9.27,9.60,47800,8.62379
2014-12-17,9.27,9.87,9.11,9.81,50200,8.812436
2014-12-16,8.73,9.28,8.65,9.19,37500,8.255482
2014-12-15,8.92,9.02,8.68,8.89,43600,7.985989
2014-12-12,8.92,9.08,8.66,8.78,57500,7.887174
2014-12-11,8.96,9.33,8.89,9.06,33100,8.138702
2014-12-10,8.73,9.02,8.73,8.92,42700,8.012938
2014-12-09,8.42,8.85,8.32,8.79,94200,7.896157
2014-12-08,8.50,8.57,8.40,8.49,96100,7.626664
2014-12-05,8.45,8.57,8.41,8.50,84600,7.635647
2014-12-04,8.51,8.64,8.39,8.46,79600,7.599715
2014-12-03,8.65,8.74,8.48,8.54,79500,7.67158
2014-12-02,8.75,8.80,8.63,8.75,85100,7.860225
2014-12-01,8.76,9.00,8.51,8.76,99700,7.869208
2014-11-28,8.90,9.02,8.45,8.67,50000,7.78836
2014-11-26,8.88,9.03,8.75,8.96,38900,8.048871
2014-11-25,9.03,9.15,8.75,8.93,217500,8.021921
2014-11-24,9.20,9.29,8.90,9.00,287000,8.084803
2014-11-21,9.64,9.64,9.19,9.22,50100,8.282432
2014-11-20,9.41,9.51,9.40,9.46,9000,8.498026
2014-11-19,9.72,9.72,9.42,9.43,13700,8.471077
2014-11-18,9.71,9.78,9.61,9.67,15300,8.686672
2014-11-17,9.81,9.85,9.63,9.64,17900,8.659723
2014-11-14,10.06,10.08,9.77,9.85,37700,8.848368
2014-11-13,10.23,10.23,9.94,10.08,22100,9.054979
2014-11-12,9.70,10.30,9.66,10.18,73000,9.144811
2014-11-11,9.67,9.83,9.59,9.73,44000,8.74057
2014-11-10,9.98,10.02,9.45,9.73,55100,8.74057
2014-11-07,10.42,10.42,9.91,9.95,62100,8.911249
2014-11-06,10.34,10.45,10.19,10.40,32500,9.31427
2014-11-05,9.89,10.44,9.81,10.39,32100,9.305315
2014-11-04,9.96,10.35,9.85,9.98,49200,8.938117
2014-11-03,10.14,10.44,9.78,10.06,71400,9.009766
2014-10-31,10.58,10.58,9.83,10.05,56500,9.00081
2014-10-30,9.47,10.30,9.47,10.27,23600,9.197843
2014-10-29,9.63,9.79,9.52,9.66,39400,8.651524
2014-10-28,9.35,9.66,9.32,9.64,43200,8.633613
2014-10-27,9.30,9.33,9.16,9.30,69000,8.329108
2014-10-24,9.23,9.34,9.20,9.27,22400,8.30224
2014-10-23,9.47,9.47,9.21,9.30,25000,8.329108
2014-10-22,10.21,10.21,9.26,9.29,18200,8.320151
2014-10-21,10.31,10.33,9.71,10.01,36600,8.964986
2014-10-20,10.07,10.25,9.89,10.22,31100,9.153062
2014-10-17,10.22,10.22,9.93,10.07,37900,9.018721
2014-10-16,9.66,10.18,9.66,10.06,22900,9.009766
2014-10-15,9.88,10.09,9.47,9.96,45800,8.920205
2014-10-14,9.82,10.20,9.41,9.93,41400,8.893337
2014-10-13,9.34,9.97,9.33,9.72,29900,8.705261
2014-10-10,9.23,9.58,9.16,9.21,22200,8.248503
2014-10-09,10.19,10.19,9.30,9.35,30800,8.373888
2014-10-08,9.25,10.20,9.25,10.19,27800,9.126194
2014-10-07,9.12,9.57,9.05,9.27,30200,8.30224
2014-10-06,9.41,9.46,9.12,9.23,43100,8.266415
2014-10-03,9.48,9.64,9.44,9.44,17100,8.454491
2014-10-02,9.00,9.45,9.00,9.33,18100,8.355975
2014-10-01,9.51,9.52,9.02,9.18,38400,8.221635
2014-09-30,9.51,9.73,9.38,9.55,36900,8.553008
2014-09-29,9.39,9.64,9.04,9.56,34000,8.561964
2014-09-26,9.74,9.80,9.55,9.60,16500,8.597789
2014-09-25,9.83,9.83,9.68,9.74,27100,8.723172
2014-09-24,9.65,9.85,9.58,9.82,24600,8.794821
2014-09-23,9.50,9.82,9.50,9.59,29000,8.588832
2014-09-22,9.51,9.61,9.41,9.50,29200,8.508228
2014-09-19,9.93,10.03,9.36,9.56,62700,8.561964
2014-09-18,9.92,10.07,9.91,9.92,15800,8.884381
2014-09-17,9.98,10.24,9.86,9.92,13200,8.884381
2014-09-16,9.95,10.13,9.91,10.03,24500,8.982897
2014-09-15,10.11,10.30,9.88,10.01,32200,8.964986
2014-09-12,10.52,10.52,10.06,10.09,25100,9.036634
2014-09-11,10.37,10.58,10.33,10.49,57400,9.394875
2014-09-10,10.06,10.43,10.00,10.39,36100,9.305315
2014-09-09,10.06,10.14,9.93,10.06,29100,9.009766
2014-09-08,9.95,10.17,9.77,10.12,38300,9.063502
2014-09-05,10.07,10.09,9.91,9.92,12700,8.884381
2014-09-04,9.97,10.22,9.97,10.07,25200,9.018721
2014-09-03,10.12,10.12,9.90,9.97,28700,8.929162
2014-09-02,10.19,10.25,9.98,10.02,31600,8.973942
2014-08-29,9.70,10.13,9.70,10.11,30800,9.054545
2014-08-28,10.05,10.05,9.71,9.72,38700,8.705261
2014-08-27,10.39,10.39,9.98,10.13,21600,9.072458
2014-08-26,10.26,10.44,10.17,10.44,33500,9.350094
2014-08-25,9.92,10.38,9.85,10.28,36300,9.206798
2014-08-22,10.02,10.02,9.75,9.87,34100,8.839601
2014-08-21,9.93,10.08,9.73,10.01,17200,8.964986
2014-08-20,10.15,10.15,9.96,9.99,15400,8.947073
2014-08-19,10.12,10.29,10.10,10.20,13100,9.13515
2014-08-18,10.15,10.27,9.96,10.16,26300,9.099326
2014-08-15,10.26,10.26,9.84,9.99,42500,8.947073
2014-08-14,10.27,10.27,10.15,10.20,10200,9.13515
2014-08-13,10.38,10.38,10.23,10.27,24500,9.197843
2014-08-12,10.31,10.40,10.17,10.37,21300,9.287402
2014-08-11,10.55,10.55,10.18,10.41,26300,9.296359
2014-08-08,10.27,10.59,10.07,10.53,23800,9.403521
2014-08-07,10.58,10.58,10.25,10.29,9800,9.189196
2014-08-06,10.29,10.59,10.27,10.53,16900,9.403521
2014-08-05,10.38,10.47,10.27,10.34,18400,9.233848
2014-08-04,10.54,10.54,10.25,10.39,24100,9.278499
2014-08-01,10.43,10.59,10.34,10.44,26900,9.323149
2014-07-31,10.83,10.83,10.41,10.41,43500,9.296359
2014-07-30,11.09,11.12,10.84,11.01,19000,9.832172
2014-07-29,11.04,11.12,10.83,10.98,19400,9.805381
2014-07-28,11.07,11.27,10.84,11.05,22200,9.867893
2014-07-25,10.95,11.09,10.85,11.09,30100,9.903614
2014-07-24,11.17,11.29,10.79,11.08,30400,9.894684
2014-07-23,10.68,11.11,10.53,11.11,26600,9.921474
2014-07-22,10.37,10.83,10.35,10.81,23700,9.653568
2014-07-21,10.50,10.61,10.33,10.50,27200,9.376731
2014-07-18,10.39,10.61,10.27,10.55,22500,9.421382
2014-07-17,10.68,10.70,10.38,10.42,22400,9.305289
2014-07-16,10.79,10.90,10.68,10.82,21900,9.662498
2014-07-15,10.81,10.88,10.63,10.68,23700,9.537475
2014-07-14,11.00,11.00,10.83,10.85,31500,9.689289
2014-07-11,10.63,11.00,10.47,10.87,25000,9.707149
2014-07-10,10.66,10.75,10.55,10.70,26700,9.555335
2014-07-09,10.86,10.97,10.81,10.89,11600,9.72501
2014-07-08,10.95,10.95,10.67,10.87,35500,9.707149
2014-07-07,11.23,11.23,10.82,10.96,30500,9.787521
2014-07-03,11.30,11.30,11.12,11.18,12000,9.983986
2014-07-02,11.17,11.30,11.17,11.19,37500,9.992916
2014-07-01,11.29,11.30,11.10,11.14,85500,9.948265
2014-06-30,11.35,11.35,10.88,11.16,58100,9.966125
2014-06-27,10.69,11.31,10.66,11.31,143900,10.100079
2014-06-26,10.82,10.90,10.55,10.79,19000,9.635707
2014-06-25,10.83,10.86,10.56,10.83,30400,9.671428
2014-06-24,10.86,11.07,10.84,10.93,30500,9.760731
2014-06-23,11.03,11.03,10.86,10.91,21400,9.74287
2014-06-20,11.22,11.22,10.92,11.04,58900,9.858963
2014-06-19,10.99,11.21,10.78,11.15,46400,9.957195
2014-06-18,10.79,11.02,10.66,11.01,37400,9.832172
2014-06-17,10.38,11.00,10.31,10.81,57100,9.653568
2014-06-16,10.20,10.47,10.08,10.34,21300,9.233848
2014-06-13,10.36,10.40,10.18,10.23,16200,9.135615
2014-06-12,10.81,10.98,10.20,10.31,68700,9.207057
2014-06-11,10.90,10.99,10.67,10.87,43800,9.707149
2014-06-10,11.03,11.07,10.99,11.00,78700,9.823242
2014-06-09,10.92,11.09,10.91,11.07,71200,9.885753
2014-06-06,10.65,10.95,10.59,10.85,51000,9.689289
2014-06-05,10.37,10.59,10.18,10.59,45100,9.457103
2014-06-04,10.25,10.43,10.10,10.37,36200,9.260638
2014-06-03,10.30,10.46,10.17,10.35,33700,9.242778
2014-06-02,10.22,10.45,10.07,10.38,58200,9.269568
2014-05-30,10.28,10.37,10.17,10.27,85800,9.171336
2014-05-29,10.50,10.55,10.10,10.29,38600,9.189196
2014-05-28,10.25,10.49,10.25,10.41,47900,9.296359
2014-05-27,10.24,10.40,10.22,10.27,53300,9.171336
2014-05-23,9.97,10.35,9.97,10.18,50600,9.090964
2014-05-22,9.88,10.03,9.84,9.96,30600,8.894499
2014-05-21,9.66,10.00,9.51,9.81,41700,8.760546
2014-05-20,9.68,9.93,9.45,9.63,90500,8.599802
2014-05-19,9.26,9.80,9.26,9.75,82000,8.706965
2014-05-16,9.31,9.38,9.02,9.35,86000,8.349756
2014-05-15,9.39,9.56,9.14,9.34,95000,8.340826
2014-05-14,9.92,10.01,9.28,9.45,99300,8.439058
2014-05-13,10.21,10.26,9.90,9.96,74500,8.894499
2014-05-12,9.97,10.60,9.81,10.23,117300,9.108824
2014-05-09,10.05,10.05,9.77,9.96,67400,8.868415
2014-05-08,10.17,10.48,10.06,10.08,57900,8.975264
2014-05-07,10.45,10.45,10.22,10.35,38100,9.215673
2014-05-06,10.64,10.72,10.33,10.46,62000,9.313617
2014-05-05,10.58,10.71,10.36,10.66,73900,9.491697
2014-05-02,10.91,10.94,10.61,10.66,40000,9.491697
2014-05-01,10.83,10.98,10.60,10.90,119200,9.705394
2014-04-30,10.27,10.87,10.08,10.87,89400,9.678682
2014-04-29,10.17,10.56,10.17,10.28,85600,9.153344
2014-04-28,10.50,10.83,10.03,10.17,117400,9.0554
2014-04-25,10.86,10.94,10.38,10.39,60000,9.251289
2014-04-24,11.11,11.35,10.80,10.92,87600,9.723202
2014-04-23,12.20,12.45,11.12,11.17,174700,9.945803
2014-04-22,12.18,12.68,12.05,12.40,148800,11.040999
2014-04-21,11.84,12.18,11.81,12.10,78500,10.773878
2014-04-17,11.67,11.78,11.34,11.73,71400,10.444429
2014-04-16,11.33,11.67,11.27,11.65,33300,10.373196
2014-04-15,11.18,11.37,11.01,11.27,74700,10.034844
2014-04-14,11.07,11.15,10.92,11.09,50200,9.874571
2014-04-11,10.86,11.09,10.80,10.93,43000,9.732107
2014-04-10,11.13,11.15,10.92,10.99,88100,9.78553
2014-04-09,10.71,11.24,10.64,11.14,65800,9.919091
2014-04-08,10.44,11.03,10.26,10.69,281900,9.518409
2014-04-07,10.65,10.72,10.26,10.48,80500,9.331425
2014-04-04,11.19,11.19,10.60,10.67,81200,9.500602
2014-04-03,11.60,11.70,11.06,11.16,94900,9.936899
2014-04-02,11.80,11.87,11.54,11.63,34600,10.355389
2014-04-01,11.78,11.94,11.71,11.74,59400,10.453333
2014-03-31,11.57,11.92,11.50,11.77,46100,10.480046
2014-03-28,11.48,11.93,11.46,11.56,34700,10.293061
2014-03-27,11.44,11.63,11.32,11.50,47800,10.239636
2014-03-26,11.84,11.90,11.38,11.44,71900,10.186212
2014-03-25,11.71,11.84,11.51,11.72,28500,10.435525
2014-03-24,11.95,12.02,11.67,11.70,59800,10.417717
2014-03-21,12.09,12.15,11.89,11.89,42700,10.586894
2014-03-20,12.00,12.11,11.92,12.03,33100,10.71155
2014-03-19,12.22,12.33,11.76,11.93,99500,10.62251
2014-03-18,12.11,12.28,11.88,12.24,74600,10.898534
2014-03-17,12.16,12.40,12.01,12.06,54600,10.738262
2014-03-14,11.99,12.30,11.96,12.11,48400,10.782782
2014-03-13,12.04,12.24,11.83,12.04,52500,10.720454
2014-03-12,11.58,11.99,11.32,11.99,49500,10.675934
2014-03-11,12.25,12.25,11.51,11.66,116500,10.382101
2014-03-10,12.55,12.73,12.23,12.27,83800,10.925247
2014-03-07,12.34,12.60,12.32,12.40,55000,11.040999
2014-03-06,12.14,12.40,12.08,12.27,33000,10.925247
2014-03-05,12.23,12.48,12.04,12.15,95400,10.818398
2014-03-04,11.75,12.37,11.62,12.22,143400,10.880727
2014-03-03,11.50,11.68,11.48,11.51,89700,10.24854
2014-02-28,11.52,11.70,11.45,11.56,106900,10.293061
2014-02-27,11.14,11.49,11.07,11.48,69400,10.221828
2014-02-26,10.70,11.39,10.70,11.14,166100,9.919091
2014-02-25,10.95,10.95,10.60,10.69,37700,9.518409
2014-02-24,10.88,11.11,10.81,10.91,94200,9.714298
2014-02-21,10.89,10.93,10.61,10.74,71800,9.56293
2014-02-20,10.85,10.94,10.80,10.88,68300,9.687586
2014-02-19,10.69,10.97,10.49,10.80,107600,9.616354
2014-02-18,10.85,11.03,10.79,10.93,105900,9.500602
2014-02-14,11.10,11.17,10.82,10.87,103500,9.448448
2014-02-13,10.87,11.12,10.82,11.09,80800,9.639677
2014-02-12,11.05,11.32,10.80,10.98,105000,9.544062
2014-02-11,10.28,10.62,10.24,10.62,38600,9.231142
2014-02-10,10.15,10.30,10.02,10.29,27400,8.944299
2014-02-07,10.09,10.19,10.02,10.17,83300,8.839993
2014-02-06,10.13,10.18,10.03,10.08,110700,8.761762
2014-02-05,10.27,10.29,10.05,10.10,82300,8.779147
2014-02-04,10.27,10.50,10.23,10.33,43800,8.979068
2014-02-03,10.47,10.47,10.19,10.26,63200,8.918223
2014-01-31,10.92,11.11,10.53,10.56,55000,9.17899
2014-01-30,11.17,11.47,11.05,11.16,66300,9.700523
2014-01-29,11.15,11.32,10.93,11.07,83000,9.622292
2014-01-28,10.39,11.47,10.38,11.33,94200,9.84829
2014-01-27,10.32,10.62,9.89,10.33,148100,8.979068
2014-01-24,11.14,11.18,10.31,10.32,98200,8.970376
2014-01-23,11.40,11.55,11.06,11.16,79500,9.700523
2014-01-22,11.62,11.62,11.32,11.40,30600,9.909136
2014-01-21,11.68,11.75,11.30,11.58,220500,10.065596
2014-01-17,11.62,11.76,11.39,11.72,35900,10.187287
2014-01-16,11.51,11.71,11.51,11.66,79400,10.135134
2014-01-15,11.65,11.74,11.46,11.58,247500,10.065596
2014-01-14,11.61,11.69,11.36,11.61,71700,10.091672
2014-01-13,11.85,11.91,11.45,11.59,160900,10.074288
2014-01-10,11.89,11.93,11.73,11.84,211800,10.291594
2014-01-09,11.45,11.92,11.36,11.80,213700,10.256825
2014-01-08,11.23,11.58,11.13,11.38,74500,9.891752
2014-01-07,11.35,11.54,11.34,11.36,56300,9.874367
2014-01-06,11.20,11.65,11.20,11.26,55400,9.787445
2014-01-03,11.15,11.54,11.15,11.18,90600,9.717907
2014-01-02,11.76,11.95,11.11,11.15,47100,9.69183
2013-12-31,11.63,11.81,11.57,11.76,58400,10.222056
2013-12-30,11.57,11.87,11.57,11.57,138700,10.056904
2013-12-27,11.25,11.80,11.05,11.57,85400,10.056904
2013-12-26,10.90,11.22,10.90,11.18,38300,9.717907
2013-12-24,10.99,11.00,10.74,10.82,59100,9.404987
2013-12-23,10.75,10.97,10.75,10.90,124600,9.474525
2013-12-20,10.30,10.73,10.22,10.61,148400,9.22245
2013-12-19,10.32,10.38,10.22,10.26,40700,8.918223
2013-12-18,10.22,10.34,10.22,10.30,58700,8.952992
2013-12-17,10.23,10.43,10.10,10.21,143200,8.874761
2013-12-16,10.19,10.34,10.12,10.18,46200,8.848685
2013-12-13,10.05,10.17,10.04,10.11,26200,8.787839
2013-12-12,10.06,10.20,9.97,10.00,32700,8.692225
2013-12-11,10.24,10.24,10.06,10.07,50300,8.75307
2013-12-10,10.03,10.35,9.98,10.26,78200,8.918223
2013-12-09,10.20,10.28,9.92,10.04,122400,8.726993
2013-12-06,10.15,10.24,9.99,10.09,64700,8.770455
2013-12-05,9.90,10.27,9.80,10.04,101700,8.726993
2013-12-04,9.54,9.99,9.54,9.87,90700,8.579226
2013-12-03,9.42,9.75,9.34,9.58,173300,8.327151
2013-12-02,9.82,9.90,9.25,9.38,86300,8.153307
2013-11-29,9.58,9.97,9.41,9.41,46900,8.179383
2013-11-27,8.72,9.55,8.68,9.42,109300,8.188076
2013-11-26,8.43,8.71,8.40,8.52,36600,7.405776
2013-11-25,8.38,8.47,8.08,8.46,56600,7.353622
2013-11-22,8.24,8.46,8.23,8.39,18500,7.292777
2013-11-21,8.00,8.24,8.00,8.24,27300,7.162393
2013-11-20,7.96,8.02,7.84,7.97,21900,6.927703
2013-11-19,8.02,8.03,7.70,7.93,39900,6.892934
2013-11-18,7.89,8.24,7.88,7.93,29200,6.892934
2013-11-15,8.03,8.13,7.65,7.88,42300,6.849473
2013-11-14,8.10,8.10,7.96,8.05,12500,6.997241
2013-11-13,8.04,8.20,8.00,8.14,25600,7.075471
2013-11-12,7.95,8.18,7.95,8.07,35100,7.014625
2013-11-11,7.67,8.17,7.66,7.98,60600,6.910318
2013-11-08,7.40,7.71,7.40,7.65,105000,6.624554
2013-11-07,7.43,7.49,7.10,7.36,58400,6.373427
2013-11-06,7.29,7.41,7.20,7.37,53700,6.382086
2013-11-05,7.11,7.30,7.10,7.25,93900,6.278172
2013-11-04,7.23,7.27,7.10,7.12,165000,6.165597
2013-11-01,7.18,7.25,7.10,7.22,33600,6.252193
2013-10-31,7.20,7.32,7.12,7.19,41400,6.226214
2013-10-30,7.37,7.45,7.17,7.18,30700,6.217555
2013-10-29,7.41,7.45,7.27,7.34,24400,6.356108
2013-10-28,7.24,7.41,7.17,7.40,14100,6.408065
2013-10-25,7.22,7.27,7.19,7.21,16900,6.243533
2013-10-24,7.26,7.30,7.15,7.19,35700,6.226214
2013-10-23,7.24,7.30,7.12,7.19,145700,6.226214
2013-10-22,7.16,7.25,7.09,7.14,25100,6.182916
2013-10-21,7.19,7.19,7.01,7.08,30100,6.130959
2013-10-18,7.20,7.21,7.02,7.19,28400,6.226214
2013-10-17,7.09,7.21,6.99,7.12,20100,6.165597
2013-10-16,7.14,7.20,7.05,7.15,10200,6.191576
2013-10-15,7.20,7.20,6.98,7.10,15300,6.148278
2013-10-14,7.06,7.21,7.06,7.20,14500,6.234874
2013-10-11,6.98,7.18,6.98,7.15,17300,6.191576
2013-10-10,7.10,7.36,6.95,7.03,68600,6.087662
2013-10-09,7.00,7.09,6.94,6.99,75000,6.053023
2013-10-08,6.80,7.05,6.77,6.98,90800,6.044364
2013-10-07,6.72,6.92,6.60,6.86,36800,5.940449
2013-10-04,6.66,6.77,6.66,6.73,4900,5.827875
2013-10-03,6.56,6.69,6.44,6.65,27200,5.758599
2013-10-02,6.72,6.72,6.55,6.56,29200,5.680663
2013-10-01,6.77,6.84,6.66,6.77,13600,5.862513
2013-09-30,6.63,6.95,6.63,6.78,21000,5.871173
2013-09-27,6.74,6.82,6.65,6.73,11000,5.827875
2013-09-26,6.96,7.03,6.73,6.80,9500,5.888492
2013-09-25,6.94,7.00,6.86,6.92,23400,5.992407
2013-09-24,6.98,7.18,6.94,6.94,36300,6.009726
2013-09-23,6.95,6.97,6.77,6.95,44100,6.018385
2013-09-20,6.70,6.97,6.64,6.96,138100,6.027045
2013-09-19,6.71,6.73,6.58,6.64,43300,5.749939
2013-09-18,6.70,6.81,6.49,6.65,24400,5.758599
2013-09-17,6.64,6.75,6.61,6.70,21200,5.801896
2013-09-16,6.56,6.68,6.42,6.61,30300,5.723961
2013-09-13,6.43,6.55,6.36,6.42,14500,5.559429
2013-09-12,6.52,6.53,6.34,6.39,16900,5.53345
2013-09-11,6.66,6.66,6.49,6.50,87000,5.628706
2013-09-10,6.73,6.79,6.51,6.67,19200,5.775918
2013-09-09,6.58,6.78,6.53,6.66,38500,5.767258
2013-09-06,6.63,6.66,6.46,6.53,11600,5.654684
2013-09-05,6.68,6.73,6.52,6.58,11700,5.697982
2013-09-04,6.64,6.72,6.53,6.67,24300,5.775918
2013-09-03,6.61,6.69,6.45,6.64,18100,5.749939
2013-08-30,6.71,6.77,6.43,6.51,20500,5.637365
2013-08-29,6.50,6.75,6.50,6.71,12900,5.810556
2013-08-28,6.51,6.58,6.47,6.47,20700,5.602727
2013-08-27,6.79,6.79,6.49,6.50,25900,5.628706
2013-08-26,6.91,7.00,6.91,6.91,11900,5.983747
2013-08-23,6.77,7.01,6.77,6.87,19800,5.949109
2013-08-22,6.70,6.76,6.70,6.76,4600,5.853854
2013-08-21,6.62,6.76,6.51,6.61,6700,5.723961
2013-08-20,6.49,6.70,6.43,6.64,11600,5.749939
2013-08-19,6.59,6.65,6.45,6.46,6400,5.594067
2013-08-16,6.48,6.66,6.48,6.60,20500,5.715301
2013-08-15,6.80,6.82,6.45,6.47,56100,5.602727
2013-08-14,7.01,7.08,6.84,6.88,8700,5.957768
2013-08-13,7.00,7.08,6.98,6.99,30600,6.053023
2013-08-12,6.89,7.12,6.87,7.07,9400,6.096322
2013-08-09,7.03,7.07,6.91,7.00,17800,6.035962
2013-08-08,7.01,7.10,6.99,7.04,24800,6.070453
2013-08-07,6.84,7.03,6.84,6.97,12500,6.010093
2013-08-06,7.09,7.27,6.86,6.86,19000,5.915243
2013-08-05,7.06,7.15,7.04,7.10,15200,6.12219
2013-08-02,7.15,7.19,7.02,7.05,21000,6.079076
2013-08-01,7.21,7.30,7.11,7.17,46100,6.182549
2013-07-31,7.09,7.24,7.00,7.12,24700,6.139435
2013-07-30,7.12,7.27,6.86,7.04,24400,6.070453
2013-07-29,7.12,7.27,6.99,7.08,15900,6.104944
2013-07-26,7.07,7.21,7.04,7.12,12800,6.139435
2013-07-25,7.08,7.22,6.93,7.16,42200,6.173926
2013-07-24,7.14,7.17,7.05,7.11,31900,6.130813
2013-07-23,7.11,7.25,6.99,7.17,32800,6.182549
2013-07-22,7.11,7.26,7.05,7.11,36500,6.130813
2013-07-19,7.15,7.20,7.01,7.12,18900,6.139435
2013-07-18,7.21,7.26,7.09,7.14,17900,6.156681
2013-07-17,7.25,7.26,7.14,7.20,28700,6.208418
2013-07-16,7.20,7.27,7.17,7.18,17400,6.191172
2013-07-15,7.26,7.26,7.01,7.21,28800,6.217041
2013-07-12,7.20,7.20,7.05,7.14,11500,6.156681
2013-07-11,7.15,7.29,6.98,7.20,80100,6.208418
2013-07-10,7.19,7.49,7.10,7.15,57700,6.165304
2013-07-09,7.00,7.19,6.88,7.17,26800,6.182549
2013-07-08,6.88,7.03,6.74,7.01,25700,6.044585
2013-07-05,6.90,6.90,6.67,6.85,25000,5.90662
2013-07-03,6.76,6.80,6.67,6.78,5600,5.84626
2013-07-02,6.74,6.87,6.65,6.78,20400,5.84626
2013-07-01,6.58,6.87,6.53,6.81,54400,5.872128
2013-06-28,6.51,6.58,6.45,6.52,222100,5.622067
2013-06-27,6.40,6.60,6.31,6.51,28700,5.613445
2013-06-26,6.33,6.41,6.26,6.31,33500,5.440988
2013-06-25,6.36,6.47,6.11,6.33,86100,5.458234
2013-06-24,6.41,6.44,6.07,6.31,138400,5.440988
2013-06-21,6.39,6.56,6.28,6.48,107700,5.587576
2013-06-20,6.57,6.64,6.17,6.33,95800,5.458234
2013-06-19,6.81,6.86,6.66,6.71,35300,5.785901
2013-06-18,6.71,6.77,6.59,6.72,54100,5.794523
2013-06-17,6.58,6.75,6.49,6.72,54500,5.794523
2013-06-14,6.58,6.67,6.32,6.46,36100,5.57033
2013-06-13,6.49,6.66,6.26,6.62,47400,5.708295
2013-06-12,6.78,6.78,6.35,6.46,61200,5.57033
2013-06-11,6.49,6.97,6.34,6.70,84600,5.777278
2013-06-10,6.20,6.62,6.17,6.57,40300,5.665181
2013-06-07,6.28,6.28,5.93,6.18,98500,5.328892
2013-06-06,6.50,6.50,6.00,6.19,125400,5.337515
2013-06-05,6.70,6.71,6.47,6.52,15500,5.622067
2013-06-04,6.85,6.90,6.60,6.69,13600,5.768655
2013-06-03,6.78,6.86,6.57,6.79,32200,5.854883
2013-05-31,6.81,6.90,6.73,6.78,30400,5.84626
2013-05-30,6.75,6.93,6.74,6.87,22400,5.923865
2013-05-29,6.64,6.75,6.51,6.70,19700,5.777278
2013-05-28,6.70,6.81,6.56,6.67,40600,5.751409
2013-05-24,6.46,6.67,6.34,6.58,20000,5.673804
2013-05-23,6.30,6.71,6.20,6.48,19400,5.587576
2013-05-22,6.75,6.78,6.28,6.36,16100,5.484103
2013-05-21,6.86,6.94,6.67,6.72,28900,5.794523
2013-05-20,6.82,6.99,6.72,6.88,12900,5.932488
2013-05-17,6.50,6.83,6.34,6.78,38900,5.84626
2013-05-16,6.16,6.49,6.16,6.46,17500,5.57033
2013-05-15,6.26,6.27,6.17,6.22,20500,5.363383
2013-05-14,6.31,6.33,6.16,6.27,11200,5.406497
2013-05-13,6.32,6.34,6.13,6.31,20400,5.41512
2013-05-10,6.14,6.25,6.00,6.25,18300,5.363629
2013-05-09,6.21,6.23,6.05,6.15,24000,5.277811
2013-05-08,6.34,6.40,6.13,6.21,30300,5.329302
2013-05-07,6.34,6.42,6.12,6.26,34800,5.372211
2013-05-06,6.13,6.41,6.13,6.35,33200,5.449447
2013-05-03,6.04,6.24,6.02,6.18,35400,5.303556
2013-05-02,5.87,6.06,5.84,5.94,15200,5.097593
2013-05-01,6.33,6.39,5.73,5.82,84400,4.994611
2013-04-30,6.77,6.78,6.14,6.34,68600,5.440865
2013-04-29,6.57,7.05,6.47,6.71,89800,5.758392
2013-04-26,6.26,6.72,6.20,6.58,54100,5.646829
2013-04-25,6.16,6.37,6.02,6.28,48200,5.389375
2013-04-24,5.95,6.24,5.95,6.16,28100,5.286393
2013-04-23,6.05,6.08,5.83,6.07,30900,5.209157
2013-04-22,6.01,6.03,5.75,5.98,21000,5.13192
2013-04-19,5.99,6.16,5.92,5.97,43200,5.123338
2013-04-18,5.91,5.95,5.76,5.90,32200,5.063266
2013-04-17,6.00,6.12,5.90,5.97,48200,5.123338
2013-04-16,6.00,6.13,6.00,6.02,26600,5.166247
2013-04-15,6.14,6.14,5.84,5.93,53100,5.089011
2013-04-12,6.07,6.17,6.00,6.12,22600,5.252065
2013-04-11,6.03,6.14,5.96,6.08,91300,5.217738
2013-04-10,5.86,6.09,5.78,6.02,178600,5.166247
2013-04-09,5.65,5.77,5.62,5.66,74400,4.857302
2013-04-08,5.56,5.77,5.55,5.60,151700,4.805812
2013-04-05,5.43,5.58,5.43,5.52,68900,4.737157
2013-04-04,5.81,5.81,5.49,5.60,107900,4.805812
2013-04-03,5.91,5.98,5.81,5.82,20900,4.994611
2013-04-02,6.36,6.36,5.77,5.82,59500,4.994611
2013-04-01,6.47,6.48,6.18,6.29,38500,5.397956
2013-03-28,7.07,7.07,6.46,6.50,39600,5.578174
2013-03-27,7.02,7.03,6.90,6.94,9800,5.955774
2013-03-26,6.97,7.14,6.93,7.10,10400,6.093082
2013-03-25,6.96,6.96,6.81,6.90,7200,5.921447
2013-03-22,6.85,6.97,6.85,6.91,4100,5.930028
2013-03-21,7.05,7.05,6.76,6.80,15100,5.835629
2013-03-20,6.90,7.13,6.84,7.13,10600,6.118828
2013-03-19,7.04,7.11,6.71,6.77,12500,5.809883
2013-03-18,7.00,7.14,6.93,7.00,25500,6.007264
2013-03-15,6.61,7.19,6.61,7.19,71800,6.170319
2013-03-14,6.47,6.63,6.46,6.58,16800,5.646829
2013-03-13,6.58,6.58,6.54,6.57,7200,5.638247
2013-03-12,6.68,6.70,6.45,6.56,8800,5.629665
2013-03-11,6.69,6.75,6.55,6.68,29800,5.732647
2013-03-08,6.40,6.81,6.40,6.73,29600,5.775556
2013-03-07,6.23,6.40,6.23,6.37,14600,5.466611
2013-03-06,6.26,6.42,6.04,6.24,22300,5.355047
2013-03-05,6.12,6.33,6.11,6.26,35500,5.372211
2013-03-04,6.15,6.18,6.07,6.16,22000,5.286393
2013-03-01,6.11,6.26,6.07,6.15,10400,5.277811
2013-02-28,6.16,6.43,6.16,6.29,8700,5.397956
2013-02-27,6.12,6.40,6.07,6.19,8200,5.312138
2013-02-26,6.05,6.24,6.05,6.10,4000,5.234902
2013-02-25,6.36,6.44,6.03,6.11,12700,5.243484
2013-02-22,6.27,6.36,6.27,6.33,7000,5.432283
2013-02-21,6.08,6.25,6.06,6.21,37600,5.329302
2013-02-20,6.41,6.53,6.11,6.11,13400,5.243484
2013-02-19,6.39,6.58,6.39,6.55,12300,5.483774
2013-02-15,6.55,6.55,6.30,6.39,33200,5.349819
2013-02-14,6.23,6.58,6.23,6.56,12000,5.492146
2013-02-13,6.60,6.60,6.21,6.27,15800,5.249353
2013-02-12,6.48,6.72,6.48,6.62,9900,5.542379
2013-02-11,6.53,6.60,6.37,6.44,22900,5.39168
2013-02-08,6.25,6.65,6.18,6.51,31500,5.450286
2013-02-07,6.27,6.30,6.17,6.26,24300,5.240981
2013-02-06,5.80,6.31,5.80,6.30,29400,5.27447
2013-02-05,5.84,5.93,5.74,5.86,7500,4.906094
2013-02-04,5.89,5.93,5.71,5.74,11100,4.805628
2013-02-01,5.88,6.07,5.88,5.93,21300,4.964699
2013-01-31,5.59,5.87,5.59,5.83,27300,4.880978
2013-01-30,6.01,6.01,5.60,5.67,49900,4.747023
2013-01-29,5.95,6.04,5.80,6.00,30400,5.023305
2013-01-28,5.76,5.92,5.70,5.91,38600,4.947955
2013-01-25,5.73,5.77,5.53,5.77,41700,4.830745
2013-01-24,6.19,6.20,5.69,5.72,23100,4.788884
2013-01-23,6.10,6.18,6.05,6.16,15600,5.157259
2013-01-22,5.99,6.16,5.90,6.12,54900,5.123771
2013-01-18,5.80,6.14,5.75,6.01,32300,5.031677
2013-01-17,5.58,5.84,5.57,5.83,16900,4.880978
2013-01-16,5.84,5.84,5.47,5.55,28400,4.646557
2013-01-15,5.95,5.97,5.83,5.84,19800,4.88935
2013-01-14,5.74,6.16,5.74,6.01,51800,5.031677
2013-01-11,5.48,5.78,5.39,5.74,31900,4.805628
2013-01-10,5.50,5.60,5.39,5.43,33000,4.546091
2013-01-09,5.29,5.50,5.29,5.43,7300,4.546091
2013-01-08,5.44,5.44,5.23,5.26,9900,4.403764
2013-01-07,5.54,5.56,5.43,5.43,7700,4.546091
2013-01-04,5.51,5.63,5.43,5.59,16700,4.680046
2013-01-03,5.45,5.52,5.35,5.47,18400,4.579579
2013-01-02,5.40,5.52,5.22,5.45,36000,4.562835
2012-12-31,5.15,5.47,5.15,5.40,21100,4.520974
2012-12-28,5.01,5.23,4.97,5.16,14300,4.320042
2012-12-27,5.13,5.15,4.82,5.06,27900,4.23632
2012-12-26,5.28,5.40,5.12,5.17,7200,4.328414
2012-12-24,5.34,5.34,5.24,5.29,6600,4.42888
2012-12-21,5.28,5.39,5.14,5.37,68100,4.495858
2012-12-20,5.25,5.26,5.16,5.24,70100,4.387019
2012-12-19,5.20,5.24,5.11,5.24,21900,4.387019
2012-12-18,5.17,5.27,5.17,5.24,22500,4.387019
2012-12-17,5.13,5.14,4.92,5.07,17700,4.244693
2012-12-14,5.20,5.26,5.00,5.09,62800,4.261437
2012-12-13,5.43,5.51,5.21,5.23,44400,4.378647
2012-12-12,5.35,5.54,5.28,5.44,15000,4.554463
2012-12-11,5.38,5.50,5.29,5.34,30500,4.470741
2012-12-10,5.30,5.52,5.28,5.32,20300,4.453997
2012-12-07,5.20,5.39,5.15,5.20,24600,4.353531
2012-12-06,5.18,5.25,5.10,5.16,26300,4.320042
2012-12-05,5.36,5.49,5.15,5.20,44700,4.353531
2012-12-04,5.39,5.41,5.20,5.25,17500,4.395392
2012-12-03,5.55,5.55,5.28,5.40,23100,4.520974
2012-11-30,5.33,5.54,5.18,5.54,43700,4.638185
2012-11-29,5.31,5.40,5.16,5.30,24300,4.437253
2012-11-28,5.25,5.29,5.11,5.24,16600,4.387019
2012-11-27,5.37,5.44,5.22,5.26,13300,4.403764
2012-11-26,5.44,5.49,5.34,5.39,12000,4.512602
2012-11-23,5.51,5.55,5.34,5.40,5600,4.520974
2012-11-21,5.17,5.49,5.10,5.48,6600,4.587952
2012-11-20,4.92,5.16,4.92,5.12,11700,4.286553
2012-11-19,4.76,4.98,4.76,4.96,10200,4.152599
2012-11-16,4.53,4.77,4.51,4.71,24400,3.943294
2012-11-15,4.72,4.77,4.53,4.55,16500,3.80934
2012-11-14,4.85,4.90,4.71,4.71,15900,3.943294
2012-11-13,4.92,4.96,4.90,4.90,4900,4.102366
2012-11-12,4.96,5.00,4.90,5.00,3600,4.160971
2012-11-09,4.95,5.13,4.94,4.96,56600,4.127683
2012-11-08,4.90,5.13,4.90,4.99,23300,4.152649
2012-11-07,5.10,5.12,4.88,4.92,20200,4.094395
2012-11-06,5.16,5.16,5.10,5.12,19400,4.260834
2012-11-05,5.37,5.37,5.15,5.17,16300,4.302444
2012-11-02,5.66,5.66,5.30,5.35,21400,4.452239
2012-11-01,5.65,5.65,5.50,5.65,18900,4.701897
2012-10-31,5.29,5.64,5.24,5.64,11000,4.693575
2012-10-26,5.25,5.35,5.19,5.29,1200,4.402307
2012-10-25,5.35,5.35,5.25,5.27,12100,4.385663
2012-10-24,5.27,5.37,5.26,5.27,8600,4.385663
2012-10-23,5.07,5.18,4.91,5.05,10300,4.202581
2012-10-22,5.01,5.11,5.01,5.04,9600,4.194258
2012-10-19,5.11,5.17,5.00,5.02,22500,4.177615
2012-10-18,5.28,5.28,5.09,5.16,16000,4.294122
2012-10-17,5.31,5.31,5.20,5.27,2600,4.385663
2012-10-16,5.21,5.48,5.21,5.31,25000,4.418951
2012-10-15,5.10,5.18,4.98,5.16,18100,4.294122
2012-10-12,5.21,5.22,5.06,5.06,12900,4.210902
2012-10-11,5.35,5.35,5.16,5.21,16600,4.335732
2012-10-10,5.08,5.29,5.08,5.27,8900,4.385663
2012-10-09,5.19,5.19,4.90,5.07,18100,4.219224
2012-10-08,5.28,5.28,5.00,5.17,12000,4.302444
2012-10-05,5.40,5.40,5.32,5.33,8400,4.435595
2012-10-04,5.41,5.41,5.26,5.35,8000,4.452239
2012-10-03,5.25,5.43,5.19,5.40,18100,4.493848
2012-10-02,5.23,5.28,5.11,5.25,7900,4.369019
2012-10-01,5.18,5.49,5.18,5.33,31100,4.435595
2012-09-28,5.11,5.24,5.06,5.21,28900,4.335732
2012-09-27,5.13,5.23,5.07,5.16,10400,4.294122
2012-09-26,5.21,5.27,5.13,5.19,13100,4.319088
2012-09-25,5.16,5.27,5.12,5.19,20900,4.319088
2012-09-24,5.07,5.19,4.88,5.10,122300,4.24419
2012-09-21,5.81,5.81,5.05,5.05,311800,4.202581
2012-09-20,5.70,5.80,5.62,5.71,36100,4.751829
2012-09-19,5.60,5.82,5.50,5.76,33800,4.793438
2012-09-18,5.53,5.62,5.49,5.61,36900,4.668609
2012-09-17,5.38,5.62,5.35,5.62,15400,4.676931
2012-09-14,5.38,5.43,5.20,5.40,69500,4.493848
2012-09-13,5.18,5.38,5.09,5.38,17200,4.477205
2012-09-12,5.21,5.21,5.05,5.18,9300,4.310766
2012-09-11,5.04,5.13,5.04,5.13,307600,4.269156
2012-09-10,5.10,5.20,5.04,5.06,7600,4.210902
2012-09-07,4.96,5.10,4.94,5.08,21200,4.227546
2012-09-06,4.91,5.10,4.82,5.00,39900,4.160971
2012-09-05,4.93,4.97,4.84,4.88,42600,4.061108
2012-09-04,5.03,5.03,4.81,4.95,12500,4.119361
2012-08-31,5.01,5.05,4.95,5.03,8400,4.185937
2012-08-30,4.89,5.02,4.80,4.94,27800,4.111039
2012-08-29,5.01,5.01,4.85,4.99,9900,4.152649
2012-08-28,5.02,5.03,4.99,5.03,13100,4.185937
2012-08-27,5.03,5.03,4.79,4.99,17300,4.152649
2012-08-24,4.95,5.03,4.91,5.03,14000,4.185937
2012-08-23,4.98,5.00,4.87,4.99,8000,4.152649
2012-08-22,5.01,5.03,4.83,5.01,5400,4.169293
2012-08-21,5.02,5.03,4.95,5.01,14500,4.169293
2012-08-20,4.97,5.03,4.87,5.02,5700,4.177615
2012-08-17,4.94,5.03,4.60,5.01,13400,4.169293
2012-08-16,4.96,4.97,4.90,4.97,4000,4.136005
2012-08-15,5.00,5.03,4.99,5.01,8500,4.169293
2012-08-14,4.92,4.98,4.87,4.91,3400,4.086073
2012-08-13,5.05,5.05,4.84,4.93,6200,4.077751
2012-08-10,5.03,5.03,4.93,4.99,3400,4.127379
2012-08-09,4.95,5.02,4.95,5.02,2200,4.152193
2012-08-08,4.98,5.02,4.81,4.92,16400,4.06948
2012-08-07,4.97,5.10,4.97,5.10,20100,4.218363
2012-08-06,4.81,4.96,4.81,4.93,19800,4.077751
2012-08-03,4.16,4.85,4.16,4.78,16700,3.953682
2012-08-02,3.75,4.19,3.75,4.12,44100,3.407776
2012-08-01,3.89,3.90,3.68,3.72,27900,3.076924
2012-07-31,3.96,3.97,3.83,3.85,6300,3.184451
2012-07-30,3.97,4.06,3.88,3.98,3800,3.291978
2012-07-27,4.03,4.08,3.81,3.98,25200,3.291978
2012-07-26,4.13,4.31,3.95,3.95,11300,3.267164
2012-07-25,4.05,4.14,4.00,4.04,5900,3.341605
2012-07-24,4.02,4.10,3.94,4.03,16000,3.333334
2012-07-23,4.01,4.22,3.94,4.07,13600,3.36642
2012-07-20,4.26,4.30,4.11,4.11,10900,3.399505
2012-07-19,4.68,4.68,4.26,4.27,14600,3.531845
2012-07-18,4.65,4.82,4.53,4.69,22100,3.87924
2012-07-17,4.68,4.77,4.57,4.68,11200,3.870969
2012-07-16,4.65,4.73,4.63,4.66,7800,3.854426
2012-07-13,4.65,4.75,4.51,4.63,30500,3.829612
2012-07-12,4.59,4.65,4.39,4.60,13500,3.804798
2012-07-11,4.60,4.71,4.56,4.65,9100,3.846155
2012-07-10,4.68,4.76,4.59,4.60,11200,3.804798
2012-07-09,4.70,4.93,4.54,4.71,18200,3.895783
2012-07-06,4.79,4.82,4.66,4.69,11500,3.87924
2012-07-05,5.03,5.03,4.60,4.82,34200,3.986767
2012-07-03,4.64,5.13,4.64,5.08,14100,4.201821
2012-07-02,4.50,4.55,4.31,4.55,38500,3.763442
2012-06-29,4.31,4.45,4.27,4.43,29600,3.664186
2012-06-28,4.13,4.32,4.10,4.22,25200,3.490489
2012-06-27,4.13,4.35,4.09,4.15,34300,3.43259
2012-06-26,4.31,4.31,4.01,4.15,27100,3.43259
2012-06-25,4.24,4.38,4.20,4.31,13600,3.564931
2012-06-22,4.46,4.53,4.18,4.37,200700,3.614558
2012-06-21,4.19,4.44,4.05,4.42,21600,3.655915
2012-06-20,4.25,4.30,4.15,4.22,16900,3.490489
2012-06-19,4.20,4.23,4.10,4.23,28100,3.49876
2012-06-18,4.27,4.27,4.04,4.11,26400,3.399505
2012-06-15,4.30,4.49,4.30,4.44,29700,3.672458
2012-06-14,4.22,4.34,4.22,4.29,18700,3.548388
2012-06-13,4.52,4.52,4.00,4.20,30100,3.473946
2012-06-12,4.52,4.52,4.39,4.51,9500,3.730357
2012-06-11,4.69,4.69,4.42,4.48,25000,3.705543
2012-06-08,4.43,4.65,4.34,4.61,11800,3.81307
2012-06-07,4.90,4.90,4.41,4.42,18000,3.655915
2012-06-06,4.47,4.98,4.36,4.82,10800,3.986767
2012-06-05,4.22,4.45,4.22,4.43,7800,3.664186
2012-06-04,3.98,4.22,3.94,4.22,10500,3.490489
2012-06-01,4.04,4.07,3.89,3.94,21300,3.258893
2012-05-31,4.07,4.23,4.04,4.12,48300,3.407776
2012-05-30,4.20,4.24,4.03,4.05,15800,3.349877
2012-05-29,4.15,4.25,4.06,4.23,10000,3.49876
2012-05-25,4.24,4.24,3.95,4.08,29600,3.374691
2012-05-24,4.12,4.23,3.97,4.22,20800,3.490489
2012-05-23,3.97,4.16,3.91,4.15,18000,3.43259
2012-05-22,4.01,4.19,3.82,4.08,38500,3.374691
2012-05-21,4.20,4.20,3.98,4.04,70400,3.341605
2012-05-18,4.25,4.25,3.99,4.18,25800,3.457404
2012-05-17,4.72,4.78,4.22,4.33,39500,3.581473
2012-05-16,5.15,5.18,4.70,4.71,70100,3.895783
2012-05-15,4.98,5.18,4.96,5.16,16900,4.267991
2012-05-14,4.92,5.06,4.69,5.04,47200,4.143922
2012-05-11,5.00,5.02,4.94,5.00,9600,4.111033
2012-05-10,5.09,5.13,5.00,5.04,10300,4.143922
2012-05-09,5.03,5.11,5.00,5.04,11500,4.143922
2012-05-08,4.99,5.13,4.97,5.11,6200,4.201476
2012-05-07,5.09,5.12,4.93,5.01,38000,4.119256
2012-05-04,5.57,5.57,5.11,5.12,40700,4.209698
2012-05-03,5.79,5.79,5.51,5.52,12000,4.538581
2012-05-02,5.85,5.85,5.73,5.84,25000,4.801687
2012-05-01,5.95,6.09,5.84,5.84,56400,4.801687
2012-04-30,6.20,6.20,5.85,5.89,61000,4.842797
2012-04-27,6.41,6.41,6.17,6.28,13400,5.163458
2012-04-26,6.28,6.42,6.17,6.36,32800,5.229235
2012-04-25,6.30,6.48,6.19,6.33,12800,5.204568
2012-04-24,6.12,6.40,6.12,6.38,18300,5.245679
2012-04-23,6.13,6.37,6.10,6.18,36700,5.081237
2012-04-20,6.34,6.61,6.27,6.35,56700,5.221012
2012-04-19,6.26,6.34,6.08,6.19,23800,5.089459
2012-04-18,6.11,6.31,6.11,6.26,20800,5.147014
2012-04-17,5.88,6.27,5.88,6.17,12200,5.073015
2012-04-16,5.79,5.93,5.64,5.77,51000,4.744133
2012-04-13,6.29,6.29,5.81,5.83,15900,4.793465
2012-04-12,6.44,6.54,6.19,6.27,25400,5.155236
