Date,Open,High,Low,Close,Volume,Adj Close
2018-05-14,18.26,18.305,17.26,17.37,167336,17.37
2018-05-11,18.61,18.649,18.16,18.17,69624,18.17
2018-05-10,18.5,18.83,18.4,18.6,84968,18.6
2018-05-09,18.02,18.41,17.87,18.39,105996,18.39
2018-05-08,18.3,18.32,17.85,17.92,89653,17.92
2018-05-07,18.34,18.48,18.19,18.3,151740,18.3
2018-05-04,17.63,18.58,17.63,18.37,125490,18.37
2018-05-03,17.48,17.69,17.18,17.66,161207,17.66
2018-05-02,18.38,18.38,17.45,17.53,211332,17.53
2018-05-01,18.6,18.8,18.36,18.59,159408,18.59
2018-04-30,18.11,18.78,18.11,18.68,338468,18.68
2018-04-27,17.31,18.21,17.17,18.11,315136,18.11
2018-04-26,16.91,17.55,16.7923,17.4,208739,17.4
2018-04-25,16.67,16.98,16.47,16.96,110593,16.96
2018-04-24,16.96,17.08,16.579,16.77,123600,16.77
2018-04-23,16.85,17.02,16.5526,16.8,115134,16.8
2018-04-20,17.19,17.19,16.63,16.86,182847,16.86
2018-04-19,17.1,17.57,17.05,17.2,239678,17.2
2018-04-18,16.76,17.14,16.76,17.11,171260,17.11
2018-04-17,15.75,16.85,15.75,16.76,625235,16.76
2018-04-16,15.81,15.9,15.6,15.72,388129,15.72
2018-04-13,15.99,16.32,15.66,15.83,317071,15.83
2018-04-12,16.53,16.699,15.83,15.89,419574,15.89
2018-04-11,16.55,16.73,15.85,16.3,616312,16.3
2018-04-10,17.31,17.4799,16.85,16.96,373748,16.96
2018-04-09,17.75,18.036,16.64,17.35,476232,17.35
2018-04-06,19.1,19.3825,18.3006,18.49,198969,18.49
2018-04-05,19.65,20.05,19.05,19.15,387181,19.15
2018-04-04,18.25,19.07,18.23,19.01,220772,19.01
2018-04-03,18.59,18.65,18.09,18.57,123775,18.57
2018-04-02,19,19.1,18.07,18.47,165518,18.47
2018-03-29,18.35,19.4047,18.25,19.11,380746,19.11
2018-03-28,17.6,18.74,16.02,18.55,833426,18.55
2018-03-27,17.95,17.95,17.1,17.19,139620,17.19
2018-03-26,18.04,18.1,17.42,17.89,94395,17.89
2018-03-23,18.12,18.23,17.66,17.68,165109,17.68
2018-03-22,18.78,18.88,17.88,18.11,339854,18.11
2018-03-21,18.4,19.11,18.4,18.92,245109,18.92
2018-03-20,18.22,18.47,18.091,18.41,113726,18.41
2018-03-19,18.38,18.45,17.62,18.18,169795,18.18
2018-03-16,18.09,18.68,17.9,18.54,460721,18.54
2018-03-15,17.91,18.7,17.905,18.08,140518,18.08
2018-03-14,18.29,18.29,17.55,18.17,292281,18.17
2018-03-13,18.45,19.29,18.17,18.21,539173,18.21
2018-03-12,17.73,18.54,17.6,18.45,645457,18.45
2018-03-09,17.47,17.87,17.12,17.82,200080,17.82
2018-03-08,17.39,17.875,17,17.44,209490,17.44
2018-03-07,16.68,17.47,16.68,17.31,232635,17.31
2018-03-06,16.71,16.91,16.6,16.84,141053,16.84
2018-03-05,16.26,16.68,16.26,16.59,109716,16.59
2018-03-02,16.08,16.39,15.9,16.3,510013,16.3
2018-03-01,16.43,16.705,16.15,16.28,277272,16.28
2018-02-28,16.88,17,16.72,16.82,156591,16.82
2018-02-27,16.68,17.15,16.63,16.87,184287,16.87
2018-02-26,16.79,16.9,16.57,16.79,223642,16.79
2018-02-23,16.66,16.74,16.45,16.7,137322,16.7
2018-02-22,16.81,16.9054,16.47,16.62,164926,16.62
2018-02-21,17.06,17.17,16.77,16.79,182548,16.79
2018-02-20,16.86,17.16,16.73,16.92,173427,16.92
2018-02-16,16.41,17.065,16.32,17,230312,17
2018-02-15,16.4,16.7,16.13,16.41,179482,16.41
2018-02-14,15.59,16.34,15.56,16.29,170524,16.29
2018-02-13,15.27,15.77,15.27,15.67,134134,15.67
2018-02-12,14.9,15.555,14.885,15.37,195069,15.37
2018-02-09,15.04,15.2,14.26,14.74,259179,14.74
2018-02-08,15.45,15.55,14.91,14.91,151241,14.91
2018-02-07,15.43,15.77,15.4,15.4,182259,15.4
2018-02-06,15.14,15.84,15.03,15.61,208411,15.61
2018-02-05,15.31,15.95,15.22,15.28,389010,15.28
2018-02-02,16.42,16.42,15.3,15.44,348316,15.44
2018-02-01,16.61,16.67,16.14,16.52,321754,16.52
2018-01-31,17.04,17.1883,16.52,16.69,177422,16.69
2018-01-30,16.8,16.88,16.56,16.87,198004,16.87
2018-01-29,17.1,17.1,16.58,16.82,327268,16.82
2018-01-26,17.28,17.4,16.97,17.18,324547,17.18
2018-01-25,17.69,17.8,16.81,17.14,492439,17.14
2018-01-24,18.02,18.18,17.495,17.57,303564,17.57
2018-01-23,18.28,18.75,18.08,18.18,418486,18.18
2018-01-22,17.88,18.37,17.81,18.27,403940,18.27
2018-01-19,18.33,18.419,17.56,17.79,549803,17.79
2018-01-18,17.25,18.59,17.061,18.08,869200,18.08
2018-01-17,16.7,17.47,16.45,17.23,491076,17.23
2018-01-16,16.53,16.73,16.24,16.56,352392,16.56
2018-01-12,16.94,17.08,16.5,16.52,393428,16.52
2018-01-11,17.03,17.05,16.65,16.94,301717,16.94
2018-01-10,16.5,17.25,16.3,16.94,333673,16.94
2018-01-09,16.78,16.91,15.86,16.51,781207,16.51
2018-01-08,17.4,17.43,16.7,16.82,365197,16.82
2018-01-05,16.81,17.5,16.79,17.13,480159,17.13
2018-01-04,17.4,17.5,16.7,16.75,696133,16.75
2018-01-03,17.12,17.72,16.55,17.24,891074,17.24
2018-01-02,17.33,18.3,16.61,17.2,2683731,17.2
2017-12-29,16.06,17.83,14.8201,17.33,4906892,17.33
2017-12-28,14.33,15.3931,13.75,15.22,2189399,15.22
2017-12-27,13.99,14.18,13.84,14,397566,14
2017-12-26,14.13,14.36,13.84,13.98,218104,13.98
2017-12-22,14.7,14.7,14.04,14.17,253206,14.17
2017-12-21,15.8,15.99,14.619,14.8,636945,14.8
2017-12-20,14.59,15.73,14.42,15.4,643460,15.4
2017-12-19,14.39,14.8,14.39,14.6,164224,14.6
2017-12-18,14.33,14.51,14.21,14.44,161135,14.44
2017-12-15,14.08,14.48,14.04,14.26,452314,14.26
2017-12-14,13.85,14.1,13.8,14.09,148121,14.09
2017-12-13,14.19,14.22,13.7,13.88,194188,13.88
2017-12-12,14.21,14.29,14.045,14.1,147840,14.1
2017-12-11,14.29,14.5,14.14,14.25,224675,14.25
2017-12-08,14.37,14.37,13.97,14.09,201469,14.09
2017-12-07,13.94,14.28,13.92,14.27,192676,14.27
2017-12-06,13.77,13.95,13.7,13.93,106886,13.93
2017-12-05,14.09,14.19,13.665,13.8,183358,13.8
2017-12-04,14.27,14.4,13.81,14.1,595216,14.1
2017-12-01,14.8,14.95,14.15,14.23,344801,14.23
2017-11-30,15.68,15.885,14.56,14.73,530102,14.73
2017-11-29,15.89,16.14,15.47,15.61,234602,15.61
2017-11-28,16.01,16.1,15.78,15.91,119863,15.91
2017-11-27,16.44,16.79,15.85,15.9,278444,15.9
2017-11-24,15.92,16.7,15.83,16.45,295441,16.45
2017-11-22,16.16,16.3583,15.63,15.84,314254,15.84
2017-11-21,16.14,16.8,15.84,15.99,482054,15.99
2017-11-20,16.94,16.94,15.97,16.03,303907,16.03
2017-11-17,17.03,17.12,16.52,16.98,304911,16.98
2017-11-16,17.32,17.84,16.701,17.29,560983,17.29
2017-11-15,16.9,16.99,16.53,16.89,151581,16.89
2017-11-14,16.52,17.1,16.5,16.9,160564,16.9
2017-11-13,16.49,16.8497,16,16.53,216466,16.53
2017-11-10,16.79,16.84,16.61,16.73,133436,16.73
2017-11-09,16.6,16.89,16.58,16.84,76482,16.84
2017-11-08,16.85,17,16.6,16.61,114443,16.61
2017-11-07,17.04,17.14,16.8146,16.93,117850,16.93
2017-11-06,16.93,17.05,16.7,16.98,189856,16.98
2017-11-03,16.72,16.94,16.62,16.9,110157,16.9
2017-11-02,17.25,17.25,16.54,16.8,176156,16.8
2017-11-01,17.18,17.41,17.1,17.25,136937,17.25
2017-10-31,16.95,17.05,16.91,17.01,87355,17.01
2017-10-30,17.15,17.17,16.995,17.02,130584,17.02
2017-10-27,17.02,17.17,16.81,17.12,124087,17.12
2017-10-26,17.25,17.4,16.93,17.01,138345,17.01
2017-10-25,17.07,17.29,16.98,17.24,157424,17.24
2017-10-24,17.02,17.1,16.89,17,208943,17
2017-10-23,17.08,17.18,16.97,17,178519,17
2017-10-20,17,17,16.81,16.98,132990,16.98
2017-10-19,17,17.07,16.38,16.97,348774,16.97
2017-10-18,17.14,17.31,17.02,17.31,106371,17.31
2017-10-17,16.92,17.13,16.88,17.13,495635,17.13
2017-10-16,17.48,17.66,16.991,17.02,495627,17.02
2017-10-13,17.49,17.53,17.34,17.5,176716,17.5
2017-10-12,17.55,17.61,17.38,17.48,174095,17.48
2017-10-11,17.11,17.65,17.02,17.51,260530,17.51
2017-10-10,16.72,17.65,16.6,17.03,320106,17.03
2017-10-09,16.54,16.8,16.34,16.61,230337,16.61
2017-10-06,16.25,16.46,16.22,16.42,165198,16.42
2017-10-05,16.99,16.99,16.1,16.24,405395,16.24
2017-10-04,16.3,16.57,15.72,16.1,394064,16.1
2017-10-03,16.68,16.74,16.12,16.24,245070,16.24
2017-10-02,16.89,17.0195,16.16,16.59,257711,16.59
2017-09-29,16.56,16.94,16.56,16.94,175428,16.94
2017-09-28,16.35,16.68,16.35,16.55,185772,16.55
2017-09-27,16.43,16.85,16.14,16.36,294484,16.36
2017-09-26,17.1,17.22,16.2,16.2,380077,16.2
2017-09-25,17.78,17.78,16.65,16.92,300133,16.92
2017-09-22,17.91,18.52,17.63,17.78,260619,17.78
2017-09-21,16.68,18.59,16.655,17.94,650942,17.94
2017-09-20,17.5,17.5099,16.5,16.61,316366,16.61
2017-09-19,17.71,18.14,17.42,17.49,166407,17.49
2017-09-18,17.47,17.75,17.47,17.56,194240,17.56
2017-09-15,17.53,17.65,17.14,17.34,404756,17.34
2017-09-14,17.91,17.93,17.5,17.55,301209,17.55
2017-09-13,17.97,18.22,17.81,18.02,278620,18.02
2017-09-12,18,18.15,17.965,18,401233,18
2017-09-11,17.81,18.36,17.7,17.95,515247,17.95
2017-09-08,16.67,17.74,16.62,17.58,491247,17.58
2017-09-07,16.19,16.94,16.19,16.69,424615,16.69
2017-09-06,16.04,16.63,16.04,16.18,367237,16.18
2017-09-05,16.2,16.2,15.9,16.01,538610,16.01
2017-09-01,16.38,16.595,16.21,16.43,260611,16.43
2017-08-31,16,16.9,16,16.45,582930,16.45
2017-08-30,16.25,16.26,15.8001,15.95,400789,15.95
2017-08-29,16.26,16.48,15.9701,16.23,289867,16.23
2017-08-28,16.6,16.775,16.34,16.42,143455,16.42
2017-08-25,16.99,17.13,16.12,16.52,465473,16.52
2017-08-24,17.52,17.66,17.01,17.06,398553,17.06
2017-08-23,17.53,17.76,17.47,17.48,136673,17.48
2017-08-22,17.68,17.79,17.45,17.56,184956,17.56
2017-08-21,17.57,17.82,17.29,17.59,408205,17.59
2017-08-18,18.31,18.32,17.36,17.53,626841,17.53
2017-08-17,17.6,18.02,17.5,17.77,212109,17.77
2017-08-16,17.66,18.28,17.26,17.54,306887,17.54
2017-08-15,18.91,19.4,17.55,17.56,696133,17.56
2017-08-14,18.1,18.61,17.99,18.55,452349,18.55
2017-08-11,18.27,18.29,17.72,17.82,364783,17.82
2017-08-10,19.51,19.6108,18.11,18.28,553062,18.28
2017-08-09,19.91,20.185,19.36,19.42,275642,19.42
2017-08-08,20.09,20.31,19.87,19.99,334804,19.99
2017-08-07,19.33,20.18,19.1375,20.06,474557,20.06
2017-08-04,18.53,19.39,18.53,18.9,440622,18.9
2017-08-03,18.59,18.64,18.35,18.46,136224,18.46
2017-08-02,18.92,19.25,18.5,18.65,321786,18.65
2017-08-01,18.3,19.21,18.22,19.01,384207,19.01
2017-07-31,17.9,18.35,17.7,18.31,574296,18.31
2017-07-28,18.82,18.87,17.63,17.87,730504,17.87
2017-07-27,19.92,19.92,18.75,18.96,564657,18.96
2017-07-26,20.11,20.18,19.22,19.87,584387,19.87
2017-07-25,20.48,20.56,20.262,20.39,151001,20.39
2017-07-24,20.17,20.54,20.06,20.41,334602,20.41
2017-07-21,20.2,20.39,20.06,20.26,294673,20.26
2017-07-20,20.6,20.675,20.05,20.21,342393,20.21
2017-07-19,20.44,20.79,20.36,20.5,446534,20.5
2017-07-18,20.66,21.169,20.145,20.37,711332,20.37
2017-07-17,21.88,22.03,19.67,20.55,2360134,20.55
2017-07-14,23.01,23.095,22.53,22.72,558035,22.72
2017-07-13,23.58,23.58,22.72,23.04,826351,23.04
2017-07-12,23.74,23.74,23.02,23.48,3512321,23.48
2017-07-11,22.51,24.32,22.21,24.08,3032229,24.08
2017-07-10,24.05,24.05,22.3,22.51,2664930,22.51
2017-07-07,24,24.09,23.79,23.96,1894784,23.96
2017-07-06,23.96,24.1,23.725,23.95,753500,23.95
2017-07-05,25.2,25.21,23.87,24.03,614335,24.03
2017-07-03,24.75,25.28,24.75,25.25,192588,25.25
2017-06-30,24.46,24.84,24.46,24.68,262295,24.68
2017-06-29,24.6,24.6,23.61,24.46,494286,24.46
2017-06-28,24.11,24.6,24.0425,24.58,300950,24.58
2017-06-27,24.16,24.41,23.89,24.16,402883,24.16
2017-06-26,24.49,24.49,24.08,24.17,229248,24.17
2017-06-23,24.15,24.46,23.9,24.41,204173,24.41
2017-06-22,24.24,24.32,23.71,24.15,378131,24.15
2017-06-21,24.32,24.75,24.025,24.2,642186,24.2
2017-06-20,25.06,25.09,24.37,24.61,435940,24.61
2017-06-19,25.22,25.49,24.32,25,626783,25
2017-06-16,24.92,25.2,24.73,25.2,488772,25.2
2017-06-15,24.49,24.99,24.15,24.87,252982,24.87
2017-06-14,24.53,24.89,23.59,24.55,527364,24.55
2017-06-13,24.93,25,23.9,24.59,731644,24.59
2017-06-12,26.27,26.55,24,24.28,1474137,24.28
2017-06-09,23.55,24.45,23.28,23.53,321846,23.53
2017-06-08,23.18,23.65,22.95,23.51,395975,23.51
2017-06-07,23.2,23.39,22.999,23.1,130711,23.1
2017-06-06,22.98,23.17,22.46,23,406308,23
2017-06-05,23.06,23.43,22.91,23.12,481827,23.12
2017-06-02,23.22,23.53,22.995,23.06,377273,23.06
2017-06-01,23.11,23.78,22.97,23.24,289170,23.24
2017-05-31,23.93,23.93,22.405,23.11,869016,23.11
2017-05-30,23.2,24.36,23.2,24.11,518171,24.11
2017-05-26,22.82,23.37,22.79,23.2,372837,23.2
2017-05-25,22.52,22.977,22.52,22.87,241873,22.87
2017-05-24,22.62,22.75,22.01,22.52,296729,22.52
2017-05-23,22.07,22.94,22.07,22.55,424411,22.55
2017-05-22,21.64,22.07,20.84,22,441396,22
2017-05-19,22.03,22.63,21.17,21.39,776730,21.39
2017-05-18,21,22.23,20.51,21.8,1168041,21.8
2017-05-17,20.89,22.34,20.75,21.02,1969601,21.02
2017-05-16,20,20,19.44,19.88,477763,19.88
2017-05-15,19.47,19.95,18.9,19.92,419553,19.92
2017-05-12,19.700001,20.129999,19.530001,19.610001,321700,19.610001
2017-05-11,19.780001,19.790001,19.610001,19.75,204200,19.75
2017-05-10,19.73,20.17,19.50,20.02,181700,20.02
2017-05-09,19.77,20.059999,19.530001,19.719999,152200,19.719999
2017-05-08,19.50,19.790001,19.450001,19.76,159400,19.76
2017-05-05,19.60,19.66,19.190001,19.50,371800,19.50
2017-05-04,19.719999,20.32,19.540001,19.57,344100,19.57
2017-05-03,19.190001,19.66,19.120001,19.639999,221600,19.639999
2017-05-02,19.440001,19.57,19.10,19.379999,359500,19.379999
2017-05-01,19.450001,20.09,19.450001,19.559999,264100,19.559999
2017-04-28,18.559999,19.719999,18.52,19.389999,455200,19.389999
2017-04-27,17.93,18.90,17.93,18.809999,384300,18.809999
2017-04-26,17.75,18.200001,17.57,17.99,645200,17.99
2017-04-25,17.75,18.389999,17.75,18.290001,268400,18.290001
2017-04-24,17.700001,17.99,17.469999,17.65,213200,17.65
2017-04-21,17.719999,17.799999,17.48,17.540001,172900,17.540001
2017-04-20,17.17,17.92,17.17,17.65,377200,17.65
2017-04-19,17.049999,17.18,16.60,17.129999,709400,17.129999
2017-04-18,16.629999,17.09,16.32,17.030001,376600,17.030001
2017-04-17,16.610001,16.90,16.49,16.809999,521100,16.809999
2017-04-13,16.889999,17.26,16.450001,16.549999,422500,16.549999
2017-04-12,17.00,17.200001,16.60,16.82,688300,16.82
2017-04-11,17.24,17.90,17.17,17.26,625100,17.26
2017-04-10,16.74,17.49,16.450001,17.280001,921400,17.280001
2017-04-07,16.709999,16.709999,15.74,16.139999,730900,16.139999
2017-04-06,16.940001,16.98,16.60,16.879999,433900,16.879999
2017-04-05,17.139999,17.299999,16.90,16.93,676700,16.93
2017-04-04,16.93,17.209999,16.90,17.09,274600,17.09
2017-04-03,17.18,17.299999,16.85,17.01,369600,17.01
2017-03-31,16.74,17.41,16.65,17.15,531000,17.15
2017-03-30,16.690001,16.91,16.50,16.780001,248100,16.780001
2017-03-29,16.969999,16.969999,16.610001,16.85,173500,16.660001
2017-03-28,16.68,17.18,16.299999,16.940001,211700,16.748986
2017-03-27,16.40,16.85,15.90,16.66,288800,16.472143
2017-03-24,17.280001,17.40,16.49,16.719999,281000,16.531465
2017-03-23,16.66,17.209999,16.58,17.200001,819800,17.006054
2017-03-22,16.299999,17.00,15.60,16.690001,1523200,16.501805
2017-03-21,17.200001,17.34,16.709999,16.84,978000,16.650113
2017-03-20,16.57,17.360001,16.540001,17.309999,622700,17.114813
2017-03-17,16.84,16.870001,16.299999,16.66,508100,16.472143
2017-03-16,16.68,16.99,16.65,16.809999,384000,16.620451
2017-03-15,16.15,16.790001,16.120001,16.67,1018200,16.48203
2017-03-14,15.63,16.280001,15.58,16.24,515100,16.056878
2017-03-13,15.47,15.86,15.31,15.76,678900,15.582291
2017-03-10,15.41,15.68,15.41,15.48,474900,15.305448
2017-03-09,14.93,15.35,14.68,15.30,835700,15.127478
2017-03-08,15.00,15.21,14.94,15.20,869600,15.028605
2017-03-07,14.68,15.11,14.66,15.03,504700,14.860522
2017-03-06,14.44,14.80,14.38,14.77,396100,14.603455
2017-03-03,14.32,14.56,14.26,14.55,270400,14.385935
2017-03-02,14.10,14.36,13.99,14.35,567700,14.188191
2017-03-01,14.06,14.17,13.91,14.14,232000,13.980558
2017-02-28,13.96,14.25,13.81,13.96,395200,13.802588
2017-02-27,14.33,14.33,13.96,13.98,433000,13.822362
2017-02-24,14.53,14.64,14.18,14.36,504200,14.198077
2017-02-23,15.49,15.52,14.50,14.56,623900,14.395823
2017-02-22,15.69,15.69,15.30,15.43,730000,15.256012
2017-02-21,15.55,15.71,15.10,15.70,940100,15.522967
2017-02-17,15.06,15.50,14.92,15.48,1043100,15.305448
2017-02-16,14.95,15.25,14.79,15.09,503200,14.919846
2017-02-15,14.86,15.14,14.75,14.98,578400,14.811086
2017-02-14,14.73,15.02,14.58,14.90,600600,14.731988
2017-02-13,14.83,14.83,14.44,14.69,649300,14.524356
2017-02-10,14.20,14.81,14.20,14.75,536300,14.58368
2017-02-09,13.85,14.35,13.85,14.28,441200,14.118979
2017-02-08,13.89,13.92,13.63,13.87,572900,13.713603
2017-02-07,13.59,14.10,13.59,13.83,1509400,13.674054
2017-02-06,13.43,13.74,13.29,13.62,717900,13.466421
2017-02-03,13.48,13.55,13.40,13.40,805300,13.248902
2017-02-02,13.55,13.55,13.34,13.40,377500,13.248902
2017-02-01,13.66,13.78,13.28,13.56,555600,13.407099
2017-01-31,13.46,13.81,13.40,13.71,650500,13.555407
2017-01-30,13.40,13.52,13.21,13.50,721900,13.347775
2017-01-27,13.28,13.60,13.19,13.46,866300,13.308226
2017-01-26,12.83,13.38,12.76,13.28,889400,13.130255
2017-01-25,12.24,12.84,12.17,12.79,715500,12.645781
2017-01-24,12.00,12.21,11.71,12.19,601900,12.052546
2017-01-23,11.95,12.01,11.76,11.97,284300,11.835027
2017-01-20,12.00,12.02,11.65,12.00,281600,11.864689
2017-01-19,11.87,12.00,11.60,11.80,564000,11.666944
2017-01-18,12.34,12.36,11.80,11.87,1171700,11.736154
2017-01-17,12.32,12.48,12.29,12.37,246700,12.230516
2017-01-13,12.25,12.25,12.10,12.23,266900,12.092095
2017-01-12,12.31,12.33,12.06,12.15,236400,12.012997
2017-01-11,12.37,12.42,12.11,12.19,246300,12.052546
2017-01-10,12.78,12.87,12.31,12.33,446800,12.190967
2017-01-09,12.94,13.06,12.69,12.77,623200,12.626007
2017-01-06,13.06,13.06,12.71,13.01,486900,12.8633
2017-01-05,13.07,13.17,12.80,13.07,383400,12.922623
2017-01-04,12.89,13.24,12.85,13.17,672400,13.021496
2017-01-03,12.87,13.24,12.83,12.88,479100,12.734766
2016-12-30,12.84,12.93,12.49,12.77,528800,12.626007
2016-12-29,12.84,12.92,12.76,12.84,485600,12.695217
2016-12-28,12.76,12.94,12.68,12.83,386600,12.68533
2016-12-27,12.72,12.80,12.64,12.77,520500,12.626007
2016-12-23,12.71,12.77,12.67,12.74,292200,12.596344
2016-12-22,12.70,12.84,12.65,12.75,700100,12.606232
2016-12-21,12.75,12.76,12.63,12.70,166900,12.556795
2016-12-20,12.73,12.80,12.65,12.70,424400,12.556795
2016-12-19,12.54,12.82,12.50,12.74,592900,12.596344
2016-12-16,12.39,12.61,12.35,12.58,444700,12.438149
2016-12-15,12.75,12.81,12.30,12.36,576000,12.220629
2016-12-14,12.85,12.90,12.71,12.79,356800,12.645781
2016-12-13,12.86,13.04,12.79,12.95,744900,12.803976
2016-12-12,12.66,12.86,12.57,12.75,623400,12.606232
2016-12-09,12.63,12.65,12.40,12.61,530200,12.46781
2016-12-08,12.55,12.67,12.47,12.65,663800,12.507359
2016-12-07,12.40,12.52,12.38,12.49,695900,12.349163
2016-12-06,12.69,12.70,12.29,12.38,925800,12.240404
2016-12-05,12.86,12.92,12.57,12.58,567300,12.438149
2016-12-02,12.53,12.99,12.53,12.85,1189900,12.705104
2016-12-01,13.34,13.37,12.21,12.57,814200,12.428261
2016-11-30,13.77,13.82,13.19,13.30,718700,12.93251
2016-11-29,13.52,13.79,13.51,13.61,588600,13.233944
2016-11-28,13.47,13.78,13.40,13.55,1388100,13.175603
2016-11-25,13.67,13.78,13.44,13.52,326200,13.146432
2016-11-23,13.60,13.82,13.39,13.67,558200,13.292287
2016-11-22,13.45,14.06,13.33,13.60,1141600,13.224221
2016-11-21,13.01,13.55,12.96,13.27,1247400,12.90334
2016-11-18,13.23,13.24,12.82,12.83,334100,12.475497
2016-11-17,12.84,13.33,12.84,13.04,461000,12.679694
2016-11-16,12.78,12.93,12.65,12.89,382100,12.533839
2016-11-15,12.68,13.01,12.50,12.91,640900,12.553286
2016-11-14,12.63,12.90,12.05,12.47,487800,12.125444
2016-11-11,12.85,12.92,12.49,12.65,398400,12.30047
2016-11-10,13.08,13.10,12.85,12.88,524600,12.524115
2016-11-09,12.88,13.32,12.60,12.99,895100,12.631076
2016-11-08,12.84,12.86,12.48,12.77,428600,12.417155
2016-11-07,13.10,13.13,12.50,12.79,295500,12.436602
2016-11-04,12.52,12.99,12.41,12.84,351000,12.485221
2016-11-03,12.52,12.62,12.48,12.55,349300,12.203234
2016-11-02,12.89,12.89,12.39,12.49,195400,12.144891
2016-11-01,13.02,13.05,12.78,12.79,260600,12.436602
2016-10-31,13.01,13.06,12.82,12.87,193600,12.514391
2016-10-28,13.04,13.15,12.86,13.09,436800,12.728313
2016-10-27,13.49,13.51,12.96,13.02,186500,12.660247
2016-10-26,13.67,13.72,13.13,13.18,273300,12.815826
2016-10-25,13.80,13.96,13.67,13.67,537600,13.292287
2016-10-24,13.51,13.76,13.46,13.74,496900,13.360353
2016-10-21,13.66,13.66,13.23,13.45,447200,13.078365
2016-10-20,14.27,14.32,13.55,13.65,371300,13.272839
2016-10-19,14.70,14.81,14.18,14.31,1152400,13.914604
2016-10-18,14.69,14.90,14.44,14.77,282900,14.361893
2016-10-17,14.93,14.94,14.47,14.48,171600,14.079905
2016-10-14,14.80,15.02,14.80,14.96,330900,14.546643
2016-10-13,14.52,14.85,14.38,14.74,261800,14.332722
2016-10-12,14.19,14.61,14.11,14.56,298400,14.157696
2016-10-11,14.01,14.21,13.91,14.21,140700,13.817366
2016-10-10,14.04,14.15,13.81,14.09,298600,13.700682
2016-10-07,14.35,14.40,13.77,13.79,214500,13.408971
2016-10-06,14.91,14.99,14.23,14.35,263200,13.953498
2016-10-05,15.03,15.04,14.85,14.91,233100,14.498025
2016-10-04,14.81,15.03,14.80,15.00,393100,14.585538
2016-10-03,14.63,15.00,14.60,14.82,356700,14.410511
2016-09-30,14.85,14.98,14.58,14.64,386300,14.235485
2016-09-29,15.35,15.35,14.60,14.68,533300,14.27438
2016-09-28,15.45,15.51,15.25,15.30,362800,14.877249
2016-09-27,15.63,15.72,15.43,15.51,98600,15.081446
2016-09-26,15.86,15.93,15.65,15.67,686300,15.237025
2016-09-23,15.94,16.02,15.81,15.82,619700,15.38288
2016-09-22,15.88,16.17,15.81,15.91,564600,15.470394
2016-09-21,15.59,15.73,15.42,15.71,470700,15.27592
2016-09-20,15.54,15.60,15.06,15.41,424300,14.984209
2016-09-19,15.66,15.70,15.45,15.56,411600,15.130065
2016-09-16,15.57,15.68,15.36,15.47,585800,15.042552
2016-09-15,15.19,15.70,15.07,15.69,712200,15.256472
2016-09-14,15.03,15.23,14.80,15.15,366200,14.731393
2016-09-13,14.87,15.17,14.75,15.11,461100,14.692498
2016-09-12,14.81,15.07,14.50,14.97,475100,14.556367
2016-09-09,15.32,15.47,15.10,15.11,528900,14.692498
2016-09-08,15.45,15.53,15.27,15.51,227400,15.081446
2016-09-07,15.15,15.43,14.82,15.42,868800,14.993933
2016-09-06,15.14,15.31,14.92,15.18,570200,14.760565
2016-09-02,15.04,15.42,15.04,15.22,259900,14.799459
2016-09-01,14.59,14.99,14.49,14.94,418100,14.527195
2016-08-31,14.20,14.53,14.20,14.52,381400,14.118801
2016-08-30,14.52,14.63,14.20,14.29,208000,13.895156
2016-08-29,14.09,14.48,13.94,14.47,244000,14.070182
2016-08-26,14.05,14.18,13.91,14.09,335500,13.700682
2016-08-25,13.78,14.13,13.78,14.10,337500,13.710406
2016-08-24,14.04,14.13,13.84,14.05,440400,13.447866
2016-08-23,13.65,14.11,13.65,14.05,391700,13.447866
2016-08-22,13.37,13.63,13.34,13.60,239500,13.017152
2016-08-19,13.38,13.63,13.27,13.59,272000,13.00758
2016-08-18,13.60,13.65,13.34,13.52,408000,12.94058
2016-08-17,13.45,13.71,13.23,13.62,421600,13.036294
2016-08-16,12.83,13.52,12.75,13.49,629200,12.911865
2016-08-15,12.36,12.87,12.36,12.83,359800,12.280151
2016-08-12,11.83,12.40,11.83,12.35,306000,11.820722
2016-08-11,12.03,12.58,11.60,11.82,900800,11.313436
2016-08-10,12.49,12.59,11.77,11.95,304700,11.437864
2016-08-09,12.54,12.66,12.31,12.32,135800,11.792007
2016-08-08,12.40,12.57,12.25,12.54,388100,12.002579
2016-08-05,12.03,12.31,12.00,12.19,248400,11.667579
2016-08-04,11.63,12.01,11.26,11.94,295600,11.428293
2016-08-03,11.49,11.92,11.41,11.71,349300,11.20815
2016-08-02,11.85,12.07,11.44,11.47,239600,10.978436
2016-08-01,11.90,12.09,11.76,11.81,131800,11.303865
2016-07-29,11.71,11.96,11.70,11.89,171500,11.380436
2016-07-28,11.93,11.98,11.71,11.76,102700,11.256008
2016-07-27,11.79,12.12,11.79,12.00,184000,11.485722
2016-07-26,11.86,12.01,11.72,11.75,272500,11.246436
2016-07-25,11.95,12.14,11.70,11.91,292600,11.399579
2016-07-22,11.86,12.26,11.79,11.97,210100,11.457008
2016-07-21,12.09,12.18,11.81,11.85,171800,11.342151
2016-07-20,12.01,12.19,11.94,12.10,242600,11.581437
2016-07-19,12.12,12.28,11.91,12.04,433400,11.524008
2016-07-18,11.91,12.38,11.90,12.20,619300,11.67715
2016-07-15,12.25,12.47,12.16,12.18,513100,11.658008
2016-07-14,12.80,12.94,12.22,12.24,488900,11.715436
2016-07-13,12.96,12.99,12.45,12.59,269400,12.050437
2016-07-12,13.14,13.31,12.94,12.95,188400,12.395008
2016-07-11,12.93,13.13,12.87,13.00,164700,12.442865
2016-07-08,13.00,13.06,12.72,12.88,413100,12.328008
2016-07-07,12.80,12.85,12.42,12.66,272900,12.117436
2016-07-06,12.82,13.00,12.33,12.81,565700,12.261008
2016-07-05,12.98,12.98,12.25,12.38,428200,11.849436
2016-07-01,13.06,13.29,12.90,13.09,202500,12.529008
2016-06-30,13.57,13.60,12.93,13.10,334100,12.53858
2016-06-29,13.56,13.86,13.24,13.64,215500,13.055437
2016-06-28,12.60,13.43,12.59,13.34,304900,12.768294
2016-06-27,12.73,12.80,12.06,12.25,373100,11.725008
2016-06-24,12.80,13.40,12.71,12.92,635700,12.366294
2016-06-23,13.92,14.00,13.58,13.93,172500,13.333009
2016-06-22,13.61,13.83,13.56,13.70,190300,13.112866
2016-06-21,13.67,13.86,13.27,13.62,483600,13.036294
2016-06-20,13.50,13.92,13.48,13.71,281900,13.122437
2016-06-17,13.43,13.82,13.27,13.39,221700,12.816152
2016-06-16,13.43,13.43,12.92,13.30,359400,12.730009
2016-06-15,13.28,13.94,13.21,13.58,311500,12.998008
2016-06-14,13.71,13.99,12.83,13.12,481700,12.557722
2016-06-13,14.27,14.27,13.64,13.79,276900,13.199009
2016-06-10,14.00,14.55,13.89,14.28,479900,13.668009
2016-06-09,13.75,14.22,13.72,14.06,405900,13.457438
2016-06-08,13.99,14.27,13.79,13.89,357900,13.294723
2016-06-07,13.32,13.91,13.23,13.86,526600,13.266008
2016-06-06,12.61,13.29,12.61,13.22,415100,12.653437
2016-06-03,12.45,12.59,12.24,12.54,258300,12.002579
2016-06-02,12.28,12.60,12.03,12.40,499000,11.868579
2016-06-01,12.15,12.37,11.89,12.35,333100,11.820722
2016-05-31,12.54,12.71,12.32,12.33,152500,11.801579
2016-05-27,12.63,12.80,12.41,12.51,254200,11.973865
2016-05-26,12.62,12.78,12.38,12.78,289700,12.232293
2016-05-25,11.95,12.60,11.95,12.55,513600,12.012151
2016-05-24,11.87,11.93,11.60,11.85,398300,11.342151
2016-05-23,12.38,12.65,11.91,11.99,516000,11.265579
2016-05-20,11.66,12.45,11.66,12.35,737600,11.603828
2016-05-19,11.69,11.92,11.55,11.71,520200,11.002496
2016-05-18,11.33,12.14,11.13,11.57,741100,10.870954
2016-05-17,10.92,11.14,10.85,11.10,244200,10.429352
2016-05-16,11.23,11.29,10.85,10.91,262500,10.250831
2016-05-13,11.03,11.24,11.00,11.09,168800,10.419956
2016-05-12,11.06,11.26,10.99,11.06,308700,10.391769
2016-05-11,10.79,11.20,10.79,10.94,561800,10.279018
2016-05-10,10.80,10.88,10.42,10.73,644500,10.081706
2016-05-09,10.80,10.89,10.58,10.73,542800,10.081706
2016-05-06,10.80,11.05,10.75,10.80,475100,10.147477
2016-05-05,11.08,11.17,10.63,10.79,579400,10.138081
2016-05-04,11.22,11.35,10.80,10.85,761700,10.194457
2016-05-03,11.42,11.59,10.90,11.01,1119900,10.344789
2016-05-02,12.32,12.35,11.06,11.55,971100,10.852163
2016-04-29,12.13,12.55,12.08,12.23,649200,11.491078
2016-04-28,12.68,12.80,11.97,11.97,867200,11.246787
2016-04-27,14.30,14.35,12.06,12.47,2174600,11.716578
2016-04-26,15.40,15.40,14.35,14.54,493900,13.661511
2016-04-25,15.72,15.95,15.31,15.39,221500,14.460155
2016-04-22,15.48,16.01,15.47,15.82,193400,14.864175
2016-04-21,15.85,15.98,15.24,15.40,243000,14.46955
2016-04-20,15.52,16.00,15.42,15.86,182400,14.901758
2016-04-19,16.08,16.17,15.50,15.52,242900,14.582301
2016-04-18,15.74,16.09,15.45,15.81,165500,14.854779
2016-04-15,16.190001,16.280001,15.72,15.99,231900,15.023903
2016-04-14,16.24,16.65,15.94,16.40,420800,15.409132
2016-04-13,15.80,16.42,15.74,16.27,292300,15.286987
2016-04-12,14.66,15.90,14.61,15.74,478100,14.789008
2016-04-11,14.13,14.74,14.09,14.63,225900,13.746073
2016-04-08,14.00,14.00,13.74,13.97,198600,13.12595
2016-04-07,13.81,14.01,13.76,13.86,192900,13.022595
2016-04-06,13.66,14.01,13.66,13.96,179700,13.116554
2016-04-05,13.78,13.78,13.46,13.58,175000,12.759513
2016-04-04,13.94,14.05,13.74,13.82,122100,12.985012
2016-04-01,14.24,14.35,13.76,13.93,277500,13.088367
2016-03-31,14.13,14.49,14.09,14.49,255200,13.614532
2016-03-30,13.77,14.14,13.56,14.10,553800,13.248095
2016-03-29,13.83,14.01,13.60,13.76,334500,12.928638
2016-03-28,14.34,14.41,13.83,13.95,134800,13.107158
2016-03-24,13.69,14.26,13.35,14.20,301800,13.342053
2016-03-23,14.67,14.77,14.21,14.25,405100,12.919242
2016-03-22,14.29,14.95,14.21,14.77,442000,13.390681
2016-03-21,13.88,14.76,13.78,14.46,458100,13.109631
2016-03-18,13.70,14.08,13.55,14.02,424600,12.710721
2016-03-17,13.40,13.94,12.82,13.52,657700,12.257415
2016-03-16,11.63,13.80,11.61,13.57,1013800,12.302744
2016-03-15,13.13,13.19,11.32,11.51,554500,10.435121
2016-03-14,12.00,12.90,11.90,12.58,666600,11.405197
2016-03-11,11.74,12.20,11.67,11.98,528000,10.861229
2016-03-10,11.82,11.90,11.31,11.49,606000,10.416989
2016-03-09,11.37,11.87,11.37,11.77,645900,10.670841
2016-03-08,12.00,12.00,11.23,11.23,264000,10.181269
2016-03-07,11.84,12.11,11.79,12.02,351900,10.897494
2016-03-04,11.45,12.08,11.44,11.83,615000,10.725237
2016-03-03,11.11,11.49,11.10,11.34,435000,10.280997
2016-03-02,11.40,11.50,11.00,11.13,348100,10.090608
2016-03-01,11.36,11.78,11.26,11.47,407100,10.398857
2016-02-29,10.81,11.54,10.80,11.12,802100,10.081542
2016-02-26,11.19,11.28,10.50,10.65,524100,9.655433
2016-02-25,11.08,11.12,10.86,11.01,355400,9.981815
2016-02-24,11.29,11.29,11.03,11.06,440700,10.027145
2016-02-23,11.65,11.78,11.42,11.44,222100,10.371658
2016-02-22,11.70,12.03,11.61,11.66,452200,10.571113
2016-02-19,11.77,11.89,11.61,11.68,210000,10.589246
2016-02-18,12.51,12.58,11.71,11.76,342400,10.661775
2016-02-17,12.75,12.75,12.38,12.50,253100,11.332668
2016-02-16,12.60,12.60,12.01,12.37,353200,11.214809
2016-02-12,12.70,12.70,11.70,12.00,275200,10.879362
2016-02-11,12.07,12.56,12.01,12.30,70400,11.151346
2016-02-10,12.51,12.83,12.15,12.45,155000,11.287338
2016-02-09,12.90,12.95,12.19,12.43,117100,11.269206
2016-02-08,13.06,13.13,12.80,12.92,149200,11.713446
2016-02-05,13.59,13.75,12.94,13.32,186400,12.076091
2016-02-04,14.85,14.85,13.55,13.74,403800,12.456869
2016-02-03,12.33,13.99,12.21,13.98,486000,12.674456
2016-02-02,12.63,13.00,12.17,12.88,685400,11.677182
2016-02-01,12.93,12.98,12.54,12.90,253400,11.695313
2016-01-29,13.00,13.26,12.82,12.91,506400,11.70438
2016-01-28,12.92,13.19,12.80,12.91,225600,11.70438
2016-01-27,13.00,13.26,12.69,12.74,286500,11.550255
2016-01-26,13.43,13.43,12.69,13.11,676800,11.885702
2016-01-25,14.18,14.18,13.06,13.07,140900,11.849438
2016-01-22,14.23,14.42,13.85,14.05,448100,12.737919
2016-01-21,13.95,14.13,13.57,13.73,440500,12.447803
2016-01-20,14.40,14.80,13.33,13.97,303600,12.66539
2016-01-19,15.92,16.25,14.61,14.69,336200,13.318151
2016-01-15,16.549999,16.549999,14.80,15.48,492100,14.034376
2016-01-14,16.469999,17.16,16.15,17.120001,134200,15.521223
2016-01-13,16.299999,16.82,16.18,16.370001,235300,14.841263
2016-01-12,16.26,16.42,15.88,16.02,209100,14.523948
2016-01-11,16.41,16.639999,15.90,15.96,214900,14.469551
2016-01-08,17.139999,17.35,16.24,16.280001,119200,14.759668
2016-01-07,17.25,17.57,16.92,16.950001,162900,15.367099
2016-01-06,17.32,17.690001,17.32,17.549999,75900,15.911066
2016-01-05,17.57,17.85,17.459999,17.77,167700,16.110522
2016-01-04,17.559999,17.620001,17.15,17.57,278500,15.929198
2015-12-31,17.530001,18.190001,17.51,17.950001,112000,16.273712
2015-12-30,17.90,18.58,17.35,17.530001,243500,15.892935
2015-12-29,18.02,18.309999,17.74,18.08,166700,16.391571
2015-12-28,17.82,18.049999,17.40,17.92,146900,16.246513
2015-12-24,18.200001,18.49,18.129999,18.370001,61700,16.65449
2015-12-23,18.49,18.65,17.75,18.27,376300,16.563828
2015-12-22,17.790001,18.74,17.209999,18.299999,225600,16.591026
2015-12-21,17.40,17.959999,17.40,17.790001,150900,16.128654
2015-12-18,18.200001,18.27,17.10,17.280001,343300,15.666281
2015-12-17,18.26,19.32,18.190001,18.309999,359200,16.600092
2015-12-16,17.940001,18.360001,17.68,18.16,329900,16.4641
2015-12-15,17.59,18.209999,17.370001,17.99,303000,16.309976
2015-12-14,17.58,17.58,16.60,17.34,345500,15.720678
2015-12-11,18.09,18.139999,17.52,17.610001,197300,15.965464
2015-12-10,17.959999,18.950001,17.85,18.33,154700,16.618225
2015-12-09,17.940001,18.58,17.639999,17.93,330100,16.25558
2015-12-08,17.559999,18.620001,17.15,17.85,282800,16.183051
2015-12-07,18.58,18.790001,17.780001,17.92,438100,16.246513
2015-12-04,19.299999,19.40,18.389999,18.879999,225400,17.116862
2015-12-03,19.200001,19.66,18.67,19.440001,273100,17.624566
2015-12-02,18.879999,20.15,18.879999,19.389999,276400,17.579235
2015-12-01,19.08,19.15,18.889999,18.92,230200,17.153127
2015-11-30,18.84,19.540001,18.75,19.09,234500,17.307251
2015-11-27,19.040001,19.15,18.459999,18.709999,94400,16.962737
2015-11-25,19.51,19.83,19.16,19.24,177500,17.443243
2015-11-24,19.34,19.629999,18.700001,19.610001,383100,17.778691
2015-11-23,19.780001,20.389999,19.379999,20.030001,324800,18.159468
2015-11-20,19.51,20.049999,19.200001,19.98,284000,18.114137
2015-11-19,19.32,19.68,19.09,19.58,220900,17.751492
2015-11-18,19.59,20.00,18.870001,19.25,296700,17.452309
2015-11-17,18.379999,19.82,18.200001,19.43,384800,17.6155
2015-11-16,17.32,18.41,17.32,18.41,223900,16.690754
2015-11-13,17.50,17.65,16.950001,17.18,263700,15.57562
2015-11-12,18.43,18.530001,17.40,17.41,365100,15.78414
2015-11-11,18.450001,18.84,17.40,18.66,888300,16.917407
2015-11-10,16.57,18.10,16.459999,18.00,673600,16.319042
2015-11-09,16.48,16.65,15.82,15.99,519300,14.496749
2015-11-06,16.48,16.940001,16.200001,16.48,371000,14.94099
2015-11-05,16.83,17.18,16.43,16.75,460300,15.185776
2015-11-04,17.51,17.639999,16.75,16.85,452400,15.276437
2015-11-03,17.60,17.709999,17.370001,17.540001,241000,15.902001
2015-11-02,17.299999,17.98,17.209999,17.48,457700,15.847603
2015-10-30,17.360001,17.719999,16.75,17.209999,574900,15.602817
2015-10-29,17.77,17.969999,16.26,17.110001,572300,15.512157
2015-10-28,18.129999,19.219999,18.10,19.09,410900,17.307251
2015-10-27,18.620001,18.709999,17.889999,18.120001,246800,16.427837
2015-10-26,19.35,19.65,18.34,18.67,621100,16.926474
2015-10-23,19.09,19.41,18.67,19.309999,137300,17.506706
2015-10-22,18.73,19.09,18.309999,18.690001,68400,16.944606
2015-10-21,19.870001,20.360001,18.40,18.450001,345800,16.727019
2015-10-20,19.84,20.50,19.559999,19.940001,214900,18.077873
2015-10-19,19.629999,20.290001,19.48,19.809999,196100,17.960012
2015-10-16,19.98,20.08,19.540001,19.84,147100,17.987211
2015-10-15,19.65,20.200001,19.40,19.950001,293100,18.086939
2015-10-14,18.76,19.559999,18.52,19.52,363200,17.697095
2015-10-13,18.48,18.940001,18.23,18.709999,239000,16.962737
2015-10-12,18.629999,18.799999,18.16,18.66,199800,16.917407
2015-10-09,19.290001,19.65,18.309999,18.530001,252800,16.799548
2015-10-08,18.66,19.639999,18.51,19.35,237600,17.542971
2015-10-07,18.719999,19.799999,18.299999,18.73,471900,16.98087
2015-10-06,17.860001,18.73,17.690001,18.459999,435200,16.736084
2015-10-05,16.74,17.959999,16.610001,17.860001,530800,16.192117
2015-10-02,15.73,16.469999,15.21,16.459999,457700,14.922857
2015-10-01,16.110001,16.27,15.05,15.51,566600,14.061575
2015-09-30,15.86,16.309999,15.69,16.120001,507000,14.61461
2015-09-29,15.24,15.88,15.11,15.57,371800,14.115971
2015-09-28,15.05,15.58,14.85,15.07,329900,13.662665
2015-09-25,15.51,16.280001,15.14,15.22,522100,13.798657
2015-09-24,15.24,15.56,15.14,15.22,331600,13.798657
2015-09-23,16.40,16.40,15.30,15.34,707900,13.907451
2015-09-22,17.290001,17.33,16.129999,16.15,677600,14.641807
2015-09-21,19.030001,19.219999,17.469999,17.469999,884100,15.838537
2015-09-18,20.01,20.530001,18.780001,18.790001,430900,17.035268
2015-09-17,20.49,20.719999,19.969999,20.190001,303300,18.304526
2015-09-16,20.129999,20.76,20.129999,20.690001,315100,18.757833
2015-09-15,19.15,19.77,18.959999,19.690001,285400,17.85122
2015-09-14,18.60,19.299999,18.60,18.940001,197700,17.17126
2015-09-11,19.09,19.530001,18.540001,18.799999,352200,17.044333
2015-09-10,19.75,19.959999,19.040001,19.10,352900,17.316318
2015-09-09,21.09,21.68,19.27,19.870001,965600,18.01441
2015-09-08,21.629999,22.10,20.700001,21.09,342600,19.120478
2015-09-04,20.57,22.120001,20.57,21.440001,868600,19.437793
2015-09-03,20.40,21.690001,20.40,20.889999,337400,18.939155
2015-09-02,22.51,23.77,19.32,21.18,1392600,19.202074
2015-09-01,23.83,25.82,22.280001,22.290001,1026600,20.208415
2015-08-31,26.10,26.60,24.969999,26.15,442300,23.707942
2015-08-28,25.35,26.60,25.02,26.200001,457100,23.753274
2015-08-27,24.209999,25.690001,24.209999,25.690001,301100,23.290901
2015-08-26,24.110001,24.290001,22.91,23.91,256400,21.677128
2015-08-25,23.549999,24.870001,23.049999,23.860001,394500,21.631798
2015-08-24,21.33,23.58,21.00,22.67,377800,20.552927
2015-08-21,24.51,24.700001,23.57,23.65,448900,21.441408
2015-08-20,25.809999,25.92,24.540001,24.860001,417100,22.538411
2015-08-19,27.60,27.90,25.870001,26.049999,355200,23.61728
2015-08-18,28.85,28.90,27.24,27.639999,252200,25.058796
2015-08-17,28.049999,28.639999,27.65,28.57,236600,25.901947
2015-08-14,27.23,29.34,26.719999,28.34,516100,25.693426
2015-08-13,27.00,27.959999,26.50,27.219999,437400,24.678018
2015-08-12,28.040001,28.559999,26.75,27.530001,334200,24.959069
2015-08-11,28.42,29.690001,27.57,27.799999,450700,25.203854
2015-08-10,28.51,29.68,28.42,29.09,354400,26.373386
2015-08-07,29.35,29.35,28.040001,28.77,259300,26.08327
2015-08-06,28.870001,29.48,26.950001,28.82,642900,26.1286
2015-08-05,29.00,29.40,28.370001,28.969999,429500,26.264592
2015-08-04,29.25,29.25,28.00,29.00,420800,26.291791
2015-08-03,30.58,30.58,28.76,29.370001,720100,26.627238
2015-07-31,30.40,30.92,29.82,30.620001,183700,27.760505
2015-07-30,30.00,30.700001,29.09,30.48,502000,27.633578
2015-07-29,28.219999,30.27,27.700001,30.25,880800,27.425057
2015-07-28,29.25,29.49,27.66,28.10,263800,25.475839
2015-07-27,27.549999,29.15,26.809999,29.049999,543700,26.337121
2015-07-24,28.030001,28.48,27.530001,27.889999,405400,25.285449
2015-07-23,28.50,28.92,27.440001,27.940001,242400,25.330781
2015-07-22,29.41,29.66,28.389999,28.540001,336900,25.874749
2015-07-21,28.84,29.74,28.75,29.639999,256800,26.872023
2015-07-20,28.280001,28.90,27.59,28.809999,304900,26.119534
2015-07-17,27.93,28.75,27.93,28.370001,294700,25.720625
2015-07-16,27.290001,28.059999,27.00,27.84,226800,25.240119
2015-07-15,27.15,27.459999,26.950001,26.99,126500,24.469497
2015-07-14,26.690001,27.33,26.41,27.190001,519800,24.650821
2015-07-13,26.66,27.15,26.18,26.68,457900,24.188448
2015-07-10,26.00,27.35,25.74,26.59,215800,24.106852
2015-07-09,25.290001,26.709999,25.17,25.76,383300,23.354363
2015-07-08,24.959999,25.27,24.50,24.59,309400,22.293625
2015-07-07,27.10,27.10,24.25,25.389999,1093400,23.018915
2015-07-06,27.309999,27.73,26.48,27.58,406700,25.004399
2015-07-02,27.73,28.60,27.610001,27.700001,296900,25.113194
2015-07-01,28.50,29.049999,27.540001,27.620001,233600,25.040665
2015-06-30,27.799999,28.57,27.60,28.049999,336000,25.430507
2015-06-29,29.50,29.540001,27.43,27.51,461600,24.940937
2015-06-26,29.58,29.940001,29.43,29.709999,306000,26.935485
2015-06-25,29.530001,29.959999,29.120001,29.58,323200,26.817626
2015-06-24,29.639999,30.65,29.450001,29.530001,454100,26.772296
2015-06-23,29.059999,30.00,28.99,29.639999,254100,26.872023
2015-06-22,29.209999,30.049999,28.90,29.16,321200,26.436849
2015-06-19,29.280001,29.629999,28.73,29.00,376000,26.291791
2015-06-18,28.110001,29.620001,27.90,29.16,603500,26.436849
2015-06-17,27.58,28.049999,26.75,27.950001,1104100,25.339847
2015-06-16,27.26,27.93,27.059999,27.41,497900,24.850275
2015-06-15,27.16,27.940001,26.610001,27.440001,440600,24.877474
2015-06-12,27.68,28.00,27.18,27.24,193900,24.696151
2015-06-11,27.950001,28.299999,26.40,27.51,729600,24.940937
2015-06-10,28.50,29.66,27.83,27.969999,488500,25.357978
2015-06-09,29.42,29.84,28.60,28.799999,157600,26.110467
2015-06-08,28.559999,30.73,28.549999,29.200001,506300,26.473114
2015-06-05,28.07,28.85,27.50,28.40,264000,25.747822
2015-06-04,29.780001,29.959999,28.00,28.27,784500,25.629963
2015-06-03,31.450001,31.450001,29.610001,30.10,386100,27.289066
2015-06-02,30.15,31.08,30.08,31.00,202200,28.105018
2015-06-01,30.35,30.59,29.549999,30.07,288100,27.261867
2015-05-29,29.32,30.90,29.18,30.219999,406900,27.397858
2015-05-28,30.42,30.60,29.00,29.450001,570700,26.699767
2015-05-27,30.290001,30.809999,29.959999,30.540001,427700,27.687976
2015-05-26,31.74,31.799999,29.77,30.26,543600,27.434124
2015-05-22,32.299999,32.43,31.809999,31.959999,254800,28.975366
2015-05-21,31.969999,32.50,31.719999,32.290001,341700,29.27455
2015-05-20,33.68,33.84,31.780001,32.220001,729000,28.984434
2015-05-19,34.869999,35.060001,32.189999,33.48,836700,30.117902
2015-05-18,34.68,35.150002,34.07,34.889999,951400,31.386308
2015-05-15,34.27,35.450001,33.98,34.66,1011800,31.179406
2015-05-14,31.950001,34.830002,31.17,34.639999,1932800,31.161414
2015-05-13,28.440001,30.389999,28.18,29.879999,727200,26.879418
2015-05-12,28.41,28.51,27.690001,28.18,332700,25.350134
2015-05-11,28.799999,29.719999,28.26,28.49,350000,25.629003
2015-05-08,28.00,28.799999,27.700001,28.59,276400,25.718962
2015-05-07,27.50,28.76,27.15,27.889999,429300,25.089256
2015-05-06,28.00,28.34,27.00,27.469999,347100,24.711433
2015-05-05,26.84,27.549999,26.77,27.16,165700,24.432564
2015-05-04,27.370001,28.00,26.52,26.809999,348700,24.117711
2015-05-01,27.379999,27.459999,26.52,27.209999,141800,24.477542
2015-04-30,26.00,27.290001,25.92,27.139999,323700,24.414572
2015-04-29,26.66,27.190001,26.15,26.209999,229800,23.577963
2015-04-28,26.24,26.969999,25.540001,26.68,290900,24.000766
2015-04-27,26.66,27.040001,26.110001,26.379999,296200,23.730891
2015-04-24,26.83,27.530001,26.41,26.459999,323200,23.802858
2015-04-23,25.860001,27.17,25.860001,26.66,327700,23.982774
2015-04-22,25.219999,26.18,25.129999,25.82,226600,23.227128
2015-04-21,25.77,26.07,25.049999,25.139999,203300,22.615414
2015-04-20,25.879999,26.50,25.139999,25.49,459800,22.930267
2015-04-17,27.50,27.67,26.01,26.10,520500,23.47901
2015-04-16,27.200001,28.68,26.10,28.27,667600,25.431097
2015-04-15,26.67,28.110001,26.34,27.450001,510000,24.693442
2015-04-14,26.90,27.00,25.799999,26.700001,516000,24.018758
2015-04-13,26.49,27.08,26.40,26.790001,254500,24.09972
2015-04-10,26.43,27.00,26.07,26.41,213300,23.757879
2015-04-09,27.01,27.24,26.059999,26.34,354900,23.694909
2015-04-08,25.92,27.290001,25.92,26.99,568700,24.279635
2015-04-07,25.24,26.129999,25.030001,25.889999,350300,23.290098
2015-04-06,24.99,25.99,24.90,25.219999,283700,22.68738
2015-04-02,24.77,25.15,24.559999,24.879999,235000,22.381523
2015-04-01,24.09,25.00,23.799999,24.639999,353500,22.165624
2015-03-31,23.790001,24.25,23.65,24.02,229400,21.607886
2015-03-30,23.67,24.40,23.540001,24.07,260000,21.652865
2015-03-27,23.49,23.49,22.85,23.40,321000,21.050147
2015-03-26,23.51,23.969999,23.16,23.620001,629200,21.248055
2015-03-25,22.610001,24.00,22.610001,23.51,609700,21.149101
2015-03-24,21.719999,23.16,21.58,22.450001,754000,20.195548
2015-03-23,21.26,21.85,21.190001,21.639999,677200,19.466887
2015-03-20,20.870001,21.379999,20.639999,21.34,661300,19.197014
2015-03-19,20.77,21.040001,20.60,20.639999,289700,18.567309
2015-03-18,20.82,20.99,20.65,20.870001,284600,18.774213
2015-03-17,21.139999,21.25,20.559999,20.93,479800,18.828187
2015-03-16,21.030001,21.74,20.709999,21.26,530500,19.125048
2015-03-13,21.77,21.790001,20.360001,20.98,645700,18.873166
2015-03-12,20.469999,22.43,20.18,22.209999,880200,19.979647
2015-03-11,22.51,22.940001,21.530001,22.32,440500,20.078601
2015-03-10,22.98,23.139999,21.629999,22.40,361600,20.150568
2015-03-09,23.59,23.59,22.790001,23.139999,415300,20.816256
2015-03-06,22.65,23.75,22.549999,23.52,591900,21.158097
2015-03-05,22.389999,22.629999,22.01,22.540001,314400,20.27651
2015-03-04,22.33,22.790001,21.82,22.33,248500,20.087597
2015-03-03,23.040001,23.68,22.219999,22.40,290600,20.150568
2015-03-02,23.620001,23.68,22.23,22.940001,384500,20.636341
2015-02-27,23.559999,23.799999,23.299999,23.559999,171900,21.194079
2015-02-26,22.860001,23.77,22.58,23.52,324200,21.158097
2015-02-25,22.49,23.360001,21.959999,22.85,279100,20.555379
2015-02-24,22.389999,23.24,22.309999,22.610001,285900,20.33948
2015-02-23,23.35,23.35,21.549999,22.209999,476200,19.979647
2015-02-20,23.780001,23.959999,23.18,23.49,252200,21.131109
2015-02-19,24.629999,24.780001,23.42,23.92,235600,21.517928
2015-02-18,26.00,26.209999,24.120001,24.700001,1138100,22.2196
2015-02-17,25.190001,25.91,24.790001,25.799999,481200,23.209136
2015-02-13,24.00,26.10,23.98,25.16,764700,22.633406
2015-02-12,23.52,24.02,23.18,23.709999,690100,21.329016
2015-02-11,22.360001,23.360001,22.360001,22.68,576300,20.40245
2015-02-10,22.530001,22.799999,21.65,22.700001,331100,20.420442
2015-02-09,21.700001,22.83,21.51,22.309999,660000,20.069605
2015-02-06,21.73,22.07,21.360001,21.65,322300,19.475883
2015-02-05,20.15,21.360001,20.120001,21.25,341600,19.116052
2015-02-04,19.379999,20.34,19.219999,19.82,386700,17.829654
2015-02-03,19.200001,19.74,19.00,19.52,451600,17.559781
2015-02-02,19.59,19.59,18.700001,19.030001,427600,17.118988
2015-01-30,19.66,20.18,19.41,19.59,339700,17.622751
2015-01-29,19.889999,20.26,19.51,20.00,258000,17.991579
2015-01-28,20.860001,20.879999,19.76,19.889999,313000,17.892624
2015-01-27,21.26,21.379999,20.24,20.60,490300,18.531326
2015-01-26,21.60,21.85,21.01,21.42,368300,19.268981
2015-01-23,22.040001,22.370001,21.65,21.879999,283500,19.682786
2015-01-22,21.889999,22.24,21.65,22.17,156100,19.943665
2015-01-21,21.620001,21.99,21.43,21.67,213300,19.493875
2015-01-20,22.65,22.690001,21.27,21.59,322300,19.421909
2015-01-16,21.75,22.549999,21.75,22.50,405600,20.240526
2015-01-15,21.93,22.440001,20.91,21.66,367400,19.484879
2015-01-14,21.200001,21.790001,21.049999,21.74,165600,19.556846
2015-01-13,20.950001,21.639999,20.75,21.57,353200,19.403917
2015-01-12,22.01,22.07,20.299999,21.059999,741000,18.945132
2015-01-09,22.48,22.68,21.530001,22.15,530900,19.925673
2015-01-08,21.16,23.610001,21.16,22.780001,942100,20.492409
2015-01-07,19.98,20.76,19.90,20.700001,351800,18.621285
2015-01-06,20.00,20.00,19.42,19.780001,161200,17.793672
2015-01-05,20.360001,20.99,19.549999,19.809999,320700,17.820658
2015-01-02,20.49,20.870001,20.030001,20.51,254600,18.450364
2014-12-31,20.870001,20.940001,20.01,20.190001,220400,18.162499
2014-12-30,20.129999,20.99,20.01,20.870001,259600,18.774213
2014-12-29,21.799999,22.309999,19.92,20.02,730300,18.009571
2014-12-26,21.129999,22.23,21.129999,21.92,396600,19.71877
2014-12-24,20.530001,20.879999,20.50,20.879999,149700,18.783207
2014-12-23,20.33,20.66,20.129999,20.52,486700,18.45936
2014-12-22,20.299999,21.110001,20.00,20.49,731600,18.432372
2014-12-19,19.83,20.219999,19.459999,20.059999,395700,18.045553
2014-12-18,20.10,21.23,19.42,19.809999,702800,17.820658
2014-12-17,20.059999,20.49,18.860001,19.00,742700,17.092
2014-12-16,20.41,20.41,18.52,18.700001,1442800,16.822127
2014-12-15,23.690001,24.00,21.00,21.51,571000,19.349943
2014-12-12,24.35,24.60,23.90,23.959999,145200,21.55391
2014-12-11,25.51,25.51,24.459999,24.77,251400,22.28257
2014-12-10,25.809999,26.23,24.85,25.190001,334700,22.660394
2014-12-09,23.360001,26.219999,22.91,26.040001,540200,23.425036
2014-12-08,24.52,25.23,23.040001,23.75,792300,21.365
2014-12-05,26.129999,26.540001,24.799999,25.379999,512300,22.831312
2014-12-04,25.59,26.02,25.50,26.00,436300,23.389052
2014-12-03,25.860001,26.50,25.60,25.83,412400,23.236124
2014-12-02,26.440001,26.780001,25.889999,25.91,1022600,23.30809
2014-12-01,27.200001,27.33,26.290001,26.40,664500,23.748883
2014-11-28,28.639999,28.65,27.40,27.84,320900,25.044278
2014-11-26,28.24,28.719999,27.77,28.59,238300,25.718962
2014-11-25,29.35,29.700001,28.120001,28.15,254500,25.323147
2014-11-24,29.57,29.85,29.309999,29.50,249900,26.537578
2014-11-21,29.02,29.639999,28.99,29.360001,177600,26.411638
2014-11-20,28.209999,29.219999,28.209999,28.65,162300,25.772936
2014-11-19,28.790001,29.10,28.540001,28.690001,208700,25.467079
2014-11-18,29.299999,29.50,28.50,28.870001,263100,25.626859
2014-11-17,29.92,30.42,28.809999,29.23,364700,25.946417
2014-11-14,29.60,30.129999,29.469999,30.040001,354700,26.665426
2014-11-13,30.23,30.450001,29.33,29.49,228600,26.17721
2014-11-12,29.889999,30.75,28.709999,30.26,532000,26.860712
2014-11-11,33.00,33.169998,30.049999,30.23,1116500,26.834081
2014-11-10,29.00,30.00,28.700001,29.49,632600,26.17721
2014-11-07,29.870001,30.049999,29.07,29.43,400600,26.123951
2014-11-06,31.450001,31.59,29.639999,29.950001,433300,26.585536
2014-11-05,31.35,31.709999,30.780001,31.299999,516500,27.783881
2014-11-04,31.860001,32.349998,30.57,31.139999,417900,27.641855
2014-11-03,31.889999,32.689999,31.48,31.860001,523100,28.280974
2014-10-31,31.10,32.299999,30.90,31.67,464000,28.112318
2014-10-30,29.50,31.57,29.23,30.90,878000,27.428816
2014-10-29,29.209999,29.440001,28.68,29.030001,364000,25.768885
2014-10-28,27.90,29.540001,27.90,29.27,515900,25.981925
2014-10-27,27.02,28.889999,27.01,27.83,648500,24.703688
2014-10-24,28.690001,29.309999,26.309999,27.08,2018200,24.03794
2014-10-23,30.450001,31.00,29.969999,30.290001,515400,26.887342
2014-10-22,30.120001,30.950001,29.90,30.059999,503600,26.683178
2014-10-21,29.440001,30.459999,29.440001,30.110001,386500,26.727562
2014-10-20,29.59,29.639999,28.780001,29.280001,297100,25.990801
2014-10-17,29.950001,30.43,29.23,29.60,448000,26.274854
2014-10-16,27.65,29.719999,27.65,29.09,378700,25.822145
2014-10-15,28.01,28.65,27.50,28.32,280400,25.138643
2014-10-14,27.00,28.76,26.799999,28.24,733000,25.06763
2014-10-13,27.129999,28.18,26.75,26.780001,532300,23.771641
2014-10-10,28.51,28.98,26.68,26.74,786500,23.736134
2014-10-09,29.700001,29.82,28.290001,28.49,872200,25.289546
2014-10-08,29.51,30.190001,29.129999,29.82,342000,26.470139
2014-10-07,30.200001,30.60,29.48,29.59,339200,26.265977
2014-10-06,30.99,30.99,30.02,30.40,452100,26.984984
2014-10-03,30.49,31.540001,30.299999,30.719999,284400,27.269036
2014-10-02,30.629999,30.93,28.799999,30.280001,957100,26.878465
2014-10-01,31.700001,31.950001,30.73,30.82,557000,27.357803
2014-09-30,32.889999,32.950001,31.559999,31.59,497200,28.041305
2014-09-29,32.380001,33.310001,31.67,32.93,510000,29.230774
2014-09-26,31.92,33.16,31.92,32.799999,504900,29.115377
2014-09-25,32.02,32.389999,31.700001,31.93,476500,28.343111
2014-09-24,32.400002,32.599998,32.169998,32.279999,452900,28.653792
2014-09-23,32.50,32.93,31.860001,32.169998,500000,28.556148
2014-09-22,33.490002,33.93,32.209999,32.560001,642600,28.90234
2014-09-19,34.490002,34.50,33.540001,33.599998,502000,29.825508
2014-09-18,35.00,35.91,34.029999,34.150002,716200,30.313726
2014-09-17,35.419998,35.93,34.259998,34.810001,362600,30.899584
2014-09-16,34.099998,35.580002,33.689999,35.02,985400,31.085992
2014-09-15,35.950001,36.099998,34.060001,34.43,588800,30.56227
2014-09-12,36.34,36.34,35.639999,35.91,656700,31.876013
2014-09-11,36.099998,36.799999,36.099998,36.189999,446200,32.124558
2014-09-10,36.240002,37.369999,36.07,36.450001,636500,32.355352
2014-09-09,37.75,38.130001,35.610001,35.799999,2158900,31.778369
2014-09-08,39.080002,39.189999,37.799999,38.599998,227900,34.263828
2014-09-05,37.810001,39.52,37.650002,39.34,646400,34.9207
2014-09-04,37.25,38.099998,37.02,37.09,339100,32.923456
2014-09-03,38.869999,38.950001,36.790001,37.00,1336700,32.843567
2014-09-02,37.490002,37.75,36.360001,36.970001,506600,32.816938
2014-08-29,37.900002,38.18,37.16,37.290001,395200,33.10099
2014-08-28,40.00,40.00,37.669998,38.18,548300,33.89101
2014-08-27,39.290001,41.220001,39.25,40.630001,522300,36.065788
2014-08-26,38.779999,39.50,38.630001,39.18,311800,34.778674
2014-08-25,38.400002,39.040001,38.360001,38.82,256600,34.459115
2014-08-22,38.209999,38.709999,38.049999,38.380001,178700,34.068544
2014-08-21,39.00,39.290001,38.27,38.400002,311000,34.086297
2014-08-20,38.599998,39.450001,38.150002,38.950001,325200,34.574512
2014-08-19,38.82,39.490002,38.669998,38.779999,331400,34.423607
2014-08-18,37.68,39.150002,37.290001,38.650002,456000,34.308213
2014-08-15,36.709999,37.619999,35.709999,37.049999,568700,32.887949
2014-08-14,36.279999,36.650002,35.990002,36.560001,368400,32.452996
2014-08-13,36.650002,36.700001,35.889999,36.400002,700700,31.902645
2014-08-12,36.549999,37.57,35.700001,36.23,217900,31.753647
2014-08-11,37.00,37.57,36.439999,36.66,345400,32.130519
2014-08-08,35.18,36.880001,35.18,36.419998,628200,31.920171
2014-08-07,38.790001,39.299999,34.119999,34.91,1442600,30.596738
2014-08-06,38.580002,38.580002,36.669998,37.450001,750500,32.822913
2014-08-05,36.889999,39.369999,36.849998,39.139999,820600,34.304106
2014-08-04,36.419998,37.599998,36.009998,37.18,530700,32.586272
2014-08-01,35.849998,36.43,35.009998,35.93,330800,31.490714
2014-07-31,37.25,37.32,35.900002,36.049999,441400,31.595887
2014-07-30,37.759998,38.389999,37.630001,37.709999,224800,33.050787
2014-07-29,37.580002,38.490002,36.700001,37.200001,294000,32.603801
2014-07-28,37.240002,37.810001,36.360001,37.310001,337900,32.700211
2014-07-25,37.529999,37.990002,37.139999,37.939999,448500,33.252369
2014-07-24,37.310001,38.50,36.990002,37.689999,436100,33.033258
2014-07-23,38.27,38.509998,36.900002,37.279999,513600,32.673915
2014-07-22,38.630001,39.470001,38.130001,38.240002,402200,33.515306
2014-07-21,39.849998,40.16,37.130001,37.580002,991500,32.936852
2014-07-18,39.299999,41.060001,39.009998,40.220001,577500,35.250669
2014-07-17,43.32,43.450001,38.73,39.009998,2149700,34.190167
2014-07-16,44.639999,44.900002,44.119999,44.490002,591400,38.993095
2014-07-15,43.00,44.68,42.48,43.669998,819400,38.274406
2014-07-14,41.799999,43.970001,41.799999,43.900002,838900,38.475992
2014-07-11,40.27,42.150002,39.799999,42.060001,317900,36.86333
2014-07-10,39.25,40.290001,39.25,40.00,249100,35.05785
2014-07-09,39.700001,41.049999,39.48,40.32,261900,35.338312
2014-07-08,40.27,40.700001,39.049999,39.529999,365400,34.645919
2014-07-07,41.23,41.549999,39.950001,40.27,375400,35.294491
2014-07-03,40.110001,41.52,40.07,41.509998,291800,36.381282
2014-07-02,39.779999,40.389999,39.490002,40.029999,310400,35.084142
2014-07-01,40.099998,40.720001,39.470001,39.889999,426200,34.96144
2014-06-30,39.66,41.32,39.389999,40.330002,587300,35.347079
2014-06-27,39.82,40.25,39.50,39.889999,326100,34.96144
2014-06-26,40.169998,40.73,39.599998,40.07,383600,35.119201
2014-06-25,39.779999,40.419998,39.00,40.34,518200,35.355842
2014-06-24,38.810001,40.68,38.810001,39.50,2106400,34.619627
2014-06-23,39.759998,40.00,38.27,38.540001,1071100,33.778239
2014-06-20,40.00,40.419998,39.75,39.959999,775300,35.022791
2014-06-19,40.34,40.439999,39.709999,39.959999,714500,35.022791
2014-06-18,40.25,40.439999,39.700001,40.209999,1197400,35.241903
2014-06-17,40.25,40.779999,39.919998,39.919998,4859300,34.987733
2014-06-16,43.169998,43.900002,41.400002,41.619999,1046900,36.477692
2014-06-13,44.599998,44.599998,43.880001,44.299999,318500,38.826568
2014-06-12,44.349998,45.330002,44.200001,44.57,202500,39.063209
2014-06-11,43.889999,45.099998,43.599998,44.290001,566100,38.817805
2014-06-10,46.00,46.00,43.169998,43.970001,1148700,38.256879
2014-06-09,43.919998,47.84,43.599998,47.580002,865700,41.397824
2014-06-06,43.939999,44.48,42.639999,43.990002,277500,38.27428
2014-06-05,44.290001,44.950001,43.439999,43.900002,286100,38.195974
2014-06-04,41.619999,44.189999,41.549999,44.009998,364200,38.291679
2014-06-03,41.50,43.34,41.330002,42.369999,288200,36.864768
2014-06-02,42.27,42.75,41.130001,41.990002,472500,36.534145
2014-05-30,44.68,45.00,42.07,42.25,409300,36.760361
2014-05-29,43.150002,45.200001,43.080002,44.57,665600,38.778918
2014-05-28,44.849998,45.490002,43.34,43.639999,420400,37.717436
2014-05-27,44.099998,46.369999,43.259998,44.610001,656800,38.555794
2014-05-23,44.75,45.560001,42.759998,43.849998,690900,37.898935
2014-05-22,41.25,44.959999,40.200001,44.889999,1364900,38.797793
2014-05-21,36.880001,42.580002,36.07,42.119999,2216000,36.403721
2014-05-20,34.50,35.049999,33.799999,34.91,508000,30.17222
2014-05-19,34.110001,34.470001,33.57,34.360001,405800,29.696864
2014-05-16,33.299999,34.470001,33.110001,34.389999,256000,29.722791
2014-05-15,33.150002,33.459999,32.150002,33.400002,188800,28.86715
2014-05-14,33.060001,33.48,32.540001,33.209999,249000,28.702933
2014-05-13,33.310001,34.130001,32.700001,33.200001,517600,28.694292
2014-05-12,31.60,33.060001,31.49,32.740002,253600,28.296721
2014-05-09,30.389999,31.51,30.25,31.40,130500,27.138576
2014-05-08,30.90,32.50,30.18,31.17,414100,26.939791
2014-05-07,30.26,31.49,29.18,31.379999,525200,27.12129
2014-05-06,29.200001,30.25,28.83,29.940001,437900,25.87672
2014-05-05,28.389999,29.48,27.84,29.309999,170200,25.332219
2014-05-02,29.559999,29.799999,28.040001,28.82,263300,24.908719
2014-05-01,28.719999,30.540001,28.50,29.690001,398100,25.660648
2014-04-30,28.24,29.379999,27.629999,28.93,518400,25.003791
2014-04-29,27.00,28.73,27.00,28.48,578600,24.614862
2014-04-28,27.370001,28.00,26.139999,26.889999,464200,23.240647
2014-04-25,28.00,28.84,27.00,27.549999,719600,23.811076
2014-04-24,31.50,32.00,26.27,29.34,2240200,25.358148
2014-04-23,32.509998,32.91,31.370001,31.65,292100,27.354648
2014-04-22,32.630001,33.259998,32.040001,32.470001,299500,28.063364
2014-04-21,33.48,33.98,32.389999,32.669998,501500,28.236218
2014-04-17,31.889999,34.060001,31.049999,34.009998,878500,29.394362
2014-04-16,31.200001,32.220001,31.040001,31.77,390900,27.458363
2014-04-15,30.08,31.469999,28.74,31.00,804700,26.792862
2014-04-14,31.18,31.48,28.059999,29.790001,1087200,25.747077
2014-04-11,31.24,32.52,30.540001,30.959999,492800,26.75829
2014-04-10,32.50,32.990002,31.23,31.40,608600,27.138576
2014-04-09,32.66,32.84,31.09,32.200001,411600,27.830006
2014-04-08,31.700001,32.939999,31.50,32.540001,633700,28.123864
2014-04-07,34.50,34.50,30.870001,31.00,894500,26.792862
2014-04-04,36.779999,36.779999,34.52,35.099998,268500,30.336433
2014-04-03,36.220001,37.099998,35.509998,35.900002,296100,31.027865
2014-04-02,37.259998,38.18,36.09,36.32,595400,31.390863
2014-04-01,35.34,38.18,35.189999,37.84,1005700,32.704578
2014-03-31,33.09,35.380001,33.09,34.650002,303900,29.947507
2014-03-28,32.099998,32.669998,31.26,32.610001,476400,28.184363
2014-03-27,34.380001,34.610001,30.60,30.780001,768000,26.60272
2014-03-26,34.740002,35.939999,34.32,34.599998,283800,29.90429
2014-03-25,32.299999,34.439999,32.299999,34.119999,401800,29.489434
2014-03-24,34.200001,34.73,32.32,32.580002,364200,28.158436
2014-03-21,35.689999,35.700001,33.75,34.00,409200,29.38572
2014-03-20,36.060001,36.700001,35.25,35.639999,382800,30.803148
2014-03-19,36.119999,36.880001,35.299999,36.00,466500,31.114292
2014-03-18,35.029999,36.400002,34.50,36.330002,1000900,31.399508
2014-03-17,34.860001,35.689999,33.049999,33.709999,560600,29.135076
2014-03-14,32.66,34.66,30.32,33.93,1727400,29.32522
2014-03-13,35.59,35.799999,32.220001,32.860001,1125800,28.400435
2014-03-12,38.150002,38.700001,35.52,35.82,787700,30.95872
2014-03-11,38.700001,39.599998,37.009998,37.470001,645600,32.384793
2014-03-10,36.220001,39.310001,35.799999,38.779999,878200,33.517006
2014-03-07,39.990002,40.16,36.50,36.830002,1121300,31.831651
2014-03-06,40.200001,41.400002,39.369999,39.75,570900,34.355364
2014-03-05,40.450001,42.00,39.41,40.040001,659800,34.606008
2014-03-04,42.50,43.00,39.93,40.290001,1494800,34.822079
2014-03-03,41.509998,43.580002,38.689999,38.82,2113500,33.551578
2014-02-28,48.93,48.990002,43.720001,46.630001,751600,40.301652
2014-02-27,45.00,49.290001,44.560001,48.970001,1025500,42.324081
2014-02-26,41.990002,44.950001,41.990002,44.880001,606600,38.789151
2014-02-25,41.00,43.400002,41.00,42.18,686400,36.455579
2014-02-24,40.25,40.990002,39.599998,40.68,304500,35.15915
2014-02-21,40.299999,41.380001,39.759998,39.990002,255500,34.562794
2014-02-20,40.41,40.77,39.189999,40.349998,354400,34.873934
2014-02-19,39.900002,41.389999,39.73,40.720001,398500,35.193722
2014-02-18,40.740002,41.580002,39.099998,40.139999,425700,34.692435
2014-02-14,38.560001,40.150002,38.549999,39.93,311500,34.510936
2014-02-13,38.810001,39.209999,38.43,38.689999,280200,33.43922
2014-02-12,39.02,40.939999,38.439999,39.209999,400200,33.888649
2014-02-11,38.560001,39.450001,38.389999,39.07,268300,33.767649
2014-02-10,39.400002,40.950001,38.880001,39.029999,248500,33.733077
2014-02-07,39.849998,40.240002,38.220001,39.48,356800,34.122006
2014-02-06,36.470001,38.950001,36.189999,38.689999,715500,33.43922
2014-02-05,34.00,36.119999,34.00,35.73,363900,30.880934
2014-02-04,34.799999,35.389999,32.700001,33.740002,694600,29.161007
2014-02-03,36.16,37.200001,34.400002,34.540001,448000,29.852435
2014-01-31,35.560001,36.43,35.299999,36.09,278100,31.192078
2014-01-30,36.50,36.990002,35.130001,35.880001,423400,31.010579
2014-01-29,36.900002,37.00,35.130001,36.23,488800,31.313077
2014-01-28,36.32,37.650002,36.119999,37.599998,848200,32.497148
2014-01-27,37.00,37.639999,33.599998,35.560001,1348400,30.734007
2014-01-24,38.040001,39.490002,36.639999,37.310001,675900,32.246508
2014-01-23,41.52,41.720001,37.98,38.23,1112900,33.041649
2014-01-22,41.560001,42.75,40.560001,41.509998,970200,35.876506
2014-01-21,39.330002,42.189999,39.00,40.009998,1182700,34.580077
2014-01-17,46.720001,47.900002,38.00,40.00,3557100,34.571435
2014-01-16,45.00,46.900002,45.00,46.060001,1455500,39.809009
2014-01-15,50.009998,50.09,42.00,45.02,3966800,38.910151
2014-01-14,52.459999,54.66,51.810001,53.959999,566900,46.636866
2014-01-13,52.130001,54.439999,51.490002,51.68,650100,44.666295
2014-01-10,54.150002,55.00,51.080002,51.200001,547700,44.251438
2014-01-09,57.07,57.16,53.490002,54.41,623600,47.025795
2014-01-08,56.50,57.529999,56.009998,56.369999,295300,48.719794
2014-01-07,55.75,56.50,55.50,56.00,402900,48.40001
2014-01-06,55.990002,56.799999,55.220001,55.810001,410700,48.235797
2014-01-03,55.959999,55.990002,55.279999,55.860001,310900,48.27901
2014-01-02,57.099998,57.869999,55.119999,55.73,449700,48.166652
2013-12-31,56.00,56.950001,55.040001,56.00,346600,48.40001
2013-12-30,56.279999,57.759998,55.630001,55.919998,373500,48.330865
2013-12-27,55.849998,59.240002,54.619999,55.68,489100,48.123438
2013-12-26,55.220001,56.50,54.779999,55.98,444000,48.382724
2013-12-24,56.84,56.869999,53.599998,54.709999,196600,47.28508
2013-12-23,53.799999,57.389999,53.700001,55.619999,505200,48.07158
2013-12-20,53.169998,54.310001,52.830002,53.740002,287500,46.446725
2013-12-19,52.75,54.419998,52.43,52.830002,257600,45.660225
2013-12-18,54.970001,55.439999,51.150002,52.369999,618500,45.262651
2013-12-17,54.189999,55.900002,53.41,54.41,395700,47.025795
2013-12-16,54.59,56.279999,53.110001,53.549999,809600,46.282509
2013-12-13,50.099998,53.689999,50.099998,52.119999,604800,45.046579
2013-12-12,47.099998,50.470001,47.040001,49.66,818400,42.920437
2013-12-11,46.400002,47.419998,45.950001,47.27,736800,40.854794
2013-12-10,46.279999,46.50,45.799999,45.939999,295500,39.705292
2013-12-09,46.169998,46.490002,45.889999,46.16,267100,39.895436
2013-12-06,46.400002,47.130001,45.310001,45.66,188200,39.463293
2013-12-05,45.720001,46.50,45.389999,46.169998,219400,39.904078
2013-12-04,45.23,46.50,44.360001,45.740002,204600,39.532438
2013-12-03,46.48,46.75,45.110001,45.369999,146200,39.21265
2013-12-02,47.380001,47.470001,46.009998,46.389999,252900,40.094222
2013-11-29,47.02,47.549999,45.75,46.779999,216800,40.431293
2013-11-27,47.889999,48.099998,46.110001,46.860001,271900,40.500437
2013-11-26,48.330002,48.700001,47.279999,47.360001,419800,40.656009
2013-11-25,48.799999,48.889999,47.290001,47.759998,930200,40.999385
2013-11-22,48.00,50.650002,47.209999,47.599998,954400,40.862034
2013-11-21,47.009998,47.18,45.349998,46.34,238700,39.780393
2013-11-20,45.900002,47.419998,45.119999,46.540001,431600,39.952083
2013-11-19,46.529999,47.450001,42.27,44.73,1001100,38.398295
2013-11-18,44.419998,45.470001,41.529999,42.040001,512400,36.089076
2013-11-15,43.25,44.32,43.00,43.32,258600,37.187886
2013-11-14,42.25,44.939999,41.169998,43.029999,393000,36.938936
2013-11-13,40.759998,41.869999,40.110001,41.68,101700,35.780035
2013-11-12,41.369999,42.490002,40.50,40.869999,68700,35.084692
2013-11-11,39.779999,41.50,39.50,41.490002,108300,35.616931
2013-11-08,38.02,40.48,37.84,40.48,99600,34.749899
2013-11-07,40.169998,40.709999,38.09,38.759998,87900,33.27337
2013-11-06,42.50,42.75,39.32,40.209999,165400,34.518118
2013-11-05,42.00,43.380001,41.209999,42.200001,119100,36.226427
2013-11-04,41.75,42.869999,41.119999,41.950001,148300,36.011815
2013-11-01,41.00,42.50,40.400002,41.709999,391600,35.805787
2013-10-31,36.93,41.32,36.830002,40.48,406400,34.749899
2013-10-30,38.50,38.82,36.380001,37.790001,209300,32.44068
2013-10-29,38.669998,39.360001,37.650002,38.330002,256500,32.904241
2013-10-28,40.639999,41.130001,37.27,38.080002,372500,32.68963
2013-10-25,41.049999,42.00,40.419998,40.509998,502200,34.775651
2013-10-24,41.139999,42.560001,40.099998,40.799999,422500,35.024601
2013-10-23,42.869999,44.00,40.23,40.98,370600,35.179122
2013-10-22,43.950001,45.209999,42.639999,43.099998,151200,36.999027
2013-10-21,44.959999,45.799999,43.709999,43.950001,155700,37.728708
2013-10-18,44.939999,45.900002,43.09,44.34,431500,38.063501
2013-10-17,40.959999,44.439999,40.810001,44.310001,527600,38.037749
2013-10-16,38.990002,41.00,38.959999,40.950001,346400,35.153369
2013-10-15,38.900002,40.07,38.41,38.830002,395800,33.333464
2013-10-14,38.369999,39.200001,38.00,38.75,150800,33.264787
2013-10-11,39.669998,39.830002,37.91,38.75,211000,33.264787
2013-10-10,37.25,39.880001,36.900002,39.709999,338000,34.088895
2013-10-09,36.060001,38.299999,34.740002,36.779999,435500,31.573647
2013-10-08,40.799999,41.110001,35.849998,36.490002,746600,31.3247
2013-10-07,40.049999,41.740002,39.200001,40.630001,540200,34.878667
2013-10-04,38.490002,39.73,38.00,39.080002,802200,33.548076
2013-10-03,37.18,39.98,37.07,39.73,515900,34.106064
2013-10-02,37.560001,38.700001,36.599998,36.66,611900,31.470635
2013-10-01,32.200001,37.650002,32.080002,37.259998,4532800,31.985701
2013-09-30,30.43,31.52,30.01,31.26,240500,26.835026
2013-09-27,31.709999,31.93,30.540001,31.030001,156500,26.637584
2013-09-26,32.130001,32.349998,31.66,31.99,267700,27.461691
2013-09-25,32.099998,32.799999,31.059999,32.240002,54800,27.676304
2013-09-24,33.16,33.200001,32.259998,32.32,27800,27.744978
2013-09-23,30.969999,33.00,30.90,32.98,107900,28.311553
2013-09-20,33.07,33.98,30.809999,31.16,339400,26.749181
2013-09-19,32.860001,33.119999,32.610001,33.119999,97600,28.431735
2013-09-18,32.50,33.490002,32.00,32.93,260500,28.268631
2013-09-17,33.98,34.50,33.599998,34.049999,87500,29.23009
2013-09-16,34.00,34.43,33.400002,33.990002,155900,29.178585
2013-09-13,34.169998,34.18,32.709999,33.639999,172900,28.878127
2013-09-12,32.540001,34.25,32.540001,33.77,179900,28.989726
2013-09-11,33.040001,33.400002,31.58,32.66,246800,28.03685
2013-09-10,31.10,32.779999,30.93,32.75,326100,28.11411
2013-09-09,30.01,30.889999,30.00,30.799999,167500,26.44014
2013-09-06,30.290001,30.59,30.10,30.33,51900,26.036671
2013-09-05,30.360001,31.01,30.00,30.24,160200,25.959411
2013-09-04,31.35,31.50,30.24,30.83,182200,26.191191
2013-09-03,30.440001,31.969999,30.129999,31.48,350300,26.743389
2013-08-30,30.58,32.290001,29.66,29.799999,130300,25.316169
2013-08-29,32.169998,32.290001,30.530001,30.690001,266800,26.072257
2013-08-28,34.849998,34.900002,31.790001,31.969999,561700,27.159662
2013-08-27,34.75,36.00,33.689999,34.330002,497100,29.164568
2013-08-26,31.66,33.700001,31.66,33.450001,568500,28.416976
2013-08-23,31.75,32.02,31.27,31.549999,172800,26.802856
2013-08-22,30.809999,32.450001,30.809999,31.67,146500,26.904801
2013-08-21,29.66,31.40,29.66,30.629999,316500,26.021283
2013-08-20,30.110001,30.200001,29.620001,29.879999,99600,25.384131
2013-08-19,29.00,30.290001,28.73,29.969999,121900,25.46059
2013-08-16,28.799999,29.07,28.50,28.90,75100,24.551587
2013-08-15,29.01,29.65,28.10,28.620001,131300,24.313718
2013-08-14,31.26,31.26,28.799999,29.65,358300,25.188739
2013-08-13,32.990002,33.049999,31.17,31.48,252400,26.743389
2013-08-12,33.32,33.610001,32.549999,32.73,119300,27.805309
2013-08-09,33.889999,34.09,33.00,33.330002,178900,28.315033
2013-08-08,32.369999,34.59,32.029999,33.740002,231500,28.663342
2013-08-07,32.00,32.490002,31.00,32.00,55100,27.185148
2013-08-06,32.919998,33.240002,30.85,32.290001,159500,27.431514
2013-08-05,30.00,32.619999,29.50,31.66,249500,26.896306
2013-08-02,29.610001,30.950001,29.59,30.00,153700,25.486076
2013-08-01,28.440001,29.799999,28.440001,29.540001,236600,25.095291
2013-07-31,28.219999,29.190001,28.049999,28.700001,113800,24.38168
2013-07-30,28.129999,29.700001,27.26,27.91,371400,23.710546
2013-07-29,26.33,28.65,26.200001,27.860001,298400,23.66807
2013-07-26,26.540001,26.870001,25.91,26.25,95500,22.300317
2013-07-25,26.08,27.15,25.629999,26.559999,314200,22.563673
2013-07-24,26.129999,26.129999,25.219999,25.540001,166300,21.697147
2013-07-23,26.25,26.49,25.50,25.780001,40600,21.901036
2013-07-22,27.16,27.17,25.91,26.200001,39100,22.257841
2013-07-19,26.059999,26.99,26.059999,26.41,118500,22.436243
2013-07-18,25.82,26.780001,24.75,26.00,173900,22.087933
2013-07-17,26.459999,27.66,25.389999,25.719999,99000,21.850062
2013-07-16,26.00,26.90,25.299999,26.52,295100,22.529692
2013-07-15,25.280001,27.030001,25.030001,26.120001,361100,22.189878
2013-07-12,23.200001,25.440001,22.73,25.389999,183500,21.569716
2013-07-11,22.23,22.99,22.23,22.940001,33600,19.488354
2013-07-10,22.370001,22.52,22.120001,22.16,38400,18.825715
2013-07-09,22.41,22.65,22.209999,22.43,70600,19.05509
2013-07-08,23.32,23.32,21.879999,22.25,158900,18.902173
2013-07-05,23.040001,23.379999,22.67,23.209999,87000,19.717727
2013-07-03,23.200001,23.709999,22.77,23.00,105300,19.539325
2013-07-02,23.24,23.85,23.200001,23.209999,53400,19.717727
2013-07-01,22.99,24.190001,22.99,23.440001,54800,19.913122
2013-06-28,23.24,23.41,22.92,23.200001,70500,19.709233
2013-06-27,23.85,24.50,22.98,23.17,199800,19.683746
2013-06-26,22.200001,23.299999,21.52,23.08,203000,19.607288
2013-06-25,22.00,22.48,20.85,21.559999,532800,18.315993
2013-06-24,22.690001,25.049999,21.799999,22.32,476100,18.961641
2013-06-21,22.01,23.34,22.01,22.809999,370800,19.377913
2013-06-20,22.00,22.76,21.200001,21.84,343800,18.553864
2013-06-19,21.290001,22.690001,21.049999,22.10,176200,18.774743
2013-06-18,21.18,21.98,20.879999,21.139999,108100,17.959188
2013-06-17,20.799999,21.99,20.799999,21.60,222800,18.349975
2013-06-14,20.00,20.889999,19.74,20.540001,94100,17.449468
2013-06-13,19.58,20.049999,18.959999,19.60,13400,16.650904
2013-06-12,19.75,20.43,19.50,19.77,130100,16.548959
2013-06-11,19.60,20.15,19.50,19.74,251200,16.523846
2013-06-10,19.780001,19.790001,18.549999,19.709999,59100,16.498733
2013-06-07,19.76,20.790001,19.68,19.90,181300,16.657778
2013-06-06,18.860001,20.540001,18.559999,19.719999,409700,16.507104
2013-06-05,18.799999,18.98,18.00,18.709999,371800,15.661659
2013-06-04,18.99,18.99,16.91,18.00,576100,15.067337
2013-06-03,16.90,17.450001,16.42,16.610001,193400,13.903804
2013-05-31,15.66,17.09,15.66,16.90,207400,14.146555
2013-05-30,15.19,15.75,15.00,15.66,158300,13.108583
2013-05-29,16.049999,16.049999,14.51,15.62,175000,13.0751
2013-05-28,16.799999,17.00,15.60,15.98,188700,13.376447
2013-05-24,16.190001,16.719999,15.83,16.17,142000,13.535491
2013-05-23,16.58,16.73,15.71,16.219999,92000,13.577344
2013-05-22,16.74,16.99,16.41,16.620001,56100,13.912175
2013-05-21,16.98,17.200001,16.629999,16.77,153600,14.037736
2013-05-20,16.959999,17.02,16.700001,16.860001,63800,14.113073
2013-05-17,17.139999,17.15,16.799999,16.959999,114200,14.196779
2013-05-16,17.190001,17.200001,16.60,17.00,77600,14.230263
2013-05-15,16.66,17.00,16.66,16.82,103300,14.079589
2013-05-14,17.49,17.49,16.700001,16.780001,98500,14.046107
2013-05-13,16.91,16.92,16.60,16.77,61600,14.037736
2013-05-10,16.719999,16.99,16.709999,16.91,171500,14.154926
2013-05-09,16.99,16.99,16.610001,16.90,61800,14.146555
2013-05-08,16.75,16.950001,16.51,16.809999,79200,14.071218
2013-05-07,17.00,17.049999,16.700001,16.780001,460900,14.046107
2013-05-06,17.18,17.18,16.950001,17.00,1360900,14.230263
2013-05-03,17.00,17.370001,16.809999,17.08,9765500,14.297229
