Date,Open,High,Low,Close,Volume,Adj Close
2018-03-29,47.76,48.59,47.76,48.3453,15242,48.3453
2018-03-28,47.5,47.9708,47.5,47.97,3316,47.97
2018-03-27,48.67,48.7809,48.1501,48.1501,2421,48.1501
2018-03-26,48.1996,48.69,47.7387,48.67,5099,48.67
2018-03-23,48.42,48.666,47.66,47.66,11557,47.66
2018-03-22,48.92,49.1,48.5899,48.5899,2873,48.5899
2018-03-21,49.84,50.04,49.6499,49.77,9905,49.77
2018-03-20,49.7,49.7,49.65,49.65,2155,49.65
2018-03-19,50.29,50.29,49.461,49.68,2044,49.68
2018-03-16,50.82,50.8699,50.66,50.66,9956,50.66
2018-03-15,50.78,50.83,50.47,50.6,8756,50.6
2018-03-14,51.08,51.08,50.63,50.73,18246,50.73
2018-03-13,51.531,51.531,50.97,51.006,3193,51.006
2018-03-12,51.419,51.42,51.419,51.42,1114,51.42
2018-03-09,50.871,51.32,50.87,51.32,6040,51.32
2018-03-08,50.44,50.44,50.39,50.39,2170,50.39
2018-03-07,49.825,50.0888,49.7201,50.0888,1548,50.0888
2018-03-06,49.97,50.1631,49.9032,50.1631,2238,50.1631
2018-03-05,49.29,49.7899,49.29,49.7899,1423,49.7899
2018-03-02,48.541,48.8632,48.54,48.8422,3568,48.8422
2018-03-01,49.49,49.795,48.751,48.91,7109,48.91
2018-02-28,50.14,50.309,49.88,49.88,4146,49.88
2018-02-27,50.47,50.47,50.131,50.1599,1440,50.1599
2018-02-26,50.56,50.5948,50.55,50.59,3456,50.59
2018-02-23,49.743,49.975,49.532,49.975,2799,49.975
2018-02-22,49.81,49.911,49.6601,49.72,2465,49.72
2018-02-21,49.7947,50.03,49.7947,49.8534,3858,49.8534
2018-02-20,49.62,50.096,49.57,49.5899,3738,49.5899
2018-02-16,50.1065,50.18,49.9492,50.01,7065,50.01
2018-02-15,49.5665,50.03,49.5665,49.9527,3911,49.9527
2018-02-14,48.84,49.449,48.8214,49.3614,8210,49.3614
2018-02-13,48.32,48.7248,48.32,48.67,3043,48.67
2018-02-12,48.849,48.849,48.1181,48.54,7510,48.54
2018-02-09,47.98,48.3356,46.59,47.9,20143,47.9
2018-02-08,49.56,49.56,47.66,47.66,4913,47.66
2018-02-07,49.7,50.225,49.69,49.8,18816,49.8
2018-02-06,48.25,49.6,47.77,49.6,10390,49.6
2018-02-05,50.63,50.95,49.2,49.2,11603,49.2
2018-02-02,51.2134,51.25,51.02,51.02,26565,51.02
2018-02-01,51.959,51.99,51.81,51.8125,15955,51.8125
2018-01-31,52.3549,52.3549,51.9877,52,11379,52
2018-01-30,52.3756,52.3756,52.054,52.2818,3579,52.2818
2018-01-29,52.5801,52.64,52.5801,52.61,1712,52.61
2018-01-26,52.51,52.82,52.4844,52.82,8631,52.82
2018-01-25,52.31,52.51,52.2489,52.34,7978,52.34
2018-01-24,52.39,52.39,51.938,52.201,6129,52.201
2018-01-23,52.0408,52.25,52.0408,52.2,7460,52.2
2018-01-22,51.55,51.8502,51.55,51.835,12616,51.835
2018-01-19,51.365,51.5372,51.341,51.5372,1871,51.5372
2018-01-18,51.145,51.235,51.0857,51.15,6770,51.15
2018-01-17,51.04,51.4005,51.04,51.25,8707,51.25
2018-01-16,51.24,51.445,51.05,51.05,3299,51.05
2018-01-12,50.85,51.1,50.85,51.0844,8830,51.0844
2018-01-11,50.31,50.7509,50.31,50.7509,4872,50.7509
2018-01-10,50.2392,50.25,50.2392,50.2474,1902,50.2474
2018-01-09,50.27,50.5361,50.27,50.4578,3134,50.4578
2018-01-08,50.09,50.27,50.09,50.2527,1770,50.2527
2018-01-05,49.82,50.265,49.82,50.265,18188,50.265
2018-01-04,49.86,49.86,49.7801,49.79,4899,49.79
2018-01-03,49.455,49.88,49.455,49.841,9396,49.841
2018-01-02,48.69,49.3512,48.69,49.34,1719,49.34
2017-12-29,48.87,48.87,48.61,48.61,5941,48.61
2017-12-28,48.94,48.94,48.7424,48.7424,1351,48.7424
2017-12-27,48.8842,48.8929,48.73,48.73,3248,48.73
2017-12-26,48.77,48.892,48.77,48.892,1000,48.892
2017-12-22,48.83,48.86,48.82,48.84,4615,48.84
2017-12-21,48.97,49.03,48.835,48.96,6280,48.96
2017-12-20,48.8352,48.9056,48.8352,48.84,2050,48.84
2017-12-19,49.15,49.15,48.94,48.94,3827,48.94
2017-12-18,48.81,49.0332,48.81,48.98,2055,48.98
2017-12-15,48.36,48.74,48.2552,48.74,2888,48.74
2017-12-14,48.46,48.4749,48.3933,48.41,2692,48.41
2017-12-13,48.25,48.539,48.25,48.49,6539,48.49
2017-12-12,48.255,48.255,48.255,48.255,553,48.255
2017-12-11,48.2005,48.2005,48.03,48.141,1615,48.141
2017-12-08,48.0599,48.11,47.9588,48,2419,48
2017-12-07,47.39,47.8194,47.39,47.7,4246,47.7
2017-12-06,47.52,47.62,47.45,47.6,11053,47.6
2017-12-05,47.94,48.0383,47.7849,47.7849,2069,47.7849
2017-12-04,48,48.215,47.86,47.86,4935,47.86
2017-12-01,47.66,47.8528,47.398,47.6599,1173,47.6599
2017-11-30,47.71,47.8326,47.53,47.75,3872,47.75
2017-11-29,47.48,47.57,47.41,47.41,1367,47.41
2017-11-28,46.91,47.25,46.91,47.25,2606,47.25
2017-11-27,46.95,47.119,46.95,46.9745,814,46.9745
2017-11-24,46.98,47.05,46.98,47.05,11287,47.05
2017-11-22,47.03,47.15,47.03,47.12,11633,47.12
2017-11-21,46.926,47.02,46.926,46.961,5181,46.961
2017-11-20,46.8136,46.8136,46.66,46.66,3299,46.66
2017-11-17,46.59,46.9,46.59,46.9,3041,46.9
2017-11-16,46.1,46.74,46.1,46.6732,4811,46.6732
2017-11-15,45.8701,46.18,45.8701,46.01,13517,46.01
2017-11-14,46.1075,46.12,46.06,46.0906,2741,46.0906
2017-11-13,46.0948,46.195,46.0948,46.195,2904,46.195
2017-11-10,45.83,46.2299,45.83,46.2299,2351,46.2299
2017-11-09,46.04,46.13,45.8979,45.8979,1324,45.8979
2017-11-08,46.0554,46.1299,46.05,46.1299,4039,46.1299
2017-11-07,45.9501,46.019,45.9501,46.019,1903,46.019
2017-11-06,46.05,46.05,45.911,45.911,941,45.911
2017-11-03,46.025,46.04,46.025,46.04,565,46.04
2017-11-02,45.73,45.869,45.69,45.81,7156,45.81
2017-11-01,46.1408,46.18,46.03,46.07,10893,46.07
2017-10-31,46.12,46.1578,46,46.1064,4779,46.1064
2017-10-30,46.2,46.2,45.94,46,6157,46
2017-10-27,46,46.29,45.712,46.279,14846,46.279
2017-10-26,46.1,46.23,46.06,46.06,15200,46.06
2017-10-25,46.389,46.4,46.0703,46.24,18168,46.24
2017-10-24,46.575,46.58,46.48,46.51,4238,46.51
2017-10-23,46.9366,46.9599,46.705,46.7371,1833,46.7371
2017-10-20,46.8792,47.0269,46.8792,46.95,1504,46.95
2017-10-19,46.651,46.785,46.6,46.785,8435,46.785
2017-10-18,32.5,32.7,32.2,32.22,831180,32.22
2017-10-17,46.9101,46.955,46.8901,46.9322,2432,46.9322
2017-10-16,47.029,47.029,46.8713,46.885,2766,46.885
2017-10-13,46.8508,46.989,46.8508,46.989,3104,46.989
2017-10-12,46.842,46.92,46.841,46.841,3891,46.841
2017-10-11,47.085,47.085,46.98,47.015,2264,47.015
2017-10-10,47.17,47.23,47.115,47.145,13449,47.145
2017-10-09,47.335,47.335,47.041,47.041,2985,47.041
2017-10-06,47.55,47.55,47.47,47.475,4121,47.475
2017-10-05,47.38,47.625,47.38,47.625,1574,47.625
2017-10-04,47.16,47.4501,47.16,47.35,2484,47.35
2017-10-03,46.9801,47.0996,46.96,47.0996,3544,47.0996
2017-10-02,47.01,47.01,46.871,46.8948,901,46.8948
2017-09-29,46.7926,46.862,46.7926,46.8,1893,46.8
2017-09-28,46.55,46.55,46.47,46.47,2046,46.47
2017-09-27,46.66,46.7676,46.55,46.7676,4150,46.7676
2017-09-26,46.47,46.5101,46.46,46.5101,1059,46.5101
2017-09-25,46.49,46.7,46.38,46.46,8244,46.46
2017-09-22,46.55,46.67,46.53,46.64,11939,46.64
2017-09-21,46.76,46.76,46.605,46.605,1521,46.605
2017-09-20,46.9099,46.9099,46.5994,46.761,7284,46.761
2017-09-19,46.76,46.76,46.6101,46.72,4388,46.72
2017-09-18,46.989,47.0108,46.72,46.77,9293,46.77
2017-09-15,46.9299,46.9299,46.84,46.91,2045,46.91
2017-09-14,47.0066,47.0801,46.86,46.88,4971,46.88
2017-09-13,47.05,47.22,47.05,47.19,6895,47.19
2017-09-12,46.96,47.0599,46.96,47.0599,1123,47.0599
2017-09-11,46.95,46.97,46.95,46.9687,2103,46.9687
2017-09-08,46.54,46.6515,46.54,46.61,2365,46.61
2017-09-07,46.9,46.91,46.74,46.78,2009,46.78
2017-09-06,46.733,46.8001,46.54,46.8001,3138,46.8001
2017-09-05,46.7,46.78,46.3489,46.5064,9746,46.5064
2017-09-01,46.95,46.95,46.8754,46.93,4132,46.93
2017-08-31,46.69,46.7,46.68,46.7,2333,46.7
2017-08-30,46.0999,46.39,46.0952,46.35,4451,46.35
2017-08-29,45.68,45.85,45.68,45.85,2021,45.85
2017-08-28,45.67,45.71,45.65,45.7,50955,45.7
2017-08-25,45.5901,45.6581,45.59,45.6581,1567,45.6581
2017-08-24,45.8454,45.8454,45.46,45.7,2343,45.7
2017-08-23,45.7,45.7399,45.62,45.69,6361,45.69
2017-08-22,45.45,45.792,45.45,45.79,1206,45.79
2017-08-21,45.32,45.32,45.13,45.18,1637,45.18
2017-08-18,45.27,45.421,45.181,45.3,4935,45.3
2017-08-17,45.98,46.1169,45.4318,45.4318,3431,45.4318
2017-08-16,46.1814,46.2902,46.13,46.1423,6147,46.1423
2017-08-15,45.9701,46.0612,45.97,46.03,2247,46.03
2017-08-14,45.9,46.2154,45.9,46.165,2815,46.165
2017-08-11,45.78,45.8899,45.63,45.8432,7550,45.8432
2017-08-10,45.9901,46.01,45.8301,45.8441,2050,45.8441
2017-08-09,46.44,46.4904,46.2922,46.4904,6624,46.4904
2017-08-08,46.928,47.08,46.9,46.925,7397,46.925
2017-08-07,46.97,47.06,46.9399,47.03,3911,47.03
2017-08-04,46.81,46.8301,46.8,46.83,1185,46.83
2017-08-03,47.02,47.1187,46.99,47.055,10186,47.055
2017-08-02,47.25,47.2599,46.8388,47.12,3895,47.12
2017-08-01,47.79,47.79,47.2947,47.38,4436,47.38
2017-07-31,47.37,47.4371,47.36,47.4371,2279,47.4371
2017-07-28,47.4043,47.48,47.36,47.4748,920,47.4748
2017-07-27,47.7628,47.7739,47.312,47.312,1634,47.312
2017-07-26,47.46,47.54,47.46,47.52,3738,47.52
2017-07-25,47.43,47.43,47.29,47.3901,1825,47.3901
2017-07-24,47.1301,47.2939,47.1301,47.2939,1612,47.2939
2017-07-21,47.2299,47.2599,47.13,47.2338,2972,47.2338
2017-07-20,47.1116,47.29,47.05,47.19,6830,47.19
2017-07-19,47.05,47.0999,46.9922,47.0699,10060,47.0699
2017-07-18,46.6,46.769,46.53,46.76,2795,46.76
2017-07-17,46.5713,46.6636,46.57,46.57,7048,46.57
2017-07-14,46.6,46.6817,46.5,46.6817,3803,46.6817
2017-07-13,46.3952,46.3952,46.25,46.39,3349,46.39
2017-07-12,46.05,46.3499,46.05,46.34,12008,46.34
2017-07-11,45.976,45.976,45.63,45.83,11422,45.83
2017-07-10,45.77,45.95,45.77,45.8805,2981,45.8805
2017-07-07,45.6039,45.88,45.6039,45.805,3846,45.805
2017-07-06,45.494,45.72,45.47,45.53,4228,45.53
2017-07-05,45.98,46.044,45.71,46.03,7489,46.03
2017-07-03,46.26,46.332,45.9,45.9,2728,45.9
2017-06-30,46.14,46.2,45.96,46.2,2676,46.2
2017-06-29,46.56,46.56,45.68,45.9406,6205,45.9406
2017-06-28,46.19,46.7061,46.19,46.7061,1601,46.7061
2017-06-27,46.59,46.67,46.1301,46.16,6398,46.16
2017-06-26,46.9,46.9,46.73,46.74,4163,46.74
2017-06-23,46.54,46.7223,46.4301,46.69,3854,46.69
2017-06-22,46.67,46.8499,46.62,46.62,21210,46.62
2017-06-21,46.21,46.57,46.21,46.55,3627,46.55
2017-06-20,46.2935,46.2935,46.1299,46.1299,998,46.1299
2017-06-19,46.02,46.4564,46.02,46.435,2185,46.435
2017-06-16,46.13,46.13,45.79,45.9405,2332,45.9405
2017-06-15,45.98,46.0852,45.78,46.07,2677,46.07
2017-06-14,46.42,46.4347,46.18,46.28,6804,46.28
2017-06-13,45.91,46.2799,45.91,46.2764,3655,46.2764
2017-06-12,45.88,46.06,45.875,46.06,3179,46.06
2017-06-09,46.6101,46.6901,46.0389,46.0389,23121,46.0389
2017-06-08,46.61,46.66,46.503,46.66,4298,46.66
2017-06-07,46.54,46.61,46.52,46.61,2326,46.61
2017-06-06,46.831,46.831,46.6564,46.6564,1140,46.6564
2017-06-05,46.923,46.923,46.8501,46.8501,923,46.8501
2017-06-02,46.8002,47.04,46.8002,47.04,2278,47.04
2017-06-01,46.26,46.73,46.26,46.73,2242,46.73
2017-05-31,45.96,46.165,45.96,46.165,3117,46.165
2017-05-30,45.93,46.0996,45.93,46.01,21611,46.01
2017-05-26,45.93,46.1,45.93,46.06,8965,46.06
2017-05-25,45.8081,46.12,45.7793,46.022,4665,46.022
2017-05-24,45.3701,45.66,45.3701,45.66,4083,45.66
2017-05-23,45.56,45.56,45.4265,45.4572,4211,45.4572
2017-05-22,45.18,45.6199,45.18,45.59,3035,45.59
2017-05-19,45.12,45.3401,45.06,45.21,7716,45.21
2017-05-18,44.739,45.12,44.739,45.1101,7817,45.1101
2017-05-17,45.2295,45.2295,44.73,44.7479,9736,44.7479
2017-05-16,45.39,45.5512,45.39,45.485,3539,45.485
2017-05-15,45.29,45.461,45.29,45.4401,2553,45.4401
2017-05-12,45.360001,45.360001,45.360001,45.360001,500,45.360001
2017-05-11,45.490002,45.490002,45.130001,45.41,2900,45.41
2017-05-10,45.470001,45.599998,45.470001,45.599998,5200,45.599998
2017-05-09,45.400002,45.599998,45.400002,45.560001,4500,45.560001
2017-05-08,45.43,45.43,45.279999,45.299999,1500,45.299999
2017-05-05,45.470001,45.52,45.290001,45.52,4400,45.52
2017-05-04,45.27,45.369999,45.18,45.34,4800,45.34
2017-05-03,45.419998,45.529999,45.18,45.279999,6800,45.279999
2017-05-02,45.549999,45.619999,45.48,45.619999,2300,45.619999
2017-05-01,45.490002,45.59,45.450001,45.59,1600,45.59
2017-04-28,45.349998,45.400002,45.310001,45.400002,8100,45.400002
2017-04-27,45.369999,45.580002,45.369999,45.52,2900,45.52
2017-04-26,45.240002,45.509998,45.240002,45.48,2800,45.48
2017-04-25,45.279999,45.290001,45.220001,45.259998,16600,45.259998
2017-04-24,45.00,45.09,44.959999,45.009998,2800,45.009998
2017-04-21,44.75,44.75,44.48,44.490002,2300,44.490002
2017-04-20,44.529999,44.779999,44.529999,44.740002,2700,44.740002
2017-04-19,44.41,44.549999,44.32,44.330002,2900,44.330002
2017-04-18,44.110001,44.279999,44.09,44.169998,3000,44.169998
2017-04-17,44.23,44.240002,44.189999,44.189999,2200,44.189999
2017-04-13,44.41,44.41,44.099998,44.119999,35100,44.119999
2017-04-12,44.470001,44.549999,44.41,44.450001,1700,44.450001
2017-04-11,44.66,44.66,44.290001,44.50,2300,44.50
2017-04-10,44.720001,44.720001,44.599998,44.66,1400,44.66
2017-04-07,44.490002,44.639999,44.490002,44.560001,3800,44.560001
2017-04-06,44.490002,44.560001,44.439999,44.439999,5200,44.439999
2017-04-05,44.689999,44.849998,44.41,44.41,3700,44.41
2017-04-04,44.389999,44.560001,44.389999,44.560001,2700,44.560001
2017-04-03,44.75,44.75,44.41,44.57,2600,44.57
2017-03-31,44.849998,44.849998,44.66,44.68,3000,44.68
2017-03-30,44.73,44.790001,44.73,44.790001,3400,44.790001
2017-03-29,44.59,44.720001,44.59,44.709999,4800,44.709999
2017-03-28,44.310001,44.549999,44.23,44.529999,4100,44.529999
2017-03-27,43.869999,44.299999,43.82,44.299999,105500,44.299999
2017-03-24,44.310001,44.310001,44.099998,44.23,32000,44.23
2017-03-23,43.91,44.310001,43.91,43.990002,1100,43.990002
2017-03-22,43.830002,44.080002,43.82,44.080002,9200,44.058003
2017-03-21,44.650002,44.650002,43.790001,43.790001,5200,43.768147
2017-03-20,44.639999,44.639999,44.490002,44.50,2100,44.477791
2017-03-17,44.66,44.790001,44.599998,44.77,6400,44.747657
2017-03-16,44.84,44.84,44.599998,44.630001,5600,44.607728
2017-03-15,44.48,44.799999,44.459999,44.790001,27200,44.767648
2017-03-14,44.41,44.43,44.279999,44.419998,7100,44.397829
2017-03-13,44.459999,44.610001,44.459999,44.57,2100,44.547756
2017-03-10,44.389999,44.450001,44.279999,44.450001,3600,44.427817
2017-03-09,44.259998,44.290001,44.110001,44.189999,4700,44.167945
2017-03-08,44.330002,44.369999,44.220001,44.220001,4500,44.197932
2017-03-07,44.169998,44.27,44.080002,44.080002,2100,44.058003
2017-03-06,44.32,44.41,44.290001,44.349998,6800,44.327865
2017-03-03,44.369999,44.52,44.369999,44.490002,3400,44.467798
2017-03-02,44.599998,44.599998,44.470001,44.490002,4900,44.467798
2017-03-01,44.50,44.610001,44.459999,44.57,10600,44.547756
2017-02-28,44.209999,44.259998,44.060001,44.150002,3000,44.127968
2017-02-27,44.099998,44.290001,44.099998,44.290001,2600,44.267897
2017-02-24,43.91,44.16,43.91,44.16,2400,44.137961
2017-02-23,44.23,44.23,43.990002,44.00,5200,43.978041
2017-02-22,44.25,44.32,44.25,44.290001,2800,44.267897
2017-02-21,44.209999,44.310001,44.189999,44.310001,2900,44.287888
2017-02-17,43.830002,44.009998,43.82,44.009998,4000,43.988034
2017-02-16,44.099998,44.099998,43.73,43.810001,6400,43.788137
2017-02-15,43.73,44.080002,43.73,44.060001,2500,44.038012
2017-02-14,43.610001,43.740002,43.580002,43.73,3000,43.708175
2017-02-13,43.630001,43.630001,43.52,43.599998,4200,43.578239
2017-02-10,43.439999,43.52,43.380001,43.470001,6100,43.448307
2017-02-09,43.099998,43.310001,43.060001,43.27,9600,43.248406
2017-02-08,42.610001,42.93,42.580002,42.900002,4900,42.878591
2017-02-07,42.75,42.849998,42.709999,42.75,7800,42.728665
2017-02-06,42.669998,42.759998,42.619999,42.68,5400,42.6587
2017-02-03,42.509998,42.630001,42.490002,42.630001,11000,42.608726
2017-02-02,42.509998,42.59,42.389999,42.470001,8500,42.448806
2017-02-01,42.709999,42.709999,42.380001,42.43,3400,42.408825
2017-01-31,42.34,42.599998,42.299999,42.599998,6900,42.578738
2017-01-30,42.25,42.48,42.25,42.48,5600,42.458799
2017-01-27,42.57,42.650002,42.549999,42.639999,3500,42.618719
2017-01-26,42.779999,42.810001,42.650002,42.650002,4500,42.628716
2017-01-25,42.669998,42.759998,42.669998,42.75,11900,42.728665
2017-01-24,42.220001,42.470001,42.139999,42.459999,4900,42.438809
2017-01-23,42.310001,42.310001,42.07,42.16,2000,42.138959
2017-01-20,42.330002,42.509998,42.150002,42.259998,53000,42.238908
2017-01-19,42.34,42.459999,42.130001,42.34,18100,42.31887
2017-01-18,42.150002,42.290001,42.130001,42.27,24000,42.248905
2017-01-17,42.00,42.27,42.00,42.18,5900,42.15895
2017-01-13,41.939999,42.32,41.939999,42.23,23900,42.208924
2017-01-12,41.919998,42.09,41.700001,42.080002,4900,42.059001
2017-01-11,42.169998,42.299999,41.900002,42.110001,19200,42.088985
2017-01-10,42.049999,42.299999,42.049999,42.200001,15900,42.17894
2017-01-09,41.959999,41.990002,41.810001,41.959999,2400,41.939058
2017-01-06,41.669998,41.939999,41.669998,41.84,4600,41.819119
2017-01-05,41.400002,41.700001,41.400002,41.669998,86900,41.649202
2017-01-04,41.060001,41.529999,41.060001,41.50,19400,41.479289
2017-01-03,40.639999,41.060001,40.639999,40.939999,63300,40.919567
2016-12-30,40.759998,40.759998,40.32,40.41,16500,40.389832
2016-12-29,40.82,40.860001,40.66,40.73,25500,40.709672
2016-12-28,41.09,41.09,40.790001,40.799999,17100,40.779637
2016-12-27,41.43,41.43,41.169998,41.189999,4500,41.169442
2016-12-23,40.82,40.98,40.82,40.98,6400,40.959548
2016-12-22,40.919998,40.919998,40.740002,40.84,8000,40.819618
2016-12-21,41.150002,41.150002,41.029999,41.07,13400,41.049503
2016-12-20,41.02,41.200001,41.02,41.169998,6200,41.101475
2016-12-19,41.040001,41.259998,40.84,40.919998,10200,40.851891
2016-12-16,41.32,41.32,41.00,41.080002,25900,41.011628
2016-12-15,41.049999,41.32,41.049999,41.150002,7200,41.081511
2016-12-14,41.200001,41.25,40.990002,41.00,8100,40.93176
2016-12-13,40.869999,41.290001,40.869999,41.169998,9700,41.101475
2016-12-12,40.990002,40.990002,40.75,40.779999,9000,40.712125
2016-12-09,41.07,41.34,41.060001,41.130001,31800,41.061544
2016-12-08,40.91,41.060001,40.880001,41.040001,2200,40.971694
2016-12-07,40.310001,40.970001,40.310001,40.889999,14300,40.821942
2016-12-06,40.34,40.459999,40.310001,40.459999,3300,40.392657
2016-12-05,40.380001,40.50,40.310001,40.41,7500,40.342741
2016-12-02,40.41,40.41,40.060001,40.080002,3300,40.013293
2016-12-01,40.610001,40.68,40.18,40.23,10200,40.163041
2016-11-30,40.970001,41.029999,40.669998,40.669998,5800,40.602307
2016-11-29,41.040001,41.259998,40.939999,41.23,3500,41.161376
2016-11-28,41.040001,41.040001,40.939999,40.970001,4600,40.901811
2016-11-25,41.099998,41.189999,41.099998,41.189999,4500,41.121442
2016-11-23,40.779999,41.00,40.77,40.990002,11700,40.921778
2016-11-22,40.869999,41.009998,40.799999,40.990002,22800,40.921778
2016-11-21,40.66,40.810001,40.650002,40.790001,30100,40.72211
2016-11-18,40.740002,40.779999,40.540001,40.560001,62000,40.492493
2016-11-17,40.540001,40.82,40.529999,40.810001,17900,40.742077
2016-11-16,40.290001,40.490002,40.290001,40.450001,13700,40.382676
2016-11-15,40.259998,40.50,40.240002,40.470001,4200,40.402643
2016-11-14,39.970001,40.279999,39.970001,40.189999,6500,40.123106
2016-11-11,39.790001,39.990002,39.689999,39.990002,10900,39.923442
2016-11-10,40.50,40.720001,39.919998,40.099998,10200,40.033256
2016-11-09,39.240002,40.290001,39.009998,40.290001,25600,40.222942
2016-11-08,39.459999,39.93,39.369999,39.860001,8800,39.793658
2016-11-07,39.369999,39.549999,39.290001,39.549999,6500,39.484172
2016-11-04,38.57,39.09,38.57,38.75,24500,38.685504
2016-11-03,39.009998,39.18,38.689999,38.720001,19200,38.655556
2016-11-02,39.25,39.27,38.959999,38.970001,29100,38.90514
2016-11-01,39.43,39.439999,38.919998,39.189999,56700,39.124771
2016-10-31,39.490002,39.50,39.419998,39.450001,9900,39.38434
2016-10-28,39.34,39.669998,39.34,39.459999,13300,39.394322
2016-10-27,39.950001,39.950001,39.349998,39.389999,12500,39.324439
2016-10-26,39.740002,39.950001,39.66,39.77,6900,39.703807
2016-10-25,39.950001,40.060001,39.84,39.84,7800,39.77369
2016-10-24,39.91,40.049999,39.91,40.040001,3600,39.973358
2016-10-21,39.610001,39.779999,39.470001,39.75,7100,39.68384
2016-10-20,39.759998,39.77,39.669998,39.720001,6300,39.653891
2016-10-19,39.650002,39.790001,39.650002,39.73,6800,39.663873
2016-10-18,39.720001,39.810001,39.669998,39.669998,4400,39.603971
2016-10-17,39.240002,39.34,39.209999,39.25,5200,39.184672
2016-10-14,39.77,39.77,39.400002,39.400002,5900,39.334424
2016-10-13,39.330002,39.540001,39.299999,39.459999,29300,39.394322
2016-10-12,39.529999,39.549999,39.439999,39.459999,4400,39.394322
2016-10-11,40.169998,40.169998,39.470001,39.529999,8400,39.464205
2016-10-10,40.360001,40.509998,40.360001,40.459999,43300,40.392657
2016-10-07,40.07,40.200001,40.060001,40.169998,4800,40.103139
2016-10-06,40.279999,40.439999,40.279999,40.369999,5100,40.302807
2016-10-05,40.57,40.630001,40.549999,40.560001,4400,40.492493
2016-10-04,40.490002,40.700001,40.330002,40.419998,4900,40.352723
2016-10-03,40.310001,40.459999,40.310001,40.43,3400,40.362709
2016-09-30,40.32,40.560001,40.130001,40.48,14200,40.412625
2016-09-29,40.439999,40.439999,39.98,40.119999,4400,40.053223
2016-09-28,40.369999,40.459999,40.34,40.41,5100,40.342741
2016-09-27,40.139999,40.470001,40.139999,40.470001,6900,40.402643
2016-09-26,40.189999,40.240002,40.099998,40.200001,3800,40.133092
2016-09-23,40.549999,40.599998,40.48,40.48,34400,40.412625
2016-09-22,40.41,40.619999,40.41,40.580002,62300,40.51246
2016-09-21,39.98,40.240002,39.689999,40.18,10200,40.113125
2016-09-20,40.00,40.060001,39.889999,39.900002,3500,39.820614
2016-09-19,40.00,40.07,39.810001,39.810001,6800,39.730793
2016-09-16,39.950001,39.950001,39.759998,39.950001,10900,39.870514
2016-09-15,39.599998,40.080002,39.599998,40.049999,26300,39.970313
2016-09-14,39.619999,39.919998,39.52,39.599998,16600,39.521208
2016-09-13,39.939999,39.950001,39.529999,39.720001,4900,39.640972
2016-09-12,39.349998,40.27,39.25,40.220001,25300,40.139977
2016-09-09,40.189999,40.259998,39.630001,39.709999,13000,39.63099
2016-09-08,40.57,40.639999,40.540001,40.540001,10000,40.45934
2016-09-07,40.759998,40.77,40.610001,40.709999,57800,40.629
2016-09-06,40.689999,40.709999,40.630001,40.709999,4000,40.629
2016-09-02,40.77,40.77,40.580002,40.669998,2000,40.589079
2016-09-01,40.349998,40.580002,40.32,40.509998,37500,40.429397
2016-08-31,40.450001,40.509998,40.310001,40.509998,4500,40.429397
2016-08-30,40.68,40.77,40.459999,40.560001,11900,40.479301
2016-08-29,40.650002,40.790001,40.650002,40.68,11500,40.599061
2016-08-26,40.799999,40.990002,40.50,40.689999,10600,40.609039
2016-08-25,40.889999,40.889999,40.599998,40.689999,5800,40.609039
2016-08-24,41.209999,41.349998,40.810001,40.849998,9000,40.768721
2016-08-23,41.34,41.43,41.259998,41.290001,8900,41.207848
2016-08-22,41.25,41.27,41.110001,41.240002,6900,41.157948
2016-08-19,41.139999,41.220001,41.049999,41.049999,4000,40.968324
2016-08-18,41.16,41.240002,41.139999,41.150002,27100,41.068127
2016-08-17,41.009998,41.09,40.799999,41.09,14900,41.008245
2016-08-16,41.32,41.32,41.060001,41.099998,27300,41.018223
2016-08-15,41.32,41.50,41.32,41.400002,10200,41.317629
2016-08-12,41.00,41.169998,41.00,41.169998,3300,41.088084
2016-08-11,41.00,41.150002,41.00,41.150002,5500,41.068127
2016-08-10,41.09,41.09,40.849998,40.860001,9600,40.778703
2016-08-09,41.02,41.16,40.959999,40.98,13200,40.898463
2016-08-08,41.16,41.18,40.950001,41.009998,5800,40.928402
2016-08-05,41.32,41.32,41.16,41.169998,16800,41.088084
2016-08-04,40.990002,40.990002,40.830002,40.959999,6600,40.878503
2016-08-03,40.900002,41.119999,40.900002,41.09,3700,41.008245
2016-08-02,41.27,41.27,40.639999,40.939999,7100,40.858542
2016-08-01,41.290001,41.52,41.220001,41.299999,18100,41.217826
2016-07-29,41.220001,41.290001,41.130001,41.27,6100,41.187887
2016-07-28,41.209999,41.330002,41.049999,41.330002,8000,41.247769
2016-07-27,41.310001,41.310001,41.049999,41.220001,12000,41.137987
2016-07-26,41.25,41.310001,41.099998,41.200001,4400,41.118027
2016-07-25,41.040001,41.099998,41.009998,41.099998,14400,41.018223
2016-07-22,40.810001,41.099998,40.810001,41.07,24400,40.988284
2016-07-21,40.91,40.98,40.709999,40.82,28800,40.738782
2016-07-20,40.560001,40.860001,40.48,40.84,6000,40.758742
2016-07-19,40.580002,40.580002,40.419998,40.459999,2000,40.379497
2016-07-18,40.639999,40.799999,40.639999,40.75,4100,40.668921
2016-07-15,40.740002,40.77,40.59,40.639999,21500,40.55914
2016-07-14,40.630001,40.720001,40.610001,40.700001,10800,40.619021
2016-07-13,40.639999,40.639999,40.450001,40.450001,12900,40.369519
2016-07-12,40.52,40.669998,40.52,40.580002,6700,40.499261
2016-07-11,40.310001,40.43,40.209999,40.349998,5900,40.269716
2016-07-08,39.720001,40.189999,39.720001,40.150002,18500,40.070117
2016-07-07,39.23,39.509998,39.23,39.459999,14500,39.381487
2016-07-06,38.830002,39.279999,38.700001,39.27,20100,39.191866
2016-07-05,38.970001,39.009998,38.73,38.939999,7100,38.862521
2016-07-01,38.869999,39.299999,38.869999,39.25,29800,39.171906
2016-06-30,38.330002,38.830002,38.32,38.82,20200,38.742761
2016-06-29,37.98,38.470001,37.98,38.360001,47700,38.283677
2016-06-28,37.16,37.630001,37.16,37.610001,29200,37.535169
2016-06-27,37.380001,37.380001,36.580002,36.75,31700,36.67688
2016-06-24,37.869999,38.43,37.619999,37.689999,15400,37.615008
2016-06-23,39.169998,39.419998,39.119999,39.419998,5200,39.341566
2016-06-22,38.82,39.02,38.73,38.830002,47400,38.752743
2016-06-21,39.07,39.07,38.77,38.919998,16400,38.800644
2016-06-20,39.25,39.43,39.02,39.049999,24300,38.930246
2016-06-17,38.860001,38.91,38.619999,38.650002,14200,38.531475
2016-06-16,38.59,38.959999,38.419998,38.93,18300,38.810615
2016-06-15,39.049999,39.080002,38.82,38.82,18600,38.700952
2016-06-14,38.810001,39.009998,38.630001,38.880001,21200,38.760769
2016-06-13,39.119999,39.259998,38.93,38.93,9800,38.810615
2016-06-10,39.389999,39.389999,39.099998,39.23,7900,39.109695
2016-06-09,39.93,40.080002,39.740002,39.919998,21700,39.797577
2016-06-08,40.07,40.189999,39.990002,40.080002,47500,39.95709
2016-06-07,40.220001,40.27,40.099998,40.110001,30100,39.986997
2016-06-06,40.240002,40.419998,40.07,40.330002,6500,40.206323
2016-06-03,39.810001,40.189999,39.799999,40.130001,9900,40.006936
2016-06-02,39.950001,40.380001,39.939999,40.380001,10500,40.256169
2016-06-01,39.66,40.00,39.66,39.990002,12800,39.867366
2016-05-31,39.91,39.91,39.709999,39.889999,26200,39.76767
2016-05-27,39.709999,39.779999,39.66,39.779999,9100,39.658007
2016-05-26,39.369999,39.459999,39.32,39.400002,12000,39.279175
2016-05-25,39.16,39.41,39.16,39.32,11200,39.199419
2016-05-24,38.700001,39.139999,38.700001,39.099998,10900,38.980092
2016-05-23,38.57,38.630001,38.349998,38.349998,18900,38.232392
2016-05-20,38.040001,38.549999,38.040001,38.459999,17300,38.342055
2016-05-19,38.200001,38.32,37.84,38.080002,143100,37.963223
2016-05-18,38.209999,38.57,38.119999,38.380001,20000,38.262303
2016-05-17,38.669998,38.799999,38.34,38.349998,10000,38.232392
2016-05-16,38.34,38.869999,38.34,38.779999,14700,38.661074
2016-05-13,38.34,38.599998,38.279999,38.330002,23400,38.212457
2016-05-12,38.799999,38.799999,38.290001,38.540001,13200,38.421812
2016-05-11,39.119999,39.200001,38.66,38.66,49300,38.541443
2016-05-10,38.84,39.25,38.810001,39.25,13900,39.129634
2016-05-09,38.810001,38.919998,38.709999,38.759998,32900,38.641135
2016-05-06,38.25,38.650002,38.200001,38.599998,38300,38.481625
2016-05-05,38.68,38.830002,38.57,38.599998,12800,38.481625
2016-05-04,38.77,38.830002,38.52,38.59,54800,38.471658
2016-05-03,39.09,39.290001,38.91,39.060001,31700,38.940218
2016-05-02,39.150002,39.490002,39.060001,39.48,5500,39.358928
2016-04-29,39.349998,39.380001,38.73,39.060001,37000,38.940218
2016-04-28,39.720001,40.00,39.419998,39.490002,33700,39.368899
2016-04-27,39.84,40.009998,39.639999,39.860001,29300,39.737764
2016-04-26,40.02,40.040001,39.75,39.869999,7800,39.747731
2016-04-25,40.00,40.110001,39.849998,39.950001,20700,39.827488
2016-04-22,40.119999,40.200001,39.860001,40.16,15400,40.036843
2016-04-21,40.130001,40.279999,39.939999,40.16,16100,40.036843
2016-04-20,40.029999,40.200001,39.91,40.060001,16900,39.937151
2016-04-19,40.290001,40.290001,39.869999,39.950001,88300,39.827488
2016-04-18,39.900002,40.380001,39.900002,40.380001,62900,40.256169
2016-04-15,40.029999,40.080002,39.91,40.049999,10600,39.92718
2016-04-14,40.049999,40.23,40.029999,40.09,24800,39.967058
2016-04-13,39.740002,40.130001,39.740002,40.099998,12200,39.977025
2016-04-12,39.119999,39.549999,39.09,39.549999,8100,39.428713
2016-04-11,39.630001,39.740002,39.110001,39.110001,7900,38.990064
2016-04-08,39.799999,39.799999,39.34,39.459999,3800,39.338989
2016-04-07,40.029999,40.110001,39.32,39.43,19800,39.309082
2016-04-06,39.59,40.130001,39.439999,40.130001,42900,40.006936
2016-04-05,39.34,39.459999,39.220001,39.290001,16600,39.169512
2016-04-04,39.900002,39.900002,39.66,39.669998,22800,39.548344
2016-04-01,39.209999,39.880001,39.209999,39.830002,29600,39.707857
2016-03-31,39.32,39.610001,39.32,39.41,6500,39.289143
2016-03-30,39.459999,39.580002,39.299999,39.330002,9000,39.20939
2016-03-29,38.689999,39.27,38.650002,39.200001,58000,39.079788
2016-03-28,38.939999,38.950001,38.720001,38.73,50100,38.611228
2016-03-24,38.52,38.77,38.41,38.75,24100,38.631167
2016-03-23,39.130001,39.130001,38.790001,38.790001,10400,38.671045
2016-03-22,38.889999,39.380001,38.889999,39.299999,7700,39.156549
2016-03-21,39.25,39.330002,39.119999,39.290001,13700,39.146587
2016-03-18,38.970001,39.240002,38.900002,39.130001,74000,38.987172
2016-03-17,38.900002,38.98,38.610001,38.889999,11900,38.748046
2016-03-16,38.610001,39.029999,38.580002,38.950001,35300,38.807828
2016-03-15,38.880001,38.880001,38.599998,38.66,40500,38.518886
2016-03-14,38.900002,39.130001,38.82,39.049999,10600,38.907462
2016-03-11,38.669998,38.959999,38.639999,38.959999,7700,38.81779
2016-03-10,38.540001,38.639999,37.889999,38.139999,15700,38.000783
2016-03-09,38.439999,38.439999,38.099998,38.27,107000,38.13031
2016-03-08,38.580002,38.580002,38.27,38.27,18300,38.13031
2016-03-07,38.419998,39.00,38.419998,38.740002,11600,38.598596
2016-03-04,38.700001,38.950001,38.549999,38.709999,15700,38.568703
2016-03-03,38.599998,38.759998,38.509998,38.759998,80300,38.618519
2016-03-02,38.700001,38.709999,38.439999,38.689999,20100,38.548775
2016-03-01,38.119999,38.75,38.00,38.740002,19200,38.598596
2016-02-29,38.119999,38.240002,37.77,37.77,12700,37.632135
2016-02-26,38.240002,38.27,38.080002,38.150002,40900,38.010749
2016-02-25,37.799999,38.110001,37.610001,38.110001,12900,37.970894
2016-02-24,36.84,37.759998,36.740002,37.720001,41400,37.582318
2016-02-23,37.560001,37.700001,37.360001,37.48,328100,37.343193
2016-02-22,37.650002,37.799999,37.529999,37.799999,49900,37.662024
2016-02-19,36.75,37.130001,36.630001,37.130001,27100,36.994472
2016-02-18,37.509998,37.509998,36.959999,36.970001,83500,36.835056
2016-02-17,37.00,37.509998,37.00,37.48,21300,37.343193
2016-02-16,36.099998,36.48,36.00,36.48,63800,36.346843
2016-02-12,35.209999,35.66,34.880001,35.650002,71900,35.519874
2016-02-11,34.59,35.080002,34.52,35.080002,102300,34.951955
2016-02-10,35.360001,35.740002,35.080002,35.099998,77000,34.971879
2016-02-09,34.50,35.360001,34.50,35.00,245500,34.872245
2016-02-08,35.369999,35.369999,34.580002,35.110001,307000,34.981845
2016-02-05,37.240002,37.240002,35.860001,36.00,64700,35.868595
2016-02-04,37.09,37.459999,36.919998,37.23,30400,37.094105
2016-02-03,37.200001,37.279999,36.34,37.150002,183400,37.014399
2016-02-02,37.919998,37.919998,37.080002,37.259998,255400,37.123995
2016-02-01,37.889999,38.330002,37.639999,38.209999,444000,38.070528
2016-01-29,37.18,37.939999,37.099998,37.939999,216500,37.801513
2016-01-28,37.77,37.77,36.759998,37.150002,38800,37.014399
2016-01-27,38.23,38.25,37.330002,37.41,29600,37.273449
2016-01-26,37.740002,38.259998,37.669998,38.150002,15200,38.010749
2016-01-25,38.060001,38.25,37.700001,37.700001,33300,37.562391
2016-01-22,38.02,38.290001,37.970001,38.139999,39700,38.000783
2016-01-21,37.610001,37.650002,37.009998,37.470001,18700,37.333231
2016-01-20,36.939999,37.599998,35.91,37.259998,98200,37.123995
2016-01-19,37.77,37.779999,37.009998,37.400002,65400,37.263487
2016-01-15,36.950001,37.610001,36.799999,37.330002,42100,37.193743
2016-01-14,37.43,38.599998,37.200001,38.330002,58400,38.190092
2016-01-13,39.220001,39.220001,37.630001,37.68,115700,37.542463
2016-01-12,39.09,39.400002,38.77,39.18,10900,39.036988
2016-01-11,39.009998,39.009998,38.389999,38.869999,25900,38.728118
2016-01-08,39.490002,39.700001,38.849998,38.880001,75900,38.738084
2016-01-07,39.299999,39.759998,39.220001,39.27,44100,39.12666
2016-01-06,39.900002,40.450001,39.849998,40.23,18800,40.083155
2016-01-05,40.619999,40.740002,40.369999,40.52,35000,40.372097
2016-01-04,40.790001,40.790001,40.240002,40.580002,85100,40.43188
2015-12-31,41.599998,41.830002,41.419998,41.470001,16100,41.31863
2015-12-30,42.169998,42.169998,41.790001,41.849998,17100,41.697241
2015-12-29,41.779999,42.16,41.779999,42.049999,15400,41.896511
2015-12-28,41.52,41.59,41.32,41.529999,12700,41.378409
2015-12-24,41.59,41.82,41.57,41.75,13000,41.597607
2015-12-23,41.610001,41.689999,41.549999,41.68,9900,41.527863
2015-12-22,41.240002,41.459999,41.099998,41.380001,11000,41.162205
2015-12-21,41.040001,41.080002,40.77,41.009998,16200,40.794149
2015-12-18,41.07,41.09,40.740002,40.779999,25600,40.56536
2015-12-17,42.00,42.16,41.25,41.25,48700,41.032888
2015-12-16,41.700001,42.009998,41.32,42.009998,50000,41.788886
2015-12-15,41.389999,41.57,41.360001,41.360001,11600,41.142309
2015-12-14,40.970001,40.990002,40.400002,40.900002,21000,40.684731
2015-12-11,41.169998,41.169998,40.689999,40.73,25000,40.515624
2015-12-10,41.349998,41.75,41.349998,41.700001,3500,41.48052
2015-12-09,41.759998,41.950001,41.139999,41.32,26900,41.102519
2015-12-08,41.490002,41.950001,41.439999,41.77,13700,41.550151
2015-12-07,42.060001,42.060001,41.720001,41.880001,9300,41.659573
2015-12-04,41.00,41.740002,41.00,41.700001,8600,41.48052
2015-12-03,41.740002,41.740002,40.599998,40.869999,13600,40.654887
2015-12-02,41.98,42.029999,41.599998,41.720001,20700,41.500415
2015-12-01,41.700001,42.029999,41.700001,42.02,19900,41.798835
2015-11-30,41.709999,41.740002,41.48,41.48,10900,41.261677
2015-11-27,41.720001,41.830002,41.720001,41.759998,1900,41.540202
2015-11-25,41.52,41.830002,41.52,41.75,26200,41.530256
2015-11-24,41.259998,41.509998,41.049999,41.450001,14300,41.231836
2015-11-23,41.470001,41.709999,41.349998,41.43,16800,41.211941
2015-11-20,41.59,41.66,41.48,41.549999,20900,41.331308
2015-11-19,41.450001,41.450001,41.310001,41.34,14000,41.122414
2015-11-18,40.830002,41.450001,40.77,41.450001,8200,41.231836
2015-11-17,40.790001,40.98,40.599998,40.740002,8100,40.525574
2015-11-16,40.209999,40.66,40.080002,40.66,9800,40.445993
2015-11-13,40.560001,40.560001,40.099998,40.099998,15900,39.888939
2015-11-12,41.060001,41.240002,40.720001,40.720001,19000,40.505678
2015-11-11,41.23,41.330002,41.060001,41.119999,13600,40.903571
2015-11-10,41.02,41.32,41.02,41.299999,20100,41.082624
2015-11-09,41.59,41.59,40.810001,41.119999,17300,40.903571
2015-11-06,41.650002,41.669998,41.34,41.669998,39500,41.450675
2015-11-05,41.860001,41.860001,41.419998,41.77,68400,41.550151
2015-11-04,42.189999,42.189999,41.669998,41.84,38400,41.619782
2015-11-03,41.900002,42.310001,41.869999,42.060001,22900,41.838626
2015-11-02,41.610001,42.00,41.529999,41.959999,15000,41.73915
2015-10-30,41.549999,41.709999,41.439999,41.470001,109500,41.251731
2015-10-29,41.43,41.610001,41.43,41.599998,23700,41.381044
2015-10-28,41.450001,41.560001,41.040001,41.509998,81600,41.291518
2015-10-27,41.240002,41.349998,41.07,41.349998,8800,41.13236
2015-10-26,41.349998,41.490002,41.290001,41.43,9200,41.211941
2015-10-23,41.330002,41.360001,40.919998,41.279999,20100,41.062729
2015-10-22,40.599998,41.040001,40.599998,40.939999,17800,40.724518
2015-10-21,40.759998,40.759998,40.16,40.330002,34500,40.117732
2015-10-20,40.740002,40.860001,40.43,40.560001,50900,40.346521
2015-10-19,40.529999,40.810001,40.459999,40.709999,89000,40.495729
2015-10-16,40.540001,40.619999,40.360001,40.619999,47300,40.406203
2015-10-15,39.869999,40.459999,39.73,40.459999,28400,40.247045
2015-10-14,40.009998,40.169998,39.73,39.82,50900,39.610414
2015-10-13,40.169998,40.400002,39.82,39.82,50700,39.610414
2015-10-12,40.299999,40.450001,40.189999,40.32,75200,40.107782
2015-10-09,40.200001,40.380001,40.099998,40.310001,117500,40.097837
2015-10-08,39.630001,40.240002,39.57,40.189999,75200,39.978465
2015-10-07,39.720001,39.939999,39.529999,39.799999,122100,39.590519
2015-10-06,39.639999,39.810001,39.23,39.459999,22700,39.252308
2015-10-05,39.77,39.93,39.580002,39.849998,14400,39.640255
2015-10-02,37.990002,39.240002,37.93,39.23,16500,39.023519
2015-10-01,38.470001,38.470001,38.02,38.360001,82900,38.158099
2015-09-30,38.049999,38.310001,37.880001,38.279999,51000,38.078519
2015-09-29,37.810001,38.119999,37.450001,37.599998,12300,37.402097
2015-09-28,38.650002,38.650002,37.75,37.779999,9400,37.58115
2015-09-25,39.790001,39.790001,38.93,39.040001,13500,38.834521
2015-09-24,39.439999,39.450001,39.02,39.419998,36300,39.212518
2015-09-23,39.790001,39.790001,39.490002,39.669998,36000,39.461202
2015-09-22,39.959999,39.959999,39.459999,39.849998,34000,39.621355
2015-09-21,40.689999,40.830002,40.34,40.369999,5500,40.138372
2015-09-18,40.740002,41.02,40.490002,40.549999,28200,40.317339
2015-09-17,41.130001,41.709999,41.07,41.130001,10800,40.894013
2015-09-16,40.860001,41.099998,40.689999,41.099998,24300,40.864183
2015-09-15,40.27,40.790001,40.259998,40.740002,14000,40.506252
2015-09-14,40.57,40.57,40.110001,40.259998,21800,40.029002
2015-09-11,40.150002,40.43,40.029999,40.419998,15900,40.188084
2015-09-10,40.080002,40.610001,40.080002,40.25,8400,40.019061
2015-09-09,40.970001,40.970001,40.119999,40.119999,17800,39.889806
2015-09-08,40.189999,40.529999,40.150002,40.529999,13100,40.297454
2015-09-04,39.630001,39.860001,39.310001,39.740002,16300,39.511989
2015-09-03,40.419998,40.529999,39.91,40.02,12100,39.790382
2015-09-02,39.889999,40.009998,39.41,40.009998,19300,39.780437
2015-09-01,39.540001,39.849998,39.009998,39.169998,47000,38.945256
2015-08-31,40.619999,40.700001,40.27,40.27,14400,40.038947
2015-08-28,40.66,40.919998,40.580002,40.75,23700,40.516193
2015-08-27,40.369999,40.830002,40.009998,40.73,43100,40.496307
2015-08-26,39.779999,39.849998,38.400002,39.779999,51300,39.551757
2015-08-25,39.48,39.740002,38.50,38.50,72400,38.279102
2015-08-24,36.830002,39.610001,35.00,38.630001,166400,38.408357
2015-08-21,41.009998,41.09,40.080002,40.099998,90300,39.869921
2015-08-20,42.279999,42.279999,41.50,41.50,11100,41.261889
2015-08-19,42.73,43.02,42.450001,42.720001,14900,42.474891
2015-08-18,43.209999,43.209999,42.860001,42.93,9400,42.683685
2015-08-17,42.669998,43.07,42.509998,43.07,5700,42.822881
2015-08-14,42.57,42.68,42.509998,42.619999,24100,42.375462
2015-08-13,42.73,42.919998,42.59,42.66,11900,42.415234
2015-08-12,42.459999,42.740002,41.98,42.73,38400,42.484832
2015-08-11,42.939999,42.990002,42.509998,42.75,21600,42.504717
2015-08-10,43.07,43.169998,43.009998,43.099998,12100,42.852708
2015-08-07,42.889999,42.889999,42.41,42.73,16700,42.484832
2015-08-06,43.700001,43.700001,42.630001,42.810001,29800,42.564375
2015-08-05,43.830002,44.07,43.799999,43.82,12600,43.568578
2015-08-04,43.43,43.639999,43.43,43.50,9600,43.250414
2015-08-03,43.540001,43.540001,43.060001,43.360001,15300,43.111218
2015-07-31,44.639999,44.639999,43.310001,43.43,16200,43.180816
2015-07-30,43.00,43.330002,42.790001,43.32,27600,43.071447
2015-07-29,43.00,43.25,43.00,43.169998,25300,42.922306
2015-07-28,42.470001,42.880001,42.349998,42.82,11100,42.574316
2015-07-27,42.389999,42.639999,42.279999,42.330002,17700,42.087129
2015-07-24,43.380001,43.380001,42.740002,42.799999,43700,42.55443
2015-07-23,43.509998,43.59,43.279999,43.32,26400,43.071447
2015-07-22,43.619999,43.619999,43.400002,43.52,32200,43.2703
2015-07-21,43.509998,43.610001,43.349998,43.52,22900,43.2703
2015-07-20,43.700001,43.700001,43.50,43.619999,38200,43.369725
2015-07-17,43.560001,43.560001,43.419998,43.470001,21600,43.220588
2015-07-16,43.43,43.68,43.43,43.66,39000,43.409496
2015-07-15,43.27,43.310001,43.09,43.150002,12500,42.902424
2015-07-14,43.02,43.299999,43.02,43.259998,5700,43.01179
2015-07-13,42.860001,43.119999,42.860001,43.119999,8800,42.872594
2015-07-10,42.419998,42.529999,42.23,42.470001,16800,42.226325
2015-07-09,42.200001,42.200001,41.860001,41.91,33900,41.669537
2015-07-08,42.060001,42.060001,41.580002,41.630001,13500,41.391145
2015-07-07,42.07,42.450001,41.619999,42.34,14300,42.09707
2015-07-06,42.029999,42.369999,41.939999,42.130001,13000,41.888276
2015-07-02,42.389999,42.389999,42.119999,42.279999,9400,42.037413
2015-07-01,42.27,42.27,42.049999,42.150002,69900,41.908162
2015-06-30,42.049999,42.049999,41.639999,41.880001,10900,41.63971
2015-06-29,42.41,42.41,41.560001,41.630001,51400,41.391145
2015-06-26,42.73,42.799999,42.59,42.700001,5400,42.455005
2015-06-25,42.900002,42.900002,42.720001,42.720001,41100,42.474891
2015-06-24,43.16,43.16,42.740002,42.759998,9700,42.514658
2015-06-23,43.139999,43.240002,43.119999,43.240002,9400,42.946171
2015-06-22,43.189999,43.310001,43.130001,43.150002,12100,42.856782
2015-06-19,43.18,43.240002,42.990002,43.02,11600,42.727665
2015-06-18,42.810001,43.080002,42.810001,43.07,8800,42.777324
2015-06-17,42.299999,42.52,42.099998,42.52,14900,42.231062
2015-06-16,41.77,42.150002,41.77,42.130001,28200,41.843713
2015-06-15,41.75,41.950001,41.650002,41.950001,16900,41.664936
2015-06-12,42.16,42.240002,42.029999,42.130001,6000,41.843713
2015-06-11,42.41,42.439999,42.25,42.310001,10600,42.02249
2015-06-10,41.799999,42.299999,41.799999,42.299999,48500,42.012556
2015-06-09,41.759998,41.919998,41.59,41.799999,8800,41.515954
2015-06-08,42.240002,42.240002,41.849998,41.849998,19700,41.565613
2015-06-05,42.099998,42.27,42.00,42.240002,90900,41.952966
2015-06-04,42.25,42.57,42.130001,42.18,34300,41.893373
2015-06-03,42.419998,42.459999,42.299999,42.400002,41000,42.111879
2015-06-02,42.25,42.419998,42.200001,42.27,14100,41.982761
2015-06-01,42.419998,42.450001,41.990002,42.259998,35000,41.972827
2015-05-29,42.259998,42.360001,42.099998,42.200001,10800,41.913237
2015-05-28,42.529999,42.560001,42.310001,42.400002,4300,42.111879
2015-05-27,42.259998,42.59,42.259998,42.549999,17100,42.260857
2015-05-26,42.599998,42.599998,42.02,42.080002,23000,41.794054
2015-05-22,42.700001,42.700001,42.540001,42.57,19500,42.280722
2015-05-21,42.290001,42.669998,42.290001,42.669998,14700,42.380041
2015-05-20,42.59,42.619999,42.369999,42.400002,10300,42.111879
2015-05-19,42.630001,42.630001,42.389999,42.389999,5300,42.101945
2015-05-18,42.459999,42.599998,42.34,42.599998,20300,42.310517
2015-05-15,42.389999,42.450001,42.25,42.419998,11000,42.13174
2015-05-14,42.139999,42.259998,41.830002,42.259998,21500,41.972827
2015-05-13,42.16,42.16,41.77,41.77,6800,41.486159
2015-05-12,41.889999,42.049999,41.630001,41.900002,13900,41.615276
2015-05-11,42.18,42.220001,42.00,42.009998,21400,41.724526
2015-05-08,42.009998,42.200001,42.009998,42.080002,8700,41.794054
2015-05-07,41.509998,41.700001,41.50,41.599998,6300,41.317312
2015-05-06,41.959999,41.959999,41.389999,41.549999,34100,41.267653
2015-05-05,42.32,42.32,41.759998,41.830002,8100,41.545752
2015-05-04,42.43,42.509998,42.310001,42.400002,10400,42.111879
2015-05-01,42.07,42.279999,42.02,42.279999,15600,41.992692
2015-04-30,42.189999,42.32,41.619999,41.709999,11600,41.426565
2015-04-29,42.50,42.50,42.110001,42.32,25400,42.032421
2015-04-28,42.509998,42.599998,42.360001,42.509998,93200,42.221128
2015-04-27,43.189999,43.189999,42.57,42.630001,8400,42.340315
2015-04-24,43.080002,43.09,42.91,43.029999,6000,42.737595
2015-04-23,42.639999,43.049999,42.639999,42.990002,14800,42.69787
2015-04-22,42.68,42.68,42.50,42.650002,10900,42.36018
2015-04-21,42.290001,42.580002,42.290001,42.529999,9500,42.240993
2015-04-20,42.049999,42.169998,42.049999,42.169998,5900,41.883438
2015-04-17,42.259998,42.259998,41.59,41.779999,17900,41.496089
2015-04-16,42.27,42.330002,42.189999,42.310001,9400,42.02249
2015-04-15,42.189999,42.330002,42.189999,42.200001,33000,41.913237
2015-04-14,42.09,42.23,41.950001,42.110001,11700,41.823849
2015-04-13,42.41,42.470001,42.290001,42.290001,12300,42.002626
2015-04-10,42.279999,42.369999,42.209999,42.330002,30000,42.042355
2015-04-09,42.040001,42.18,41.790001,42.18,12100,41.893373
2015-04-08,41.700001,41.939999,41.68,41.889999,13200,41.605342
2015-04-07,41.560001,41.799999,41.509998,41.540001,29000,41.257722
2015-04-06,41.16,41.779999,41.16,41.650002,34400,41.366975
2015-04-02,41.330002,41.419998,41.27,41.380001,20000,41.09881
2015-04-01,41.029999,41.130001,40.98,41.130001,8900,40.850508
2015-03-31,41.799999,41.91,41.439999,41.439999,24200,41.158399
2015-03-30,41.66,41.82,41.66,41.810001,3500,41.525888
2015-03-27,41.299999,41.450001,41.299999,41.400002,6500,41.118674
2015-03-26,41.220001,41.290001,40.959999,41.119999,9200,40.840574
2015-03-25,42.16,42.16,41.439999,41.439999,8300,41.158399
2015-03-24,42.310001,42.380001,42.049999,42.049999,6500,41.732472
2015-03-23,42.369999,42.470001,42.200001,42.200001,7300,41.88134
2015-03-20,42.400002,42.50,42.240002,42.419998,27000,42.099677
2015-03-19,42.150002,42.150002,42.009998,42.060001,8900,41.742398
2015-03-18,41.50,42.150002,41.349998,42.080002,10200,41.762248
2015-03-17,41.490002,41.75,41.43,41.669998,18100,41.35534
2015-03-16,41.43,41.68,41.43,41.68,18900,41.365267
2015-03-13,41.48,41.48,40.990002,41.169998,8000,40.859116
2015-03-12,40.959999,41.470001,40.959999,41.470001,9800,41.156853
2015-03-11,40.959999,41.080002,40.919998,40.939999,4300,40.630853
2015-03-10,41.310001,41.310001,40.970001,40.990002,31100,40.680478
2015-03-09,41.549999,41.619999,41.41,41.610001,9500,41.295795
2015-03-06,41.900002,41.91,41.380001,41.43,70500,41.117154
2015-03-05,41.860001,42.099998,41.860001,42.060001,13300,41.742398
2015-03-04,42.02,42.02,41.709999,41.860001,42400,41.543908
2015-03-03,42.169998,42.169998,41.959999,42.130001,52600,41.811869
2015-03-02,42.049999,42.209999,42.049999,42.209999,8300,41.891263
2015-02-27,42.00,42.02,41.869999,41.950001,7300,41.633228
2015-02-26,41.84,41.970001,41.779999,41.889999,77800,41.57368
2015-02-25,41.799999,41.98,41.77,41.880001,15400,41.563757
2015-02-24,41.77,41.77,41.599998,41.709999,10000,41.395039
2015-02-23,41.77,41.810001,41.650002,41.75,9100,41.434738
2015-02-20,41.59,41.810001,41.360001,41.799999,31400,41.484359
2015-02-19,41.419998,41.599998,41.419998,41.529999,10700,41.216398
2015-02-18,41.299999,41.360001,41.23,41.349998,15200,41.037757
2015-02-17,41.279999,41.32,41.110001,41.23,31200,40.918664
2015-02-13,40.98,41.189999,40.959999,41.189999,21000,40.878965
2015-02-12,40.639999,40.860001,40.549999,40.860001,15300,40.551459
2015-02-11,40.299999,40.48,40.209999,40.380001,17100,40.075084
2015-02-10,40.189999,40.450001,40.00,40.43,7600,40.124706
2015-02-09,40.040001,40.09,39.919998,39.939999,13800,39.638404
2015-02-06,40.25,40.41,40.099998,40.099998,23200,39.797196
2015-02-05,40.150002,40.389999,40.139999,40.389999,148200,40.085007
2015-02-04,39.93,40.23,39.91,40.00,30100,39.697952
2015-02-03,39.900002,40.299999,39.810001,40.299999,14500,39.995686
2015-02-02,39.27,39.290001,38.869999,39.290001,16200,38.993315
2015-01-30,39.50,39.77,39.16,39.169998,21000,38.874218
2015-01-29,39.349998,39.59,39.09,39.560001,17400,39.261276
2015-01-28,40.040001,40.09,39.279999,39.299999,39800,39.003237
2015-01-27,39.869999,40.07,39.599998,39.799999,46600,39.499462
2015-01-26,39.959999,40.169998,39.810001,40.119999,12100,39.817045
2015-01-23,39.84,40.09,39.84,39.970001,9600,39.66818
2015-01-22,39.330002,39.91,39.119999,39.900002,12700,39.598709
2015-01-21,39.110001,39.349998,39.07,39.25,16800,38.953616
2015-01-20,38.970001,39.07,38.549999,38.959999,20900,38.665805
2015-01-16,38.18,38.860001,38.18,38.860001,21100,38.566561
2015-01-15,38.709999,38.73,38.299999,38.32,19100,38.030638
2015-01-14,38.619999,38.849998,38.419998,38.740002,23100,38.447468
2015-01-13,39.529999,39.720001,38.77,38.990002,42700,38.695581
2015-01-12,39.419998,39.419998,39.009998,39.09,36300,38.794824
2015-01-09,39.560001,39.610001,39.240002,39.32,12700,39.023087
2015-01-08,39.529999,39.790001,39.529999,39.720001,22300,39.420068
2015-01-07,39.169998,39.169998,38.82,39.130001,11400,38.834523
2015-01-06,39.220001,39.220001,38.349998,38.639999,22300,38.348221
2015-01-05,39.389999,39.490002,38.959999,39.029999,20800,38.735276
2015-01-02,40.029999,40.029999,39.509998,39.66,10100,39.36052
2014-12-31,40.23,40.240002,40.00,40.00,2900,39.697952
2014-12-30,40.259998,40.259998,40.040001,40.040001,9500,39.737651
2014-12-29,40.830002,40.830002,40.099998,40.290001,7500,39.985763
2014-12-26,39.849998,40.110001,39.849998,40.080002,5200,39.77735
2014-12-24,39.810001,40.00,39.779999,39.900002,23800,39.598709
2014-12-23,40.099998,40.099998,39.68,39.849998,19500,39.549083
2014-12-22,39.799999,40.150002,39.759998,39.880001,16500,39.545117
2014-12-19,39.759998,39.990002,39.68,39.970001,14100,39.634362
2014-12-18,39.509998,39.700001,39.360001,39.700001,32800,39.366629
2014-12-17,38.25,38.950001,38.25,38.880001,13000,38.553515
2014-12-16,38.560001,38.889999,38.299999,38.299999,9400,37.978383
2014-12-15,39.279999,39.279999,38.57,38.720001,25100,38.394858
2014-12-12,39.080002,39.34,38.84,39.00,21200,38.672506
2014-12-11,39.349998,39.709999,39.259998,39.540001,8300,39.207972
2014-12-10,39.66,39.66,39.029999,39.029999,10300,38.702253
2014-12-09,39.43,39.639999,39.080002,39.619999,10100,39.287299
2014-12-08,39.869999,39.919998,39.509998,39.619999,26300,39.287299
2014-12-05,39.830002,40.009998,39.779999,39.779999,21500,39.445955
2014-12-04,39.990002,39.990002,39.759998,39.830002,11800,39.495538
2014-12-03,39.849998,40.029999,39.849998,40.029999,6800,39.693856
2014-12-02,39.84,39.959999,39.799999,39.900002,5900,39.56495
2014-12-01,40.09,40.09,39.689999,39.75,4600,39.416208
2014-11-28,40.060001,40.200001,40.049999,40.099998,5500,39.763268
2014-11-26,39.799999,39.799999,39.639999,39.759998,11400,39.426122
2014-11-25,39.700001,39.720001,39.50,39.720001,19500,39.386461
2014-11-24,39.400002,39.529999,39.369999,39.52,10100,39.18814
2014-11-21,39.650002,39.650002,39.23,39.279999,6300,38.950154
2014-11-20,38.860001,39.25,38.860001,39.080002,22000,38.751836
2014-11-19,39.150002,39.209999,39.02,39.049999,6500,38.722085
2014-11-18,38.91,39.150002,38.91,39.139999,9700,38.81133
2014-11-17,38.830002,38.889999,38.709999,38.799999,14100,38.474185
2014-11-14,38.790001,38.860001,38.790001,38.790001,13600,38.46427
2014-11-13,38.869999,39.049999,38.740002,38.900002,18100,38.573347
2014-11-12,38.59,38.869999,38.59,38.869999,15900,38.543597
2014-11-11,38.91,38.91,38.650002,38.759998,6700,38.43452
2014-11-10,38.580002,38.759998,38.52,38.709999,24600,38.38494
2014-11-07,38.75,38.75,38.419998,38.560001,20800,38.236202
2014-11-06,38.470001,38.59,38.310001,38.59,72400,38.265949
2014-11-05,38.560001,38.560001,38.110001,38.139999,68400,37.819727
2014-11-04,38.34,38.34,37.91,38.110001,14900,37.78998
2014-11-03,38.490002,38.529999,38.400002,38.43,11700,38.107293
2014-10-31,38.860001,38.860001,38.290001,38.439999,55700,38.117207
2014-10-30,37.639999,38.060001,37.630001,37.98,15000,37.661071
2014-10-29,37.990002,37.990002,37.549999,37.75,45000,37.433003
2014-10-28,37.490002,37.919998,37.490002,37.880001,16000,37.561912
2014-10-27,37.32,37.48,37.299999,37.43,34400,37.11569
2014-10-24,37.110001,37.439999,37.110001,37.439999,4100,37.125604
2014-10-23,37.029999,37.32,36.82,37.150002,13500,36.838043
2014-10-22,36.959999,36.959999,36.529999,36.529999,22700,36.223246
2014-10-21,36.369999,36.860001,36.34,36.82,50500,36.510812
2014-10-20,35.290001,35.880001,35.290001,35.880001,3800,35.578707
2014-10-17,35.50,35.610001,35.240002,35.41,24700,35.112652
2014-10-16,34.349998,35.110001,34.349998,34.959999,43800,34.66643
2014-10-15,34.77,35.259998,34.240002,35.169998,162100,34.874666
2014-10-14,35.310001,35.50,35.18,35.25,7600,34.953996
2014-10-13,35.779999,35.779999,35.060001,35.060001,22400,34.765593
2014-10-10,36.240002,36.310001,35.740002,35.740002,9800,35.439883
2014-10-09,36.610001,36.610001,36.32,36.419998,22100,36.114169
2014-10-08,36.509998,36.990002,36.290001,36.970001,17600,36.659554
2014-10-07,36.849998,36.849998,36.490002,36.490002,4900,36.183585
2014-10-06,37.220001,37.299999,36.900002,37.029999,2800,36.719047
2014-10-03,36.619999,37.060001,36.619999,37.02,6300,36.709133
2014-10-02,36.34,36.509998,36.02,36.470001,11600,36.163752
2014-10-01,36.900002,36.900002,36.32,36.43,6900,36.124087
2014-09-30,37.00,37.060001,36.869999,36.98,13900,36.669468
2014-09-29,36.91,37.049999,36.849998,36.950001,4800,36.639721
2014-09-26,37.00,37.16,36.889999,37.150002,7900,36.838043
2014-09-25,37.349998,37.349998,36.84,36.919998,15000,36.609971
2014-09-24,36.98,37.490002,36.98,37.48,28000,37.165269
2014-09-23,37.139999,37.139999,37.00,37.00,4400,36.689301
2014-09-22,37.59,37.669998,37.119999,37.220001,4600,36.907454
2014-09-19,37.830002,37.830002,37.450001,37.57,11200,37.254514
2014-09-18,37.439999,37.639999,37.439999,37.580002,30400,37.264432
2014-09-17,37.439999,37.509998,37.23,37.360001,11100,37.046278
2014-09-16,36.900002,37.349998,36.900002,37.349998,9000,37.03636
2014-09-15,37.43,37.43,36.93,37.00,3700,36.689301
2014-09-12,37.52,37.52,37.299999,37.389999,8200,37.076025
2014-09-11,37.439999,37.619999,37.41,37.580002,12400,37.264432
2014-09-10,37.400002,37.639999,37.349998,37.619999,17900,37.304093
2014-09-09,37.790001,37.790001,37.43,37.450001,10200,37.135523
2014-09-08,37.77,37.889999,37.720001,37.779999,4000,37.46275
2014-09-05,37.740002,37.860001,37.630001,37.860001,4800,37.54208
2014-09-04,37.889999,38.080002,37.889999,37.93,11800,37.611491
2014-09-03,38.169998,38.169998,37.889999,37.939999,12200,37.621406
2014-09-02,37.970001,37.970001,37.75,37.889999,4900,37.571826
2014-08-29,37.84,37.84,37.630001,37.66,3700,37.343758
2014-08-28,37.630001,37.709999,37.610001,37.669998,6800,37.353673
2014-08-27,37.82,37.82,37.650002,37.68,14400,37.363591
2014-08-26,37.599998,37.779999,37.599998,37.66,32200,37.343758
2014-08-25,37.650002,37.669998,37.50,37.599998,13200,37.284261
2014-08-22,37.380001,37.450001,37.209999,37.400002,13900,37.085943
2014-08-21,37.25,37.259998,37.200001,37.259998,8000,36.947116
2014-08-20,37.130001,37.299999,37.130001,37.290001,5000,36.976866
2014-08-19,37.189999,37.279999,37.169998,37.25,5100,36.937201
2014-08-18,37.189999,37.209999,37.09,37.139999,27200,36.828124
2014-08-15,37.040001,37.040001,36.709999,36.93,15900,36.619889
2014-08-14,36.48,36.669998,36.48,36.669998,5200,36.36207
2014-08-13,36.299999,36.400002,36.209999,36.360001,55700,36.054675
2014-08-12,36.23,36.240002,36.02,36.07,3100,35.76711
2014-08-11,36.169998,36.27,36.16,36.18,18900,35.876187
2014-08-08,35.650002,35.98,35.619999,35.93,6100,35.628286
2014-08-07,35.869999,35.869999,35.50,35.50,5900,35.201897
2014-08-06,35.66,35.939999,35.650002,35.849998,7800,35.548956
2014-08-05,35.790001,36.00,35.66,35.669998,12800,35.370467
2014-08-04,35.950001,36.080002,35.759998,36.060001,16600,35.757195
2014-08-01,36.040001,36.040001,35.639999,35.779999,3800,35.479544
2014-07-31,36.43,36.43,35.849998,35.869999,8600,35.568788
2014-07-30,36.52,36.610001,36.400002,36.57,7600,36.262911
2014-07-29,36.349998,36.48,36.349998,36.380001,4600,36.074508
2014-07-28,36.259998,36.32,36.240002,36.310001,2200,36.005096
2014-07-25,36.459999,36.459999,36.279999,36.279999,23600,35.975345
2014-07-24,36.529999,36.619999,36.470001,36.57,44900,36.262911
2014-07-23,36.459999,36.509998,36.43,36.50,3100,36.193499
2014-07-22,36.25,36.360001,36.25,36.290001,3200,35.985264
2014-07-21,36.220001,36.220001,36.110001,36.139999,3600,35.836522
2014-07-18,35.91,36.25,35.91,36.25,8600,35.945599
2014-07-17,36.169998,36.25,35.830002,35.849998,4600,35.548956
2014-07-16,36.360001,36.400002,36.209999,36.240002,4900,35.935684
2014-07-15,36.43,36.43,36.099998,36.279999,22000,35.975345
2014-07-14,36.400002,36.509998,36.400002,36.450001,4600,36.14392
2014-07-11,36.25,36.299999,36.139999,36.299999,2600,35.995178
2014-07-10,35.939999,36.32,35.939999,36.23,3200,35.925766
2014-07-09,36.200001,36.369999,36.110001,36.349998,1700,36.044757
2014-07-08,36.27,36.27,36.040001,36.07,3100,35.76711
2014-07-07,36.700001,36.75,36.48,36.48,4400,36.173667
2014-07-03,36.59,36.810001,36.59,36.810001,4600,36.500897
2014-07-02,36.50,36.560001,36.48,36.48,10000,36.173667
2014-07-01,36.310001,36.529999,36.310001,36.459999,5500,36.153834
2014-06-30,35.98,36.060001,35.98,36.060001,4300,35.757195
2014-06-27,35.84,35.98,35.84,35.98,3000,35.677865
2014-06-26,35.630001,35.84,35.630001,35.84,2500,35.539042
2014-06-25,35.540001,35.869999,35.540001,35.869999,7000,35.568788
2014-06-24,35.77,36.02,35.599998,35.669998,45400,35.370467
2014-06-23,35.540001,35.68,35.540001,35.630001,4300,35.2961
2014-06-20,35.66,35.66,35.599998,35.619999,7000,35.286192
2014-06-19,35.639999,35.689999,35.52,35.599998,11900,35.266379
2014-06-18,35.369999,35.669998,35.369999,35.66,28000,35.325818
2014-06-17,35.360001,35.50,35.34,35.43,11300,35.097974
2014-06-16,35.299999,35.43,35.25,35.360001,5800,35.02863
2014-06-13,35.259998,35.400002,35.209999,35.349998,12800,35.018722
2014-06-12,35.490002,35.490002,35.330002,35.360001,4400,35.02863
2014-06-11,35.549999,35.639999,35.48,35.619999,7700,35.286192
2014-06-10,35.580002,35.630001,35.57,35.610001,8300,35.276287
2014-06-09,35.84,35.84,35.68,35.709999,21600,35.375349
2014-06-06,35.700001,35.740002,35.630001,35.740002,8400,35.40507
2014-06-05,35.349998,35.560001,35.220001,35.540001,7600,35.206943
2014-06-04,35.220001,35.32,35.209999,35.299999,9100,34.969191
2014-06-03,35.150002,35.150002,35.060001,35.139999,2900,34.81069
2014-06-02,35.119999,35.200001,34.98,35.200001,14200,34.87013
2014-05-30,35.119999,35.150002,35.00,35.150002,7700,34.820599
2014-05-29,35.119999,35.150002,35.07,35.150002,10900,34.820599
2014-05-28,35.029999,35.110001,34.950001,34.990002,3700,34.662098
2014-05-27,34.919998,35.040001,34.919998,35.040001,5000,34.711629
2014-05-23,34.66,34.82,34.650002,34.799999,18700,34.473877
2014-05-22,34.490002,34.650002,34.490002,34.580002,23600,34.255941
2014-05-21,34.220001,34.369999,34.169998,34.349998,23400,34.028093
2014-05-20,34.380001,34.380001,33.98,34.080002,5400,33.760627
2014-05-19,34.200001,34.470001,34.200001,34.470001,2800,34.146971
2014-05-16,34.18,34.25,33.900002,34.25,3900,33.929032
2014-05-15,34.299999,34.299999,33.73,34.040001,59900,33.721
2014-05-14,34.439999,34.540001,34.299999,34.299999,8800,33.978562
2014-05-13,34.57,34.709999,34.549999,34.59,4400,34.265845
2014-05-12,34.259998,34.610001,34.259998,34.59,9800,34.265845
2014-05-09,33.700001,34.029999,33.700001,34.029999,4700,33.711092
2014-05-08,34.200001,34.290001,33.75,33.82,3500,33.503061
2014-05-07,34.09,34.09,33.619999,33.779999,7100,33.463435
2014-05-06,34.34,34.34,33.990002,33.990002,43700,33.67147
2014-05-05,34.130001,34.349998,34.040001,34.349998,26900,34.028093
2014-05-02,34.369999,34.50,34.23,34.23,7200,33.909219
2014-05-01,34.060001,34.349998,34.060001,34.18,7800,33.859688
2014-04-30,33.650002,34.009998,33.650002,33.98,7200,33.661561
2014-04-29,33.66,33.869999,33.57,33.869999,5500,33.552592
2014-04-28,33.639999,33.880001,33.150002,33.599998,12800,33.285121
2014-04-25,33.84,33.869999,33.529999,33.580002,20000,33.265312
2014-04-24,34.830002,34.830002,33.93,34.110001,14500,33.790344
2014-04-23,34.240002,34.290001,34.099998,34.119999,13600,33.800249
2014-04-22,34.27,34.50,34.27,34.389999,18800,34.067719
2014-04-21,34.00,34.02,33.84,34.00,10300,33.681374
2014-04-17,33.599998,33.939999,33.599998,33.779999,13600,33.463435
2014-04-16,33.50,33.66,33.439999,33.650002,8900,33.334656
2014-04-15,33.369999,33.48,32.610001,33.240002,29600,32.928498
2014-04-14,33.43,33.48,32.959999,33.23,83600,32.91859
2014-04-11,33.220001,33.57,33.080002,33.080002,25300,32.769998
2014-04-10,34.48,34.48,33.43,33.509998,21900,33.195965
2014-04-09,34.07,34.549999,34.07,34.549999,5900,34.226219
2014-04-08,33.889999,34.080002,33.68,33.990002,6400,33.67147
2014-04-07,34.060001,34.110001,33.580002,33.790001,27500,33.473343
2014-04-04,35.439999,35.439999,34.25,34.27,15500,33.948845
2014-04-03,35.52,35.52,34.93,35.150002,15500,34.820599
2014-04-02,35.349998,35.450001,35.32,35.439999,8500,35.107878
2014-04-01,34.900002,35.169998,34.900002,35.16,8400,34.830504
2014-03-31,34.619999,34.689999,34.529999,34.580002,22700,34.255941
2014-03-28,34.389999,34.630001,34.290001,34.32,15500,33.998375
2014-03-27,34.27,34.57,33.639999,34.259998,44000,33.938936
2014-03-26,34.959999,34.959999,34.419998,34.43,26000,34.107345
2014-03-25,34.970001,35.060001,34.50,34.68,10100,34.355002
2014-03-24,35.740002,35.740002,34.720001,35.040001,17100,34.448121
2014-03-21,36.169998,36.27,35.549999,35.549999,20900,34.949505
2014-03-20,36.060001,36.209999,35.990002,36.060001,21300,35.450892
2014-03-19,36.419998,36.419998,35.939999,36.169998,15100,35.559031
2014-03-18,36.34,36.419998,36.290001,36.400002,19000,35.785149
2014-03-17,36.07,36.25,36.07,36.119999,11300,35.509877
2014-03-14,35.889999,36.119999,35.32,35.889999,12000,35.283762
2014-03-13,36.549999,36.580002,35.77,35.860001,11400,35.25427
2014-03-12,36.150002,36.439999,36.150002,36.43,6400,35.814642
2014-03-11,36.43,36.630001,36.27,36.27,10000,35.657344
2014-03-10,36.52,36.52,36.240002,36.450001,13800,35.834304
2014-03-07,36.91,36.91,36.369999,36.470001,58700,35.853967
2014-03-06,36.900002,36.900002,36.630001,36.630001,6600,36.011264
2014-03-05,36.91,36.91,36.799999,36.810001,8900,36.188224
2014-03-04,36.860001,36.93,36.720001,36.860001,21000,36.237378
2014-03-03,36.299999,36.450001,36.099998,36.360001,21800,35.745824
2014-02-28,36.779999,36.880001,36.360001,36.59,19000,35.971939
2014-02-27,36.529999,36.669998,36.419998,36.66,17100,36.040756
2014-02-26,36.599998,36.709999,36.32,36.41,46300,35.794979
2014-02-25,36.50,36.599998,36.369999,36.439999,9700,35.824471
2014-02-24,36.43,36.630001,36.419998,36.470001,55100,35.853967
2014-02-21,36.369999,36.369999,36.150002,36.240002,17400,35.627852
2014-02-20,35.990002,36.240002,35.860001,36.240002,18900,35.627852
2014-02-19,35.950001,36.060001,35.73,35.73,22600,35.126465
2014-02-18,35.82,36.049999,35.740002,36.00,29100,35.391905
2014-02-14,35.580002,35.790001,35.540001,35.709999,14700,35.106802
2014-02-13,35.18,35.669998,35.18,35.66,21800,35.057648
2014-02-12,35.50,35.619999,35.360001,35.490002,19500,34.890521
2014-02-11,35.07,35.450001,34.98,35.360001,23400,34.762716
2014-02-10,34.799999,34.990002,34.709999,34.990002,20100,34.398967
2014-02-07,34.310001,34.790001,34.27,34.77,5300,34.182682
2014-02-06,33.75,34.00,33.75,34.00,5600,33.425688
2014-02-05,33.360001,33.48,33.040001,33.41,25600,32.845654
2014-02-04,33.349998,33.650002,33.279999,33.540001,89400,32.973459
2014-02-03,34.00,34.00,33.189999,33.209999,10000,32.649031
2014-01-31,33.77,34.279999,33.77,34.049999,15100,33.474842
2014-01-30,34.150002,34.50,34.150002,34.360001,3900,33.779607
2014-01-29,33.759998,34.09,33.619999,33.799999,25600,33.229065
2014-01-28,33.759998,34.040001,33.27,34.00,30000,33.425688
2014-01-27,33.91,34.00,33.450001,33.709999,46300,33.140585
2014-01-24,34.490002,34.57,34.02,34.02,59700,33.44535
2014-01-23,34.93,34.93,34.66,34.84,12900,34.251499
2014-01-22,35.009998,35.02,34.900002,34.990002,29700,34.398967
2014-01-21,35.060001,35.060001,34.68,34.880001,20800,34.290824
2014-01-17,34.759998,34.889999,34.73,34.75,45200,34.163019
2014-01-16,34.59,34.740002,34.59,34.73,10200,34.143356
2014-01-15,34.720001,34.740002,34.580002,34.669998,8600,34.084369
2014-01-14,34.290001,34.669998,34.130001,34.669998,11400,34.084369
2014-01-13,34.669998,34.689999,34.049999,34.110001,30200,33.53383
2014-01-10,34.610001,34.709999,34.380001,34.68,35400,34.094202
2014-01-09,34.639999,34.669998,34.349998,34.52,37600,33.936905
2014-01-08,34.599998,34.689999,34.580002,34.610001,15000,34.025384
2014-01-07,34.369999,34.619999,34.369999,34.610001,8200,34.025384
2014-01-06,34.509998,34.57,34.18,34.27,40200,33.691127
2014-01-03,34.540001,34.619999,34.400002,34.52,13800,33.936905
2014-01-02,34.669998,34.669998,34.439999,34.529999,12900,33.946734
2013-12-31,34.73,34.82,34.689999,34.790001,30200,34.202344
2013-12-30,34.540001,34.73,34.540001,34.720001,25100,34.133527
2013-12-27,34.779999,34.779999,34.529999,34.57,12200,33.986059
2013-12-26,34.59,34.66,34.459999,34.66,9100,34.074539
2013-12-24,34.450001,34.509998,34.330002,34.490002,14900,33.907412
2013-12-23,34.349998,34.380001,34.25,34.360001,12500,33.779607
2013-12-20,34.00,34.27,33.990002,34.169998,24600,33.592814
2013-12-19,33.77,33.939999,33.75,33.919998,26700,33.347037
2013-12-18,33.50,33.779999,33.150002,33.779999,6400,33.209403
2013-12-17,33.529999,33.529999,33.240002,33.419998,18200,32.808293
2013-12-16,33.599998,33.630001,33.48,33.57,7100,32.955549
2013-12-13,33.450001,33.450001,33.369999,33.389999,10300,32.778843
2013-12-12,33.41,33.43,33.27,33.400002,5100,32.788662
2013-12-11,33.849998,33.849998,33.369999,33.380001,12600,32.769028
2013-12-10,33.759998,33.919998,33.720001,33.830002,6200,33.210792
2013-12-09,33.919998,33.93,33.799999,33.810001,12100,33.191158
2013-12-06,33.919998,33.919998,33.630001,33.759998,14100,33.14207
2013-12-05,33.540001,33.549999,33.419998,33.459999,11100,32.847562
2013-12-04,33.549999,33.639999,33.23,33.400002,10900,32.788662
2013-12-03,33.689999,33.82,33.57,33.639999,7000,33.024267
2013-12-02,34.07,34.07,33.77,33.779999,16100,33.161704
2013-11-29,34.040001,34.060001,33.93,33.93,4400,33.30896
2013-11-27,33.860001,33.950001,33.82,33.950001,22200,33.328594
2013-11-26,33.669998,33.889999,33.669998,33.77,32300,33.151889
2013-11-25,33.689999,33.790001,33.630001,33.709999,19500,33.092986
2013-11-22,33.419998,33.610001,33.41,33.599998,14400,32.984998
2013-11-21,33.200001,33.389999,33.169998,33.349998,2600,32.739574
2013-11-20,33.310001,33.310001,32.98,33.009998,6300,32.405797
2013-11-19,33.220001,33.389999,33.130001,33.200001,6200,32.592322
2013-11-18,33.73,33.73,33.25,33.32,23600,32.710125
2013-11-15,33.610001,33.610001,33.450001,33.57,28000,32.955549
2013-11-14,33.330002,33.48,33.290001,33.48,5100,32.867196
2013-11-13,32.900002,33.240002,32.84,33.240002,14300,32.631591
2013-11-12,32.91,32.990002,32.84,32.950001,5800,32.346898
2013-11-11,32.869999,32.990002,32.869999,32.950001,31300,32.346898
2013-11-08,32.470001,32.93,32.470001,32.93,13600,32.327264
2013-11-07,33.23,33.23,32.439999,32.48,26500,31.885499
2013-11-06,33.450001,33.450001,33.009998,33.09,13700,32.484335
2013-11-05,33.439999,33.490002,33.18,33.470001,11400,32.857381
2013-11-04,33.490002,33.540001,33.349998,33.540001,19300,32.926099
2013-11-01,33.540001,33.540001,33.18,33.380001,12300,32.769028
2013-10-31,33.34,33.41,33.110001,33.389999,8800,32.778843
2013-10-30,33.700001,33.700001,33.189999,33.189999,5200,32.582503
2013-10-29,33.48,33.52,33.369999,33.52,6900,32.906465
2013-10-28,33.490002,33.540001,33.349998,33.41,6500,32.798477
2013-10-25,33.610001,33.610001,33.27,33.41,8000,32.798477
2013-10-24,33.259998,33.419998,33.220001,33.41,7900,32.798477
2013-10-23,33.209999,33.27,33.139999,33.209999,8500,32.602137
2013-10-22,33.34,33.52,33.240002,33.389999,78900,32.778843
2013-10-21,33.16,33.169998,33.060001,33.080002,12600,32.47452
2013-10-18,33.09,33.16,32.959999,33.09,51100,32.484335
2013-10-17,33.00,33.060001,32.740002,33.060001,35900,32.454885
2013-10-16,32.599998,32.810001,32.529999,32.810001,13300,32.209461
2013-10-15,32.48,32.560001,32.310001,32.349998,19500,31.757878
2013-10-14,32.040001,32.529999,31.98,32.48,11300,31.885499
2013-10-11,32.00,32.299999,32.00,32.27,11200,31.679344
2013-10-10,31.83,32.09,31.799999,32.060001,14800,31.473189
2013-10-09,31.73,31.73,31.23,31.43,17700,30.854719
2013-10-08,32.16,32.200001,31.75,31.780001,73600,31.198313
2013-10-07,32.330002,32.41,32.259998,32.32,12200,31.728428
2013-10-04,32.450001,32.599998,32.41,32.560001,8800,31.964037
2013-10-03,32.59,32.639999,32.130001,32.27,12100,31.679344
2013-10-02,32.50,32.720001,32.470001,32.66,7600,32.062205
2013-10-01,32.509998,32.73,32.509998,32.639999,15200,32.042571
2013-09-30,32.240002,32.450001,32.240002,32.400002,8600,31.806966
2013-09-27,32.41,32.490002,32.330002,32.490002,16400,31.895319
2013-09-26,32.299999,32.50,32.299999,32.490002,7500,31.895319
2013-09-25,32.360001,32.360001,32.16,32.189999,5400,31.600807
2013-09-24,32.380001,32.419998,32.25,32.25,5200,31.65971
2013-09-23,32.630001,32.630001,32.189999,32.27,13700,31.679344
2013-09-20,32.759998,32.77,32.599998,32.610001,10100,32.013121
2013-09-19,32.900002,32.900002,32.66,32.740002,16300,32.130927
2013-09-18,32.400002,32.869999,32.290001,32.830002,15500,32.219253
2013-09-17,32.360001,32.50,32.360001,32.459999,3600,31.856133
2013-09-16,32.400002,32.419998,32.07,32.310001,8400,31.708926
2013-09-13,32.110001,32.110001,31.969999,32.110001,16200,31.512646
2013-09-12,32.189999,32.189999,31.98,31.98,21500,31.385063
2013-09-11,32.040001,32.150002,31.92,32.150002,22400,31.551903
2013-09-10,31.879999,31.940001,31.790001,31.93,18600,31.335994
2013-09-09,31.370001,31.690001,31.370001,31.66,6500,31.071017
2013-09-06,31.48,31.530001,30.93,31.26,8700,30.678458
2013-09-05,31.32,31.41,31.27,31.309999,13000,30.727528
2013-09-04,30.879999,31.190001,30.879999,31.17,7300,30.590133
2013-09-03,30.83,31.040001,30.700001,30.780001,11200,30.207388
2013-08-30,30.58,30.610001,30.50,30.559999,8500,29.99148
2013-08-29,30.34,30.870001,30.34,30.690001,46400,30.119063
2013-08-28,30.35,30.620001,30.35,30.52,12800,29.952225
2013-08-27,30.530001,30.620001,30.299999,30.35,11000,29.785388
2013-08-26,30.83,31.059999,30.77,30.889999,7300,30.315341
2013-08-23,30.83,30.879999,30.690001,30.799999,8400,30.227015
2013-08-22,30.360001,30.799999,30.360001,30.719999,21100,30.148503
2013-08-21,30.57,30.68,30.370001,30.469999,19200,29.903154
2013-08-20,30.549999,30.73,30.549999,30.690001,1600,30.119063
2013-08-19,30.50,30.620001,30.459999,30.469999,4000,29.903154
2013-08-16,30.66,30.76,30.559999,30.620001,30000,30.050365
2013-08-15,30.879999,30.879999,30.610001,30.690001,29800,30.119063
2013-08-14,31.41,31.41,31.16,31.17,11600,30.590133
2013-08-13,31.49,31.52,31.25,31.450001,12400,30.864924
2013-08-12,31.33,31.440001,31.299999,31.34,7600,30.75697
2013-08-09,31.48,31.540001,31.389999,31.51,25100,30.923808
2013-08-08,31.540001,31.559999,31.34,31.52,19000,30.933622
2013-08-07,31.24,31.43,31.24,31.40,7300,30.815853
2013-08-06,31.719999,31.74,31.50,31.549999,12400,30.963062
2013-08-05,31.73,31.73,31.629999,31.709999,17000,31.120086
2013-08-02,31.709999,31.75,31.57,31.75,16700,31.159343
2013-08-01,31.50,31.719999,31.50,31.709999,13200,31.120086
2013-07-31,31.34,31.41,31.280001,31.280001,32400,30.698087
2013-07-30,31.120001,31.200001,31.059999,31.16,4000,30.580318
2013-07-29,31.18,31.24,30.99,31.08,4400,30.501807
2013-07-26,30.959999,31.16,30.870001,31.16,7700,30.580318
2013-07-25,31.02,31.190001,30.950001,31.18,19900,30.599947
2013-07-24,31.26,31.26,30.889999,30.99,19100,30.413481
2013-07-23,31.50,31.50,31.200001,31.209999,23600,30.629387
2013-07-22,31.57,31.57,31.389999,31.459999,20500,30.874737
2013-07-19,31.200001,31.379999,31.200001,31.379999,50100,30.796225
2013-07-18,31.18,31.360001,31.129999,31.23,18200,30.649016
2013-07-17,31.200001,31.200001,31.030001,31.129999,12900,30.550876
2013-07-16,31.17,31.18,31.00,31.08,15200,30.501807
2013-07-15,31.25,31.280001,31.049999,31.110001,33100,30.531249
2013-07-12,30.83,31.15,30.83,31.15,15900,30.570504
2013-07-11,30.68,30.91,30.68,30.90,19500,30.325155
2013-07-10,30.110001,30.35,30.110001,30.35,35500,29.785388
2013-07-09,30.190001,30.24,30.049999,30.18,29100,29.61855
2013-07-08,30.040001,30.15,29.93,29.99,26000,29.432084
2013-07-05,29.799999,29.940001,29.620001,29.90,4700,29.343758
2013-07-03,29.40,29.68,29.40,29.67,9500,29.118038
2013-07-02,29.57,29.709999,29.440001,29.52,31800,28.970829
2013-07-01,29.440001,29.709999,29.440001,29.52,45400,28.970829
2013-06-28,29.18,29.43,29.18,29.41,8300,28.862874
2013-06-27,29.209999,29.35,29.190001,29.290001,35100,28.745108
2013-06-26,28.860001,29.09,28.860001,29.030001,32100,28.489944
2013-06-25,28.639999,28.809999,28.549999,28.709999,52000,28.175896
2013-06-24,28.389999,28.690001,28.219999,28.48,45100,27.950175
2013-06-21,28.75,28.93,28.440001,28.65,25500,28.117013
2013-06-20,29.17,29.209999,28.60,28.68,48800,28.110143
2013-06-19,29.92,29.959999,29.48,29.50,15000,28.91385
2013-06-18,29.66,29.93,29.66,29.91,5800,29.315703
2013-06-17,29.620001,29.809999,29.51,29.620001,16400,29.031466
2013-06-14,29.58,29.58,29.41,29.43,9900,28.845241
2013-06-13,29.049999,29.57,29.01,29.57,3600,28.982458
2013-06-12,29.559999,29.559999,29.00,29.00,13600,28.423784
2013-06-11,29.33,29.690001,29.33,29.389999,10300,28.806035
2013-06-10,29.860001,29.860001,29.620001,29.709999,10900,29.119676
2013-06-07,29.450001,29.780001,29.450001,29.780001,39500,29.188287
2013-06-06,29.01,29.25,28.870001,29.24,28300,28.659015
2013-06-05,29.309999,29.309999,28.90,28.940001,85900,28.364977
2013-06-04,29.700001,29.709999,29.389999,29.42,15700,28.835439
2013-06-03,29.690001,29.690001,29.32,29.559999,26200,28.972657
2013-05-31,29.969999,30.08,29.629999,29.629999,40700,29.041266
2013-05-30,30.08,30.18,29.99,30.049999,32900,29.452921
2013-05-29,30.15,30.15,29.84,29.940001,50100,29.345108
2013-05-28,30.459999,30.540001,30.129999,30.280001,37700,29.678352
2013-05-24,29.98,30.07,29.860001,30.049999,57200,29.452921
2013-05-23,29.889999,30.280001,29.889999,30.219999,17000,29.619543
2013-05-22,30.49,30.65,30.059999,30.120001,20900,29.521531
2013-05-21,30.17,30.459999,30.110001,30.41,7600,29.805768
2013-05-20,30.35,30.35,30.16,30.16,5800,29.560736
2013-05-17,30.18,30.35,30.15,30.35,27400,29.746961
2013-05-16,30.459999,30.459999,30.09,30.110001,17800,29.51173
2013-05-15,30.379999,30.49,30.280001,30.450001,15500,29.844974
2013-05-14,30.09,30.379999,30.09,30.379999,21100,29.776364
2013-05-13,30.10,30.10,29.91,30.00,21600,29.403915
2013-05-10,29.76,30.059999,29.75,30.059999,21200,29.462722
2013-05-09,29.67,29.809999,29.65,29.65,19100,29.060869
2013-05-08,29.690001,29.799999,29.690001,29.76,5400,29.168684
2013-05-07,29.57,29.690001,29.440001,29.68,12400,29.090273
2013-05-06,29.51,29.51,29.440001,29.459999,11200,28.874643
2013-05-03,29.440001,29.549999,29.440001,29.49,4200,28.904048
2013-05-02,29.120001,29.16,29.09,29.10,4000,28.521798
2013-05-01,28.92,29.00,28.76,28.82,6600,28.247361
2013-04-30,28.799999,28.889999,28.74,28.889999,5200,28.315969
2013-04-29,28.92,28.969999,28.799999,28.879999,9900,28.306168
2013-04-26,28.870001,28.870001,28.74,28.82,4000,28.247361
2013-04-25,28.709999,28.969999,28.709999,28.950001,3800,28.374779
2013-04-24,28.629999,28.66,28.57,28.60,1800,28.031732
2013-04-23,28.700001,28.719999,28.51,28.690001,6100,28.119944
2013-04-22,28.48,28.559999,28.299999,28.540001,6800,27.972925
2013-04-19,28.01,28.35,28.01,28.35,6600,27.7867
2013-04-18,28.02,28.02,27.639999,27.790001,13900,27.237827
2013-04-17,28.129999,28.15,27.860001,27.959999,25000,27.404448
2013-04-16,28.190001,28.42,28.16,28.42,10500,27.855309
2013-04-15,28.74,28.74,28.040001,28.110001,17600,27.551469
2013-04-12,28.68,28.76,28.51,28.76,11500,28.188553
2013-04-11,28.540001,28.76,28.540001,28.65,10100,28.080738
2013-04-10,28.139999,28.469999,28.120001,28.469999,8700,27.904314
2013-04-09,28.00,28.120001,27.879999,28.02,22400,27.463257
2013-04-08,27.700001,27.879999,27.700001,27.879999,900,27.326037
2013-04-05,27.58,27.66,27.50,27.66,6000,27.110409
2013-04-04,27.84,27.889999,27.74,27.85,23100,27.296635
2013-04-03,27.870001,27.870001,27.67,27.67,1500,27.120211
2013-04-02,27.940001,28.16,27.940001,28.040001,5400,27.48286
2013-04-01,28.049999,28.049999,27.73,27.73,5100,27.179018
2013-03-28,27.85,27.950001,27.84,27.950001,2100,27.394648
2013-03-27,27.620001,27.82,27.60,27.799999,3900,27.247627
2013-03-26,27.58,27.709999,27.58,27.709999,11700,27.159415
2013-03-25,27.780001,27.780001,27.49,27.49,3800,26.943787
2013-03-22,27.52,27.700001,27.52,27.610001,12900,27.061404
2013-03-21,27.530001,27.549999,27.35,27.440001,28600,26.894781
2013-03-20,27.49,27.620001,27.49,27.610001,2000,27.061404
2013-03-19,27.41,27.440001,27.15,27.32,12800,26.777165
2013-03-18,27.33,27.40,27.290001,27.34,14300,26.796768
2013-03-15,27.530001,27.59,27.42,27.469999,18400,26.924184
2013-03-14,27.59,27.65,27.57,27.65,102600,27.100608
2013-03-13,27.459999,27.540001,27.459999,27.49,2800,26.943787
2013-03-12,27.559999,27.559999,27.360001,27.389999,6400,26.845774
2013-03-11,27.49,27.49,27.40,27.459999,1500,26.914382
2013-03-08,27.32,27.450001,27.26,27.450001,6800,26.904583
2013-03-07,27.26,27.280001,27.200001,27.200001,5100,26.65955
2013-03-06,27.309999,27.309999,27.219999,27.26,2700,26.718357
2013-03-05,27.190001,27.27,27.190001,27.27,1600,26.728159
2013-03-04,26.65,26.85,26.629999,26.84,5800,26.306703
2013-03-01,26.65,26.77,26.559999,26.719999,39300,26.189086
2013-02-28,26.610001,26.76,26.57,26.57,10600,26.042067
2013-02-27,26.120001,26.66,26.120001,26.65,9300,26.120477
2013-02-26,26.120001,26.120001,25.959999,26.09,10000,25.571605
2013-02-25,26.59,26.639999,26.17,26.17,9800,25.650015
2013-02-22,26.290001,26.440001,26.26,26.43,52500,25.904849
2013-02-21,26.299999,26.299999,26.09,26.200001,17700,25.67942
2013-02-20,26.809999,26.82,26.40,26.42,12300,25.895048
2013-02-19,26.809999,26.82,26.75,26.799999,5800,26.267496
2013-02-15,26.73,26.790001,26.690001,26.76,5000,26.228292
2013-02-14,26.60,26.74,26.60,26.74,10700,26.208689
2013-02-13,26.85,26.92,26.780001,26.780001,13500,26.247895
2013-02-12,26.76,26.77,26.719999,26.719999,16600,26.189086
2013-02-11,26.73,26.780001,26.66,26.780001,34000,26.247895
2013-02-08,26.66,26.799999,26.66,26.76,13700,26.228292
2013-02-07,26.530001,26.530001,26.290001,26.42,6200,25.895048
2013-02-06,26.52,26.52,26.459999,26.49,2700,25.963657
2013-02-05,26.459999,26.75,26.459999,26.66,15800,26.130279
2013-02-04,26.59,26.60,26.26,26.26,6200,25.738227
2013-02-01,26.559999,26.66,26.559999,26.620001,2600,26.091075
2013-01-31,26.280001,26.360001,26.24,26.290001,6700,25.767632
2013-01-30,26.35,26.48,26.290001,26.32,35700,25.797034
2013-01-29,26.23,26.459999,26.23,26.42,11100,25.895048
2013-01-28,26.469999,26.469999,26.34,26.379999,4900,25.855842
2013-01-25,26.33,26.459999,26.27,26.450001,14400,25.924452
2013-01-24,26.09,26.360001,26.09,26.24,5500,25.718624
2013-01-23,26.049999,26.049999,26.00,26.049999,3500,25.532399
2013-01-22,25.98,26.059999,25.92,26.059999,6500,25.5422
2013-01-18,25.92,25.969999,25.82,25.969999,9500,25.453988
2013-01-17,25.780001,25.90,25.780001,25.84,4200,25.326572
2013-01-16,25.700001,25.75,25.68,25.719999,15400,25.208956
2013-01-15,25.67,25.790001,25.67,25.790001,3600,25.277566
2013-01-14,25.52,25.77,25.52,25.74,6300,25.228559
2013-01-11,25.67,25.690001,25.58,25.690001,7700,25.179553
2013-01-10,25.790001,25.790001,25.58,25.68,1500,25.169751
2013-01-09,25.58,25.629999,25.50,25.58,17300,25.071738
2013-01-08,25.40,25.459999,25.299999,25.41,9600,24.905116
2013-01-07,25.40,25.48,25.35,25.469999,11200,24.963923
2013-01-04,25.48,25.530001,25.469999,25.51,4400,25.003129
2013-01-03,25.41,25.49,25.33,25.33,46600,24.826705
2013-01-02,25.200001,25.35,25.18,25.35,32700,24.846308
2012-12-31,24.280001,24.65,24.280001,24.65,5900,24.160216
2012-12-28,24.32,24.469999,24.309999,24.309999,9600,23.826972
2012-12-27,24.469999,24.57,24.190001,24.50,9600,24.013197
2012-12-26,24.709999,24.709999,24.43,24.48,1700,23.993594
2012-12-24,24.700001,24.73,24.68,24.690001,4700,24.199422
2012-12-21,24.620001,24.809999,24.620001,24.76,6100,24.268031
2012-12-20,25.10,25.209999,25.059999,25.200001,21300,24.539528
2012-12-19,25.52,25.52,25.190001,25.200001,16400,24.539528
2012-12-18,25.139999,25.459999,25.139999,25.41,9500,24.744023
2012-12-17,25.02,25.17,24.92,25.17,19500,24.510314
2012-12-14,24.90,24.98,24.889999,24.93,15700,24.276604
2012-12-13,25.190001,25.190001,24.85,24.91,3000,24.257128
2012-12-12,25.110001,25.16,25.059999,25.08,8700,24.422672
2012-12-11,24.85,25.07,24.84,25.02,11200,24.364245
2012-12-10,24.65,24.83,24.65,24.77,21000,24.120798
2012-12-07,24.84,24.85,24.58,24.68,6800,24.033156
2012-12-06,24.700001,24.700001,24.59,24.690001,27500,24.042895
2012-12-05,24.780001,24.780001,24.59,24.67,21800,24.023418
2012-12-04,24.57,24.690001,24.440001,24.690001,5100,24.042895
2012-12-03,24.77,24.83,24.530001,24.559999,10000,23.916301
2012-11-30,24.66,24.76,24.610001,24.76,6100,24.11106
2012-11-29,24.639999,24.82,24.559999,24.68,86800,24.033156
2012-11-28,24.42,24.549999,24.42,24.52,1700,23.87735
2012-11-27,24.219999,24.33,24.18,24.190001,48200,23.555999
2012-11-26,24.190001,24.209999,24.129999,24.16,60000,23.526785
2012-11-23,24.27,24.27,24.200001,24.200001,700,23.565737
2012-11-21,24.02,24.040001,23.940001,24.040001,1600,23.409931
2012-11-20,23.92,24.02,23.83,23.92,4700,23.293075
2012-11-19,23.709999,23.84,23.709999,23.83,2300,23.205434
2012-11-16,23.41,23.51,23.309999,23.450001,3700,22.835394
2012-11-15,23.32,23.40,23.27,23.40,1400,22.786704
2012-11-14,23.68,23.700001,23.290001,23.290001,3900,22.679588
2012-11-13,23.790001,23.889999,23.76,23.809999,8000,23.185958
2012-11-12,23.860001,23.860001,23.75,23.75,6700,23.127531
2012-11-09,23.629999,23.90,23.629999,23.76,2600,23.137269
2012-11-08,23.99,24.09,23.73,23.73,10700,23.108054
2012-11-07,24.02,24.16,23.950001,24.16,6800,23.526785
2012-11-06,24.389999,24.540001,24.23,24.469999,4200,23.828659
2012-11-05,24.209999,24.370001,24.209999,24.370001,22400,23.731282
2012-11-02,24.58,24.58,24.26,24.280001,12500,23.64364
2012-11-01,24.23,24.469999,24.23,24.469999,24200,23.828659
2012-10-31,24.16,24.16,23.92,24.040001,8300,23.409931
2012-10-26,24.01,24.08,23.92,24.08,2400,23.448882
2012-10-25,23.98,24.049999,23.90,23.93,3400,23.302813
2012-10-24,23.860001,23.889999,23.780001,23.780001,1900,23.156745
2012-10-23,23.82,23.99,23.700001,23.99,40800,23.36124
2012-10-22,24.23,24.23,24.030001,24.110001,3500,23.478096
2012-10-19,24.48,24.48,24.09,24.190001,5700,23.555999
2012-10-18,24.65,24.68,24.58,24.639999,1200,23.994204
2012-10-17,24.67,24.799999,24.67,24.75,2400,24.101321
2012-10-16,24.60,24.629999,24.60,24.629999,500,23.984466
2012-10-15,24.24,24.41,24.24,24.41,4700,23.770232
2012-10-12,24.360001,24.389999,24.23,24.26,2900,23.624164
2012-10-11,24.43,24.469999,24.370001,24.370001,7600,23.731282
2012-10-10,24.360001,24.370001,24.23,24.23,1900,23.59495
2012-10-09,24.90,24.90,24.440001,24.440001,4500,23.799447
2012-10-08,24.959999,24.959999,24.83,24.860001,3300,24.208439
2012-10-05,25.059999,25.09,24.90,24.90,6000,24.24739
2012-10-04,24.84,24.940001,24.84,24.940001,3100,24.286342
2012-10-03,24.57,24.700001,24.559999,24.68,8500,24.033156
2012-10-02,24.639999,24.639999,24.43,24.49,2900,23.848136
2012-10-01,24.48,24.48,24.48,24.48,300,23.838397
2012-09-28,24.360001,24.459999,24.35,24.40,14300,23.760494
2012-09-27,24.35,24.52,24.33,24.52,1000,23.87735
2012-09-26,24.42,24.42,24.24,24.26,25700,23.624164
2012-09-25,24.83,24.83,24.620001,24.620001,1500,23.974729
2012-09-24,24.68,24.780001,24.68,24.76,3100,24.11106
2012-09-21,24.940001,24.940001,24.780001,24.780001,2900,24.130536
2012-09-20,24.91,24.91,24.90,24.90,400,24.128587
2012-09-19,24.91,25.07,24.889999,25.040001,2500,24.264251
2012-09-18,24.870001,24.870001,24.809999,24.82,3100,24.051066
2012-09-17,24.91,24.950001,24.91,24.93,11400,24.157659
2012-09-14,24.799999,25.030001,24.799999,25.01,106100,24.23518
2012-09-13,24.440001,24.780001,24.379999,24.719999,25300,23.954164
2012-09-12,24.59,24.59,24.370001,24.41,5200,23.653768
2012-09-11,24.52,24.549999,24.51,24.549999,1300,23.78943
2012-09-10,24.549999,24.629999,24.49,24.50,1700,23.74098
2012-09-07,24.58,24.620001,24.530001,24.58,10600,23.818501
2012-09-06,24.440001,24.450001,24.43,24.43,3500,23.673149
2012-09-05,23.91,23.959999,23.91,23.93,800,23.188639
2012-09-04,23.75,24.02,23.74,24.02,2000,23.275851
2012-08-31,23.99,24.02,23.940001,23.98,10500,23.237089
2012-08-30,23.85,23.940001,23.84,23.84,24400,23.101427
2012-08-29,23.940001,24.10,23.940001,24.10,4400,23.353373
2012-08-28,24.040001,24.040001,24.00,24.02,1500,23.275851
2012-08-27,24.110001,24.110001,23.959999,23.98,8700,23.237089
2012-08-24,23.84,24.129999,23.84,24.10,3000,23.353373
2012-08-23,23.99,24.00,23.879999,23.93,15300,23.188639
2012-08-22,24.040001,24.129999,23.98,24.049999,14900,23.30492
2012-08-21,24.09,24.200001,23.99,24.01,4400,23.266161
2012-08-20,24.129999,24.129999,23.950001,24.049999,10000,23.30492
2012-08-17,24.139999,24.17,24.120001,24.120001,1900,23.372753
2012-08-16,24.00,24.15,23.92,24.15,2800,23.401823
2012-08-15,23.809999,23.99,23.809999,23.959999,13600,23.217709
2012-08-14,23.879999,23.92,23.799999,23.799999,4000,23.062666
2012-08-13,23.68,23.799999,23.65,23.790001,5200,23.052977
2012-08-10,23.719999,23.77,23.65,23.77,5800,23.033596
2012-08-09,23.809999,23.809999,23.73,23.76,1300,23.023906
2012-08-08,23.809999,23.870001,23.809999,23.83,3100,23.091737
2012-08-07,23.610001,23.950001,23.610001,23.889999,4000,23.149877
2012-08-06,23.440001,23.49,23.43,23.43,11200,22.704129
2012-08-03,23.360001,23.40,23.309999,23.309999,8700,22.587846
2012-08-02,22.84,22.940001,22.790001,22.889999,21400,22.180858
2012-08-01,23.040001,23.08,23.030001,23.030001,2200,22.316522
2012-07-31,23.18,23.18,23.10,23.10,11800,22.384353
2012-07-30,23.450001,23.50,23.299999,23.33,10700,22.607227
2012-07-27,23.07,23.48,23.07,23.48,3500,22.75258
2012-07-26,22.83,22.940001,22.67,22.889999,4600,22.180858
2012-07-25,22.58,22.58,22.41,22.559999,6000,21.861081
2012-07-24,22.60,22.610001,22.41,22.459999,4400,21.764179
2012-07-23,22.559999,22.809999,22.559999,22.809999,1000,22.103336
2012-07-20,23.42,23.42,23.120001,23.120001,6500,22.403734
2012-07-19,23.540001,23.610001,23.48,23.57,3000,22.839791
2012-07-18,23.40,23.50,23.40,23.40,6300,22.675058
2012-07-17,23.120001,23.27,23.120001,23.27,600,22.549086
2012-07-16,23.18,23.18,23.030001,23.030001,3500,22.316522
2012-07-13,23.00,23.190001,23.00,23.190001,108600,22.471565
2012-07-12,22.719999,23.030001,22.719999,23.00,2400,22.287451
2012-07-11,23.129999,23.16,22.940001,22.959999,35800,22.248689
2012-07-10,23.08,23.08,23.059999,23.059999,10700,22.345591
2012-07-09,23.379999,23.389999,23.35,23.379999,1600,22.655677
2012-07-06,23.73,23.74,23.440001,23.48,8400,22.75258
2012-07-05,23.74,23.82,23.610001,23.77,95100,23.033596
2012-07-03,23.540001,23.709999,23.540001,23.709999,11100,22.975454
2012-07-02,23.33,23.48,23.33,23.48,5400,22.75258
2012-06-29,23.219999,23.41,23.219999,23.41,17000,22.684748
2012-06-28,22.59,22.780001,22.58,22.780001,4500,22.074267
2012-06-27,23.139999,23.16,23.00,23.049999,6100,22.335901
2012-06-26,22.84,23.09,22.84,23.08,6400,22.364972
2012-06-25,22.92,22.92,22.709999,22.790001,6600,22.083957
2012-06-22,22.98,23.16,22.950001,23.16,5000,22.442494
2012-06-21,23.540001,23.540001,22.93,22.93,462800,22.21962
2012-06-20,23.620001,23.700001,23.52,23.610001,187600,22.833978
2012-06-19,23.43,23.65,23.43,23.620001,5200,22.84365
2012-06-18,23.09,23.33,23.09,23.299999,3900,22.534166
2012-06-15,22.98,23.07,22.969999,23.07,10800,22.311726
2012-06-14,22.59,22.85,22.59,22.85,9300,22.098958
2012-06-13,22.780001,22.85,22.530001,22.549999,8500,21.808817
2012-06-12,22.549999,22.780001,22.549999,22.780001,5700,22.031259
2012-06-11,22.77,22.82,22.620001,22.66,7900,21.915202
2012-06-08,22.870001,22.90,22.870001,22.90,900,22.147314
2012-06-07,23.059999,23.059999,22.73,22.74,9000,21.992573
2012-06-06,22.540001,22.860001,22.540001,22.76,11500,22.011916
2012-06-05,22.15,22.34,22.139999,22.299999,9900,21.567034
2012-06-04,22.049999,22.190001,21.950001,22.120001,88200,21.392952
2012-06-01,22.25,22.25,22.030001,22.059999,113400,21.334923
2012-05-31,22.57,22.73,22.549999,22.73,2300,21.982901
2012-05-30,22.889999,22.889999,22.700001,22.83,5600,22.079615
2012-05-29,23.120001,23.120001,23.01,23.01,700,22.253699
2012-05-25,22.959999,22.99,22.93,22.969999,3600,22.215013
2012-05-24,22.940001,22.940001,22.74,22.85,4100,22.098958
2012-05-23,22.620001,22.84,22.52,22.84,12700,22.089286
2012-05-22,22.870001,22.92,22.780001,22.790001,21600,22.04093
2012-05-21,22.24,22.75,22.24,22.75,2900,22.002244
2012-05-18,22.49,22.52,22.190001,22.190001,4300,21.460651
2012-05-17,22.90,22.99,22.48,22.48,3500,21.741118
2012-05-16,23.129999,23.200001,23.01,23.01,1700,22.253699
2012-05-15,23.18,23.299999,23.01,23.040001,7700,22.282713
2012-05-14,23.10,23.24,23.10,23.16,5400,22.398768
2012-05-11,23.18,23.52,23.18,23.34,9700,22.572852
2012-05-10,23.27,23.379999,23.25,23.25,11000,22.48581
2012-05-09,22.950001,23.209999,22.940001,23.17,28300,22.40844
2012-05-08,23.33,23.34,22.93,23.34,3400,22.572852
2012-05-07,23.389999,23.629999,23.389999,23.59,8200,22.814635
2012-05-04,23.59,23.59,23.379999,23.389999,9100,22.621208
2012-05-03,24.219999,24.219999,23.809999,23.809999,54600,23.027403
2012-05-02,24.190001,24.35,24.129999,24.35,11000,23.549655
2012-05-01,24.450001,24.450001,24.33,24.33,10000,23.530312
2012-04-30,24.17,24.26,24.129999,24.200001,56500,23.404586
2012-04-27,24.110001,24.209999,24.110001,24.190001,5300,23.394914
2012-04-26,23.610001,23.74,23.610001,23.700001,1800,22.92102
2012-04-25,23.450001,23.620001,23.450001,23.620001,3000,22.84365
2012-04-24,23.34,23.42,23.32,23.32,1900,22.553509
2012-04-23,23.40,23.40,23.25,23.389999,2500,22.621208
2012-04-20,23.73,23.780001,23.639999,23.639999,3300,22.862991
2012-04-19,23.77,23.77,23.60,23.66,3200,22.882334
2012-04-18,23.719999,23.809999,23.719999,23.809999,500,23.027403
2012-04-17,23.610001,23.809999,23.610001,23.77,1300,22.988719
2012-04-16,23.450001,23.450001,23.309999,23.389999,10300,22.621208
2012-04-13,23.60,23.68,23.559999,23.559999,4000,22.78562
2012-04-12,23.49,23.780001,23.49,23.77,1100,22.988719
