Date,Open,High,Low,Close,Volume,Adj Close
2016-11-25,10.06,10.105,10.01,10.07,150100,10.07
2016-11-23,9.96,10.08,9.94,10.05,303000,10.05
2016-11-22,10.00,10.06,9.91,10.02,464900,10.02
2016-11-21,9.93,10.11,9.90,9.95,484000,9.95
2016-11-18,9.73,9.88,9.61,9.84,529700,9.84
2016-11-17,9.84,9.95,9.65,9.73,553600,9.73
2016-11-16,9.93,10.00,9.774,9.82,511800,9.82
2016-11-15,10.05,10.15,9.84,9.98,589100,9.98
2016-11-14,9.90,10.06,9.71,10.06,1029900,10.06
2016-11-11,9.57,9.94,9.51,9.89,843400,9.89
2016-11-10,9.95,9.97,9.42,9.61,1321800,9.61
2016-11-09,9.68,9.99,9.55,9.91,1155800,9.91
2016-11-08,9.80,9.905,9.51,9.89,1015600,9.89
2016-11-07,9.69,9.965,9.66,9.79,1364100,9.79
2016-11-04,9.10,9.62,9.02,9.43,844200,9.43
2016-11-03,9.43,9.49,9.021,9.06,1560200,9.06
2016-11-02,9.90,10.14,9.36,9.52,1508900,9.52
2016-11-01,10.33,10.454,9.70,9.75,1237100,9.75
2016-10-31,10.29,10.45,10.23,10.42,455300,10.42
2016-10-28,10.32,10.43,10.22,10.24,308800,10.24
2016-10-27,10.56,10.62,10.256,10.30,388000,10.30
2016-10-26,10.87,10.88,10.51,10.57,398800,10.57
2016-10-25,10.86,10.97,10.80,10.93,258400,10.93
2016-10-24,10.84,10.95,10.71,10.88,307200,10.88
2016-10-21,10.71,10.901,10.71,10.83,267500,10.83
2016-10-20,10.65,10.87,10.63,10.82,372200,10.82
2016-10-19,10.48,10.66,10.34,10.65,796800,10.65
2016-10-18,10.50,10.59,10.35,10.44,259200,10.44
2016-10-17,10.30,10.445,10.27,10.38,447200,10.38
2016-10-14,10.53,10.56,10.27,10.29,295900,10.29
2016-10-13,10.42,10.708,10.42,10.48,496400,10.48
2016-10-12,10.29,10.42,10.23,10.38,373600,10.38
2016-10-11,10.30,10.37,10.15,10.22,614800,10.22
2016-10-10,10.24,10.40,10.22,10.30,555800,10.30
2016-10-07,10.32,10.37,10.14,10.19,721600,10.19
2016-10-06,10.31,10.50,10.23,10.27,850900,10.27
2016-10-05,10.91,10.97,10.32,10.36,1516400,10.36
2016-10-04,11.36,11.36,10.80,10.87,950400,10.87
2016-10-03,11.54,11.54,11.28,11.31,1113000,11.31
2016-09-30,11.71,11.71,11.47,11.54,841500,11.54
2016-09-29,11.67,11.85,11.55,11.63,546300,11.63
2016-09-28,11.59,11.79,11.53,11.78,415300,11.78
2016-09-27,11.63,11.685,11.52,11.53,419600,11.53
2016-09-26,11.74,11.90,11.65,11.66,300900,11.66
2016-09-23,11.60,11.87,11.45,11.77,549100,11.77
2016-09-22,11.51,11.68,11.51,11.64,964300,11.64
2016-09-21,11.62,11.63,11.23,11.33,1647600,11.33
2016-09-20,11.60,11.74,11.51,11.57,421100,11.57
2016-09-19,11.37,11.52,11.365,11.49,353400,11.49
2016-09-16,11.30,11.38,11.205,11.28,933900,11.28
2016-09-15,11.45,11.57,11.24,11.30,515900,11.30
2016-09-14,11.47,11.65,11.41,11.49,482200,11.49
2016-09-13,11.65,11.72,11.45,11.46,1064000,11.46
2016-09-12,11.68,11.832,11.59,11.66,638200,11.66
2016-09-09,12.08,12.13,11.659,11.75,1318800,11.75
2016-09-08,12.29,12.36,12.11,12.15,473700,12.15
2016-09-07,12.17,12.42,12.12,12.40,499900,12.40
2016-09-06,12.18,12.32,12.13,12.25,448700,12.25
2016-09-02,12.40,12.68,12.40,12.44,465300,12.18
2016-09-01,12.39,12.45,12.17,12.34,566400,12.08209
2016-08-31,12.39,12.46,12.24,12.39,950200,12.131046
2016-08-30,12.23,12.37,12.17,12.36,313800,12.101672
2016-08-29,12.12,12.27,12.10,12.22,1062700,11.964598
2016-08-26,12.42,12.42,11.92,12.16,930400,11.905852
2016-08-25,12.24,12.45,12.22,12.40,467100,12.140836
2016-08-24,12.39,12.39,12.21,12.24,314200,11.98418
2016-08-23,12.38,12.48,12.345,12.37,380100,12.111463
2016-08-22,12.30,12.39,12.24,12.29,451900,12.033135
2016-08-19,12.48,12.52,12.23,12.30,519100,12.042926
2016-08-18,12.32,12.55,12.31,12.52,583300,12.258329
2016-08-17,12.21,12.45,12.03,12.34,499300,12.08209
2016-08-16,12.31,12.355,12.12,12.16,430700,11.905852
2016-08-15,12.44,12.55,12.35,12.38,485400,12.121254
2016-08-12,12.20,12.43,12.20,12.41,536600,12.150627
2016-08-11,12.36,12.36,12.10,12.18,356200,11.925435
2016-08-10,12.09,12.41,12.05,12.33,817000,12.072299
2016-08-09,11.90,12.079,11.83,12.05,680600,11.798151
2016-08-08,11.91,11.94,11.80,11.87,349500,11.621913
2016-08-05,11.84,11.97,11.77,11.80,522200,11.553377
2016-08-04,11.86,11.88,11.404,11.82,704300,11.572958
2016-08-03,11.90,11.98,11.76,11.86,784200,11.612122
2016-08-02,11.94,12.006,11.715,11.90,677600,11.651286
2016-08-01,11.97,12.04,11.81,11.96,376600,11.710032
2016-07-29,11.84,12.07,11.84,11.99,1084600,11.739405
2016-07-28,11.78,11.88,11.72,11.86,271500,11.612122
2016-07-27,11.83,11.87,11.74,11.83,409700,11.582749
2016-07-26,11.79,11.91,11.67,11.84,472800,11.59254
2016-07-25,11.82,11.87,11.73,11.74,435700,11.49463
2016-07-22,11.68,11.859,11.655,11.77,385200,11.524004
2016-07-21,11.72,11.79,11.62,11.64,331800,11.396721
2016-07-20,11.60,11.79,11.54,11.76,729800,11.514213
2016-07-19,11.51,11.55,11.41,11.55,351600,11.308602
2016-07-18,11.42,11.52,11.32,11.51,405800,11.269438
2016-07-15,11.25,11.41,11.16,11.40,318400,11.161736
2016-07-14,11.38,11.43,11.17,11.21,449800,10.975708
2016-07-13,11.42,11.45,11.295,11.40,366800,11.161736
2016-07-12,11.35,11.42,11.21,11.34,560800,11.102991
2016-07-11,11.20,11.32,11.15,11.29,385900,11.054035
2016-07-08,10.95,11.227,10.864,11.20,861500,10.965916
2016-07-07,11.12,11.15,10.79,10.90,678100,10.672186
2016-07-06,10.97,11.17,10.91,11.09,690000,10.858216
2016-07-05,10.87,11.01,10.73,10.99,603100,10.760305
2016-07-01,10.70,10.95,10.68,10.92,446900,10.691769
2016-06-30,10.65,10.75,10.47,10.68,484600,10.456785
2016-06-29,10.59,10.65,10.50,10.65,611500,10.427411
2016-06-28,10.36,10.511,10.316,10.51,562600,10.290338
2016-06-27,10.27,10.41,10.12,10.21,605100,9.996608
2016-06-24,10.23,10.475,10.11,10.35,804800,10.133682
2016-06-23,10.41,10.55,10.29,10.46,354700,10.241383
2016-06-22,10.51,10.517,10.25,10.28,379200,10.065145
2016-06-21,10.57,10.61,10.33,10.52,633600,10.300129
2016-06-20,10.67,10.70,10.48,10.57,317700,10.349083
2016-06-17,10.34,10.69,10.30,10.59,974700,10.368666
2016-06-16,10.05,10.32,10.05,10.30,763200,10.084727
2016-06-15,9.88,10.12,9.869,10.01,371200,9.800788
2016-06-14,10.00,10.075,9.73,9.85,601000,9.644132
2016-06-13,10.30,10.38,10.04,10.06,446200,9.849743
2016-06-10,10.37,10.435,10.27,10.30,319500,10.084727
2016-06-09,10.50,10.58,10.42,10.46,262400,10.241383
2016-06-08,10.51,10.58,10.40,10.57,444400,10.349083
2016-06-07,10.44,10.55,10.40,10.49,399500,10.270756
2016-06-06,10.35,10.46,10.27,10.42,470500,10.202219
2016-06-03,10.69,10.77,10.485,10.60,539600,10.123891
2016-06-02,10.38,10.67,10.37,10.60,684300,10.123891
2016-06-01,10.37,10.47,10.285,10.41,472400,9.942425
2016-05-31,10.26,10.44,10.06,10.37,1272700,9.904221
2016-05-27,10.22,10.41,10.17,10.20,455600,9.741857
2016-05-26,10.24,10.45,10.21,10.21,600500,9.751408
2016-05-25,10.55,10.63,10.18,10.22,1026900,9.760959
2016-05-24,10.65,10.71,10.52,10.55,353400,10.076137
2016-05-23,10.71,10.80,10.40,10.54,371100,10.066586
2016-05-20,10.67,10.71,10.57,10.71,453700,10.22895
2016-05-19,10.60,10.75,10.44,10.60,780100,10.123891
2016-05-18,10.92,11.00,10.49,10.61,588600,10.133441
2016-05-17,11.22,11.27,10.85,10.94,404300,10.448619
2016-05-16,11.13,11.38,11.11,11.27,385200,10.763797
2016-05-13,11.10,11.18,10.84,11.08,473400,10.582331
2016-05-12,11.37,11.41,11.04,11.16,230700,10.658738
2016-05-11,11.39,11.59,11.31,11.32,218300,10.811551
2016-05-10,11.64,11.65,11.41,11.46,239800,10.945263
2016-05-09,11.40,11.70,11.35,11.55,436200,11.031221
2016-05-06,10.98,11.33,10.98,11.33,500600,10.821102
2016-05-05,11.07,11.27,10.86,11.03,452200,10.534577
2016-05-04,10.85,11.08,10.85,11.04,280900,10.544128
2016-05-03,10.99,10.99,10.70,10.92,217300,10.429518
2016-05-02,10.80,11.08,10.71,11.07,380900,10.57278
2016-04-29,10.92,11.08,10.65,10.80,308800,10.314908
2016-04-28,10.89,11.05,10.87,10.88,155800,10.391314
2016-04-27,10.99,11.04,10.85,10.99,219300,10.496373
2016-04-26,11.07,11.07,10.86,10.97,346300,10.477272
2016-04-25,10.94,11.11,10.88,11.01,326600,10.515475
2016-04-22,10.77,10.98,10.728,10.96,260400,10.467721
2016-04-21,10.76,10.98,10.669,10.76,279200,10.276704
2016-04-20,10.91,10.99,10.71,10.74,262900,10.257602
2016-04-19,10.90,10.95,10.78,10.90,273600,10.410416
2016-04-18,10.81,10.866,10.75,10.81,281000,10.324459
2016-04-15,10.84,10.94,10.77,10.86,237800,10.372212
2016-04-14,10.77,10.87,10.67,10.86,196100,10.372212
2016-04-13,10.73,10.85,10.59,10.78,352300,10.295806
2016-04-12,10.36,10.77,10.24,10.65,302200,10.171645
2016-04-11,10.61,10.73,10.15,10.33,308900,9.866018
2016-04-08,10.48,10.66,10.40,10.55,385900,10.076137
2016-04-07,10.28,10.40,10.18,10.37,410900,9.904221
2016-04-06,10.24,10.41,10.12,10.34,326100,9.875569
2016-04-05,10.11,10.30,10.07,10.24,240500,9.78006
2016-04-04,10.26,10.27,10.06,10.19,271900,9.732306
2016-04-01,10.17,10.29,10.01,10.26,353300,9.799162
2016-03-31,10.09,10.30,10.05,10.30,900700,9.837366
2016-03-30,10.59,10.65,10.02,10.12,422700,9.66545
2016-03-29,9.90,10.55,9.76,10.51,617900,10.037933
2016-03-28,9.58,9.95,9.40,9.91,573600,9.464883
2016-03-24,9.54,9.73,9.45,9.51,339800,9.082849
2016-03-23,9.77,9.94,9.60,9.62,394400,9.187908
2016-03-22,9.80,9.92,9.65,9.80,494400,9.359824
2016-03-21,9.89,10.05,9.79,9.82,284000,9.378925
2016-03-18,10.01,10.05,9.71,9.94,981200,9.493535
2016-03-17,9.45,9.99,9.39,9.93,613100,9.483985
2016-03-16,9.26,9.51,9.19,9.40,456700,8.977789
2016-03-15,9.51,9.51,9.19,9.28,340300,8.86318
2016-03-14,9.55,9.76,9.46,9.59,381600,9.159256
2016-03-11,9.24,9.65,9.20,9.64,635900,9.20701
2016-03-10,9.35,9.43,8.92,9.12,555000,8.710366
2016-03-09,9.35,9.41,9.21,9.33,381100,8.910934
2016-03-08,9.82,9.82,9.15,9.32,854300,8.901383
2016-03-07,9.50,9.88,9.43,9.84,585900,9.398027
2016-03-04,9.87,9.87,9.43,9.52,762500,9.0924
2016-03-03,10.02,10.26,9.99,10.10,556900,9.398027
2016-03-02,9.67,10.22,9.53,9.99,696700,9.295672
2016-03-01,9.76,9.84,9.50,9.70,505600,9.025828
2016-02-29,9.43,9.79,9.39,9.69,806000,9.016522
2016-02-26,9.32,9.59,9.29,9.42,463700,8.765288
2016-02-25,9.04,9.39,9.02,9.29,486400,8.644324
2016-02-24,8.98,9.29,8.715,9.18,408200,8.541969
2016-02-23,9.29,9.38,9.04,9.08,350600,8.448919
2016-02-22,9.16,9.33,8.94,9.29,612600,8.644324
2016-02-19,9.01,9.12,8.79,9.01,785000,8.383785
2016-02-18,9.15,9.19,8.88,9.04,472700,8.411699
2016-02-17,8.74,9.20,8.68,9.16,1223900,8.523359
2016-02-16,8.50,8.72,8.40,8.66,448700,8.05811
2016-02-12,8.42,8.685,8.26,8.27,459000,7.695216
2016-02-11,8.41,8.52,8.30,8.32,465400,7.741741
2016-02-10,8.64,8.805,8.535,8.60,417100,8.002281
2016-02-09,9.08,9.13,8.571,8.64,752900,8.0395
2016-02-08,9.52,9.57,9.02,9.23,477500,8.588493
2016-02-05,9.86,9.95,9.60,9.60,479100,8.932778
2016-02-04,9.52,9.945,9.52,9.90,630400,9.211927
2016-02-03,9.24,9.56,9.10,9.55,623600,8.886253
2016-02-02,9.00,9.19,8.91,9.16,797500,8.523359
2016-02-01,9.19,9.21,9.01,9.12,501100,8.486139
2016-01-29,9.11,9.20,9.07,9.19,915300,8.551274
2016-01-28,9.39,9.40,9.01,9.05,511100,8.421004
2016-01-27,9.22,9.58,9.09,9.24,550700,8.597799
2016-01-26,8.94,9.43,8.90,9.30,620000,8.653629
2016-01-25,9.13,9.27,8.82,8.87,361600,8.253515
2016-01-22,8.56,9.23,8.51,9.17,959800,8.532664
2016-01-21,8.52,8.78,8.37,8.47,1072500,7.881316
2016-01-20,8.60,8.61,7.78,8.45,1982400,7.862705
2016-01-19,8.88,8.90,8.63,8.77,2043700,8.160465
2016-01-15,8.80,8.92,8.65,8.74,814400,8.13255
2016-01-14,8.76,9.14,8.627,9.05,1041800,8.421004
2016-01-13,9.20,9.28,8.66,8.74,811200,8.13255
2016-01-12,9.38,9.38,9.01,9.20,847700,8.560579
2016-01-11,9.50,9.51,9.27,9.34,522100,8.690849
2016-01-08,9.48,9.56,9.38,9.50,526700,8.839728
2016-01-07,9.83,9.83,9.40,9.45,907300,8.793203
2016-01-06,10.02,10.07,9.88,9.91,488800,9.221232
2016-01-05,10.08,10.17,10.01,10.09,464900,9.388722
2016-01-04,9.80,10.08,9.68,10.08,671100,9.379417
2015-12-31,9.89,10.00,9.82,9.86,617900,9.174707
2015-12-30,9.97,10.04,9.82,9.89,626200,9.202623
2015-12-29,9.98,10.10,9.78,10.00,576200,9.304977
2015-12-28,10.05,10.09,9.84,9.93,1231900,9.239843
2015-12-24,10.21,10.27,10.09,10.10,248600,9.398027
2015-12-23,10.07,10.25,10.03,10.20,593900,9.491076
2015-12-22,10.01,10.18,9.93,10.02,683900,9.323587
2015-12-21,10.05,10.11,9.92,9.98,598700,9.286367
2015-12-18,10.06,10.26,9.98,10.05,2717600,9.351502
2015-12-17,9.61,10.18,9.61,10.11,1980500,9.407331
2015-12-16,8.89,9.51,8.89,9.51,1494800,8.849033
2015-12-15,8.78,8.91,8.73,8.87,1287200,8.253515
2015-12-14,9.16,9.29,8.68,8.72,1232900,8.11394
2015-12-11,9.33,9.40,9.14,9.19,924000,8.551274
2015-12-10,8.98,9.51,8.98,9.43,1613700,8.774594
2015-12-09,8.95,9.05,8.895,8.97,745800,8.346565
2015-12-08,9.01,9.05,8.90,8.94,934900,8.318649
2015-12-07,9.22,9.232,8.98,9.06,942100,8.43031
2015-12-04,9.13,9.30,9.049,9.25,1001500,8.607104
2015-12-03,9.45,9.46,9.12,9.15,897100,8.514054
2015-12-02,9.43,9.68,9.36,9.44,1010600,8.783898
2015-12-01,9.56,9.95,9.26,9.45,1749200,8.793203
2015-11-30,9.33,9.39,9.06,9.23,781900,8.588493
2015-11-27,9.05,9.36,9.05,9.33,262600,8.681544
2015-11-25,8.85,9.075,8.80,9.06,380500,8.43031
2015-11-24,8.78,8.902,8.76,8.84,682100,8.2256
2015-11-23,8.87,8.91,8.81,8.82,567300,8.206989
2015-11-20,8.85,8.97,8.85,8.86,499300,8.244209
2015-11-19,8.70,8.83,8.655,8.80,781900,8.18838
2015-11-18,8.85,9.09,8.56,8.68,1356600,8.07672
2015-11-17,9.21,9.21,8.80,8.85,861400,8.234905
2015-11-16,8.80,9.20,8.78,9.18,814800,8.541969
2015-11-13,9.34,9.403,9.07,9.11,1191000,8.234904
2015-11-12,9.52,9.54,9.33,9.34,900800,8.442811
2015-11-11,9.60,9.63,9.50,9.54,470100,8.623599
2015-11-10,9.52,9.645,9.45,9.56,646600,8.641678
2015-11-09,9.59,9.71,9.45,9.52,1048300,8.605521
2015-11-06,9.92,10.03,9.345,9.55,1740200,8.632639
2015-11-05,10.40,10.40,9.98,9.99,986400,9.030373
2015-11-04,10.24,10.28,9.95,10.02,694900,9.057491
2015-11-03,10.09,10.33,10.07,10.26,912300,9.274437
2015-11-02,10.03,10.16,9.90,10.12,834100,9.147885
2015-10-30,10.05,10.08,9.98,10.02,577600,9.057491
2015-10-29,10.01,10.22,9.995,10.01,559100,9.048452
2015-10-28,10.00,10.215,9.94,10.01,1242300,9.048452
2015-10-27,10.34,10.35,9.94,10.00,832700,9.039412
2015-10-26,10.80,10.87,10.30,10.35,518100,9.355792
2015-10-23,11.21,11.31,10.70,10.80,400800,9.762565
2015-10-22,11.11,11.34,11.01,11.11,425000,10.042787
2015-10-21,11.13,11.13,10.997,11.04,254500,9.979511
2015-10-20,11.09,11.19,10.98,11.13,374100,10.060866
2015-10-19,10.88,11.14,10.88,11.11,416900,10.042787
2015-10-16,11.02,11.17,10.87,10.90,365500,9.852959
2015-10-15,10.89,11.03,10.81,11.00,363500,9.943353
2015-10-14,10.84,11.10,10.84,10.88,322700,9.834881
2015-10-13,11.20,11.229,10.805,10.84,499400,9.798723
2015-10-12,11.45,11.45,11.24,11.27,405400,10.187418
2015-10-09,11.52,11.55,11.395,11.47,296300,10.368206
2015-10-08,11.57,11.59,11.42,11.50,443500,10.395324
2015-10-07,11.08,11.555,11.05,11.53,1296700,10.422442
2015-10-06,10.77,11.02,10.70,11.02,752900,9.961433
2015-10-05,10.53,10.79,10.49,10.79,566900,9.753526
2015-10-02,10.39,10.53,10.36,10.50,698400,9.491383
2015-10-01,10.52,10.64,10.40,10.53,627300,9.518501
2015-09-30,10.03,10.48,9.86,10.46,1455800,9.455225
2015-09-29,10.33,10.33,9.87,9.95,2228400,8.994215
2015-09-28,11.15,11.20,10.08,10.28,1269800,9.292515
2015-09-25,11.43,11.43,11.17,11.20,799800,10.124141
2015-09-24,11.69,11.75,11.31,11.37,821100,10.277812
2015-09-23,11.75,11.81,11.67,11.73,652700,10.60323
2015-09-22,11.87,11.97,11.68,11.73,504900,10.60323
2015-09-21,12.03,12.09,11.93,11.97,397700,10.820177
2015-09-18,11.79,12.03,11.76,11.99,1246900,10.838255
2015-09-17,11.91,12.17,11.79,11.95,488600,10.802097
2015-09-16,11.86,11.98,11.71,11.91,564900,10.76594
2015-09-15,11.60,11.84,11.40,11.83,555100,10.693624
2015-09-14,11.51,11.765,11.40,11.76,445400,10.630349
2015-09-11,11.20,11.57,11.10,11.49,801200,10.386284
2015-09-10,11.25,11.38,11.18,11.27,371300,10.187418
2015-09-09,11.70,11.80,11.31,11.31,668200,10.223576
2015-09-08,11.37,11.43,11.22,11.40,432900,10.304929
2015-09-04,11.21,11.32,11.10,11.21,415700,10.133181
2015-09-03,11.45,11.45,11.19,11.34,501400,10.250694
2015-09-02,11.34,11.49,11.29,11.43,710900,10.332048
2015-09-01,11.34,11.50,11.14,11.26,780300,10.178378
2015-08-31,11.55,11.62,11.37,11.39,1127000,10.295891
2015-08-28,11.33,11.61,11.30,11.60,532200,10.485718
2015-08-27,11.12,11.55,11.08,11.35,954500,10.259733
2015-08-26,10.88,11.08,10.73,11.06,1289000,9.99759
2015-08-25,11.31,11.43,10.67,10.70,657400,9.672171
2015-08-24,11.09,11.29,10.82,10.85,1148500,9.807763
2015-08-21,11.65,11.84,11.42,11.48,726600,10.377245
2015-08-20,11.81,11.85,11.68,11.68,644600,10.558034
2015-08-19,11.90,11.99,11.77,11.86,573100,10.720742
2015-08-18,12.01,12.05,11.86,11.89,497900,10.747861
2015-08-17,11.74,12.05,11.73,12.02,346500,10.865374
2015-08-14,11.72,11.82,11.65,11.79,331800,10.657467
2015-08-13,11.92,11.98,11.73,11.76,524900,10.630349
2015-08-12,11.84,11.91,11.54,11.91,916400,10.76594
2015-08-11,11.73,11.87,11.71,11.87,653200,10.729782
2015-08-10,12.10,12.20,11.74,11.83,880100,10.693624
2015-08-07,12.36,12.44,11.96,12.04,1117400,10.883452
2015-08-06,12.69,12.98,11.85,12.52,1380700,11.317344
2015-08-05,12.95,12.95,12.402,12.57,801800,11.362541
2015-08-04,12.99,13.09,12.84,12.90,460500,11.660841
2015-08-03,12.94,13.00,12.84,12.96,470600,11.715078
2015-07-31,12.93,13.03,12.83,12.94,2479400,11.696999
2015-07-30,12.96,13.025,12.795,12.87,658100,11.633723
2015-07-29,12.63,13.01,12.52,12.99,655000,11.742196
2015-07-28,12.76,12.83,12.56,12.66,664100,11.443896
2015-07-27,12.70,12.865,12.64,12.69,722100,11.471014
2015-07-24,12.99,13.05,12.67,12.74,1058300,11.516211
2015-07-23,13.29,13.30,12.79,13.03,1790500,11.778354
2015-07-22,13.23,13.45,13.17,13.29,519700,12.013379
2015-07-21,13.25,13.38,13.15,13.25,377000,11.977221
2015-07-20,13.32,13.40,13.21,13.27,500500,11.9953
2015-07-17,13.42,13.49,13.26,13.28,812800,12.004339
2015-07-16,13.50,13.60,13.27,13.40,627000,12.112812
2015-07-15,13.56,13.56,13.23,13.48,992100,12.185127
2015-07-14,13.65,13.69,13.47,13.55,818400,12.248404
2015-07-13,13.75,13.84,13.47,13.63,821900,12.320719
2015-07-10,13.65,13.765,13.57,13.65,1011900,12.338797
2015-07-09,13.75,13.76,13.455,13.58,1069900,12.275522
2015-07-08,13.73,13.80,13.45,13.61,815000,12.30264
2015-07-07,13.56,13.78,13.53,13.75,845700,12.429192
2015-07-06,13.45,13.63,13.38,13.63,831900,12.320719
2015-07-02,13.66,13.75,13.40,13.45,1556600,12.158009
2015-07-01,13.56,13.80,13.485,13.61,1356000,12.30264
2015-06-30,13.37,13.45,13.12,13.37,1186600,12.085694
2015-06-29,13.53,13.63,13.19,13.24,1684000,11.968181
2015-06-26,13.64,13.717,13.53,13.65,5607200,12.338797
2015-06-25,14.09,14.11,13.41,13.70,2208200,12.383994
2015-06-24,13.96,14.25,13.75,14.15,13490600,12.790768
2015-06-23,14.84,15.18,14.14,14.14,3073600,12.781729
2015-06-22,15.76,15.84,15.19,15.25,430300,13.785104
2015-06-19,15.55,15.99,15.43,15.76,1839000,14.246114
2015-06-18,15.34,15.56,15.29,15.55,457000,14.056286
2015-06-17,15.15,15.33,14.98,15.31,419500,13.83934
2015-06-16,15.20,15.24,14.955,15.13,506000,13.676631
2015-06-15,15.30,15.555,15.27,15.40,704600,13.68567
2015-06-12,15.46,15.51,15.22,15.35,335200,13.641237
2015-06-11,15.70,15.75,15.48,15.53,463900,13.801199
2015-06-10,15.59,15.75,15.44,15.68,478000,13.934501
2015-06-09,15.60,15.72,15.43,15.64,540200,13.898954
2015-06-08,15.41,15.50,15.23,15.40,581300,13.68567
2015-06-05,15.85,15.90,15.40,15.47,616100,13.747879
2015-06-04,15.82,15.928,15.70,15.83,325600,14.067803
2015-06-03,16.00,16.014,15.82,15.90,276000,14.13001
2015-06-02,15.87,16.084999,15.87,16.00,291700,14.218879
2015-06-01,15.90,16.040001,15.82,15.95,435900,14.174445
2015-05-29,16.08,16.10,15.78,15.95,670600,14.174445
2015-05-28,15.98,16.129999,15.88,16.08,226800,14.289973
2015-05-27,16.110001,16.139999,15.76,15.93,458800,14.156671
2015-05-26,15.95,16.200001,15.80,16.120001,315100,14.325521
2015-05-22,16.040001,16.23,15.96,15.99,345700,14.209992
2015-05-21,16.219999,16.280001,15.95,16.09,336600,14.29886
2015-05-20,16.219999,16.309999,16.10,16.209999,415000,14.405501
2015-05-19,16.23,16.290001,16.129999,16.24,247400,14.432162
2015-05-18,16.16,16.280001,16.110001,16.209999,347500,14.405501
2015-05-15,15.88,16.26,15.835,16.209999,404500,14.405501
2015-05-14,15.78,15.97,15.70,15.91,329700,14.138897
2015-05-13,15.94,15.94,15.70,15.76,472400,14.005596
2015-05-12,15.88,16.030001,15.53,15.94,325200,14.165558
2015-05-11,16.200001,16.25,15.98,15.98,247400,14.201105
2015-05-08,16.18,16.48,16.048,16.190001,331900,14.387728
2015-05-07,15.80,16.290001,15.58,16.059999,413300,14.272199
2015-05-06,15.82,15.90,15.43,15.52,477600,13.792313
2015-05-05,16.219999,16.24,15.70,15.75,443400,13.996709
2015-05-04,16.190001,16.35,16.120001,16.290001,196700,14.476597
2015-05-01,16.16,16.290001,16.004,16.190001,187100,14.387728
2015-04-30,16.450001,16.450001,16.110001,16.16,233400,14.361067
2015-04-29,16.549999,16.60,16.41,16.450001,112100,14.618785
2015-04-28,16.559999,16.620001,16.534,16.610001,342500,14.760974
2015-04-27,16.549999,16.629999,16.530001,16.59,189300,14.7432
2015-04-24,16.57,16.629999,16.50,16.559999,108600,14.716539
2015-04-23,16.559999,16.68,16.50,16.60,296200,14.752087
2015-04-22,16.620001,16.67,16.51,16.60,639100,14.752087
2015-04-21,16.549999,16.65,16.51,16.639999,326800,14.787633
2015-04-20,16.469999,16.58,16.370001,16.52,337400,14.680993
2015-04-17,16.49,16.50,16.334999,16.389999,209400,14.565463
2015-04-16,16.530001,16.540001,16.35,16.49,201700,14.654332
2015-04-15,16.450001,16.66,16.299999,16.610001,355200,14.760974
2015-04-14,16.48,16.690001,16.424,16.58,267900,14.529916
2015-04-13,16.65,16.65,16.450001,16.540001,311300,14.494863
2015-04-10,16.540001,16.75,16.540001,16.620001,273700,14.564971
2015-04-09,16.66,16.690001,16.49,16.549999,175000,14.503625
2015-04-08,16.40,16.690001,16.40,16.66,381500,14.600024
2015-04-07,16.559999,16.66,16.450001,16.48,229000,14.442281
2015-04-06,16.75,16.809999,16.58,16.60,222200,14.547444
2015-04-02,16.610001,16.75,16.450001,16.719999,440500,14.652605
2015-04-01,16.68,16.809999,16.52,16.629999,138900,14.573733
2015-03-31,16.709999,16.860001,16.59,16.629999,168100,14.573733
2015-03-30,16.65,16.92,16.65,16.82,224500,14.740241
2015-03-27,16.60,16.73,16.51,16.690001,164500,14.626316
2015-03-26,16.639999,16.915001,16.530001,16.559999,224900,14.512389
2015-03-25,17.00,17.01,16.559999,16.700001,192800,14.635079
2015-03-24,17.10,17.10,16.889999,17.030001,222900,14.924275
2015-03-23,17.120001,17.34,17.040001,17.07,312500,14.959329
2015-03-20,16.65,17.120001,16.50,17.040001,613200,14.933039
2015-03-19,16.58,16.85,16.540001,16.620001,193600,14.564971
2015-03-18,16.59,16.715,16.32,16.67,307600,14.608788
2015-03-17,16.40,16.610001,16.360001,16.540001,365500,14.494863
2015-03-16,16.43,16.60,16.299999,16.389999,609900,14.363409
2015-03-13,16.549999,16.627001,16.33,16.34,222600,14.319592
2015-03-12,16.27,16.700001,16.27,16.50,541500,14.459808
2015-03-11,16.42,16.450001,16.24,16.25,255200,14.24072
2015-03-10,16.43,16.60,16.360001,16.469999,259600,14.433517
2015-03-09,16.42,16.610001,16.40,16.58,328800,14.529916
2015-03-06,16.41,16.629999,16.25,16.48,435000,14.442281
2015-03-05,16.73,16.780001,16.43,16.559999,2419200,14.512389
2015-03-04,16.639999,16.780001,16.43,16.76,721400,14.68766
2015-03-03,16.90,17.00,16.68,16.74,395200,14.670132
2015-03-02,16.84,17.08,16.799999,16.99,417300,14.88922
2015-02-27,17.049999,17.379999,16.719999,16.84,1335600,14.757768
2015-02-26,17.530001,17.74,17.059999,17.139999,577000,15.020673
2015-02-25,17.629999,17.65,17.389999,17.620001,308600,15.441323
2015-02-24,17.540001,17.65,17.34,17.52,388800,15.353688
2015-02-23,17.48,17.74,17.27,17.65,358400,15.467613
2015-02-20,17.41,17.530001,17.00,17.450001,378200,15.292343
2015-02-19,17.360001,17.49,17.190001,17.35,481500,15.204708
2015-02-18,16.99,17.549999,16.950001,17.41,362000,15.257288
2015-02-17,16.99,17.16,16.969999,17.040001,214200,14.933039
2015-02-13,16.879999,17.120001,16.74,17.09,410700,14.976856
2015-02-12,16.620001,16.92,16.549999,16.92,392400,14.827876
2015-02-11,16.77,16.790001,16.51,16.65,259600,14.591261
2015-02-10,16.76,16.84,16.549999,16.77,362900,14.696424
2015-02-09,16.85,16.99,16.68,16.780001,194000,14.705187
2015-02-06,17.280001,17.41,16.90,16.98,623000,14.880457
2015-02-05,17.01,17.360001,16.959999,17.34,317500,15.195944
2015-02-04,17.129999,17.23,16.83,17.030001,402900,14.924275
2015-02-03,16.76,17.26,16.73,17.26,603100,15.125836
2015-02-02,16.59,16.799,16.450001,16.790001,556700,14.713951
2015-01-30,16.629999,16.84,16.469,16.540001,186400,14.494863
2015-01-29,16.790001,16.889999,16.50,16.76,236800,14.68766
2015-01-28,16.959999,16.969999,16.75,16.85,303100,14.766532
2015-01-27,16.73,16.969999,16.58,16.950001,438500,14.854167
2015-01-26,16.40,16.945,16.370001,16.860001,1015800,14.775295
2015-01-23,16.459999,16.51,16.379999,16.43,294100,14.398464
2015-01-22,16.48,16.563999,16.42,16.49,339100,14.451044
2015-01-21,16.549999,16.665001,16.405001,16.43,307300,14.398464
2015-01-20,16.66,16.68,16.48,16.540001,586500,14.494863
2015-01-16,16.66,16.76,16.610001,16.690001,293700,14.626316
2015-01-15,17.02,17.15,16.629999,16.719999,345600,14.652605
2015-01-14,16.76,17.120001,16.620001,17.09,319400,14.976856
2015-01-13,17.00,17.00,16.60,16.950001,593800,14.854167
2015-01-12,16.99,17.02,16.77,16.940001,811100,14.845404
2015-01-09,16.799999,17.01,16.74,16.99,1107900,14.88922
2015-01-08,17.00,17.01,16.74,16.809999,476500,14.731477
2015-01-07,16.83,17.00,16.459999,16.98,417100,14.880457
2015-01-06,16.99,17.059999,16.57,16.84,438200,14.757768
2015-01-05,16.60,17.00,16.440001,16.91,433700,14.819112
2015-01-02,16.440001,16.860001,16.299999,16.780001,386700,14.705187
2014-12-31,16.50,16.530001,16.389999,16.450001,1398600,14.415991
2014-12-30,16.719999,16.75,16.48,16.50,939700,14.459808
2014-12-29,17.02,17.139999,16.879999,16.940001,506400,14.643843
2014-12-26,17.01,17.15,16.92,17.10,229200,14.782155
2014-12-24,16.99,17.040001,16.85,17.00,110700,14.695709
2014-12-23,17.059999,17.195,16.91,17.02,462100,14.712999
2014-12-22,17.16,17.17,16.799999,17.139999,699100,14.816732
2014-12-19,16.40,17.25,16.360001,17.16,1576500,14.834022
2014-12-18,16.639999,16.74,16.27,16.450001,544800,14.220261
2014-12-17,16.27,16.690001,16.139999,16.639999,558100,14.384506
2014-12-16,16.549999,16.559999,16.299999,16.450001,640700,14.220261
2014-12-15,16.93,16.983,16.43,16.559999,962300,14.315349
2014-12-12,17.040001,17.18,16.799999,16.92,717400,14.626553
2014-12-11,17.059999,17.290001,17.059999,17.18,321000,14.851311
2014-12-10,17.25,17.290001,17.00,17.26,374800,14.920468
2014-12-09,17.299999,17.459999,17.10,17.32,664100,14.972334
2014-12-08,17.530001,17.75,17.379999,17.51,624400,15.136581
2014-12-05,17.75,17.790001,17.469999,17.68,394000,15.283538
2014-12-04,17.540001,18.00,17.51,17.93,316100,15.499651
2014-12-03,17.639999,17.90,17.549999,17.690001,366300,15.292183
2014-12-02,17.26,17.84,17.26,17.76,427200,15.352694
2014-12-01,17.559999,17.75,17.25,17.58,592500,15.197092
2014-11-28,17.67,17.75,17.469999,17.639999,169300,15.248959
2014-11-26,17.67,17.99,17.559999,17.67,266300,15.274893
2014-11-25,17.379999,17.67,17.370001,17.67,876200,15.274893
2014-11-24,17.15,17.60,17.129999,17.50,628900,15.127936
2014-11-21,17.50,17.540001,17.02,17.209999,802400,14.877244
2014-11-20,17.25,17.60,17.25,17.34,633200,14.989624
2014-11-19,17.60,18.00,17.25,17.360001,1098800,15.006913
2014-11-18,17.93,18.01,17.629999,17.73,1289400,15.32676
2014-11-17,17.110001,17.809999,17.10,17.559999,1031300,15.179803
2014-11-14,17.33,17.75,17.25,17.35,648600,14.998268
2014-11-13,18.040001,18.040001,17.301001,17.459999,1152100,15.093357
2014-11-12,17.870001,18.040001,17.469999,17.549999,1201500,15.171158
2014-11-11,17.700001,18.299999,17.601999,17.99,1684900,15.551518
2014-11-10,19.200001,19.393,17.59,17.719999,3250400,15.318115
2014-11-07,19.35,19.75,19.00,19.299999,8126500,16.683952
2014-11-06,19.690001,20.200001,19.309999,19.309999,1085000,16.692597
2014-11-05,19.200001,19.85,19.049999,19.85,882600,17.159402
2014-11-04,18.700001,18.809999,18.18,18.780001,82100,16.234437
2014-11-03,19.049999,19.049999,18.60,18.90,71900,16.338171
2014-10-31,18.77,19.299999,18.700001,19.10,87700,16.511062
2014-10-30,18.60,18.99,18.60,18.75,132100,16.208503
2014-10-29,19.030001,19.030001,18.219999,18.629999,79500,16.104768
2014-10-28,19.10,19.23,19.02,19.049999,72600,16.467838
2014-10-27,18.00,19.50,18.00,19.059999,66200,16.476483
