Date,Open,High,Low,Close,Volume,Adj Close
2016-11-25,35.799999,35.91,35.799999,35.91,12100,35.91
2016-11-23,35.580002,35.790001,35.560001,35.77,13100,35.77
2016-11-22,35.669998,35.779999,35.619999,35.77,38400,35.77
2016-11-21,35.889999,36.040001,35.810001,35.990002,39900,35.640002
2016-11-18,36.00,36.00,35.830002,35.889999,15700,35.540972
2016-11-17,35.900002,36.040001,35.75,36.02,33300,35.669709
2016-11-16,35.57,35.84,35.57,35.740002,39100,35.392433
2016-11-15,35.740002,35.959999,35.549999,35.689999,25500,35.342916
2016-11-14,35.900002,36.040001,35.720001,35.779999,17100,35.432041
2016-11-11,35.799999,36.00,35.720001,35.98,17700,35.630097
2016-11-10,35.91,35.959999,35.689999,35.810001,20600,35.461752
2016-11-09,35.490002,35.889999,35.110001,35.889999,44800,35.540972
2016-11-08,35.599998,35.610001,35.52,35.549999,17900,35.204279
2016-11-07,35.549999,35.799999,35.540001,35.619999,25600,35.273597
2016-11-04,35.27,35.400002,35.099998,35.200001,38300,34.857684
2016-11-03,35.310001,35.52,35.27,35.27,11000,34.927003
2016-11-02,35.75,35.849998,35.299999,35.299999,20100,34.95671
2016-11-01,36.07,36.110001,35.740002,35.849998,8800,35.50136
2016-10-31,35.98,36.150002,35.919998,36.060001,15400,35.709321
2016-10-28,35.900002,36.00,35.75,35.790001,8500,35.441946
2016-10-27,36.07,36.099998,35.810001,35.810001,14200,35.461752
2016-10-26,35.900002,36.119999,35.849998,35.889999,9300,35.540972
2016-10-25,36.09,36.09,35.919998,36.009998,17200,35.659804
2016-10-24,35.970001,36.189999,35.880001,36.189999,17000,35.838054
2016-10-21,35.830002,36.07,35.77,35.970001,27700,35.620196
2016-10-20,36.00,36.099998,35.799999,35.919998,30900,35.570679
2016-10-19,35.970001,36.130001,35.900002,36.040001,15000,35.689515
2016-10-18,36.150002,36.150002,35.919998,35.970001,19500,35.620196
2016-10-17,35.860001,36.00,35.860001,35.970001,27800,35.620196
2016-10-14,36.080002,36.080002,35.82,35.93,10900,35.580584
2016-10-13,35.740002,36.060001,35.66,36.060001,12300,35.709321
2016-10-12,35.869999,36.09,35.779999,35.91,19700,35.560778
2016-10-11,36.459999,36.459999,35.799999,36.02,19400,35.669709
2016-10-10,36.310001,36.529999,36.310001,36.52,8800,36.164847
2016-10-07,36.380001,36.48,36.139999,36.209999,16100,35.85786
2016-10-06,36.549999,36.57,36.330002,36.529999,18800,36.174748
2016-10-05,36.509998,36.84,36.459999,36.490002,26200,36.13514
2016-10-04,36.470001,36.560001,36.349998,36.439999,11900,36.085623
2016-10-03,36.790001,36.790001,36.330002,36.57,12500,36.21436
2016-09-30,36.400002,36.740002,36.400002,36.73,14000,36.372803
2016-09-29,36.560001,36.59,36.240002,36.240002,21200,35.887571
2016-09-28,36.450001,36.700001,36.299999,36.700001,5300,36.343096
2016-09-27,36.200001,36.50,36.200001,36.50,12600,36.145041
2016-09-26,36.310001,36.310001,36.110001,36.110001,5700,35.758834
2016-09-23,36.59,36.59,36.380001,36.540001,12700,36.184653
2016-09-22,36.290001,36.689999,36.27,36.639999,23500,36.283679
2016-09-21,36.099998,36.299999,35.950001,36.299999,29200,35.946985
2016-09-20,36.060001,36.32,35.91,35.93,31900,35.580584
2016-09-19,36.470001,36.599998,36.279999,36.299999,17600,35.946985
2016-09-16,36.509998,36.57,36.310001,36.470001,47900,36.115334
2016-09-15,36.150002,36.450001,36.080002,36.419998,21500,36.065817
2016-09-14,36.099998,36.27,35.959999,36.049999,5900,35.699416
2016-09-13,36.25,36.41,35.75,35.990002,23100,35.640002
2016-09-12,35.98,36.450001,35.98,36.389999,32800,36.03611
2016-09-09,36.619999,36.619999,35.84,35.970001,25100,35.620196
2016-09-08,36.91,36.970001,36.720001,36.720001,15400,36.362902
2016-09-07,36.98,36.990002,36.869999,36.93,4700,36.570859
2016-09-06,36.830002,36.990002,36.810001,36.919998,24000,36.560954
2016-09-02,36.860001,36.950001,36.73,36.73,9200,36.372803
2016-09-01,36.689999,36.860001,36.639999,36.720001,13600,36.362902
2016-08-31,36.720001,36.799999,36.700001,36.75,28600,36.392609
2016-08-30,36.880001,36.880001,36.720001,36.75,16300,36.392609
2016-08-29,36.75,36.869999,36.75,36.82,16200,36.461928
2016-08-26,36.66,36.889999,36.529999,36.73,25100,36.372803
2016-08-25,36.709999,36.919998,36.599998,36.650002,16900,36.293583
2016-08-24,37.080002,37.080002,36.610001,36.689999,35700,36.333192
2016-08-23,37.290001,37.400002,37.18,37.32,23700,36.551053
2016-08-22,37.259998,37.279999,37.139999,37.220001,28000,36.453115
2016-08-19,37.259998,37.310001,37.189999,37.220001,9700,36.453115
2016-08-18,37.16,37.290001,37.09,37.279999,22800,36.511877
2016-08-17,37.18,37.32,36.970001,37.189999,26600,36.423731
2016-08-16,37.200001,37.259998,37.139999,37.18,11500,36.413939
2016-08-15,36.919998,37.349998,36.919998,37.169998,14000,36.404143
2016-08-12,36.950001,37.060001,36.889999,36.939999,10600,36.178882
2016-08-11,36.98,37.18,36.98,37.02,19300,36.257235
2016-08-10,37.150002,37.27,36.939999,37.009998,34600,36.247439
2016-08-09,37.00,37.209999,37.00,37.150002,10500,36.384558
2016-08-08,37.209999,37.25,36.869999,36.970001,20600,36.208266
2016-08-05,37.09,37.27,37.00,37.27,16600,36.502084
2016-08-04,36.939999,37.040001,36.77,36.869999,30100,36.110325
2016-08-03,36.810001,36.990002,36.73,36.849998,7000,36.090736
2016-08-02,36.970001,36.970001,36.810001,36.810001,12900,36.051563
2016-08-01,37.07,37.189999,36.939999,37.029999,21400,36.267028
2016-07-29,37.09,37.310001,37.09,37.099998,15100,36.335585
2016-07-28,37.110001,37.380001,37.07,37.18,19400,36.413939
2016-07-27,37.119999,37.23,37.07,37.23,9900,36.462908
2016-07-26,36.919998,37.189999,36.919998,37.139999,15200,36.374762
2016-07-25,37.110001,37.220001,36.900002,37.00,26300,36.237647
2016-07-22,36.91,37.299999,36.889999,37.110001,22100,36.345381
2016-07-21,37.330002,37.330002,36.900002,37.029999,23200,36.267028
2016-07-20,37.049999,37.34,37.049999,37.18,13200,36.413939
2016-07-19,36.77,37.150002,36.77,37.130001,33400,36.36497
2016-07-18,36.720001,37.02,36.720001,36.939999,34200,36.178882
2016-07-15,36.990002,36.990002,36.73,36.860001,22900,36.100532
2016-07-14,37.00,37.150002,36.919998,36.93,27800,36.16909
2016-07-13,37.009998,37.080002,36.849998,36.970001,17800,36.208266
2016-07-12,37.139999,37.200001,36.849998,36.950001,29800,36.188678
2016-07-11,36.82,37.32,36.82,37.040001,26300,36.276824
2016-07-08,36.779999,37.040001,36.740002,36.849998,20900,36.090736
2016-07-07,36.59,36.810001,36.459999,36.509998,25300,35.757741
2016-07-06,36.50,36.77,36.389999,36.490002,23100,35.738157
2016-07-05,36.91,36.950001,36.610001,36.610001,33800,35.855683
2016-07-01,36.759998,37.27,36.720001,37.049999,46300,36.286616
2016-06-30,36.869999,37.080002,36.52,36.880001,36600,36.120121
2016-06-29,36.580002,36.889999,36.43,36.619999,39000,35.865476
2016-06-28,35.639999,36.470001,35.639999,36.150002,31600,35.405162
2016-06-27,35.84,35.939999,35.400002,35.599998,55900,34.866491
2016-06-24,36.34,36.849998,36.009998,36.419998,49500,35.669596
2016-06-23,37.02,37.240002,36.959999,36.990002,26300,36.227855
2016-06-22,37.049999,37.049999,36.799999,36.939999,28400,36.178882
2016-06-21,36.779999,37.200001,36.630001,37.060001,42900,36.296412
2016-06-20,36.939999,37.220001,36.540001,36.59,54300,35.836095
2016-06-17,36.880001,36.880001,36.279999,36.619999,10000,35.865476
2016-06-16,36.560001,37.240002,36.25,36.889999,70400,36.129913
2016-06-15,36.490002,37.23,36.450001,36.450001,64100,35.69898
2016-06-14,36.540001,36.700001,36.360001,36.50,16500,35.747949
2016-06-13,36.419998,36.709999,36.419998,36.630001,17900,35.875272
2016-06-10,36.970001,36.970001,36.549999,36.639999,28000,35.885064
2016-06-09,37.189999,37.34,36.950001,36.98,21800,36.218059
2016-06-08,37.16,37.369999,37.139999,37.150002,23800,36.384558
2016-06-07,37.150002,37.599998,37.060001,37.16,17700,36.39435
2016-06-06,36.869999,37.299999,36.869999,37.23,31800,36.462908
2016-06-03,36.900002,37.110001,36.799999,36.799999,19800,36.041767
2016-06-02,37.00,37.139999,36.900002,37.099998,19800,36.335585
2016-06-01,36.889999,37.310001,36.889999,37.049999,61900,36.286616
2016-05-31,37.040001,37.330002,36.849998,36.950001,35000,36.188678
2016-05-27,37.07,37.240002,36.889999,37.040001,10500,36.276824
2016-05-26,37.07,37.290001,37.07,37.080002,6100,36.316001
2016-05-25,36.779999,37.189999,36.68,37.099998,19300,36.335585
2016-05-24,36.369999,36.75,36.369999,36.700001,12600,35.943829
2016-05-23,36.349998,36.450001,36.259998,36.32,10900,35.571658
2016-05-20,35.939999,36.700001,35.939999,36.209999,10100,35.463923
2016-05-19,36.139999,36.290001,35.919998,36.009998,9300,35.268044
2016-05-18,36.130001,36.66,36.110001,36.110001,23800,35.365985
2016-05-17,36.599998,36.689999,36.50,36.50,18900,35.346396
2016-05-16,36.48,36.880001,36.459999,36.50,26900,35.346396
2016-05-13,36.880001,36.880001,36.34,36.419998,35700,35.268922
2016-05-12,37.169998,37.310001,36.959999,36.959999,24200,35.791856
2016-05-11,37.220001,37.32,37.099998,37.169998,14200,35.995218
2016-05-10,36.849998,37.41,36.849998,37.139999,24300,35.966167
2016-05-09,36.759998,37.09,36.73,36.91,21100,35.743437
2016-05-06,36.669998,36.959999,36.669998,36.799999,22800,35.636913
2016-05-05,37.00,37.00,36.73,36.830002,15700,35.665967
2016-05-04,36.93,37.09,36.849998,36.91,19000,35.743437
2016-05-03,37.599998,37.720001,37.080002,37.139999,20900,35.966167
2016-05-02,37.529999,37.75,37.529999,37.700001,26400,36.50847
2016-04-29,37.639999,37.709999,37.299999,37.380001,17000,36.198584
2016-04-28,37.73,37.939999,37.509998,37.709999,21700,36.518152
2016-04-27,37.549999,37.880001,37.50,37.790001,29800,36.595625
2016-04-26,37.549999,37.900002,37.209999,37.599998,58300,36.411628
2016-04-25,38.869999,38.869999,37.400002,37.509998,43600,36.324472
2016-04-22,38.950001,39.23,38.68,39.049999,97500,37.815801
2016-04-21,38.349998,38.84,38.349998,38.84,66100,37.612439
2016-04-20,38.189999,38.580002,38.189999,38.34,25300,37.128241
2016-04-19,38.119999,38.459999,38.009998,38.040001,37400,36.837724
2016-04-18,37.849998,38.130001,37.849998,37.950001,54900,36.750568
2016-04-15,37.700001,38.040001,37.700001,37.93,53800,36.7312
2016-04-14,37.48,37.830002,37.360001,37.650002,112000,36.460051
2016-04-13,37.139999,37.470001,37.099998,37.360001,40200,36.179215
2016-04-12,36.779999,37.189999,36.709999,36.98,56400,35.811224
2016-04-11,36.279999,36.75,36.240002,36.720001,84500,35.559444
2016-04-08,36.299999,36.869999,36.25,36.490002,84000,35.336713
2016-04-07,36.240002,36.240002,35.779999,36.200001,121800,35.055878
2016-04-06,36.169998,36.459999,35.900002,36.240002,98200,35.094615
2016-04-05,35.799999,36.25,35.599998,35.779999,220500,34.64915
2016-04-04,35.599998,35.939999,35.580002,35.889999,159300,34.755674
2016-04-01,35.43,35.740002,35.43,35.68,76400,34.552312
2016-03-31,35.790001,35.869999,35.560001,35.619999,27500,34.494207
2016-03-30,35.950001,35.950001,35.52,35.650002,65100,34.523262
2016-03-29,35.549999,35.82,35.549999,35.68,58700,34.552312
2016-03-28,35.73,35.73,35.57,35.619999,56400,34.494207
2016-03-24,35.529999,35.849998,35.529999,35.709999,101200,34.581363
2016-03-23,35.639999,35.84,35.50,35.709999,89800,34.581363
2016-03-22,35.73,36.279999,35.73,35.900002,93300,34.76536
2016-03-21,35.389999,35.970001,35.389999,35.82,206000,34.687887
2016-03-18,35.650002,35.919998,35.360001,35.490002,89700,34.368319
2016-03-17,35.849998,35.950001,35.34,35.68,410300,34.552312
2016-03-16,34.259998,36.459999,33.689999,35.68,923100,34.552312
2016-03-15,68.089996,68.169998,67.309998,67.480003,113700,32.760784
2016-03-14,68.209999,68.489998,67.760002,68.489998,51500,33.251125
2016-03-11,68.589996,68.790001,68.110001,68.370003,92500,33.192869
2016-03-10,68.370003,68.589996,68.00,68.459999,85300,33.236561
2016-03-09,67.989998,68.370003,66.879997,68.309998,101900,33.163737
2016-03-08,67.610001,67.860001,66.849998,67.75,80100,32.891864
2016-03-07,67.220001,67.860001,67.220001,67.839996,53600,32.935557
2016-03-04,67.400002,67.629997,67.220001,67.629997,48300,32.833604
2016-03-03,67.080002,67.330002,66.940002,67.330002,108100,32.68796
2016-03-02,66.510002,67.300003,66.349998,67.169998,124300,32.61028
2016-03-01,65.949997,66.839996,65.660004,66.800003,72300,32.430651
2016-02-29,65.949997,66.169998,65.360001,65.480003,39100,31.789806
2016-02-26,65.769997,66.010002,65.339996,65.889999,63700,31.988855
2016-02-25,64.459999,65.440002,64.459999,65.440002,55300,31.770386
2016-02-24,63.950001,64.510002,63.950001,64.489998,12200,31.30917
2016-02-23,63.77,64.50,63.77,64.389999,52300,31.260622
2016-02-22,64.50,64.589996,64.300003,64.540001,33600,31.333446
2016-02-19,63.77,64.269997,63.75,64.269997,35000,31.202362
2016-02-18,64.379997,64.379997,63.77,63.77,39800,30.959619
2016-02-17,64.419998,64.459999,63.720001,63.959999,206800,31.051861
2016-02-16,64.889999,65.290001,64.470001,64.57,80200,31.14896
2016-02-12,64.300003,64.790001,64.230003,64.529999,59200,31.129664
2016-02-11,63.509998,64.239998,63.25,63.75,56400,30.753388
2016-02-10,64.550003,65.040001,64.099998,64.300003,98200,31.018712
2016-02-09,64.809998,65.129997,64.199997,64.550003,90700,31.139314
2016-02-08,64.050003,64.169998,63.630001,63.84,65000,30.796804
2016-02-05,65.099998,65.639999,64.07,64.400002,68600,31.066952
2016-02-04,64.089996,65.360001,64.089996,64.980003,58300,31.346749
2016-02-03,64.529999,65.389999,64.169998,64.459999,41200,31.095895
2016-02-02,63.709999,64.330002,63.709999,64.25,40800,30.994591
2016-02-01,63.91,64.449997,63.91,64.300003,34600,31.018712
2016-01-29,63.950001,64.480003,63.720001,64.309998,39800,31.023534
2016-01-28,63.52,64.010002,63.509998,63.849998,41600,30.801627
2016-01-27,63.419998,63.73,63.27,63.419998,51800,30.594193
2016-01-26,63.75,63.959999,63.470001,63.790001,60400,30.772684
2016-01-25,63.68,63.810001,63.07,63.43,42100,30.599018
2016-01-22,63.68,64.339996,63.52,64.019997,48500,30.883636
2016-01-21,63.189999,64.209999,63.029999,63.34,43700,30.555601
2016-01-20,63.049999,63.459999,62.279999,62.82,85300,30.30475
2016-01-19,64.18,64.43,63.490002,63.549999,54600,30.656906
2016-01-15,63.349998,63.970001,63.279999,63.970001,45900,30.859518
2016-01-14,64.25,64.559998,63.66,64.559998,41000,31.144135
2016-01-13,64.209999,64.300003,63.560001,63.91,59600,30.830572
2016-01-12,64.760002,64.790001,63.84,64.300003,80200,31.018712
2016-01-11,64.389999,64.610001,63.93,64.459999,48100,31.095895
2016-01-08,65.010002,65.040001,63.919998,64.089996,89200,30.917404
2016-01-07,64.25,64.919998,64.110001,64.919998,50700,31.317802
2016-01-06,65.099998,65.190002,64.660004,64.82,61400,31.269562
2016-01-05,65.389999,65.75,65.019997,65.75,63200,31.7182
2016-01-04,65.800003,65.800003,64.510002,65.00,112400,31.356395
2015-12-31,66.220001,66.540001,66.169998,66.260002,65300,31.964228
2015-12-30,66.419998,66.50,66.120003,66.300003,72300,31.983525
2015-12-29,66.220001,66.849998,66.220001,66.580002,17800,32.118598
2015-12-28,66.050003,66.389999,65.230003,66.129997,36300,31.901513
2015-12-24,66.220001,66.800003,66.220001,66.230003,9300,31.949756
2015-12-23,66.129997,66.860001,65.800003,66.220001,27700,31.944931
2015-12-22,65.07,65.720001,64.900002,65.599998,34000,31.645838
2015-12-21,65.32,65.870003,65.00,65.059998,18000,31.385338
2015-12-18,65.220001,65.879997,64.669998,64.669998,76500,31.1972
2015-12-17,65.57,65.970001,65.010002,65.449997,83200,31.573476
2015-12-16,65.50,65.900002,65.160004,65.900002,88300,31.790561
2015-12-15,65.139999,65.440002,64.110001,65.230003,51000,31.46735
2015-12-14,64.010002,64.379997,63.84,64.32,52600,31.028359
2015-12-11,64.07,64.449997,63.529999,63.77,45300,30.763036
2015-12-10,64.339996,64.989998,64.25,64.580002,53300,31.153786
2015-12-09,63.77,64.519997,63.23,63.959999,71500,30.854692
2015-12-08,63.759998,64.32,62.849998,63.84,92200,30.796804
2015-12-07,65.75,65.75,64.040001,64.129997,75000,30.936701
2015-12-04,65.089996,66.900002,65.089996,65.949997,161300,31.814679
2015-12-03,67.190002,67.330002,65.860001,66.50,85500,32.080004
2015-12-02,68.419998,68.43,67.029999,67.25,77400,32.441809
2015-12-01,68.900002,68.900002,68.529999,68.709999,34100,33.146121
2015-11-30,68.989998,68.989998,68.400002,68.879997,13300,33.228129
2015-11-27,68.989998,68.989998,68.419998,68.699997,22500,33.141296
2015-11-25,68.419998,68.93,68.260002,68.699997,21700,33.141296
2015-11-24,68.870003,69.290001,68.370003,68.699997,31200,33.141296
2015-11-23,69.110001,71.660004,68.760002,70.00,58100,33.068937
2015-11-20,68.839996,69.190002,68.419998,68.989998,26400,32.591799
2015-11-19,68.949997,68.949997,67.959999,68.449997,15700,32.336695
2015-11-18,68.910004,69.389999,68.129997,68.410004,39800,32.317802
2015-11-17,68.529999,69.32,68.160004,68.760002,46500,32.483146
2015-11-16,67.589996,67.980003,67.589996,67.870003,11500,32.062698
2015-11-13,68.43,68.43,67.860001,67.989998,10700,32.119385
2015-11-12,70.209999,70.470001,68.809998,68.809998,16000,32.506764
2015-11-11,70.339996,71.00,69.980003,70.50,16300,33.305144
2015-11-10,69.879997,70.120003,69.529999,70.120003,7400,33.125628
2015-11-09,70.589996,70.589996,69.379997,69.629997,12200,32.894143
2015-11-06,70.839996,70.839996,70.110001,70.410004,10000,33.262629
2015-11-05,71.00,71.449997,70.379997,70.57,8300,33.338213
2015-11-04,71.169998,71.349998,70.330002,71.25,15700,33.659454
2015-11-03,70.75,71.099998,70.199997,71.099998,7800,33.588591
2015-11-02,70.290001,70.940002,70.269997,70.870003,4700,33.479938
2015-10-30,70.290001,70.300003,70.00,70.279999,10500,33.201213
2015-10-29,70.07,70.599998,69.440002,69.809998,10000,32.979178
2015-10-28,69.440002,70.379997,68.970001,70.169998,35800,33.149247
2015-10-27,70.290001,70.290001,69.269997,70.040001,9700,33.087834
2015-10-26,70.190002,70.349998,69.540001,70.279999,6500,33.201213
2015-10-23,70.589996,70.589996,69.68,69.910004,9000,33.026422
2015-10-22,69.480003,70.489998,69.480003,69.989998,14600,33.064212
2015-10-21,69.769997,69.769997,68.93,69.239998,8600,32.709902
2015-10-20,69.18,69.480003,68.209999,69.309998,11500,32.742971
2015-10-19,69.209999,69.300003,68.160004,69.010002,6800,32.601249
2015-10-16,69.32,69.389999,68.029999,69.199997,6500,32.691005
2015-10-15,69.150002,69.160004,67.589996,68.940002,10700,32.56818
2015-10-14,69.949997,70.110001,68.699997,68.699997,6900,32.454799
2015-10-13,69.540001,70.00,69.540001,69.739998,7600,32.946109
2015-10-12,70.510002,70.510002,69.330002,69.50,7300,32.832731
2015-10-09,70.339996,70.339996,69.629997,70.150002,7400,33.1398
2015-10-08,69.199997,70.32,68.650002,69.919998,12600,33.031143
2015-10-07,69.00,69.379997,67.010002,69.18,10200,32.681559
2015-10-06,68.760002,69.220001,67.919998,68.669998,4200,32.440627
2015-10-05,68.279999,69.25,68.120003,68.50,15100,32.360317
2015-10-02,67.559998,68.120003,67.040001,68.120003,8700,32.180801
2015-10-01,68.089996,68.730003,67.480003,67.480003,7000,31.878457
2015-09-30,67.970001,68.07,67.309998,67.739998,9100,32.001282
2015-09-29,68.139999,68.57,67.190002,67.82,9700,32.039076
2015-09-28,68.949997,69.059998,67.949997,68.110001,10200,32.176076
2015-09-25,70.080002,70.080002,68.699997,69.059998,7700,32.624868
2015-09-24,69.529999,70.389999,69.129997,69.480003,8200,32.823284
2015-09-23,69.800003,70.199997,69.510002,70.160004,7000,33.144525
2015-09-22,69.860001,70.760002,69.510002,70.089996,8800,33.111453
2015-09-21,71.480003,71.480003,70.110001,70.300003,6100,33.210663
2015-09-18,70.870003,71.57,70.610001,71.480003,8700,33.768111
2015-09-17,71.370003,71.889999,70.940002,71.699997,16300,33.872039
2015-09-16,69.970001,71.279999,69.07,71.220001,29900,33.645282
2015-09-15,70.620003,70.620003,68.650002,69.25,25800,32.714627
2015-09-14,70.160004,70.32,69.389999,69.669998,10400,32.91304
2015-09-11,70.480003,70.480003,69.849998,70.010002,4000,33.073663
2015-09-10,70.480003,70.480003,69.940002,70.480003,14300,33.295697
2015-09-09,71.00,71.00,69.580002,70.160004,5100,33.144525
2015-09-08,70.860001,70.860001,69.650002,70.18,7700,33.153972
2015-09-04,70.199997,70.93,68.900002,69.860001,10800,33.0028
2015-09-03,70.760002,71.400002,70.57,71.00,12800,33.541351
2015-09-02,71.43,71.43,69.419998,70.25,5100,33.187041
2015-09-01,70.510002,71.089996,70.50,70.879997,7400,33.48466
2015-08-31,71.269997,71.480003,70.790001,71.32,9100,33.692523
2015-08-28,70.239998,71.260002,70.239998,71.260002,8000,33.664179
2015-08-27,68.629997,70.639999,68.199997,70.489998,9500,33.300419
2015-08-26,69.470001,69.470001,68.010002,69.059998,16900,32.624868
2015-08-25,69.769997,69.830002,68.099998,69.400002,16400,32.383937
2015-08-24,69.50,69.50,67.169998,67.169998,33300,31.343357
2015-08-21,71.75,72.459999,70.379997,70.379997,19600,32.84123
2015-08-20,72.889999,72.949997,72.00,72.00,8200,33.597168
2015-08-19,72.739998,72.889999,72.50,72.889999,9900,34.012466
2015-08-18,72.889999,72.889999,72.50,72.889999,10900,34.012466
2015-08-17,72.839996,72.870003,72.559998,72.839996,7900,33.989133
2015-08-14,72.230003,72.839996,72.230003,72.830002,5900,33.984469
2015-08-13,72.050003,72.639999,72.050003,72.610001,7700,33.881811
2015-08-12,72.050003,72.900002,72.050003,72.160004,13400,33.67183
2015-08-11,72.480003,73.040001,72.199997,72.339996,9500,33.755819
2015-08-10,72.769997,73.07,72.050003,73.029999,6000,34.077793
2015-08-07,72.370003,72.919998,72.07,72.230003,6900,33.704494
2015-08-06,72.860001,73.610001,72.059998,72.059998,7400,33.625164
2015-08-05,73.110001,73.510002,72.18,72.459999,8800,33.811816
2015-08-04,73.790001,73.900002,72.010002,72.260002,5600,33.718492
2015-08-03,73.620003,73.620003,73.209999,73.260002,13000,34.185119
2015-07-31,72.870003,73.940002,72.029999,73.190002,13700,34.152455
2015-07-30,71.93,72.779999,71.870003,72.470001,7900,33.816483
2015-07-29,72.169998,72.220001,71.559998,72.220001,6200,33.699826
2015-07-28,71.949997,72.209999,71.790001,71.809998,4600,33.508507
2015-07-27,72.00,72.00,71.550003,71.93,9000,33.564504
2015-07-24,72.790001,73.040001,72.169998,72.589996,6200,33.872476
2015-07-23,73.190002,73.199997,72.220001,72.809998,6200,33.975135
2015-07-22,72.00,73.419998,72.00,72.830002,12700,33.984469
2015-07-21,71.610001,73.00,71.610001,72.830002,16200,33.984469
2015-07-20,72.269997,72.800003,71.739998,71.949997,11200,33.573835
2015-07-17,73.040001,73.129997,72.080002,72.400002,6800,33.783819
2015-07-16,72.849998,73.389999,72.32,72.75,6500,33.947138
2015-07-15,73.199997,73.400002,72.309998,72.309998,9000,33.741821
2015-07-14,72.919998,73.32,72.849998,73.239998,6100,34.175785
2015-07-13,72.150002,72.980003,72.150002,72.559998,7700,33.858478
2015-07-10,72.660004,72.690002,71.879997,72.00,8300,33.597168
2015-07-09,73.00,73.00,71.800003,71.879997,8600,33.541171
2015-07-08,72.32,72.32,71.68,72.099998,8800,33.64383
2015-07-07,73.589996,73.589996,71.900002,72.470001,24100,33.816483
2015-07-06,73.300003,73.459999,72.720001,73.209999,5800,34.161786
2015-07-02,73.940002,74.00,73.010002,73.599998,8200,34.343771
2015-07-01,73.800003,74.129997,72.330002,73.940002,5700,34.502426
2015-06-30,72.239998,72.809998,71.559998,72.739998,16900,33.942471
2015-06-29,73.290001,73.900002,71.790001,72.029999,12500,33.611166
2015-06-26,73.980003,74.629997,73.290001,73.290001,5300,34.199117
2015-06-25,74.160004,75.010002,73.50,73.50,19900,34.297109
2015-06-24,75.00,75.00,74.050003,74.110001,15000,34.581752
2015-06-23,74.790001,74.989998,74.650002,74.989998,11700,34.992382
2015-06-22,74.989998,75.00,74.419998,74.779999,2900,34.894391
2015-06-19,75.00,75.00,74.160004,74.160004,8700,34.605084
2015-06-18,74.599998,75.00,74.599998,74.870003,9300,34.936389
2015-06-17,74.389999,74.550003,74.019997,74.550003,5300,34.787069
2015-06-16,74.510002,74.580002,74.019997,74.160004,8100,34.605084
2015-06-15,73.599998,74.639999,72.540001,74.449997,37400,34.740403
2015-06-12,73.830002,74.190002,73.07,74.010002,10400,34.53509
2015-06-11,73.879997,74.75,73.879997,74.199997,6700,34.623746
2015-06-10,73.480003,74.199997,73.480003,74.099998,13200,34.577084
2015-06-09,72.949997,74.040001,72.43,73.110001,7900,34.115124
2015-06-08,72.480003,73.440002,72.190002,72.949997,7600,34.040462
2015-06-05,72.110001,72.82,71.550003,72.690002,3600,33.919142
2015-06-04,72.839996,72.839996,71.779999,71.889999,9700,33.545838
2015-06-03,72.449997,73.459999,72.230003,72.470001,10100,33.816483
2015-06-02,72.00,72.699997,71.510002,72.57,9100,33.863145
2015-06-01,72.510002,72.529999,72.019997,72.529999,14300,33.84448
2015-05-29,73.339996,73.779999,72.279999,72.389999,8000,33.779152
2015-05-28,73.93,73.93,73.150002,73.599998,9900,34.343771
2015-05-27,73.209999,74.400002,73.169998,74.400002,14000,34.717074
2015-05-26,74.110001,74.389999,73.139999,73.389999,7800,34.245779
2015-05-22,74.190002,74.800003,74.18,74.50,9500,34.763736
2015-05-21,74.110001,74.400002,73.639999,73.959999,6700,34.511757
2015-05-20,74.559998,74.559998,73.199997,74.470001,10800,34.749738
2015-05-19,74.419998,75.00,74.129997,74.839996,11100,34.525755
2015-05-18,74.260002,74.50,74.00,74.18,9600,34.22128
2015-05-15,74.050003,74.470001,73.410004,74.07,9300,34.170534
2015-05-14,73.830002,74.379997,73.50,74.379997,8600,34.313544
2015-05-13,73.199997,73.720001,73.199997,73.709999,6000,34.004456
2015-05-12,73.239998,73.489998,72.970001,73.00,15700,33.676914
2015-05-11,73.440002,73.75,73.269997,73.699997,7800,33.999841
2015-05-08,73.389999,73.75,73.139999,73.190002,11100,33.764567
2015-05-07,73.089996,73.75,72.760002,73.400002,13700,33.861445
2015-05-06,73.260002,73.730003,72.220001,72.730003,7700,33.552357
2015-05-05,73.360001,73.709999,72.440002,72.800003,8400,33.584649
2015-05-04,73.379997,73.589996,72.089996,72.809998,9300,33.58926
2015-05-01,72.949997,73.989998,72.830002,72.980003,6600,33.667689
2015-04-30,73.419998,73.419998,72.010002,72.599998,11900,33.492382
2015-04-29,73.529999,73.980003,72.940002,73.330002,11700,33.829152
2015-04-28,73.339996,73.629997,73.00,73.629997,10900,33.967549
2015-04-27,74.330002,74.879997,73.07,73.089996,13600,33.718431
2015-04-24,74.410004,74.75,74.099998,74.18,12800,34.22128
2015-04-23,74.330002,74.75,74.330002,74.629997,8500,34.428876
2015-04-22,74.300003,74.730003,74.029999,74.379997,9600,34.313544
2015-04-21,74.480003,74.949997,73.879997,73.93,20800,34.105948
2015-04-20,74.080002,74.559998,73.699997,73.830002,11700,34.059816
2015-04-17,74.330002,74.660004,73.529999,73.779999,8100,34.036748
2015-04-16,74.690002,75.349998,74.230003,74.580002,11900,34.405812
2015-04-15,74.75,74.82,74.010002,74.489998,9100,34.364291
2015-04-14,74.339996,74.690002,74.160004,74.300003,4000,34.276641
2015-04-13,74.57,75.00,74.099998,74.43,16500,34.336612
2015-04-10,75.489998,75.639999,74.25,74.25,12400,34.253573
2015-04-09,75.57,75.940002,75.010002,75.230003,18800,34.705676
2015-04-08,74.800003,76.43,74.669998,75.50,16200,34.830232
2015-04-07,75.32,75.870003,74.639999,74.639999,12800,34.43349
2015-04-06,74.00,76.459999,73.800003,75.540001,13200,34.848686
2015-04-02,73.620003,73.940002,73.120003,73.550003,11100,33.930645
2015-04-01,73.510002,74.00,72.639999,73.150002,24200,33.746113
2015-03-31,72.459999,74.050003,72.459999,73.349998,12900,33.838377
2015-03-30,73.50,74.669998,72.690002,72.690002,21000,33.533903
2015-03-27,71.989998,73.269997,71.580002,73.269997,15800,33.80147
2015-03-26,71.529999,71.970001,71.330002,71.800003,15700,33.123322
2015-03-25,72.489998,72.870003,71.559998,71.580002,36800,33.021829
2015-03-24,72.449997,72.730003,72.139999,72.730003,13400,33.552357
2015-03-23,72.639999,72.860001,72.18,72.18,11600,33.298625
2015-03-20,72.00,73.720001,71.43,72.379997,17600,33.390889
2015-03-19,72.959999,72.959999,71.879997,72.029999,26300,33.229425
2015-03-18,72.029999,73.220001,71.57,72.629997,14000,33.506221
2015-03-17,72.089996,72.25,71.209999,72.25,23200,33.330918
2015-03-16,71.489998,72.160004,70.529999,72.120003,73100,33.270947
2015-03-13,70.849998,71.199997,69.739998,71.199997,8200,32.846522
2015-03-12,70.00,70.650002,70.00,70.550003,7900,32.546662
2015-03-11,69.540001,69.699997,69.160004,69.459999,10800,32.043813
2015-03-10,69.720001,69.849998,69.040001,69.260002,12200,31.951549
2015-03-09,70.160004,70.669998,70.040001,70.040001,10200,32.311384
2015-03-06,70.870003,70.870003,70.010002,70.07,7100,32.325224
2015-03-05,70.730003,71.279999,70.580002,71.089996,12300,32.795776
2015-03-04,70.739998,71.129997,70.529999,70.980003,5500,32.745033
2015-03-03,71.099998,71.339996,71.00,71.290001,7800,32.888044
2015-03-02,71.110001,71.339996,70.580002,71.099998,7800,32.80039
2015-02-27,70.690002,71.400002,70.400002,71.400002,12900,32.93879
2015-02-26,70.779999,71.00,70.459999,70.470001,12800,32.509755
2015-02-25,70.529999,70.830002,70.400002,70.709999,10600,32.620473
2015-02-24,70.279999,70.639999,70.279999,70.610001,7700,32.574341
2015-02-23,70.410004,70.519997,69.809998,70.00,14900,32.292931
2015-02-20,70.160004,70.459999,69.650002,70.260002,9400,32.412877
2015-02-19,70.129997,70.489998,69.739998,70.190002,11400,32.380584
2015-02-18,70.220001,70.220001,69.480003,70.139999,14900,32.357516
2015-02-17,70.699997,70.940002,70.309998,70.730003,7900,32.237574
2015-02-13,69.660004,71.25,69.660004,70.440002,12800,32.105396
2015-02-12,69.529999,70.43,69.529999,69.919998,13300,31.868387
2015-02-11,69.25,69.690002,69.160004,69.529999,16200,31.690631
2015-02-10,69.25,69.599998,68.82,69.32,18200,31.594917
2015-02-09,69.139999,69.230003,68.790001,68.800003,11600,31.357911
2015-02-06,69.080002,69.50,68.879997,68.889999,11400,31.39893
2015-02-05,68.32,68.839996,68.32,68.629997,5800,31.280426
2015-02-04,67.949997,69.400002,67.910004,67.959999,21200,30.975051
2015-02-03,67.599998,68.550003,67.599998,68.550003,9300,31.243966
2015-02-02,67.110001,67.379997,66.370003,67.089996,11800,30.578518
2015-01-30,67.709999,67.949997,67.050003,67.089996,14200,30.578518
2015-01-29,67.959999,68.379997,67.419998,68.139999,10600,31.057093
2015-01-28,69.139999,69.989998,67.620003,67.620003,17900,30.820087
2015-01-27,68.519997,69.120003,68.339996,68.529999,8500,31.234848
2015-01-26,68.82,69.25,68.489998,69.220001,12900,31.54934
2015-01-23,68.410004,69.190002,68.349998,68.730003,15200,31.326007
2015-01-22,68.440002,68.910004,67.169998,68.559998,10900,31.248521
2015-01-21,67.629997,69.010002,67.379997,67.690002,6500,30.851991
2015-01-20,68.089996,68.129997,67.400002,67.68,6500,30.847433
2015-01-16,66.360001,67.790001,66.209999,67.790001,14300,30.897569
2015-01-15,67.809998,69.120003,67.269997,67.370003,21800,30.706141
2015-01-14,67.769997,67.959999,67.459999,67.589996,15200,30.80641
2015-01-13,68.860001,69.470001,67.93,68.00,13000,30.993283
2015-01-12,69.419998,69.419998,68.339996,68.43,8500,31.18927
2015-01-09,70.129997,70.129997,69.269997,69.269997,9200,31.572127
2015-01-08,69.330002,70.110001,69.330002,69.970001,10300,31.891177
2015-01-07,68.93,69.00,68.580002,68.949997,7500,31.426276
2015-01-06,69.57,69.57,68.110001,68.68,9400,31.303216
2015-01-05,70.07,70.68,69.510002,69.730003,21700,31.78179
2015-01-02,71.650002,72.160004,70.449997,70.870003,6200,32.301383
2014-12-31,71.860001,72.220001,71.339996,71.410004,10900,32.547507
2014-12-30,71.809998,71.970001,71.529999,71.860001,4600,32.752608
2014-12-29,71.82,72.18,71.699997,72.110001,3700,32.866554
2014-12-26,72.07,72.150002,71.610001,71.959999,4100,32.798186
2014-12-24,71.620003,71.790001,71.089996,71.730003,6900,32.693357
2014-12-23,71.040001,71.379997,70.879997,71.199997,10000,32.451789
2014-12-22,71.050003,71.790001,70.529999,70.75,12200,32.246688
2014-12-19,70.709999,70.709999,70.00,70.650002,18900,32.20111
2014-12-18,70.080002,70.690002,69.809998,70.519997,10100,32.141856
2014-12-17,68.480003,69.379997,68.269997,69.330002,11700,31.599476
2014-12-16,68.769997,68.970001,68.029999,68.300003,58100,31.13002
2014-12-15,70.449997,70.449997,67.849998,67.970001,27000,30.97961
2014-12-12,69.00,69.550003,68.370003,68.470001,19400,31.207502
2014-12-11,69.75,70.07,69.349998,69.50,19400,31.676959
2014-12-10,70.059998,70.300003,69.300003,69.57,18600,31.708863
2014-12-09,68.900002,70.169998,68.870003,70.089996,20800,31.945869
2014-12-08,70.330002,70.739998,69.440002,69.550003,33300,31.699749
2014-12-05,70.50,70.629997,70.099998,70.599998,10900,32.17832
2014-12-04,69.989998,70.209999,69.620003,70.160004,11600,31.977777
2014-12-03,69.550003,70.050003,69.550003,70.00,5100,31.90485
2014-12-02,69.099998,69.669998,69.099998,69.550003,9200,31.699749
2014-12-01,69.419998,69.839996,68.900002,68.900002,13700,31.403489
2014-11-28,69.809998,69.860001,69.370003,69.830002,8100,31.827368
2014-11-26,69.629997,70.00,69.599998,69.959999,5500,31.886619
2014-11-25,69.110001,69.410004,69.029999,69.410004,15700,31.63594
2014-11-24,68.800003,68.900002,68.699997,68.849998,14500,31.380698
2014-11-21,69.160004,69.160004,68.349998,68.540001,11000,31.239407
2014-11-20,68.120003,68.379997,68.120003,68.160004,9700,31.06621
2014-11-19,68.419998,68.419998,67.839996,68.239998,11600,31.10267
2014-11-18,69.529999,70.00,69.529999,69.959999,21200,31.066208
2014-11-17,69.639999,70.300003,69.50,69.540001,12000,30.879705
2014-11-14,69.870003,70.07,69.559998,69.660004,6600,30.932993
2014-11-13,70.230003,70.300003,69.510002,69.739998,13500,30.968515
2014-11-12,69.599998,70.290001,69.580002,70.290001,13000,31.212747
2014-11-11,69.50,69.75,69.330002,69.75,4200,30.972956
2014-11-10,69.029999,69.599998,69.029999,69.32,5200,30.782012
2014-11-07,68.879997,69.349998,68.669998,69.209999,12500,30.733165
2014-11-06,68.82,68.860001,68.440002,68.82,17200,30.559983
2014-11-05,68.879997,68.879997,68.540001,68.739998,12200,30.524458
2014-11-04,68.910004,68.949997,68.489998,68.550003,3600,30.440089
2014-11-03,68.989998,69.150002,68.690002,68.93,6300,30.60883
2014-10-31,68.959999,68.959999,68.589996,68.919998,7800,30.604388
2014-10-30,67.610001,68.309998,67.589996,68.029999,12800,30.209178
2014-10-29,68.089996,68.239998,67.589996,67.839996,8800,30.124806
2014-10-28,67.129997,68.089996,67.120003,67.900002,11800,30.151452
2014-10-27,66.709999,66.940002,66.519997,66.690002,10300,29.614144
2014-10-24,67.230003,67.440002,66.279999,66.860001,10400,29.689633
2014-10-23,66.599998,67.139999,66.25,66.860001,14400,29.689633
2014-10-22,66.190002,66.449997,65.779999,66.110001,23900,29.35659
2014-10-21,64.349998,65.849998,63.939999,65.720001,17800,29.183408
2014-10-20,63.349998,63.880001,63.290001,63.880001,5500,28.366344
2014-10-17,63.18,63.860001,63.18,63.470001,12000,28.184281
2014-10-16,60.50,63.869999,60.049999,62.68,65800,27.833475
2014-10-15,60.959999,61.290001,59.139999,60.580002,28100,26.900957
2014-10-14,61.580002,61.939999,61.16,61.400002,15100,27.265083
2014-10-13,61.380001,61.849998,61.060001,61.299999,23400,27.220677
2014-10-10,63.00,63.00,62.07,62.07,12300,27.5626
2014-10-09,64.099998,64.099998,63.00,63.00,12000,27.975573
2014-10-08,63.540001,64.379997,63.029999,64.379997,14900,28.58837
2014-10-07,63.98,63.98,63.57,63.689999,11200,28.281972
2014-10-06,64.550003,64.550003,63.810001,64.019997,10100,28.42851
2014-10-03,64.239998,64.410004,64.120003,64.300003,11300,28.552848
2014-10-02,63.939999,64.169998,63.43,63.860001,20600,28.357462
2014-10-01,64.959999,65.019997,63.759998,63.93,21500,28.388546
2014-09-30,65.199997,65.459999,64.959999,64.989998,6100,28.859245
2014-09-29,64.959999,65.449997,64.959999,65.370003,7100,29.027989
2014-09-26,65.769997,66.199997,65.07,65.339996,28600,29.014664
2014-09-25,65.800003,65.800003,65.040001,65.489998,43700,29.081274
2014-09-24,65.779999,66.349998,65.760002,65.919998,7100,29.272218
2014-09-23,66.010002,66.379997,65.849998,65.970001,8600,29.294422
2014-09-22,66.559998,66.559998,66.010002,66.029999,13300,29.321065
2014-09-19,67.800003,67.800003,66.660004,66.730003,18300,29.631906
2014-09-18,67.50,67.779999,67.50,67.50,14900,29.973829
2014-09-17,67.50,67.900002,67.410004,67.410004,10100,29.933865
2014-09-16,67.779999,67.809998,67.400002,67.669998,41300,30.049317
2014-09-15,68.300003,68.300003,67.32,67.510002,18500,29.97827
2014-09-12,68.00,68.360001,67.57,67.800003,5400,30.107047
2014-09-11,67.93,68.290001,67.830002,68.120003,11600,30.249145
2014-09-10,67.809998,68.480003,67.400002,68.230003,13700,30.297991
2014-09-09,68.589996,68.589996,67.279999,67.459999,11500,29.956066
2014-09-08,68.059998,68.370003,68.010002,68.050003,13000,30.218061
2014-09-05,68.050003,68.300003,68.00,68.230003,7700,30.297991
2014-09-04,68.279999,68.650002,68.00,68.029999,13700,30.209178
2014-09-03,68.470001,68.599998,68.269997,68.290001,7100,30.324634
2014-09-02,68.279999,68.599998,68.110001,68.410004,10400,30.377922
2014-08-29,68.440002,68.480003,68.059998,68.199997,27300,30.284667
2014-08-28,68.339996,68.339996,67.82,68.160004,19100,30.266908
2014-08-27,68.209999,68.489998,67.959999,68.489998,15200,30.413444
2014-08-26,67.980003,68.300003,67.980003,68.190002,8800,30.280229
2014-08-25,67.860001,68.099998,67.849998,67.889999,11100,30.14701
2014-08-22,67.720001,68.059998,67.57,67.760002,16300,30.089284
2014-08-21,67.800003,68.080002,67.779999,67.900002,9400,30.151452
2014-08-20,67.760002,67.849998,67.18,67.790001,17100,30.102605
2014-08-19,67.809998,68.260002,67.809998,68.239998,12700,29.947185
2014-08-18,67.50,68.18,67.50,67.889999,11400,29.793588
2014-08-15,67.650002,67.910004,67.110001,67.260002,14400,29.517113
2014-08-14,67.160004,68.300003,67.160004,67.419998,14900,29.587328
2014-08-13,67.099998,67.389999,67.099998,67.190002,10300,29.486394
2014-08-12,67.00,67.230003,66.889999,66.989998,7600,29.398621
2014-08-11,66.800003,67.370003,66.800003,67.010002,6400,29.4074
2014-08-08,66.379997,66.839996,66.379997,66.669998,19700,29.258189
2014-08-07,67.25,67.25,66.010002,66.330002,15200,29.108982
2014-08-06,66.610001,67.139999,66.57,66.660004,12100,29.253803
2014-08-05,66.919998,67.389999,66.43,66.610001,13000,29.231859
2014-08-04,66.940002,67.129997,66.900002,66.919998,9700,29.367902
2014-08-01,67.550003,67.989998,66.43,66.949997,12100,29.381067
2014-07-31,68.25,68.330002,67.529999,67.559998,7800,29.648766
2014-07-30,68.959999,69.00,68.489998,68.809998,7000,30.19733
2014-07-29,68.230003,68.989998,68.230003,68.699997,4700,30.149056
2014-07-28,68.779999,69.290001,68.300003,68.300003,11100,29.973518
2014-07-25,69.290001,69.290001,68.699997,68.730003,3700,30.162224
2014-07-24,69.110001,69.440002,68.870003,69.110001,5600,30.328987
2014-07-23,68.93,69.279999,68.790001,68.919998,10400,30.245604
2014-07-22,68.669998,69.199997,68.660004,68.739998,10400,30.166611
2014-07-21,68.709999,68.849998,68.599998,68.639999,8200,30.122726
2014-07-18,68.449997,69.43,68.339996,69.059998,20900,30.307043
2014-07-17,69.050003,69.50,68.809998,68.809998,7300,30.19733
2014-07-16,69.550003,69.550003,69.050003,69.160004,9300,30.350931
2014-07-15,69.599998,69.599998,69.059998,69.260002,12800,30.394815
2014-07-14,69.300003,69.669998,69.230003,69.360001,7800,30.438699
2014-07-11,69.459999,69.459999,69.25,69.25,4000,30.390425
2014-07-10,69.099998,69.790001,68.889999,69.660004,8400,30.570356
2014-07-09,69.57,69.839996,69.510002,69.669998,10100,30.574742
2014-07-08,69.739998,69.739998,69.209999,69.529999,9500,30.513303
2014-07-07,70.459999,70.459999,69.540001,69.580002,10700,30.535247
2014-07-03,70.220001,70.529999,70.220001,70.50,2600,30.938989
2014-07-02,70.349998,70.459999,70.029999,70.230003,5300,30.820501
2014-07-01,70.25,70.779999,70.089996,70.580002,7400,30.974098
2014-06-30,70.120003,70.120003,69.790001,69.980003,6500,30.710788
2014-06-27,69.599998,69.919998,69.599998,69.769997,6800,30.618626
2014-06-26,69.720001,69.779999,69.510002,69.599998,5900,30.544023
2014-06-25,69.959999,69.959999,69.410004,69.699997,8200,30.587907
2014-06-24,70.410004,70.449997,69.760002,69.830002,10800,30.64496
2014-06-23,70.00,70.220001,69.839996,70.209999,5900,30.811722
2014-06-20,69.919998,70.150002,69.800003,70.040001,10900,30.737118
2014-06-19,69.970001,70.00,69.769997,69.800003,7800,30.631795
2014-06-18,69.599998,69.910004,69.300003,69.910004,7900,30.680069
2014-06-17,68.730003,69.580002,68.730003,69.50,30900,30.500138
2014-06-16,69.349998,69.620003,68.760002,68.830002,16600,30.206109
2014-06-13,68.989998,69.360001,68.650002,68.779999,10700,30.184165
2014-06-12,69.25,69.410004,68.709999,68.730003,15100,30.162224
2014-06-11,69.720001,69.720001,69.309998,69.379997,9900,30.447475
2014-06-10,69.75,69.769997,69.290001,69.75,10500,30.609851
2014-06-09,69.629997,69.790001,69.43,69.610001,14100,30.548412
2014-06-06,68.839996,69.339996,68.839996,69.330002,10200,30.425534
2014-06-05,68.260002,69.00,68.209999,68.769997,18400,30.179776
2014-06-04,68.230003,68.300003,67.910004,68.220001,10800,29.93841
2014-06-03,67.989998,68.309998,67.940002,68.129997,4500,29.898911
2014-06-02,68.220001,68.309998,67.790001,68.18,6400,29.920855
2014-05-30,68.559998,68.559998,68.010002,68.260002,4000,29.955964
2014-05-29,68.199997,68.400002,68.120003,68.339996,8100,29.99107
2014-05-28,68.279999,68.279999,67.919998,67.989998,4300,29.837472
2014-05-27,68.099998,68.50,68.099998,68.190002,11200,29.925245
2014-05-23,67.580002,67.910004,67.449997,67.860001,8100,29.780423
2014-05-22,67.050003,67.830002,67.050003,67.330002,7900,29.547833
2014-05-21,67.120003,67.470001,66.870003,67.050003,7800,29.424955
2014-05-20,68.349998,68.349998,67.480003,67.489998,10200,29.266966
2014-05-19,67.790001,68.650002,67.790001,68.050003,10400,29.509812
2014-05-16,67.75,67.769997,67.300003,67.769997,3400,29.388387
2014-05-15,67.989998,68.050003,67.199997,67.550003,12900,29.292987
2014-05-14,68.639999,68.639999,68.169998,68.209999,15400,29.579194
2014-05-13,69.269997,69.269997,68.620003,68.839996,9700,29.852392
2014-05-12,68.459999,69.440002,68.459999,69.040001,12500,29.939123
2014-05-09,67.470001,68.309998,67.43,68.309998,5500,29.622558
2014-05-08,67.910004,68.589996,67.690002,67.860001,7800,29.427418
2014-05-07,68.150002,68.339996,67.370003,68.00,7300,29.488128
2014-05-06,68.199997,68.279999,67.629997,67.760002,15200,29.384053
2014-05-05,67.849998,68.349998,67.639999,68.349998,8600,29.639905
2014-05-02,67.760002,68.309998,67.760002,68.099998,5400,29.531492
2014-05-01,67.839996,68.019997,67.620003,67.639999,7500,29.332014
2014-04-30,67.75,68.25,67.480003,68.190002,7300,29.570523
2014-04-29,67.279999,67.839996,67.279999,67.629997,6700,29.327677
2014-04-28,67.489998,68.059998,66.879997,67.279999,13900,29.1759
2014-04-25,67.290001,68.019997,67.269997,67.370003,15300,29.214931
2014-04-24,67.699997,68.220001,67.449997,67.760002,33300,29.384053
2014-04-23,68.160004,68.190002,67.519997,67.660004,8200,29.340689
2014-04-22,67.620003,68.260002,67.620003,67.949997,8200,29.466444
2014-04-21,66.75,67.379997,66.75,67.379997,13800,29.219265
2014-04-17,66.690002,66.889999,66.449997,66.849998,13100,28.989431
2014-04-16,66.230003,66.629997,66.150002,66.459999,44600,28.820308
2014-04-15,66.129997,66.699997,65.309998,66.099998,32000,28.664195
2014-04-14,66.349998,66.669998,65.739998,65.940002,38800,28.594812
2014-04-11,66.980003,67.57,65.699997,65.910004,33100,28.581803
2014-04-10,68.120003,68.540001,67.00,67.099998,13800,29.097843
2014-04-09,68.050003,68.620003,67.790001,68.339996,10400,29.635567
2014-04-08,67.580002,68.160004,67.32,68.059998,9600,29.514146
2014-04-07,68.129997,68.209999,67.279999,67.610001,9000,29.319005
2014-04-04,69.050003,69.730003,68.010002,68.260002,10600,29.600878
2014-04-03,69.599998,69.599998,68.980003,69.239998,8300,30.025852
2014-04-02,69.400002,69.910004,69.349998,69.470001,7100,30.125593
2014-04-01,68.519997,69.589996,68.519997,69.589996,9700,30.177628
2014-03-31,68.360001,68.989998,68.309998,68.690002,10200,29.787347
2014-03-28,67.50,68.629997,67.50,67.75,12500,29.379716
2014-03-27,67.75,67.870003,67.010002,67.370003,15900,29.214931
2014-03-26,68.290001,68.440002,68.190002,68.190002,18800,29.570523
2014-03-25,68.540001,69.040001,68.099998,68.260002,9400,29.600878
2014-03-24,69.029999,69.029999,68.559998,68.559998,12200,29.730971
2014-03-21,69.099998,69.400002,69.099998,69.099998,7400,29.965141
2014-03-20,69.839996,69.940002,68.970001,69.019997,8800,29.930449
2014-03-19,70.110001,70.110001,69.349998,69.949997,7300,30.333742
2014-03-18,69.580002,70.480003,69.580002,70.110001,25500,30.403128
2014-03-17,69.099998,69.300003,68.50,69.279999,28800,30.043198
2014-03-14,68.50,68.50,68.059998,68.18,12100,29.566185
2014-03-13,69.199997,69.199997,68.389999,68.50,8900,29.704953
2014-03-12,69.699997,69.699997,68.870003,69.269997,17400,30.038861
2014-03-11,69.989998,69.989998,69.360001,69.410004,8400,30.099575
2014-03-10,69.599998,70.25,69.129997,69.629997,14400,30.194975
2014-03-07,69.900002,70.019997,69.18,69.370003,10800,30.082228
2014-03-06,69.449997,70.010002,69.379997,69.830002,13400,30.281707
2014-03-05,69.599998,69.599998,69.220001,69.440002,9200,30.112584
2014-03-04,69.300003,70.139999,69.00,69.260002,9200,30.034527
2014-03-03,69.400002,69.400002,69.00,69.00,4700,29.921777
2014-02-28,69.800003,70.400002,69.419998,69.660004,9600,30.207987
2014-02-27,68.980003,69.519997,68.980003,69.519997,3800,30.147273
2014-02-26,68.940002,69.589996,68.940002,69.50,10500,30.138602
2014-02-25,68.760002,69.300003,68.760002,68.830002,5500,29.848058
2014-02-24,68.760002,69.50,68.760002,69.00,8000,29.921777
2014-02-21,69.260002,69.440002,68.769997,68.900002,8500,29.878413
2014-02-20,68.230003,69.089996,68.230003,68.769997,9400,29.822036
2014-02-19,67.690002,68.419998,67.260002,67.989998,7200,29.483791
2014-02-18,67.519997,68.910004,67.519997,68.120003,11200,29.193248
2014-02-14,66.529999,67.690002,66.529999,67.690002,10300,29.008968
2014-02-13,66.050003,67.00,66.050003,66.800003,5300,28.627554
2014-02-12,66.010002,66.720001,66.010002,66.650002,7000,28.56327
2014-02-11,65.879997,66.199997,65.709999,66.019997,9100,28.293277
2014-02-10,65.220001,65.599998,65.00,65.599998,6100,28.113284
2014-02-07,64.690002,65.510002,64.620003,65.50,10700,28.070429
2014-02-06,63.599998,64.470001,63.419998,64.470001,8100,27.629017
2014-02-05,63.450001,63.98,63.25,63.50,8300,27.213317
2014-02-04,63.580002,63.77,63.02,63.77,8800,27.329027
2014-02-03,64.199997,66.540001,63.00,63.029999,19600,27.011895
2014-01-31,64.330002,64.68,64.00,64.379997,5400,27.590445
2014-01-30,64.889999,65.230003,64.760002,64.879997,10100,27.804723
2014-01-29,64.949997,65.510002,64.050003,64.050003,11400,27.449024
2014-01-28,65.559998,65.559998,65.040001,65.300003,10500,27.984719
2014-01-27,66.00,66.389999,65.260002,65.260002,11600,27.967577
2014-01-24,66.830002,67.059998,66.260002,66.370003,13400,28.443274
2014-01-23,66.970001,67.370003,66.93,67.160004,14400,28.781834
2014-01-22,66.839996,67.300003,66.720001,67.099998,15600,28.756119
2014-01-21,66.809998,66.93,66.580002,66.739998,3700,28.601838
2014-01-17,66.300003,66.519997,66.199997,66.199997,10200,28.370417
2014-01-16,66.110001,66.370003,66.00,66.110001,3800,28.331849
2014-01-15,66.120003,66.589996,66.019997,66.360001,9200,28.438988
2014-01-14,65.949997,66.190002,65.639999,66.150002,14000,28.348992
2014-01-13,66.150002,66.489998,65.849998,65.849998,10600,28.220423
2014-01-10,66.919998,66.919998,66.199997,66.510002,14300,28.503272
2014-01-09,67.510002,67.510002,66.410004,66.50,7000,28.498986
2014-01-08,67.370003,67.400002,66.610001,66.93,8900,28.683265
2014-01-07,66.169998,67.370003,66.169998,67.370003,7600,28.871831
2014-01-06,66.440002,66.620003,66.040001,66.139999,7000,28.344705
2014-01-03,66.290001,66.940002,66.260002,66.440002,6200,28.473273
2014-01-02,66.82,67.00,66.239998,66.239998,9900,28.38756
2013-12-31,67.949997,67.949997,67.089996,67.099998,10700,28.756119
2013-12-30,67.209999,68.489998,67.010002,68.199997,10700,29.22753
2013-12-27,67.120003,67.349998,66.959999,67.349998,4000,28.863258
2013-12-26,67.199997,67.309998,66.93,67.150002,5900,28.777548
2013-12-24,67.029999,67.25,66.949997,67.220001,3700,28.807547
2013-12-23,65.949997,67.099998,65.949997,66.870003,9800,28.657553
2013-12-20,65.839996,66.010002,65.459999,65.949997,5300,28.263278
2013-12-19,65.459999,66.00,65.459999,65.50,14200,28.070429
2013-12-18,64.699997,65.82,64.260002,65.82,22700,28.207567
2013-12-17,64.669998,64.849998,64.07,64.849998,20100,27.791867
2013-12-16,64.330002,64.339996,63.75,63.990002,17200,27.42331
2013-12-13,63.400002,63.799999,63.400002,63.799999,7700,27.341884
2013-12-12,63.259998,63.700001,63.259998,63.599998,13000,27.256172
2013-12-11,64.00,64.00,63.459999,63.560001,11800,27.239031
2013-12-10,63.66,63.950001,63.66,63.709999,6900,27.303313
2013-12-09,63.919998,64.129997,63.75,63.82,12000,27.350455
2013-12-06,64.110001,64.980003,63.98,64.150002,5200,27.491879
2013-12-05,64.449997,64.449997,63.759998,63.889999,5100,27.380454
2013-12-04,63.599998,64.349998,63.509998,64.230003,10300,27.526164
2013-12-03,64.089996,64.199997,63.959999,63.990002,3300,27.42331
2013-12-02,64.300003,64.43,63.860001,64.029999,8400,27.440451
2013-11-29,64.660004,64.660004,64.110001,64.220001,2900,27.521878
2013-11-27,64.230003,65.080002,64.230003,64.660004,5200,27.710444
2013-11-26,64.019997,64.400002,64.00,64.220001,9000,27.521878
2013-11-25,64.059998,64.099998,63.77,63.82,10100,27.350455
2013-11-22,64.120003,64.25,63.919998,64.00,6800,27.427595
2013-11-21,63.549999,64.389999,63.549999,64.040001,6000,27.444738
2013-11-20,63.810001,63.810001,63.259998,63.259998,6000,27.110463
2013-11-19,64.470001,65.00,63.889999,64.139999,11900,27.166174
2013-11-18,64.480003,64.720001,64.360001,64.360001,7900,27.259355
2013-11-15,64.800003,64.800003,64.349998,64.57,12100,27.348299
2013-11-14,64.510002,64.599998,64.43,64.480003,4300,27.310181
2013-11-13,64.209999,64.610001,63.880001,64.599998,8500,27.361005
2013-11-12,64.150002,64.370003,63.98,64.260002,2300,27.217001
2013-11-11,64.010002,64.150002,63.889999,64.050003,4400,27.128057
2013-11-08,63.540001,64.419998,63.540001,64.379997,7500,27.267824
2013-11-07,63.869999,64.470001,63.32,63.32,4800,26.818868
2013-11-06,64.300003,64.300003,63.639999,63.82,4600,27.03064
2013-11-05,63.470001,63.900002,63.389999,63.759998,4100,27.005227
2013-11-04,63.509998,63.599998,63.189999,63.560001,4900,26.920519
2013-11-01,63.599998,63.869999,63.02,63.490002,5100,26.890871
2013-10-31,63.48,63.790001,63.209999,63.599998,9300,26.93746
2013-10-30,63.759998,64.010002,63.200001,63.48,11400,26.886635
2013-10-29,63.709999,64.050003,63.700001,64.00,7000,27.106878
2013-10-28,63.75,63.75,63.27,63.700001,3400,26.979815
2013-10-25,63.880001,63.939999,63.740002,63.740002,4200,26.996757
2013-10-24,63.869999,64.32,63.68,64.120003,7000,27.157705
2013-10-23,63.740002,64.110001,63.650002,64.080002,11000,27.140763
2013-10-22,63.82,64.150002,63.82,63.970001,6500,27.094172
2013-10-21,63.810001,64.300003,63.639999,63.849998,11600,27.043346
2013-10-18,63.720001,63.84,63.50,63.700001,6100,26.979815
2013-10-17,62.389999,63.490002,62.389999,63.490002,5600,26.890871
2013-10-16,62.150002,62.990002,62.150002,62.990002,5800,26.679099
2013-10-15,62.599998,62.599998,62.00,62.02,7800,26.268259
2013-10-14,61.810001,62.650002,61.720001,62.380001,9700,26.420736
2013-10-11,61.459999,62.57,61.459999,61.93,4600,26.23014
2013-10-10,61.169998,61.860001,61.169998,61.709999,7900,26.13696
2013-10-09,60.939999,61.029999,60.50,60.799999,3500,25.751534
2013-10-08,61.630001,61.959999,60.740002,61.080002,9000,25.870128
2013-10-07,61.700001,62.02,61.490002,61.59,4900,26.086135
2013-10-04,61.880001,62.50,61.860001,62.189999,4600,26.340261
2013-10-03,62.470001,62.599998,61.799999,61.98,3100,26.251317
2013-10-02,62.330002,62.900002,62.279999,62.619999,4900,26.522386
2013-10-01,62.220001,63.040001,62.209999,62.619999,5300,26.522386
2013-09-30,62.220001,62.380001,61.790001,62.130001,7500,26.31485
2013-09-27,62.16,62.57,62.02,62.540001,4900,26.488503
2013-09-26,62.389999,62.84,62.310001,62.32,5700,26.395323
2013-09-25,62.560001,62.77,62.43,62.450001,4000,26.450384
2013-09-24,62.139999,63.060001,61.860001,62.389999,9700,26.424971
2013-09-23,62.290001,63.16,62.130001,62.279999,11500,26.37838
2013-09-20,62.610001,63.00,62.290001,62.290001,3500,26.382617
2013-09-19,63.599998,63.599998,62.709999,62.709999,6500,26.560505
2013-09-18,62.299999,63.490002,62.110001,63.18,10500,26.759572
2013-09-17,61.939999,62.93,61.939999,62.619999,28000,26.522386
2013-09-16,62.32,63.130001,61.919998,61.950001,13000,26.238611
2013-09-13,61.57,61.98,61.57,61.880001,6600,26.208963
2013-09-12,61.66,61.950001,61.459999,61.75,16200,26.153902
2013-09-11,61.849998,62.330002,61.82,62.040001,11400,26.276731
2013-09-10,61.599998,61.889999,61.52,61.73,10700,26.145431
2013-09-09,60.950001,61.66,60.950001,61.66,5000,26.115783
2013-09-06,60.82,61.360001,60.639999,61.099998,7400,25.878597
2013-09-05,60.259998,60.93,60.23,60.52,10000,25.632942
2013-09-04,59.650002,60.599998,59.650002,60.529999,7400,25.637177
2013-09-03,60.400002,60.939999,59.720001,60.049999,5400,25.433875
2013-08-30,60.560001,60.560001,59.52,59.77,9100,25.315283
2013-08-29,60.720001,60.889999,59.330002,60.610001,13900,25.671061
2013-08-28,60.00,60.540001,59.709999,60.330002,9200,25.552469
2013-08-27,61.490002,62.25,59.299999,60.080002,49700,25.446583
2013-08-26,62.25,62.720001,62.029999,62.48,17300,26.46309
2013-08-23,62.580002,62.580002,61.849998,62.34,9300,26.403794
2013-08-22,61.889999,62.75,61.779999,62.709999,6400,26.560505
2013-08-21,62.700001,63.220001,61.740002,61.880001,8900,26.208963
2013-08-20,62.439999,63.880001,62.439999,63.669998,13300,26.649451
2013-08-19,63.669998,63.669998,62.25,62.68,10600,26.235081
2013-08-16,63.740002,63.91,63.25,63.669998,8900,26.649451
2013-08-15,64.110001,64.379997,63.25,63.540001,10500,26.595039
2013-08-14,64.510002,64.669998,64.120003,64.599998,8100,27.038708
2013-08-13,64.559998,64.639999,63.959999,64.50,13100,26.996853
2013-08-12,64.169998,64.809998,63.959999,64.809998,14500,27.126604
2013-08-09,63.939999,64.519997,63.939999,64.080002,9700,26.82106
2013-08-08,63.91,64.410004,63.509998,63.939999,8500,26.762461
2013-08-07,64.860001,64.860001,63.75,63.93,22300,26.758276
2013-08-06,65.449997,65.489998,65.00,65.300003,10700,27.331699
2013-08-05,65.120003,65.580002,65.059998,65.510002,11000,27.419595
2013-08-02,65.330002,65.589996,65.110001,65.510002,11400,27.419595
2013-08-01,65.339996,65.910004,65.120003,65.489998,12600,27.411222
2013-07-31,65.139999,65.139999,64.410004,64.480003,12500,26.988483
2013-07-30,64.75,65.00,64.410004,64.720001,10900,27.088935
2013-07-29,65.580002,65.949997,64.519997,64.639999,15000,27.05545
2013-07-26,65.470001,65.959999,64.980003,65.860001,14900,27.566089
2013-07-25,64.75,65.650002,64.75,65.50,15800,27.415409
2013-07-24,64.760002,64.989998,64.419998,64.889999,10600,27.160089
2013-07-23,64.199997,64.629997,64.029999,64.480003,11700,26.988483
2013-07-22,64.07,64.099998,63.860001,63.93,5900,26.758276
2013-07-19,63.580002,63.900002,63.349998,63.849998,25200,26.724791
2013-07-18,63.450001,63.939999,63.279999,63.77,25100,26.691307
2013-07-17,63.150002,63.790001,62.779999,63.450001,34700,26.557369
2013-07-16,63.740002,63.860001,62.740002,63.099998,13400,26.410874
2013-07-15,63.650002,64.050003,63.549999,63.759998,5800,26.687121
2013-07-12,63.77,63.91,63.459999,63.77,5700,26.691307
2013-07-11,63.48,63.759998,63.27,63.75,21300,26.682936
2013-07-10,62.830002,63.150002,62.709999,63.150002,7200,26.431803
2013-07-09,63.330002,63.419998,62.869999,63.23,9000,26.465287
2013-07-08,62.57,63.259998,62.57,62.849998,6400,26.306235
2013-07-05,63.00,63.00,62.009998,62.27,10800,26.063473
2013-07-03,62.220001,62.720001,61.860001,62.310001,14000,26.080216
2013-07-02,62.599998,63.32,62.349998,62.349998,11900,26.096957
2013-07-01,62.50,62.98,62.360001,62.900002,15900,26.327164
2013-06-28,61.209999,62.209999,61.150002,61.709999,16900,25.829081
2013-06-27,61.040001,61.849998,61.040001,61.369999,12200,25.686772
2013-06-26,61.50,61.66,60.380001,61.310001,14200,25.66166
2013-06-25,61.02,61.049999,60.32,60.84,18200,25.464938
2013-06-24,60.650002,60.799999,59.549999,59.650002,11000,24.966857
2013-06-21,61.240002,62.169998,60.799999,61.740002,11300,25.841639
2013-06-20,62.150002,62.150002,60.939999,61.349998,14400,25.678401
2013-06-19,63.599998,63.630001,62.369999,62.700001,10200,26.243452
2013-06-18,62.98,63.599998,62.860001,63.599998,38800,26.620152
2013-06-17,63.610001,63.759998,62.110001,62.599998,15700,26.201596
2013-06-14,61.560001,62.25,60.860001,61.560001,11200,25.766299
2013-06-13,62.299999,62.299999,61.610001,62.139999,8200,26.009061
2013-06-12,62.25,62.84,61.50,62.119999,13300,26.000689
2013-06-11,61.560001,61.869999,61.169998,61.66,8100,25.808154
2013-06-10,61.84,62.25,61.580002,61.959999,9100,25.93372
2013-06-07,61.41,62.110001,60.869999,61.959999,19200,25.93372
2013-06-06,59.950001,61.139999,59.950001,61.099998,6100,25.573762
2013-06-05,60.950001,61.599998,59.66,59.66,14500,24.971042
2013-06-04,62.00,62.00,60.849998,61.139999,11500,25.590505
2013-06-03,61.619999,61.849998,61.060001,61.599998,9700,25.78304
2013-05-31,62.310001,62.439999,61.75,61.849998,7300,25.887679
2013-05-30,62.290001,62.59,61.52,62.169998,15200,26.021617
2013-05-29,62.400002,62.799999,61.93,62.389999,14200,26.1137
2013-05-28,62.84,63.209999,62.139999,62.790001,12500,26.281123
2013-05-24,61.610001,63.490002,61.349998,62.610001,10200,26.205782
2013-05-23,62.799999,62.889999,62.200001,62.77,5100,26.272751
2013-05-22,63.380001,63.689999,63.25,63.59,15200,26.615967
2013-05-21,63.900002,64.010002,63.68,63.75,14800,26.369018
2013-05-20,62.75,64.00,62.599998,63.59,6200,26.302837
2013-05-17,62.610001,62.75,62.610001,62.650002,2500,25.914023
2013-05-16,61.830002,62.75,61.830002,62.049999,22600,25.665843
2013-05-15,62.00,62.439999,61.830002,62.32,10200,25.777524
2013-05-14,62.00,62.700001,61.889999,62.00,10200,25.645162
2013-05-13,62.049999,62.389999,61.610001,61.860001,8500,25.587254
2013-05-10,62.009998,62.43,61.650002,62.009998,11200,25.649298
2013-05-09,61.290001,61.779999,61.080002,61.779999,12500,25.554163
2013-05-08,60.82,61.59,60.82,61.330002,8900,25.36803
2013-05-07,60.970001,61.580002,60.720001,60.84,11200,25.16535
2013-05-06,61.75,61.75,60.77,60.830002,16900,25.161214
2013-05-03,61.25,61.91,60.68,61.34,14000,25.372165
2013-05-02,60.490002,61.23,60.400002,60.82,13900,25.157077
2013-05-01,60.389999,60.389999,59.720001,60.150002,22600,24.879944
2013-04-30,59.880001,60.259998,59.490002,60.259998,13400,24.925442
2013-04-29,59.50,60.23,59.50,59.889999,7700,24.772399
2013-04-26,59.040001,59.650002,58.98,59.599998,9800,24.652446
2013-04-25,59.00,59.150002,58.669998,59.029999,15300,24.416676
2013-04-24,58.709999,58.900002,58.369999,58.59,6600,24.234678
2013-04-23,58.200001,58.720001,58.009998,58.419998,13500,24.16436
2013-04-22,57.549999,57.650002,57.209999,57.650002,9800,23.845865
2013-04-19,57.259998,57.740002,57.009998,57.669998,8400,23.854136
2013-04-18,57.419998,57.419998,57.02,57.200001,9400,23.659731
2013-04-17,58.419998,58.52,57.169998,57.560001,11000,23.808638
2013-04-16,58.360001,58.880001,58.02,58.880001,7100,24.354632
2013-04-15,59.48,59.48,57.93,58.09,14600,24.027862
2013-04-12,59.959999,60.200001,59.02,59.490002,9200,24.606947
2013-04-11,59.099998,59.919998,58.810001,59.82,12300,24.743445
2013-04-10,58.119999,58.880001,58.119999,58.84,10000,24.338086
2013-04-09,57.880001,58.330002,57.700001,58.200001,8500,24.073362
2013-04-08,58.299999,58.299999,57.580002,57.68,4900,23.858274
2013-04-05,57.330002,58.02,57.330002,57.939999,5600,23.965817
2013-04-04,57.139999,57.919998,57.139999,57.919998,12200,23.957544
2013-04-03,58.50,58.50,56.91,57.139999,18400,23.634912
2013-04-02,58.540001,59.200001,58.32,58.32,14500,24.122998
2013-04-01,58.669998,59.00,58.349998,58.490002,8300,24.193316
2013-03-28,58.849998,58.849998,58.369999,58.619999,16300,24.247087
2013-03-27,59.490002,59.490002,58.560001,58.610001,31800,24.242951
2013-03-26,59.990002,60.00,59.290001,59.389999,21100,24.565583
2013-03-25,60.32,60.869999,59.799999,59.98,14000,24.809626
2013-03-22,60.220001,60.32,59.529999,60.080002,11700,24.85099
2013-03-21,59.779999,60.150002,59.759998,60.09,9600,24.855126
2013-03-20,59.380001,60.240002,59.380001,60.150002,5900,24.879944
2013-03-19,59.950001,60.130001,59.040001,59.27,24600,24.515948
2013-03-18,59.040001,59.98,58.77,59.919998,28800,24.784808
2013-03-15,59.32,60.00,59.040001,59.139999,23000,24.462175
2013-03-14,59.299999,59.360001,59.02,59.349998,10400,24.549038
2013-03-13,59.220001,59.310001,58.759998,59.209999,12500,24.491129
2013-03-12,58.93,58.939999,58.580002,58.84,11500,24.338086
2013-03-11,58.130001,58.720001,58.130001,58.720001,10700,24.288451
2013-03-08,58.220001,58.220001,57.599998,58.060001,4600,24.015454
2013-03-07,57.860001,58.080002,57.669998,57.950001,7100,23.969954
2013-03-06,58.470001,58.470001,57.849998,58.099998,13400,24.031998
2013-03-05,57.900002,58.32,57.700001,58.099998,13400,24.031998
2013-03-04,57.669998,57.75,57.189999,57.700001,6600,23.866546
2013-03-01,57.18,57.779999,56.880001,57.700001,7300,23.866546
2013-02-28,57.540001,57.689999,57.16,57.639999,20900,23.841728
2013-02-27,57.02,57.150002,56.43,57.099998,9200,23.618366
2013-02-26,56.360001,56.900002,55.73,56.810001,13000,23.498414
2013-02-25,57.02,57.02,56.279999,56.330002,15200,23.299871
2013-02-22,57.650002,57.650002,56.77,57.02,4600,23.585277
2013-02-21,58.049999,58.049999,56.23,56.459999,19200,23.353642
2013-02-20,58.080002,58.16,57.290001,57.290001,18800,23.696957
2013-02-19,58.02,58.66,57.990002,58.66,15800,23.953408
2013-02-15,58.75,59.18,57.560001,58.060001,23100,23.708403
2013-02-14,58.16,58.630001,58.16,58.529999,7300,23.900323
2013-02-13,57.93,58.220001,57.68,58.200001,7000,23.765571
2013-02-12,57.919998,58.139999,57.810001,58.130001,15800,23.736987
2013-02-11,57.700001,57.700001,57.419998,57.560001,6400,23.504231
2013-02-08,56.82,57.450001,56.82,57.310001,16800,23.402146
2013-02-07,57.57,57.799999,56.849998,57.150002,13500,23.336811
2013-02-06,57.07,57.220001,56.630001,57.189999,8800,23.353143
2013-02-05,56.049999,57.450001,56.049999,56.990002,15700,23.271476
2013-02-04,57.130001,57.130001,56.200001,56.279999,10900,22.981551
2013-02-01,56.48,56.990002,56.310001,56.939999,9200,23.251058
2013-01-31,56.349998,56.349998,56.02,56.099998,9900,22.908049
2013-01-30,56.220001,56.380001,56.049999,56.290001,5100,22.985636
2013-01-29,55.880001,56.540001,55.880001,56.43,9200,23.042803
2013-01-28,56.389999,56.59,56.16,56.34,10900,23.006052
2013-01-25,57.299999,57.599998,56.330002,56.720001,16200,23.161223
2013-01-24,56.169998,57.209999,56.169998,57.07,26500,23.304143
2013-01-23,56.900002,56.900002,56.200001,56.279999,8700,22.981551
2013-01-22,56.490002,56.75,56.200001,56.66,9900,23.136722
2013-01-18,55.779999,56.380001,55.66,55.93,12500,22.838632
2013-01-17,55.299999,55.779999,55.150002,55.66,12800,22.728379
2013-01-16,55.419998,55.709999,54.939999,54.939999,22400,22.434371
2013-01-15,54.400002,55.259998,54.400002,55.150002,14200,22.520125
2013-01-14,54.799999,54.93,54.52,54.650002,8400,22.315953
2013-01-11,54.75,54.799999,54.50,54.68,13700,22.328203
2013-01-10,55.009998,55.360001,54.279999,54.470001,14300,22.242451
2013-01-09,54.50,54.900002,54.279999,54.900002,8500,22.418039
2013-01-08,53.959999,54.439999,53.560001,54.310001,9600,22.177116
2013-01-07,53.939999,54.330002,53.900002,53.959999,3500,22.034195
2013-01-04,54.009998,54.490002,53.98,54.490002,6500,22.250618
2013-01-03,53.830002,54.169998,53.75,54.09,8000,22.08728
2013-01-02,53.25,53.779999,53.110001,53.630001,11300,21.899443
2012-12-31,51.549999,52.389999,51.509998,52.220001,6800,21.323679
2012-12-28,52.029999,52.029999,51.41,51.900002,18000,21.193009
2012-12-27,52.57,52.630001,51.139999,51.709999,20900,21.115423
2012-12-26,53.00,53.00,52.23,52.490002,8700,21.376765
2012-12-24,52.599998,52.939999,52.509998,52.709999,2900,21.46636
2012-12-21,52.32,52.98,52.099998,52.939999,13700,21.560028
2012-12-20,51.779999,52.849998,51.779999,52.830002,10900,21.515232
2012-12-19,52.849998,52.849998,52.080002,52.18,17000,21.250516
2012-12-18,52.43,53.029999,52.16,52.639999,27800,21.437852
2012-12-17,51.380001,52.16,51.380001,52.16,50700,21.242371
2012-12-14,51.080002,51.330002,50.970001,51.279999,7400,20.883987
2012-12-13,51.200001,51.529999,51.130001,51.389999,17100,20.928785
2012-12-12,51.369999,51.630001,51.209999,51.349998,21800,20.912494
2012-12-11,51.049999,51.610001,51.049999,51.41,10800,20.93693
2012-12-10,51.459999,51.459999,50.740002,50.950001,19500,20.749594
2012-12-07,51.32,51.369999,51.00,51.16,7500,20.835117
2012-12-06,50.869999,51.23,50.75,51.220001,11400,20.859552
2012-12-05,51.259998,51.259998,50.84,51.150002,9400,20.831045
2012-12-04,51.330002,51.330002,50.619999,50.950001,13200,20.749594
2012-12-03,51.57,51.98,49.970001,51.029999,84500,20.782173
2012-11-30,51.73,51.84,51.360001,51.490002,12400,20.969511
2012-11-29,51.450001,51.889999,50.950001,51.43,17400,20.945075
2012-11-28,50.509998,51.25,50.509998,50.990002,8000,20.765884
2012-11-27,50.400002,50.82,50.27,50.57,12600,20.594837
2012-11-26,50.349998,50.59,50.130001,50.59,13700,20.602982
2012-11-23,50.299999,50.34,49.740002,50.18,19800,20.436008
2012-11-21,50.09,50.27,49.82,49.959999,10600,20.346411
2012-11-20,50.119999,50.52,49.450001,49.689999,15800,20.236453
2012-11-19,49.900002,51.98,49.900002,51.349998,16700,20.411571
2012-11-16,48.459999,49.529999,48.439999,49.529999,12600,19.688123
2012-11-15,50.599998,50.599998,47.84,48.560001,22700,19.30255
2012-11-14,50.849998,50.959999,50.490002,50.509998,23800,20.077672
2012-11-13,50.900002,51.130001,50.639999,50.98,12600,20.264497
2012-11-12,51.59,51.849998,51.029999,51.029999,8300,20.284372
2012-11-09,50.119999,51.59,50.009998,51.389999,11300,20.427472
2012-11-08,51.75,51.880001,51.209999,51.50,11900,20.471197
2012-11-07,52.060001,52.060001,51.380001,51.82,18500,20.598396
2012-11-06,52.130001,52.43,51.470001,52.299999,11000,20.789196
2012-11-05,52.34,52.34,51.93,51.950001,11900,20.650072
2012-11-02,51.73,52.43,51.619999,52.240002,10800,20.765347
2012-11-01,51.349998,51.869999,51.209999,51.810001,13600,20.594422
2012-10-31,51.18,51.34,50.91,51.18,13700,20.343997
2012-10-26,51.349998,51.380001,50.73,50.990002,14000,20.268473
2012-10-25,51.259998,51.259998,50.869999,51.23,9200,20.363872
2012-10-24,51.23,51.259998,51.040001,51.18,5500,20.343997
2012-10-23,50.810001,51.040001,50.73,51.040001,6400,20.288348
2012-10-22,51.41,51.50,51.009998,51.50,8900,20.471197
2012-10-19,51.73,51.900002,51.27,51.50,10200,20.471197
2012-10-18,51.41,51.98,51.41,51.959999,4500,20.654046
2012-10-17,51.240002,51.720001,51.220001,51.529999,10100,20.483121
2012-10-16,51.349998,51.740002,51.32,51.32,9800,20.399647
2012-10-15,51.099998,51.220001,50.860001,51.220001,8800,20.359897
2012-10-12,50.759998,50.959999,50.540001,50.639999,6800,20.129347
2012-10-11,50.919998,51.16,50.779999,50.799999,5000,20.192947
2012-10-10,51.810001,51.810001,50.50,50.669998,23500,20.141272
2012-10-09,51.990002,51.990002,51.540001,51.810001,4900,20.594422
2012-10-08,51.619999,51.919998,51.619999,51.919998,10100,20.638146
2012-10-05,51.75,52.16,51.75,52.150002,6700,20.729572
2012-10-04,51.560001,51.720001,51.299999,51.50,9400,20.471197
2012-10-03,52.00,52.00,51.279999,51.639999,11500,20.526846
2012-10-02,52.099998,52.099998,51.849998,52.00,4800,20.669946
2012-10-01,52.209999,52.52,51.360001,51.84,8100,20.606346
2012-09-28,52.349998,52.57,52.080002,52.080002,16200,20.701747
2012-09-27,52.00,52.459999,51.950001,52.459999,13000,20.852795
2012-09-26,52.34,52.34,51.52,52.00,11500,20.669946
2012-09-25,52.189999,52.610001,52.130001,52.130001,11700,20.721621
2012-09-24,52.119999,52.240002,51.939999,52.189999,7500,20.74547
2012-09-21,52.290001,52.790001,51.869999,52.119999,7200,20.717646
2012-09-20,52.259998,52.259998,51.77,52.119999,10300,20.717646
2012-09-19,52.200001,52.439999,51.950001,52.34,5800,20.805096
2012-09-18,53.099998,53.150002,52.150002,52.200001,31600,20.749446
2012-09-17,52.970001,53.240002,52.650002,52.849998,16400,21.00782
2012-09-14,52.759998,52.779999,52.290001,52.650002,9800,20.928321
2012-09-13,52.25,52.610001,51.799999,52.43,13200,20.840871
2012-09-12,51.990002,52.549999,51.669998,52.02,9600,20.677896
2012-09-11,51.619999,51.73,51.369999,51.700001,8100,20.550697
2012-09-10,51.830002,51.830002,51.400002,51.619999,4900,20.518896
2012-09-07,51.950001,51.950001,51.52,51.700001,6100,20.550697
2012-09-06,50.970001,51.939999,50.779999,51.599998,7200,20.510946
2012-09-05,51.25,51.25,50.580002,50.77,6600,20.181023
2012-09-04,50.849998,50.990002,49.849998,50.939999,15600,20.248597
2012-08-31,50.799999,51.049999,50.549999,50.740002,4700,20.169098
2012-08-30,51.080002,51.23,50.200001,50.779999,5800,20.184997
2012-08-29,50.650002,51.25,50.650002,51.25,6900,20.371822
2012-08-28,50.490002,50.75,50.25,50.650002,5400,20.133323
2012-08-27,50.790001,51.049999,50.150002,50.259998,8700,19.978297
2012-08-24,50.34,50.950001,50.09,50.950001,16000,20.252573
2012-08-23,51.16,51.299999,50.18,50.310001,13900,19.998173
2012-08-22,51.009998,51.779999,50.779999,51.299999,8900,20.391697
2012-08-21,51.759998,52.259998,51.380001,51.669998,13900,20.260521
2012-08-20,52.049999,52.540001,51.279999,51.560001,10800,20.21739
2012-08-17,52.16,52.77,51.939999,51.939999,6600,20.366392
2012-08-16,51.630001,51.889999,51.540001,51.650002,6700,20.25268
2012-08-15,52.07,52.07,51.599998,51.619999,11100,20.240916
2012-08-14,51.439999,51.75,51.200001,51.52,13400,20.201705
2012-08-13,51.32,51.439999,50.669998,51.200001,7700,20.076229
2012-08-10,51.389999,51.50,50.950001,51.50,7300,20.193862
2012-08-09,50.990002,51.450001,50.990002,51.419998,4800,20.162493
2012-08-08,50.849998,51.450001,50.369999,51.00,22700,19.997806
2012-08-07,50.23,50.990002,50.00,50.91,11700,19.962515
2012-08-06,50.200001,50.23,49.799999,50.049999,12100,19.625297
2012-08-03,49.779999,50.02,49.540001,49.990002,11900,19.601771
2012-08-02,49.34,49.59,48.759998,48.900002,5700,19.174367
2012-08-01,50.080002,50.169998,49.150002,49.389999,7100,19.366502
2012-07-31,50.07,50.23,49.299999,49.650002,17300,19.468452
2012-07-30,49.950001,50.099998,49.00,49.77,8500,19.515506
2012-07-27,49.080002,50.040001,48.889999,49.869999,12000,19.554717
2012-07-26,50.00,50.00,48.540001,49.150002,12600,19.272396
2012-07-25,49.459999,49.470001,49.029999,49.209999,3300,19.295921
2012-07-24,49.349998,49.349998,49.060001,49.060001,7300,19.237105
2012-07-23,49.810001,49.990002,48.810001,48.950001,12100,19.193973
2012-07-20,49.970001,50.200001,49.91,50.139999,10600,19.660587
2012-07-19,50.099998,50.220001,49.75,49.779999,6500,19.519426
2012-07-18,49.939999,50.400002,49.869999,49.900002,12600,19.566481
2012-07-17,50.200001,50.200001,49.450001,49.75,6300,19.507663
2012-07-16,50.009998,50.02,49.77,49.810001,4500,19.531191
2012-07-13,49.400002,49.970001,49.150002,49.849998,6000,19.546874
2012-07-12,49.279999,49.419998,48.799999,49.209999,3900,19.295921
2012-07-11,50.299999,50.299999,49.799999,49.799999,4300,19.527269
2012-07-10,50.400002,50.41,50.00,50.00,8100,19.605692
2012-07-09,50.580002,50.580002,50.00,50.00,7500,19.605692
2012-07-06,50.330002,50.400002,50.150002,50.400002,4600,19.762538
2012-07-05,50.240002,50.599998,50.09,50.400002,14900,19.762538
2012-07-03,49.509998,50.240002,49.349998,50.240002,5800,19.6998
2012-07-02,50.110001,50.25,49.50,49.509998,10900,19.413555
2012-06-29,49.50,49.509998,48.959999,49.25,9900,19.311606
2012-06-28,47.470001,48.599998,46.77,48.490002,13800,19.0136
2012-06-27,48.330002,48.470001,47.75,48.150002,17200,18.880282
2012-06-26,48.75,48.75,48.119999,48.610001,6800,19.060654
2012-06-25,49.139999,49.139999,48.200001,48.349998,13000,18.958703
2012-06-22,49.740002,50.07,48.669998,48.990002,8300,19.209657
2012-06-21,49.98,49.98,48.959999,49.279999,17300,19.323369
2012-06-20,49.849998,49.970001,49.599998,49.959999,13900,19.590007
2012-06-19,48.290001,49.869999,48.279999,49.869999,19900,19.554717
2012-06-18,48.380001,48.459999,47.369999,48.43,24300,18.990073
2012-06-15,47.849998,48.200001,47.540001,48.200001,16900,18.899887
2012-06-14,47.50,47.810001,46.549999,47.799999,9800,18.743041
2012-06-13,47.900002,48.099998,47.290001,47.290001,9000,18.543064
2012-06-12,47.470001,47.830002,47.07,47.830002,11100,18.754805
2012-06-11,48.32,48.32,47.00,47.00,11000,18.42935
2012-06-08,47.549999,48.150002,47.299999,48.119999,6900,18.868517
2012-06-07,47.75,47.77,47.369999,47.369999,10100,18.574432
2012-06-06,46.57,47.490002,46.57,47.299999,23900,18.546984
2012-06-05,46.259998,46.580002,46.009998,46.57,12400,18.260741
2012-06-04,46.77,46.970001,45.549999,46.029999,10400,18.048999
2012-06-01,47.150002,47.549999,46.299999,46.299999,11500,18.15487
2012-05-31,48.299999,48.299999,47.450001,47.91,12100,18.786174
2012-05-30,48.509998,48.630001,48.009998,48.290001,6600,18.935177
2012-05-29,48.790001,48.82,48.099998,48.669998,6600,19.08418
2012-05-25,48.200001,48.52,48.009998,48.52,4600,19.025363
2012-05-24,48.209999,48.290001,47.860001,48.200001,7200,18.899887
2012-05-23,47.509998,48.09,47.189999,47.830002,13000,18.754805
2012-05-22,48.48,48.919998,48.209999,48.25,16000,18.645013
2012-05-21,47.860001,48.459999,47.509998,48.310001,8000,18.668199
2012-05-18,48.540001,48.790001,47.380001,47.380001,8900,18.308823
2012-05-17,50.310001,50.310001,47.73,48.529999,26100,18.753211
2012-05-16,50.560001,50.650002,50.00,50.00,4600,19.321257
2012-05-15,50.779999,50.779999,50.080002,50.080002,13000,19.352172
2012-05-14,51.029999,51.16,50.610001,50.75,4400,19.611076
2012-05-11,51.400002,51.68,51.07,51.07,9600,19.734732
2012-05-10,51.650002,51.66,51.41,51.41,3900,19.866116
2012-05-09,51.200001,51.759998,50.799999,51.50,6500,19.900895
2012-05-08,51.599998,51.84,51.099998,51.75,8100,19.997501
2012-05-07,51.849998,52.169998,51.740002,52.110001,8300,20.136614
2012-05-04,52.720001,52.720001,51.900002,52.060001,9100,20.117293
2012-05-03,53.189999,53.189999,52.490002,52.75,3600,20.383926
2012-05-02,52.700001,53.18,52.59,53.080002,6100,20.511447
2012-05-01,53.150002,53.75,52.900002,53.029999,14900,20.492125
2012-04-30,53.32,53.349998,52.919998,53.150002,6600,20.538497
2012-04-27,53.02,53.299999,52.790001,53.139999,13400,20.534632
2012-04-26,52.650002,53.09,52.540001,52.830002,6800,20.414841
2012-04-25,52.060001,52.849998,52.060001,52.619999,8700,20.33369
2012-04-24,51.73,52.060001,51.23,51.950001,14000,20.074786
2012-04-23,51.349998,51.59,50.91,51.580002,6100,19.931809
2012-04-20,51.540001,52.349998,51.540001,52.09,6200,20.128885
2012-04-19,52.139999,52.32,51.599998,51.689999,5100,19.974315
2012-04-18,52.200001,52.200001,51.900002,51.970001,11500,20.082515
2012-04-17,51.740002,52.380001,51.740002,52.200001,7100,20.171392
2012-04-16,51.490002,51.740002,51.00,51.48,7500,19.893166
2012-04-13,51.73,51.73,51.169998,51.369999,8300,19.850659
2012-04-12,51.419998,52.029999,51.419998,51.759998,12100,20.001364
