Date,Open,High,Low,Close,Volume,Adj Close
2017-08-09,38.45,38.5,38.45,38.45,1728937,38.45
2017-08-08,38.5,38.5,38.45,38.45,874332,38.45
2017-08-07,38.45,38.5,38.45,38.45,215670,38.45
2017-08-04,38.45,38.5,38.45,38.5,1084598,38.5
2017-08-03,38.5,38.55,38.45,38.5,1287102,38.5
2017-08-02,38.475,38.55,38.45,38.55,837310,38.55
2017-08-01,38.45,38.5,38.45,38.475,753569,38.475
2017-07-31,38.45,38.5,38.45,38.5,390571,38.5
2017-07-28,38.45,38.5,38.45,38.45,353448,38.45
2017-07-27,38.5,38.55,38.45,38.45,1345366,38.45
2017-07-26,38.45,38.5,38.4,38.5,1203850,38.5
2017-07-25,38.45,38.5,38.4,38.4,895338,38.4
2017-07-24,38.45,38.5,38.4,38.5,927688,38.5
2017-07-21,38.45,38.45,38.4,38.45,764702,38.45
2017-07-20,38.425,38.45,38.4,38.45,852518,38.45
2017-07-19,38.4,38.45,38.35,38.45,657048,38.45
2017-07-18,38.425,38.425,38.35,38.375,1317203,38.375
2017-07-17,38.4,38.45,38.35,38.45,1900490,38.45
2017-07-14,38.4,38.45,38.35,38.45,2185434,38.45
2017-07-13,38.375,38.4,38.35,38.4,1813278,38.4
2017-07-12,38.35,38.45,38.35,38.375,2985372,38.375
2017-07-11,38.35,38.4,38.35,38.35,1779067,38.35
2017-07-10,38.35,38.4,38.35,38.35,2091460,38.35
2017-07-07,38.35,38.4,38.35,38.4,1646033,38.4
2017-07-06,38.35,38.4,38.35,38.4,2822195,38.4
2017-07-05,38.355,38.4,38.35,38.35,1025721,38.35
2017-07-03,38.4,38.4,38.35,38.35,1228202,38.35
2017-06-30,38.4,38.45,38.35,38.4,4065880,38.4
2017-06-29,38.4,38.45,38.35,38.35,6001683,38.35
2017-06-28,38.4,38.5,38.35,38.35,32240990,38.35
2017-06-27,30.8,30.95,30.1,30.4,299172,30.4
2017-06-26,30.55,31,30.55,30.8,361384,30.8
2017-06-23,30.15,30.95,29.9,30.9,319256,30.9
2017-06-22,29.65,30.275,29.525,30,289123,30
2017-06-21,29.95,30.2,29.7,29.7,297138,29.7
2017-06-20,29.85,30.2,29.5,29.95,319712,29.95
2017-06-19,30,30.45,29.9,30,544104,30
2017-06-16,29.6,30.25,29.2,29.8,694481,29.8
2017-06-15,28.8,30.5,28.7,29.95,676399,29.95
2017-06-14,27.9,29.4,27.9,29.15,677214,29.15
2017-06-13,27.25,28.55,25.45,27.95,1491968,27.95
2017-06-12,26.4,27.35,25.5,27.25,779516,27.25
2017-06-09,27.2,27.525,26.25,26.35,479070,26.35
2017-06-08,27.8,27.8,25.95,27.2,1379115,27.2
2017-06-07,28.65,28.85,27.8,28,286111,28
2017-06-06,28.3,28.8,27.6,28.6,254813,28.6
2017-06-05,29,29,28.225,28.45,349202,28.45
2017-06-02,27.95,29.35,27.95,29.05,586851,29.05
2017-06-01,27,27.85,26.7,27.8,340151,27.8
2017-05-31,26.95,27.15,26.5,27,171296,27
2017-05-30,26.7,26.9,25.75,26.8,396098,26.8
2017-05-26,27.2,27.2,26.7,26.8,213034,26.8
2017-05-25,27.05,27.3,26.8,27.2,417994,27.2
2017-05-24,27.3,27.3,26.8,27,295770,27
2017-05-23,27.35,27.55,27.15,27.25,305612,27.25
2017-05-22,27.55,27.65,27.05,27.2,184971,27.2
2017-05-19,27.05,27.675,26.8,27.6,210563,27.6
2017-05-18,27.65,27.9,26.95,27.05,345088,27.05
2017-05-17,27.85,28.05,27.6,27.775,375826,27.775
2017-05-16,28.65,28.7,28,28.3,430030,28.3
2017-05-15,28.3,29,28.275,28.55,410115,28.55
2017-05-12,28.799999,28.950001,28.25,28.25,376600,28.25
2017-05-11,29.25,29.85,28.799999,28.799999,639200,28.799999
2017-05-10,27.700001,29.799999,27.60,29.25,920400,29.25
2017-05-09,28.049999,28.200001,27.60,27.75,323300,27.75
2017-05-08,27.90,28.049999,27.73,28.00,226100,28.00
2017-05-05,27.65,28.00,27.48,27.90,238800,27.90
2017-05-04,27.549999,27.65,27.10,27.50,340400,27.50
2017-05-03,29.25,29.60,27.40,27.450001,535100,27.450001
2017-05-02,29.60,30.15,29.25,29.299999,578300,29.299999
2017-05-01,28.65,29.75,28.65,29.700001,440700,29.700001
2017-04-28,29.00,29.75,27.60,28.60,689100,28.60
2017-04-27,29.200001,29.450001,29.00,29.200001,315200,29.200001
2017-04-26,28.75,29.299999,28.75,29.25,457900,29.25
2017-04-25,28.25,28.799999,28.200001,28.65,393300,28.65
2017-04-24,27.85,28.35,27.700001,28.00,305800,28.00
2017-04-21,28.40,28.40,27.299999,27.35,327400,27.35
2017-04-20,28.10,28.50,27.85,28.299999,237800,28.299999
2017-04-19,27.75,28.15,27.700001,27.90,234300,27.90
2017-04-18,28.15,28.25,27.450001,27.65,293100,27.65
2017-04-17,28.549999,28.799999,28.15,28.299999,183000,28.299999
2017-04-13,28.10,28.60,27.90,28.40,198900,28.40
2017-04-12,27.85,28.25,27.700001,28.15,253300,28.15
2017-04-11,27.950001,28.200001,27.700001,27.799999,235800,27.799999
2017-04-10,27.90,28.10,27.700001,28.10,247800,28.10
2017-04-07,28.450001,28.65,27.879999,27.950001,233000,27.950001
2017-04-06,28.25,28.60,27.950001,28.549999,241500,28.549999
2017-04-05,28.700001,28.85,27.950001,28.10,208600,28.10
2017-04-04,29.25,29.65,28.43,28.60,191600,28.60
2017-04-03,29.200001,29.700001,28.049999,29.35,331200,29.35
2017-03-31,28.50,29.25,28.25,29.129999,331600,29.129999
2017-03-30,28.450001,28.65,28.15,28.40,125300,28.40
2017-03-29,28.75,29.15,28.33,28.50,187100,28.50
2017-03-28,28.299999,28.700001,27.950001,28.549999,261700,28.549999
2017-03-27,27.549999,28.450001,27.25,28.40,143800,28.40
2017-03-24,27.25,28.10,27.25,27.950001,290000,27.950001
2017-03-23,27.10,27.549999,27.00,27.200001,218100,27.200001
2017-03-22,27.75,27.75,27.049999,27.15,201700,27.15
2017-03-21,28.700001,29.00,27.60,27.65,208300,27.65
2017-03-20,28.65,28.90,28.25,28.549999,210200,28.549999
2017-03-17,28.40,29.00,28.35,28.60,457600,28.60
2017-03-16,28.799999,28.799999,28.40,28.60,206100,28.60
2017-03-15,28.299999,29.00,28.200001,28.90,253200,28.90
2017-03-14,27.85,28.299999,27.559999,28.10,214400,28.10
2017-03-13,28.00,28.299999,27.75,27.950001,174500,27.950001
2017-03-10,28.049999,28.200001,27.60,28.049999,127200,28.049999
2017-03-09,28.00,28.15,27.75,27.950001,104100,27.950001
2017-03-08,27.90,28.299999,27.799999,27.950001,184800,27.950001
2017-03-07,28.00,28.049999,27.75,27.85,113700,27.85
2017-03-06,28.50,28.50,27.85,28.15,202800,28.15
2017-03-03,28.35,28.76,28.15,28.75,259500,28.75
2017-03-02,28.450001,28.799999,28.35,28.35,145200,28.35
2017-03-01,28.00,28.700001,27.75,28.549999,493500,28.549999
2017-02-28,28.25,28.60,27.75,27.83,297700,27.83
2017-02-27,27.950001,28.50,27.549999,28.200001,816200,28.200001
2017-02-24,27.50,28.60,26.950001,28.049999,849900,28.049999
2017-02-23,26.90,27.049999,26.00,26.549999,658500,26.549999
2017-02-22,27.15,27.25,26.549999,26.799999,267600,26.799999
2017-02-21,26.90,27.450001,26.85,27.049999,627200,27.049999
2017-02-17,26.40,26.90,26.10,26.700001,194100,26.700001
2017-02-16,26.60,26.65,25.950001,26.35,171400,26.35
2017-02-15,26.200001,26.85,25.85,26.700001,283900,26.700001
2017-02-14,25.700001,26.35,25.60,26.35,248100,26.35
2017-02-13,25.35,25.90,25.10,25.799999,321400,25.799999
2017-02-10,25.85,25.85,25.00,25.35,406100,25.35
2017-02-09,25.65,26.049999,25.60,25.90,572100,25.90
2017-02-08,25.549999,25.60,25.15,25.50,151100,25.50
2017-02-07,25.799999,26.00,25.60,25.65,227900,25.65
2017-02-06,25.75,25.85,25.40,25.700001,177500,25.700001
2017-02-03,26.10,26.10,25.58,25.85,241100,25.85
2017-02-02,26.35,26.700001,25.549999,25.85,452800,25.85
2017-02-01,25.90,27.40,25.90,26.50,617100,26.50
2017-01-31,25.450001,26.10,25.40,25.85,332200,25.85
2017-01-30,25.60,25.65,25.10,25.450001,284400,25.450001
2017-01-27,25.35,25.700001,25.15,25.65,167200,25.65
2017-01-26,25.25,25.65,25.049999,25.35,298300,25.35
2017-01-25,25.00,25.799999,24.799999,25.200001,245800,25.200001
2017-01-24,25.10,25.15,24.00,24.799999,321300,24.799999
2017-01-23,25.200001,25.450001,24.85,25.049999,514300,25.049999
2017-01-20,25.00,25.299999,24.950001,25.200001,252600,25.200001
2017-01-19,25.25,25.25,24.700001,25.00,164500,25.00
2017-01-18,25.200001,25.450001,24.90,25.25,238300,25.25
2017-01-17,25.299999,25.40,24.85,25.049999,322000,25.049999
2017-01-13,24.85,26.15,24.85,25.50,404900,25.50
2017-01-12,24.75,24.90,24.25,24.75,171600,24.75
2017-01-11,25.200001,25.40,24.299999,24.950001,225100,24.950001
2017-01-10,24.450001,25.25,24.450001,25.15,182100,25.15
2017-01-09,24.200001,24.700001,24.15,24.40,201900,24.40
2017-01-06,24.700001,24.700001,24.15,24.25,206000,24.25
2017-01-05,24.75,25.00,24.50,24.60,265500,24.60
2017-01-04,24.60,24.799999,24.25,24.799999,263700,24.799999
2017-01-03,24.450001,25.00,24.10,24.549999,333800,24.549999
2016-12-30,24.75,24.75,24.40,24.50,208600,24.50
2016-12-29,24.65,25.299999,24.50,24.700001,248800,24.700001
2016-12-28,25.00,25.00,24.299999,24.549999,165900,24.549999
2016-12-27,24.75,25.40,24.549999,25.00,356900,25.00
2016-12-23,24.75,25.25,24.50,24.75,299900,24.75
2016-12-22,25.00,25.00,24.50,24.85,283000,24.85
2016-12-21,24.799999,25.15,24.549999,25.00,225900,25.00
2016-12-20,24.450001,24.85,24.049999,24.799999,365700,24.799999
2016-12-19,24.35,24.75,24.200001,24.299999,191200,24.299999
2016-12-16,24.450001,24.90,24.200001,24.200001,349300,24.200001
2016-12-15,23.90,24.450001,23.60,24.35,594500,24.35
2016-12-14,24.700001,24.950001,23.60,23.75,449700,23.75
2016-12-13,24.50,24.85,24.049999,24.799999,342200,24.799999
2016-12-12,23.90,24.40,23.85,24.40,241300,24.40
2016-12-09,23.75,24.15,23.75,23.90,139700,23.90
2016-12-08,23.200001,23.65,22.75,23.549999,229600,23.549999
2016-12-07,22.90,23.200001,22.15,23.10,258600,23.10
2016-12-06,23.00,23.25,22.60,23.049999,269400,23.049999
2016-12-05,22.25,23.049999,22.25,22.90,300300,22.90
2016-12-02,22.450001,22.799999,22.10,22.25,494200,22.25
2016-12-01,21.799999,22.50,21.50,22.50,656500,22.50
2016-11-30,22.40,22.559999,21.65,21.85,237100,21.85
2016-11-29,22.799999,22.85,22.00,22.50,247700,22.50
2016-11-28,23.200001,23.35,22.50,22.60,214600,22.60
2016-11-25,23.40,23.450001,23.200001,23.299999,127400,23.299999
2016-11-23,23.299999,23.65,23.049999,23.40,362800,23.40
2016-11-22,24.299999,24.299999,23.200001,23.50,405100,23.50
2016-11-21,23.799999,24.35,23.40,24.15,560100,24.15
2016-11-18,23.549999,23.85,23.200001,23.799999,354800,23.799999
2016-11-17,23.200001,23.50,23.00,23.450001,364400,23.450001
2016-11-16,23.299999,23.530001,23.18,23.25,219500,23.25
2016-11-15,23.200001,23.50,23.00,23.40,375800,23.40
2016-11-14,23.60,23.75,23.00,23.25,263600,23.25
2016-11-11,23.40,24.15,23.299999,23.65,659500,23.65
2016-11-10,23.60,23.65,22.700001,23.450001,478800,23.450001
2016-11-09,22.60,23.35,21.950001,23.299999,633100,23.299999
2016-11-08,21.950001,23.049999,21.799999,22.90,527600,22.90
2016-11-07,21.799999,22.299999,21.700001,22.00,552200,22.00
2016-11-04,20.85,21.75,20.549999,21.65,512600,21.65
2016-11-03,22.25,22.25,20.799999,20.85,675600,20.85
2016-11-02,22.049999,23.00,19.799999,22.10,1208000,22.10
2016-11-01,21.75,22.200001,21.60,22.049999,462300,22.049999
2016-10-31,21.35,21.90,21.18,21.700001,541400,21.700001
2016-10-28,22.50,23.790001,20.65,21.299999,1189700,21.299999
2016-10-27,22.299999,22.549999,21.83,21.90,900000,21.90
2016-10-26,23.299999,23.299999,21.799999,22.049999,789400,22.049999
2016-10-25,23.950001,24.200001,23.25,23.450001,185300,23.450001
2016-10-24,23.65,24.200001,23.559999,23.950001,286100,23.950001
2016-10-21,23.90,23.90,23.40,23.40,225600,23.40
2016-10-20,23.00,24.00,22.25,23.85,1331100,23.85
2016-10-19,23.549999,23.75,23.10,23.299999,237800,23.299999
2016-10-18,23.450001,24.10,23.18,23.60,303500,23.60
2016-10-17,23.75,23.90,23.10,23.299999,308600,23.299999
2016-10-14,24.32,24.32,23.68,23.809999,149000,23.809999
2016-10-13,24.049999,24.40,24.040001,24.110001,176200,24.110001
2016-10-12,23.85,24.35,23.85,24.33,515000,24.33
2016-10-11,24.459999,24.459999,23.530001,23.76,531800,23.76
2016-10-10,24.73,25.139999,24.540001,24.549999,479900,24.549999
2016-10-07,24.879999,24.93,24.440001,24.639999,284800,24.639999
2016-10-06,25.09,25.280001,24.84,24.85,312100,24.85
2016-10-05,24.74,25.52,24.67,25.139999,406300,25.139999
2016-10-04,24.66,24.82,24.540001,24.74,256000,24.74
2016-10-03,25.08,25.190001,24.530001,24.629999,427200,24.629999
2016-09-30,24.379999,25.209999,24.27,25.09,431000,25.09
2016-09-29,24.530001,24.77,23.91,24.17,346800,24.17
2016-09-28,24.139999,24.709999,24.08,24.65,279000,24.65
2016-09-27,23.780001,24.290001,23.74,24.18,308400,24.18
2016-09-26,24.190001,24.190001,23.17,23.82,246300,23.82
2016-09-23,24.73,24.790001,23.51,24.24,239400,24.24
2016-09-22,25.00,25.360001,24.700001,24.799999,368100,24.799999
2016-09-21,24.74,24.950001,24.219999,24.879999,267200,24.879999
2016-09-20,24.879999,24.969999,24.469999,24.73,353200,24.73
2016-09-19,24.879999,25.16,24.60,24.76,291600,24.76
2016-09-16,24.51,24.75,23.799999,24.65,372900,24.65
2016-09-15,23.77,24.82,23.719999,24.40,267800,24.40
2016-09-14,23.450001,23.950001,23.450001,23.790001,353200,23.790001
2016-09-13,23.76,23.93,23.040001,23.35,430500,23.35
2016-09-12,23.719999,23.959999,23.610001,23.93,377700,23.93
2016-09-09,24.57,24.90,23.690001,23.690001,399900,23.690001
2016-09-08,24.620001,25.040001,24.49,24.82,410400,24.82
2016-09-07,24.57,24.940001,24.42,24.780001,580800,24.780001
2016-09-06,25.01,25.049999,24.52,24.57,193000,24.57
2016-09-02,24.84,25.02,24.60,24.860001,150300,24.860001
2016-09-01,24.57,24.809999,24.07,24.690001,294100,24.690001
2016-08-31,24.950001,25.129999,24.469999,24.610001,194900,24.610001
2016-08-30,25.129999,25.389999,24.73,24.90,257400,24.90
2016-08-29,25.10,25.50,25.00,25.120001,141500,25.120001
2016-08-26,24.629999,24.99,24.389999,24.950001,260000,24.950001
2016-08-25,24.48,25.040001,24.379999,24.67,301700,24.67
2016-08-24,24.940001,25.27,24.450001,24.610001,304700,24.610001
2016-08-23,25.09,25.219999,24.99,25.01,155100,25.01
2016-08-22,24.99,25.309999,24.59,25.049999,171000,25.049999
2016-08-19,25.26,25.26,24.58,24.91,404800,24.91
2016-08-18,24.84,25.50,24.52,25.26,379300,25.26
2016-08-17,24.74,24.98,24.43,24.780001,294700,24.780001
2016-08-16,25.040001,25.10,24.780001,24.82,315000,24.82
2016-08-15,24.950001,25.219999,24.93,25.209999,218700,25.209999
2016-08-12,25.52,25.530001,24.49,24.93,659000,24.93
2016-08-11,23.84,25.809999,23.540001,25.389999,1871800,25.389999
2016-08-10,24.110001,24.110001,23.50,23.68,417500,23.68
2016-08-09,23.35,24.10,23.27,24.030001,449100,24.030001
2016-08-08,23.51,24.34,23.01,24.01,550000,24.01
2016-08-05,24.26,24.68,23.18,23.58,973800,23.58
2016-08-04,23.65,24.23,23.34,24.16,682900,24.16
2016-08-03,23.77,24.50,23.459999,23.67,1108000,23.67
2016-08-02,22.959999,23.75,22.66,23.09,685300,23.09
2016-08-01,23.290001,23.48,22.940001,23.16,372000,23.16
2016-07-29,22.50,24.08,22.190001,23.18,1035700,23.18
2016-07-28,21.379999,21.92,21.049999,21.469999,568100,21.469999
2016-07-27,21.99,22.049999,21.360001,21.43,631800,21.43
2016-07-26,21.690001,22.08,21.629999,21.950001,260700,21.950001
2016-07-25,21.879999,21.93,21.530001,21.67,216300,21.67
2016-07-22,21.49,21.90,21.34,21.780001,316600,21.780001
2016-07-21,21.51,21.92,21.120001,21.450001,547800,21.450001
2016-07-20,20.559999,21.60,20.540001,21.49,525600,21.49
2016-07-19,20.48,20.809999,20.299999,20.43,234200,20.43
2016-07-18,20.629999,20.719999,20.35,20.51,237900,20.51
2016-07-15,20.639999,20.66,20.389999,20.459999,292800,20.459999
2016-07-14,20.719999,20.790001,20.370001,20.48,436000,20.48
2016-07-13,20.709999,20.75,20.209999,20.50,730800,20.50
2016-07-12,20.41,20.719999,20.209999,20.559999,320300,20.559999
2016-07-11,20.32,20.66,20.219999,20.360001,260100,20.360001
2016-07-08,20.00,20.42,19.879999,20.24,596600,20.24
2016-07-07,19.85,20.129999,19.76,19.940001,459600,19.940001
2016-07-06,19.08,20.219999,19.07,19.76,543400,19.76
2016-07-05,19.389999,19.440001,19.030001,19.25,407600,19.25
2016-07-01,18.67,19.52,18.559999,19.469999,489300,19.469999
2016-06-30,18.27,18.73,17.950001,18.709999,533700,18.709999
2016-06-29,17.889999,18.33,17.76,18.32,423800,18.32
2016-06-28,16.950001,17.870001,16.83,17.780001,603500,17.780001
2016-06-27,17.84,17.84,16.84,16.870001,776000,16.870001
2016-06-24,17.620001,18.08,17.59,17.92,540000,17.92
2016-06-23,18.08,18.620001,17.52,18.40,692100,18.40
2016-06-22,18.51,18.51,17.91,17.969999,478900,17.969999
2016-06-21,18.91,18.91,18.18,18.51,301100,18.51
2016-06-20,18.43,19.059999,18.389999,18.83,384900,18.83
2016-06-17,18.65,18.809999,18.129999,18.16,520600,18.16
2016-06-16,18.459999,18.82,17.82,18.690001,528100,18.690001
2016-06-15,19.040001,19.059999,18.49,18.60,601600,18.60
2016-06-14,19.09,19.25,18.200001,18.879999,665100,18.879999
2016-06-13,19.43,19.950001,19.18,19.200001,408300,19.200001
2016-06-10,19.75,19.92,19.389999,19.459999,293400,19.459999
2016-06-09,19.98,20.469999,19.68,19.82,383900,19.82
2016-06-08,19.17,19.860001,18.700001,19.799999,708200,19.799999
2016-06-07,18.969999,19.40,18.35,19.17,1042500,19.17
2016-06-06,19.040001,19.17,19.040001,19.09,466800,19.09
2016-06-03,19.299999,19.60,19.00,19.129999,440700,19.129999
2016-06-02,18.91,19.51,18.85,19.42,454500,19.42
2016-06-01,18.33,18.92,18.200001,18.91,391900,18.91
2016-05-31,18.440001,18.57,18.23,18.32,223500,18.32
2016-05-27,18.18,18.65,17.799999,18.42,349300,18.42
2016-05-26,18.209999,18.40,17.969999,18.110001,370700,18.110001
2016-05-25,18.440001,18.48,18.01,18.200001,368500,18.200001
2016-05-24,17.709999,18.200001,17.52,18.120001,760500,18.120001
2016-05-23,16.690001,17.77,16.559999,17.67,1047400,17.67
2016-05-20,16.530001,16.76,16.43,16.629999,1364000,16.629999
2016-05-19,16.76,16.92,16.459999,16.49,529000,16.49
2016-05-18,17.309999,17.389999,16.610001,16.77,718300,16.77
2016-05-17,17.43,17.99,17.07,17.34,1098700,17.34
2016-05-16,17.57,17.90,17.379999,17.41,750000,17.41
2016-05-13,17.50,17.860001,17.26,17.49,512100,17.49
2016-05-12,18.360001,18.49,17.209999,17.549999,465500,17.549999
2016-05-11,18.34,18.73,18.190001,18.26,447000,18.26
2016-05-10,18.290001,18.540001,18.10,18.33,326500,18.33
2016-05-09,18.00,18.32,17.82,18.209999,499900,18.209999
2016-05-06,18.049999,18.389999,17.809999,17.950001,412300,17.950001
2016-05-05,18.299999,18.49,17.870001,18.190001,592700,18.190001
2016-05-04,17.85,18.40,17.68,18.27,750300,18.27
2016-05-03,18.030001,18.09,17.719999,17.84,680300,17.84
2016-05-02,17.17,18.16,16.940001,18.01,1018400,18.01
2016-04-29,17.110001,18.290001,16.25,17.00,1337100,17.00
2016-04-28,17.67,18.07,16.620001,16.68,1592600,16.68
2016-04-27,16.90,18.10,16.870001,18.059999,1017100,18.059999
2016-04-26,17.50,17.66,15.69,16.91,1835700,16.91
2016-04-25,17.76,18.209999,17.610001,17.950001,1397200,17.950001
2016-04-22,17.389999,18.059999,17.389999,17.75,418700,17.75
2016-04-21,17.059999,17.58,16.82,17.370001,509600,17.370001
2016-04-20,17.09,17.200001,16.85,17.00,432300,17.00
2016-04-19,17.17,17.709999,16.969999,17.00,1127400,17.00
2016-04-18,16.82,17.200001,16.719999,17.09,492700,17.09
2016-04-15,16.799999,17.01,16.559999,16.790001,600600,16.790001
2016-04-14,16.209999,16.940001,16.120001,16.809999,464800,16.809999
2016-04-13,15.32,16.309999,15.28,16.18,696200,16.18
2016-04-12,14.62,15.19,14.52,15.17,321700,15.17
2016-04-11,14.97,15.17,14.58,14.68,245200,14.68
2016-04-08,15.03,15.39,14.82,14.93,489100,14.93
2016-04-07,14.66,15.12,14.44,14.94,348400,14.94
2016-04-06,14.48,14.79,14.37,14.74,460800,14.74
2016-04-05,15.20,15.42,14.49,14.50,455500,14.50
2016-04-04,14.99,15.84,14.90,15.34,786600,15.34
2016-04-01,14.50,14.96,14.10,14.90,639100,14.90
2016-03-31,14.36,14.97,14.36,14.52,743600,14.52
2016-03-30,15.02,15.13,14.24,14.38,651100,14.38
2016-03-29,14.31,15.10,14.22,14.90,552500,14.90
2016-03-28,13.94,14.59,13.81,14.40,393400,14.40
2016-03-24,13.79,13.91,13.40,13.85,317300,13.85
2016-03-23,14.73,14.82,13.73,13.94,310000,13.94
2016-03-22,14.90,15.00,14.24,14.81,219500,14.81
2016-03-21,14.42,15.24,14.42,14.92,461000,14.92
2016-03-18,14.13,14.55,14.01,14.52,280000,14.52
2016-03-17,14.10,14.10,13.40,14.05,340400,14.05
2016-03-16,14.39,14.53,13.90,14.08,246000,14.08
2016-03-15,14.79,14.98,14.46,14.50,304000,14.50
2016-03-14,14.76,15.07,14.62,14.84,460000,14.84
2016-03-11,14.58,14.92,14.55,14.85,293700,14.85
2016-03-10,14.91,14.99,14.18,14.49,546500,14.49
2016-03-09,15.27,15.34,14.77,14.90,620900,14.90
2016-03-08,15.89,16.01,15.21,15.27,432800,15.27
2016-03-07,15.66,16.280001,15.30,15.94,427400,15.94
2016-03-04,15.15,15.82,15.05,15.68,633900,15.68
2016-03-03,14.64,15.45,14.59,15.22,419200,15.22
2016-03-02,14.31,14.78,14.23,14.71,355300,14.71
2016-03-01,14.25,14.55,13.76,14.40,538800,14.40
2016-02-29,14.15,14.48,13.69,14.18,541300,14.18
2016-02-26,13.04,14.59,13.04,14.19,1668800,14.19
2016-02-25,12.85,13.15,12.59,12.78,823700,12.78
2016-02-24,12.30,13.02,11.91,12.77,701400,12.77
2016-02-23,12.83,12.95,12.35,12.38,413100,12.38
2016-02-22,12.63,13.01,12.42,12.84,577000,12.84
2016-02-19,12.51,12.63,11.95,12.61,590100,12.61
2016-02-18,12.36,12.89,12.16,12.56,758400,12.56
2016-02-17,11.96,12.39,11.68,12.29,854500,12.29
2016-02-16,11.51,12.15,11.33,11.91,720400,11.91
2016-02-12,12.05,12.44,11.09,11.42,876900,11.42
2016-02-11,12.00,12.44,11.53,11.75,462100,11.75
2016-02-10,12.13,12.45,12.00,12.10,438300,12.10
2016-02-09,12.12,12.83,11.78,12.02,771200,12.02
2016-02-08,12.04,12.30,11.63,12.29,1047100,12.29
2016-02-05,12.46,12.72,12.14,12.18,525600,12.18
2016-02-04,12.47,12.72,12.14,12.56,413400,12.56
2016-02-03,12.45,12.72,12.25,12.49,531600,12.49
2016-02-02,12.32,12.42,12.00,12.39,764100,12.39
2016-02-01,12.00,12.58,11.86,12.44,943000,12.44
2016-01-29,11.75,12.25,11.68,12.05,682200,12.05
2016-01-28,13.13,13.13,11.64,11.75,925000,11.75
2016-01-27,13.06,13.42,12.78,13.04,726700,13.04
2016-01-26,13.85,13.85,13.02,13.06,870400,13.06
2016-01-25,14.00,14.12,13.71,13.81,519600,13.81
2016-01-22,15.01,15.06,13.50,14.02,2178400,14.02
2016-01-21,14.51,15.00,14.18,14.85,449500,14.85
2016-01-20,14.00,14.54,13.37,14.37,624700,14.37
2016-01-19,14.45,14.48,13.96,14.10,639200,14.10
2016-01-15,14.55,14.87,13.66,14.32,543000,14.32
2016-01-14,14.81,15.04,13.66,15.00,914300,15.00
2016-01-13,15.07,15.35,14.65,14.75,820800,14.75
2016-01-12,15.16,15.45,14.75,15.15,659000,15.15
2016-01-11,15.10,15.15,14.75,15.00,495200,15.00
2016-01-08,15.17,15.38,14.68,15.05,559300,15.05
2016-01-07,15.00,15.67,14.76,15.19,889700,15.19
2016-01-06,15.29,15.59,15.12,15.19,477700,15.19
2016-01-05,15.10,15.69,14.89,15.57,742700,15.57
2016-01-04,14.90,15.25,14.32,14.98,756700,14.98
2015-12-31,15.21,15.46,14.97,15.06,455600,15.06
2015-12-30,15.36,15.50,15.08,15.23,341400,15.23
2015-12-29,15.48,15.48,14.97,15.42,390600,15.42
2015-12-28,15.53,15.77,15.22,15.41,330200,15.41
2015-12-24,15.73,16.030001,15.56,15.63,242400,15.63
2015-12-23,15.45,16.030001,15.31,15.77,474100,15.77
2015-12-22,14.72,15.44,14.65,15.42,465300,15.42
2015-12-21,14.80,14.81,14.30,14.69,350300,14.69
2015-12-18,13.96,15.05,13.96,14.53,624600,14.53
2015-12-17,13.93,14.23,13.83,14.04,296900,14.04
2015-12-16,13.73,13.98,13.46,13.93,1091300,13.93
2015-12-15,13.48,13.88,13.40,13.61,572300,13.61
2015-12-14,13.46,13.68,13.25,13.41,549900,13.41
2015-12-11,14.14,14.51,13.39,13.44,443000,13.44
2015-12-10,13.45,14.41,13.45,14.38,788100,14.38
2015-12-09,13.31,13.75,13.12,13.41,732000,13.41
2015-12-08,13.54,13.76,13.14,13.41,826600,13.41
2015-12-07,13.71,13.71,13.48,13.63,448600,13.63
2015-12-04,13.95,13.97,13.61,13.78,364400,13.78
2015-12-03,14.17,14.39,13.83,13.91,571200,13.91
2015-12-02,14.00,14.32,13.96,14.19,514200,14.19
2015-12-01,13.89,14.10,13.74,13.98,467000,13.98
2015-11-30,13.75,14.09,13.71,13.83,401900,13.83
2015-11-27,13.39,13.91,13.39,13.76,202200,13.76
2015-11-25,13.63,13.68,13.34,13.51,580400,13.51
2015-11-24,13.07,13.64,12.99,13.58,738100,13.58
2015-11-23,13.10,13.50,13.00,13.21,341600,13.21
2015-11-20,13.59,13.71,13.13,13.15,383200,13.15
2015-11-19,13.86,14.07,13.31,13.49,348700,13.49
2015-11-18,13.71,13.87,13.53,13.83,261800,13.83
2015-11-17,13.80,14.07,13.59,13.69,634300,13.69
2015-11-16,13.79,13.99,13.55,13.67,458000,13.67
2015-11-13,14.27,14.67,13.55,13.88,458200,13.88
2015-11-12,14.02,14.10,13.56,13.74,450100,13.74
2015-11-11,14.13,14.24,13.61,14.16,500900,14.16
2015-11-10,14.12,14.48,13.90,14.13,794800,14.13
2015-11-09,13.55,14.07,13.55,13.65,572100,13.65
2015-11-06,12.79,13.67,12.77,13.61,445300,13.61
2015-11-05,13.21,13.22,12.62,12.86,542100,12.86
2015-11-04,13.19,13.48,12.93,13.15,560400,13.15
2015-11-03,13.16,13.35,12.89,13.21,361400,13.21
2015-11-02,12.19,13.43,12.19,13.10,574600,13.10
2015-10-30,12.43,12.65,12.13,12.22,565900,12.22
2015-10-29,12.02,12.59,11.99,12.31,683200,12.31
2015-10-28,11.94,12.19,11.60,12.01,817900,12.01
2015-10-27,12.55,12.99,11.91,11.97,626900,11.97
2015-10-26,12.70,13.06,12.13,12.39,1026800,12.39
2015-10-23,11.45,13.79,11.45,12.69,3979000,12.69
2015-10-22,11.77,11.99,10.86,10.99,768600,10.99
2015-10-21,11.43,11.84,11.36,11.64,778700,11.64
2015-10-20,11.56,11.65,11.25,11.51,794000,11.51
2015-10-19,11.21,11.72,11.21,11.49,885600,11.49
2015-10-16,11.24,11.70,11.14,11.35,673800,11.35
2015-10-15,10.85,11.61,10.72,11.22,882700,11.22
2015-10-14,11.35,11.70,10.65,10.78,704900,10.78
2015-10-13,11.36,11.71,11.24,11.29,597100,11.29
2015-10-12,11.08,11.56,10.85,11.52,700200,11.52
2015-10-09,10.97,11.23,10.76,10.90,614700,10.90
2015-10-08,11.71,11.80,10.79,10.91,1646800,10.91
2015-10-07,11.62,11.94,11.44,11.85,533000,11.85
2015-10-06,12.30,12.60,11.49,11.49,956300,11.49
2015-10-05,12.62,12.71,12.37,12.51,699400,12.51
2015-10-02,11.62,12.58,11.57,12.54,547200,12.54
2015-10-01,11.80,13.34,11.61,11.72,510500,11.72
2015-09-30,11.55,12.14,11.33,11.79,876800,11.79
2015-09-29,11.86,12.14,11.35,11.55,579100,11.55
2015-09-28,12.56,12.65,11.57,11.76,833200,11.76
2015-09-25,13.58,13.66,12.40,12.52,859100,12.52
2015-09-24,13.69,13.69,13.11,13.52,618900,13.52
2015-09-23,14.50,14.65,13.46,13.74,1129200,13.74
2015-09-22,14.64,14.64,13.98,14.54,696800,14.54
2015-09-21,14.75,15.06,14.38,14.80,841300,14.80
2015-09-18,14.78,15.17,14.59,14.71,845000,14.71
2015-09-17,15.35,15.56,14.80,15.00,809700,15.00
2015-09-16,15.67,16.09,15.39,15.40,555400,15.40
2015-09-15,15.59,15.94,15.57,15.81,331200,15.81
2015-09-14,15.95,16.059999,15.38,15.58,348400,15.58
2015-09-11,15.63,15.94,15.40,15.82,407700,15.82
2015-09-10,15.74,16.00,15.57,15.73,295100,15.73
2015-09-09,16.620001,16.629999,15.82,15.86,275900,15.86
2015-09-08,16.450001,16.450001,15.90,16.41,533500,16.41
2015-09-04,16.299999,16.690001,15.79,16.110001,421700,16.110001
2015-09-03,16.43,16.65,16.33,16.389999,342200,16.389999
2015-09-02,16.59,16.68,16.08,16.43,477600,16.43
2015-09-01,16.10,17.15,16.10,16.280001,555100,16.280001
2015-08-31,16.860001,17.620001,16.790001,16.85,599800,16.85
2015-08-28,16.59,17.27,16.42,17.209999,630700,17.209999
2015-08-27,16.43,16.870001,16.24,16.83,951600,16.83
2015-08-26,16.35,16.40,15.85,16.370001,802900,16.370001
2015-08-25,16.35,16.549999,15.97,16.01,976700,16.01
2015-08-24,15.03,16.25,14.77,15.90,872700,15.90
2015-08-21,16.10,16.459999,15.52,15.65,1334800,15.65
2015-08-20,17.450001,17.540001,16.43,16.459999,1022200,16.459999
2015-08-19,17.26,17.629999,16.889999,17.52,801500,17.52
2015-08-18,16.75,17.450001,16.549999,17.34,1508700,17.34
2015-08-17,15.74,16.43,15.70,16.370001,731100,16.370001
2015-08-14,16.219999,16.219999,15.55,15.83,758000,15.83
2015-08-13,16.059999,16.52,15.91,16.17,1008300,16.17
2015-08-12,15.83,16.360001,15.62,16.219999,797900,16.219999
2015-08-11,16.07,16.07,15.67,16.00,475600,16.00
2015-08-10,15.42,16.07,15.42,16.00,543000,16.00
2015-08-07,15.61,15.81,15.18,15.39,817100,15.39
2015-08-06,16.33,16.33,15.47,15.74,923800,15.74
2015-08-05,16.51,16.77,16.200001,16.25,1250700,16.25
2015-08-04,16.799999,16.98,16.43,16.51,1232500,16.51
2015-08-03,17.030001,17.120001,16.50,16.74,865000,16.74
2015-07-31,17.42,17.629999,17.07,17.10,746000,17.10
2015-07-30,17.780001,18.389999,17.16,17.389999,1130700,17.389999
2015-07-29,15.99,17.219999,15.93,17.190001,2326600,17.190001
2015-07-28,15.71,16.49,15.27,15.65,2454700,15.65
2015-07-27,15.19,16.110001,15.02,15.48,3091600,15.48
2015-07-24,18.00,18.49,15.00,16.299999,8716700,16.299999
2015-07-23,25.790001,25.91,24.76,24.83,915500,24.83
2015-07-22,25.559999,26.08,25.35,25.67,673800,25.67
2015-07-21,25.25,25.91,25.23,25.559999,856200,25.559999
2015-07-20,25.219999,25.51,25.16,25.32,318600,25.32
2015-07-17,25.379999,25.52,25.110001,25.35,287700,25.35
2015-07-16,25.120001,25.530001,24.84,25.450001,413000,25.450001
2015-07-15,25.360001,25.440001,24.66,24.92,392600,24.92
2015-07-14,25.540001,25.719999,24.99,25.290001,343800,25.290001
2015-07-13,25.01,25.790001,24.940001,25.50,726500,25.50
2015-07-10,24.709999,24.92,24.43,24.870001,467900,24.870001
2015-07-09,24.559999,25.77,24.51,24.51,915900,24.51
2015-07-08,24.559999,24.709999,23.93,24.07,527500,24.07
2015-07-07,23.709999,25.15,23.639999,24.93,1790700,24.93
2015-07-06,21.790001,23.67,21.459999,23.540001,1447900,23.540001
2015-07-02,22.280001,22.780001,21.129999,22.040001,1285100,22.040001
2015-07-01,23.26,23.26,21.49,22.190001,3253000,22.190001
2015-06-30,24.02,24.02,22.969999,23.01,1658000,23.01
2015-06-29,24.799999,25.25,23.65,23.75,1285300,23.75
2015-06-26,25.75,25.780001,24.82,25.32,1023300,25.32
2015-06-25,26.24,26.24,25.57,25.809999,771300,25.809999
2015-06-24,26.719999,26.82,26.01,26.10,746200,26.10
2015-06-23,27.559999,27.68,26.83,26.889999,312600,26.889999
2015-06-22,27.389999,27.58,27.110001,27.49,259700,27.49
2015-06-19,26.90,27.379999,26.75,27.10,419500,27.10
2015-06-18,26.98,27.450001,26.870001,26.99,485100,26.99
2015-06-17,26.98,27.33,26.77,26.93,453200,26.93
2015-06-16,26.360001,26.93,26.34,26.82,273300,26.82
2015-06-15,26.280001,26.52,26.02,26.299999,420700,26.299999
2015-06-12,26.639999,26.92,26.389999,26.51,414800,26.51
2015-06-11,27.00,27.290001,26.51,26.67,413300,26.67
2015-06-10,26.309999,27.120001,26.309999,26.889999,342500,26.889999
2015-06-09,26.690001,26.799999,26.15,26.290001,549000,26.290001
2015-06-08,26.83,27.43,26.719999,26.83,743300,26.83
2015-06-05,26.10,26.879999,25.620001,26.809999,472100,26.809999
2015-06-04,26.26,26.43,26.00,26.07,662800,26.07
2015-06-03,25.83,26.48,25.83,26.440001,679000,26.440001
2015-06-02,25.639999,26.02,25.40,25.790001,380100,25.790001
2015-06-01,25.129999,26.200001,24.77,25.84,1202100,25.84
2015-05-29,23.90,25.00,23.790001,24.83,1617300,24.83
2015-05-28,23.879999,24.15,23.65,24.00,443000,24.00
2015-05-27,24.040001,24.450001,23.879999,24.08,701300,24.08
2015-05-26,24.190001,24.540001,23.85,23.91,521600,23.91
2015-05-22,24.389999,24.67,23.99,24.27,481700,24.27
2015-05-21,24.32,24.60,24.110001,24.469999,439100,24.469999
2015-05-20,24.40,24.719999,24.290001,24.299999,312900,24.299999
2015-05-19,24.68,24.77,24.209999,24.450001,364000,24.450001
2015-05-18,23.66,24.76,23.34,24.76,1466400,24.76
2015-05-15,24.299999,24.389999,23.639999,23.809999,863200,23.809999
2015-05-14,24.35,24.370001,24.00,24.18,479600,24.18
2015-05-13,25.129999,25.129999,23.91,24.25,1210200,24.25
2015-05-12,25.40,25.40,24.82,25.07,530900,25.07
2015-05-11,25.709999,26.23,25.40,25.450001,570200,25.450001
2015-05-08,26.50,26.549999,25.40,25.75,645700,25.75
2015-05-07,26.00,26.40,25.84,26.26,881500,26.26
2015-05-06,26.290001,26.639999,25.42,25.98,908000,25.98
2015-05-05,25.75,26.299999,25.719999,26.059999,1329700,26.059999
2015-05-04,24.440001,26.360001,24.379999,26.01,1831300,26.01
2015-05-01,25.809999,26.00,23.43,24.33,3185100,24.33
2015-04-30,26.24,26.809999,25.370001,25.65,863900,25.65
2015-04-29,25.959999,27.09,25.959999,26.51,1429200,26.51
2015-04-28,26.00,26.389999,25.08,26.110001,1566400,26.110001
2015-04-27,26.93,28.32,26.00,26.190001,2646600,26.190001
2015-04-24,25.57,30.10,23.870001,26.52,6597500,26.52
2015-04-23,34.48,35.220001,34.459999,34.700001,689100,34.700001
2015-04-22,34.869999,34.900002,34.009998,34.650002,385400,34.650002
2015-04-21,35.00,35.57,34.689999,34.720001,176500,34.720001
2015-04-20,34.720001,34.970001,34.509998,34.849998,197600,34.849998
2015-04-17,34.240002,34.830002,34.150002,34.720001,401600,34.720001
2015-04-16,34.560001,34.950001,34.240002,34.509998,345700,34.509998
2015-04-15,34.77,34.919998,34.490002,34.560001,168800,34.560001
2015-04-14,35.029999,35.150002,34.32,34.529999,234900,34.529999
2015-04-13,35.049999,35.279999,34.66,34.889999,308200,34.889999
2015-04-10,35.130001,35.52,35.060001,35.130001,154100,35.130001
2015-04-09,34.939999,35.200001,34.43,35.029999,242500,35.029999
2015-04-08,34.639999,35.099998,34.419998,34.810001,776100,34.810001
2015-04-07,35.07,35.48,34.650002,34.68,169600,34.68
2015-04-06,34.330002,35.189999,34.119999,35.009998,344800,35.009998
2015-04-02,34.91,35.240002,34.23,34.610001,315400,34.610001
2015-04-01,34.650002,34.650002,33.98,34.349998,395400,34.349998
2015-03-31,35.529999,35.529999,34.549999,34.759998,383200,34.759998
2015-03-30,35.00,35.990002,34.82,35.650002,270300,35.650002
2015-03-27,34.48,35.02,34.450001,34.790001,285400,34.790001
2015-03-26,33.919998,34.82,33.32,34.450001,449300,34.450001
2015-03-25,35.599998,35.599998,34.200001,34.23,606900,34.23
2015-03-24,35.919998,36.02,35.48,35.630001,294100,35.630001
2015-03-23,35.790001,36.34,35.529999,36.099998,172100,36.099998
2015-03-20,36.25,36.25,35.630001,35.889999,397700,35.889999
2015-03-19,36.560001,36.560001,35.00,35.990002,266800,35.990002
2015-03-18,36.279999,37.040001,36.099998,36.439999,463000,36.439999
2015-03-17,36.220001,36.389999,35.41,36.27,265200,36.27
2015-03-16,35.349998,36.279999,35.330002,36.18,527200,36.18
2015-03-13,34.549999,35.50,34.549999,34.93,255900,34.93
2015-03-12,33.82,34.970001,33.709999,34.889999,248500,34.889999
2015-03-11,34.040001,34.369999,33.740002,34.00,185900,34.00
2015-03-10,33.970001,34.43,33.950001,34.099998,230400,34.099998
2015-03-09,34.290001,34.459999,33.619999,34.23,233600,34.23
2015-03-06,34.209999,34.630001,34.09,34.32,469600,34.32
2015-03-05,34.349998,34.709999,34.200001,34.490002,298100,34.490002
2015-03-04,34.41,34.580002,33.849998,34.330002,339700,34.330002
2015-03-03,34.549999,34.549999,33.799999,34.470001,461900,34.470001
2015-03-02,33.799999,34.68,33.669998,34.529999,530700,34.529999
2015-02-27,33.220001,33.91,33.220001,33.810001,294500,33.810001
2015-02-26,32.330002,33.50,32.139999,33.439999,393100,33.439999
2015-02-25,32.18,32.18,31.879999,32.099998,332000,32.099998
2015-02-24,33.02,33.32,32.099998,32.310001,576600,32.310001
2015-02-23,33.50,33.50,32.220001,32.950001,566100,32.950001
2015-02-20,33.990002,34.740002,31.860001,33.779999,1297400,33.779999
2015-02-19,33.799999,34.849998,33.59,34.16,383000,34.16
2015-02-18,33.630001,33.880001,33.41,33.77,129700,33.77
2015-02-17,33.830002,33.880001,33.259998,33.779999,270400,33.779999
2015-02-13,33.880001,33.970001,33.439999,33.689999,217700,33.689999
2015-02-12,33.049999,33.799999,32.540001,33.75,167400,33.75
2015-02-11,33.450001,34.00,32.900002,32.93,293800,32.93
2015-02-10,32.240002,33.470001,31.90,33.389999,367200,33.389999
2015-02-09,32.529999,32.700001,32.02,32.110001,122700,32.110001
2015-02-06,33.75,33.75,32.619999,32.75,197800,32.75
2015-02-05,33.490002,33.740002,32.880001,33.689999,328800,33.689999
2015-02-04,32.549999,33.490002,32.50,33.279999,368100,33.279999
2015-02-03,32.759998,33.580002,32.490002,32.810001,413600,32.810001
2015-02-02,32.869999,32.990002,31.889999,32.790001,256200,32.790001
2015-01-30,34.119999,34.490002,32.68,32.709999,383600,32.709999
2015-01-29,33.959999,34.400002,33.450001,34.349998,753900,34.349998
2015-01-28,34.740002,35.439999,33.779999,34.009998,532800,34.009998
2015-01-27,35.00,35.130001,34.279999,34.630001,576700,34.630001
2015-01-26,34.84,35.389999,34.299999,35.369999,554900,35.369999
2015-01-23,34.220001,34.98,34.220001,34.650002,268200,34.650002
2015-01-22,33.599998,34.459999,33.16,34.41,381800,34.41
2015-01-21,32.939999,33.490002,32.799999,33.240002,411100,33.240002
2015-01-20,32.860001,33.130001,32.330002,33.099998,393000,33.099998
2015-01-16,31.690001,32.790001,31.309999,32.700001,260500,32.700001
2015-01-15,32.919998,32.959999,31.74,31.77,293300,31.77
2015-01-14,32.540001,33.259998,32.16,32.799999,174700,32.799999
2015-01-13,33.880001,34.189999,32.689999,32.98,216600,32.98
2015-01-12,33.900002,34.50,33.23,33.48,166000,33.48
2015-01-09,34.150002,34.459999,33.700001,33.759998,233000,33.759998
2015-01-08,34.32,34.470001,33.849998,34.259998,484800,34.259998
2015-01-07,33.540001,34.209999,33.419998,33.93,385800,33.93
2015-01-06,33.57,34.00,32.82,33.23,563100,33.23
2015-01-05,33.470001,34.290001,33.389999,33.639999,424300,33.639999
2015-01-02,34.91,35.18,33.02,33.93,380100,33.93
2014-12-31,34.669998,35.00,34.529999,34.580002,269200,34.580002
2014-12-30,34.669998,35.040001,34.349998,34.490002,78600,34.490002
2014-12-29,34.740002,34.98,34.259998,34.880001,197600,34.880001
2014-12-26,34.740002,35.290001,34.259998,34.740002,118800,34.740002
2014-12-24,34.040001,34.650002,33.639999,34.50,72800,34.50
2014-12-23,34.959999,35.00,33.549999,33.91,325100,33.91
2014-12-22,34.549999,35.07,34.279999,34.869999,413000,34.869999
2014-12-19,35.07,35.07,34.169998,34.32,681000,34.32
2014-12-18,34.900002,35.240002,34.02,35.150002,273500,35.150002
2014-12-17,33.419998,34.610001,32.889999,34.59,414000,34.59
2014-12-16,32.900002,33.82,32.560001,33.16,322500,33.16
2014-12-15,34.650002,34.799999,32.869999,32.959999,414800,32.959999
2014-12-12,33.299999,34.66,33.25,34.369999,400500,34.369999
2014-12-11,34.279999,34.66,33.66,33.669998,287900,33.669998
2014-12-10,35.029999,35.029999,34.060001,34.25,397900,34.25
2014-12-09,34.130001,35.41,33.43,35.09,560600,35.09
2014-12-08,34.810001,35.560001,34.25,34.419998,519300,34.419998
2014-12-05,33.560001,35.240002,33.560001,34.82,1134000,34.82
2014-12-04,30.389999,33.599998,30.389999,33.490002,1383400,33.490002
2014-12-03,31.23,31.90,30.99,31.08,468400,31.08
2014-12-02,30.91,31.26,30.52,31.08,367700,31.08
2014-12-01,32.619999,32.619999,30.719999,30.75,450600,30.75
2014-11-28,32.259998,34.610001,32.099998,32.830002,276400,32.830002
2014-11-26,31.99,32.810001,31.639999,32.290001,345500,32.290001
2014-11-25,32.389999,32.610001,31.68,32.00,177200,32.00
2014-11-24,32.009998,32.419998,31.889999,32.290001,256000,32.290001
2014-11-21,31.76,32.169998,31.42,31.809999,301400,31.809999
2014-11-20,31.18,31.559999,31.16,31.370001,267500,31.370001
2014-11-19,31.450001,32.02,30.790001,31.469999,827200,31.469999
2014-11-18,31.02,31.59,30.860001,31.469999,403200,31.469999
2014-11-17,31.219999,31.809999,30.83,30.889999,220100,30.889999
2014-11-14,32.130001,32.509998,31.26,31.290001,263200,31.290001
2014-11-13,32.369999,32.580002,31.790001,32.200001,281700,32.200001
2014-11-12,32.57,32.700001,32.139999,32.23,295700,32.23
2014-11-11,32.630001,32.990002,32.41,32.650002,359400,32.650002
2014-11-10,32.98,33.439999,32.50,32.740002,393500,32.740002
2014-11-07,33.310001,33.599998,32.810001,33.049999,961300,33.049999
2014-11-06,32.349998,33.490002,32.32,33.470001,488300,33.470001
2014-11-05,32.50,32.799999,32.09,32.43,254500,32.43
2014-11-04,31.799999,32.740002,31.52,32.32,563800,32.32
2014-11-03,32.380001,32.439999,31.41,31.780001,705300,31.780001
2014-10-31,32.610001,32.610001,31.690001,31.77,583400,31.77
2014-10-30,31.25,32.310001,30.91,31.76,637800,31.76
2014-10-29,30.68,31.50,30.440001,31.379999,534000,31.379999
2014-10-28,30.610001,31.00,30.389999,30.73,645700,30.73
2014-10-27,30.68,31.33,30.01,30.610001,804000,30.610001
2014-10-24,28.540001,31.360001,27.98,31.00,2280200,31.00
2014-10-23,27.35,27.370001,26.309999,27.33,845400,27.33
2014-10-22,27.92,28.75,26.85,27.00,410200,27.00
2014-10-21,27.23,28.299999,27.030001,27.950001,415800,27.950001
2014-10-20,26.459999,27.120001,26.459999,27.110001,251100,27.110001
2014-10-17,26.610001,26.809999,26.190001,26.690001,252000,26.690001
2014-10-16,25.290001,26.700001,25.290001,26.219999,551000,26.219999
2014-10-15,25.43,26.00,24.879999,25.75,381200,25.75
2014-10-14,26.280001,26.549999,25.58,25.780001,229500,25.780001
2014-10-13,25.98,26.48,25.290001,25.959999,358200,25.959999
2014-10-10,26.33,26.67,25.85,25.92,387300,25.92
2014-10-09,27.370001,27.43,26.40,26.469999,328900,26.469999
2014-10-08,26.48,27.459999,26.35,27.360001,434700,27.360001
2014-10-07,26.299999,26.799999,26.08,26.459999,262600,26.459999
2014-10-06,26.959999,27.049999,26.34,26.41,186400,26.41
2014-10-03,26.799999,27.110001,26.60,26.889999,281900,26.889999
2014-10-02,26.07,26.77,25.84,26.59,258800,26.59
2014-10-01,26.610001,26.629999,25.85,26.120001,285400,26.120001
2014-09-30,26.549999,27.059999,26.209999,26.57,498200,26.57
2014-09-29,26.440001,26.860001,26.360001,26.639999,131800,26.639999
2014-09-26,27.139999,27.18,26.639999,26.709999,189600,26.709999
2014-09-25,27.08,27.290001,26.450001,26.950001,237800,26.950001
2014-09-24,27.299999,27.469999,27.02,27.15,284800,27.15
2014-09-23,27.42,27.66,27.049999,27.280001,279900,27.280001
2014-09-22,27.85,28.030001,27.41,27.530001,220000,27.530001
2014-09-19,28.110001,28.17,27.65,28.040001,676200,28.040001
2014-09-18,28.02,28.379999,27.74,28.01,399100,28.01
2014-09-17,28.26,28.40,27.389999,27.870001,842100,27.870001
2014-09-16,27.879999,28.24,27.52,28.110001,442500,28.110001
2014-09-15,28.469999,28.67,27.50,28.01,436900,28.01
2014-09-12,28.83,28.92,28.23,28.51,332400,28.51
2014-09-11,28.67,28.860001,28.440001,28.809999,173700,28.809999
2014-09-10,28.50,29.17,28.129999,28.889999,402900,28.889999
2014-09-09,28.92,29.049999,28.290001,28.42,241800,28.42
2014-09-08,28.68,29.059999,28.629999,29.059999,191900,29.059999
2014-09-05,28.25,28.799999,27.92,28.700001,361800,28.700001
2014-09-04,28.83,29.040001,28.200001,28.219999,298700,28.219999
2014-09-03,29.34,29.52,28.65,28.709999,332300,28.709999
2014-09-02,28.450001,29.40,28.290001,29.33,463500,29.33
2014-08-29,28.48,28.530001,28.18,28.379999,358200,28.379999
2014-08-28,28.73,28.82,28.360001,28.469999,307200,28.469999
2014-08-27,28.85,29.02,28.52,28.889999,781400,28.889999
2014-08-26,28.809999,29.00,28.540001,28.809999,579400,28.809999
2014-08-25,29.10,29.299999,28.690001,28.780001,846700,28.780001
2014-08-22,28.83,29.549999,28.540001,28.889999,525300,28.889999
2014-08-21,28.969999,29.09,28.440001,28.84,527900,28.84
2014-08-20,28.610001,29.110001,28.379999,28.959999,295300,28.959999
2014-08-19,28.450001,28.91,28.26,28.799999,311500,28.799999
2014-08-18,27.68,28.51,27.530001,28.450001,380600,28.450001
2014-08-15,28.01,28.01,27.16,27.43,416900,27.43
2014-08-14,28.09,28.23,27.620001,27.74,264200,27.74
2014-08-13,27.870001,28.15,27.790001,28.059999,294200,28.059999
2014-08-12,27.58,27.889999,27.40,27.860001,458700,27.860001
2014-08-11,27.440001,27.90,27.209999,27.690001,451900,27.690001
2014-08-08,26.700001,27.74,26.50,27.34,683500,27.34
2014-08-07,27.92,27.92,26.379999,26.77,503700,26.77
2014-08-06,27.360001,27.360001,26.309999,26.59,606100,26.59
2014-08-05,26.65,26.90,25.870001,26.559999,825800,26.559999
2014-08-04,25.27,26.950001,25.27,26.82,466000,26.82
2014-08-01,25.65,25.780001,24.879999,25.190001,609200,25.190001
2014-07-31,26.02,26.25,25.530001,25.65,339900,25.65
2014-07-30,26.879999,26.99,26.25,26.35,311500,26.35
2014-07-29,26.549999,26.870001,26.209999,26.799999,644200,26.799999
2014-07-28,26.610001,26.77,25.59,26.60,964300,26.60
2014-07-25,26.50,27.59,25.43,26.65,1898500,26.65
2014-07-24,27.860001,28.15,25.969999,26.690001,1335900,26.690001
2014-07-23,25.129999,25.40,24.790001,25.16,302600,25.16
2014-07-22,25.25,25.459999,24.83,24.98,201100,24.98
2014-07-21,24.950001,25.209999,24.370001,25.120001,275100,25.120001
2014-07-18,24.35,25.030001,24.030001,25.01,446200,25.01
2014-07-17,24.77,25.139999,24.370001,24.41,375300,24.41
2014-07-16,25.030001,25.200001,24.82,24.950001,492000,24.950001
2014-07-15,25.25,25.33,24.58,24.98,714000,24.98
2014-07-14,25.00,25.309999,24.51,25.26,536600,25.26
2014-07-11,23.49,24.950001,23.49,24.90,684600,24.90
2014-07-10,22.969999,23.639999,22.50,23.57,661400,23.57
2014-07-09,23.08,23.08,22.459999,22.809999,711200,22.809999
2014-07-08,22.75,23.129999,22.09,23.059999,877300,23.059999
2014-07-07,23.51,23.719999,22.719999,22.76,225800,22.76
2014-07-03,23.709999,23.719999,23.360001,23.610001,206700,23.610001
2014-07-02,23.219999,23.74,23.01,23.540001,431200,23.540001
2014-07-01,22.969999,23.60,22.90,23.299999,589800,23.299999
2014-06-30,23.16,23.370001,22.48,22.879999,1011400,22.879999
2014-06-27,23.32,23.52,23.139999,23.200001,355900,23.200001
2014-06-26,23.48,23.690001,23.15,23.450001,605900,23.450001
2014-06-25,23.27,23.540001,22.99,23.43,421800,23.43
2014-06-24,23.26,23.969999,23.200001,23.41,892300,23.41
2014-06-23,23.27,23.440001,23.110001,23.280001,289800,23.280001
2014-06-20,23.08,23.389999,22.68,23.16,525800,23.16
2014-06-19,23.00,23.040001,22.66,22.92,292700,22.92
2014-06-18,22.389999,23.01,22.389999,22.940001,324500,22.940001
2014-06-17,22.25,22.620001,21.889999,22.34,345500,22.34
2014-06-16,21.85,22.35,21.85,22.24,352700,22.24
2014-06-13,22.530001,22.58,21.76,21.91,338400,21.91
2014-06-12,22.280001,22.73,22.049999,22.41,808000,22.41
2014-06-11,22.299999,22.51,22.01,22.379999,361100,22.379999
2014-06-10,22.23,22.49,21.870001,22.389999,490600,22.389999
2014-06-09,22.190001,22.370001,22.049999,22.219999,408200,22.219999
2014-06-06,22.15,22.459999,21.99,22.17,647200,22.17
2014-06-05,21.73,22.09,21.51,21.99,552100,21.99
2014-06-04,21.120001,21.780001,21.02,21.719999,930800,21.719999
2014-06-03,21.51,21.51,21.07,21.26,471600,21.26
2014-06-02,21.459999,21.75,20.959999,21.549999,1023200,21.549999
2014-05-30,21.799999,22.15,20.969999,21.440001,1095700,21.440001
2014-05-29,22.48,22.799999,21.690001,21.84,2225500,21.84
2014-05-28,23.719999,23.719999,22.23,22.389999,2168100,22.389999
2014-05-27,23.67,24.40,23.67,24.360001,402900,24.360001
2014-05-23,23.33,23.85,23.15,23.780001,142100,23.780001
2014-05-22,22.860001,23.360001,22.58,23.26,344400,23.26
2014-05-21,22.790001,23.209999,22.709999,22.77,237600,22.77
2014-05-20,23.15,23.43,22.379999,22.709999,333100,22.709999
2014-05-19,23.27,23.469999,23.07,23.27,250800,23.27
2014-05-16,23.67,23.780001,23.08,23.290001,563000,23.290001
2014-05-15,23.559999,23.790001,22.799999,23.690001,486000,23.690001
2014-05-14,23.790001,24.059999,23.549999,23.75,471900,23.75
2014-05-13,23.200001,23.959999,23.200001,23.879999,622300,23.879999
2014-05-12,22.219999,23.65,22.200001,23.139999,475800,23.139999
2014-05-09,21.73,22.299999,21.450001,22.17,418000,22.17
2014-05-08,20.809999,22.530001,20.629999,21.84,700500,21.84
2014-05-07,21.10,21.23,20.07,20.780001,732200,20.780001
2014-05-06,21.60,21.77,21.10,21.110001,410500,21.110001
2014-05-05,21.75,22.08,21.59,21.75,515100,21.75
2014-05-02,21.84,22.110001,21.60,21.860001,463200,21.860001
2014-05-01,21.129999,22.040001,21.00,21.809999,628600,21.809999
2014-04-30,21.030001,21.51,20.50,21.26,707000,21.26
2014-04-29,21.40,21.709999,21.01,21.129999,381600,21.129999
2014-04-28,22.030001,22.23,21.17,21.360001,519500,21.360001
2014-04-25,23.389999,23.889999,21.700001,22.02,842200,22.02
2014-04-24,24.17,24.959999,22.889999,23.58,1348000,23.58
2014-04-23,25.059999,25.110001,24.120001,24.57,487700,24.57
2014-04-22,25.99,26.290001,24.75,24.92,758200,24.92
2014-04-21,24.360001,24.700001,24.10,24.51,466600,24.51
2014-04-17,23.01,24.32,22.780001,24.23,442800,24.23
2014-04-16,23.34,23.389999,22.879999,23.08,287200,23.08
2014-04-15,23.32,24.02,22.24,23.23,730700,23.23
2014-04-14,23.75,24.809999,22.99,23.219999,537100,23.219999
2014-04-11,22.98,24.82,22.98,23.57,872700,23.57
2014-04-10,23.709999,24.00,23.01,23.209999,751700,23.209999
2014-04-09,23.01,23.91,22.92,23.83,675200,23.83
2014-04-08,22.57,24.200001,22.00,23.01,2949800,23.01
2014-04-07,27.780001,28.360001,25.90,26.110001,776700,26.110001
2014-04-04,29.309999,29.309999,27.219999,27.889999,436200,27.889999
2014-04-03,29.83,29.83,28.870001,29.17,200300,29.17
2014-04-02,29.700001,30.059999,29.23,29.790001,228400,29.790001
2014-04-01,30.280001,30.84,29.549999,29.65,318900,29.65
2014-03-31,28.74,30.43,28.620001,30.309999,445000,30.309999
2014-03-28,29.42,29.65,28.50,28.559999,259300,28.559999
2014-03-27,29.23,29.379999,28.35,29.34,318000,29.34
2014-03-26,30.389999,30.389999,28.809999,29.15,466800,29.15
2014-03-25,29.10,30.35,28.82,30.24,416900,30.24
2014-03-24,29.90,29.93,28.690001,28.84,320800,28.84
2014-03-21,31.84,31.940001,29.780001,29.799999,353800,29.799999
2014-03-20,31.469999,31.51,30.76,31.10,195800,31.10
2014-03-19,31.540001,31.76,31.190001,31.559999,176300,31.559999
2014-03-18,31.389999,31.91,31.32,31.540001,187100,31.540001
2014-03-17,31.25,31.83,30.84,31.280001,440800,31.280001
2014-03-14,29.73,31.25,29.50,31.139999,393300,31.139999
2014-03-13,29.76,30.09,29.209999,29.90,225500,29.90
2014-03-12,29.98,30.25,29.629999,29.75,272100,29.75
2014-03-11,30.610001,31.00,29.870001,30.110001,289100,30.110001
2014-03-10,30.25,30.959999,30.02,30.58,290800,30.58
2014-03-07,30.610001,31.00,30.15,30.75,254600,30.75
2014-03-06,30.50,30.77,30.049999,30.370001,260400,30.370001
2014-03-05,30.35,30.870001,29.90,30.40,448300,30.40
2014-03-04,29.92,31.049999,29.92,30.610001,630100,30.610001
2014-03-03,29.57,30.07,29.00,29.67,275000,29.67
2014-02-28,29.98,31.65,29.51,29.959999,1174000,29.959999
2014-02-27,29.299999,29.360001,28.49,28.75,295000,28.75
2014-02-26,29.48,29.940001,29.18,29.33,385200,29.33
2014-02-25,27.77,29.49,27.00,29.360001,1428300,29.360001
2014-02-24,26.370001,26.67,25.360001,25.52,575900,25.52
2014-02-21,26.790001,26.879999,26.290001,26.35,309300,26.35
2014-02-20,26.440001,26.860001,26.24,26.639999,232900,26.639999
2014-02-19,26.870001,26.98,26.299999,26.440001,222400,26.440001
2014-02-18,26.799999,26.99,26.67,26.91,409900,26.91
2014-02-14,26.60,26.85,26.23,26.65,251300,26.65
2014-02-13,26.27,26.870001,26.27,26.65,301400,26.65
2014-02-12,26.07,26.50,26.07,26.469999,183600,26.469999
2014-02-11,25.82,26.35,25.790001,26.120001,382800,26.120001
2014-02-10,25.370001,25.889999,25.07,25.76,280000,25.76
2014-02-07,24.99,25.549999,24.90,25.32,281400,25.32
2014-02-06,24.690001,25.58,24.690001,24.950001,252500,24.950001
2014-02-05,25.08,25.450001,24.799999,25.02,213800,25.02
2014-02-04,25.09,25.57,24.67,25.09,622600,25.09
2014-02-03,25.01,25.629999,24.780001,25.02,741100,25.02
2014-01-31,25.370001,26.07,25.370001,26.02,390700,26.02
2014-01-30,24.99,26.09,24.860001,25.860001,389200,25.860001
2014-01-29,24.76,24.940001,24.299999,24.82,219700,24.82
2014-01-28,24.129999,25.08,24.129999,24.969999,403800,24.969999
2014-01-27,24.98,25.26,23.84,24.129999,360200,24.129999
2014-01-24,25.24,25.58,24.65,24.99,250300,24.99
2014-01-23,25.309999,25.58,25.00,25.49,308600,25.49
2014-01-22,25.200001,25.50,25.030001,25.360001,128400,25.360001
2014-01-21,24.99,25.24,24.85,25.209999,293500,25.209999
2014-01-17,25.110001,25.32,24.50,24.91,342800,24.91
2014-01-16,25.35,25.65,24.92,24.959999,275200,24.959999
2014-01-15,25.549999,25.77,25.40,25.450001,244800,25.450001
2014-01-14,25.15,25.77,24.940001,25.530001,491600,25.530001
2014-01-13,25.73,26.17,24.860001,25.040001,282800,25.040001
2014-01-10,26.08,26.290001,25.799999,25.889999,475500,25.889999
2014-01-09,25.48,26.049999,25.450001,26.00,489100,26.00
2014-01-08,24.700001,25.51,24.639999,25.49,314100,25.49
2014-01-07,24.200001,25.18,24.00,24.780001,471300,24.780001
2014-01-06,24.91,24.92,24.48,24.84,330500,24.84
2014-01-03,24.68,24.889999,24.450001,24.799999,166400,24.799999
2014-01-02,25.01,25.059999,24.52,24.709999,256200,24.709999
2013-12-31,25.110001,25.43,24.950001,25.00,528600,25.00
2013-12-30,25.17,25.209999,24.870001,24.99,237200,24.99
2013-12-27,25.530001,25.540001,25.10,25.209999,101200,25.209999
2013-12-26,25.48,25.60,25.15,25.43,160400,25.43
2013-12-24,25.450001,25.540001,25.120001,25.40,213600,25.40
2013-12-23,25.32,25.530001,24.700001,25.41,356300,25.41
2013-12-20,24.889999,25.26,24.84,25.26,774200,25.26
2013-12-19,24.60,24.940001,24.469999,24.790001,338900,24.790001
2013-12-18,24.52,24.799999,24.50,24.700001,251700,24.700001
2013-12-17,24.74,24.780001,24.08,24.450001,772500,24.450001
2013-12-16,24.83,24.940001,24.66,24.74,212300,24.74
2013-12-13,24.219999,24.809999,23.08,24.790001,627200,24.790001
2013-12-12,23.98,24.370001,23.700001,24.129999,372000,24.129999
2013-12-11,24.280001,24.51,23.84,23.940001,414000,23.940001
2013-12-10,24.43,24.75,24.17,24.25,268000,24.25
2013-12-09,23.799999,24.690001,23.799999,24.52,343600,24.52
2013-12-06,23.24,23.879999,23.190001,23.809999,315500,23.809999
2013-12-05,22.73,23.09,22.66,23.08,159500,23.08
2013-12-04,22.860001,23.00,22.709999,22.76,136500,22.76
2013-12-03,23.16,23.290001,22.629999,22.950001,172200,22.950001
2013-12-02,23.24,23.389999,22.889999,23.26,207000,23.26
2013-11-29,23.280001,24.00,22.99,23.26,237500,23.26
2013-11-27,22.48,22.879999,22.370001,22.879999,138800,22.879999
2013-11-26,21.91,22.610001,21.690001,22.40,343500,22.40
2013-11-25,21.35,21.57,21.299999,21.51,210700,21.51
2013-11-22,21.34,21.58,21.290001,21.35,186400,21.35
2013-11-21,21.07,21.57,21.030001,21.27,221100,21.27
2013-11-20,20.93,21.15,20.790001,21.040001,143200,21.040001
2013-11-19,20.950001,21.129999,20.620001,20.84,574400,20.84
2013-11-18,21.450001,21.559999,20.709999,20.92,312500,20.92
2013-11-15,21.43,21.74,20.99,21.50,172100,21.50
2013-11-14,21.48,21.610001,21.040001,21.459999,130900,21.459999
2013-11-13,21.219999,21.68,21.139999,21.50,191200,21.50
2013-11-12,20.799999,21.379999,20.620001,21.290001,207700,21.290001
2013-11-11,20.90,20.950001,20.66,20.809999,72700,20.809999
2013-11-08,20.26,20.969999,20.129999,20.879999,175200,20.879999
2013-11-07,20.18,20.459999,19.790001,20.299999,350800,20.299999
2013-11-06,20.790001,21.059999,20.08,20.15,170400,20.15
2013-11-05,20.73,21.059999,20.540001,20.719999,143600,20.719999
2013-11-04,21.07,21.08,20.60,20.91,220000,20.91
2013-11-01,20.860001,21.09,20.620001,21.059999,393300,21.059999
2013-10-31,20.92,20.99,20.60,20.889999,221000,20.889999
2013-10-30,20.98,21.00,20.58,20.969999,284300,20.969999
2013-10-29,20.57,20.92,20.360001,20.91,418500,20.91
2013-10-28,20.120001,20.85,19.969999,20.639999,587400,20.639999
2013-10-25,19.450001,20.50,19.00,20.17,1454100,20.17
2013-10-24,18.85,19.00,18.41,18.60,333900,18.60
2013-10-23,18.450001,18.799999,18.450001,18.77,197100,18.77
2013-10-22,18.67,18.700001,18.370001,18.58,241500,18.58
2013-10-21,19.040001,19.07,18.40,18.65,221400,18.65
2013-10-18,18.99,19.200001,18.799999,19.10,409200,19.10
2013-10-17,18.690001,18.959999,18.530001,18.84,131300,18.84
2013-10-16,18.65,18.870001,18.530001,18.74,215600,18.74
2013-10-15,18.52,18.629999,18.219999,18.59,202900,18.59
2013-10-14,18.309999,18.51,18.25,18.51,168700,18.51
2013-10-11,18.25,18.49,18.139999,18.48,258800,18.48
2013-10-10,18.32,18.51,18.10,18.25,431600,18.25
2013-10-09,18.209999,18.48,18.01,18.15,440000,18.15
2013-10-08,17.92,18.41,17.92,18.049999,495300,18.049999
2013-10-07,17.549999,18.139999,17.549999,17.90,339200,17.90
2013-10-04,17.15,17.77,17.059999,17.75,329300,17.75
2013-10-03,17.299999,17.360001,17.02,17.200001,243000,17.200001
2013-10-02,17.26,17.450001,17.219999,17.309999,256700,17.309999
2013-10-01,16.73,17.549999,16.719999,17.459999,681600,17.459999
2013-09-30,16.389999,16.870001,16.299999,16.799999,575500,16.799999
2013-09-27,16.90,17.01,16.59,16.610001,419700,16.610001
2013-09-26,16.59,17.10,16.530001,17.030001,394900,17.030001
2013-09-25,16.110001,16.83,16.00,16.57,337000,16.57
2013-09-24,15.89,16.200001,15.82,16.129999,255600,16.129999
2013-09-23,15.88,16.00,15.76,15.88,216100,15.88
2013-09-20,16.09,16.09,15.82,15.93,389600,15.93
2013-09-19,16.23,16.23,15.87,16.059999,156700,16.059999
2013-09-18,16.370001,16.42,15.94,16.190001,132400,16.190001
2013-09-17,16.42,16.450001,16.16,16.34,168400,16.34
2013-09-16,16.84,16.84,16.129999,16.42,288100,16.42
2013-09-13,16.360001,16.75,16.34,16.629999,243400,16.629999
2013-09-12,16.469999,16.629999,16.26,16.280001,132600,16.280001
2013-09-11,16.280001,16.620001,16.02,16.49,251400,16.49
2013-09-10,16.24,16.51,16.02,16.26,245400,16.26
2013-09-09,15.90,16.219999,15.74,16.18,135700,16.18
2013-09-06,16.040001,16.17,15.54,15.85,175900,15.85
2013-09-05,15.95,16.43,15.71,15.95,240600,15.95
2013-09-04,15.65,15.99,15.52,15.98,475200,15.98
2013-09-03,15.95,16.030001,15.59,15.60,199200,15.60
2013-08-30,16.07,16.139999,15.63,15.79,283800,15.79
2013-08-29,16.00,16.24,15.90,16.110001,129900,16.110001
2013-08-28,15.95,16.23,15.91,16.07,140000,16.07
2013-08-27,16.48,16.52,15.86,15.94,330700,15.94
2013-08-26,17.00,17.01,16.59,16.610001,178900,16.610001
2013-08-23,16.98,17.08,16.629999,16.959999,217200,16.959999
2013-08-22,16.959999,17.07,16.85,16.969999,178100,16.969999
2013-08-21,17.200001,17.299999,16.92,16.969999,129300,16.969999
2013-08-20,17.15,17.35,17.049999,17.280001,180300,17.280001
2013-08-19,17.10,17.33,17.07,17.16,193000,17.16
2013-08-16,17.25,17.41,17.129999,17.23,260100,17.23
2013-08-15,17.639999,17.940001,17.35,17.370001,185800,17.370001
2013-08-14,17.23,18.15,16.799999,17.639999,719900,17.639999
2013-08-13,17.09,17.16,16.790001,16.82,259200,16.82
2013-08-12,16.93,17.15,16.93,17.02,205100,17.02
2013-08-09,17.27,17.65,17.139999,17.15,244800,17.15
2013-08-08,17.83,17.83,17.24,17.35,325100,17.35
2013-08-07,17.85,18.00,17.629999,17.719999,248600,17.719999
2013-08-06,18.040001,18.219999,17.809999,17.90,104800,17.90
2013-08-05,18.09,18.200001,17.99,18.040001,167900,18.040001
2013-08-02,17.68,18.190001,17.389999,18.09,524100,18.09
2013-08-01,18.26,18.290001,17.68,17.75,280000,17.75
2013-07-31,18.620001,18.66,17.99,18.02,376700,18.02
2013-07-30,18.66,18.950001,18.540001,18.559999,131700,18.559999
2013-07-29,18.709999,18.83,18.43,18.57,223600,18.57
2013-07-26,19.08,19.23,18.639999,18.77,241500,18.77
2013-07-25,19.52,19.549999,18.83,19.25,372700,19.25
2013-07-24,18.959999,19.620001,18.940001,19.50,554800,19.50
2013-07-23,18.790001,19.08,18.65,18.860001,148700,18.860001
2013-07-22,18.690001,19.059999,18.59,18.73,162900,18.73
2013-07-19,19.02,19.18,18.74,18.75,167900,18.75
2013-07-18,18.98,19.200001,18.76,19.07,122200,19.07
2013-07-17,19.00,19.139999,18.73,18.92,124700,18.92
2013-07-16,19.040001,19.08,18.450001,18.91,182800,18.91
2013-07-15,19.049999,19.40,18.99,19.08,132300,19.08
2013-07-12,18.82,19.27,18.82,18.959999,196700,18.959999
2013-07-11,18.639999,18.959999,18.58,18.90,240700,18.90
2013-07-10,18.75,18.75,18.370001,18.440001,213500,18.440001
2013-07-09,19.40,19.40,18.610001,18.809999,137000,18.809999
2013-07-08,19.09,19.290001,18.91,19.26,123000,19.26
2013-07-05,19.129999,19.32,18.809999,19.07,92500,19.07
2013-07-03,18.84,19.120001,18.41,18.84,77900,18.84
2013-07-02,18.889999,19.25,18.639999,18.969999,131400,18.969999
2013-07-01,18.719999,19.27,18.59,18.85,166700,18.85
2013-06-28,18.780001,19.049999,18.450001,18.68,721000,18.68
2013-06-27,18.90,18.90,18.52,18.780001,167300,18.780001
2013-06-26,18.59,18.92,18.360001,18.65,209100,18.65
2013-06-25,18.51,18.66,18.01,18.49,290900,18.49
2013-06-24,17.90,18.309999,17.799999,18.15,316500,18.15
2013-06-21,16.98,18.209999,16.98,18.02,779500,18.02
2013-06-20,17.50,17.60,16.85,16.940001,367000,16.940001
2013-06-19,18.15,18.26,17.77,17.780001,187500,17.780001
2013-06-18,18.129999,18.389999,17.870001,18.139999,372900,18.139999
2013-06-17,18.75,18.870001,17.68,18.09,440900,18.09
2013-06-14,18.74,18.76,18.58,18.639999,120000,18.639999
2013-06-13,19.040001,19.10,18.57,18.75,243400,18.75
2013-06-12,19.24,19.299999,19.00,19.09,129200,19.09
2013-06-11,19.09,19.27,18.92,19.08,123000,19.08
2013-06-10,19.459999,19.49,19.110001,19.25,301600,19.25
2013-06-07,18.83,19.41,18.57,19.33,171500,19.33
2013-06-06,18.50,18.709999,18.299999,18.67,114400,18.67
2013-06-05,18.68,18.83,18.370001,18.459999,125200,18.459999
2013-06-04,18.98,19.01,18.620001,18.75,172500,18.75
2013-06-03,18.700001,18.959999,18.41,18.950001,379400,18.950001
2013-05-31,18.799999,18.90,18.51,18.700001,1107000,18.700001
2013-05-30,18.93,19.01,18.66,18.940001,193100,18.940001
2013-05-29,19.17,19.290001,18.879999,18.93,128400,18.93
2013-05-28,19.33,19.610001,19.18,19.309999,257600,19.309999
2013-05-24,19.139999,19.26,18.870001,19.049999,192600,19.049999
2013-05-23,18.790001,19.32,18.59,19.309999,242500,19.309999
2013-05-22,19.67,20.02,18.85,18.92,200900,18.92
2013-05-21,19.870001,20.00,19.50,19.610001,193400,19.610001
2013-05-20,19.940001,20.559999,19.530001,19.90,348300,19.90
2013-05-17,20.870001,20.99,20.559999,20.719999,231600,20.719999
2013-05-16,20.76,20.889999,20.50,20.84,324000,20.84
2013-05-15,20.34,20.85,20.24,20.84,201700,20.84
2013-05-14,20.43,20.59,20.200001,20.469999,283100,20.469999
2013-05-13,19.959999,20.379999,19.75,20.360001,209100,20.360001
2013-05-10,20.00,20.129999,19.780001,20.059999,187600,20.059999
2013-05-09,20.00,20.190001,19.870001,19.950001,141200,19.950001
2013-05-08,19.780001,20.00,19.66,20.00,240800,20.00
2013-05-07,19.25,19.809999,19.17,19.799999,219900,19.799999
2013-05-06,18.73,19.299999,18.73,19.200001,492500,19.200001
2013-05-03,18.309999,18.860001,18.299999,18.73,354800,18.73
2013-05-02,18.09,18.299999,18.030001,18.09,348400,18.09
2013-05-01,18.540001,18.58,18.030001,18.049999,419800,18.049999
2013-04-30,18.68,18.77,18.450001,18.65,338800,18.65
2013-04-29,18.68,19.09,18.440001,18.780001,380300,18.780001
2013-04-26,18.75,19.209999,18.59,18.83,2407400,18.83
2013-04-25,17.879999,18.40,17.780001,18.290001,369700,18.290001
2013-04-24,18.32,18.370001,16.790001,17.35,703100,17.35
2013-04-23,19.530001,19.700001,19.059999,19.280001,235200,19.280001
2013-04-22,19.50,19.50,19.00,19.35,91900,19.35
2013-04-19,18.860001,19.549999,18.84,19.51,339300,19.51
2013-04-18,18.950001,19.120001,18.799999,18.879999,138500,18.879999
2013-04-17,19.00,19.01,18.530001,18.950001,120800,18.950001
2013-04-16,18.940001,19.200001,18.809999,19.139999,97300,19.139999
2013-04-15,19.200001,19.41,18.530001,18.73,375400,18.73
2013-04-12,18.389999,19.73,18.299999,19.57,314500,19.57
2013-04-11,18.34,18.530001,18.290001,18.389999,42200,18.389999
2013-04-10,18.299999,18.440001,18.219999,18.379999,80700,18.379999
2013-04-09,18.299999,18.40,18.10,18.25,74200,18.25
2013-04-08,18.129999,18.27,17.98,18.24,67400,18.24
2013-04-05,17.91,18.35,17.75,18.040001,167300,18.040001
2013-04-04,18.27,18.50,18.01,18.219999,106400,18.219999
2013-04-03,18.969999,19.01,18.290001,18.299999,155000,18.299999
2013-04-02,18.629999,19.15,18.620001,18.870001,169800,18.870001
2013-04-01,18.559999,18.719999,18.110001,18.530001,214800,18.530001
2013-03-28,18.77,18.879999,18.25,18.530001,226100,18.530001
2013-03-27,18.370001,18.68,18.120001,18.68,103600,18.68
2013-03-26,18.790001,18.790001,18.02,18.49,136200,18.49
2013-03-25,18.74,19.25,18.379999,18.639999,88800,18.639999
2013-03-22,18.309999,18.74,18.26,18.73,86100,18.73
2013-03-21,18.620001,18.709999,18.17,18.26,81500,18.26
2013-03-20,18.50,18.73,18.50,18.73,87100,18.73
2013-03-19,18.370001,18.530001,18.16,18.450001,140300,18.450001
2013-03-18,18.190001,18.49,18.01,18.379999,98300,18.379999
2013-03-15,18.66,18.719999,18.309999,18.389999,296300,18.389999
2013-03-14,18.530001,18.68,18.280001,18.620001,369700,18.620001
2013-03-13,18.620001,18.74,18.49,18.549999,186600,18.549999
2013-03-12,18.629999,18.73,18.24,18.549999,395000,18.549999
2013-03-11,18.889999,19.059999,18.58,18.74,76200,18.74
2013-03-08,18.950001,19.00,18.549999,19.00,125200,19.00
2013-03-07,18.610001,18.82,18.43,18.77,103100,18.77
2013-03-06,18.98,18.98,18.50,18.559999,220400,18.559999
2013-03-05,18.780001,19.32,18.629999,18.870001,236300,18.870001
2013-03-04,18.360001,18.74,18.17,18.68,184300,18.68
2013-03-01,17.950001,18.40,17.92,18.370001,326400,18.370001
2013-02-28,18.15,18.299999,17.98,18.15,184500,18.15
2013-02-27,17.940001,18.33,17.879999,18.219999,195100,18.219999
2013-02-26,17.83,18.00,17.559999,17.950001,448300,17.950001
2013-02-25,17.379999,18.110001,16.959999,17.700001,425300,17.700001
2013-02-22,17.34,17.799999,17.34,17.690001,125800,17.690001
2013-02-21,17.049999,17.51,16.77,17.280001,384000,17.280001
2013-02-20,17.16,17.549999,16.84,17.23,418300,17.23
2013-02-19,16.98,17.379999,16.83,17.16,178400,17.16
2013-02-15,16.91,17.08,16.77,16.889999,173800,16.889999
2013-02-14,16.67,16.969999,16.299999,16.809999,112000,16.809999
2013-02-13,16.629999,16.75,16.50,16.719999,41100,16.719999
2013-02-12,16.690001,16.790001,16.50,16.639999,34600,16.639999
2013-02-11,16.50,16.690001,16.450001,16.690001,35900,16.690001
2013-02-08,16.700001,16.799999,16.48,16.530001,73200,16.530001
2013-02-07,16.950001,16.950001,16.40,16.610001,174600,16.610001
2013-02-06,16.68,17.02,16.50,17.01,63000,17.01
2013-02-05,16.59,16.879999,16.58,16.75,99900,16.75
2013-02-04,16.860001,16.860001,16.60,16.65,75200,16.65
2013-02-01,16.76,17.00,16.50,16.879999,117200,16.879999
2013-01-31,16.43,16.790001,16.360001,16.66,99200,16.66
2013-01-30,16.459999,16.799999,16.309999,16.42,110000,16.42
2013-01-29,16.60,16.74,16.450001,16.49,118900,16.49
2013-01-28,16.24,16.75,16.24,16.639999,135000,16.639999
2013-01-25,16.469999,16.59,16.280001,16.379999,123100,16.379999
2013-01-24,16.540001,16.559999,16.10,16.389999,72600,16.389999
2013-01-23,16.66,16.74,16.450001,16.459999,80700,16.459999
2013-01-22,16.90,17.01,16.620001,16.66,102100,16.66
2013-01-18,16.370001,17.01,16.290001,16.950001,312300,16.950001
2013-01-17,16.389999,16.57,16.24,16.43,139000,16.43
2013-01-16,15.62,16.450001,15.45,16.41,342400,16.41
2013-01-15,15.55,15.91,15.31,15.62,192100,15.62
2013-01-14,15.39,15.66,15.06,15.59,136700,15.59
2013-01-11,15.84,15.84,15.36,15.41,62300,15.41
2013-01-10,15.68,15.75,15.50,15.74,81500,15.74
2013-01-09,15.44,15.66,15.33,15.65,207500,15.65
2013-01-08,14.95,15.40,14.65,15.37,111700,15.37
2013-01-07,14.91,15.21,14.67,14.94,82300,14.94
2013-01-04,15.44,15.44,14.93,15.05,103000,15.05
2013-01-03,15.08,15.40,14.92,15.33,172600,15.33
2013-01-02,14.80,15.14,14.58,15.10,257700,15.10
2012-12-31,14.33,14.80,14.20,14.77,269800,14.77
2012-12-28,14.24,14.50,14.23,14.35,189000,14.35
2012-12-27,14.45,14.45,14.05,14.31,222400,14.31
2012-12-26,14.58,14.62,14.22,14.50,112900,14.50
2012-12-24,14.71,14.73,14.46,14.55,53100,14.55
2012-12-21,14.54,14.77,14.12,14.66,331500,14.66
2012-12-20,14.37,14.70,14.26,14.66,307800,14.66
2012-12-19,13.80,14.39,13.77,14.37,140900,14.37
2012-12-18,13.75,13.88,13.30,13.83,257300,13.83
2012-12-17,13.64,13.84,13.51,13.76,81500,13.76
2012-12-14,13.49,13.79,13.12,13.60,143100,13.60
2012-12-13,13.62,13.80,13.35,13.52,87000,13.52
2012-12-12,13.80,13.90,13.52,13.64,46800,13.64
2012-12-11,13.66,14.02,13.57,13.74,195900,13.74
2012-12-10,13.43,13.56,13.21,13.54,130500,13.54
2012-12-07,13.54,13.68,13.23,13.35,131100,13.35
2012-12-06,13.70,13.78,13.19,13.48,266500,13.48
2012-12-05,14.22,14.22,13.73,13.78,165600,13.78
2012-12-04,14.03,14.17,13.91,14.17,156400,14.17
2012-12-03,14.50,14.71,13.94,14.06,195700,14.06
2012-11-30,14.62,14.62,14.19,14.40,175700,14.40
2012-11-29,14.53,14.66,14.24,14.55,227300,14.55
2012-11-28,14.16,14.52,13.95,14.38,65800,14.38
2012-11-27,14.66,14.74,14.21,14.27,76300,14.27
2012-11-26,14.37,14.64,14.36,14.63,203000,14.63
2012-11-23,14.40,14.40,14.27,14.38,24100,14.38
2012-11-21,14.17,14.33,14.09,14.32,67500,14.32
2012-11-20,14.04,14.23,13.90,14.12,93900,14.12
2012-11-19,13.79,14.12,13.79,14.10,89900,14.10
2012-11-16,13.75,13.77,13.25,13.61,300800,13.61
2012-11-15,14.19,14.19,13.70,13.81,149300,13.81
2012-11-14,15.00,15.10,14.16,14.23,118300,14.23
2012-11-13,15.23,15.30,14.92,14.98,106900,14.98
2012-11-12,15.10,15.45,15.09,15.30,205100,15.30
2012-11-09,14.98,15.13,14.88,15.07,174300,15.07
2012-11-08,14.81,15.17,14.77,15.07,303400,15.07
2012-11-07,14.82,15.10,14.73,14.85,205900,14.85
2012-11-06,14.12,15.16,14.12,15.08,548000,15.08
2012-11-05,13.69,14.01,13.38,13.86,104900,13.86
2012-11-02,14.00,14.44,13.45,13.69,254300,13.69
2012-11-01,14.53,14.85,14.09,14.26,212100,14.26
2012-10-31,14.87,14.87,14.28,14.54,506800,14.54
2012-10-26,14.51,14.86,14.46,14.86,221900,14.86
2012-10-25,14.45,14.50,14.34,14.49,131400,14.49
2012-10-24,14.55,14.55,14.35,14.36,81300,14.36
2012-10-23,14.40,14.69,14.37,14.47,165100,14.47
2012-10-22,14.70,14.79,14.47,14.50,126800,14.50
2012-10-19,15.03,15.13,14.70,14.78,150000,14.78
2012-10-18,15.09,15.27,14.94,15.18,194800,15.18
2012-10-17,15.05,15.23,14.98,15.15,181100,15.15
2012-10-16,14.60,15.10,14.48,15.01,336200,15.01
2012-10-15,14.39,14.60,14.32,14.55,141800,14.55
2012-10-12,14.42,14.51,14.30,14.38,100500,14.38
2012-10-11,14.58,14.64,14.31,14.40,122100,14.40
2012-10-10,14.48,14.52,14.23,14.46,194500,14.46
2012-10-09,14.75,14.83,14.25,14.43,407800,14.43
2012-10-08,14.75,14.85,14.45,14.75,145200,14.75
2012-10-05,14.80,14.86,14.67,14.75,208100,14.75
2012-10-04,14.90,15.06,14.73,14.78,195500,14.78
2012-10-03,14.85,14.90,14.52,14.89,257900,14.89
2012-10-02,14.92,15.04,14.66,14.87,292400,14.87
2012-10-01,14.78,14.88,14.71,14.87,314300,14.87
2012-09-28,14.42,14.76,14.42,14.75,409400,14.75
2012-09-27,14.47,14.56,14.34,14.54,375800,14.54
2012-09-26,14.30,14.51,14.15,14.40,334900,14.40
2012-09-25,13.95,14.35,13.95,14.30,524300,14.30
2012-09-24,13.65,14.00,13.65,13.89,239400,13.89
2012-09-21,13.75,13.83,13.66,13.70,244200,13.70
2012-09-20,13.64,13.72,13.43,13.55,56800,13.55
2012-09-19,13.79,13.79,13.47,13.73,154700,13.73
2012-09-18,13.45,13.79,13.30,13.71,217500,13.71
2012-09-17,13.33,13.47,13.30,13.46,125900,13.46
2012-09-14,13.32,13.46,13.22,13.41,192400,13.41
2012-09-13,13.10,13.45,13.00,13.39,208700,13.39
2012-09-12,13.15,13.35,13.02,13.11,170800,13.11
2012-09-11,12.28,13.10,12.25,13.07,656900,13.07
2012-09-10,12.35,12.50,12.18,12.30,108600,12.30
2012-09-07,12.59,12.59,12.19,12.39,110700,12.39
2012-09-06,12.07,12.50,12.07,12.38,109900,12.38
2012-09-05,12.19,12.19,11.86,12.03,231800,12.03
2012-09-04,12.05,12.34,11.94,12.25,135200,12.25
2012-08-31,12.12,12.29,12.04,12.14,64900,12.14
2012-08-30,11.99,12.16,11.95,11.99,58300,11.99
2012-08-29,12.21,12.30,12.09,12.09,94000,12.09
2012-08-28,12.21,12.28,11.97,12.16,125600,12.16
2012-08-27,12.25,12.35,12.03,12.26,197900,12.26
2012-08-24,11.96,12.37,11.92,12.23,210300,12.23
2012-08-23,12.41,12.41,11.84,12.03,195200,12.03
2012-08-22,12.39,12.50,12.24,12.40,152200,12.40
2012-08-21,12.57,12.74,12.27,12.37,240900,12.37
2012-08-20,12.31,12.59,12.28,12.49,184400,12.49
2012-08-17,12.29,12.48,12.24,12.48,145700,12.48
2012-08-16,12.20,12.30,12.10,12.30,111400,12.30
2012-08-15,12.00,12.21,11.90,12.19,54200,12.19
2012-08-14,12.09,12.23,11.94,12.00,154100,12.00
2012-08-13,12.01,12.07,11.83,12.07,89300,12.07
2012-08-10,12.01,12.10,11.86,11.99,98700,11.99
2012-08-09,11.71,12.14,11.56,12.09,231300,12.09
2012-08-08,11.55,11.92,11.47,11.76,99300,11.76
2012-08-07,11.55,11.72,11.45,11.57,96700,11.57
2012-08-06,11.39,11.58,11.15,11.45,95800,11.45
2012-08-03,11.22,11.47,11.03,11.35,181400,11.35
2012-08-02,11.02,11.34,10.88,11.08,80500,11.08
2012-08-01,11.86,11.86,11.10,11.14,149200,11.14
2012-07-31,11.51,11.89,11.47,11.80,167800,11.80
2012-07-30,11.98,11.99,11.37,11.58,120100,11.58
2012-07-27,11.98,12.14,11.73,11.99,221300,11.99
2012-07-26,11.58,12.00,10.77,11.98,509200,11.98
2012-07-25,10.19,10.37,10.00,10.15,108100,10.15
2012-07-24,10.19,10.19,9.93,10.07,160100,10.07
2012-07-23,10.23,10.34,10.05,10.11,151300,10.11
2012-07-20,10.98,11.03,10.20,10.45,240900,10.45
2012-07-19,11.25,11.27,11.02,11.15,231800,11.15
2012-07-18,11.34,11.52,11.06,11.16,115300,11.16
2012-07-17,11.68,11.68,11.30,11.33,72800,11.33
2012-07-16,11.71,11.71,11.25,11.56,88600,11.56
2012-07-13,11.43,11.89,11.24,11.78,107000,11.78
2012-07-12,11.14,11.39,11.08,11.37,107300,11.37
2012-07-11,11.58,11.58,11.17,11.24,115700,11.24
2012-07-10,11.65,11.65,11.42,11.53,154300,11.53
2012-07-09,11.33,11.69,11.29,11.58,99700,11.58
2012-07-06,11.40,11.60,11.34,11.39,68200,11.39
2012-07-05,11.59,11.74,11.51,11.56,145900,11.56
2012-07-03,11.53,11.74,11.41,11.59,50600,11.59
2012-07-02,11.37,11.52,11.30,11.51,117200,11.51
2012-06-29,11.54,11.58,11.26,11.42,172200,11.42
2012-06-28,11.33,11.43,11.17,11.39,138200,11.39
2012-06-27,11.19,11.50,11.10,11.43,214600,11.43
2012-06-26,10.88,11.36,10.76,11.12,190000,11.12
2012-06-25,10.70,10.97,10.59,10.90,87200,10.90
2012-06-22,10.70,11.00,10.60,10.89,276600,10.89
2012-06-21,10.87,11.00,10.60,10.65,119900,10.65
2012-06-20,10.75,10.96,10.59,10.85,100800,10.85
2012-06-19,10.85,11.00,10.56,10.76,509900,10.76
2012-06-18,10.85,10.96,10.61,10.81,211900,10.81
2012-06-15,11.05,11.10,10.82,10.99,228300,10.99
2012-06-14,10.84,11.18,10.70,11.10,359400,11.10
2012-06-13,10.73,10.90,10.49,10.85,251100,10.85
2012-06-12,10.31,10.79,10.22,10.75,140900,10.75
2012-06-11,10.30,10.43,10.14,10.27,137000,10.27
2012-06-08,9.88,10.38,9.86,10.22,118700,10.22
2012-06-07,10.16,10.19,9.90,9.94,85500,9.94
2012-06-06,9.63,10.04,9.25,10.01,179900,10.01
2012-06-05,9.50,9.62,9.40,9.57,201200,9.57
2012-06-04,9.58,9.74,9.47,9.55,192300,9.55
2012-06-01,9.62,9.88,9.44,9.55,191500,9.55
2012-05-31,9.95,10.04,9.73,9.87,255800,9.87
2012-05-30,10.12,10.24,9.90,9.94,151500,9.94
2012-05-29,10.08,10.27,10.00,10.26,141100,10.26
2012-05-25,10.12,10.12,9.81,9.95,81100,9.95
2012-05-24,10.03,10.21,9.83,10.10,111600,10.10
2012-05-23,9.77,10.11,9.75,10.05,146000,10.05
2012-05-22,9.82,10.05,9.78,9.85,173000,9.85
2012-05-21,9.66,9.88,9.54,9.86,89400,9.86
2012-05-18,9.83,9.84,9.58,9.66,272100,9.66
2012-05-17,10.21,10.29,9.68,9.83,218000,9.83
2012-05-16,10.51,10.62,10.11,10.17,180100,10.17
2012-05-15,10.56,10.70,10.43,10.56,111000,10.56
2012-05-14,11.04,11.14,10.41,10.55,216200,10.55
2012-05-11,10.98,11.20,10.97,11.20,140200,11.20
2012-05-10,10.76,11.20,10.72,11.07,300000,11.07
2012-05-09,10.53,10.75,10.39,10.69,190000,10.69
2012-05-08,10.46,10.71,10.45,10.70,130800,10.70
2012-05-07,10.43,10.59,10.38,10.50,116000,10.50
2012-05-04,10.46,10.57,10.11,10.50,157500,10.50
2012-05-03,10.50,10.66,10.36,10.54,161800,10.54
2012-05-02,10.42,10.64,10.36,10.53,107300,10.53
2012-05-01,10.50,10.70,10.40,10.46,195000,10.46
2012-04-30,10.53,10.60,10.42,10.49,190000,10.49
2012-04-27,10.64,10.67,10.47,10.56,125400,10.56
2012-04-26,10.62,10.75,10.37,10.57,174100,10.57
2012-04-25,10.95,10.95,10.55,10.68,238500,10.68
2012-04-24,10.47,10.60,10.36,10.59,87600,10.59
2012-04-23,10.45,10.54,10.32,10.48,130000,10.48
2012-04-20,10.60,10.60,10.31,10.51,204100,10.51
2012-04-19,10.49,10.55,10.24,10.40,98800,10.40
2012-04-18,10.36,10.53,10.17,10.50,140600,10.50
2012-04-17,10.09,10.50,9.78,10.48,174400,10.48
2012-04-16,10.19,10.40,9.99,10.04,162300,10.04
2012-04-13,10.11,10.26,10.00,10.14,97100,10.14
2012-04-12,10.21,10.35,10.04,10.18,83900,10.18
