Date,Open,High,Low,Close,Volume,Adj Close
2018-04-19,152.95,154.55,151.39,152.19,76863,152.19
2018-04-18,152.73,153.69,152.65,153.35,145769,153.35
2018-04-17,150.69,153.19,148.46,153.01,170786,153.01
2018-04-16,149.8,150.99,148.82,149.93,169314,149.93
2018-04-13,150.14,150.14,148.07,148.95,69576,148.95
2018-04-12,149.78,150.89,148.41,149.18,131806,149.18
2018-04-11,148.25,150.65,147.535,149.39,124927,149.39
2018-04-10,147.93,150.19,147.165,148.91,161757,148.91
2018-04-09,145.85,148.4,144.59,146.33,158729,146.33
2018-04-06,147.11,147.92,142.71,145.33,146048,145.33
2018-04-05,148.19,148.53,142.6577,148.21,136669,148.21
2018-04-04,144.85,151.86,144.6236,147.22,246346,147.22
2018-04-03,146,147.47,144.6,146.47,206566,146.47
2018-04-02,150.49,151.41,143.8,144.9,238317,144.9
2018-03-29,148.21,151.89,147.64,151.04,235693,151.04
2018-03-28,146.89,148.2,145.18,147.43,117030,147.43
2018-03-27,149.8,149.8,146,146.79,150958,146.79
2018-03-26,146.47,149.37,144.44,149.2,154061,149.2
2018-03-23,147.47,149.03,144.64,144.76,142458,144.76
2018-03-22,147.22,149.5,147.05,147.56,263215,147.56
2018-03-21,148.95,149.68,147.94,148.45,92267,148.45
2018-03-20,148.2,149.05,147.4201,148.68,127467,148.68
2018-03-19,147.6,148.5,146.33,147.98,145426,147.98
2018-03-16,146.73,148.87,146.73,148.18,324942,148.18
2018-03-15,146.86,147.85,146.17,146.54,109436,146.54
2018-03-14,146.89,147.49,145.53,146.82,110886,146.82
2018-03-13,146.99,148.26,145.88,146.56,117828,146.56
2018-03-12,146.31,147.32,145.32,146.69,153826,146.69
2018-03-09,144.21,147.05,144.21,146.36,139331,146.36
2018-03-08,144.48,146.339,142.15,143.94,171507,143.94
2018-03-07,144.28,147.05,142.2125,144.29,418422,144.29
2018-03-06,141.97,144.94,140.875,144.79,236774,144.79
2018-03-05,139.79,142.53,139.55,141.47,147470,141.47
2018-03-02,140.2,140.65,138.83,140.4,137203,140.4
2018-03-01,141.93,142.35,139.09,140.83,197942,140.83
2018-02-28,141.88,142.8,141.23,141.34,206202,141.34
2018-02-27,142.5,142.78,140.351,141.55,163142,141.55
2018-02-26,142.3,142.7,139.85,142.59,130599,142.59
2018-02-23,139.57,142.14,139.09,141.99,166253,141.99
2018-02-22,140.06,141.315,139.1,139.5,165373,139.5
2018-02-21,139.9,141.44,138.83,139.55,202604,139.55
2018-02-20,140.38,141.05,137.37,139.51,186584,139.51
2018-02-16,141.1,142.19,139.66,141.2,206443,141.2
2018-02-15,141.5,142.89,139.09,141.5,184510,141.5
2018-02-14,136.16,141.21,136.05,141.06,187599,141.06
2018-02-13,134.58,138.06,133.27,137,233878,137
2018-02-12,134.34,138.98,134.3,135.44,244641,135.44
2018-02-09,133.44,134.72,129.72,133.59,189986,133.59
2018-02-08,137.15,137.15,131.88,131.96,202591,131.96
2018-02-07,138.18,138.68,136.17,136.45,247364,136.45
2018-02-06,131.55,138.23,128.06,137.76,373866,137.76
2018-02-05,137.74,138.91,132.281,132.52,162398,132.52
2018-02-02,139.34,140.08,138.11,138.19,118143,138.19
2018-02-01,140.18,140.42,139.06,140.02,106400,140.02
2018-01-31,141.18,142.4,139.85,140.29,213180,140.29
2018-01-30,140.89,142.19,140.16,140.39,186177,140.39
2018-01-29,142.17,143.64,141.73,142.01,176779,142.01
2018-01-26,142.54,143.115,141.59,142.32,152371,142.32
2018-01-25,141.78,142.255,140.55,142.11,179990,142.11
2018-01-24,141.99,142.12,141.0435,141.36,182686,141.36
2018-01-23,141.34,142.23,140.5101,141.49,175934,141.49
2018-01-22,140.72,141.545,140.12,141,209125,141
2018-01-19,140.4,141.11,139.69,140.72,193657,140.72
2018-01-18,140.92,141.83,139.385,140.02,187674,140.02
2018-01-17,140.88,141.195,139.64,140.67,178213,140.67
2018-01-16,140.13,141.295,139.68,140.26,194204,140.26
2018-01-12,138.41,140.66,133.53,140.02,139484,140.02
2018-01-11,137.65,139.04,137.31,138.17,101984,138.17
2018-01-10,137.47,138.24,135.5,137.39,244378,137.39
2018-01-09,136.98,138.26,135.9,137.73,218904,137.73
2018-01-08,136.03,136.9,135.14,136.39,151313,136.39
2018-01-05,135.33,137.34,134.5,136.38,185908,136.38
2018-01-04,134.51,135.44,134.17,134.92,192610,134.92
2018-01-03,132,134.54,131.73,134.49,149811,134.49
2018-01-02,129.72,131.63,129.6,131.46,177771,131.46
2017-12-29,128.89,130.99,128.81,129.55,138979,129.55
2017-12-28,128.52,129.57,127.78,128.76,65094,128.76
2017-12-27,128.56,128.92,127.46,128.2,95518,128.2
2017-12-26,128.15,128.83,127.21,128.48,77687,128.48
2017-12-22,128.91,129.22,127.96,128.33,184860,128.33
2017-12-21,129.38,129.77,128.73,128.77,97409,128.77
2017-12-20,129.6,130.585,128.75,129.17,113145,129.17
2017-12-19,129.71,129.71,128.27,129.3,100288,129.3
2017-12-18,130.21,130.66,129.1,129.58,105420,129.58
2017-12-15,128.16,129.78,126.215,129.51,370907,129.51
2017-12-14,127.88,128.43,127.16,127.76,186613,127.76
2017-12-13,127.34,128.205,125.84,127.78,138451,127.78
2017-12-12,127.1,127.84,125.94,127.32,205383,127.32
2017-12-11,128.92,128.92,126.92,127,172682,127
2017-12-08,129.02,130.07,128.2,128.76,273076,128.76
2017-12-07,128.73,129.605,127.63,128.9,150315,128.9
2017-12-06,128.45,130.39,127.22,128.72,146825,128.72
2017-12-05,130.26,130.955,128.07,128.47,155097,128.47
2017-12-04,134,134,129.65,129.81,214525,129.81
2017-12-01,134.78,134.92,131.1,133.19,141699,133.19
2017-11-30,133.9,136.39,133.59,134.75,135719,134.75
2017-11-29,133.2,134.8899,130.011,133.61,162508,133.61
2017-11-28,132.72,134.42,132.52,133.12,130689,133.12
2017-11-27,131.72,133.14,131.11,132.47,146334,132.47
2017-11-24,132.55,132.88,131.3,131.71,189404,131.71
2017-11-22,132.17,132.87,131.21,132.43,172554,132.43
2017-11-21,130.21,132.79,130.21,132.12,199650,132.12
2017-11-20,129.34,130.2,127.14,130.03,127447,130.03
2017-11-17,128.19,129.63,127.31,129.22,115930,129.22
2017-11-16,126.23,128.62,125.27,128.61,134923,128.61
2017-11-15,125.39,126.36,124.11,125.92,180151,125.92
2017-11-14,124.04,125.7,123.42,125.22,161686,125.22
2017-11-13,123.92,124.79,121.265,124.34,153388,124.34
2017-11-10,124.44,125.62,122.75,124.24,118994,124.24
2017-11-09,126,129.03,123.21,124.7,120557,124.7
2017-11-08,126.36,128.105,124.96,126.72,182861,126.72
2017-11-07,128.5,129.515,126.17,126.21,183175,126.21
2017-11-06,129.47,129.925,128.09,128.46,85608,128.46
2017-11-03,128.18,129.41,126.88,129.29,138129,129.29
2017-11-02,128.7,130.31,127.33,128,145168,128
2017-11-01,132.48,132.57,127.74,128.4,214648,128.4
2017-10-31,125,131.51,121.85,131.02,409559,131.02
2017-10-30,125.7,126.35,123.31,123.62,167076,123.62
2017-10-27,125.05,126.485,124.23,125.95,121630,125.95
2017-10-26,124.36,125.25,123.96,125.05,186920,125.05
2017-10-25,124.02,125.88,122.91,124.44,255227,124.44
2017-10-24,124.18,124.67,123.18,123.94,77912,123.94
2017-10-23,124.4,124.82,123.77,123.88,86829,123.88
2017-10-20,123.88,124.595,123.31,124.25,96117,124.25
2017-10-19,123.12,123.55,122.685,123.46,104562,123.46
2017-10-18,123.45,123.71,122.41,123.13,93962,123.13
2017-10-17,122.57,123.94,122.57,123.34,102709,123.34
2017-10-16,122.05,125.405,121.88,122.54,122355,122.54
2017-10-13,124.19,124.82,121.59,121.65,123201,121.65
2017-10-12,123.43,124.94,123.17,123.93,127527,123.93
2017-10-11,122.41,123.59,121.67,123.44,117814,123.44
2017-10-10,121.61,122.41,121.3249,122.3,139066,122.3
2017-10-09,122.71,122.71,120.92,121.17,74654,121.17
2017-10-06,122.49,123.27,121.49,122.56,83166,122.56
2017-10-05,122.72,122.85,121.92,122.69,92761,122.69
2017-10-04,122.24,123.07,121.98,122.45,144078,122.45
2017-10-03,122.97,123.41,121.8,122.23,111133,122.23
2017-10-02,121.05,122.67,120.61,122.64,108863,122.64
2017-09-29,120.66,122.37,120.26,120.89,130034,120.89
2017-09-28,121.3,121.4,120.14,120.64,93611,120.64
2017-09-27,120.3,121.37,119.48,121.21,182273,121.21
2017-09-26,121.83,122.43,119.01,119.85,179882,119.85
2017-09-25,121.34,122.34,120.86,121.55,161083,121.55
2017-09-22,121.07,121.71,120.5,121.4,103707,121.4
2017-09-21,121.26,121.48,120.33,121.21,129398,121.21
2017-09-20,121.47,122.41,120.73,121.25,129163,121.25
2017-09-19,121.91,122.18,120.7,121.9,118334,121.9
2017-09-18,121.66,121.87,120.7,121.72,96363,121.72
2017-09-15,122.91,123.35,121.21,121.58,220731,121.58
2017-09-14,122.8,123.9,121.81,123.05,131035,123.05
2017-09-13,122.24,123.03,121.56,122.83,131346,122.83
2017-09-12,121.46,122.41,120.6,122.35,137198,122.35
2017-09-11,120.42,122.38,119.98,121.55,145492,121.55
2017-09-08,120.63,121.48,119.66,119.91,149056,119.91
2017-09-07,121.85,122.88,120.13,120.62,248158,120.62
2017-09-06,121.77,122.25,120.49,121.66,140906,121.66
2017-09-05,122.31,122.64,120.75,121.15,140130,121.15
2017-09-01,124,124,121.925,122.57,79447,122.57
2017-08-31,120.9,123.89,119.411,123.78,165647,123.78
2017-08-30,121.49,121.75,120.29,120.64,163801,120.64
2017-08-29,121.69,122,121.5,121.84,78900,121.84
2017-08-28,120.5,121.82,118.07,121.76,113688,121.76
2017-08-25,120,121.2,119.65,119.97,104314,119.97
2017-08-24,119.38,120.08,118.82,119.94,53389,119.94
2017-08-23,119.42,120.48,118.43,119.07,98434,119.07
2017-08-22,118.44,119.9,118,119.43,108110,119.43
2017-08-21,118.2,119.1,117.42,118.49,82310,118.49
2017-08-18,118.28,118.73,117.44,117.9,215526,117.9
2017-08-17,118.26,119.14,117.69,117.96,109539,117.96
2017-08-16,117.25,118.82,117.025,118.3,104195,118.3
2017-08-15,117.3,118.15,116.79,117.03,90983,117.03
2017-08-14,118.56,119.77,116.11,117.47,100695,117.47
2017-08-11,116.94,118.47,116.79,117.54,135741,117.54
2017-08-10,113.88,117.985,113.29,116.75,281385,116.75
2017-08-09,113.78,114.65,113.024,114.44,259881,114.44
2017-08-08,118.02,121.94,112.33,113.59,395818,113.59
2017-08-07,115,117.06,114.92,116.23,146798,116.23
2017-08-04,114.95,115.49,114.23,115.34,151438,115.34
2017-08-03,115.65,117.26,114.635,115.4,215454,115.4
2017-08-02,116.31,116.7,115.03,115.42,179764,115.42
2017-08-01,116.36,116.5,114.76,115.78,190852,115.78
2017-07-31,116.72,117.36,115.53,115.91,136353,115.91
2017-07-28,116.31,116.77,115.135,116.5,59641,116.5
2017-07-27,117.61,117.61,115.72,116.33,81429,116.33
2017-07-26,118.12,118.46,116.91,117.23,102938,117.23
2017-07-25,118.73,118.73,116.5,118.21,195073,118.21
2017-07-24,118.22,118.79,117.55,118.13,233154,118.13
2017-07-21,116.95,118.79,116.4694,117.98,125305,117.98
2017-07-20,117.36,118.16,115.55,116.93,78928,116.93
2017-07-19,117.78,118.4,116.78,116.95,144739,116.95
2017-07-18,116.1,117.65,116.045,117.24,203150,117.24
2017-07-17,115.75,116.59,114.62,116.08,138611,116.08
2017-07-14,115.82,116.275,115.12,115.25,88413,115.25
2017-07-13,115.69,116.07,114.21,115.66,107178,115.66
2017-07-12,117.48,117.71,116.06,116.27,132749,116.27
2017-07-11,116.4,117.29,115.91,116.89,132678,116.89
2017-07-10,117.61,117.61,115.54,116.4,114732,116.4
2017-07-07,116.35,118,116.35,117.68,101548,117.68
2017-07-06,115.68,117.325,115.38,116.02,200657,116.02
2017-07-05,116.86,117.85,115.26,116.25,214576,116.25
2017-07-03,118.13,119.555,116.66,116.87,111934,116.87
2017-06-30,117.71,118.26,117.23,117.5,110812,117.5
2017-06-29,118.81,119.98,116.36,117.32,130486,117.32
2017-06-28,118.19,119.22,116.99,118.76,168556,118.76
2017-06-27,118,118.755,117.2,117.59,266742,117.59
2017-06-26,117.73,118.65,116.94,118.02,201833,118.02
2017-06-23,116.25,117.8,113.91,117.5,305741,117.5
2017-06-22,114.09,116.55,113.34,116.3,192694,116.3
2017-06-21,113.26,114.08,109.96,113.96,222081,113.96
2017-06-20,112.81,114.39,112.17,112.89,178086,112.89
2017-06-19,112.09,113.22,111.17,112.92,163848,112.92
2017-06-16,110.8,111.92,109.12,111.63,286102,111.63
2017-06-15,111.14,111.3729,110.14,110.79,115819,110.79
2017-06-14,111.86,113.24,111.21,112.16,235269,112.16
2017-06-13,111.67,112.29,111.01,111.36,138566,111.36
2017-06-12,112.31,112.755,110.43,111.41,140529,111.41
2017-06-09,113.79,114.79,111.46,112.29,174934,112.29
2017-06-08,113.88,115.36,112.9,113.66,111466,113.66
2017-06-07,113.91,114.5651,113.26,113.86,89455,113.86
2017-06-06,114.2,114.57,113.47,113.92,81688,113.92
2017-06-05,115.52,115.57,113.97,114.43,79321,114.43
2017-06-02,113.41,115.83,112.84,115.52,148954,115.52
2017-06-01,112.34,113.35,111.115,113.24,169892,113.24
2017-05-31,111.95,112.54,110.45,112.08,211177,112.08
2017-05-30,111.19,112.42,111.1225,111.47,111311,111.47
2017-05-26,111.36,113.785,110.89,111.4,115242,111.4
2017-05-25,111.41,111.84,110.49,111.2,93388,111.2
2017-05-24,110.89,111.2,109.63,111.06,109446,111.06
2017-05-23,110.54,111.24,109.78,110.84,127468,110.84
2017-05-22,110.07,110.48,108.73,110.34,132185,110.34
2017-05-19,109.2,110.14,107.55,109.95,113793,109.95
2017-05-18,109.49,110.4,107.77,109.02,156870,109.02
2017-05-17,110.06,112.605,109.53,109.59,129565,109.59
2017-05-16,111.11,111.63,110.61,111.43,152573,111.43
2017-05-15,110.97,111.46,110.615,111.11,152670,111.11
2017-05-12,110.489998,110.839996,109.459999,110.400002,149600,110.400002
2017-05-11,110.849998,110.919998,109.75,110.540001,88400,110.540001
2017-05-10,110.400002,111.879997,110.160004,111.150002,159800,111.150002
2017-05-09,110.139999,111.239998,109.870003,110.550003,183400,110.550003
2017-05-08,110.629997,111.730003,109.910004,110.239998,172500,110.239998
2017-05-05,110.989998,110.989998,107.650002,110.830002,204700,110.830002
2017-05-04,110.160004,111.919998,109.800003,110.860001,278700,110.860001
2017-05-03,111.620003,112.110001,109.529999,109.769997,292200,109.769997
2017-05-02,107.82,111.760002,107.82,111.120003,451700,111.120003
2017-05-01,107.510002,108.139999,106.800003,107.580002,242500,107.580002
2017-04-28,106.690002,107.529999,105.82,107.080002,212300,107.080002
2017-04-27,105.889999,107.519997,105.889999,106.620003,154700,106.620003
2017-04-26,104.730003,106.239998,104.279999,105.760002,148100,105.760002
2017-04-25,103.610001,105.050003,99.970001,104.370003,119100,104.370003
2017-04-24,102.970001,103.82,101.849998,103.139999,98000,103.139999
2017-04-21,102.769997,102.839996,101.470001,101.760002,123200,101.760002
2017-04-20,102.00,103.050003,101.010002,102.550003,86200,102.550003
2017-04-19,101.400002,102.370003,101.260002,101.889999,109000,101.889999
2017-04-18,100.82,101.389999,100.25,101.279999,109500,101.279999
2017-04-17,100.199997,101.25,99.989998,101.169998,83300,101.169998
2017-04-13,99.790001,100.089996,98.349998,99.849998,119100,99.849998
2017-04-12,100.529999,101.449997,99.650002,99.870003,189600,99.870003
2017-04-11,99.989998,100.629997,99.669998,100.419998,178600,100.419998
2017-04-10,100.559998,101.669998,100.07,100.099998,128600,100.099998
2017-04-07,100.370003,101.169998,99.790001,100.709999,93200,100.709999
2017-04-06,98.220001,100.760002,98.220001,100.739998,187200,100.739998
2017-04-05,100.790001,100.949997,99.010002,99.279999,227700,99.279999
2017-04-04,100.809998,101.400002,99.839996,100.330002,165400,100.330002
2017-04-03,101.879997,101.879997,100.610001,100.870003,189900,100.870003
2017-03-31,101.129997,102.089996,100.339996,101.650002,185200,101.650002
2017-03-30,99.980003,101.269997,99.559998,101.040001,204800,101.040001
2017-03-29,99.889999,100.339996,99.110001,99.959999,247600,99.959999
2017-03-28,100.809998,101.129997,99.650002,100.010002,265500,100.010002
2017-03-27,98.82,101.139999,98.540001,101.019997,277800,101.019997
2017-03-24,103.580002,104.330002,103.389999,103.82,201200,103.82
2017-03-23,102.459999,103.82,102.169998,103.50,208400,103.50
2017-03-22,102.169998,102.959999,101.839996,102.550003,117100,102.550003
2017-03-21,104.160004,104.790001,101.919998,102.290001,174700,102.290001
2017-03-20,104.720001,104.720001,103.43,103.970001,159700,103.970001
2017-03-17,105.080002,105.43,104.610001,104.809998,348800,104.809998
2017-03-16,107.360001,107.360001,103.989998,104.510002,263600,104.510002
2017-03-15,107.169998,108.220001,106.169998,107.50,423500,107.50
2017-03-14,106.919998,107.779999,106.610001,106.830002,105800,106.830002
2017-03-13,107.940002,107.940002,106.949997,107.239998,68900,107.239998
2017-03-10,107.68,108.349998,107.269997,108.080002,133100,108.080002
2017-03-09,106.690002,107.650002,106.470001,107.139999,96000,107.139999
2017-03-08,106.940002,107.379997,106.43,106.940002,108700,106.940002
2017-03-07,107.110001,107.220001,106.019997,106.699997,133200,106.699997
2017-03-06,107.110001,107.949997,106.419998,107.080002,145900,107.080002
2017-03-03,106.910004,107.510002,106.639999,107.300003,99300,107.300003
2017-03-02,108.150002,108.150002,106.589996,106.75,100200,106.75
2017-03-01,107.309998,108.580002,105.970001,108.199997,234400,108.199997
2017-02-28,107.260002,107.279999,106.239998,106.32,177300,106.32
2017-02-27,106.510002,107.559998,106.309998,107.440002,144600,107.440002
2017-02-24,105.669998,106.690002,105.400002,106.589996,135200,106.589996
2017-02-23,106.050003,106.419998,104.910004,106.339996,225100,106.339996
2017-02-22,105.230003,106.269997,105.00,105.709999,192200,105.709999
2017-02-21,105.440002,105.779999,103.809998,105.410004,215700,105.410004
2017-02-17,104.339996,105.559998,104.300003,105.239998,194700,105.239998
2017-02-16,105.489998,105.489998,103.57,105.010002,161300,105.010002
2017-02-15,104.190002,105.220001,103.57,105.199997,166500,105.199997
2017-02-14,103.669998,104.879997,102.980003,104.519997,223900,104.199999
2017-02-13,103.599998,104.449997,103.139999,103.910004,264600,103.591874
2017-02-10,104.029999,104.029999,101.839996,103.25,339000,102.933891
2017-02-09,101.00,103.809998,101.00,103.550003,363800,103.232975
2017-02-08,100.589996,100.800003,98.730003,99.860001,335000,99.55427
2017-02-07,95.68,102.589996,95.68,101.18,576900,100.870228
2017-02-06,102.199997,102.349998,100.010002,100.900002,218900,100.591087
2017-02-03,101.919998,103.010002,101.089996,102.800003,217000,102.485271
2017-02-02,101.839996,102.059998,100.720001,101.580002,243900,101.269005
2017-02-01,102.260002,102.739998,101.75,102.160004,183600,101.847231
2017-01-31,98.900002,102.010002,98.900002,101.75,174700,101.438483
2017-01-30,99.550003,99.849998,98.739998,99.120003,233800,98.816538
2017-01-27,98.860001,100.019997,98.779999,99.860001,115800,99.55427
2017-01-26,98.900002,99.43,98.150002,98.919998,165400,98.617145
2017-01-25,98.650002,99.669998,97.889999,98.970001,180900,98.666995
2017-01-24,97.809998,98.849998,96.889999,97.949997,184400,97.650114
2017-01-23,98.080002,98.900002,97.339996,97.900002,190900,97.600272
2017-01-20,98.309998,98.75,97.75,98.019997,257100,97.719899
2017-01-19,98.779999,99.790001,97.610001,98.00,250700,97.699964
2017-01-18,100.050003,100.260002,98.68,99.00,312000,98.696902
2017-01-17,101.300003,101.300003,98.870003,99.059998,192400,98.756716
2017-01-13,102.339996,103.199997,101.339996,101.389999,126800,101.079585
2017-01-12,101.360001,102.32,100.559998,102.010002,108200,101.697689
2017-01-11,104.370003,104.699997,100.589996,101.660004,141600,101.348762
2017-01-10,103.480003,104.900002,102.870003,104.010002,340500,103.691566
2017-01-09,103.349998,103.790001,102.489998,103.239998,165100,102.923919
2017-01-06,103.089996,105.279999,103.059998,103.720001,167100,103.402453
2017-01-05,104.669998,105.529999,103.00,103.169998,144400,102.854134
2017-01-04,102.989998,106.029999,102.690002,104.980003,244000,104.658597
2017-01-03,103.260002,104.68,102.099998,102.610001,210900,102.295851
2016-12-30,103.860001,103.940002,102.379997,102.830002,84300,102.515178
2016-12-29,103.07,104.510002,102.809998,103.459999,104600,103.143247
2016-12-28,103.739998,104.139999,102.879997,103.309998,106400,102.993704
2016-12-27,102.889999,104.720001,102.699997,104.040001,99600,103.721473
2016-12-23,102.040001,103.519997,102.040001,103.220001,82900,102.903984
2016-12-22,102.620003,102.889999,101.709999,102.25,105100,101.936952
2016-12-21,104.779999,104.779999,102.309998,102.529999,97700,102.216094
2016-12-20,104.800003,105.169998,103.690002,104.709999,83700,104.38942
2016-12-19,104.379997,106.010002,103.650002,104.230003,76000,103.910894
2016-12-16,105.120003,106.849998,104.010002,104.830002,304400,104.509055
2016-12-15,105.589996,105.599998,103.870003,105.339996,90700,105.017488
2016-12-14,105.150002,105.669998,104.07,105.080002,121100,104.75829
2016-12-13,105.50,105.970001,104.440002,105.389999,162000,105.067338
2016-12-12,107.309998,107.50,104.68,105.099998,335800,104.778225
2016-12-09,108.080002,109.360001,107.339996,107.50,172500,107.170879
2016-12-08,106.839996,108.220001,105.440002,108.040001,142800,107.709226
2016-12-07,107.690002,107.75,105.300003,106.589996,210200,106.263661
2016-12-06,106.269997,108.339996,105.260002,108.25,138300,107.918583
2016-12-05,106.150002,108.029999,105.739998,106.360001,130700,106.03437
2016-12-02,106.120003,106.290001,104.68,105.400002,144900,105.07731
2016-12-01,106.07,106.260002,104.370003,105.870003,265200,105.545872
2016-11-30,107.389999,107.389999,105.07,105.360001,130900,105.037431
2016-11-29,106.059998,108.550003,105.410004,106.879997,121500,106.552774
2016-11-28,107.330002,107.739998,105.160004,105.959999,128300,105.635593
2016-11-25,106.739998,107.940002,106.449997,107.139999,79300,106.81198
2016-11-23,104.639999,106.449997,103.139999,106.279999,87900,105.954613
2016-11-22,105.07,105.980003,104.089996,105.269997,106000,104.947703
2016-11-21,105.300003,105.300003,103.470001,104.620003,120600,104.299699
2016-11-18,105.360001,106.209999,103.809998,104.779999,81800,104.459205
2016-11-17,105.059998,106.32,104.610001,105.440002,84000,105.117188
2016-11-16,105.93,106.040001,104.099998,105.07,96700,104.748318
2016-11-15,106.779999,107.529999,105.849998,106.120003,132500,105.795107
2016-11-14,107.080002,107.57,105.550003,106.550003,161700,106.22379
2016-11-11,104.779999,107.110001,103.980003,106.489998,230500,106.163969
2016-11-10,106.040001,107.690002,104.019997,105.309998,256700,104.987581
2016-11-09,101.290001,106.099998,101.290001,103.82,235800,103.502145
2016-11-08,100.699997,101.57,99.870003,100.75,141000,100.12252
2016-11-07,100.230003,101.040001,99.940002,100.790001,176800,100.162272
2016-11-04,99.540001,100.330002,98.919998,99.440002,168100,98.820681
2016-11-03,103.279999,103.279999,99.080002,99.279999,125700,98.661674
2016-11-02,100.940002,101.68,100.199997,100.279999,176500,99.655446
2016-11-01,104.389999,104.389999,100.099998,101.330002,330800,100.69891
2016-10-31,101.050003,105.980003,100.470001,103.989998,380200,103.342339
2016-10-28,101.059998,102.900002,100.230003,101.019997,115300,100.390835
2016-10-27,101.980003,102.169998,100.699997,101.190002,89400,100.559782
2016-10-26,102.769997,105.089996,101.010002,101.50,124200,100.867849
2016-10-25,105.540001,105.540001,102.690002,102.839996,109500,102.1995
2016-10-24,104.849998,106.099998,104.849998,105.519997,50000,104.862809
2016-10-21,105.910004,105.910004,104.410004,104.940002,97200,104.286427
2016-10-20,104.449997,106.419998,104.449997,105.940002,105300,105.280199
2016-10-19,105.199997,105.199997,104.290001,104.720001,107200,104.067796
2016-10-18,105.970001,106.489998,104.639999,105.220001,92400,104.564682
2016-10-17,106.110001,106.110001,105.010002,105.089996,95600,104.435486
2016-10-14,106.160004,106.57,105.580002,105.699997,109200,105.041688
2016-10-13,104.279999,105.989998,104.029999,105.699997,122900,105.041688
2016-10-12,106.989998,107.330002,104.760002,105.169998,151000,104.51499
2016-10-11,110.269997,110.269997,105.139999,106.709999,305700,106.0454
2016-10-10,111.57,112.199997,110.849998,110.989998,114800,110.298742
2016-10-07,111.379997,111.639999,110.660004,110.959999,228800,110.26893
2016-10-06,111.00,111.559998,110.129997,111.169998,180600,110.477621
2016-10-05,110.870003,111.879997,110.370003,110.889999,377600,110.199367
2016-10-04,109.720001,111.120003,109.059998,110.360001,217900,109.672669
2016-10-03,109.370003,110.339996,109.00,109.660004,267800,108.977031
2016-09-30,108.419998,110.169998,107.709999,109.50,160000,108.818024
2016-09-29,108.449997,110.339996,108.169998,108.260002,204400,107.585749
2016-09-28,109.239998,109.239998,107.760002,108.709999,127500,108.032943
2016-09-27,108.07,110.199997,108.040001,109.370003,189900,108.688837
2016-09-26,107.669998,109.989998,107.620003,108.25,142200,107.575809
2016-09-23,109.050003,109.239998,107.93,108.339996,157800,107.665245
2016-09-22,107.760002,109.660004,107.370003,109.510002,157800,108.827964
2016-09-21,108.959999,109.260002,106.419998,107.489998,255600,106.820541
2016-09-20,109.620003,110.00,108.410004,108.629997,174600,107.95344
2016-09-19,108.040001,109.989998,107.760002,109.339996,196800,108.659017
2016-09-16,108.959999,109.589996,107.459999,107.480003,261200,106.810608
2016-09-15,107.059998,110.07,106.550003,109.690002,212300,109.006843
2016-09-14,105.660004,107.110001,105.260002,107.010002,204800,106.343534
2016-09-13,106.870003,106.870003,104.769997,105.580002,147700,104.92244
2016-09-12,105.550003,108.019997,105.550003,107.879997,167500,107.208111
2016-09-09,109.669998,110.50,106.089996,106.120003,198200,105.459078
2016-09-08,110.120003,111.059998,108.730003,110.519997,233700,109.831668
2016-09-07,107.099998,110.160004,106.910004,109.900002,240300,109.215534
2016-09-06,106.879997,107.849998,104.00,107.300003,135700,106.631729
2016-09-02,107.00,107.440002,106.650002,106.879997,166200,106.214339
2016-09-01,105.160004,107.519997,105.160004,106.529999,229300,105.86652
2016-08-31,104.120003,105.809998,104.120003,105.349998,170200,104.693869
2016-08-30,105.489998,106.419998,104.220001,104.50,159800,103.849165
2016-08-29,106.050003,106.75,105.059998,106.029999,125900,105.369634
2016-08-26,105.07,106.239998,104.889999,105.68,93900,105.021816
2016-08-25,104.300003,106.00,103.989998,105.089996,146400,104.435486
2016-08-24,106.610001,107.339996,104.449997,104.940002,155000,103.968421
2016-08-23,106.779999,107.690002,106.559998,106.629997,132600,105.642769
2016-08-22,106.860001,107.699997,105.480003,107.190002,157400,106.197589
2016-08-19,106.379997,107.480003,105.699997,107.150002,159700,106.157959
2016-08-18,111.82,111.82,106.339996,106.589996,236100,105.603138
2016-08-17,109.220001,114.230003,108.290001,112.150002,277500,111.111666
2016-08-16,111.089996,111.309998,110.169998,110.330002,177600,109.308517
2016-08-15,111.129997,112.040001,111.120003,111.459999,76600,110.428052
2016-08-12,111.540001,111.540001,109.739998,110.889999,74200,109.86333
2016-08-11,111.309998,111.82,104.239998,111.620003,76100,110.586575
2016-08-10,111.330002,111.720001,110.07,111.040001,112400,110.011943
2016-08-09,111.400002,111.989998,107.120003,111.260002,79300,110.229907
2016-08-08,112.410004,112.410004,111.239998,111.580002,104800,110.546944
2016-08-05,112.699997,113.540001,111.959999,112.620003,128300,111.577316
2016-08-04,113.019997,113.400002,111.970001,112.470001,102100,111.428703
2016-08-03,112.410004,113.010002,112.040001,112.650002,201000,111.607037
2016-08-02,113.889999,113.910004,111.989998,112.699997,180700,111.65657
2016-08-01,112.889999,114.25,112.059998,113.779999,189200,112.726572
2016-07-29,110.580002,113.089996,110.110001,112.419998,220700,111.379163
2016-07-28,110.559998,111.190002,110.25,110.779999,142100,109.754348
2016-07-27,110.269997,111.239998,109.269997,110.709999,228300,109.684996
2016-07-26,110.239998,111.00,110.07,110.389999,171300,109.367959
2016-07-25,111.00,111.199997,110.25,110.419998,92700,109.39768
2016-07-22,111.209999,111.32,110.540001,110.75,129800,109.724627
2016-07-21,111.760002,112.089996,110.279999,110.889999,125500,109.86333
2016-07-20,111.00,112.239998,110.889999,111.480003,125800,110.447871
2016-07-19,111.230003,112.040001,110.699997,110.879997,127000,109.85342
2016-07-18,111.269997,112.040001,110.93,111.639999,178200,110.606386
2016-07-15,111.839996,113.00,110.510002,110.919998,263900,109.893051
2016-07-14,114.50,114.50,111.720001,111.879997,261100,110.844162
2016-07-13,114.629997,115.269997,113.919998,114.330002,157800,113.271483
2016-07-12,115.169998,115.82,114.099998,114.629997,149800,113.568701
2016-07-11,115.660004,115.940002,114.010002,114.419998,161200,113.360646
2016-07-08,115.720001,117.419998,114.43,115.169998,209800,114.103703
2016-07-07,113.830002,115.379997,112.919998,115.169998,278200,114.103703
2016-07-06,112.800003,114.339996,112.059998,112.949997,286800,111.904255
2016-07-05,112.050003,113.389999,112.050003,112.459999,229000,111.418794
2016-07-01,112.730003,113.959999,111.709999,112.239998,166400,111.20083
2016-06-30,109.330002,112.879997,108.50,112.769997,310700,111.725921
2016-06-29,110.129997,110.129997,108.410004,108.980003,469500,107.971018
2016-06-28,108.150002,110.019997,107.760002,109.129997,160600,108.119623
2016-06-27,110.610001,110.900002,107.529999,107.68,223900,106.683051
2016-06-24,110.209999,111.860001,109.260002,111.459999,735600,110.428052
2016-06-23,111.949997,112.860001,110.82,112.739998,175300,111.6962
2016-06-22,111.330002,111.980003,110.839996,111.190002,200000,110.160555
2016-06-21,110.699997,112.150002,110.349998,110.800003,162300,109.774167
2016-06-20,111.669998,111.839996,110.730003,110.949997,192900,109.922772
2016-06-17,112.50,113.790001,109.669998,110.139999,320600,109.120274
2016-06-16,112.309998,112.940002,111.50,112.739998,97800,111.6962
2016-06-15,112.440002,113.300003,111.82,112.639999,162200,111.597128
2016-06-14,111.989998,112.589996,111.610001,112.519997,195700,111.478236
2016-06-13,112.489998,113.470001,112.050003,112.339996,150100,111.299902
2016-06-10,113.120003,113.989998,112.650002,113.080002,137700,112.033056
2016-06-09,113.480003,114.620003,112.970001,113.82,133800,112.766203
2016-06-08,113.139999,114.349998,112.279999,114.18,161700,113.122871
2016-06-07,112.099998,113.360001,109.699997,112.919998,215800,111.874534
2016-06-06,110.440002,112.379997,108.209999,112.110001,146600,111.072036
2016-06-03,111.459999,111.459999,109.580002,110.610001,171100,109.585924
2016-06-02,111.449997,112.809998,111.209999,111.699997,208000,110.665828
2016-06-01,109.300003,112.209999,109.019997,111.360001,254100,110.32898
2016-05-31,109.970001,110.839996,109.120003,109.879997,210300,108.862679
2016-05-27,106.93,109.93,106.440002,109.610001,242800,108.595182
2016-05-26,106.989998,108.010002,106.330002,107.160004,155500,106.167868
2016-05-25,106.830002,108.18,105.959999,107.099998,151300,106.108419
2016-05-24,105.629997,106.889999,104.68,106.809998,225900,105.821103
2016-05-23,104.650002,105.559998,103.559998,105.099998,174100,104.126935
2016-05-20,103.610001,104.739998,103.040001,104.419998,172900,103.453231
2016-05-19,102.18,103.709999,101.220001,103.00,173800,102.04638
2016-05-18,101.919998,103.860001,100.279999,102.610001,175400,101.659991
2016-05-17,103.169998,103.949997,102.040001,102.510002,156800,101.560919
2016-05-16,102.230003,103.580002,100.93,103.099998,195700,102.145452
2016-05-13,100.82,102.440002,100.410004,101.900002,165200,100.956566
2016-05-12,101.209999,101.720001,99.589996,101.18,208800,100.24323
2016-05-11,101.370003,102.989998,100.889999,101.290001,186500,100.352213
2016-05-10,102.160004,102.940002,100.730003,101.949997,180000,100.689065
2016-05-09,100.639999,102.860001,99.760002,101.849998,166100,100.590303
2016-05-06,100.150002,101.059998,99.279999,100.910004,167800,99.661934
2016-05-05,100.379997,102.139999,99.650002,100.400002,181500,99.15824
2016-05-04,101.099998,101.589996,98.839996,99.940002,331900,98.70393
2016-05-03,95.010002,103.860001,95.010002,100.550003,597400,99.306386
2016-05-02,93.110001,94.68,91.519997,93.300003,210500,92.146055
2016-04-29,92.25,93.449997,91.449997,93.18,247000,92.027537
2016-04-28,93.639999,94.68,92.150002,92.559998,131900,91.415202
2016-04-27,93.449997,94.440002,92.839996,93.989998,121300,92.827516
2016-04-26,93.110001,93.839996,91.739998,93.690002,173300,92.531231
2016-04-25,94.480003,94.580002,92.470001,93.089996,218000,91.938646
2016-04-22,93.82,95.040001,92.940002,94.82,211300,93.647252
2016-04-21,92.809998,94.230003,92.540001,93.919998,217100,92.758382
2016-04-20,92.559998,93.410004,91.669998,92.580002,254900,91.434959
2016-04-19,93.870003,94.970001,92.339996,92.650002,201300,91.504093
2016-04-18,92.839996,94.279999,92.339996,93.970001,199300,92.807767
2016-04-15,91.959999,93.260002,91.519997,92.93,269900,91.780629
2016-04-14,92.760002,92.760002,91.730003,91.839996,221000,90.704106
2016-04-13,92.669998,93.470001,91.699997,92.639999,470100,91.494215
2016-04-12,92.00,92.449997,91.550003,91.980003,309500,90.842382
2016-04-11,93.68,94.849998,91.919998,92.040001,187600,90.901637
2016-04-08,94.379997,94.379997,92.459999,93.080002,159000,91.928775
2016-04-07,94.330002,95.480003,93.650002,93.870003,187000,92.709005
2016-04-06,92.480003,95.25,92.410004,94.809998,269900,93.637374
2016-04-05,93.300003,94.389999,92.059998,92.150002,411200,91.010277
2016-04-04,95.290001,95.809998,94.190002,94.650002,317200,93.479357
2016-04-01,93.900002,95.879997,93.510002,95.50,307400,94.318842
2016-03-31,95.82,96.32,93.839996,94.519997,274200,93.35096
2016-03-30,94.57,95.910004,94.040001,95.559998,170500,94.378098
2016-03-29,92.720001,94.089996,92.419998,93.989998,281100,92.827516
2016-03-28,93.970001,94.489998,92.290001,92.980003,158700,91.830013
2016-03-24,92.370003,93.949997,92.370003,93.870003,130800,92.709005
2016-03-23,94.559998,94.779999,92.650002,92.809998,163800,91.66211
2016-03-22,94.709999,95.779999,94.029999,94.82,158400,93.647252
2016-03-21,94.470001,95.769997,94.050003,94.790001,189500,93.617625
2016-03-18,92.959999,96.019997,92.720001,94.730003,321900,93.558369
2016-03-17,93.32,96.830002,91.169998,93.419998,229200,92.264566
2016-03-16,91.699997,93.449997,91.699997,93.410004,205400,92.254695
2016-03-15,93.779999,94.330002,91.470001,92.099998,195200,90.960893
2016-03-14,94.129997,95.00,93.879997,94.279999,212500,93.11393
2016-03-11,93.029999,94.470001,92.589996,94.239998,175600,93.074424
2016-03-10,92.839996,94.050003,91.910004,92.32,222000,91.178173
2016-03-09,92.589996,92.599998,90.739998,92.32,207300,91.178173
2016-03-08,92.75,93.139999,91.959999,92.260002,201900,91.118917
2016-03-07,91.949997,93.809998,91.860001,93.269997,217300,92.11642
2016-03-04,91.300003,95.099998,90.580002,92.57,232300,91.425081
2016-03-03,90.129997,91.470001,90.129997,91.00,186500,89.874499
2016-03-02,89.599998,93.519997,87.660004,90.449997,226600,89.331298
2016-03-01,86.18,90.00,85.339996,89.989998,276400,88.876989
2016-02-29,86.769997,88.120003,85.720001,85.839996,201200,84.778315
2016-02-26,87.540001,88.849998,86.50,86.949997,117300,85.874587
2016-02-25,86.889999,87.790001,86.470001,87.050003,127700,85.973356
2016-02-24,85.870003,89.970001,84.660004,86.800003,183000,85.726448
2016-02-23,88.25,89.290001,86.410004,86.550003,191400,85.47954
2016-02-22,89.330002,89.43,86.970001,88.470001,193900,87.375792
2016-02-19,86.629997,88.900002,86.110001,88.43,233200,87.336285
2016-02-18,87.839996,88.459999,86.589996,87.129997,225600,86.052361
2016-02-17,87.879997,88.459999,86.610001,87.769997,162700,86.684445
2016-02-16,85.540001,87.949997,84.00,87.459999,177400,86.378281
2016-02-12,84.550003,89.050003,83.099998,84.580002,153700,83.533904
2016-02-11,83.580002,90.18,82.00,83.379997,223600,82.348742
2016-02-10,85.07,89.940002,83.879997,84.900002,160100,83.849946
2016-02-09,84.00,86.400002,83.489998,84.690002,281900,83.326499
2016-02-08,86.550003,87.199997,84.220001,84.980003,326700,83.611831
2016-02-05,84.419998,87.57,82.800003,87.529999,880200,86.120772
2016-02-04,85.290001,86.809998,84.059998,84.800003,349800,83.434729
2016-02-03,87.120003,87.199997,83.599998,85.830002,490700,84.448145
2016-02-02,89.75,90.760002,85.059998,86.25,658600,84.861381
2016-02-01,82.050003,86.82,81.010002,81.809998,339400,80.492862
2016-01-29,81.199997,82.790001,80.940002,82.690002,300900,81.358699
2016-01-28,84.010002,84.010002,80.459999,81.220001,216300,79.912365
2016-01-27,83.849998,85.279999,82.940002,83.330002,156400,81.988395
2016-01-26,82.620003,84.190002,81.709999,84.010002,175300,82.657447
2016-01-25,84.800003,85.50,82.349998,82.690002,268800,81.358699
2016-01-22,83.50,86.080002,82.860001,85.870003,256400,84.487502
2016-01-21,81.660004,83.970001,81.32,82.650002,225700,81.319342
2016-01-20,81.099998,83.550003,79.949997,82.389999,221900,81.063526
2016-01-19,83.260002,83.75,81.489998,82.150002,284400,80.827392
2016-01-15,81.93,83.900002,81.209999,83.32,492000,81.978554
2016-01-14,82.93,84.980003,81.790001,83.529999,164300,82.185172
2016-01-13,85.419998,85.790001,82.220001,82.419998,241000,81.093042
2016-01-12,84.82,85.910004,83.769997,85.239998,188500,83.86764
2016-01-11,86.089996,86.089996,83.279999,84.260002,232200,82.903422
2016-01-08,87.629997,87.629997,85.209999,85.760002,264600,84.379272
2016-01-07,86.57,87.550003,85.769997,87.150002,284700,85.746893
2016-01-06,86.879997,87.82,86.290001,87.699997,631600,86.288033
2016-01-05,88.300003,88.949997,87.00,87.970001,269000,86.55369
2016-01-04,89.07,89.07,86.470001,88.230003,373900,86.809506
2015-12-31,90.839996,91.32,89.989998,90.00,215400,88.551006
2015-12-30,91.830002,92.669998,90.830002,91.209999,160100,89.741525
2015-12-29,92.199997,93.889999,91.440002,91.849998,193100,90.37122
2015-12-28,91.050003,92.449997,90.120003,91.639999,157900,90.164602
2015-12-24,89.599998,91.510002,89.599998,91.209999,105500,89.741525
2015-12-23,89.510002,90.32,87.849998,89.879997,142600,88.432936
2015-12-22,88.040001,89.099998,86.889999,89.019997,128200,87.586781
2015-12-21,88.449997,89.330002,87.029999,87.879997,174200,86.465135
2015-12-18,89.760002,89.879997,87.82,88.139999,523600,86.720952
2015-12-17,90.330002,91.199997,89.470001,89.620003,153600,88.177127
2015-12-16,89.339996,90.760002,87.360001,90.620003,106900,89.161027
2015-12-15,89.650002,90.029999,88.290001,89.019997,201500,87.586781
2015-12-14,88.089996,89.940002,87.980003,89.07,150400,87.635979
2015-12-11,89.790001,89.790001,88.019997,88.190002,137800,86.77015
2015-12-10,90.540001,92.980003,89.620003,90.459999,116900,89.003599
2015-12-09,91.540001,92.139999,90.059998,90.400002,134800,88.944568
2015-12-08,91.080002,92.529999,89.669998,91.940002,138900,90.459775
2015-12-07,91.889999,92.190002,90.82,91.82,185400,90.341704
2015-12-04,91.760002,93.00,90.800003,92.139999,152100,90.656552
2015-12-03,92.120003,92.290001,91.150002,91.639999,237200,90.164602
2015-12-02,91.629997,92.370003,91.150002,92.010002,211400,90.528648
2015-12-01,91.410004,92.830002,90.75,91.50,178300,90.026856
2015-11-30,92.690002,93.050003,90.75,91.209999,153800,89.741525
2015-11-27,91.370003,92.769997,91.370003,92.629997,66000,91.138661
2015-11-25,90.559998,91.870003,89.449997,91.410004,174400,89.938309
2015-11-24,90.529999,91.559998,89.260002,90.400002,349400,88.944568
2015-11-23,90.07,91.93,89.040001,91.309998,167100,89.839913
2015-11-20,90.489998,91.07,89.800003,90.019997,121500,88.570681
2015-11-19,91.529999,92.50,89.510002,90.139999,142300,88.688752
2015-11-18,88.370003,91.93,88.059998,91.690002,275000,90.2138
2015-11-17,87.839996,88.809998,87.300003,88.139999,130800,86.720952
2015-11-16,86.639999,88.040001,86.639999,87.699997,189600,86.288033
2015-11-13,86.860001,88.190002,86.309998,87.00,196300,85.599306
2015-11-12,88.50,89.410004,86.970001,87.080002,176700,85.67802
2015-11-11,90.889999,90.889999,88.989998,89.080002,220500,87.64582
2015-11-10,88.029999,90.550003,88.029999,90.510002,152900,89.052797
2015-11-09,89.190002,89.559998,87.970001,88.800003,173200,87.055482
2015-11-06,88.68,89.68,88.00,89.599998,158700,87.839761
2015-11-05,89.029999,89.940002,88.040001,88.910004,183400,87.163321
2015-11-04,89.589996,89.839996,88.389999,89.040001,164000,87.290764
2015-11-03,90.00,90.68,89.080002,89.410004,408800,87.653498
2015-11-02,88.309998,91.449997,88.190002,90.43,360200,88.653457
2015-10-30,87.480003,88.610001,87.139999,88.199997,254000,86.467263
2015-10-29,86.25,88.709999,86.010002,87.339996,454900,85.624157
2015-10-28,93.120003,93.120003,83.900002,87.449997,930000,85.731997
2015-10-27,95.480003,96.419998,94.809998,95.940002,182700,94.055212
2015-10-26,95.400002,96.290001,94.860001,95.599998,110300,93.721888
2015-10-23,93.760002,95.959999,93.18,95.510002,179900,93.633659
2015-10-22,96.07,96.07,91.260002,93.080002,207800,91.251398
2015-10-21,96.43,96.809998,94.269997,95.870003,235700,93.986587
2015-10-20,95.660004,96.309998,95.040001,95.739998,109300,93.859137
2015-10-19,94.510002,96.730003,94.459999,95.910004,128300,94.025803
2015-10-16,93.849998,95.709999,93.209999,94.970001,714600,93.104267
2015-10-15,91.400002,93.910004,91.32,93.800003,208600,91.957254
2015-10-14,93.50,94.610001,91.050003,91.57,214400,89.77106
2015-10-13,94.68,95.550003,93.010002,93.209999,207600,91.378841
2015-10-12,94.690002,95.68,93.709999,95.300003,135200,93.427786
2015-10-09,93.959999,94.830002,93.099998,94.419998,149900,92.565069
2015-10-08,94.239998,94.529999,92.470001,93.690002,239900,91.849414
2015-10-07,93.480003,95.580002,92.349998,94.260002,337400,92.408216
2015-10-06,93.400002,93.959999,92.169998,93.139999,289300,91.310216
2015-10-05,94.169998,95.440002,92.389999,93.730003,663000,91.888629
2015-10-02,90.110001,93.650002,89.059998,93.540001,270800,91.70236
2015-10-01,92.650002,93.489998,89.839996,91.080002,267400,89.290689
2015-09-30,91.870003,93.089996,91.00,92.459999,260100,90.643575
2015-09-29,88.919998,92.900002,88.900002,90.830002,316800,89.0456
2015-09-28,90.75,90.970001,87.489998,88.93,282400,87.182925
2015-09-25,94.32,94.470001,89.059998,90.830002,231200,89.0456
2015-09-24,94.18,94.239998,92.379997,93.720001,132200,91.878824
2015-09-23,95.050003,96.43,94.379997,94.629997,152800,92.770942
2015-09-22,93.629997,95.279999,93.629997,95.129997,130200,93.26112
2015-09-21,95.519997,96.75,93.82,94.839996,148700,92.976816
2015-09-18,95.059998,96.410004,94.269997,95.029999,267700,93.163086
2015-09-17,95.800003,97.360001,95.529999,96.330002,130100,94.43755
2015-09-16,96.870003,97.029999,95.279999,95.699997,149400,93.819921
2015-09-15,95.900002,96.900002,95.540001,96.709999,107300,94.810082
2015-09-14,95.620003,96.150002,95.330002,95.82,148100,93.937567
2015-09-11,94.75,95.919998,94.50,95.459999,114200,93.584639
2015-09-10,93.279999,95.080002,93.230003,94.760002,223600,92.898393
2015-09-09,95.019997,95.019997,93.099998,93.279999,154400,91.447465
2015-09-08,93.510002,94.620003,92.290001,94.370003,307600,92.516056
2015-09-04,91.199997,92.730003,91.139999,92.239998,287400,90.427896
2015-09-03,93.199997,93.949997,91.910004,92.040001,148100,90.231828
2015-09-02,92.68,93.57,91.879997,93.00,198000,91.172967
2015-09-01,92.809998,93.510002,91.550003,91.949997,192800,90.143592
2015-08-31,95.849998,96.610001,94.199997,94.480003,198000,92.623895
2015-08-28,96.129997,96.889999,95.599998,96.00,386500,94.114031
2015-08-27,96.510002,97.510002,95.470001,96.50,347400,94.604208
2015-08-26,94.940002,98.919998,93.190002,95.50,251900,93.623854
2015-08-25,96.970001,101.339996,93.169998,93.260002,299400,91.427862
2015-08-24,97.82,98.93,94.599998,94.660004,337500,92.800359
2015-08-21,102.739998,104.379997,101.50,101.510002,232400,99.515786
2015-08-20,104.43,104.690002,103.529999,103.699997,195000,101.662757
2015-08-19,105.599998,105.660004,104.860001,105.309998,180600,103.241129
2015-08-18,106.269997,106.849998,105.449997,105.790001,185000,103.711702
2015-08-17,105.449997,106.599998,104.839996,106.50,203400,104.407753
2015-08-14,106.110001,106.50,104.860001,105.650002,102900,103.574453
2015-08-13,106.059998,106.559998,105.660004,106.00,224700,103.917576
2015-08-12,106.790001,108.080002,105.349998,106.510002,264200,104.103848
2015-08-11,108.18,109.099998,107.290001,107.959999,227900,105.521088
2015-08-10,109.230003,110.389999,108.410004,108.949997,236700,106.488721
2015-08-07,109.550003,111.099998,106.57,108.489998,336100,106.039114
2015-08-06,113.32,114.559998,109.059998,109.93,323000,107.446585
2015-08-05,110.43,111.43,110.199997,111.059998,171500,108.551055
2015-08-04,110.07,110.580002,108.989998,109.779999,267000,107.299972
2015-08-03,109.709999,110.660004,109.260002,110.00,192200,107.515004
2015-07-31,110.449997,111.550003,109.019997,109.379997,243500,106.909007
2015-07-30,109.480003,110.239998,108.339996,110.010002,253800,107.52478
2015-07-29,109.169998,109.959999,108.160004,109.68,253200,107.202233
2015-07-28,107.830002,108.980003,107.029999,108.949997,217300,106.488721
2015-07-27,106.870003,107.739998,106.230003,107.220001,420900,104.797808
2015-07-24,107.480003,108.660004,106.629997,107.25,301700,104.827129
2015-07-23,107.709999,107.970001,106.550003,107.480003,258700,105.051936
2015-07-22,104.550003,107.309998,104.00,107.169998,325700,104.748934
2015-07-21,104.309998,105.099998,104.279999,105.019997,285800,102.647503
2015-07-20,104.190002,104.809998,103.300003,104.510002,160400,102.14903
2015-07-17,104.839996,104.839996,103.32,103.870003,289000,101.523488
2015-07-16,104.110001,105.150002,103.220001,104.57,217800,102.207672
2015-07-15,102.870003,103.93,102.50,103.279999,217100,100.946813
2015-07-14,100.760002,103.449997,100.760002,102.650002,256800,100.331048
2015-07-13,99.480003,100.900002,99.029999,100.650002,130300,98.37623
2015-07-10,97.900002,99.040001,97.599998,98.779999,118500,96.548472
2015-07-09,96.849998,97.540001,96.239998,97.230003,137600,95.033492
2015-07-08,96.800003,98.120003,95.550003,96.449997,224100,94.271107
2015-07-07,98.120003,98.769997,96.18,97.419998,227100,95.219195
2015-07-06,96.129997,98.040001,95.779999,97.879997,695300,95.668802
2015-07-02,96.889999,97.470001,95.660004,96.540001,219600,94.359078
2015-07-01,98.93,99.110001,97.019997,97.540001,196200,95.336487
2015-06-30,98.43,99.040001,97.919998,98.470001,213800,96.245478
2015-06-29,99.910004,100.389999,97.93,98.120003,184300,95.903386
2015-06-26,100.43,100.589996,99.110001,100.290001,239600,98.024362
2015-06-25,99.82,100.260002,98.760002,100.150002,135300,97.887525
2015-06-24,101.389999,101.389999,99.300003,99.470001,101300,97.222887
2015-06-23,101.199997,101.379997,100.230003,101.360001,80500,99.070189
2015-06-22,100.959999,101.239998,99.349998,101.190002,100700,98.904032
2015-06-19,100.029999,100.839996,98.879997,100.440002,207600,98.170975
2015-06-18,97.82,99.760002,97.610001,99.610001,133300,97.359723
2015-06-17,98.260002,98.260002,97.419998,97.93,113700,95.717676
2015-06-16,97.809998,98.199997,97.50,97.760002,114900,95.551518
2015-06-15,98.739998,98.879997,97.059998,98.089996,96400,95.874057
2015-06-12,99.260002,99.739998,98.720001,99.339996,97400,97.095819
2015-06-11,99.57,100.029999,98.709999,99.949997,117200,97.692039
2015-06-10,98.559998,99.669998,97.959999,99.099998,126900,96.861243
2015-06-09,99.059998,99.419998,98.019997,98.269997,126900,96.049991
2015-06-08,98.959999,99.870003,98.089996,99.330002,198800,97.08605
2015-06-05,99.709999,99.709999,98.519997,98.75,269900,96.519151
2015-06-04,100.169998,100.940002,99.309998,100.199997,251700,97.936391
2015-06-03,100.510002,101.449997,99.82,100.18,205300,97.916846
2015-06-02,100.540001,101.660004,99.50,100.18,155700,97.916846
2015-06-01,101.220001,101.82,100.339996,100.50,173500,98.229617
2015-05-29,101.650002,102.00,100.800003,101.25,117700,98.962674
2015-05-28,102.129997,102.150002,101.449997,101.949997,112200,99.646857
2015-05-27,102.589996,103.559998,101.809998,102.339996,136100,100.028046
2015-05-26,102.269997,102.739998,101.650002,102.040001,114700,99.734828
2015-05-22,102.529999,103.379997,102.040001,102.610001,87100,100.291951
2015-05-21,103.050003,103.089996,101.809998,102.760002,111200,100.438564
2015-05-20,102.800003,102.809998,101.660004,102.75,120600,100.428788
2015-05-19,102.019997,103.190002,102.019997,102.589996,111700,100.272398
2015-05-18,100.68,102.230003,100.349998,102.190002,95700,99.881441
2015-05-15,100.93,101.660004,100.019997,101.019997,109300,98.737866
2015-05-14,99.129997,101.18,98.470001,100.919998,199300,98.640127
2015-05-13,98.510002,99.889999,98.239998,98.889999,184000,96.655988
2015-05-12,98.18,98.760002,97.440002,98.559998,90900,96.02067
2015-05-11,98.610001,98.790001,97.699997,98.269997,110700,95.73814
2015-05-08,98.589996,99.449997,97.449997,98.57,86300,96.030414
2015-05-07,97.790001,98.860001,97.139999,97.790001,135700,95.270511
2015-05-06,97.599998,98.489998,95.370003,98.349998,188900,95.816081
2015-05-05,96.849998,98.919998,95.50,97.489998,311400,94.978238
2015-05-04,96.879997,98.120003,96.199997,96.849998,185100,94.354727
2015-05-01,96.57,97.540001,96.160004,96.730003,198300,94.237824
2015-04-30,98.269997,99.010002,95.550003,95.959999,205200,93.487658
2015-04-29,98.709999,99.889999,97.830002,98.400002,152900,95.864796
2015-04-28,98.760002,99.57,96.089996,98.699997,175500,96.157062
2015-04-27,101.400002,101.790001,97.690002,98.610001,174100,96.069384
2015-04-24,103.00,103.00,100.730003,100.849998,136000,98.25167
2015-04-23,101.870003,102.82,100.379997,102.730003,170600,100.083238
2015-04-22,102.139999,102.360001,101.019997,101.860001,163500,99.23565
2015-04-21,102.209999,102.849998,101.309998,101.779999,272800,99.15771
2015-04-20,101.400002,102.150002,100.43,101.75,319200,99.128484
2015-04-17,100.379997,102.040001,99.550003,101.029999,363500,98.427033
2015-04-16,100.220001,101.269997,99.32,100.860001,238700,98.261415
2015-04-15,100.25,101.43,98.959999,100.139999,217100,97.559964
2015-04-14,100.00,100.559998,99.199997,99.959999,126500,97.384601
2015-04-13,100.00,100.739998,99.309998,100.07,144900,97.491768
2015-04-10,99.779999,100.360001,99.120003,99.989998,131100,97.413827
2015-04-09,99.150002,99.919998,98.550003,99.830002,111400,97.257953
2015-04-08,99.150002,99.93,98.290001,99.510002,179100,96.946198
2015-04-07,100.25,102.260002,98.50,98.900002,260500,96.351914
2015-04-06,98.419998,100.580002,98.169998,100.410004,624800,97.823012
2015-04-02,100.540001,101.400002,98.339996,98.519997,312500,95.981699
2015-04-01,100.279999,100.279999,97.919998,99.949997,242500,97.374857
2015-03-31,100.389999,101.010002,99.839996,100.290001,129300,97.706101
2015-03-30,99.809998,100.849998,99.349998,100.639999,156500,98.047082
2015-03-27,98.300003,99.540001,97.599998,99.040001,185800,96.488306
2015-03-26,97.830002,98.830002,96.629997,98.470001,198600,95.932992
2015-03-25,100.50,100.559998,98.25,98.75,220800,96.205777
2015-03-24,100.75,101.160004,100.190002,100.599998,264300,98.008111
2015-03-23,101.160004,101.43,99.339996,100.709999,199600,98.115278
2015-03-20,101.00,101.599998,99.910004,101.160004,345700,98.553688
2015-03-19,98.440002,101.230003,98.07,100.529999,150400,97.939915
2015-03-18,97.389999,98.589996,96.660004,98.339996,130900,95.806336
2015-03-17,97.419998,97.93,96.25,97.660004,130900,95.143863
2015-03-16,97.169998,98.980003,97.00,97.50,187600,94.987982
2015-03-13,96.480003,97.720001,95.919998,96.559998,120500,94.072198
2015-03-12,97.089996,97.43,95.889999,96.449997,119000,93.965032
2015-03-11,95.959999,96.940002,94.379997,96.889999,213100,94.393698
2015-03-10,96.169998,96.900002,95.589996,95.650002,198300,93.185647
2015-03-09,97.669998,98.199997,96.279999,97.050003,205500,94.549579
2015-03-06,97.669998,97.669998,96.300003,97.480003,121900,94.968501
2015-03-05,98.239998,98.800003,97.18,97.809998,151500,95.289993
2015-03-04,97.480003,98.18,96.510002,97.540001,216200,95.026952
2015-03-03,97.800003,98.07,96.949997,97.389999,473200,94.880816
2015-03-02,96.720001,98.349998,96.639999,98.309998,283700,95.777111
2015-02-27,98.50,99.129997,97.279999,97.529999,141300,95.017208
2015-02-26,98.480003,99.150002,97.239998,98.519997,127800,95.981699
2015-02-25,97.480003,98.949997,97.00,98.690002,162900,96.147325
2015-02-24,97.459999,97.860001,96.790001,97.480003,132000,94.968501
2015-02-23,96.709999,97.68,96.019997,97.68,181500,95.163345
2015-02-20,95.75,96.50,94.800003,96.360001,127500,93.877354
2015-02-19,96.139999,96.379997,95.220001,95.650002,146200,93.185647
2015-02-18,95.580002,96.470001,94.830002,96.019997,162600,93.54611
2015-02-17,94.169998,96.220001,93.889999,95.830002,280200,93.36101
2015-02-13,93.050003,94.739998,91.809998,94.610001,217000,92.172441
2015-02-12,91.93,93.00,91.139999,92.779999,184000,90.389588
2015-02-11,91.339996,91.870003,90.32,91.360001,119400,89.006175
2015-02-10,90.080002,91.650002,89.199997,91.50,249600,88.830811
2015-02-09,90.07,90.989998,89.220001,89.779999,195400,87.160985
2015-02-06,91.160004,91.620003,89.720001,90.040001,185500,87.413402
2015-02-05,90.480003,91.449997,89.849998,91.25,159600,88.588104
2015-02-04,89.260002,90.75,87.239998,90.059998,286300,87.432815
2015-02-03,91.300003,93.730003,88.68,90.25,331100,87.617275
2015-02-02,93.559998,93.860001,91.050003,93.059998,223900,90.345301
2015-01-30,93.860001,95.010002,92.419998,93.019997,182000,90.306467
2015-01-29,93.480003,94.370003,92.410004,94.230003,134500,91.481176
2015-01-28,93.959999,94.00,92.779999,93.099998,167700,90.384135
2015-01-27,93.239998,94.300003,92.419998,93.150002,161400,90.432679
2015-01-26,93.190002,94.00,92.550003,93.449997,195100,90.723923
2015-01-23,93.43,94.080002,92.940002,93.400002,95000,90.675386
2015-01-22,93.410004,94.059998,91.559998,93.660004,118100,90.927804
2015-01-21,92.900002,94.209999,92.50,93.050003,135000,90.335598
2015-01-20,93.209999,93.959999,92.160004,93.330002,189100,90.607429
2015-01-16,91.639999,94.18,91.639999,93.059998,312800,90.345301
2015-01-15,93.559998,94.150002,91.519997,91.589996,129000,88.918182
2015-01-14,91.75,93.139999,90.910004,93.080002,145100,90.364722
2015-01-13,92.309998,94.139999,90.730003,92.489998,189800,89.791929
2015-01-12,92.050003,92.970001,91.50,91.519997,134200,88.850224
2015-01-09,91.309998,92.510002,91.309998,91.779999,104600,89.102642
2015-01-08,91.540001,92.790001,91.370003,91.510002,239600,88.840521
2015-01-07,90.330002,92.739998,89.279999,90.760002,181300,88.1124
2015-01-06,90.739998,91.07,89.209999,89.550003,702500,86.937698
2015-01-05,90.989998,91.800003,90.00,90.339996,284200,87.704646
2015-01-02,93.010002,93.599998,90.410004,91.440002,174800,88.772563
2014-12-31,93.730003,94.650002,92.269997,92.400002,109500,89.704558
2014-12-30,93.870003,94.139999,92.800003,93.400002,93600,90.675386
2014-12-29,94.75,95.599998,93.620003,94.129997,119100,91.384087
2014-12-26,94.50,95.889999,94.50,94.879997,163200,92.112209
2014-12-24,93.419998,94.580002,92.839996,94.330002,76700,91.578257
2014-12-23,94.43,94.970001,92.489998,93.25,149800,90.529761
2014-12-22,93.489998,94.480003,92.849998,93.879997,124900,91.14138
2014-12-19,94.00,94.370003,92.839996,93.82,455100,91.083133
2014-12-18,92.199997,93.699997,91.379997,93.660004,191100,90.927804
2014-12-17,89.559998,91.440002,89.43,91.339996,174000,88.675475
2014-12-16,91.059998,91.779999,90.120003,90.209999,235000,87.578441
2014-12-15,93.150002,94.129997,91.099998,91.550003,228000,88.879355
2014-12-12,92.419998,94.32,91.580002,93.059998,247700,90.345301
2014-12-11,91.269997,93.620003,91.18,92.139999,286100,89.45214
2014-12-10,92.610001,92.760002,89.709999,90.720001,255000,88.073566
2014-12-09,90.07,90.870003,88.879997,90.110001,224500,87.48136
2014-12-08,89.709999,91.510002,88.709999,90.690002,226700,88.044442
2014-12-05,90.43,90.43,89.279999,89.809998,201800,87.190108
2014-12-04,90.419998,90.779999,89.599998,89.989998,172500,87.364858
2014-12-03,89.889999,90.50,89.849998,90.25,259900,87.617275
2014-12-02,90.470001,91.330002,89.529999,90.110001,217200,87.48136
2014-12-01,91.650002,92.160004,90.059998,90.25,152500,87.617275
2014-11-28,91.889999,93.330002,91.459999,91.610001,83400,88.937603
2014-11-26,90.879997,91.699997,90.169998,91.550003,110400,88.879355
2014-11-25,92.43,92.599998,90.449997,91.00,139800,88.345397
2014-11-24,90.68,92.43,90.419998,91.949997,146700,89.267681
2014-11-21,90.620003,90.760002,89.75,90.260002,122500,87.626985
2014-11-20,88.620003,89.779999,88.620003,89.760002,139300,87.141571
2014-11-19,90.669998,90.669998,89.120003,89.169998,108300,86.568779
2014-11-18,90.00,90.769997,89.220001,90.360001,223100,87.724067
2014-11-17,90.389999,90.989998,89.940002,90.139999,134200,87.510483
2014-11-14,92.239998,92.239998,89.949997,90.639999,142000,87.995898
2014-11-13,92.339996,92.57,91.639999,92.099998,163600,89.413306
2014-11-12,91.190002,92.150002,90.860001,92.019997,119600,89.335638
2014-11-11,91.339996,92.07,90.300003,91.709999,139800,89.034684
2014-11-10,91.080002,91.330002,90.290001,91.099998,141000,88.442478
2014-11-07,90.870003,92.080002,90.050003,90.720001,176500,88.073566
2014-11-06,90.330002,91.489998,89.949997,91.169998,269400,88.510436
2014-11-05,91.529999,91.690002,89.919998,90.639999,216900,87.685234
2014-11-04,91.209999,93.550003,89.699997,90.690002,263600,87.733607
2014-11-03,91.470001,92.889999,89.690002,91.089996,156700,88.120561
2014-10-31,93.389999,93.599998,90.550003,91.050003,186200,88.081872
2014-10-30,91.639999,92.279999,91.00,91.779999,149700,88.788071
2014-10-29,90.660004,95.889999,90.489998,91.639999,300600,88.652635
2014-10-28,92.129997,93.839996,88.279999,90.900002,236100,87.93676
2014-10-27,93.669998,94.690002,93.550003,94.32,162200,91.24527
2014-10-24,93.129997,93.790001,92.43,93.720001,145600,90.664831
2014-10-23,94.110001,94.209999,92.82,93.239998,181300,90.200475
2014-10-22,94.300003,94.540001,93.010002,93.110001,147200,90.074716
2014-10-21,91.660004,93.900002,90.980003,93.849998,156500,90.790591
2014-10-20,90.860001,90.860001,89.190002,90.529999,222400,87.578819
2014-10-17,91.290001,91.599998,90.00,90.849998,489100,87.888387
2014-10-16,87.029999,90.309998,86.519997,90.010002,320000,87.075774
2014-10-15,86.669998,89.169998,86.010002,88.510002,414600,85.624672
2014-10-14,88.440002,88.870003,86.650002,87.769997,166200,84.90879
2014-10-13,89.489998,90.129997,87.989998,88.029999,153700,85.160317
2014-10-10,90.43,91.209999,89.239998,89.339996,145200,86.42761
2014-10-09,92.080002,92.239998,90.43,90.529999,172100,87.578819
2014-10-08,91.709999,92.629997,90.730003,92.349998,207100,89.339489
2014-10-07,92.720001,92.879997,91.360001,91.540001,192300,88.555896
2014-10-06,94.449997,94.910004,92.809998,93.230003,222300,90.190807
2014-10-03,94.010002,95.610001,93.580002,94.220001,566300,91.148532
2014-10-02,93.290001,94.239998,92.870003,93.639999,213100,90.587437
2014-10-01,93.510002,93.779999,92.220001,92.82,245400,89.794169
2014-09-30,93.580002,94.25,92.650002,93.550003,186000,90.500375
2014-09-29,92.639999,94.160004,92.099998,93.779999,169100,90.722873
2014-09-26,93.760002,94.389999,93.07,93.589996,193200,90.539064
2014-09-25,94.00,94.00,92.360001,93.440002,206600,90.39396
2014-09-24,93.440002,94.559998,92.900002,94.519997,126300,91.438748
2014-09-23,93.970001,94.519997,93.050003,93.160004,182600,90.123089
2014-09-22,93.75,94.629997,92.290001,94.50,188200,91.419403
2014-09-19,94.540001,94.690002,93.150002,93.809998,871100,90.751894
2014-09-18,94.629997,94.730003,93.699997,94.110001,147200,91.042117
2014-09-17,93.879997,94.949997,93.830002,94.32,146400,91.24527
2014-09-16,92.339996,94.190002,92.120003,93.989998,210800,90.926026
2014-09-15,93.029999,93.029999,91.559998,92.309998,193200,89.300792
2014-09-12,94.550003,94.550003,92.440002,92.839996,170900,89.813513
2014-09-11,95.519997,95.989998,93.980003,94.379997,241800,91.303312
2014-09-10,95.910004,96.599998,95.360001,95.68,116100,92.560936
2014-09-09,96.589996,96.599998,95.800003,96.059998,99200,92.928546
2014-09-08,95.269997,96.599998,94.970001,96.550003,140700,93.402578
2014-09-05,95.239998,95.589996,94.389999,95.18,108700,92.077236
2014-09-04,95.660004,96.040001,94.830002,95.07,90800,91.970821
2014-09-03,96.610001,96.889999,95.209999,95.620003,105800,92.502895
2014-09-02,95.980003,97.150002,95.699997,96.209999,148400,93.073658
2014-08-29,95.489998,96.110001,95.080002,95.519997,109400,92.406149
2014-08-28,94.360001,95.230003,93.550003,95.059998,88800,91.961145
2014-08-27,95.400002,96.50,93.75,94.470001,174800,91.390382
2014-08-26,96.459999,96.860001,95.349998,95.519997,152900,92.406149
2014-08-25,96.379997,96.730003,95.370003,95.989998,106500,92.860828
2014-08-22,95.889999,96.599998,95.449997,95.620003,94800,92.502895
2014-08-21,95.510002,95.82,94.699997,95.639999,128800,92.522239
2014-08-20,96.00,96.300003,95.139999,95.379997,86600,92.270713
2014-08-19,96.809998,97.150002,95.889999,96.25,157700,93.112355
2014-08-18,96.849998,96.919998,96.010002,96.599998,159300,93.151048
2014-08-15,97.00,97.00,95.339996,96.190002,184300,92.75569
2014-08-14,95.540001,96.730003,95.529999,96.690002,123400,93.237839
2014-08-13,94.809998,96.129997,94.809998,96.029999,212100,92.601399
2014-08-12,94.830002,95.290001,93.699997,94.349998,189400,90.981381
2014-08-11,94.25,95.150002,93.190002,94.699997,130100,91.318883
2014-08-08,94.029999,94.779999,93.120003,94.160004,110400,90.798169
2014-08-07,93.080002,94.639999,92.760002,93.669998,122500,90.325659
2014-08-06,92.489998,93.379997,92.220001,93.120003,80200,89.7953
2014-08-05,92.68,93.279999,91.959999,92.870003,144800,89.554226
2014-08-04,93.279999,93.279999,91.379997,93.160004,94500,89.833873
2014-08-01,92.940002,95.400002,92.199997,93.099998,275000,89.77601
2014-07-31,92.959999,93.68,92.300003,93.32,213900,89.988156
2014-07-30,94.279999,94.879997,93.300003,93.860001,90000,90.508878
2014-07-29,93.330002,94.480003,92.940002,93.809998,161000,90.46066
2014-07-28,92.610001,93.550003,92.32,93.50,137100,90.16173
2014-07-25,91.949997,92.779999,91.139999,92.629997,116900,89.322789
2014-07-24,92.50,92.779999,91.199997,92.029999,157900,88.744213
2014-07-23,91.720001,92.349998,91.059998,92.269997,86300,88.975642
2014-07-22,90.879997,91.459999,89.660004,91.239998,93700,87.982418
2014-07-21,90.730003,91.029999,89.550003,90.470001,121900,87.239913
2014-07-18,89.639999,91.230003,89.169998,91.160004,140100,87.90528
2014-07-17,89.419998,90.239998,89.029999,89.239998,182800,86.053825
2014-07-16,91.519997,91.599998,89.300003,89.660004,249100,86.458835
2014-07-15,90.830002,91.480003,89.639999,91.080002,189600,87.828134
2014-07-14,91.93,91.93,90.830002,91.300003,86200,88.040281
2014-07-11,91.269997,91.82,90.330002,91.169998,65600,87.914917
2014-07-10,90.029999,91.690002,89.239998,91.269997,99700,88.011346
2014-07-09,91.589996,92.129997,90.720001,91.169998,109500,87.914917
2014-07-08,91.650002,91.650002,90.349998,91.209999,143600,87.95349
2014-07-07,93.150002,93.650002,91.449997,91.599998,124200,88.329565
2014-07-03,93.989998,93.989998,92.959999,93.290001,111200,89.959229
2014-07-02,93.650002,94.260002,92.949997,93.650002,156800,90.306376
2014-07-01,92.68,94.629997,92.370003,94.220001,213100,90.856025
2014-06-30,92.139999,92.690002,91.459999,92.57,195800,89.264934
2014-06-27,91.300003,92.209999,90.720001,92.160004,146400,88.869576
2014-06-26,91.029999,91.589996,90.139999,91.32,97800,88.059563
2014-06-25,90.940002,92.160004,90.589996,91.099998,219600,87.847417
2014-06-24,91.440002,92.129997,91.050003,91.169998,109300,87.914917
2014-06-23,91.75,92.68,91.00,91.779999,93700,88.503139
2014-06-20,90.370003,92.07,90.279999,92.029999,306800,88.744213
2014-06-19,90.660004,90.849998,89.709999,90.169998,168000,86.950621
2014-06-18,90.739998,90.900002,89.559998,90.309998,135100,87.085622
2014-06-17,89.50,91.870003,89.160004,90.550003,199200,87.317058
2014-06-16,89.459999,90.870003,88.599998,88.720001,189900,85.552394
2014-06-13,88.389999,89.650002,88.389999,89.449997,183600,86.256326
2014-06-12,87.480003,88.809998,87.00,88.309998,212700,85.157029
2014-06-11,87.540001,88.050003,87.089996,87.550003,102100,84.424168
2014-06-10,86.68,87.75,86.330002,87.690002,135600,84.559169
2014-06-09,86.57,87.559998,86.029999,86.660004,115800,83.565945
2014-06-06,87.220001,88.690002,86.370003,86.550003,117800,83.459872
2014-06-05,87.059998,87.260002,86.139999,87.120003,86300,84.009521
2014-06-04,86.980003,87.699997,86.099998,86.82,155200,83.720229
2014-06-03,87.260002,87.260002,85.959999,86.949997,212100,83.845585
2014-06-02,88.25,88.269997,86.519997,87.339996,188100,84.22166
2014-05-30,88.470001,88.610001,87.080002,87.790001,144200,84.655598
2014-05-29,90.669998,90.970001,88.489998,88.68,195500,85.513821
2014-05-28,90.68,90.919998,89.800003,90.269997,185400,87.047049
2014-05-27,88.860001,90.550003,88.330002,90.43,203400,87.20134
2014-05-23,88.50,88.760002,87.68,88.32,150300,85.166674
2014-05-22,87.940002,89.25,87.82,88.550003,100700,85.388465
2014-05-21,88.00,88.849998,87.25,87.959999,115700,84.819526
2014-05-20,88.730003,88.75,86.989998,87.860001,129700,84.723098
2014-05-19,87.830002,89.139999,87.650002,88.639999,159200,85.475248
2014-05-16,87.830002,88.589996,87.199997,88.019997,83000,84.877382
2014-05-15,90.199997,90.199997,87.089996,87.830002,194100,84.69417
2014-05-14,90.699997,91.150002,89.949997,90.360001,76300,87.133839
2014-05-13,92.559998,93.059998,90.489998,90.629997,118500,87.394196
2014-05-12,91.629997,92.919998,91.040001,92.449997,146000,89.149216
2014-05-09,90.07,91.18,89.18,91.029999,127100,87.779916
2014-05-08,91.18,92.449997,90.150002,90.209999,162400,86.989194
2014-05-07,90.610001,91.459999,89.949997,91.459999,245300,88.194564
2014-05-06,90.220001,91.620003,90.050003,90.220001,565800,86.699907
2014-05-05,87.93,90.75,87.580002,90.639999,447000,87.103518
2014-05-02,88.970001,89.00,87.800003,88.669998,352300,85.21038
2014-05-01,89.50,89.620003,88.580002,88.860001,221900,85.392969
2014-04-30,90.809998,91.50,89.07,89.309998,170900,85.825409
2014-04-29,91.160004,92.040001,88.120003,90.660004,244100,87.122742
2014-04-28,84.93,92.580002,83.830002,90.839996,450900,87.295712
2014-04-25,84.93,85.550003,83.860001,83.879997,248700,80.60727
2014-04-24,85.93,85.93,84.300003,85.32,174000,81.991088
2014-04-23,86.07,86.540001,85.300003,85.669998,174500,82.32743
2014-04-22,85.529999,87.089996,85.529999,86.209999,175400,82.846362
2014-04-21,85.889999,85.989998,85.120003,85.540001,149500,82.202505
2014-04-17,85.540001,86.120003,85.269997,85.830002,188800,82.481191
2014-04-16,85.860001,86.190002,84.919998,85.93,161400,82.577288
2014-04-15,84.809998,85.230003,82.629997,85.059998,161600,81.74123
2014-04-14,84.93,85.629997,83.580002,84.720001,168300,81.414499
2014-04-11,85.379997,86.940002,84.160004,84.18,238400,80.895567
2014-04-10,86.669998,87.360001,85.889999,86.150002,323700,82.788706
2014-04-09,85.839996,87.43,85.379997,87.389999,250000,83.980323
2014-04-08,85.18,86.150002,84.349998,85.709999,271600,82.365871
2014-04-07,84.839996,85.309998,83.959999,85.040001,271300,81.722014
2014-04-04,87.699997,88.080002,85.260002,85.330002,493400,82.0007
2014-04-03,86.989998,87.620003,85.940002,87.110001,482700,83.711249
2014-04-02,86.300003,87.370003,85.43,87.129997,285900,83.730465
2014-04-01,85.919998,86.639999,84.860001,86.25,222200,82.884802
2014-03-31,85.519997,86.32,84.779999,85.370003,286500,82.03914
2014-03-28,87.339996,88.480003,84.519997,84.620003,226000,81.318402
2014-03-27,86.699997,87.629997,85.550003,87.089996,233300,83.692025
2014-03-26,87.800003,88.440002,86.440002,86.50,244700,83.125048
2014-03-25,86.970001,88.239998,86.540001,87.199997,244800,83.797734
2014-03-24,86.419998,86.940002,85.849998,86.580002,242700,83.201929
2014-03-21,87.57,88.029999,86.00,86.370003,328300,83.000123
2014-03-20,88.330002,89.099998,87.050003,87.190002,100500,83.788129
2014-03-19,89.370003,89.599998,87.639999,88.239998,99400,84.797157
2014-03-18,89.120003,90.410004,88.769997,89.040001,140400,85.565947
2014-03-17,87.489998,89.559998,86.93,88.82,138400,85.354529
2014-03-14,86.699997,87.760002,85.690002,86.889999,117300,83.499831
2014-03-13,90.120003,90.309998,86.589996,86.900002,143700,83.509443
2014-03-12,89.360001,90.290001,88.230003,89.970001,128800,86.459661
2014-03-11,90.25,90.860001,89.059998,89.639999,162500,86.142535
2014-03-10,88.959999,90.769997,88.199997,90.300003,170200,86.776787
2014-03-07,88.800003,89.910004,87.260002,89.040001,312100,85.565947
2014-03-06,89.620003,90.160004,87.989998,88.669998,252600,85.21038
2014-03-05,89.639999,90.50,88.410004,89.300003,89300,85.815804
2014-03-04,89.699997,90.449997,88.910004,89.50,189800,86.007998
2014-03-03,88.230003,89.559998,87.419998,88.470001,195700,85.018186
2014-02-28,89.139999,89.790001,87.269997,88.839996,528000,85.373745
2014-02-27,88.82,89.150002,88.199997,88.970001,218000,85.498678
2014-02-26,89.75,90.07,88.169998,89.010002,377800,85.537118
2014-02-25,89.529999,89.529999,88.260002,89.389999,192700,85.902289
2014-02-24,89.209999,90.279999,88.739998,89.18,150200,85.700484
2014-02-21,89.620003,89.620003,88.339996,88.889999,190600,85.421798
2014-02-20,89.769997,90.120003,88.139999,89.589996,210800,86.094483
2014-02-19,90.940002,92.629997,89.50,89.699997,258300,86.200192
2014-02-18,89.660004,91.82,89.190002,91.360001,219700,87.795427
2014-02-14,88.940002,89.32,88.349998,89.300003,117400,85.815804
2014-02-13,87.00,89.150002,86.93,89.019997,154100,85.546723
2014-02-12,88.940002,89.269997,87.559998,87.690002,232900,84.268621
2014-02-11,89.550003,90.18,88.870003,89.029999,209600,85.258427
2014-02-10,88.669998,88.870003,86.82,88.559998,405700,84.808337
2014-02-07,85.209999,86.360001,84.82,85.800003,388300,82.165264
2014-02-06,84.00,85.349998,82.82,84.800003,343500,81.207627
2014-02-05,84.879997,84.879997,82.510002,83.739998,510200,80.192526
2014-02-04,86.489998,87.279999,83.029999,85.080002,894100,81.475764
2014-02-03,91.080002,91.589996,87.139999,87.580002,591900,83.869856
2014-01-31,90.75,91.440002,89.349998,90.870003,274000,87.020483
2014-01-30,89.910004,92.510002,88.010002,92.239998,285400,88.332441
2014-01-29,90.480003,91.040001,88.860001,88.919998,232500,85.153087
2014-01-28,89.800003,91.779999,89.800003,91.580002,200700,87.700405
2014-01-27,89.169998,94.419998,88.949997,89.660004,235600,85.861743
2014-01-24,92.18,92.779999,90.260002,90.449997,226300,86.61827
2014-01-23,93.629997,94.68,91.900002,92.800003,242600,88.868723
2014-01-22,95.25,95.43,93.57,94.129997,263200,90.142375
2014-01-21,96.150002,96.160004,95.129997,95.290001,216700,91.253237
2014-01-17,96.120003,96.120003,94.959999,95.379997,189400,91.339421
2014-01-16,95.769997,96.339996,95.309998,96.00,281700,91.933159
2014-01-15,96.279999,96.839996,95.510002,96.089996,278100,92.019343
2014-01-14,94.860001,96.040001,94.449997,96.010002,158500,91.942737
2014-01-13,95.089996,95.480003,94.279999,94.669998,284400,90.6595
2014-01-10,95.349998,96.239998,94.910004,95.559998,306700,91.511796
2014-01-09,95.830002,96.959999,94.660004,95.43,290800,91.387306
2014-01-08,94.480003,95.610001,93.809998,95.489998,215200,91.444762
2014-01-07,94.980003,95.059998,94.150002,94.660004,315500,90.649929
2014-01-06,94.870003,95.150002,93.690002,94.610001,336000,90.602044
2014-01-03,94.690002,95.309998,93.790001,94.690002,239500,90.678657
2014-01-02,93.050003,94.610001,92.489998,94.190002,339200,90.199838
2013-12-31,94.489998,94.779999,93.760002,94.669998,122400,90.6595
2013-12-30,93.910004,94.709999,93.709999,94.300003,111400,90.305179
2013-12-27,93.82,94.370003,93.480003,94.190002,130900,90.199838
2013-12-26,93.839996,93.970001,93.160004,93.800003,117800,89.82636
2013-12-24,93.18,93.870003,92.830002,93.50,85200,89.539066
2013-12-23,92.769997,93.949997,91.989998,93.019997,133700,89.079397
2013-12-20,92.139999,92.980003,91.790001,92.519997,364900,88.600579
2013-12-19,92.300003,92.779999,91.419998,91.970001,294100,88.073883
2013-12-18,88.690002,92.540001,88.360001,92.330002,302700,88.418633
2013-12-17,89.07,89.239998,88.410004,88.75,328900,84.99029
2013-12-16,86.959999,89.220001,86.959999,88.949997,218900,85.181815
2013-12-13,86.900002,87.400002,86.00,86.760002,143800,83.084594
2013-12-12,86.019997,87.080002,85.150002,86.550003,167700,82.883491
2013-12-11,87.529999,87.529999,85.93,86.040001,221700,82.395095
2013-12-10,87.260002,88.019997,86.709999,87.440002,177200,83.735788
2013-12-09,87.410004,88.099998,86.360001,87.709999,158100,83.994347
2013-12-06,86.220001,87.389999,85.349998,87.279999,135400,83.582562
2013-12-05,84.730003,85.93,84.589996,85.82,139200,82.184413
2013-12-04,84.699997,85.309998,84.529999,85.00,164100,81.399151
2013-12-03,84.760002,85.300003,84.07,84.849998,125600,81.255504
2013-12-02,85.57,86.339996,84.879997,84.970001,148200,81.370423
2013-11-29,86.290001,87.160004,85.489998,85.540001,86500,81.916276
2013-11-27,86.379997,86.519997,85.330002,85.93,154000,82.289754
2013-11-26,86.839996,87.089996,85.519997,85.989998,172500,82.34721
2013-11-25,87.00,87.389999,86.260002,86.559998,151700,82.893063
2013-11-22,87.00,87.099998,86.669998,86.949997,105100,83.26654
2013-11-21,86.919998,87.379997,86.730003,87.040001,90600,83.352732
2013-11-20,86.779999,87.370003,86.400002,86.919998,101500,83.237813
2013-11-19,87.889999,88.459999,86.730003,86.790001,139900,83.113322
2013-11-18,87.959999,89.279999,87.459999,88.080002,181900,84.348675
2013-11-15,87.709999,88.769997,87.370003,88.099998,118300,84.367825
2013-11-14,87.00,88.07,86.599998,87.739998,143000,84.023075
2013-11-13,86.290001,87.110001,86.080002,86.949997,86500,83.26654
2013-11-12,87.040001,87.040001,85.610001,86.68,140600,83.007982
2013-11-11,86.980003,87.68,86.610001,87.349998,176100,83.649597
2013-11-08,85.769997,87.370003,85.18,87.199997,161400,83.50595
2013-11-07,86.129997,86.900002,84.610001,85.410004,131300,81.791786
2013-11-06,87.150002,87.489998,85.860001,86.279999,117800,82.328059
2013-11-05,87.510002,87.959999,86.75,86.959999,102700,82.976912
2013-11-04,88.730003,88.779999,87.690002,87.739998,169000,83.721184
2013-11-01,87.669998,88.690002,87.010002,88.650002,177600,84.589506
2013-10-31,87.970001,88.480003,87.260002,87.389999,143200,83.387217
2013-10-30,88.57,89.470001,87.07,88.110001,320000,84.07424
2013-10-29,88.32,89.989998,86.910004,87.690002,355600,83.673479
2013-10-28,88.360001,88.360001,87.07,87.470001,210200,83.463554
2013-10-25,88.900002,89.309998,88.160004,88.339996,190700,84.293701
2013-10-24,88.860001,88.989998,87.900002,88.639999,140000,84.579962
2013-10-23,87.389999,88.379997,87.07,88.330002,166500,84.284164
2013-10-22,87.239998,88.440002,86.699997,87.82,204100,83.797522
2013-10-21,86.529999,87.669998,85.949997,86.849998,191600,82.87195
2013-10-18,87.25,88.129997,86.18,86.690002,774100,82.719283
2013-10-17,82.650002,87.279999,82.650002,87.25,554100,83.25363
2013-10-16,80.779999,82.550003,80.779999,82.389999,255800,78.616235
2013-10-15,81.919998,81.919998,80.25,80.639999,308200,76.946392
2013-10-14,80.389999,81.93,80.330002,81.860001,149300,78.110512
2013-10-11,79.449997,80.900002,79.209999,80.870003,103800,77.16586
2013-10-10,78.190002,79.639999,77.419998,79.639999,318700,75.992195
2013-10-09,78.459999,78.459999,77.139999,77.529999,322300,73.978841
2013-10-08,79.300003,79.690002,78.330002,78.379997,159900,74.789906
2013-10-07,80.089996,80.309998,79.150002,79.150002,108200,75.524641
2013-10-04,80.690002,81.00,80.07,80.68,271600,76.984561
2013-10-03,81.620003,81.620003,79.839996,80.440002,260300,76.755555
2013-10-02,81.339996,81.470001,80.07,80.57,123900,76.879598
2013-10-01,80.059998,82.059998,79.769997,81.839996,820900,78.091424
2013-09-30,79.660004,80.459999,78.599998,80.059998,375000,76.392956
2013-09-27,79.50,80.400002,79.449997,80.160004,204900,76.488382
2013-09-26,79.400002,80.160004,79.209999,80.010002,205800,76.345251
2013-09-25,78.980003,79.650002,78.660004,79.440002,166400,75.801359
2013-09-24,80.00,80.00,78.739998,79.120003,117300,75.496017
2013-09-23,81.290001,81.589996,80.139999,80.260002,220100,76.5838
2013-09-20,80.330002,83.830002,80.089996,81.279999,618800,77.557077
2013-09-19,77.68,78.339996,76.139999,77.720001,100400,74.16014
2013-09-18,77.050003,77.889999,76.059998,77.760002,126500,74.198309
2013-09-17,78.529999,78.529999,76.410004,77.00,250600,73.473118
2013-09-16,78.080002,78.910004,77.290001,78.360001,79000,74.770825
2013-09-13,76.989998,77.599998,76.470001,77.519997,69400,73.969297
2013-09-12,77.25,77.309998,76.269997,77.089996,60900,73.558992
2013-09-11,77.489998,77.940002,76.330002,77.400002,128800,73.854798
2013-09-10,78.230003,78.260002,76.57,77.510002,156400,73.95976
2013-09-09,76.559998,78.220001,75.860001,78.080002,116700,74.503651
2013-09-06,76.349998,76.879997,75.43,76.230003,77100,72.73839
2013-09-05,76.690002,76.910004,75.900002,76.32,61000,72.824264
2013-09-04,76.510002,76.959999,76.279999,76.730003,120600,73.215488
2013-09-03,78.120003,78.290001,75.75,76.529999,221200,73.024644
2013-08-30,78.160004,78.510002,76.889999,77.510002,207200,73.95976
2013-08-29,77.379997,78.209999,77.160004,78.019997,113500,74.446395
2013-08-28,76.139999,77.540001,75.209999,77.410004,116900,73.864342
2013-08-27,77.080002,77.699997,76.089996,76.290001,86300,72.795639
2013-08-26,76.599998,77.93,76.599998,77.730003,104000,74.169684
2013-08-23,77.220001,77.589996,75.849998,76.550003,77600,73.043732
2013-08-22,74.720001,78.580002,74.470001,76.739998,106300,73.225025
2013-08-21,74.989998,75.150002,74.239998,74.480003,94400,71.068546
2013-08-20,74.580002,75.290001,74.389999,74.910004,77700,71.478851
2013-08-19,74.75,75.599998,74.360001,74.68,76500,71.259383
2013-08-16,74.00,75.279999,73.959999,75.010002,127800,71.574269
2013-08-15,76.57,76.839996,74.059998,74.110001,215400,70.715491
2013-08-14,77.190002,77.419998,76.529999,77.019997,139100,73.492198
2013-08-13,78.970001,78.970001,76.50,77.419998,166100,73.587621
2013-08-12,79.139999,79.239998,77.230003,78.010002,82500,74.14842
2013-08-09,78.419998,79.510002,77.900002,79.18,91600,75.260502
2013-08-08,78.57,79.199997,77.739998,78.57,141200,74.680697
2013-08-07,75.07,78.739998,75.07,78.669998,212200,74.775745
2013-08-06,75.080002,75.080002,73.599998,74.040001,93100,70.374938
2013-08-05,75.720001,75.860001,75.199997,75.589996,43700,71.848207
2013-08-02,75.760002,76.660004,74.75,75.989998,65800,72.228408
2013-08-01,73.989998,76.93,73.830002,76.019997,214300,72.256922
2013-07-31,74.00,74.239998,73.449997,73.739998,135500,70.089785
2013-07-30,74.410004,74.550003,73.379997,73.650002,98700,70.004244
2013-07-29,74.440002,74.529999,73.669998,73.989998,67400,70.32741
2013-07-26,74.949997,74.949997,74.099998,74.519997,65100,70.831173
2013-07-25,75.480003,76.00,74.32,75.32,63800,71.591575
2013-07-24,75.25,75.82,74.809998,75.410004,80100,71.677124
2013-07-23,75.849998,75.849998,74.860001,75.110001,76100,71.391971
2013-07-22,73.559998,75.879997,73.220001,75.830002,86700,72.076332
2013-07-19,73.339996,74.209999,73.339996,73.660004,66600,70.013751
2013-07-18,73.610001,74.43,73.00,73.610001,109200,69.966223
2013-07-17,73.970001,73.970001,72.989998,73.339996,85400,69.709584
2013-07-16,74.470001,74.470001,73.190002,73.639999,131000,69.994737
2013-07-15,73.629997,74.489998,73.309998,74.400002,85300,70.717118
2013-07-12,73.160004,73.980003,72.760002,73.720001,65800,70.070779
2013-07-11,72.980003,73.82,72.839996,73.25,123400,69.624043
2013-07-10,72.300003,72.980003,72.139999,72.339996,111900,68.759085
2013-07-09,71.360001,72.410004,71.019997,72.230003,202100,68.654537
2013-07-08,70.699997,71.209999,70.360001,71.209999,100100,67.685024
2013-07-05,70.120003,70.739998,69.32,70.639999,87500,67.14324
2013-07-03,69.629997,70.519997,69.309998,69.639999,221300,66.192741
2013-07-02,69.93,70.559998,69.370003,69.940002,142500,66.477894
2013-07-01,69.559998,70.900002,69.300003,69.690002,153800,66.240269
2013-06-28,68.889999,69.75,68.830002,69.080002,452100,65.660464
2013-06-27,69.400002,69.510002,68.790001,69.019997,52800,65.603429
2013-06-26,70.00,70.00,69.00,69.07,104200,65.650957
2013-06-25,69.279999,69.599998,68.779999,69.440002,129900,66.002644
2013-06-24,68.790001,69.620003,68.419998,68.809998,173500,65.403826
2013-06-21,68.029999,69.50,67.980003,69.190002,522700,65.76502
2013-06-20,67.599998,68.389999,67.300003,67.699997,127300,64.348771
2013-06-19,68.07,68.800003,68.00,68.099998,151000,64.728972
2013-06-18,67.330002,68.480003,67.330002,68.209999,75500,64.833528
2013-06-17,66.809998,67.160004,66.360001,67.120003,83800,63.797487
2013-06-14,66.769997,66.989998,66.389999,66.589996,92800,63.293717
2013-06-13,65.889999,67.07,65.779999,66.970001,129000,63.654911
2013-06-12,66.519997,66.660004,65.379997,66.00,92200,62.732926
2013-06-11,66.150002,67.099998,66.010002,66.470001,67500,63.179662
2013-06-10,66.389999,66.629997,65.790001,66.50,98000,63.208175
2013-06-07,66.309998,66.75,65.949997,66.349998,94500,63.065599
2013-06-06,64.879997,66.019997,64.739998,66.019997,164600,62.751933
2013-06-05,65.620003,66.019997,64.459999,64.970001,129500,61.753913
2013-06-04,66.32,66.610001,65.550003,65.809998,129900,62.552329
2013-06-03,66.839996,67.040001,66.199997,66.43,169000,63.141641
2013-05-31,66.57,66.980003,66.18,66.510002,151900,63.217682
2013-05-30,66.510002,66.93,66.199997,66.57,78500,63.27471
2013-05-29,66.620003,66.709999,65.760002,66.550003,125900,63.255703
2013-05-28,67.120003,67.389999,66.629997,66.940002,117900,63.626397
2013-05-24,66.760002,66.980003,66.160004,66.639999,106300,63.341245
2013-05-23,66.629997,67.379997,66.400002,66.900002,141200,63.588376
2013-05-22,68.059998,68.160004,66.589996,67.099998,169700,63.778473
2013-05-21,67.660004,68.529999,67.519997,68.00,120200,64.633924
2013-05-20,67.830002,67.970001,67.199997,67.779999,110200,64.424813
2013-05-17,67.650002,67.980003,67.309998,67.739998,68800,64.386792
2013-05-16,67.980003,68.510002,67.440002,67.50,108700,64.158674
2013-05-15,68.029999,68.459999,67.760002,67.989998,142200,64.624417
2013-05-14,67.769997,68.480003,67.769997,68.019997,140800,64.652931
2013-05-13,66.949997,67.93,66.800003,67.900002,142500,64.538875
2013-05-10,66.870003,67.25,66.769997,66.910004,54500,63.597883
2013-05-09,66.459999,67.43,66.459999,67.010002,130500,63.692932
2013-05-08,65.779999,66.739998,65.730003,66.709999,188600,63.407779
2013-05-07,65.18,65.790001,64.900002,65.769997,147200,62.229157
2013-05-06,64.709999,65.080002,64.589996,65.00,71200,61.500614
2013-05-03,65.330002,65.769997,64.940002,64.940002,94100,61.443847
2013-05-02,64.599998,65.110001,64.589996,64.82,125800,61.330305
2013-05-01,64.00,65.209999,64.00,64.580002,259100,61.103227
2013-04-30,64.160004,64.459999,62.549999,64.139999,172100,60.686913
2013-04-29,64.18,64.529999,64.080002,64.349998,72000,60.885607
2013-04-26,63.779999,64.160004,63.759998,63.889999,69200,60.450372
2013-04-25,63.880001,64.379997,63.810001,64.029999,98100,60.582835
2013-04-24,64.330002,64.50,63.279999,63.599998,86000,60.175984
2013-04-23,65.019997,65.660004,64.370003,64.510002,121300,61.036996
2013-04-22,64.809998,65.300003,64.669998,64.879997,94200,61.387072
2013-04-19,64.32,64.970001,64.080002,64.879997,71300,61.387072
2013-04-18,64.43,64.440002,63.669998,64.199997,117800,60.743681
2013-04-17,64.370003,64.839996,63.630001,64.349998,210700,60.885607
2013-04-16,63.959999,65.150002,63.599998,65.099998,514300,61.595229
2013-04-15,65.010002,65.089996,63.400002,63.419998,116000,60.005675
2013-04-12,65.239998,65.550003,64.970001,65.25,80700,61.737155
2013-04-11,65.50,65.739998,65.339996,65.540001,88600,62.011543
2013-04-10,65.150002,65.660004,65.040001,65.57,108300,62.039927
2013-04-09,65.57,65.650002,64.889999,64.970001,135600,61.472231
2013-04-08,66.169998,66.169998,64.989998,65.419998,124200,61.898001
2013-04-05,66.419998,66.480003,65.779999,66.010002,109000,62.456241
2013-04-04,67.309998,67.669998,66.559998,67.029999,118200,63.421325
2013-04-03,68.18,68.260002,66.699997,66.769997,128200,63.17532
2013-04-02,67.699997,68.309998,67.440002,67.989998,113000,64.329641
2013-04-01,67.739998,67.900002,66.959999,67.459999,193100,63.828175
2013-03-28,67.699997,68.150002,67.599998,67.849998,156700,64.197178
2013-03-27,67.519997,67.75,67.199997,67.690002,100100,64.045796
2013-03-26,68.25,68.339996,67.480003,67.790001,156600,64.140411
2013-03-25,67.769997,68.099998,67.57,68.040001,211100,64.376952
2013-03-22,66.980003,67.800003,66.980003,67.599998,116500,63.960637
2013-03-21,67.07,67.410004,66.669998,67.050003,133200,63.440252
2013-03-20,67.330002,67.639999,66.900002,67.279999,523400,63.657865
2013-03-19,66.639999,67.480003,66.540001,67.209999,322700,63.591634
2013-03-18,66.900002,67.269997,65.669998,66.480003,132600,62.900939
2013-03-15,67.269997,67.580002,66.879997,67.349998,216700,63.724097
2013-03-14,67.349998,67.519997,67.199997,67.269997,160200,63.648402
2013-03-13,67.279999,67.400002,66.870003,67.370003,209500,63.743024
2013-03-12,67.480003,67.50,67.139999,67.290001,174300,63.667329
2013-03-11,67.910004,67.93,66.93,67.32,153500,63.695713
2013-03-08,68.169998,68.169998,67.660004,67.849998,322500,64.197178
2013-03-07,68.309998,68.540001,67.739998,67.870003,55000,64.216106
2013-03-06,68.809998,69.220001,68.089996,68.169998,58800,64.49995
2013-03-05,68.129997,68.949997,68.029999,68.589996,77600,64.897337
2013-03-04,67.919998,68.209999,67.400002,67.809998,104200,64.159331
2013-03-01,67.610001,68.290001,67.089996,68.169998,177600,64.49995
2013-02-28,68.110001,69.239998,67.889999,67.989998,128000,64.329641
2013-02-27,68.110001,68.739998,67.610001,68.260002,55900,64.585109
2013-02-26,68.050003,68.389999,67.839996,68.029999,49900,64.367488
2013-02-25,68.699997,68.839996,67.739998,67.75,77300,64.102563
2013-02-22,68.129997,68.599998,67.940002,68.339996,57700,64.660796
2013-02-21,67.93,68.379997,66.800003,68.010002,85400,64.348568
2013-02-20,68.139999,68.599998,67.809998,67.879997,97900,64.225562
2013-02-19,68.339996,68.580002,67.800003,68.309998,113800,64.632412
2013-02-15,68.209999,68.510002,67.919998,68.150002,89400,64.48103
2013-02-14,68.120003,68.339996,67.620003,68.040001,121200,64.376952
2013-02-13,68.550003,68.550003,68.059998,68.349998,101900,64.67026
2013-02-12,69.360001,69.720001,68.75,68.779999,94900,64.793262
2013-02-11,69.75,69.959999,68.540001,69.489998,239400,65.462107
2013-02-08,68.940002,69.709999,68.870003,69.589996,161000,65.556309
2013-02-07,69.059998,69.169998,68.160004,68.970001,131700,64.972251
2013-02-06,69.029999,69.410004,68.849998,69.029999,126200,65.028771
2013-02-05,70.580002,72.199997,68.089996,69.309998,141600,65.29254
2013-02-04,71.25,71.459999,70.410004,70.559998,62300,66.470085
2013-02-01,71.779999,72.169998,71.389999,71.540001,86800,67.393284
2013-01-31,70.760002,71.699997,70.559998,71.68,215800,67.525169
2013-01-30,71.089996,71.639999,70.760002,70.849998,196000,66.743277
2013-01-29,70.889999,71.949997,70.50,70.989998,78000,66.875161
2013-01-28,71.089996,71.489998,70.18,70.760002,154800,66.658497
2013-01-25,70.040001,71.160004,69.349998,71.120003,171500,66.997631
2013-01-24,68.089996,70.07,68.089996,69.839996,135400,65.791818
2013-01-23,68.279999,68.370003,67.720001,68.150002,171200,64.199781
2013-01-22,68.510002,68.910004,67.879997,68.339996,177100,64.378763
2013-01-18,69.849998,70.080002,69.410004,69.970001,133900,65.914287
2013-01-17,69.419998,69.910004,69.239998,69.690002,89400,65.650518
2013-01-16,69.519997,69.730003,69.360001,69.379997,102200,65.358482
2013-01-15,69.949997,69.949997,69.379997,69.709999,114700,65.669356
2013-01-14,69.550003,70.019997,69.230003,70.010002,145400,65.95197
2013-01-11,69.709999,69.860001,69.25,69.459999,109500,65.433847
2013-01-10,70.099998,70.389999,69.57,69.650002,176800,65.612836
2013-01-09,68.43,70.089996,68.269997,70.010002,528400,65.95197
2013-01-08,68.529999,69.050003,68.360001,68.50,334000,64.529493
2013-01-07,68.650002,69.150002,68.419998,68.510002,255000,64.538915
2013-01-04,69.150002,69.57,68.470001,69.190002,119300,65.1795
2013-01-03,69.339996,69.650002,68.900002,69.099998,156000,65.094713
2013-01-02,69.099998,69.959999,68.75,69.339996,193900,65.3208
2012-12-31,68.300003,68.839996,67.809998,68.339996,142300,64.378763
2012-12-28,68.989998,70.230003,68.00,68.360001,165200,64.397608
2012-12-27,68.059998,69.239998,67.360001,68.639999,178600,64.661377
2012-12-26,69.099998,69.099998,67.790001,67.839996,64300,63.907745
2012-12-24,68.68,69.370003,68.269997,69.029999,128100,65.028771
2012-12-21,68.50,70.07,68.110001,68.519997,518600,64.54833
2012-12-20,69.989998,70.730003,69.510002,69.82,158900,65.77298
2012-12-19,69.160004,70.82,68.730003,70.00,150200,65.942547
2012-12-18,69.18,69.580002,68.50,69.029999,116000,65.028771
2012-12-17,68.169998,69.459999,67.879997,69.419998,125400,65.396164
2012-12-14,68.790001,68.940002,68.019997,68.139999,62600,64.190359
2012-12-13,69.559998,69.720001,68.480003,68.879997,98000,64.887464
2012-12-12,69.870003,69.870003,69.00,69.480003,130600,65.452692
2012-12-11,70.00,70.00,69.300003,69.639999,133900,65.603414
2012-12-10,69.120003,69.870003,69.120003,69.709999,181000,65.669356
2012-12-07,69.699997,69.699997,68.599998,69.239998,74400,65.226598
2012-12-06,69.279999,70.209999,69.279999,69.550003,39400,65.518634
2012-12-05,69.309998,70.050003,69.089996,69.639999,68600,65.603414
2012-12-04,71.010002,71.410004,69.470001,69.50,185800,65.471529
2012-12-03,71.010002,71.019997,70.010002,70.919998,88300,66.809219
2012-11-30,70.669998,70.910004,69.93,70.900002,171000,66.790382
2012-11-29,71.410004,71.620003,69.870003,70.50,121100,66.413566
2012-11-28,71.300003,71.300003,67.860001,71.150002,69400,67.025891
2012-11-27,72.199997,72.849998,71.470001,71.650002,91600,67.496909
2012-11-26,72.059998,72.809998,70.900002,72.07,175600,67.892562
2012-11-23,71.050003,72.220001,71.050003,72.209999,25300,68.024447
2012-11-21,70.760002,71.080002,70.099998,71.050003,58500,66.931688
2012-11-20,70.139999,70.620003,69.330002,70.620003,154600,66.526612
2012-11-19,69.150002,70.470001,68.959999,70.379997,218100,66.300519
2012-11-16,68.080002,69.190002,67.489998,68.839996,100600,64.849782
2012-11-15,68.110001,68.910004,67.339996,68.120003,108100,64.171521
2012-11-14,69.889999,69.989998,68.230003,68.400002,143500,64.435291
2012-11-13,70.93,71.379997,69.589996,69.709999,70600,65.669356
2012-11-12,71.029999,71.540001,70.190002,71.139999,128000,67.016468
2012-11-09,69.779999,71.269997,69.589996,71.029999,200500,66.912844
2012-11-08,70.050003,70.540001,68.980003,69.800003,105800,65.754143
2012-11-07,70.440002,70.580002,69.029999,70.18,90400,66.112114
2012-11-06,70.330002,71.040001,69.830002,70.699997,212800,66.60197
2012-11-05,67.629997,70.529999,67.629997,70.32,139600,66.243999
2012-11-02,69.75,70.480003,67.949997,68.160004,127400,64.209204
2012-11-01,67.370003,70.610001,66.760002,69.730003,202900,65.688201
2012-10-31,67.410004,67.610001,66.610001,67.360001,92100,63.172962
2012-10-26,67.00,67.559998,66.220001,67.480003,66000,63.285506
2012-10-25,67.050003,67.690002,66.519997,66.900002,62600,62.741556
2012-10-24,67.190002,67.690002,66.57,66.650002,116700,62.507096
2012-10-23,68.709999,68.709999,65.370003,67.160004,147000,62.985397
2012-10-22,69.129997,69.809998,68.400002,69.580002,69900,65.25497
2012-10-19,69.519997,70.400002,69.32,69.470001,96300,65.151807
2012-10-18,70.290001,70.290001,69.00,69.779999,93400,65.442535
2012-10-17,69.650002,70.730003,69.650002,70.480003,86700,66.099028
2012-10-16,69.230003,70.010002,69.160004,69.470001,62500,65.151807
2012-10-15,69.00,69.32,68.57,69.129997,84000,64.832937
2012-10-12,68.970001,69.190002,68.82,68.989998,133800,64.70164
2012-10-11,69.50,69.849998,68.809998,68.910004,113700,64.626618
2012-10-10,70.50,70.50,69.269997,69.330002,89900,65.02051
2012-10-09,72.910004,73.07,70.489998,70.629997,63600,66.239699
2012-10-08,72.970001,73.629997,72.839996,73.07,21500,68.528033
2012-10-05,72.959999,74.00,72.959999,73.290001,46800,68.734359
2012-10-04,72.239998,73.010002,72.239998,72.980003,57500,68.44363
2012-10-03,73.470001,73.470001,71.970001,72.190002,85600,67.702735
2012-10-02,72.470001,74.169998,72.470001,73.379997,87500,68.818761
2012-10-01,72.25,72.790001,70.959999,72.449997,198500,67.946569
2012-09-28,72.00,72.550003,71.650002,71.940002,78300,67.468275
2012-09-27,72.589996,72.68,71.940002,72.269997,47000,67.777757
2012-09-26,72.610001,73.080002,71.660004,72.339996,72800,67.843406
2012-09-25,72.720001,73.440002,72.129997,72.650002,159100,68.134141
2012-09-24,71.889999,72.510002,71.470001,72.50,60100,67.993464
2012-09-21,73.00,73.00,71.169998,72.150002,490700,67.665221
2012-09-20,72.099998,72.720001,72.059998,72.589996,57900,68.077866
2012-09-19,72.379997,72.889999,71.809998,72.290001,50500,67.796518
2012-09-18,71.510002,73.339996,71.510002,72.379997,99200,67.88092
2012-09-17,72.169998,72.529999,71.50,71.699997,66800,67.243188
2012-09-14,71.779999,72.669998,71.629997,72.480003,52200,67.97471
2012-09-13,71.529999,72.529999,71.00,71.989998,50100,67.515163
2012-09-12,70.889999,71.669998,70.410004,71.57,46400,67.121271
2012-09-11,71.400002,71.730003,70.589996,70.919998,69100,66.511673
2012-09-10,71.599998,71.669998,70.309998,71.290001,45400,66.858677
2012-09-07,71.699997,72.07,71.110001,71.730003,54400,67.271329
2012-09-06,71.370003,72.459999,71.370003,71.720001,125900,67.261949
2012-09-05,70.809998,71.480003,70.43,71.07,129000,66.652351
2012-09-04,68.449997,71.470001,68.150002,71.209999,154900,66.783648
2012-08-31,68.82,69.279999,67.910004,68.57,87100,64.307749
2012-08-30,67.620003,68.57,67.400002,68.260002,71300,64.01702
2012-08-29,67.279999,68.099998,66.660004,67.889999,63300,63.670017
2012-08-28,67.07,67.349998,66.279999,67.25,108800,63.069799
2012-08-27,67.919998,68.489998,66.959999,66.989998,102600,62.825958
2012-08-24,66.75,68.300003,66.75,67.580002,82200,63.379288
2012-08-23,67.989998,68.309998,67.269997,67.540001,95300,63.341774
2012-08-22,67.760002,68.089996,67.139999,67.93,52300,63.707531
2012-08-21,67.440002,68.040001,66.669998,67.889999,79200,63.670017
2012-08-20,66.769997,67.360001,66.540001,67.32,46900,63.135448
2012-08-17,66.919998,67.300003,66.480003,66.959999,73200,62.797824
2012-08-16,67.080002,67.309998,66.260002,67.00,102000,62.835339
2012-08-15,67.419998,67.559998,66.82,67.25,110700,63.069799
2012-08-14,68.50,68.50,66.980003,67.510002,128600,63.31364
2012-08-13,68.400002,68.809998,67.709999,68.120003,61600,63.885723
2012-08-10,68.339996,68.919998,68.059998,68.580002,201000,64.317129
2012-08-09,68.459999,69.00,68.019997,68.470001,85400,64.213966
2012-08-08,68.07,69.029999,68.07,68.540001,60000,64.279615
2012-08-07,68.760002,69.18,68.459999,68.57,106900,64.045153
2012-08-06,68.660004,69.00,68.260002,68.739998,239200,64.203933
2012-08-03,69.00,69.160004,68.510002,68.809998,242600,64.269314
2012-08-02,69.00,69.00,67.43,68.870003,134400,64.325359
2012-08-01,69.080002,71.379997,68.32,69.940002,331900,65.324751
2012-07-31,72.269997,73.519997,67.599998,69.080002,335800,64.521501
2012-07-30,73.970001,73.970001,72.379997,72.75,159800,67.949321
2012-07-27,74.650002,75.07,73.709999,74.050003,104800,69.163538
2012-07-26,73.50,74.57,73.330002,74.519997,68700,69.602517
2012-07-25,71.940002,73.029999,71.669998,72.809998,96300,68.005359
2012-07-24,72.400002,72.779999,71.360001,71.610001,112600,66.884548
2012-07-23,72.410004,72.75,71.559998,72.620003,178200,67.827902
2012-07-20,73.699997,73.93,72.919998,73.110001,61400,68.285565
2012-07-19,74.519997,74.669998,74.00,74.199997,79600,69.303634
2012-07-18,73.959999,75.120003,73.610001,74.43,87400,69.51846
2012-07-17,74.889999,75.169998,73.279999,74.080002,100200,69.191557
2012-07-16,73.980003,75.129997,73.32,74.739998,69500,69.808001
2012-07-13,74.480003,74.82,74.00,74.339996,44200,69.434395
2012-07-12,73.480003,74.580002,72.50,74.540001,59700,69.621202
2012-07-11,73.349998,73.910004,72.959999,73.800003,62800,68.930035
2012-07-10,75.169998,75.169998,73.00,73.370003,108700,68.52841
2012-07-09,73.889999,74.279999,73.620003,74.160004,109900,69.26628
2012-07-06,74.209999,74.260002,73.480003,73.889999,36400,69.014093
2012-07-05,74.989998,75.230003,74.550003,74.889999,104700,69.948104
2012-07-03,75.800003,75.980003,74.580002,75.00,98800,70.050846
2012-07-02,74.370003,76.019997,74.00,76.019997,88700,71.003534
2012-06-29,74.349998,74.790001,73.839996,74.199997,106000,69.303634
2012-06-28,72.269997,73.220001,71.709999,73.220001,142900,68.388307
2012-06-27,71.290001,73.00,71.160004,72.879997,73400,68.07074
2012-06-26,71.040001,71.459999,70.760002,71.300003,77500,66.595007
2012-06-25,71.410004,71.449997,70.519997,71.080002,62400,66.389524
2012-06-22,70.830002,72.110001,70.610001,72.07,124900,67.314193
2012-06-21,70.300003,71.599998,70.269997,70.57,165900,65.913176
2012-06-20,69.699997,70.629997,69.699997,70.599998,122100,65.941195
2012-06-19,68.599998,70.150002,68.190002,69.889999,100900,65.278048
2012-06-18,67.620003,68.790001,67.459999,68.529999,69800,64.007792
2012-06-15,67.379997,68.32,66.800003,67.93,127600,63.447387
2012-06-14,65.959999,67.50,65.650002,67.160004,83100,62.728201
2012-06-13,65.82,66.370003,65.559998,65.830002,61800,61.485964
2012-06-12,65.709999,66.110001,64.959999,65.959999,47000,61.607383
2012-06-11,66.93,66.93,65.330002,65.43,60300,61.112358
2012-06-08,65.82,66.93,65.82,66.339996,126300,61.962305
2012-06-07,67.349998,67.709999,66.169998,66.230003,118600,61.85957
2012-06-06,67.010002,67.349998,66.470001,66.599998,74500,62.20515
2012-06-05,65.580002,66.629997,65.550003,66.480003,37000,62.093073
2012-06-04,66.419998,67.00,65.559998,65.910004,40200,61.560687
2012-06-01,66.650002,67.300003,66.339996,66.459999,69600,62.074389
2012-05-31,68.379997,68.379997,67.32,67.860001,112600,63.382006
2012-05-30,69.389999,69.389999,68.190002,68.339996,41600,63.830327
2012-05-29,69.730003,70.610001,69.32,69.730003,75600,65.12861
2012-05-25,69.760002,69.760002,68.75,69.089996,42800,64.530836
2012-05-24,68.889999,69.57,68.419998,69.260002,52800,64.689623
2012-05-23,68.089996,69.050003,67.93,68.889999,61000,64.344037
2012-05-22,67.43,69.220001,67.43,68.809998,103000,64.269314
2012-05-21,66.199997,67.57,65.669998,67.309998,82100,62.868297
2012-05-18,67.080002,67.209999,65.879997,66.139999,79000,61.775506
2012-05-17,68.879997,69.139999,67.010002,67.040001,77900,62.616117
2012-05-16,69.190002,69.449997,68.540001,68.839996,54800,64.297333
2012-05-15,69.099998,69.360001,68.620003,68.870003,58000,64.325359
2012-05-14,68.760002,69.199997,67.900002,69.040001,80100,64.48414
2012-05-11,69.010002,69.720001,68.989998,69.160004,57100,64.596224
2012-05-10,69.279999,70.00,69.010002,69.339996,74000,64.764339
2012-05-09,68.720001,69.089996,68.199997,68.82,91800,64.278656
2012-05-08,68.449997,69.519997,67.769997,69.389999,131100,64.549517
2012-05-07,67.989998,69.309998,67.550003,69.010002,127000,64.196027
2012-05-04,68.160004,68.779999,67.730003,68.150002,107600,63.396018
2012-05-03,68.269997,69.050003,68.269997,68.470001,72000,63.693695
2012-05-02,67.870003,68.809998,67.370003,68.199997,74000,63.442526
2012-05-01,63.080002,68.730003,63.080002,67.82,153000,63.089037
2012-04-30,67.720001,68.150002,66.480003,66.940002,124000,62.270426
2012-04-27,67.57,68.07,67.029999,67.900002,92100,63.163458
2012-04-26,66.800003,67.68,66.510002,67.25,72300,62.558799
2012-04-25,65.980003,66.900002,65.449997,66.790001,108700,62.130888
2012-04-24,65.209999,65.519997,64.879997,65.190002,75000,60.642502
2012-04-23,65.599998,65.599998,64.82,65.379997,80400,60.819243
2012-04-20,66.230003,66.589996,65.839996,66.120003,74900,61.507627
2012-04-19,66.089996,66.860001,65.709999,66.099998,118500,61.489019
2012-04-18,66.660004,66.889999,65.980003,66.089996,56100,61.479714
2012-04-17,66.300003,67.139999,66.029999,66.830002,259800,62.168099
2012-04-16,66.339996,67.370003,65.760002,65.910004,64800,61.312277
2012-04-13,67.50,67.620003,66.050003,66.07,77200,61.461112
2012-04-12,66.949997,67.849998,66.699997,67.529999,54000,62.819265
