Date,Open,High,Low,Close,Volume,Adj Close
2016-11-25,78.849998,79.330002,78.419998,78.610001,2538900,78.610001
2016-11-23,77.93,78.959999,77.580002,78.480003,6768400,78.480003
2016-11-22,76.889999,78.129997,76.860001,77.870003,5796100,77.870003
2016-11-21,76.120003,76.809998,76.00,76.510002,4455300,76.510002
2016-11-18,75.900002,76.389999,75.690002,76.190002,5719700,76.190002
2016-11-17,76.18,76.43,75.400002,76.129997,8040700,76.129997
2016-11-16,77.50,78.300003,75.559998,76.029999,21918700,76.029999
2016-11-15,72.309998,72.370003,71.169998,71.440002,7708300,71.440002
2016-11-14,71.07,72.879997,70.849998,72.169998,7455400,72.169998
2016-11-11,70.43,71.540001,70.199997,71.349998,5330600,70.749998
2016-11-10,69.669998,72.199997,69.389999,70.540001,9639100,69.946812
2016-11-09,66.290001,69.25,66.010002,68.809998,9570700,68.231356
2016-11-08,67.360001,67.739998,66.650002,67.050003,5097500,66.486162
2016-11-07,67.220001,67.57,67.029999,67.529999,4777700,66.962121
2016-11-04,66.720001,67.309998,66.519997,66.529999,3937300,65.970531
2016-11-03,68.540001,68.589996,66.550003,66.669998,5068400,66.109353
2016-11-02,67.720001,68.489998,67.349998,68.260002,3970600,67.685986
2016-11-01,68.660004,68.830002,67.400002,67.779999,4019500,67.210019
2016-10-31,68.779999,69.25,68.510002,68.730003,3349500,68.152035
2016-10-28,67.720001,69.25,67.720001,68.830002,4114500,68.251192
2016-10-27,68.589996,68.779999,67.489998,67.620003,3731200,67.051368
2016-10-26,67.879997,68.959999,67.790001,68.589996,2846500,68.013205
2016-10-25,68.00,68.330002,67.800003,67.949997,2553100,67.378588
2016-10-24,68.330002,68.699997,68.00,68.260002,2545800,67.685986
2016-10-21,67.43,68.449997,67.25,68.230003,3121800,67.656239
2016-10-20,67.620003,67.889999,67.449997,67.709999,3961200,67.140608
2016-10-19,67.629997,67.699997,67.120003,67.529999,2619600,66.962121
2016-10-18,67.550003,67.720001,67.010002,67.360001,3011600,66.793553
2016-10-17,67.980003,68.00,67.089996,67.239998,4059500,66.674559
2016-10-14,67.900002,68.550003,67.709999,68.110001,3818700,67.537246
2016-10-13,67.669998,68.18,67.309998,67.889999,3292100,67.319095
2016-10-12,68.459999,68.559998,67.809998,67.860001,4279600,67.289348
2016-10-11,68.790001,69.019997,68.279999,68.389999,3029900,67.81489
2016-10-10,69.410004,69.410004,68.690002,68.860001,2724100,68.280939
2016-10-07,68.610001,69.209999,68.480003,69.040001,3863100,68.459425
2016-10-06,67.540001,68.580002,67.209999,68.410004,5032300,67.834726
2016-10-05,68.620003,68.720001,67.629997,67.739998,4762300,67.170354
2016-10-04,68.779999,69.559998,68.50,68.650002,4376500,68.072706
2016-10-03,68.50,69.029999,68.379997,68.68,3295900,68.102452
2016-09-30,67.769997,68.900002,67.769997,68.68,4900500,68.102452
2016-09-29,67.849998,68.269997,67.669998,67.720001,2887300,67.150526
2016-09-28,68.220001,68.360001,67.730003,67.82,3376000,67.249684
2016-09-27,68.050003,68.50,67.730003,68.290001,5778400,67.715732
2016-09-26,68.449997,68.449997,67.120003,67.220001,6902800,66.654731
2016-09-23,68.370003,68.980003,68.300003,68.769997,3541900,68.191692
2016-09-22,69.660004,70.059998,68.040001,68.559998,7619200,67.983459
2016-09-21,69.150002,69.639999,68.720001,69.470001,4311000,68.88581
2016-09-20,69.190002,69.290001,68.470001,68.620003,2988200,68.042959
2016-09-19,69.379997,69.769997,68.870003,68.889999,4504600,68.310685
2016-09-16,68.919998,69.330002,68.760002,69.230003,7138000,68.64783
2016-09-15,68.059998,69.32,67.919998,69.209999,5370900,68.627994
2016-09-14,69.290001,69.459999,68.089996,68.199997,6638000,67.626485
2016-09-13,69.099998,69.449997,68.82,68.940002,9374900,68.360268
2016-09-12,68.449997,69.519997,68.209999,69.300003,8167900,68.717241
2016-09-09,69.040001,69.419998,68.75,69.00,6177800,68.419761
2016-09-08,70.300003,70.300003,69.419998,69.459999,9141200,68.875892
2016-09-07,69.940002,70.419998,69.809998,70.300003,5131500,69.708832
2016-09-06,70.879997,70.959999,69.57,70.099998,8235200,69.510509
2016-09-02,70.949997,71.43,70.459999,70.809998,7857000,70.214538
2016-09-01,70.339996,70.699997,70.099998,70.580002,5199900,69.986476
2016-08-31,70.169998,70.849998,69.93,70.190002,5025100,69.599756
2016-08-30,71.050003,71.139999,70.110001,70.389999,4031800,69.798071
2016-08-29,70.43,71.139999,70.300003,71.050003,3992200,70.452525
2016-08-26,70.779999,71.50,70.080002,70.349998,5023100,69.758407
2016-08-25,71.410004,72.099998,70.589996,70.809998,5068000,70.214538
2016-08-24,71.230003,71.940002,71.190002,71.730003,5780500,71.126807
2016-08-23,70.589996,71.50,70.589996,71.050003,5622700,70.452525
2016-08-22,70.300003,70.580002,69.82,70.389999,4548900,69.798071
2016-08-19,70.110001,70.720001,69.989998,70.120003,5930800,69.530345
2016-08-18,70.43,70.709999,69.239998,70.300003,11650900,69.708832
2016-08-17,70.480003,71.650002,69.900002,70.629997,19611500,70.036051
2016-08-16,75.480003,76.080002,75.120003,75.480003,6924200,74.845272
2016-08-15,75.580002,76.230003,75.269997,75.529999,5373400,74.894847
2016-08-12,74.360001,75.959999,74.260002,75.809998,6670900,74.577537
2016-08-11,75.150002,75.18,73.529999,74.010002,6311400,72.806805
2016-08-10,72.879997,73.379997,72.669998,73.050003,4037400,71.862413
2016-08-09,73.620003,73.620003,71.739998,72.610001,7492600,71.429563
2016-08-08,75.00,75.519997,74.550003,75.00,3022200,73.780708
2016-08-05,74.510002,75.110001,74.339996,74.940002,3056600,73.721686
2016-08-04,74.00,74.470001,73.779999,74.139999,3095300,72.934689
2016-08-03,73.209999,74.110001,72.160004,74.099998,5490100,72.895338
2016-08-02,75.959999,76.440002,73.690002,73.889999,5071800,72.688753
2016-08-01,74.839996,75.559998,74.669998,75.510002,3818200,74.282419
2016-07-29,74.900002,75.389999,74.540001,75.330002,4969000,74.105345
2016-07-28,75.040001,75.230003,74.050003,74.790001,4165900,73.574123
2016-07-27,76.379997,76.379997,75.040001,75.25,3161800,74.026644
2016-07-26,76.379997,77.379997,76.029999,76.220001,5027200,74.980875
2016-07-25,74.940002,76.330002,74.870003,76.300003,4208000,75.059577
2016-07-22,74.50,75.00,74.169998,74.919998,2514400,73.702007
2016-07-21,74.410004,74.690002,74.150002,74.339996,3269200,73.131434
2016-07-20,74.199997,74.50,73.959999,74.480003,2802300,73.269165
2016-07-19,73.889999,74.019997,73.410004,73.949997,4255700,72.747775
2016-07-18,72.879997,74.019997,72.879997,73.959999,3852600,72.757615
2016-07-15,73.489998,73.790001,72.50,73.040001,5205300,71.852573
2016-07-14,73.589996,74.220001,73.489998,73.489998,4802000,72.295254
2016-07-13,73.519997,73.839996,73.089996,73.169998,3606700,71.980457
2016-07-12,72.489998,73.599998,72.440002,73.519997,6648500,72.324765
2016-07-11,71.400002,72.720001,71.349998,72.540001,5264100,71.360702
2016-07-08,70.669998,71.57,70.459999,71.309998,4675400,70.150695
2016-07-07,70.459999,70.919998,69.75,70.089996,5088100,68.950527
2016-07-06,69.540001,70.540001,69.440002,70.510002,3907800,69.363705
2016-07-05,70.00,70.209999,69.379997,69.739998,3311100,68.606219
2016-07-01,69.639999,70.50,69.599998,70.050003,5005400,68.911184
2016-06-30,70.199997,70.300003,69.400002,69.82,6502300,68.68492
2016-06-29,69.760002,70.580002,69.68,70.00,6771300,68.861994
2016-06-28,69.709999,70.410004,69.059998,69.739998,7325300,68.606219
2016-06-27,69.050003,69.720001,67.900002,69.449997,5570000,68.320933
2016-06-24,68.230003,69.860001,68.080002,69.349998,6760800,68.22256
2016-06-23,69.370003,70.199997,69.290001,69.779999,7511100,68.64557
2016-06-22,68.260002,69.199997,68.260002,68.860001,4421800,67.740528
2016-06-21,68.269997,68.839996,67.669998,68.300003,4579800,67.189634
2016-06-20,68.110001,68.889999,67.989998,67.989998,4327200,66.884669
2016-06-17,67.010002,68.089996,66.870003,67.50,7864300,66.402637
2016-06-16,67.220001,67.540001,66.730003,66.980003,4967900,65.891094
2016-06-15,66.980003,67.849998,66.889999,67.269997,5894700,66.176373
2016-06-14,66.669998,66.940002,65.93,66.739998,5271800,65.654991
2016-06-13,67.849998,68.089996,66.839996,66.889999,4603700,65.802554
2016-06-10,67.449997,68.129997,67.050003,67.879997,4743600,66.776457
2016-06-09,68.580002,68.870003,67.360001,67.690002,6122900,66.589551
2016-06-08,68.349998,68.910004,68.120003,68.620003,5708900,67.504432
2016-06-07,69.220001,69.639999,68.190002,68.239998,5375400,67.130605
2016-06-06,68.620003,69.220001,68.230003,68.809998,5623900,67.691338
2016-06-03,68.379997,69.029999,68.07,68.650002,7236300,67.533943
2016-06-02,67.739998,68.419998,67.739998,68.32,13664100,67.209306
2016-06-01,68.959999,68.959999,68.010002,68.410004,8786700,67.297847
2016-05-31,69.279999,69.470001,68.470001,68.779999,8560500,67.661827
2016-05-27,68.980003,69.529999,68.760002,68.900002,4778000,67.779879
2016-05-26,69.629997,70.110001,68.800003,68.910004,7018000,67.789718
2016-05-25,68.82,69.68,68.32,69.279999,8697700,68.153698
2016-05-24,68.07,69.220001,68.019997,68.690002,7586700,67.573294
2016-05-23,68.779999,69.050003,67.860001,67.93,7890200,66.825647
2016-05-20,67.389999,69.139999,67.00,68.660004,9325800,67.543782
2016-05-19,68.160004,68.709999,66.790001,67.059998,12987700,65.969788
2016-05-18,67.480003,68.620003,65.50,68.00,36405600,66.894509
2016-05-17,74.650002,75.099998,73.059998,73.610001,9292800,72.413306
2016-05-16,73.550003,75.349998,73.00,74.610001,8756400,73.397049
2016-05-13,75.260002,75.389999,73.779999,73.879997,9456800,72.12802
2016-05-12,75.330002,76.400002,75.309998,75.599998,9124900,73.807233
2016-05-11,77.059998,77.370003,75.68,75.699997,11492700,73.90486
2016-05-10,79.860001,80.510002,79.300003,80.050003,3855000,78.151711
2016-05-09,79.089996,80.300003,78.769997,79.93,4391500,78.034554
2016-05-06,78.129997,78.860001,77.849998,78.739998,3459200,76.872771
2016-05-05,79.559998,79.709999,77.620003,78.129997,5655500,76.277236
2016-05-04,79.669998,80.269997,79.43,79.709999,3214500,77.81977
2016-05-03,79.970001,80.339996,79.57,79.989998,3231300,78.093129
2016-05-02,79.449997,80.160004,79.040001,80.120003,4891900,78.220051
2016-04-29,80.599998,80.68,79.010002,79.50,6838700,77.614751
2016-04-28,82.82,82.989998,81.150002,81.330002,3833000,79.401356
2016-04-27,82.669998,83.57,82.199997,83.290001,3580200,81.314876
2016-04-26,82.639999,83.110001,82.43,82.599998,2933800,80.641236
2016-04-25,82.150002,82.599998,81.599998,82.599998,3163700,80.641236
2016-04-22,82.889999,83.129997,82.150002,82.330002,3208300,80.377642
2016-04-21,83.080002,83.629997,82.50,82.75,3328900,80.787681
2016-04-20,83.940002,83.959999,82.519997,82.870003,3737200,80.904838
2016-04-19,83.50,84.139999,83.389999,83.980003,3423700,81.988516
2016-04-18,82.669998,83.75,82.660004,83.419998,3716800,81.441791
2016-04-15,82.07,83.059998,82.00,82.599998,3547000,80.641236
2016-04-14,81.349998,82.099998,81.279999,81.779999,2689900,79.840682
2016-04-13,81.110001,81.669998,80.489998,81.559998,2497900,79.625898
2016-04-12,79.940002,81.059998,79.360001,80.779999,3338900,78.864396
2016-04-11,80.940002,81.339996,79.709999,79.769997,4683000,77.878345
2016-04-08,81.260002,81.379997,80.550003,80.879997,3958500,78.962023
2016-04-07,81.949997,82.32,81.00,81.57,4138800,79.635663
2016-04-06,82.050003,82.410004,81.660004,82.169998,3885500,80.221433
2016-04-05,82.150002,82.599998,81.809998,82.099998,4397200,80.153093
2016-04-04,82.889999,83.360001,82.120003,82.300003,3753600,80.348355
2016-04-01,81.760002,83.190002,81.760002,82.760002,4288800,80.797446
2016-03-31,82.50,83.150002,80.980003,82.279999,9481500,80.328825
2016-03-30,83.419998,83.900002,82.970001,83.599998,3205900,81.617523
2016-03-29,82.860001,83.269997,82.120003,82.970001,3576500,81.002465
2016-03-28,82.379997,83.440002,82.309998,82.800003,5692900,80.836498
2016-03-24,81.360001,82.18,81.18,82.040001,4304900,80.094519
2016-03-23,81.730003,82.349998,81.50,81.50,4792700,79.567323
2016-03-22,82.389999,82.620003,81.650002,81.699997,5264600,79.762577
2016-03-21,82.50,82.900002,82.129997,82.199997,4656000,80.25072
2016-03-18,83.370003,84.00,82.699997,82.709999,7754400,80.748628
2016-03-17,82.260002,83.32,82.260002,83.019997,5689900,81.051275
2016-03-16,81.889999,82.449997,80.959999,82.389999,4066000,80.436217
2016-03-15,81.360001,81.889999,81.18,81.650002,3213000,79.713768
2016-03-14,81.849998,82.099998,81.269997,81.769997,3548800,79.830917
2016-03-11,81.889999,82.449997,81.519997,81.870003,4103300,79.928552
2016-03-10,81.610001,82.029999,80.300003,81.50,5694800,79.567323
2016-03-09,81.00,81.50,80.589996,81.209999,3573100,79.284199
2016-03-08,80.550003,81.400002,80.459999,80.529999,3981100,78.620324
2016-03-07,80.529999,81.199997,80.25,80.82,4665000,78.903448
2016-03-04,80.07,81.599998,79.459999,81.129997,6059200,79.206095
2016-03-03,80.510002,80.690002,78.57,79.709999,11353900,77.81977
2016-03-02,80.940002,81.639999,80.18,81.099998,9385300,79.176807
2016-03-01,79.120003,81.050003,78.879997,80.959999,7174400,79.040128
2016-02-29,78.269997,79.169998,78.019997,78.449997,5226200,76.589647
2016-02-26,78.900002,78.970001,77.32,78.43,5190100,76.570125
2016-02-25,77.00,78.82,76.160004,78.669998,8383100,76.804431
2016-02-24,74.389999,77.00,73.400002,76.940002,15048400,75.115461
2016-02-23,72.830002,74.379997,72.669998,73.989998,5823100,72.235412
2016-02-22,72.32,73.25,72.260002,72.470001,4766400,70.75146
2016-02-19,72.199997,72.32,70.559998,72.32,4390800,70.605016
2016-02-18,70.949997,72.669998,69.50,72.529999,5394800,70.810035
2016-02-17,72.199997,72.650002,71.519997,72.099998,4933400,70.390232
2016-02-16,70.620003,71.559998,69.699997,71.50,3952000,69.804461
2016-02-12,68.029999,69.980003,67.43,69.949997,4651800,68.291215
2016-02-11,68.32,69.169998,67.650002,68.050003,3846100,65.889556
2016-02-10,70.43,70.699997,68.57,68.760002,4691200,66.577014
2016-02-09,69.800003,70.470001,68.970001,69.860001,5110600,67.64209
2016-02-08,69.18,70.290001,68.239998,70.00,5392400,67.777644
2016-02-05,70.040001,70.75,69.449997,69.559998,3764200,67.351611
2016-02-04,70.669998,70.669998,69.129997,70.040001,7650400,67.816375
2016-02-03,73.860001,73.940002,71.599998,72.57,5444900,70.266052
2016-02-02,72.709999,73.410004,72.32,73.309998,4635500,70.982556
2016-02-01,71.25,73.209999,70.330002,72.830002,4714900,70.5178
2016-01-29,71.139999,72.529999,71.019997,72.419998,5184500,70.120813
2016-01-28,71.309998,71.440002,70.18,70.989998,4073300,68.736212
2016-01-27,70.209999,71.870003,70.080002,70.690002,3961400,68.445741
2016-01-26,69.389999,70.650002,69.010002,70.440002,4052600,68.203678
2016-01-25,69.769997,69.989998,68.849998,68.919998,5312200,66.73193
2016-01-22,69.18,69.980003,69.139999,69.720001,3740800,67.506535
2016-01-21,68.07,69.669998,67.540001,68.639999,6869300,66.460821
2016-01-20,68.220001,68.620003,66.459999,67.589996,9395700,65.444153
2016-01-19,69.849998,70.559998,68.699997,69.239998,5645400,67.041771
2016-01-15,68.830002,70.589996,68.830002,70.080002,7268900,67.855106
2016-01-14,71.620003,71.639999,70.00,70.410004,6283200,68.174631
2016-01-13,73.290001,73.75,71.550003,71.639999,5963500,69.365577
2016-01-12,72.970001,73.550003,72.629997,73.360001,4851100,71.030972
2016-01-11,71.529999,72.75,70.510002,72.419998,6369700,70.120813
2016-01-08,74.209999,74.790001,71.269997,71.379997,7749000,69.11383
2016-01-07,73.580002,76.00,73.489998,73.879997,11289900,71.53446
2016-01-06,73.800003,74.800003,73.379997,74.080002,4921400,71.728115
2016-01-05,73.739998,75.239998,73.629997,74.839996,8191400,72.463981
2016-01-04,71.839996,73.709999,71.529999,73.550003,8233300,71.214942
2015-12-31,73.209999,73.209999,72.470001,72.610001,3436500,70.304783
2015-12-30,74.559998,74.57,73.559998,73.620003,2143600,71.28272
2015-12-29,73.470001,75.00,73.339996,74.440002,4548300,72.076686
2015-12-28,73.040001,73.43,72.220001,72.870003,2427300,70.55653
2015-12-24,73.459999,73.589996,72.760002,73.169998,1097700,70.847002
2015-12-23,73.040001,73.800003,72.940002,73.650002,2592900,71.311766
2015-12-22,72.089996,72.940002,71.870003,72.610001,3524500,70.304783
2015-12-21,71.510002,71.959999,71.080002,71.709999,3727800,69.433355
2015-12-18,71.860001,72.18,70.699997,71.370003,7597700,69.104152
2015-12-17,73.800003,74.040001,72.059998,72.330002,6749900,70.033673
2015-12-16,73.029999,74.040001,73.00,73.800003,3959100,71.457005
2015-12-15,73.059998,74.25,72.769997,72.980003,4581800,70.663039
2015-12-14,71.830002,72.989998,71.629997,72.720001,4721100,70.411291
2015-12-11,71.790001,72.550003,71.300003,71.839996,3764900,69.559225
2015-12-10,72.349998,73.050003,72.099998,72.370003,4215100,70.072404
2015-12-09,72.25,72.989998,71.169998,72.010002,4235900,69.723833
2015-12-08,73.080002,73.360001,72.489998,72.660004,3839500,70.353198
2015-12-07,73.50,74.260002,73.150002,73.389999,4991800,71.060018
2015-12-04,73.120003,74.239998,73.110001,73.900002,6492900,71.553829
2015-12-03,72.010002,73.239998,71.760002,73.190002,7226800,70.866371
2015-12-02,72.800003,73.010002,71.860001,71.93,5571100,69.646371
2015-12-01,73.07,73.43,72.25,72.809998,4361100,70.49843
2015-11-30,73.779999,73.779999,72.120003,72.50,7748900,70.198275
2015-11-27,73.559998,73.879997,72.82,73.440002,2596100,71.108434
2015-11-25,73.220001,73.620003,72.949997,73.160004,5598700,70.837324
2015-11-24,71.870003,73.160004,71.760002,72.889999,4802400,70.575892
2015-11-23,71.059998,72.900002,71.00,72.279999,5454100,69.985258
2015-11-20,71.110001,71.650002,70.589996,70.830002,5994100,68.581295
2015-11-19,70.00,71.480003,69.849998,70.550003,8337100,68.310186
2015-11-18,71.639999,71.980003,68.150002,69.779999,25042800,67.564628
2015-11-17,71.199997,74.379997,71.199997,72.910004,9077600,70.595261
2015-11-16,71.199997,72.379997,70.800003,72.309998,8938200,70.014304
2015-11-13,73.709999,73.709999,71.540001,71.889999,8161000,69.065419
2015-11-12,74.849998,75.769997,74.330002,74.93,5801900,71.985977
2015-11-11,76.400002,76.629997,73.949997,74.870003,7441100,71.928337
2015-11-10,76.419998,77.910004,76.00,77.190002,3943700,74.157183
2015-11-09,77.389999,77.540001,74.919998,76.230003,5529800,73.234903
2015-11-06,78.160004,78.480003,76.43,77.220001,4483400,74.186004
2015-11-05,77.139999,78.209999,76.599998,78.150002,3217600,75.079464
2015-11-04,78.699997,78.699997,76.599998,77.389999,3726700,74.349322
2015-11-03,77.379997,78.50,77.199997,78.230003,3740800,75.156322
2015-11-02,77.00,77.470001,75.519997,77.260002,4147100,74.224433
2015-10-30,76.169998,77.919998,76.089996,77.18,4952700,74.147574
2015-10-29,76.209999,76.50,74.970001,76.279999,3815800,73.282934
2015-10-28,75.089996,76.279999,74.699997,76.230003,4327800,73.234903
2015-10-27,74.040001,74.739998,73.919998,74.730003,4083700,71.793838
2015-10-26,73.25,74.760002,73.18,74.019997,6706700,71.111728
2015-10-23,77.489998,77.599998,72.75,72.940002,9443200,70.074167
2015-10-22,76.57,77.169998,75.959999,77.110001,4943800,74.080325
2015-10-21,74.849998,76.599998,74.610001,76.400002,5847400,73.398222
2015-10-20,74.830002,75.300003,74.379997,74.400002,4881000,71.476802
2015-10-19,75.019997,75.300003,74.629997,74.699997,4639400,71.765011
2015-10-16,75.370003,75.389999,74.699997,75.050003,4871600,72.101265
2015-10-15,76.120003,76.209999,73.379997,75.129997,10162100,72.178116
2015-10-14,79.260002,80.110001,74.559998,76.199997,18449200,73.206076
2015-10-13,79.110001,79.839996,78.910004,78.959999,2910200,75.857636
2015-10-12,78.879997,79.379997,78.860001,79.209999,1556800,76.097814
2015-10-09,78.690002,78.959999,78.190002,78.879997,2857600,75.780778
2015-10-08,78.540001,79.660004,78.389999,78.690002,3580600,75.598248
2015-10-07,78.589996,78.769997,77.989998,78.559998,3291100,75.473351
2015-10-06,79.330002,79.459999,77.370003,78.099998,4892800,75.031425
2015-10-05,79.970001,80.169998,79.290001,79.510002,4708700,76.38603
2015-10-02,78.07,79.57,77.400002,79.529999,4631100,76.405241
2015-10-01,78.349998,79.589996,78.18,79.510002,6393600,76.38603
2015-09-30,78.82,78.940002,78.18,78.660004,4579600,75.569428
2015-09-29,77.660004,78.559998,77.160004,77.980003,4816600,74.916145
2015-09-28,78.989998,79.169998,77.389999,77.669998,4332800,74.61832
2015-09-25,79.610001,79.980003,78.75,79.050003,3055600,75.944104
2015-09-24,78.459999,79.18,77.93,79.059998,3934200,75.953706
2015-09-23,78.00,78.879997,77.830002,78.760002,3940200,75.665497
2015-09-22,77.599998,78.120003,77.279999,78.050003,3146400,74.983394
2015-09-21,77.160004,78.620003,76.949997,78.260002,4180400,75.185142
2015-09-18,77.339996,77.900002,76.489998,76.620003,6651600,73.609579
2015-09-17,78.779999,79.120003,77.879997,78.010002,5668900,74.944965
2015-09-16,77.779999,78.610001,77.639999,78.50,3468900,75.415711
2015-09-15,77.389999,78.25,77.160004,77.82,3423600,74.762428
2015-09-14,77.650002,77.860001,76.580002,77.150002,2715300,74.118754
2015-09-11,76.839996,78.010002,76.839996,77.879997,3346100,74.820068
2015-09-10,76.709999,77.75,76.599998,77.07,4479000,74.041896
2015-09-09,79.050003,79.089996,77.00,77.160004,3349100,74.128363
2015-09-08,77.690002,78.440002,76.980003,78.379997,4929100,75.300423
2015-09-04,76.849998,77.169998,76.150002,76.419998,4112900,73.417433
2015-09-03,77.529999,78.470001,77.160004,77.449997,4559200,74.406963
2015-09-02,76.290001,77.230003,76.07,77.050003,7527600,74.022685
2015-09-01,76.419998,76.839996,74.989998,75.389999,6690000,72.427903
2015-08-31,77.43,78.199997,76.949997,77.709999,4477100,74.656749
2015-08-28,77.790001,78.800003,77.559998,78.029999,4424900,74.964176
2015-08-27,77.190002,77.919998,76.559998,77.849998,6929900,74.791248
2015-08-26,75.760002,77.139999,74.360001,76.839996,8160000,73.820929
2015-08-25,76.760002,77.160004,73.870003,73.940002,7554700,71.034877
2015-08-24,73.900002,77.580002,71.910004,75.279999,10419100,72.322224
2015-08-21,80.07,80.870003,78.360001,78.400002,7982000,75.319641
2015-08-20,80.349998,81.669998,79.809998,80.660004,7497600,77.490847
2015-08-19,80.300003,84.620003,79.120003,80.870003,21118400,77.692595
2015-08-18,78.599998,80.730003,78.599998,80.300003,7326700,77.144991
2015-08-17,78.43,79.199997,78.190002,78.980003,2908900,75.876855
2015-08-14,78.980003,79.610001,78.730003,79.349998,3597900,75.694313
2015-08-13,78.730003,79.809998,78.290001,78.989998,3322900,75.350897
2015-08-12,78.550003,79.239998,77.080002,79.00,5077100,75.360439
2015-08-11,78.650002,79.260002,78.269997,78.870003,4188100,75.23643
2015-08-10,79.449997,79.690002,78.82,78.970001,2998400,75.331822
2015-08-07,79.639999,79.739998,78.599998,78.980003,3153400,75.341363
2015-08-06,80.00,80.339996,78.620003,79.540001,4508200,75.875562
2015-08-05,80.629997,81.07,79.75,80.040001,4303400,76.352526
2015-08-04,80.309998,80.779999,79.709999,80.050003,4355600,76.362068
2015-08-03,81.18,81.629997,80.050003,80.389999,3595800,76.6864
2015-07-31,82.279999,82.360001,81.709999,81.849998,2832200,78.079137
2015-07-30,81.580002,82.279999,81.540001,81.93,2991300,78.155453
2015-07-29,80.690002,82.019997,80.599998,81.839996,5323500,78.069595
2015-07-28,80.489998,80.599998,79.489998,80.529999,5457200,76.81995
2015-07-27,79.870003,79.879997,79.129997,79.489998,4637300,75.827862
2015-07-24,81.870003,81.870003,80.099998,80.209999,5294300,76.514693
2015-07-23,82.889999,82.949997,81.620003,81.650002,3489600,77.888354
2015-07-22,82.550003,83.349998,82.440002,82.82,4350900,79.004449
2015-07-21,84.18,84.25,82.150002,82.279999,6085900,78.489327
2015-07-20,84.650002,84.980003,84.169998,84.230003,3261400,80.349494
2015-07-17,84.699997,85.010002,84.440002,84.690002,2924600,80.7883
2015-07-16,84.75,85.309998,84.50,85.010002,2971600,81.093558
2015-07-15,84.099998,84.550003,83.440002,84.459999,2853900,80.568893
2015-07-14,84.110001,84.370003,83.32,84.099998,4095400,80.225478
2015-07-13,84.669998,84.739998,84.099998,84.099998,3450800,80.225478
2015-07-10,84.089996,84.190002,83.610001,83.910004,3271100,80.044236
2015-07-09,84.199997,84.330002,83.019997,83.040001,3733000,79.214315
2015-07-08,83.68,84.239998,83.389999,83.480003,4087600,79.634046
2015-07-07,83.089996,84.480003,82.75,84.449997,5709100,80.559352
2015-07-06,81.849998,83.209999,81.75,82.93,3539100,79.109382
2015-07-02,83.059998,83.43,82.150002,82.269997,3422000,78.479785
2015-07-01,82.099998,83.129997,81.839996,82.989998,4087900,79.166616
2015-06-30,82.650002,83.00,81.57,81.629997,5060000,77.869271
2015-06-29,83.480003,83.900002,81.970001,82.089996,5224500,78.308078
2015-06-26,84.489998,84.650002,83.849998,84.080002,6189100,80.206403
2015-06-25,84.419998,85.209999,84.339996,84.50,5008600,80.607051
2015-06-24,84.720001,84.860001,83.989998,84.339996,3281300,80.454419
2015-06-23,84.580002,85.809998,84.400002,84.760002,5916800,80.855075
2015-06-22,84.230003,84.330002,83.650002,84.230003,4797900,80.349494
2015-06-19,83.00,84.50,82.910004,83.349998,11601500,79.510031
2015-06-18,82.099998,83.410004,82.099998,83.190002,6680000,79.357406
2015-06-17,81.139999,82.470001,81.089996,82.099998,5215200,78.317619
2015-06-16,80.480003,81.470001,80.050003,80.970001,4060700,77.239681
2015-06-15,80.349998,81.089996,80.019997,80.449997,6228300,76.743634
2015-06-12,79.599998,80.150002,79.410004,79.470001,2909100,75.808787
2015-06-11,80.00,80.440002,79.919998,80.07,3575100,76.381143
2015-06-10,79.669998,79.800003,79.050003,79.669998,4670000,75.99957
2015-06-09,78.690002,79.260002,78.25,78.900002,5471500,75.265047
2015-06-08,79.25,79.25,78.629997,78.889999,3196000,75.255506
2015-06-05,80.139999,80.260002,79.089996,79.199997,3922400,75.551222
2015-06-04,79.980003,80.50,79.57,79.959999,5688100,76.27621
2015-06-03,80.349998,80.75,79.889999,80.339996,3437700,76.638701
2015-06-02,79.199997,80.139999,78.910004,80.00,3453000,76.314368
2015-06-01,79.50,79.919998,79.110001,79.510002,3181600,75.846945
2015-05-29,79.959999,80.010002,79.00,79.32,3576700,75.665696
2015-05-28,80.419998,80.699997,79.639999,80.050003,2968300,76.362068
2015-05-27,79.489998,80.489998,79.32,80.300003,4792200,76.60055
2015-05-26,79.440002,79.589996,78.949997,79.080002,4691200,75.436755
2015-05-22,79.589996,79.589996,78.93,79.290001,3847300,75.637079
2015-05-21,78.300003,79.970001,78.00,79.389999,6725000,75.732471
2015-05-20,77.919998,79.400002,77.57,78.18,10683400,74.578217
2015-05-19,77.989998,78.459999,77.389999,77.919998,8702700,74.330193
2015-05-18,78.279999,78.529999,77.660004,78.360001,4754100,74.749924
2015-05-15,77.639999,78.540001,77.239998,78.529999,6851300,74.416048
2015-05-14,77.360001,78.099998,76.459999,77.260002,9895600,73.212582
2015-05-13,80.559998,80.93,79.730003,79.809998,4881200,75.628991
2015-05-12,80.209999,81.309998,80.139999,80.809998,2760900,76.576604
2015-05-11,80.800003,81.370003,80.529999,80.610001,2778000,76.387085
2015-05-08,80.800003,81.330002,80.580002,80.739998,4021200,76.510272
2015-05-07,79.349998,80.290001,79.160004,80.110001,3964700,75.913278
2015-05-06,79.43,79.43,78.50,79.120003,3907000,74.975143
2015-05-05,80.019997,80.190002,78.919998,78.970001,3172100,74.833
2015-05-04,79.739998,80.779999,79.650002,80.18,2946400,75.979611
2015-05-01,78.699997,79.699997,78.589996,79.650002,3066500,75.477377
2015-04-30,78.779999,79.379997,78.389999,78.830002,5376700,74.700335
2015-04-29,81.199997,81.290001,78.739998,78.870003,6637200,74.73824
2015-04-28,81.279999,81.809998,80.870003,81.510002,3233300,77.239938
2015-04-27,82.849998,82.940002,81.169998,81.379997,4778900,77.116743
2015-04-24,82.970001,83.00,82.440002,82.699997,3611700,78.367592
2015-04-23,81.279999,82.260002,81.220001,81.93,4628700,77.637933
2015-04-22,81.330002,81.68,81.010002,81.339996,4212600,77.078838
2015-04-21,81.57,81.779999,81.07,81.25,2929400,76.993556
2015-04-20,80.910004,81.279999,80.389999,80.93,3898100,76.69032
2015-04-17,81.410004,81.489998,79.910004,80.019997,6089800,75.827989
2015-04-16,81.93,82.290001,81.529999,81.919998,4219700,77.628455
2015-04-15,83.330002,83.82,81.879997,81.959999,3841700,77.666361
2015-04-14,82.790001,83.389999,82.290001,83.059998,2861100,78.708734
2015-04-13,83.459999,83.980003,82.910004,82.959999,2429700,78.613974
2015-04-10,83.330002,83.739998,82.959999,83.57,2811500,79.192018
2015-04-09,83.00,83.610001,82.68,83.290001,3369900,78.926688
2015-04-08,82.779999,83.620003,82.730003,83.139999,3272200,78.784544
2015-04-07,83.25,83.68,82.540001,82.610001,3021300,78.282311
2015-04-06,82.870003,83.620003,82.410004,83.339996,3825800,78.974064
2015-04-02,82.010002,82.830002,81.599998,82.669998,3002000,78.339165
2015-04-01,81.830002,82.230003,81.260002,82.089996,4961700,77.789548
2015-03-31,82.220001,82.809998,82.00,82.07,5368000,77.770599
2015-03-30,81.910004,82.75,81.910004,82.139999,3854700,77.836931
2015-03-27,80.389999,81.860001,80.330002,81.559998,3752700,77.287314
2015-03-26,81.360001,81.360001,80.32,80.440002,4795000,76.225992
2015-03-25,82.080002,82.099998,81.349998,81.620003,5617100,77.344176
2015-03-24,81.099998,82.190002,80.910004,82.00,5686000,77.704266
2015-03-23,81.43,82.239998,81.199997,81.230003,3372500,76.974607
2015-03-20,80.790001,81.839996,80.599998,81.309998,5534900,77.050411
2015-03-19,80.459999,80.809998,80.370003,80.599998,3991700,76.377606
2015-03-18,80.970001,81.379997,79.919998,81.059998,4906600,76.813508
2015-03-17,80.470001,81.349998,80.199997,81.029999,5042400,76.78508
2015-03-16,79.660004,80.809998,79.610001,80.489998,4452100,76.273368
2015-03-13,79.290001,79.699997,78.639999,79.18,5401500,75.031998
2015-03-12,78.099998,79.459999,78.00,79.300003,4190900,75.145714
2015-03-11,78.370003,78.459999,77.220001,77.779999,3829900,73.705338
2015-03-10,78.269997,78.349998,77.419998,77.669998,4807000,73.6011
2015-03-09,77.110001,78.660004,76.949997,78.57,4418000,74.453953
2015-03-06,77.82,77.82,76.849998,77.209999,3927900,73.165199
2015-03-05,77.790001,78.239998,77.790001,78.199997,6622300,74.103334
2015-03-04,77.940002,79.00,77.589996,77.720001,8019500,73.648484
2015-03-03,77.279999,78.139999,75.080002,78.00,12906900,73.913814
2015-03-02,76.830002,78.160004,76.730003,77.68,6116300,73.610578
2015-02-27,77.029999,77.300003,76.709999,76.830002,4741000,72.805109
2015-02-26,77.139999,77.400002,76.269997,76.900002,5283000,72.871441
2015-02-25,78.080002,78.400002,75.970001,77.150002,9410300,73.108344
2015-02-24,76.830002,77.010002,76.07,76.949997,4810000,72.918818
2015-02-23,76.870003,77.25,76.290001,76.690002,4264100,72.672443
2015-02-20,76.550003,76.870003,76.00,76.870003,4477600,72.843014
2015-02-19,77.230003,77.260002,76.269997,76.68,5613100,72.662965
2015-02-18,76.75,77.389999,76.43,77.349998,4545200,73.297864
2015-02-17,75.800003,76.800003,74.940002,76.639999,4037200,72.62506
2015-02-13,76.489998,76.699997,75.690002,76.120003,2381100,72.132304
2015-02-12,76.400002,76.940002,75.849998,76.870003,3751000,72.350254
2015-02-11,76.419998,76.699997,75.889999,76.419998,2760400,71.926709
2015-02-10,75.599998,76.699997,75.57,76.650002,2810100,72.143188
2015-02-09,76.050003,76.580002,75.110001,75.389999,3112700,70.957271
2015-02-06,76.00,76.699997,75.559998,76.360001,4101400,71.870239
2015-02-05,75.940002,76.389999,75.82,75.949997,3111300,71.484342
2015-02-04,75.610001,76.660004,75.459999,75.610001,5670200,71.164337
2015-02-03,74.720001,75.889999,74.129997,75.870003,4920000,71.409051
2015-02-02,73.190002,74.389999,71.900002,74.25,4926500,69.8843
2015-01-30,74.769997,75.129997,73.550003,73.610001,7176900,69.281931
2015-01-29,74.260002,75.489998,73.830002,75.489998,4545700,71.05139
2015-01-28,75.339996,76.040001,74.129997,74.260002,4174300,69.893715
2015-01-27,75.00,75.339996,74.389999,74.760002,3228200,70.364316
2015-01-26,75.330002,75.480003,74.779999,75.25,3584800,70.825503
2015-01-23,75.889999,75.93,74.650002,75.290001,3954600,70.863152
2015-01-22,74.470001,75.940002,73.629997,75.769997,4662800,71.314925
2015-01-21,73.510002,74.32,73.080002,73.949997,5034400,69.601937
2015-01-20,74.940002,75.139999,72.889999,73.669998,9165600,69.338401
2015-01-16,75.330002,75.459999,73.349998,74.940002,9973000,70.533733
2015-01-15,77.300003,77.50,75.080002,75.669998,17296000,71.220807
2015-01-14,74.610001,75.040001,73.690002,74.330002,5629300,69.959598
2015-01-13,76.889999,77.660004,75.470001,75.949997,4915600,71.484342
2015-01-12,76.080002,76.940002,76.040001,76.629997,2842900,72.12436
2015-01-09,77.260002,77.370003,76.330002,76.43,3215300,71.936123
2015-01-08,76.809998,77.75,76.690002,77.129997,6344900,72.594962
2015-01-07,74.879997,76.949997,74.879997,76.769997,6946900,72.256128
2015-01-06,74.300003,74.690002,72.739998,73.970001,4659300,69.620765
2015-01-05,75.169998,75.510002,73.879997,73.980003,3778200,69.630179
2015-01-02,76.110001,76.639999,74.550003,75.330002,3710300,70.900801
2014-12-31,75.449997,76.650002,75.269997,75.910004,3206000,71.4467
2014-12-30,75.440002,75.879997,75.199997,75.709999,2160800,71.258456
2014-12-29,75.059998,75.989998,74.870003,75.529999,2744900,71.089039
2014-12-26,74.720001,75.370003,74.610001,75.059998,2222500,70.646672
2014-12-24,74.790001,75.32,74.610001,74.650002,1783800,70.260783
2014-12-23,74.830002,75.07,74.360001,74.690002,3514500,70.298432
2014-12-22,73.970001,74.589996,73.870003,74.50,3730300,70.119601
2014-12-19,74.400002,74.620003,73.690002,73.949997,6277200,69.601937
2014-12-18,74.300003,74.989998,73.720001,74.639999,7823800,70.251369
2014-12-17,72.879997,73.730003,72.279999,73.57,2972800,69.244282
2014-12-16,73.199997,73.309998,71.980003,72.279999,7869200,68.03013
2014-12-15,73.07,73.519997,72.400002,73.199997,3638000,68.896035
2014-12-12,73.540001,74.00,72.389999,72.400002,4592000,68.143077
2014-12-11,73.660004,74.580002,73.32,73.529999,5648200,69.206633
2014-12-10,73.300003,74.190002,72.839996,72.910004,4556000,68.623092
2014-12-09,72.650002,73.629997,72.400002,73.599998,3367600,69.272517
2014-12-08,73.50,74.099998,73.239998,73.779999,3851500,69.441934
2014-12-05,73.519997,73.709999,72.879997,73.660004,3760000,69.328994
2014-12-04,73.330002,73.400002,72.529999,73.279999,4238000,68.971333
2014-12-03,73.00,73.830002,72.589996,73.330002,6699600,69.018396
2014-12-02,72.529999,73.400002,72.379997,73.07,4142600,68.773681
2014-12-01,73.339996,73.470001,72.059998,72.75,7798400,68.472496
2014-11-28,72.559998,74.760002,72.559998,74.00,4466500,69.649
2014-11-26,71.959999,72.300003,71.730003,72.160004,4123300,67.91719
2014-11-25,71.68,72.199997,71.360001,72.099998,6635000,67.860713
2014-11-24,71.360001,72.160004,71.00,71.57,4095500,67.361877
2014-11-21,71.800003,72.260002,71.050003,71.510002,6835200,67.305407
2014-11-20,71.339996,71.830002,70.300003,71.190002,11065700,67.004223
2014-11-19,69.949997,73.080002,69.860001,72.50,25615400,68.237196
2014-11-18,66.959999,67.760002,66.50,67.510002,5575400,63.540596
2014-11-17,67.580002,67.699997,66.900002,67.129997,7260900,63.182935
2014-11-14,67.330002,68.279999,67.150002,68.129997,5487900,63.634714
2014-11-13,66.959999,67.779999,66.940002,67.50,7880200,63.046284
2014-11-12,65.489998,66.900002,65.370003,66.720001,6236600,62.317751
2014-11-11,65.440002,65.860001,65.260002,65.720001,3418200,61.383732
2014-11-10,64.839996,65.919998,64.139999,65.519997,7876600,61.196924
2014-11-07,62.279999,64.660004,62.169998,64.169998,7531300,59.935999
2014-11-06,61.330002,62.00,61.130001,61.889999,3956100,57.806437
2014-11-05,61.849998,62.00,60.990002,61.119999,2687700,57.087242
2014-11-04,61.560001,61.630001,60.98,61.369999,3038300,57.320747
2014-11-03,61.82,61.98,61.139999,61.59,2728000,57.526232
2014-10-31,62.25,62.369999,61.439999,61.82,4231400,57.741056
2014-10-30,60.810001,61.959999,60.549999,61.779999,2303500,57.703694
2014-10-29,60.720001,60.959999,60.369999,60.889999,2992200,56.872418
2014-10-28,61.25,61.32,60.290001,60.650002,4976500,56.648256
2014-10-27,61.549999,61.75,61.029999,61.560001,3630500,57.498213
2014-10-24,61.950001,62.02,61.200001,61.57,3984500,57.507551
2014-10-23,61.790001,62.50,61.689999,62.029999,3412700,57.937199
2014-10-22,61.77,62.43,61.27,61.330002,3790600,57.283389
2014-10-21,60.689999,61.939999,60.41,61.639999,4790200,57.572932
2014-10-20,58.959999,60.310001,58.959999,60.290001,4302200,56.312008
2014-10-17,59.93,60.060001,58.900002,59.07,6502300,55.172504
2014-10-16,58.830002,60.169998,58.720001,59.439999,4332600,55.51809
2014-10-15,60.860001,61.240002,59.290001,59.98,7773900,56.022461
2014-10-14,60.959999,61.82,60.740002,61.689999,4542600,57.619633
2014-10-13,60.549999,61.57,60.029999,60.439999,5330000,56.452109
2014-10-10,61.68,62.439999,60.549999,60.59,6201900,56.592213
2014-10-09,62.75,63.09,61.419998,61.599998,4349000,57.535571
2014-10-08,61.68,62.959999,61.52,62.810001,3951200,58.665737
2014-10-07,62.02,62.080002,61.330002,61.540001,3661900,57.479532
2014-10-06,63.029999,63.34,62.189999,62.279999,2481300,58.170704
2014-10-03,63.09,63.450001,62.77,63.07,2606500,58.90858
2014-10-02,62.139999,62.700001,61.610001,62.57,3199800,58.44157
2014-10-01,62.68,62.900002,62.029999,62.07,3876400,57.974561
2014-09-30,62.860001,63.09,62.52,62.68,2557700,58.544313
2014-09-29,62.57,63.16,62.529999,63.040001,2170300,58.88056
2014-09-26,63.200001,63.279999,62.639999,63.150002,2336200,58.983303
2014-09-25,63.630001,63.759998,62.75,62.880001,2840900,58.731118
2014-09-24,63.00,63.93,62.990002,63.880001,3249400,59.665137
2014-09-23,63.32,63.599998,63.07,63.080002,3995300,58.917922
2014-09-22,63.540001,63.77,63.130001,63.360001,3078100,59.179446
2014-09-19,64.230003,64.360001,63.610001,63.810001,4918900,59.599756
2014-09-18,63.23,64.650002,63.200001,63.93,7343500,59.711837
2014-09-17,62.869999,63.09,62.48,62.869999,3275900,58.721775
2014-09-16,62.07,63.259998,62.060001,62.860001,4552400,58.712437
2014-09-15,62.43,62.610001,62.07,62.209999,3694100,58.105323
2014-09-12,62.540001,62.650002,61.98,62.529999,4427400,58.404209
2014-09-11,61.830002,62.68,61.610001,62.59,5599800,58.460251
2014-09-10,61.009998,62.34,60.869999,61.950001,8681600,57.86248
2014-09-09,60.470001,60.91,60.18,60.880001,4237200,56.863079
2014-09-08,60.900002,61.200001,60.27,60.560001,3191300,56.564194
2014-09-05,61.00,61.150002,60.50,61.080002,3401800,57.049884
2014-09-04,60.380001,61.209999,60.200001,61.029999,4363300,57.00318
2014-09-03,60.529999,60.57,59.98,60.389999,3553500,56.405409
2014-09-02,60.279999,60.50,59.98,60.189999,2602700,56.218604
2014-08-29,60.720001,60.720001,60.049999,60.07,4008100,56.106523
2014-08-28,60.48,60.59,60.07,60.349998,4221300,56.368047
2014-08-27,60.73,60.959999,60.639999,60.790001,2797700,56.779018
2014-08-26,61.049999,61.200001,60.59,60.700001,3224800,56.694956
2014-08-25,61.299999,61.50,60.720001,60.98,4368200,56.95648
2014-08-22,61.139999,61.459999,60.779999,61.049999,4566200,57.021861
2014-08-21,60.400002,61.09,59.82,61.07,6562000,57.040542
2014-08-20,58.50,60.790001,58.25,60.330002,12835000,56.34937
2014-08-19,58.84,59.41,58.599998,59.25,4807300,55.340627
2014-08-18,58.049999,58.689999,57.75,58.549999,4016700,54.686813
2014-08-15,58.740002,58.77,57.84,58.200001,4186700,53.874218
2014-08-14,58.200001,58.77,58.09,58.740002,3144900,54.374083
2014-08-13,58.43,58.48,57.75,58.259998,3660300,53.929757
2014-08-12,58.349998,58.540001,58.02,58.459999,2946000,54.114892
2014-08-11,58.599998,58.669998,58.150002,58.360001,2788100,54.022326
2014-08-08,57.889999,58.59,57.619999,58.540001,4710700,54.188948
2014-08-07,58.259998,58.360001,57.27,57.50,4917200,53.226246
2014-08-06,57.48,58.240002,57.259998,57.970001,7262700,53.661314
2014-08-05,58.450001,59.41,57.810001,58.029999,14982100,53.716852
2014-08-04,60.169998,61.00,59.919998,60.700001,4232000,56.188403
2014-08-01,59.32,60.00,59.200001,59.849998,4011800,55.401578
2014-07-31,61.00,61.00,59.580002,59.59,7067900,55.160904
2014-07-30,61.310001,61.630001,61.139999,61.380001,3677000,56.817861
2014-07-29,60.349998,61.32,60.299999,61.099998,3807200,56.55867
2014-07-28,60.400002,60.580002,59.990002,60.299999,4011200,55.818132
2014-07-25,60.759998,60.889999,60.290001,60.389999,2629200,55.901443
2014-07-24,60.740002,61.07,60.419998,60.990002,3491900,56.456849
2014-07-23,59.450001,60.84,59.369999,60.73,6167200,56.216172
2014-07-22,59.419998,59.52,59.139999,59.380001,3548400,54.966514
2014-07-21,59.98,60.02,59.040001,59.299999,4122900,54.892458
2014-07-18,59.82,60.040001,59.50,60.009998,4735900,55.549686
2014-07-17,59.990002,60.200001,59.57,59.720001,4559400,55.281243
2014-07-16,60.740002,60.740002,59.82,60.139999,6987700,55.670024
2014-07-15,60.549999,60.720001,60.23,60.709999,5722100,56.197658
2014-07-14,60.139999,60.189999,59.950001,60.18,3809200,55.707052
2014-07-11,59.959999,60.049999,59.650002,60.00,3109100,55.540431
2014-07-10,59.459999,59.98,59.459999,59.93,3799900,55.475634
2014-07-09,59.57,60.189999,59.57,60.049999,4276700,55.586714
2014-07-08,59.75,59.939999,59.380001,59.799999,4582200,55.355295
2014-07-07,59.360001,60.049999,59.23,59.990002,4917300,55.531175
2014-07-03,59.119999,59.529999,58.939999,59.509998,3014400,55.086849
2014-07-02,58.50,59.099998,58.400002,58.77,3061400,54.401852
2014-07-01,58.389999,58.450001,57.950001,58.369999,3768500,54.031581
2014-06-30,58.09,58.50,57.84,57.950001,4864300,53.6428
2014-06-27,57.77,58.32,57.75,58.119999,8466000,53.800163
2014-06-26,58.07,58.099998,57.630001,57.869999,3548000,53.568744
2014-06-25,58.509998,58.509998,57.919998,58.060001,5998500,53.744625
2014-06-24,58.18,58.860001,58.02,58.700001,4374500,54.337055
2014-06-23,58.119999,58.450001,58.060001,58.419998,3749100,54.077864
2014-06-20,58.709999,58.810001,58.099998,58.290001,5189000,53.957529
2014-06-19,58.720001,59.32,58.700001,58.740002,3900500,54.374083
2014-06-18,58.299999,58.740002,58.119999,58.700001,3748900,54.337055
2014-06-17,57.599998,58.619999,57.509998,58.169998,6618700,53.846446
2014-06-16,57.23,57.790001,57.060001,57.740002,5342600,53.448409
2014-06-13,57.349998,57.470001,57.049999,57.23,3718800,52.976314
2014-06-12,57.139999,57.360001,57.110001,57.240002,5457900,52.985572
2014-06-11,56.709999,57.32,56.610001,57.080002,5344900,52.837465
2014-06-10,57.580002,57.580002,56.669998,56.860001,6609800,52.633815
2014-06-09,57.779999,58.220001,57.470001,57.599998,4424800,53.318812
2014-06-06,57.50,57.799999,57.490002,57.68,3571500,53.392868
2014-06-05,57.259998,57.790001,57.09,57.490002,4506100,53.216991
2014-06-04,56.630001,57.200001,56.50,57.18,3633000,52.930031
2014-06-03,56.529999,56.959999,56.290001,56.790001,4517600,52.569018
2014-06-02,56.900002,57.040001,56.450001,56.490002,3747500,52.291317
2014-05-30,55.919998,56.919998,55.889999,56.759998,6305300,52.541246
2014-05-29,55.400002,55.959999,55.299999,55.880001,4829700,51.726655
2014-05-28,56.00,56.00,55.25,55.34,5822700,51.226791
2014-05-27,55.889999,55.950001,55.41,55.77,5639700,51.624831
2014-05-23,56.150002,56.220001,55.66,55.689999,7575800,51.550775
2014-05-22,57.07,57.099998,55.619999,55.990002,12411400,51.82848
2014-05-21,56.990002,57.450001,56.130001,57.200001,14802300,52.948544
2014-05-20,57.919998,57.939999,56.529999,56.610001,9392600,52.402397
2014-05-19,58.169998,58.490002,58.040001,58.290001,3674200,53.957529
2014-05-16,58.290001,58.830002,58.119999,58.639999,6409200,53.883475
2014-05-15,58.59,58.669998,57.799999,58.18,8249000,53.460788
2014-05-14,59.560001,59.799999,59.080002,59.27,4275200,54.462374
2014-05-13,59.619999,59.860001,59.16,59.560001,4900300,54.728852
2014-05-12,59.290001,59.709999,59.27,59.639999,3719600,54.802361
2014-05-09,58.290001,59.25,58.290001,59.130001,6254800,54.333731
2014-05-08,58.290001,58.759998,57.98,58.32,6808800,53.589432
2014-05-07,57.860001,58.25,57.66,58.130001,6424400,53.414845
2014-05-06,59.23,59.290001,57.599998,57.639999,13323400,52.964589
2014-05-05,61.02,61.599998,59.619999,59.869999,16189500,55.013704
2014-05-02,61.860001,62.639999,61.73,62.009998,3423800,56.98012
2014-05-01,61.849998,61.869999,61.330002,61.740002,3611600,56.732024
2014-04-30,61.830002,61.91,61.400002,61.75,4526900,56.741211
2014-04-29,62.299999,62.34,61.82,61.970001,4176400,56.943367
2014-04-28,60.98,62.48,60.98,62.18,4895200,57.136332
2014-04-25,60.990002,61.310001,60.450001,61.259998,5164600,56.290955
2014-04-24,60.849998,61.459999,60.75,61.450001,3671000,56.465546
2014-04-23,60.32,60.82,60.32,60.740002,2969900,55.813138
2014-04-22,59.82,60.669998,59.77,60.32,4834600,55.427204
2014-04-21,59.869999,59.950001,59.52,59.759998,3704100,54.912626
2014-04-17,59.709999,60.040001,59.650002,60.00,3634700,55.13316
2014-04-16,59.869999,60.00,59.52,59.91,3539600,55.05046
2014-04-15,59.650002,59.779999,59.139999,59.48,3717000,54.655339
2014-04-14,59.25,59.490002,58.939999,59.419998,4065900,54.600205
2014-04-11,59.599998,59.709999,58.580002,58.900002,5330700,54.122387
2014-04-10,61.830002,61.830002,59.669998,59.669998,5904100,54.829926
2014-04-09,61.77,61.77,61.00,61.209999,4689100,56.245012
2014-04-08,60.330002,61.599998,60.099998,61.50,4527800,56.511489
2014-04-07,61.060001,61.060001,60.50,60.50,4199100,55.592603
2014-04-04,61.93,62.259998,61.099998,61.139999,3823500,56.18069
2014-04-03,61.299999,61.880001,60.68,61.720001,4565300,56.713645
2014-04-02,60.50,61.139999,60.450001,60.889999,3970400,55.950968
2014-04-01,60.740002,60.810001,60.299999,60.57,4246000,55.656925
2014-03-31,60.240002,60.779999,59.950001,60.509998,4255900,55.601791
2014-03-28,59.740002,60.119999,59.700001,59.98,3063900,55.114782
2014-03-27,59.57,60.139999,59.02,59.740002,4416400,54.894252
2014-03-26,59.220001,59.990002,59.060001,59.200001,4438900,54.398052
2014-03-25,59.59,59.599998,58.599998,59.060001,5216800,54.269409
2014-03-24,59.880001,60.040001,59.16,59.459999,4543700,54.636961
2014-03-21,60.119999,60.18,59.360001,59.450001,5995400,54.627774
2014-03-20,59.529999,59.900002,59.259998,59.700001,3332100,54.857495
2014-03-19,59.759998,60.209999,59.060001,59.48,4280700,54.655339
2014-03-18,59.799999,59.939999,59.560001,59.720001,3129000,54.875873
2014-03-17,59.59,59.959999,59.299999,59.669998,3424500,54.829926
2014-03-14,59.599998,59.990002,59.27,59.360001,5631200,54.545074
2014-03-13,61.080002,61.619999,59.709999,59.73,6142600,54.885061
2014-03-12,60.540001,61.220001,60.52,61.099998,3851500,56.143934
2014-03-11,61.25,61.52,60.869999,60.939999,4485100,55.996912
2014-03-10,60.82,61.240002,60.700001,61.16,3663700,56.199068
2014-03-07,60.84,60.98,60.57,60.75,3817500,55.822325
2014-03-06,60.610001,61.09,60.52,60.740002,4835100,55.813138
2014-03-05,61.650002,61.66,60.360001,60.599998,7421100,55.684491
2014-03-04,62.509998,62.549999,61.25,61.330002,6400100,56.35528
2014-03-03,61.939999,62.41,61.700001,61.959999,6813300,56.934176
2014-02-28,60.610001,62.880001,60.400002,62.540001,14246300,57.467132
2014-02-27,60.419998,60.779999,59.75,60.66,9453700,55.739625
2014-02-26,58.580002,61.18,58.099998,60.490002,24180800,55.583416
2014-02-25,55.959999,56.610001,55.810001,56.509998,8030600,51.926247
2014-02-24,56.189999,56.639999,55.439999,56.139999,9151600,51.58626
2014-02-21,56.720001,56.799999,56.150002,56.240002,6596600,51.678151
2014-02-20,57.400002,57.400002,56.41,56.619999,8790200,52.027325
2014-02-19,56.360001,57.82,56.32,57.310001,8838300,52.661358
2014-02-18,56.419998,56.639999,56.169998,56.389999,6094900,51.815981
2014-02-14,56.66,56.689999,55.759998,56.060001,8586200,51.512751
2014-02-13,56.970001,57.360001,56.450001,56.860001,7564500,51.852738
2014-02-12,57.169998,57.169998,56.619999,56.950001,7010800,51.934813
2014-02-11,56.66,57.380001,56.549999,57.139999,8170900,52.10808
2014-02-10,56.34,56.689999,56.169998,56.509998,6017900,51.533558
2014-02-07,56.110001,56.41,55.540001,56.330002,6344700,51.369413
2014-02-06,55.130001,56.00,55.09,55.860001,8886800,50.940801
2014-02-05,55.060001,55.189999,54.66,55.07,8176000,50.22037
2014-02-04,55.869999,55.869999,55.099998,55.119999,5969600,50.265966
2014-02-03,56.860001,56.869999,55.279999,55.41,6733600,50.530429
2014-01-31,56.41,56.98,55.959999,56.639999,6326300,51.652111
2014-01-30,57.110001,57.200001,56.650002,56.669998,6207900,51.679468
2014-01-29,57.669998,57.860001,56.830002,56.889999,5928000,51.880095
2014-01-28,57.849998,58.290001,57.759998,57.889999,4907300,52.792032
2014-01-27,57.73,57.959999,57.380001,57.709999,6013100,52.627883
2014-01-24,58.560001,58.599998,57.689999,57.720001,7467500,52.637005
2014-01-23,58.50,58.720001,58.259998,58.650002,7029900,53.485106
2014-01-22,59.779999,59.82,58.75,58.98,7185100,53.786044
2014-01-21,59.799999,59.810001,58.799999,59.200001,10595500,53.986671
2014-01-17,60.93,60.93,59.869999,60.240002,8132100,54.935086
2014-01-16,61.439999,61.549999,60.599998,60.810001,5288400,55.45489
2014-01-15,61.860001,61.869999,61.50,61.560001,4233700,56.138843
2014-01-14,61.509998,61.759998,61.27,61.709999,5519900,56.275631
2014-01-13,62.119999,62.23,61.490002,61.50,8031200,56.084125
2014-01-10,62.889999,63.630001,62.16,62.619999,12949700,57.105494
2014-01-09,62.889999,63.59,62.77,63.34,7264600,57.76209
2014-01-08,62.810001,62.82,62.43,62.689999,5529900,57.169329
2014-01-07,63.029999,63.290001,62.599998,62.91,5398300,57.369956
2014-01-06,63.68,63.689999,62.669998,63.060001,4609600,57.506748
2014-01-03,63.619999,63.889999,63.400002,63.490002,4589400,57.898882
2014-01-02,63.529999,64.169998,63.139999,63.18,7400100,57.61618
2013-12-31,62.57,63.799999,62.50,63.27,6783400,57.698254
2013-12-30,62.450001,62.50,61.91,62.470001,3683000,56.968705
2013-12-27,62.790001,62.790001,61.990002,62.150002,3260100,56.676886
2013-12-26,61.740002,62.59,61.740002,62.48,3971800,56.977823
2013-12-24,61.599998,61.75,61.259998,61.709999,3356300,56.275631
2013-12-23,62.00,62.150002,61.529999,61.880001,5720200,56.430662
2013-12-20,62.119999,62.66,62.02,62.490002,6869100,56.986945
2013-12-19,62.220001,62.889999,61.98,62.150002,7901900,56.676886
2013-12-18,62.52,63.59,62.43,63.549999,8304600,57.953596
2013-12-17,62.119999,62.150002,61.439999,61.650002,5310800,56.220917
2013-12-16,62.439999,62.509998,61.73,62.169998,4768700,56.695122
2013-12-13,63.23,63.240002,62.290001,62.360001,4751000,56.868392
2013-12-12,62.939999,63.240002,62.75,62.889999,4029200,57.351717
2013-12-11,63.32,63.48,62.849998,62.93,3035200,57.388196
2013-12-10,63.259998,63.459999,62.959999,63.16,4028900,57.597941
2013-12-09,63.34,63.810001,63.169998,63.240002,5853800,57.670897
2013-12-06,62.98,63.57,62.91,63.380001,6381600,57.798568
2013-12-05,63.049999,63.75,62.599998,62.630001,8368500,57.114615
2013-12-04,62.450001,63.580002,62.200001,63.310001,9442300,57.734733
2013-12-03,62.34,63.18,62.330002,62.82,10395800,57.287882
2013-12-02,63.98,63.990002,62.599998,62.73,7169100,57.205807
2013-11-29,64.959999,64.989998,63.720001,63.93,3350000,58.300133
2013-11-27,63.990002,64.790001,63.869999,64.410004,4767200,58.737865
2013-11-26,63.830002,64.419998,63.799999,63.869999,5885400,58.245415
2013-11-25,63.700001,63.950001,63.59,63.759998,5013700,58.145101
2013-11-22,63.610001,64.089996,63.32,63.700001,8144500,58.090387
2013-11-21,64.339996,64.919998,63.490002,64.190002,16380600,58.537238
2013-11-20,66.839996,67.25,66.220001,66.489998,4762500,60.634689
2013-11-19,66.419998,66.93,66.330002,66.629997,3357800,60.76236
2013-11-18,66.709999,66.790001,66.209999,66.449997,3489000,60.598211
2013-11-15,66.690002,67.059998,66.419998,66.889999,3542300,60.607332
2013-11-14,66.50,66.790001,66.230003,66.669998,4629500,60.407995
2013-11-13,65.419998,66.949997,65.379997,66.870003,5694600,60.589214
2013-11-12,65.669998,66.089996,65.32,65.440002,3181700,59.293527
2013-11-11,65.110001,65.849998,65.099998,65.690002,2610300,59.520046
2013-11-08,64.75,65.129997,64.529999,65.110001,3717000,58.994521
2013-11-07,65.889999,65.989998,64.809998,64.82,5154200,58.731758
2013-11-06,65.050003,66.080002,64.779999,65.699997,4490300,59.529101
2013-11-05,65.099998,65.25,64.599998,64.629997,5107100,58.559602
2013-11-04,64.970001,65.360001,64.82,65.220001,4358700,59.094189
2013-11-01,64.889999,64.93,64.239998,64.620003,3768800,58.550546
2013-10-31,66.059998,66.110001,64.650002,64.790001,7481500,58.704577
2013-10-30,64.339996,65.949997,63.50,65.709999,8585400,59.538164
2013-10-29,64.809998,64.900002,64.199997,64.32,6048100,58.278721
2013-10-28,63.869999,65.059998,63.560001,64.879997,5674500,58.78612
2013-10-25,64.160004,64.18,63.610001,64.07,4308900,58.052202
2013-10-24,64.419998,64.550003,64.00,64.129997,4638000,58.106564
2013-10-23,65.00,65.18,64.239998,64.269997,4687400,58.233414
2013-10-22,64.790001,65.459999,64.459999,65.120003,3842500,59.003583
2013-10-21,64.720001,64.93,64.169998,64.699997,2800800,58.623027
2013-10-18,65.169998,65.260002,64.419998,64.669998,5862100,58.595846
2013-10-17,63.650002,64.879997,63.57,64.860001,3524200,58.768002
2013-10-16,63.099998,63.900002,63.080002,63.900002,3194500,57.898171
2013-10-15,63.509998,63.549999,62.889999,62.93,3844500,57.019278
2013-10-14,62.799999,63.720001,62.799999,63.650002,3101400,57.671652
2013-10-11,63.139999,63.23,62.450001,63.209999,3537700,57.272977
2013-10-10,63.16,63.580002,63.009998,63.450001,2638300,57.490437
2013-10-09,62.220001,62.810001,62.130001,62.689999,3859500,56.801818
2013-10-08,62.720001,62.84,62.029999,62.130001,4430300,56.294419
2013-10-07,63.119999,63.310001,62.66,62.68,3323700,56.792759
2013-10-04,63.439999,63.450001,63.09,63.41,2791400,57.454193
2013-10-03,63.599998,63.73,63.099998,63.450001,3964700,57.490437
2013-10-02,63.720001,63.720001,63.200001,63.650002,3587600,57.671652
2013-10-01,63.939999,64.080002,63.669998,63.91,4126100,57.90723
2013-09-30,63.52,63.990002,63.380001,63.98,4572300,57.970655
2013-09-27,63.360001,64.279999,63.290001,63.939999,3378300,57.934411
2013-09-26,63.419998,63.91,63.150002,63.369999,4035200,57.417949
2013-09-25,63.959999,64.00,62.790001,63.240002,6325900,57.300162
2013-09-24,64.089996,64.25,63.790001,63.91,4167100,57.90723
2013-09-23,64.540001,64.650002,64.169998,64.400002,2501100,58.351208
2013-09-20,65.339996,65.489998,64.550003,64.550003,4669700,58.487121
2013-09-19,65.589996,65.589996,65.00,65.389999,2886700,59.24822
2013-09-18,64.230003,65.529999,64.209999,65.480003,4347100,59.329771
2013-09-17,63.889999,64.440002,63.889999,64.379997,2543000,58.333083
2013-09-16,64.279999,64.449997,63.709999,63.790001,3163300,57.798502
2013-09-13,64.239998,64.50,63.68,63.759998,4115300,57.771318
2013-09-12,65.129997,65.230003,63.66,64.089996,5596800,58.070321
2013-09-11,64.730003,65.010002,64.550003,64.989998,3529300,58.885789
2013-09-10,64.449997,64.889999,64.199997,64.730003,4456400,58.650215
2013-09-09,63.360001,64.019997,63.349998,63.93,3364200,57.925352
2013-09-06,63.57,63.77,63.09,63.290001,3306400,57.345465
2013-09-05,63.66,63.900002,63.459999,63.459999,3031900,57.499496
2013-09-04,63.59,63.799999,63.439999,63.549999,4147900,57.581043
2013-09-03,63.540001,63.810001,63.380001,63.59,5982700,57.617287
2013-08-30,63.25,63.389999,63.139999,63.310001,4137000,57.363587
2013-08-29,63.209999,63.50,63.049999,63.150002,4115500,57.218615
2013-08-28,63.279999,63.580002,63.150002,63.27,4158000,57.327343
2013-08-27,63.57,63.869999,63.189999,63.259998,5801600,57.31828
2013-08-26,64.529999,64.900002,64.099998,64.129997,4516100,58.106564
2013-08-23,64.639999,64.769997,64.120003,64.349998,6523700,58.305902
2013-08-22,64.940002,65.389999,64.07,64.239998,10177600,58.206233
2013-08-21,66.419998,66.93,65.139999,65.50,15246800,59.347889
2013-08-20,68.239998,68.620003,67.949997,67.949997,6448800,61.567769
2013-08-19,68.239998,68.739998,68.150002,68.239998,3870300,61.830532
2013-08-16,68.82,69.050003,68.519997,68.580002,4369800,61.748987
2013-08-15,69.300003,69.50,68.739998,69.080002,5749300,62.199184
2013-08-14,70.690002,70.830002,69.949997,70.040001,5219400,63.063561
2013-08-13,70.779999,71.260002,70.449997,71.190002,3122700,64.099014
2013-08-12,70.480003,70.940002,70.32,70.760002,2260600,63.711845
2013-08-09,71.209999,71.230003,70.410004,70.720001,2382400,63.675828
2013-08-08,71.690002,71.690002,70.800003,71.220001,3714900,64.126025
2013-08-07,71.699997,71.860001,70.790001,71.68,2536900,64.540205
2013-08-06,71.870003,71.93,70.809998,71.790001,3265700,64.639249
2013-08-05,71.510002,72.07,71.279999,71.989998,3073400,64.819325
2013-08-02,71.519997,71.580002,71.349998,71.50,5548400,64.378134
2013-08-01,71.690002,71.919998,71.440002,71.580002,3694800,64.450167
2013-07-31,71.599998,71.900002,71.050003,71.25,4108200,64.153036
2013-07-30,71.629997,72.050003,71.389999,71.419998,2912900,64.306101
2013-07-29,71.559998,71.660004,70.93,71.510002,2489100,64.38714
2013-07-26,71.57,71.589996,70.550003,71.459999,4071300,64.342118
2013-07-25,73.07,73.160004,71.18,71.82,5589600,64.66626
2013-07-24,73.410004,73.50,73.029999,73.32,2670000,66.01685
2013-07-23,73.00,73.360001,72.809998,73.25,2717600,65.953823
2013-07-22,72.639999,73.080002,72.57,73.029999,2298500,65.755735
2013-07-19,72.550003,72.830002,72.379997,72.550003,4077200,65.32355
2013-07-18,72.739998,73.00,72.199997,72.419998,2502200,65.206495
2013-07-17,72.129997,72.650002,72.00,72.610001,2336600,65.377572
2013-07-16,72.459999,72.599998,72.010002,72.07,2165100,64.891358
2013-07-15,72.480003,72.639999,72.139999,72.349998,2145300,65.143467
2013-07-12,71.849998,72.559998,71.699997,72.559998,2711900,65.332549
2013-07-11,72.440002,72.940002,72.099998,72.57,3233300,65.341555
2013-07-10,71.82,72.230003,71.410004,72.029999,2623400,64.855342
2013-07-09,71.220001,71.970001,71.220001,71.769997,3923600,64.621237
2013-07-08,70.459999,71.220001,70.349998,71.18,3742900,64.090009
2013-07-05,69.860001,70.459999,69.639999,70.25,2281700,63.252642
2013-07-03,69.18,69.449997,68.959999,69.379997,1590100,62.469298
2013-07-02,69.379997,70.360001,69.290001,69.559998,3162300,62.631369
2013-07-01,69.190002,70.059998,69.110001,69.330002,2638200,62.424282
2013-06-28,68.639999,69.199997,68.529999,68.860001,7715800,62.001096
2013-06-27,69.559998,69.639999,68.57,68.790001,4950200,61.938069
2013-06-26,69.50,69.519997,68.830002,69.120003,3708300,62.2352
2013-06-25,68.620003,69.349998,68.470001,69.129997,3587500,62.244199
2013-06-24,68.190002,68.739998,67.839996,68.290001,4000100,61.487872
2013-06-21,69.089996,69.279999,68.32,68.830002,4934300,61.974085
2013-06-20,68.410004,69.089996,68.370003,68.660004,5632600,61.82102
2013-06-19,70.150002,70.330002,68.75,68.879997,4931700,62.019101
2013-06-18,69.849998,70.220001,69.599998,70.160004,2357200,63.17161
2013-06-17,69.089996,70.00,69.089996,69.860001,3079700,62.901489
2013-06-14,69.379997,69.629997,68.949997,69.029999,3953500,62.154161
2013-06-13,69.43,69.809998,69.110001,69.589996,3183600,62.658379
2013-06-12,70.349998,70.650002,69.120003,69.43,4104200,62.51432
2013-06-11,69.559998,70.559998,69.540001,70.00,2887500,63.027544
2013-06-10,70.330002,70.75,69.709999,69.879997,4239200,62.919494
2013-06-07,70.489998,70.879997,69.889999,70.360001,5114900,63.351686
2013-06-06,70.260002,70.269997,69.559998,70.260002,5559900,63.261648
2013-06-05,71.580002,71.739998,69.849998,70.169998,5569100,63.180609
2013-06-04,71.870003,72.769997,71.370003,71.510002,8030400,64.38714
2013-06-03,69.50,71.129997,69.440002,71.050003,5941100,63.97296
2013-05-31,69.720001,70.580002,69.459999,69.50,5653600,62.577347
2013-05-30,69.480003,70.550003,69.440002,69.82,4776900,62.865473
2013-05-29,69.379997,69.889999,69.190002,69.419998,4838900,62.505314
2013-05-28,70.300003,71.040001,69.230003,69.510002,6160200,62.586353
2013-05-24,68.470001,69.730003,68.269997,69.720001,5412500,62.775435
2013-05-23,67.75,69.269997,67.629997,68.669998,8516700,61.830019
2013-05-22,69.510002,69.699997,67.580002,68.400002,16202100,61.586916
2013-05-21,70.68,71.910004,70.440002,71.260002,5386100,64.162042
2013-05-20,70.910004,71.099998,70.32,70.650002,2445000,63.612801
2013-05-17,70.019997,71.239998,70.019997,71.059998,4405700,63.981959
2013-05-16,69.830002,70.349998,69.660004,70.00,4066800,63.027544
2013-05-15,69.57,70.470001,69.510002,70.389999,5177000,63.378697
2013-05-14,69.470001,69.800003,69.139999,69.440002,3773500,62.523326
2013-05-13,69.470001,69.699997,69.050003,69.440002,2877100,62.523326
2013-05-10,68.93,69.739998,68.900002,69.739998,3995100,62.469299
2013-05-09,69.900002,70.080002,69.370003,69.480003,3659000,62.23641
2013-05-08,70.449997,70.449997,69.57,69.800003,3741000,62.523048
2013-05-07,70.239998,70.75,70.050003,70.550003,3027900,63.194857
2013-05-06,70.360001,70.360001,69.739998,70.029999,3068500,62.729066
2013-05-03,69.660004,70.720001,69.43,70.50,4902300,63.150067
2013-05-02,69.540001,69.75,68.75,69.190002,9431500,61.976643
2013-05-01,70.449997,70.830002,70.330002,70.540001,2400800,63.185898
2013-04-30,70.540001,70.639999,70.129997,70.559998,2877600,63.20381
2013-04-29,70.599998,70.75,70.379997,70.639999,2295100,63.275471
2013-04-26,70.540001,70.980003,70.459999,70.519997,2514100,63.167979
2013-04-25,69.949997,70.989998,69.849998,70.669998,3316500,63.302342
2013-04-24,69.900002,70.50,69.32,69.709999,3834100,62.442427
2013-04-23,69.209999,69.919998,69.089996,69.690002,3289700,62.424515
2013-04-22,68.93,69.190002,68.360001,69.099998,2793400,61.896022
2013-04-19,68.809998,69.220001,68.120003,69.040001,4073600,61.842279
2013-04-18,68.730003,68.849998,67.809998,68.290001,3982200,61.17047
2013-04-17,68.379997,68.93,68.120003,68.760002,4696400,61.591472
2013-04-16,67.650002,68.68,67.400002,68.379997,7288400,61.251084
2013-04-15,69.190002,69.660004,68.459999,68.480003,3046400,61.340664
2013-04-12,69.040001,69.709999,69.040001,69.489998,2286200,62.245362
2013-04-11,69.080002,69.910004,68.980003,69.120003,3962900,61.913941
2013-04-10,69.010002,69.239998,68.68,68.860001,3128100,61.681045
2013-04-09,69.379997,69.459999,68.779999,68.919998,2918700,61.734788
2013-04-08,68.900002,69.489998,68.800003,69.260002,2874200,62.039345
2013-04-05,68.269997,68.889999,67.860001,68.849998,3800300,61.672086
2013-04-04,68.190002,68.830002,68.190002,68.790001,3540300,61.618343
2013-04-03,68.00,68.559998,67.550003,67.980003,6136300,60.892791
2013-04-02,68.959999,69.110001,68.309998,68.830002,2884500,61.654174
2013-04-01,68.300003,68.830002,68.25,68.660004,2734100,61.501899
2013-03-28,69.190002,69.43,68.309998,68.449997,3982000,61.313786
2013-03-27,68.489998,69.839996,68.489998,69.050003,4590800,61.851239
2013-03-26,68.419998,68.769997,67.949997,68.610001,3327400,61.457109
2013-03-25,68.730003,68.889999,68.169998,68.410004,4260200,61.277962
2013-03-22,68.239998,68.75,68.040001,68.419998,3167100,61.286915
2013-03-21,68.120003,68.269997,67.419998,68.050003,4789600,60.955493
2013-03-20,66.970001,68.870003,66.900002,68.519997,7924900,61.376488
2013-03-19,67.010002,67.190002,65.959999,66.459999,4063000,59.531254
2013-03-18,66.519997,67.059998,66.300003,66.760002,3573400,59.799981
2013-03-15,67.050003,67.290001,66.519997,66.800003,5945700,59.835811
2013-03-14,67.50,67.50,66.870003,67.339996,3294000,60.319508
2013-03-13,66.790001,67.480003,66.599998,67.43,3636200,60.400128
2013-03-12,67.18,67.559998,66.970001,67.110001,4140300,60.11349
2013-03-11,66.349998,67.370003,65.889999,67.339996,4984400,60.319508
2013-03-08,66.110001,66.470001,65.709999,66.349998,3827600,59.432722
2013-03-07,66.220001,66.25,65.669998,65.849998,4017900,58.984849
2013-03-06,66.720001,66.900002,66.040001,66.120003,4301900,59.226704
2013-03-05,66.50,66.839996,65.830002,66.68,5927600,59.728319
2013-03-04,64.879997,66.919998,64.650002,66.440002,12363500,59.513342
2013-03-01,63.220001,64.389999,63.220001,64.129997,6536100,57.444165
2013-02-28,63.23,64.089996,62.459999,62.959999,8465700,56.396144
2013-02-27,62.310001,63.75,61.68,63.119999,13623700,56.539464
2013-02-26,63.099998,64.300003,63.049999,64.050003,8096600,57.372511
2013-02-25,63.630001,63.799999,62.889999,62.889999,6177100,56.333442
2013-02-22,63.48,63.889999,62.98,63.599998,5342900,56.969421
2013-02-21,62.68,63.880001,62.52,63.400002,7221800,56.790275
2013-02-20,61.98,63.209999,61.619999,62.650002,6561200,56.118465
2013-02-19,61.790001,62.060001,61.439999,61.869999,6881500,55.419781
2013-02-15,62.450001,62.599998,60.740002,61.709999,14611300,55.276462
2013-02-14,62.689999,63.330002,62.580002,63.09,5352200,56.190122
2013-02-13,63.00,63.279999,62.43,62.689999,4807100,55.833867
2013-02-12,62.580002,62.84,62.34,62.73,3379400,55.869493
2013-02-11,62.48,62.669998,61.849998,62.669998,3516900,55.816054
2013-02-08,62.18,63.009998,62.18,62.490002,4136600,55.655743
2013-02-07,62.599998,62.869999,61.990002,62.299999,6032900,55.48652
2013-02-06,62.139999,62.849998,61.900002,62.689999,6060000,55.833867
2013-02-05,61.439999,62.66,61.34,62.400002,6969600,55.575585
2013-02-04,61.00,61.099998,60.330002,60.849998,4085200,54.195099
2013-02-01,60.939999,61.560001,60.82,61.150002,4707900,54.462292
2013-01-31,60.830002,61.18,60.41,60.41,5309700,53.803221
2013-01-30,61.419998,61.52,60.869999,60.98,3644800,54.310883
2013-01-29,61.18,61.720001,60.959999,61.34,3695400,54.631512
2013-01-28,61.580002,61.650002,60.759998,61.130001,3887000,54.444479
2013-01-25,62.00,62.119999,61.349998,61.540001,4552100,54.809639
2013-01-24,61.299999,62.130001,61.23,61.860001,4844000,55.094642
2013-01-23,61.299999,61.580002,60.790001,61.040001,3596600,54.364322
2013-01-22,61.529999,61.68,61.290001,61.490002,2473200,54.765108
2013-01-18,61.490002,61.689999,61.299999,61.529999,3675300,54.800731
2013-01-17,61.50,61.790001,61.240002,61.459999,3597900,54.738387
2013-01-16,60.970001,61.540001,60.880001,61.32,4192500,54.613699
2013-01-15,60.41,61.50,60.16,61.09,4692200,54.408853
2013-01-14,59.990002,60.50,59.720001,60.389999,4444800,53.785408
2013-01-11,60.169998,60.529999,59.990002,60.07,4481800,53.500406
2013-01-10,60.380001,60.470001,59.889999,60.310001,4747500,53.714159
2013-01-09,60.73,60.77,60.139999,60.18,4431400,53.598376
2013-01-08,61.099998,61.119999,60.290001,60.639999,4928700,54.008067
2013-01-07,60.52,61.439999,60.369999,61.299999,4896500,54.595885
2013-01-04,60.720001,60.790001,59.900002,60.580002,5249300,53.954631
2013-01-03,60.549999,60.779999,59.459999,60.16,10665800,53.580563
2013-01-02,58.57,59.189999,58.009998,58.82,9523000,52.387113
2012-12-31,58.50,59.200001,58.299999,59.169998,3926700,52.698833
2012-12-28,58.73,59.619999,58.540001,58.57,3477200,52.164454
2012-12-27,59.07,59.310001,58.490002,58.93,3724100,52.485083
2012-12-26,59.470001,59.540001,58.68,59.209999,4671500,52.73446
2012-12-24,59.560001,59.82,59.450001,59.540001,1714400,53.02837
2012-12-21,60.130001,60.25,59.41,59.599998,8667800,53.081806
2012-12-20,60.700001,61.029999,59.860001,60.360001,8178600,53.75869
2012-12-19,62.139999,62.279999,61.509998,61.52,4660100,54.791826
2012-12-18,61.18,62.279999,61.150002,62.279999,5146900,55.468707
2012-12-17,60.540001,61.169998,60.139999,61.09,4928200,54.408853
2012-12-14,60.970001,61.299999,60.470001,60.50,3369100,53.883379
2012-12-13,60.650002,61.43,60.560001,61.25,4233600,54.551354
2012-12-12,61.48,61.73,60.450001,60.540001,8309800,53.919005
2012-12-11,62.009998,62.25,61.220001,61.43,6364800,54.711669
2012-12-10,62.18,62.27,61.709999,61.959999,3901900,55.183704
2012-12-07,62.369999,62.389999,61.860001,62.279999,3634700,55.468707
2012-12-06,62.080002,62.50,61.700001,62.200001,3285700,55.397458
2012-12-05,62.049999,62.299999,61.279999,62.040001,6021500,55.254956
2012-12-04,62.310001,62.310001,61.349998,61.990002,4571400,55.210425
2012-12-03,63.099998,63.200001,62.209999,62.299999,3570400,55.48652
2012-11-30,62.669998,63.240002,62.07,63.130001,6041000,56.225748
2012-11-29,61.189999,62.849998,61.189999,62.790001,8909700,55.922932
2012-11-28,62.509998,62.98,62.27,62.810001,4891800,55.940745
2012-11-27,62.869999,63.380001,62.52,62.57,5039900,55.726992
2012-11-26,64.120003,64.120003,62.59,62.779999,6499400,55.914024
2012-11-23,64.099998,64.50,63.689999,64.480003,1819100,57.428106
2012-11-21,63.040001,63.82,62.889999,63.720001,4447800,56.751222
2012-11-20,63.00,63.119999,62.529999,63.00,4713100,56.109965
2012-11-19,62.880001,63.240002,62.630001,63.009998,5390100,56.118869
2012-11-16,62.369999,62.66,61.889999,62.50,3858000,55.344019
2012-11-15,62.23,62.98,61.139999,62.439999,8896000,55.290888
2012-11-14,62.110001,62.689999,61.02,61.380001,5525600,54.352255
2012-11-13,61.830002,62.919998,61.650002,62.09,3617600,54.980962
2012-11-12,62.049999,62.299999,61.610001,61.98,2295500,54.883556
2012-11-09,61.689999,62.43,61.509998,62.02,3963600,54.918977
2012-11-08,62.91,63.139999,61.82,61.82,4568400,54.741876
2012-11-07,63.02,63.220001,62.32,62.790001,5058700,55.600816
2012-11-06,63.599998,63.900002,63.299999,63.389999,4005100,56.132117
2012-11-05,63.169998,63.610001,63.080002,63.400002,3981200,56.140974
2012-11-02,63.330002,63.43,62.619999,62.709999,3711500,55.529974
2012-11-01,62.970001,63.73,62.689999,62.939999,6155000,55.73364
2012-10-31,64.190002,64.190002,63.279999,63.75,5837500,56.450899
2012-10-26,63.43,64.230003,63.32,63.919998,5307700,56.601434
2012-10-25,63.09,63.27,62.639999,63.119999,3454600,55.893031
2012-10-24,62.91,62.959999,62.52,62.830002,3297300,55.636237
2012-10-23,61.869999,62.93,61.700001,62.639999,5359100,55.467989
2012-10-22,61.959999,62.34,61.790001,62.209999,3110600,55.087222
2012-10-19,62.869999,63.02,61.830002,62.23,3780300,55.104933
2012-10-18,63.119999,63.490002,62.52,62.939999,2614500,55.73364
2012-10-17,62.990002,63.419998,62.48,63.040001,3370600,55.822192
2012-10-16,62.25,62.990002,62.110001,62.900002,3846400,55.698222
2012-10-15,61.610001,62.009998,61.32,61.810001,3218100,54.733022
2012-10-12,61.32,62.080002,61.27,61.52,4323800,54.476225
2012-10-11,63.099998,63.119999,61.220001,61.25,5255800,54.237139
2012-10-10,63.00,63.369999,62.610001,62.66,3435300,55.4857
2012-10-09,63.91,64.059998,62.889999,62.889999,2170600,55.689365
2012-10-08,64.059998,64.199997,63.720001,63.990002,2360100,56.663422
2012-10-05,64.00,64.410004,63.950001,64.18,3802100,56.831667
2012-10-04,63.799999,64.040001,63.330002,63.650002,4024700,56.36235
2012-10-03,63.209999,63.490002,62.990002,63.09,4071500,55.866467
2012-10-02,63.16,63.50,62.77,62.98,3012200,55.769061
2012-10-01,63.18,63.849998,62.830002,62.990002,4207900,55.777918
2012-09-28,63.529999,63.880001,62.98,63.470001,4026900,56.202959
2012-09-27,63.700001,63.810001,62.450001,63.59,6441100,56.309219
2012-09-26,64.360001,64.440002,63.759998,63.830002,3477400,56.521741
2012-09-25,65.550003,65.599998,64.360001,64.379997,3114800,57.008765
2012-09-24,65.309998,65.419998,65.00,65.150002,2544200,57.690607
2012-09-21,65.489998,65.800003,65.260002,65.440002,4156300,57.947404
2012-09-20,64.919998,65.589996,64.550003,65.400002,3233000,57.911983
2012-09-19,64.339996,65.379997,64.290001,65.010002,3402500,57.566637
2012-09-18,64.25,64.349998,63.709999,64.279999,3850400,56.920216
2012-09-17,64.650002,64.75,64.18,64.410004,4111200,57.035336
2012-09-14,65.089996,65.089996,64.360001,64.669998,4480000,57.265562
2012-09-13,64.220001,65.099998,64.150002,65.059998,2735000,57.610908
2012-09-12,64.50,64.839996,64.129997,64.379997,2308500,57.008765
2012-09-11,64.57,64.650002,64.269997,64.480003,3435800,57.097321
2012-09-10,64.260002,64.93,64.029999,64.800003,3834400,57.380682
2012-09-07,64.860001,64.970001,63.869999,64.00,3875800,56.672276
2012-09-06,64.050003,64.860001,63.849998,64.860001,2993000,57.43381
2012-09-05,63.950001,64.209999,63.509998,63.73,2646200,56.433189
2012-09-04,64.00,64.110001,63.639999,63.84,3254100,56.530595
2012-08-31,64.529999,64.550003,64.00,64.089996,3869900,56.751968
2012-08-30,64.32,64.559998,63.970001,64.160004,3491400,56.813959
2012-08-29,63.849998,64.50,63.75,64.260002,4765500,56.902509
2012-08-28,63.43,64.50,63.310001,63.810001,4541800,56.504031
2012-08-27,63.66,63.68,63.240002,63.360001,2389500,56.105553
2012-08-24,63.00,63.799999,62.98,63.689999,2764700,56.397768
2012-08-23,63.50,63.599998,62.700001,62.990002,2863600,55.777918
2012-08-22,64.129997,64.349998,63.450001,63.68,2676200,56.388914
2012-08-21,63.889999,64.330002,63.700001,64.129997,4477900,56.787389
2012-08-20,64.00,64.110001,63.43,63.639999,4224900,56.353493
2012-08-17,63.849998,64.139999,63.77,64.139999,3022800,56.796246
2012-08-16,64.440002,64.540001,63.639999,63.91,5735300,56.59258
2012-08-15,64.370003,64.989998,64.120003,64.50,9058900,57.115028
2012-08-14,62.73,63.470001,62.650002,63.380001,4780800,56.123264
2012-08-13,62.619999,62.619999,62.23,62.509998,3507900,55.352873
2012-08-10,62.759998,62.889999,62.380001,62.84,2934600,55.32631
2012-08-09,62.950001,62.970001,62.509998,62.689999,2817600,55.194244
2012-08-08,62.419998,63.00,62.209999,62.939999,2821900,55.414352
2012-08-07,62.59,62.91,62.360001,62.639999,3409000,55.150223
2012-08-06,62.549999,62.900002,62.389999,62.389999,2415900,54.930115
2012-08-03,62.43,62.860001,62.060001,62.360001,3918100,54.903703
2012-08-02,60.880001,62.099998,60.549999,61.970001,5299500,54.560336
2012-08-01,60.880001,60.990002,60.119999,60.619999,4844100,53.371751
2012-07-31,60.98,61.209999,60.00,60.650002,7223800,53.398167
2012-07-30,61.369999,62.16,61.290001,62.040001,3638100,54.621966
2012-07-27,61.25,61.880001,61.220001,61.52,3561400,54.164141
2012-07-26,61.150002,61.380001,60.700001,61.060001,3230700,53.759143
2012-07-25,60.73,60.880001,60.00,60.360001,3253100,53.142841
2012-07-24,60.52,60.860001,60.169998,60.549999,3773300,53.310121
2012-07-23,60.779999,60.860001,60.25,60.439999,4260100,53.213273
2012-07-20,61.080002,61.599998,61.00,61.369999,3588800,54.032075
2012-07-19,61.529999,61.57,60.66,61.25,3446800,53.926424
2012-07-18,61.099998,61.560001,60.869999,61.389999,4168400,54.049684
2012-07-17,60.68,61.400002,60.66,61.259998,7796100,53.935227
2012-07-16,61.73,62.18,61.450001,61.50,6414400,54.146532
2012-07-13,59.82,61.98,59.689999,61.950001,10553200,54.542727
2012-07-12,59.68,60.23,59.27,59.880001,6516700,52.720234
2012-07-11,59.360001,59.959999,59.169998,59.790001,9239500,52.640995
2012-07-10,58.279999,59.490002,58.029999,59.23,8310600,52.147952
2012-07-09,58.259998,58.290001,57.549999,58.040001,4662200,51.10024
2012-07-06,56.799999,58.200001,56.709999,58.07,5031700,51.126652
2012-07-05,57.389999,58.310001,56.700001,57.150002,6482300,50.316657
2012-07-03,58.02,58.029999,57.330002,57.779999,3649200,50.871326
2012-07-02,58.34,58.470001,57.779999,58.27,4113400,51.302739
2012-06-29,57.860001,58.25,56.93,58.189999,7682100,51.232303
2012-06-28,57.32,57.560001,56.919998,57.459999,5162600,50.589588
2012-06-27,57.459999,57.689999,57.150002,57.560001,3924200,50.677633
2012-06-26,57.259998,57.869999,57.240002,57.630001,3493200,50.739263
2012-06-25,57.240002,57.50,56.880001,57.23,3674100,50.387089
2012-06-22,57.599998,57.830002,57.48,57.560001,5363300,50.677633
2012-06-21,58.619999,58.68,57.330002,57.400002,5399200,50.536764
2012-06-20,58.73,58.869999,58.09,58.50,3988400,51.505238
2012-06-19,58.59,58.73,58.139999,58.700001,4519300,51.681325
2012-06-18,58.299999,58.799999,57.709999,58.470001,3834200,51.478826
2012-06-15,58.919998,59.00,58.23,58.50,6014700,51.505238
2012-06-14,58.220001,58.919998,58.139999,58.549999,4283300,51.549259
2012-06-13,58.209999,58.650002,57.810001,58.049999,4732900,51.109043
2012-06-12,58.700001,58.900002,57.919998,58.16,5557700,51.205891
2012-06-11,59.360001,59.400002,58.599998,58.700001,5272900,51.681325
2012-06-08,57.240002,59.25,57.240002,59.200001,6426500,52.12154
2012-06-07,58.00,58.00,57.27,57.32,5565600,50.466328
2012-06-06,57.610001,57.799999,57.259998,57.50,6650600,50.624806
2012-06-05,56.93,57.509998,56.93,57.32,3994100,50.466328
2012-06-04,57.259998,57.799999,56.990002,57.57,6150600,50.686436
2012-06-01,57.220001,57.470001,56.849998,57.200001,4809900,50.360678
2012-05-31,58.200001,58.459999,57.84,57.91,6856500,50.985783
2012-05-30,57.799999,57.84,57.00,57.790001,7232100,50.880132
2012-05-29,57.900002,58.169998,57.389999,58.130001,4792600,51.179479
2012-05-25,57.43,57.709999,57.169998,57.619999,4293900,50.730457
2012-05-24,56.860001,57.389999,56.650002,57.25,4460600,50.404698
2012-05-23,56.240002,56.889999,55.939999,56.779999,3956300,49.990895
2012-05-22,55.889999,56.900002,55.810001,56.669998,5777400,49.894047
2012-05-21,55.43,55.900002,54.93,55.830002,4779400,49.154487
2012-05-18,55.07,56.00,54.91,55.459999,7144300,48.828725
2012-05-17,55.27,55.509998,54.68,54.810001,6045500,48.256447
2012-05-16,55.860001,56.450001,55.130001,55.32,9027300,48.705466
2012-05-15,54.849998,55.490002,54.849998,55.080002,4383900,48.494164
2012-05-14,54.91,55.540001,54.830002,54.919998,4174600,48.353292
2012-05-11,55.169998,56.110001,55.110001,55.43,3942400,48.538184
2012-05-10,55.650002,55.73,54.959999,55.310001,3462600,48.433105
2012-05-09,55.279999,55.639999,55.029999,55.279999,2901600,48.406833
2012-05-08,55.459999,55.689999,54.950001,55.549999,3062500,48.643263
2012-05-07,55.700001,56.16,55.66,55.759998,3031200,48.827153
2012-05-04,56.130001,56.419998,55.52,55.650002,5671300,48.730832
2012-05-03,57.529999,57.68,56.200001,56.549999,11344300,49.51893
2012-05-02,57.799999,57.98,56.98,57.98,7562500,50.771133
2012-05-01,57.419998,58.380001,57.139999,58.009998,4872300,50.797402
2012-04-30,58.060001,58.259998,57.48,57.939999,3920000,50.736105
2012-04-27,57.639999,58.619999,57.310001,58.259998,4263700,51.016318
2012-04-26,56.880001,57.75,56.799999,57.490002,3570700,50.342058
2012-04-25,56.990002,57.279999,56.59,56.830002,3518700,49.764119
2012-04-24,56.830002,57.049999,56.41,56.73,3357200,49.67655
2012-04-23,57.00,57.049999,56.209999,56.639999,3559000,49.59774
2012-04-20,56.93,57.389999,56.720001,57.279999,3609700,50.158166
2012-04-19,57.50,57.59,56.669998,56.790001,3702900,49.729091
2012-04-18,57.529999,57.619999,57.349998,57.380001,2948400,50.245734
2012-04-17,57.50,57.790001,57.41,57.599998,3727300,50.438379
2012-04-16,57.549999,57.669998,57.139999,57.389999,4180600,50.25449
2012-04-13,57.82,58.060001,57.400002,57.43,4509800,50.289517
2012-04-12,57.139999,57.98,57.02,57.93,4081000,50.72735
