Date,Open,High,Low,Close,Volume,Adj Close
2016-11-25,13.35,13.731,13.35,13.48,150000,13.48
2016-11-23,13.49,13.59,13.322,13.34,135000,13.34
2016-11-22,13.89,13.99,13.52,13.60,143500,13.60
2016-11-21,14.01,14.105,13.81,13.87,96100,13.87
2016-11-18,14.02,14.12,13.91,14.07,98900,14.07
2016-11-17,14.24,14.319,14.036,14.13,69300,14.13
2016-11-16,14.32,14.44,14.20,14.25,99700,14.133
2016-11-15,14.37,14.50,14.218,14.50,112800,14.380947
2016-11-14,14.32,14.569,14.15,14.48,216900,14.361111
2016-11-11,14.38,14.47,14.03,14.18,165600,14.063575
2016-11-10,14.24,14.64,14.06,14.57,177800,14.450372
2016-11-09,13.77,14.44,13.59,14.08,305000,13.964396
2016-11-08,12.92,13.55,12.88,13.29,166800,13.180882
2016-11-07,13.06,13.179,12.97,13.01,145900,12.903181
2016-11-04,12.85,13.10,12.85,12.96,106800,12.853591
2016-11-03,13.03,13.14,12.84,12.93,201600,12.823838
2016-11-02,13.36,13.393,13.03,13.08,101000,12.972606
2016-11-01,13.48,13.56,13.35,13.45,112800,13.339568
2016-10-31,13.78,13.78,13.35,13.53,215000,13.418911
2016-10-28,13.90,13.90,13.55,13.60,255100,13.488337
2016-10-27,14.07,14.13,13.83,14.02,133000,13.904889
2016-10-26,13.90,14.10,13.85,14.03,152400,13.914806
2016-10-25,14.07,14.54,13.815,13.89,136100,13.775956
2016-10-24,14.08,14.37,13.95,13.99,103600,13.875134
2016-10-21,14.05,14.18,13.95,14.02,158200,13.904889
2016-10-20,14.17,14.49,14.01,14.10,134000,13.984232
2016-10-19,14.60,14.60,14.13,14.14,137700,14.023903
2016-10-18,14.81,14.81,14.16,14.19,123900,14.073492
2016-10-17,14.54,14.755,14.44,14.50,97300,14.264908
2016-10-14,14.54,14.72,14.44,14.48,85100,14.245232
2016-10-13,14.45,14.643,14.39,14.40,150100,14.166529
2016-10-12,14.56,14.75,14.52,14.52,131600,14.284584
2016-10-11,14.56,14.73,14.50,14.50,110300,14.264908
2016-10-10,14.61,14.88,14.52,14.61,71800,14.373124
2016-10-07,14.67,14.688,14.55,14.58,46500,14.343611
2016-10-06,14.60,14.81,14.595,14.72,102400,14.481341
2016-10-05,14.86,15.00,14.62,14.65,54700,14.412476
2016-10-04,15.00,15.07,14.75,14.76,57400,14.520693
2016-10-03,14.72,15.08,14.60,15.06,85200,14.815829
2016-09-30,14.79,14.82,14.56,14.68,95300,14.44199
2016-09-29,14.62,14.78,14.55,14.56,101900,14.323936
2016-09-28,14.95,14.999,14.64,14.69,134500,14.451827
2016-09-27,14.89,15.31,14.81,14.82,406000,14.57972
2016-09-26,14.88,15.26,14.77,14.91,233700,14.66826
2016-09-23,15.07,15.26,14.81,15.06,125400,14.815829
2016-09-22,14.82,15.30,14.82,15.20,201900,14.953559
2016-09-21,14.77,15.12,14.75,14.77,122100,14.530531
2016-09-20,14.72,14.96,14.69,14.77,117400,14.530531
2016-09-19,14.85,15.17,14.57,14.69,177900,14.451827
2016-09-16,15.00,15.08,14.88,14.90,59900,14.658422
2016-09-15,14.88,15.07,14.87,14.92,60900,14.678099
2016-09-14,14.84,15.119,14.80,14.99,77000,14.63186
2016-09-13,15.08,15.08,14.77,14.77,103000,14.417117
2016-09-12,14.69,15.34,14.69,15.31,101900,14.944215
2016-09-09,14.92,15.00,14.69,14.73,79600,14.378071
2016-09-08,14.97,15.10,14.90,14.94,120900,14.583054
2016-09-07,15.09,15.229,14.96,14.96,100700,14.602577
2016-09-06,15.06,15.14,14.96,15.14,69800,14.778277
2016-09-02,15.15,15.315,14.97,15.04,79200,14.680665
2016-09-01,14.97,15.06,14.84,14.98,132400,14.622099
2016-08-31,14.89,15.00,14.74,14.92,172700,14.563533
2016-08-30,14.93,15.13,14.65,14.71,202200,14.35855
2016-08-29,15.03,15.239,14.64,14.93,141200,14.573294
2016-08-26,15.26,15.39,14.86,15.03,103600,14.670904
2016-08-25,15.37,15.37,14.92,15.16,91400,14.797798
2016-08-24,15.53,15.61,15.18,15.19,151700,14.827081
2016-08-23,15.48,15.59,15.32,15.42,136000,15.051587
2016-08-22,15.42,15.49,15.25,15.48,95000,15.110153
2016-08-19,15.33,15.44,15.291,15.37,73600,15.002781
2016-08-18,15.44,15.44,15.29,15.39,77900,15.022304
2016-08-17,15.47,15.47,15.05,15.36,131900,14.99302
2016-08-16,15.49,15.59,15.30,15.46,133500,14.976426
2016-08-15,15.40,15.49,15.325,15.48,81600,14.9958
2016-08-12,15.27,15.422,15.19,15.30,97900,14.821431
2016-08-11,15.30,15.36,15.15,15.19,92800,14.714871
2016-08-10,15.29,15.447,15.24,15.32,62700,14.840805
2016-08-09,15.42,15.43,15.15,15.29,129200,14.811744
2016-08-08,15.29,15.61,15.29,15.32,156500,14.840805
2016-08-05,14.86,15.34,14.822,15.24,136600,14.763307
2016-08-04,14.77,14.954,14.77,14.88,118800,14.414568
2016-08-03,14.65,14.85,14.52,14.75,82300,14.288634
2016-08-02,14.96,14.99,14.52,14.59,181700,14.133639
2016-08-01,14.99,15.00,14.78,14.94,108900,14.472691
2016-07-29,14.87,14.99,14.78,14.95,126300,14.482378
2016-07-28,14.65,14.855,14.64,14.77,136900,14.308009
2016-07-27,14.68,14.75,14.60,14.73,122400,14.269259
2016-07-26,14.75,14.75,14.52,14.58,134600,14.123952
2016-07-25,14.69,14.72,14.54,14.66,121000,14.201449
2016-07-22,14.57,14.67,14.50,14.64,97200,14.182075
2016-07-21,14.36,14.57,14.36,14.45,83400,13.998018
2016-07-20,14.20,14.48,14.20,14.42,158700,13.968956
2016-07-19,14.22,14.29,14.06,14.26,227300,13.813961
2016-07-18,14.11,14.30,14.11,14.25,79700,13.804274
2016-07-15,14.32,14.41,14.02,14.17,196400,13.726776
2016-07-14,14.33,14.50,14.19,14.38,238600,13.930208
2016-07-13,14.36,14.40,14.32,14.337,95200,13.775212
2016-07-12,14.17,14.39,14.17,14.36,138000,13.797311
2016-07-11,14.30,14.30,14.13,14.16,110800,13.605148
2016-07-08,14.07,14.26,14.06,14.17,77900,13.614756
2016-07-07,14.02,14.17,14.01,14.05,161000,13.499459
2016-07-06,13.96,14.08,13.84,14.03,97800,13.480242
2016-07-05,14.05,14.36,13.87,13.90,286900,13.355336
2016-07-01,14.17,14.31,14.04,14.05,216300,13.499459
2016-06-30,14.45,14.45,13.833,14.10,135900,13.5475
2016-06-29,13.93,14.29,13.73,14.16,167200,13.605148
2016-06-28,13.53,13.99,13.53,13.71,168000,13.172781
2016-06-27,13.84,13.94,13.30,13.45,232400,12.922969
2016-06-24,13.81,14.11,13.73,13.91,147900,13.364944
2016-06-23,13.95,14.10,13.80,14.07,94100,13.518674
2016-06-22,13.98,14.08,13.86,13.91,116600,13.364944
2016-06-21,14.02,14.182,13.82,13.87,214400,13.326512
2016-06-20,14.24,14.24,13.971,14.02,153200,13.470634
2016-06-17,14.02,14.20,13.83,14.15,187600,13.59554
2016-06-16,13.70,14.29,13.66,14.08,239000,13.528283
2016-06-15,13.78,14.175,13.77,14.00,198200,13.339003
2016-06-14,13.90,14.16,13.76,13.78,175200,13.12939
2016-06-13,14.00,14.17,13.91,13.95,139400,13.291363
2016-06-10,14.28,14.28,14.04,14.08,91000,13.415226
2016-06-09,14.38,14.50,14.183,14.38,143700,13.701061
2016-06-08,14.53,14.58,14.48,14.51,90400,13.824924
2016-06-07,14.50,14.60,14.39,14.49,214000,13.805868
2016-06-06,14.40,14.55,14.36,14.53,161000,13.843979
2016-06-03,14.49,14.70,14.37,14.40,152200,13.720117
2016-06-02,14.35,14.48,14.30,14.48,135800,13.79634
2016-06-01,14.14,14.39,14.14,14.32,227200,13.643894
2016-05-31,14.36,14.56,14.13,14.15,330600,13.48192
2016-05-27,14.42,14.56,14.27,14.34,95000,13.66295
2016-05-26,14.43,14.45,14.17,14.45,179400,13.767756
2016-05-25,14.43,14.684,14.24,14.43,190400,13.748701
2016-05-24,14.06,14.40,14.06,14.13,234000,13.462865
2016-05-23,14.10,14.41,14.01,14.01,182900,13.348531
2016-05-20,13.85,14.47,13.84,13.92,89700,13.26278
2016-05-19,14.01,14.42,13.80,13.80,232300,13.148446
2016-05-18,13.90,14.33,13.71,14.12,200600,13.453337
2016-05-17,13.99,14.168,13.88,14.00,263500,13.339003
2016-05-16,13.90,14.11,13.79,14.01,175500,13.237054
2016-05-13,13.90,13.97,13.81,13.91,62100,13.142571
2016-05-12,14.118,14.39,13.81,13.82,163100,13.057536
2016-05-11,14.14,14.31,14.00,14.08,159300,13.303192
2016-05-10,14.34,14.38,14.23,14.25,144600,13.463813
2016-05-09,14.36,14.40,14.28,14.33,143800,13.539399
2016-05-06,14.59,14.68,14.33,14.36,129900,13.567744
2016-05-05,14.74,14.81,14.604,14.73,99300,13.917331
2016-05-04,14.71,14.793,14.55,14.64,166100,13.832297
2016-05-03,14.64,14.73,14.54,14.73,80800,13.917331
2016-05-02,14.70,14.93,14.61,14.81,535200,13.992918
2016-04-29,14.54,14.88,14.35,14.76,585100,13.945676
2016-04-28,14.64,14.72,14.40,14.50,174600,13.70002
2016-04-27,14.79,14.79,14.544,14.61,48700,13.803951
2016-04-26,14.91,14.99,14.56,14.68,165100,13.87009
2016-04-25,14.73,14.85,14.67,14.83,123300,14.011814
2016-04-22,14.77,14.80,14.54,14.71,93500,13.898434
2016-04-21,14.55,14.69,14.45,14.65,80500,13.841744
2016-04-20,14.58,14.63,14.45,14.58,92700,13.775607
2016-04-19,14.44,14.52,14.40,14.40,97500,13.605537
2016-04-18,14.24,14.483,14.24,14.38,77900,13.586641
2016-04-15,14.36,14.45,14.30,14.37,108800,13.577192
2016-04-14,14.53,14.53,14.34,14.47,62400,13.671676
2016-04-13,14.41,14.60,14.30,14.58,99300,13.665062
2016-04-12,14.24,14.37,14.02,14.35,86900,13.449495
2016-04-11,14.26,14.37,14.25,14.31,83600,13.412006
2016-04-08,14.25,14.30,14.23,14.281,69100,13.384825
2016-04-07,14.25,14.37,14.11,14.19,95000,13.299535
2016-04-06,13.98,14.48,13.96,14.36,156600,13.458867
2016-04-05,13.95,14.06,13.86,14.05,67000,13.168321
2016-04-04,13.96,14.13,13.926,14.09,123300,13.205811
2016-04-01,14.02,14.03,13.765,13.90,125900,13.027733
2016-03-31,14.10,14.10,13.80,14.03,132000,13.149576
2016-03-30,13.96,14.05,13.919,14.04,68100,13.158948
2016-03-29,13.75,13.89,13.75,13.87,56700,12.999616
2016-03-28,13.78,13.96,13.66,13.83,94500,12.962126
2016-03-24,13.96,13.96,13.76,13.76,71700,12.896519
2016-03-23,13.96,14.089,13.95,13.97,95400,13.093341
2016-03-22,13.77,14.065,13.77,14.03,181700,13.149576
2016-03-21,13.65,14.01,13.64,13.90,150800,13.027733
2016-03-18,13.80,13.84,13.61,13.75,201100,12.887147
2016-03-17,13.61,13.78,13.27,13.75,299200,12.887147
2016-03-16,13.50,13.68,13.41,13.64,343400,12.78405
2016-03-15,13.65,13.709,13.35,13.66,241700,12.693136
2016-03-14,13.55,13.75,13.50,13.74,162500,12.767474
2016-03-11,13.37,13.591,13.37,13.52,108300,12.563046
2016-03-10,13.50,13.51,13.30,13.35,89800,12.405079
2016-03-09,13.71,13.71,13.36,13.40,211600,12.451539
2016-03-08,13.51,13.69,13.40,13.62,168100,12.655968
2016-03-07,13.49,13.75,13.405,13.68,151700,12.711721
2016-03-04,13.59,13.65,13.43,13.53,107900,12.572338
2016-03-03,13.48,13.53,13.38,13.51,138400,12.553754
2016-03-02,13.64,13.64,13.39,13.55,117700,12.590923
2016-03-01,13.46,13.70,13.229,13.62,151800,12.655968
2016-02-29,13.49,13.49,13.24,13.30,221500,12.358618
2016-02-26,13.33,13.42,13.30,13.40,84800,12.451539
2016-02-25,13.18,13.40,13.12,13.30,89500,12.358618
2016-02-24,13.10,13.274,12.90,13.19,168100,12.256403
2016-02-23,13.20,13.248,13.11,13.15,82800,12.219234
2016-02-22,13.18,13.24,13.074,13.19,111400,12.256403
2016-02-19,12.88,13.04,12.79,13.04,79300,12.11702
2016-02-18,13.12,13.15,12.85,12.93,189000,12.014807
2016-02-17,12.79,13.01,12.70,13.00,209100,12.079852
2016-02-16,12.50,12.75,12.441,12.74,140700,11.729536
2016-02-12,12.27,12.45,12.27,12.36,172100,11.379675
2016-02-11,12.24,12.40,12.17,12.20,221900,11.232365
2016-02-10,12.70,12.81,12.53,12.53,157400,11.536192
2016-02-09,12.53,12.91,12.53,12.67,161400,11.665088
2016-02-08,12.94,13.087,12.67,12.76,168900,11.74795
2016-02-05,13.58,13.58,13.17,13.19,77000,12.143844
2016-02-04,13.47,13.63,13.41,13.55,122000,12.475292
2016-02-03,13.70,13.71,13.40,13.53,153700,12.456877
2016-02-02,13.65,13.74,13.565,13.62,138200,12.539739
2016-02-01,13.47,13.82,13.47,13.82,101000,12.723876
2016-01-29,13.59,13.68,13.41,13.60,138600,12.521326
2016-01-28,13.71,13.71,13.30,13.40,154700,12.337188
2016-01-27,13.82,13.88,13.60,13.60,99200,12.521326
2016-01-26,13.59,13.80,13.53,13.76,143000,12.668636
2016-01-25,13.76,13.88,13.56,13.60,128200,12.521326
2016-01-22,13.47,13.88,13.46,13.85,178300,12.751497
2016-01-21,13.10,13.50,13.00,13.27,254300,12.2175
2016-01-20,13.33,13.36,12.61,13.17,379300,12.125431
2016-01-19,13.70,13.94,13.37,13.56,199900,12.484499
2016-01-15,13.70,13.92,13.49,13.74,166600,12.650221
2016-01-14,13.94,14.22,13.70,14.10,177200,12.981669
2016-01-13,14.70,14.76,13.87,13.91,217400,12.806738
2016-01-12,14.76,14.872,14.30,14.69,149700,13.524873
2016-01-11,15.05,15.05,14.50,14.66,206000,13.497252
2016-01-08,15.19,15.25,15.00,15.017,127200,13.825937
2016-01-07,15.50,15.55,15.07,15.10,331200,13.902355
2016-01-06,15.55,15.76,15.54,15.60,144900,14.362697
2016-01-05,15.72,15.86,15.63,15.85,173100,14.592869
2016-01-04,15.68,15.714,15.52,15.70,245200,14.454765
2015-12-31,15.63,15.95,15.63,15.83,407600,14.574455
2015-12-30,15.78,15.83,15.62,15.70,308800,14.454765
2015-12-29,15.77,15.82,15.60,15.77,536200,14.519214
2015-12-28,15.75,15.85,15.56,15.61,429400,14.371904
2015-12-24,15.80,15.87,15.74,15.82,80800,14.565248
2015-12-23,15.56,15.89,15.55,15.74,329600,14.491593
2015-12-22,15.15,15.64,15.15,15.56,590800,14.32587
2015-12-21,15.43,15.43,15.26,15.28,266200,14.068077
2015-12-18,15.36,15.37,15.156,15.289,200700,14.076363
2015-12-17,15.40,15.64,15.25,15.31,342100,14.095699
2015-12-16,15.02,15.42,15.02,15.38,274500,14.160146
2015-12-15,14.91,15.10,14.88,15.02,281300,13.8287
2015-12-14,14.98,15.103,14.88,14.88,130100,13.699803
2015-12-11,15.27,15.283,14.98,15.00,143700,13.810286
2015-12-10,15.34,15.50,15.23,15.31,170700,14.095699
2015-12-09,15.35,15.465,15.27,15.42,152300,14.196974
2015-12-08,15.08,15.37,15.08,15.33,136000,14.114112
2015-12-07,15.61,15.74,15.16,15.34,265100,14.123319
2015-12-04,15.77,15.876,15.65,15.77,179100,14.519214
2015-12-03,15.78,15.85,15.59,15.70,191000,14.454765
2015-12-02,15.70,15.87,15.70,15.82,194800,14.565248
2015-12-01,15.56,15.75,15.50,15.70,157900,14.454765
2015-11-30,15.64,15.64,15.30,15.45,241100,14.224594
2015-11-27,15.36,15.48,15.35,15.47,33100,14.243008
2015-11-25,15.25,15.342,15.136,15.26,178700,14.049664
2015-11-24,15.30,15.33,15.15,15.18,213500,13.976009
2015-11-23,15.08,15.472,15.08,15.31,212600,14.095699
2015-11-20,15.65,15.69,15.39,15.42,283900,14.196974
2015-11-19,15.69,15.744,15.56,15.57,152600,14.335076
2015-11-18,15.65,15.785,15.34,15.76,158500,14.510007
2015-11-17,15.53,15.80,15.44,15.47,191100,14.243008
2015-11-16,15.62,15.74,15.45,15.658,186800,14.416097
2015-11-13,15.773,15.88,15.70,15.70,205900,14.454765
2015-11-12,15.85,15.90,15.68,15.73,113500,14.482386
2015-11-11,15.91,16.00,15.86,15.89,89300,14.629696
2015-11-10,15.95,15.98,15.85,15.94,97500,14.67573
2015-11-09,16.059999,16.059999,15.874,15.92,80600,14.657317
2015-11-06,15.98,16.08,15.81,16.049999,107200,14.777005
2015-11-05,16.00,16.110001,15.88,15.98,116100,14.712557
2015-11-04,16.09,16.09,15.90,16.02,142300,14.749385
2015-11-03,15.70,16.049999,15.70,15.94,176500,14.67573
2015-11-02,15.82,16.08,15.767,16.049999,148400,14.777005
2015-10-30,16.129999,16.129999,15.614,15.67,255700,14.427145
2015-10-29,15.77,15.91,15.726,15.888,167000,14.627854
2015-10-28,15.67,15.76,15.626,15.753,175000,14.503562
2015-10-27,15.77,15.84,15.68,15.77,184600,14.519214
2015-10-26,15.76,16.059999,15.65,15.70,220500,14.454765
2015-10-23,16.15,16.17,15.78,16.00,156800,14.730971
2015-10-22,16.219999,16.290001,15.98,16.09,113100,14.813833
2015-10-21,16.360001,16.360001,15.969,16.164,101900,14.881963
2015-10-20,15.98,16.23,15.90,16.09,169700,14.813833
2015-10-19,15.49,15.88,15.45,15.85,108300,14.592869
2015-10-16,15.44,15.51,15.29,15.49,76200,14.261421
2015-10-15,15.25,15.48,15.17,15.42,203200,14.196974
2015-10-14,15.30,15.51,15.30,15.43,98400,14.206181
2015-10-13,15.16,15.46,15.112,15.32,115100,14.104905
2015-10-12,15.33,15.446,15.10,15.26,120500,14.049664
2015-10-09,15.42,15.47,15.25,15.363,87900,14.144494
2015-10-08,15.28,15.37,14.94,15.315,118800,14.100301
2015-10-07,14.87,15.21,14.76,15.21,161400,14.00363
2015-10-06,14.94,15.08,14.54,14.87,168300,13.690596
2015-10-05,15.18,15.18,14.70,14.86,189900,13.681389
2015-10-02,14.10,14.84,14.10,14.83,153200,13.653769
2015-10-01,14.40,14.715,14.30,14.59,233400,13.432805
2015-09-30,15.49,15.49,14.15,14.38,312700,13.239461
2015-09-29,14.18,14.91,13.88,14.50,364700,13.349943
2015-09-28,14.97,15.20,14.17,14.17,226500,13.046117
2015-09-25,15.89,15.90,15.375,15.38,133600,14.160146
2015-09-24,15.94,15.95,15.35,15.66,248300,14.417938
2015-09-23,16.07,16.40,15.88,16.23,89900,14.942729
2015-09-22,16.34,16.48,16.129999,16.190001,135400,14.905902
2015-09-21,16.629999,16.77,16.41,16.440001,123800,15.136074
2015-09-18,16.40,16.60,16.219999,16.50,127400,15.191314
2015-09-17,16.85,17.290001,16.59,16.66,218900,15.338624
2015-09-16,17.059999,17.059999,16.549999,16.799999,202400,15.467519
2015-09-15,16.809999,16.950001,16.219999,16.950001,159000,15.605623
2015-09-14,16.959999,16.959999,16.40,16.57,114200,15.255762
2015-09-11,16.85,17.10,16.67,16.709999,67600,15.384657
2015-09-10,17.00,17.186001,16.913,17.049999,86400,15.697691
2015-09-09,17.99,17.99,17.02,17.09,199000,15.734519
2015-09-08,17.610001,17.792999,17.35,17.52,96100,16.130414
2015-09-04,17.309999,17.479,17.26,17.40,36100,16.019931
2015-09-03,17.15,17.448999,17.15,17.41,94600,16.029138
2015-09-02,17.223,17.50,17.049999,17.059999,60100,15.706898
2015-09-01,17.00,17.450001,17.00,17.059999,109100,15.706898
2015-08-31,17.780001,17.90,17.261,17.49,128600,16.102793
2015-08-28,17.51,17.66,17.309999,17.559999,116400,16.167241
2015-08-27,17.639999,17.75,16.98,17.700001,201900,16.296138
2015-08-26,16.780001,16.90,16.17,16.832001,237000,15.496983
2015-08-25,16.16,16.848,16.16,16.780001,188900,15.449107
2015-08-24,14.12,15.92,14.12,15.92,254600,14.657317
2015-08-21,17.77,17.77,16.870001,16.90,213500,15.559588
2015-08-20,18.23,18.247999,17.66,17.879999,105400,16.46186
2015-08-19,18.219999,18.389999,18.110001,18.280001,82000,16.830135
2015-08-18,18.209999,18.50,18.16,18.365999,207300,16.909313
2015-08-17,18.57,18.58,18.309999,18.389999,114700,16.93141
2015-08-14,18.58,18.700001,18.41,18.485001,116900,17.018876
2015-08-13,18.85,18.895,18.629999,18.67,67200,17.189202
2015-08-12,18.799999,18.944,18.780001,18.860001,105600,17.364133
2015-08-11,18.879999,19.200001,18.76,18.93,174200,17.428581
2015-08-10,19.84,19.84,18.84,18.969999,387500,17.465407
2015-08-07,20.00,20.01,20.00,20.00,418900,18.413714
2015-08-06,20.00,20.02,20.00,20.00,279400,18.413714
2015-08-05,20.01,20.01,20.00,20.00,132900,18.413714
2015-08-04,20.00,20.01,20.00,20.00,339200,18.413714
2015-08-03,20.00,20.01,20.00,20.00,569900,18.413714
2015-07-31,20.01,20.040001,20.00,20.00,78800,18.413714
2015-07-30,20.00,20.01,20.00,20.00,78600,18.413714
2015-07-29,20.25,20.25,20.00,20.00,82600,18.413714
2015-07-28,20.02,20.024,20.00,20.00,107900,18.413714
2015-07-27,20.00,20.01,20.00,20.00,96500,18.413714
2015-07-24,20.01,20.011999,20.00,20.00,234200,18.413714
2015-07-23,20.00,20.01,20.00,20.01,130800,18.422921
2015-07-22,20.00,20.01,20.00,20.00,95200,18.413714
2015-07-21,20.00,20.01,20.00,20.01,68200,18.422921
2015-07-20,20.01,20.040001,20.00,20.00,38100,18.413714
2015-07-17,20.02,20.02,20.00,20.01,103300,18.422921
2015-07-16,20.02,20.02,20.00,20.01,48700,18.422921
2015-07-15,20.030001,20.034,20.00,20.00,53900,18.413714
2015-07-14,20.01,20.049999,20.00,20.00,68400,18.413714
2015-07-13,20.059999,20.07,20.00,20.047001,30800,18.456987
2015-07-10,20.10,20.10,20.00,20.014,54000,18.426604
2015-07-09,20.030001,20.030001,20.01,20.018,21700,18.430286
2015-07-08,20.129999,20.129999,19.950001,20.00,53200,18.413714
2015-07-07,20.00,20.030001,20.00,20.01,151000,18.422921
2015-07-06,20.01,20.01,20.00,20.00,78400,18.413714
2015-07-02,20.01,20.01,20.00,20.00,89800,18.413714
2015-07-01,20.02,20.02,20.00,20.00,37800,18.413714
2015-06-30,20.00,20.200001,20.00,20.01,81100,18.422921
2015-06-29,20.00,20.25,20.00,20.00,101900,18.413714
2015-06-26,20.00,20.030001,20.00,20.00,1616000,18.413714
