Date,Open,High,Low,Close,Volume,Adj Close
2017-12-20,14.45,14.55,14.15,14.3,1395242,14.3
2017-12-19,14.2,14.45,14.1,14.45,1975871,14.45
2017-12-18,14.4,14.6,14.15,14.25,1668071,14.25
2017-12-15,14.6,14.8,14.275,14.3,6144273,14.3
2017-12-14,14.75,14.9,14.45,14.6,1562414,14.6
2017-12-13,15.05,15.6,14.65,14.7,2032713,14.7
2017-12-12,16.1,16.2,15.85,15.9,499862,15.9
2017-12-11,16.15,16.175,15.95,16.15,653010,16.15
2017-12-08,16.05,16.2,15.85,16,565094,16
2017-12-07,16.3,16.35,15.9,15.95,1081660,15.95
2017-12-06,16.8,16.85,16.1,16.2,1015659,16.2
2017-12-05,16.35,16.35,15.9,16.05,1213743,16.05
2017-12-04,17.6,17.7,16.5,16.5,1222353,16.5
2017-12-01,17.8,17.95,17.6,17.7,756267,17.7
2017-11-30,18.05,18.15,17.7,17.8,583997,17.8
2017-11-29,18.05,18.35,17.85,17.9,636896,17.9
2017-11-28,18,18.25,17.6,18.1,1144284,18.1
2017-11-27,18.4,18.5,17.7,18,1943989,18
2017-11-24,18.9,19,18.4,18.45,541011,18.45
2017-11-22,19.25,19.475,18.7,18.9,2309100,18.9
2017-11-21,17.7,18.05,17.575,17.65,1075301,17.65
2017-11-20,17.45,17.65,17.3,17.5,514561,17.5
2017-11-17,17.5,17.7,17.15,17.425,607949,17.425
2017-11-16,16.6,17.8,16.6,17.7,947544,17.7
2017-11-15,16.95,17,16.45,16.45,1110342,16.45
2017-11-14,16.8,17.4,16.75,17.15,996102,17.15
2017-11-13,16.75,17.2,16.65,16.75,1108218,16.75
2017-11-10,17.4,17.6,16.7,16.85,1061668,16.85
2017-11-09,17.75,17.9,17.25,17.3,648459,17.3
2017-11-08,17.5,18.1,17.4,17.95,1023988,17.95
2017-11-07,17.5,17.75,17.375,17.45,644796,17.45
2017-11-06,17.3,17.6,17.175,17.55,965453,17.55
2017-11-03,18,18.35,17.1,17.3,885053,17.3
2017-11-02,18,18.05,17.85,17.95,856863,17.95
2017-11-01,18.3,18.5,17.95,18.025,720122,18.025
2017-10-31,18.2,18.4,18,18.15,1020034,18.15
2017-10-30,18.85,18.85,18.1,18.1,695224,18.1
2017-10-27,18.85,18.85,18.55,18.8,488185,18.8
2017-10-26,18.8,19,18.6,18.8,335478,18.8
2017-10-25,18.85,18.9,18.525,18.75,567087,18.75
2017-10-24,18.85,19,18.7,18.75,499112,18.75
2017-10-23,18.65,18.9,18.35,18.75,518530,18.75
2017-10-20,18.75,18.75,18.45,18.6,402728,18.6
2017-10-19,18.6,18.8,18.45,18.55,547852,18.55
2017-10-18,18.95,19,18.7,18.8,382115,18.8
2017-10-17,18.7,19,18.6,18.8,455953,18.8
2017-10-16,18.65,18.999,18.55,18.65,482464,18.65
2017-10-13,18.6,18.9,18.475,18.6,708863,18.6
2017-10-12,19.1,19.1,18.4,18.5,744554,18.5
2017-10-11,19.55,19.6,19.15,19.2,567814,19.2
2017-10-10,19.65,19.675,19.25,19.6,508925,19.6
2017-10-09,19.8,19.8,19.35,19.45,607855,19.45
2017-10-06,19.55,19.9,19.5,19.7,1019832,19.7
2017-10-05,19.6,19.95,19.6,19.65,720609,19.65
2017-10-04,19.8,19.85,19.55,19.6,471239,19.6
2017-10-03,19.95,19.95,19.4,19.75,655704,19.75
2017-10-02,19.9,20.175,19.75,19.85,774918,19.85
2017-09-29,19.5,20.05,19.35,19.85,1107286,19.85
2017-09-28,19.5,19.6,19.1,19.45,891619,19.45
2017-09-27,18.9,19.6,18.7,19.5,620948,19.5
2017-09-26,19,19.1,18.55,18.7,445834,18.7
2017-09-25,19.15,19.175,18.75,18.9,594438,18.9
2017-09-22,19,19.325,18.9,19.15,473444,19.15
2017-09-21,18.95,19.05,18.85,19,334486,19
2017-09-20,19.15,19.25,18.9,18.95,442140,18.95
2017-09-19,19.6,19.65,18.95,19.05,602526,19.05
2017-09-18,19.1,19.675,19,19.65,716162,19.65
2017-09-15,18.8,19.15,18.55,19.15,1034117,19.15
2017-09-14,18.6,18.85,18.5,18.75,545813,18.75
2017-09-13,18.5,18.775,18.3,18.6,523034,18.6
2017-09-12,18.5,18.55,18.25,18.45,510274,18.45
2017-09-11,18.2,18.7,18.1,18.5,644236,18.5
2017-09-08,17.65,18.2,17.6,18.1,403644,18.1
2017-09-07,18.15,18.15,17.6,17.6,413450,17.6
2017-09-06,17.85,18.15,17.75,18.1,476121,18.1
2017-09-05,18.4,18.55,17.8,18,527960,18
2017-09-01,18.4,18.6,18.3,18.5,469495,18.5
2017-08-31,18.25,18.55,18.25,18.3,581690,18.3
2017-08-30,18.45,18.5,18,18.15,449276,18.15
2017-08-29,18,18.575,17.85,18.5,671707,18.5
2017-08-28,18,18.1,17.85,18,508436,18
2017-08-25,18.2,18.2,17.9,17.95,349002,17.95
2017-08-24,18.55,18.55,17.925,18.05,348121,18.05
2017-08-23,18.45,18.6,18.275,18.45,371687,18.45
2017-08-22,18.6,18.65,18.45,18.6,269838,18.6
2017-08-21,18.05,18.6,18.05,18.5,549355,18.5
2017-08-18,18,18.2,17.95,18.1,649696,18.1
2017-08-17,18.4,18.5,18.05,18.1,455474,18.1
2017-08-16,18.4,18.645,18.2693,18.5,416071,18.5
2017-08-15,18.45,18.45,18.1,18.3,461069,18.3
2017-08-14,18.5,18.675,18.2,18.5,826185,18.5
2017-08-11,18.25,18.475,18,18.45,716729,18.45
2017-08-10,18.15,18.45,18.1,18.2,494891,18.2
2017-08-09,18.2,18.7,18,18.3,705458,18.3
2017-08-08,18.75,18.9,18.3,18.35,701121,18.35
2017-08-07,18.5,18.925,18.2,18.9,574519,18.9
2017-08-04,19.5,19.5,18.1,18.5,710800,18.5
2017-08-03,18.9,19,18.4,18.6,583757,18.6
2017-08-02,18.4,19.3,18.35,18.95,806952,18.95
2017-08-01,19.3,19.4,18.3,18.5,887103,18.5
2017-07-31,19.35,19.675,19,19.6,428632,19.6
2017-07-28,19.15,19.35,18.95,19.3,370399,19.3
2017-07-27,19.4,19.525,19.05,19.2,433416,19.2
2017-07-26,19.35,19.35,19.01,19.25,298290,19.25
2017-07-25,19.45,19.5,19.15,19.3,486887,19.3
2017-07-24,19.35,19.35,19.05,19.35,324651,19.35
2017-07-21,19.85,19.9,19.3,19.35,469925,19.35
2017-07-20,19.1,19.9,19.1,19.65,458849,19.65
2017-07-19,19.35,19.55,18.95,19.4,434872,19.4
2017-07-18,18.8,19.35,18.6272,19.35,406200,19.35
2017-07-17,18.65,18.9,18.45,18.85,408821,18.85
2017-07-14,18.75,18.95,18.6,18.65,540002,18.65
2017-07-13,18.65,18.7,18.425,18.65,325472,18.65
2017-07-12,18.55,18.8,18.45,18.7,341054,18.7
2017-07-11,18.3,18.4,18.15,18.25,280170,18.25
2017-07-10,18.45,18.475,18.2,18.25,311542,18.25
2017-07-07,18.4,18.55,18.2,18.5,317075,18.5
2017-07-06,18.25,18.4,18.1,18.25,353340,18.25
2017-07-05,18.45,18.5,18.075,18.4,383834,18.4
2017-07-03,18.85,18.9,18.35,18.5,209892,18.5
2017-06-30,18.4,18.825,18.3253,18.65,477458,18.65
2017-06-29,18.8,18.8,18.2,18.35,381865,18.35
2017-06-28,18.6,18.8,18.35,18.8,429903,18.8
2017-06-27,18.9,19,18.35,18.5,445650,18.5
2017-06-26,19.3,19.3,18.8,18.9,486171,18.9
2017-06-23,19.2,19.4,18.85,19.2,1764622,19.2
2017-06-22,18.4,19.3,18.4,19.25,629037,19.25
2017-06-21,18.5,18.6,18.3,18.35,466511,18.35
2017-06-20,18.45,18.5,18.225,18.4,530408,18.4
2017-06-19,18.65,18.7,18.25,18.5,625013,18.5
2017-06-16,18.6,18.9,18.4,18.55,1228985,18.55
2017-06-15,18.9,19.199,18.8,18.9,631189,18.9
2017-06-14,19,19.275,18.75,19.15,1094864,19.15
2017-06-13,18.4,19.05,18.3501,18.8,1056358,18.8
2017-06-12,17.8,18.55,17.75,18.4,1187177,18.4
2017-06-09,18.4,18.4,17.65,17.8,825570,17.8
2017-06-08,17.7,18.5,17.35,18.35,813277,18.35
2017-06-07,17.65,18,17.35,17.65,492857,17.65
2017-06-06,17.35,17.7,17.2501,17.65,500337,17.65
2017-06-05,18,18,17.45,17.55,460376,17.55
2017-06-02,17.6,18.2,17.55,17.9,725567,17.9
2017-06-01,17.9,18.35,17.65,17.75,815952,17.75
2017-05-31,18.8,18.95,17.75,17.8,1382411,17.8
2017-05-30,17.95,19.3,17.2,18.7,3529253,18.7
2017-05-26,16.4,16.7,16.25,16.4,624560,16.4
2017-05-25,16.7,16.85,16.05,16.3,1140613,16.3
2017-05-24,16.55,16.65,16.4,16.65,663944,16.65
2017-05-23,16.4,16.55,16.05,16.55,945960,16.55
2017-05-22,16.05,16.35,15.9,16.3,1625208,16.3
2017-05-19,16,16.25,15.9,15.95,665821,15.95
2017-05-18,16.2,16.4,15.15,16.05,866232,16.05
2017-05-17,16.55,17.1,16.25,16.3,894352,16.3
2017-05-16,17.1,17.2,16.55,16.8,721692,16.8
2017-05-15,16.95,17.3,16.9,17.05,672544,17.05
2017-05-12,17.200001,17.25,16.65,16.799999,834200,16.799999
2017-05-11,17.50,17.75,17.00,17.10,874900,17.10
2017-05-10,17.200001,17.85,16.40,17.65,1704600,17.65
2017-05-09,18.10,18.10,17.00,17.299999,1337300,17.299999
2017-05-08,18.25,18.450001,17.85,18.10,667800,18.10
2017-05-05,18.10,18.450001,18.00,18.299999,1057400,18.299999
2017-05-04,19.90,19.90,17.90,17.950001,1448800,17.950001
2017-05-03,19.60,19.60,19.049999,19.40,720400,19.40
2017-05-02,19.25,19.65,19.15,19.65,556300,19.65
2017-05-01,19.85,19.90,19.10,19.299999,514400,19.299999
2017-04-28,19.60,19.799999,19.200001,19.75,403500,19.75
2017-04-27,19.700001,19.93,19.450001,19.700001,430600,19.700001
2017-04-26,19.40,19.75,19.299999,19.50,570000,19.50
2017-04-25,19.50,19.60,19.35,19.40,798100,19.40
2017-04-24,19.35,19.700001,19.15,19.50,632500,19.50
2017-04-21,19.049999,19.23,18.50,19.049999,721300,19.049999
2017-04-20,19.10,19.200001,18.90,19.15,325900,19.15
2017-04-19,18.90,19.129999,18.879999,18.950001,342400,18.950001
2017-04-18,18.799999,18.950001,18.60,18.799999,360900,18.799999
2017-04-17,18.40,19.00,18.299999,18.90,460800,18.90
2017-04-13,18.50,18.68,18.25,18.25,786100,18.25
2017-04-12,19.25,19.25,18.299999,18.50,622500,18.50
2017-04-11,18.799999,19.299999,18.58,19.200001,641000,19.200001
2017-04-10,18.549999,18.83,18.25,18.75,501600,18.75
2017-04-07,18.65,19.00,18.40,18.549999,641900,18.549999
2017-04-06,18.299999,18.75,18.129999,18.75,425500,18.75
2017-04-05,18.50,18.799999,18.25,18.299999,417400,18.299999
2017-04-04,18.10,18.549999,18.049999,18.35,587700,18.35
2017-04-03,18.65,18.85,18.049999,18.25,708300,18.25
2017-03-31,18.65,18.77,18.50,18.75,1069600,18.75
2017-03-30,18.65,18.75,18.15,18.75,383900,18.75
2017-03-29,18.50,18.85,18.450001,18.60,531800,18.60
2017-03-28,18.00,18.75,17.90,18.65,632900,18.65
2017-03-27,17.85,18.15,17.43,18.049999,509500,18.049999
2017-03-24,17.85,18.15,17.75,18.049999,612200,18.049999
2017-03-23,17.950001,18.200001,17.700001,17.90,305000,17.90
2017-03-22,18.299999,18.50,17.85,17.950001,641300,17.950001
2017-03-21,18.450001,18.450001,18.049999,18.25,545400,18.25
2017-03-20,18.700001,18.85,18.200001,18.299999,346100,18.299999
2017-03-17,18.15,18.700001,18.15,18.60,2160500,18.60
2017-03-16,18.299999,18.60,18.049999,18.299999,572000,18.299999
2017-03-15,18.15,18.60,18.10,18.50,687900,18.50
2017-03-14,18.35,18.549999,18.200001,18.200001,358300,18.200001
2017-03-13,18.549999,18.549999,18.15,18.50,621300,18.50
2017-03-10,18.200001,18.52,18.15,18.450001,660900,18.450001
2017-03-09,18.10,18.450001,18.00,18.049999,657900,18.049999
2017-03-08,18.299999,18.549999,18.049999,18.049999,574400,18.049999
2017-03-07,18.60,18.700001,18.049999,18.35,560200,18.35
2017-03-06,18.00,18.65,18.00,18.549999,815700,18.549999
2017-03-03,18.00,18.200001,17.85,18.049999,839000,18.049999
2017-03-02,18.299999,18.50,17.700001,18.00,1265100,18.00
2017-03-01,18.65,19.049999,18.450001,18.950001,749200,18.950001
2017-02-28,19.25,19.450001,18.200001,18.50,1220200,18.50
2017-02-27,19.25,19.700001,19.10,19.299999,810700,19.299999
2017-02-24,19.35,19.65,19.15,19.450001,661600,19.27
2017-02-23,19.700001,19.85,19.40,19.50,639700,19.319537
2017-02-22,19.549999,20.299999,19.540001,19.75,885700,19.567223
2017-02-21,20.00,20.25,19.50,19.60,744200,19.418612
2017-02-17,21.00,21.049999,20.00,20.049999,1243400,19.864446
2017-02-16,20.15,21.75,20.00,21.00,3421200,20.805655
2017-02-15,18.799999,19.25,18.700001,19.10,781000,18.923239
2017-02-14,19.35,19.35,18.799999,19.00,710700,18.824164
2017-02-13,19.90,19.90,19.200001,19.450001,944300,19.27
2017-02-10,19.25,19.85,18.950001,19.799999,944900,19.61676
2017-02-09,18.450001,19.35,18.35,19.200001,671300,19.022314
2017-02-08,18.60,18.60,18.25,18.450001,577000,18.279255
2017-02-07,18.75,19.030001,18.40,18.700001,580300,18.526941
2017-02-06,18.50,18.799999,18.35,18.65,507500,18.477403
2017-02-03,18.25,18.60,18.200001,18.60,458500,18.427866
2017-02-02,18.450001,18.799999,18.15,18.15,455200,17.98203
2017-02-01,18.799999,19.00,18.25,18.65,869800,18.477403
2017-01-31,18.60,18.950001,18.60,18.90,827100,18.725089
2017-01-30,19.00,19.049999,18.60,18.65,585400,18.477403
2017-01-27,19.60,19.799999,19.049999,19.10,428700,18.923239
2017-01-26,19.75,19.950001,19.40,19.549999,616000,19.369073
2017-01-25,20.00,20.200001,19.700001,19.75,624800,19.567223
2017-01-24,19.50,19.950001,19.50,19.950001,422800,19.765373
2017-01-23,19.799999,19.950001,19.35,19.50,405100,19.319537
2017-01-20,20.00,20.15,19.549999,19.799999,1364100,19.61676
2017-01-19,19.700001,19.799999,19.10,19.10,649300,18.923239
2017-01-18,19.700001,19.93,19.549999,19.75,433200,19.567223
2017-01-17,19.950001,20.15,19.629999,19.65,597900,19.468148
2017-01-13,20.049999,20.299999,19.90,20.10,685900,19.913985
2017-01-12,20.25,20.35,19.75,20.10,595700,19.913985
2017-01-11,20.50,20.60,20.15,20.299999,571600,20.112133
2017-01-10,20.75,20.799999,20.450001,20.50,633300,20.310282
2017-01-09,20.85,21.200001,20.60,20.799999,443500,20.607505
2017-01-06,21.00,21.25,20.65,20.950001,630800,20.756119
2017-01-05,21.15,21.15,20.799999,20.90,361500,20.70658
2017-01-04,20.65,21.25,20.549999,21.15,937600,20.954267
2017-01-03,20.799999,21.00,20.40,20.549999,1054500,20.359819
2016-12-30,20.50,20.90,20.10,20.90,797400,20.70658
2016-12-29,19.950001,20.549999,19.950001,20.549999,435000,20.359819
2016-12-28,20.15,20.40,19.75,20.049999,587500,19.864446
2016-12-27,20.00,20.43,19.85,20.25,534000,20.062596
2016-12-23,20.299999,20.40,20.00,20.200001,331400,20.01306
2016-12-22,20.450001,20.50,20.049999,20.40,329900,20.211208
2016-12-21,21.10,21.15,20.549999,20.60,850900,20.409357
2016-12-20,21.00,21.200001,20.90,21.10,735100,20.90473
2016-12-19,21.00,21.049999,20.75,20.799999,489900,20.607505
2016-12-16,21.00,21.25,20.65,20.90,4440400,20.70658
2016-12-15,21.450001,21.68,20.85,20.90,1078000,20.70658
2016-12-14,21.450001,21.65,21.00,21.50,1200000,21.301028
2016-12-13,21.60,21.65,21.40,21.549999,806600,21.350564
2016-12-12,21.450001,21.65,21.15,21.60,694500,21.400103
2016-12-09,21.60,21.700001,21.15,21.65,918700,21.449639
2016-12-08,21.00,21.90,20.85,21.50,1018800,21.301028
2016-12-07,20.10,21.00,20.10,21.00,668600,20.805655
2016-12-06,20.00,20.200001,19.83,20.15,420400,19.963521
2016-12-05,19.75,20.10,19.65,19.90,643000,19.715835
2016-12-02,19.799999,20.00,19.43,19.65,578600,19.468148
2016-12-01,20.200001,20.50,19.549999,19.799999,1365400,19.61676
2016-11-30,20.700001,20.75,20.15,20.25,625100,20.062596
2016-11-29,21.85,22.00,20.700001,20.799999,1496700,20.607505
2016-11-28,20.60,20.799999,20.549999,20.75,813100,20.557969
2016-11-25,20.65,20.85,20.50,20.700001,236900,20.508432
2016-11-23,20.65,20.98,20.41,20.700001,616600,20.508432
2016-11-22,20.00,20.799999,19.82,20.75,589200,20.557969
2016-11-21,20.25,20.50,19.83,20.00,797900,19.81491
2016-11-18,20.85,21.00,20.200001,20.299999,751500,20.112133
2016-11-17,20.90,21.25,20.700001,20.75,864100,20.557969
2016-11-16,21.00,21.15,20.950001,20.950001,461800,20.756119
2016-11-15,20.799999,21.15,20.65,21.00,769100,20.805655
2016-11-14,21.549999,21.75,20.549999,20.700001,834700,20.508432
2016-11-11,20.700001,21.65,20.50,21.450001,1552900,21.251491
2016-11-10,21.00,21.299999,20.530001,20.700001,1368900,20.508432
2016-11-09,20.65,21.10,20.00,21.00,1436800,20.805655
2016-11-08,20.85,21.00,20.629999,20.700001,898700,20.508432
2016-11-07,21.35,21.50,20.700001,21.00,1465000,20.805655
2016-11-04,20.200001,22.049999,20.049999,21.00,1921900,20.805655
2016-11-03,19.549999,19.799999,19.10,19.10,903300,18.923239
2016-11-02,19.700001,20.049999,19.50,19.549999,781700,19.369073
2016-11-01,19.950001,20.049999,19.35,19.799999,1324300,19.61676
2016-10-31,20.200001,20.35,19.83,19.85,1315500,19.666298
2016-10-28,20.049999,20.299999,20.00,20.200001,938900,20.01306
2016-10-27,20.299999,20.40,20.00,20.049999,961400,19.864446
2016-10-26,20.10,20.25,19.90,20.200001,1155900,20.01306
2016-10-25,20.15,20.299999,19.85,20.10,1230000,19.913985
2016-10-24,19.90,20.200001,19.75,20.200001,550100,20.01306
2016-10-21,19.799999,20.129999,19.549999,19.90,829700,19.715835
2016-10-20,19.85,20.00,19.65,20.00,1063300,19.81491
2016-10-19,19.700001,20.00,19.450001,19.85,1244900,19.666298
2016-10-18,19.50,19.799999,19.40,19.65,605100,19.468148
2016-10-17,19.549999,19.700001,19.35,19.40,589600,19.220462
2016-10-14,19.35,19.799999,19.190001,19.620001,947800,19.438427
2016-10-13,19.459999,19.60,19.299999,19.34,707000,19.161018
2016-10-12,19.52,19.77,19.450001,19.629999,803400,19.448333
2016-10-11,19.530001,19.790001,19.49,19.57,1113100,19.388889
2016-10-10,19.85,19.950001,19.389999,19.620001,811400,19.438427
2016-10-07,19.40,19.629999,19.35,19.58,1017800,19.398797
2016-10-06,19.389999,19.51,18.959999,19.379999,1239000,19.200647
2016-10-05,18.879999,19.43,18.85,19.33,1888600,19.15111
2016-10-04,19.48,19.66,18.799999,18.90,1163200,18.725089
2016-10-03,19.51,19.68,19.32,19.52,1091300,19.339352
2016-09-30,20.049999,20.059999,19.26,19.48,1877300,19.299722
2016-09-29,20.379999,20.59,20.00,20.059999,827200,19.874354
2016-09-28,20.52,20.75,20.00,20.00,1043500,19.81491
2016-09-27,20.639999,20.700001,20.219999,20.530001,998500,20.340005
2016-09-26,21.33,21.370001,20.530001,20.57,998100,20.379634
2016-09-23,21.120001,21.67,21.120001,21.49,719100,21.29112
2016-09-22,21.360001,21.60,21.24,21.25,1195200,21.053342
2016-09-21,21.68,21.83,21.09,21.42,1591700,21.221768
2016-09-20,21.780001,22.200001,21.65,21.65,939400,21.449639
2016-09-19,21.43,21.84,21.030001,21.57,942200,21.37038
2016-09-16,21.60,21.709999,21.02,21.40,1581000,21.201953
2016-09-15,21.42,21.84,21.120001,21.75,1051000,21.548714
2016-09-14,21.790001,21.809999,21.290001,21.360001,1940800,21.162324
2016-09-13,21.76,21.959999,21.059999,21.790001,1665300,21.588345
2016-09-12,21.540001,21.969999,21.139999,21.780001,1929600,21.578437
2016-09-09,22.58,22.969999,21.610001,21.74,2458900,21.538807
2016-09-08,22.299999,23.40,20.780001,22.59,2097700,22.380941
2016-09-07,22.200001,22.50,22.15,22.42,4991900,22.212514
2016-09-06,21.98,22.209999,21.549999,22.200001,1999200,21.994551
2016-09-02,20.690001,21.59,20.629999,21.51,1963900,21.310936
2016-09-01,20.51,20.639999,20.01,20.58,2008900,20.389542
2016-08-31,21.09,21.120001,20.35,20.469999,1609500,20.280559
2016-08-30,21.290001,21.34,20.959999,21.02,1461000,20.825471
2016-08-29,21.18,21.48,20.99,21.219999,905500,21.023619
2016-08-26,21.629999,21.629999,20.969999,21.209999,823900,21.013711
2016-08-25,21.27,21.82,21.120001,21.59,864700,21.390195
2016-08-24,21.32,21.860001,20.870001,21.26,1737800,21.063249
2016-08-23,21.190001,21.50,20.959999,21.32,1277600,21.122693
2016-08-22,20.200001,21.450001,20.110001,20.98,2169900,20.78584
2016-08-19,19.85,19.99,19.50,19.66,852900,19.478056
2016-08-18,19.969999,20.00,19.73,19.889999,893900,19.705927
2016-08-17,20.27,20.27,19.91,19.99,552800,19.805002
2016-08-16,20.049999,20.42,20.030001,20.27,996200,20.082411
2016-08-15,20.120001,20.34,20.030001,20.040001,767300,19.85454
2016-08-12,20.08,20.200001,19.66,20.15,408000,19.963521
2016-08-11,20.10,20.18,19.76,20.02,367000,19.834725
2016-08-10,19.83,20.24,19.75,20.110001,619200,19.923892
2016-08-09,19.66,19.860001,19.52,19.74,522900,19.557316
2016-08-08,19.700001,19.879999,19.26,19.66,496200,19.478056
2016-08-05,19.360001,19.74,19.209999,19.68,706100,19.497871
2016-08-04,19.35,19.639999,19.139999,19.200001,607300,19.022314
2016-08-03,19.200001,19.440001,19.190001,19.360001,561100,19.180833
2016-08-02,19.280001,19.780001,19.17,19.290001,721100,19.111481
2016-08-01,17.93,19.43,17.93,19.35,1144800,19.170926
2016-07-29,17.51,18.93,17.51,18.809999,1175700,18.635922
2016-07-28,18.870001,18.870001,18.209999,18.389999,724500,18.219809
2016-07-27,18.639999,18.950001,18.459999,18.790001,613800,18.616109
2016-07-26,18.77,18.99,18.51,18.700001,686100,18.526941
2016-07-25,18.50,18.83,18.360001,18.799999,812400,18.626014
2016-07-22,18.25,18.559999,18.190001,18.52,702800,18.348607
2016-07-21,17.940001,18.290001,17.879999,18.25,766400,18.081105
2016-07-20,17.549999,18.10,17.549999,18.01,795600,17.843326
2016-07-19,17.459999,17.67,17.309999,17.52,528600,17.357861
2016-07-18,17.43,17.620001,17.290001,17.60,948400,17.437121
2016-07-15,17.450001,17.49,16.99,17.440001,730300,17.278602
2016-07-14,17.49,17.549999,17.27,17.33,495900,17.169619
2016-07-13,17.34,17.49,17.24,17.42,740900,17.258786
2016-07-12,17.469999,17.620001,17.16,17.309999,724800,17.149804
2016-07-11,17.09,17.41,16.73,17.360001,770800,17.199342
2016-07-08,16.540001,17.110001,16.33,17.049999,835500,16.89221
2016-07-07,16.33,16.51,16.209999,16.43,590300,16.277949
2016-07-06,15.70,16.450001,15.41,16.32,1328000,16.168966
2016-07-05,16.01,16.09,15.66,15.86,647200,15.713223
2016-07-01,15.69,15.92,15.44,15.54,559500,15.396185
2016-06-30,15.62,15.90,15.33,15.64,719700,15.49526
2016-06-29,15.31,15.70,15.10,15.66,795400,15.515074
2016-06-28,15.49,15.73,15.18,15.21,1285300,15.069239
2016-06-27,16.09,16.27,15.24,15.35,1336000,15.207944
2016-06-24,16.559999,16.559999,16.17,16.299999,1093600,16.149151
2016-06-23,16.790001,17.16,16.639999,16.99,594500,16.832766
2016-06-22,17.67,17.879999,16.67,16.719999,1473700,16.565264
2016-06-21,17.60,17.799999,17.540001,17.690001,1210900,17.526288
2016-06-20,17.40,17.639999,17.17,17.59,1315700,17.427213
2016-06-17,17.030001,17.389999,16.85,17.27,1372300,17.110175
2016-06-16,16.84,17.110001,16.459999,17.07,1053000,16.912025
2016-06-15,16.26,16.959999,16.26,16.93,2003800,16.773321
2016-06-14,15.55,16.139999,15.53,16.129999,1269900,15.980724
2016-06-13,15.84,15.84,15.06,15.59,1679300,15.445722
2016-06-10,15.58,15.96,15.29,15.94,2078800,15.792483
2016-06-09,15.80,15.97,15.64,15.64,1036400,15.49526
2016-06-08,15.92,16.07,15.80,15.86,1051600,15.713223
2016-06-07,15.86,16.17,15.79,15.86,1063900,15.713223
2016-06-06,16.209999,16.309999,15.60,15.79,1311100,15.643871
2016-06-03,16.280001,16.41,15.95,16.00,1185300,15.851928
2016-06-02,16.51,16.629999,16.24,16.280001,2135100,16.129337
2016-06-01,16.67,16.98,16.129999,16.52,1326900,16.367116
2016-05-31,16.74,17.049999,16.690001,16.809999,696700,16.654431
2016-05-27,16.530001,16.950001,16.52,16.700001,655300,16.54545
2016-05-26,16.65,16.719999,16.440001,16.559999,739600,16.406745
2016-05-25,17.129999,17.139999,16.33,16.57,1228300,16.416652
2016-05-24,16.639999,17.17,16.610001,17.040001,864900,16.882304
2016-05-23,16.42,16.91,16.379999,16.540001,1086900,16.386931
2016-05-20,16.370001,16.610001,16.26,16.48,837200,16.327485
2016-05-19,16.469999,16.469999,16.07,16.26,992800,16.109522
2016-05-18,16.67,16.82,16.42,16.549999,674200,16.396837
2016-05-17,17.040001,17.27,16.530001,16.74,828600,16.585079
2016-05-16,17.219999,17.40,16.790001,16.99,1090100,16.832766
2016-05-13,16.68,17.719999,16.639999,17.23,2017900,17.070544
2016-05-12,16.290001,16.60,16.00,16.50,1896400,16.3473
2016-05-11,16.17,16.459999,16.139999,16.219999,847900,16.069891
2016-05-10,15.83,16.27,15.77,16.26,778100,16.109522
2016-05-09,15.80,15.94,15.50,15.77,841600,15.624057
2016-05-06,15.21,15.77,15.21,15.77,1193100,15.624057
2016-05-05,15.78,16.02,15.28,15.30,1326200,15.158406
2016-05-04,16.059999,16.389999,15.79,15.86,1765000,15.713223
2016-05-03,16.040001,16.93,15.86,16.32,2557200,16.168966
2016-05-02,17.530001,17.690001,15.77,15.97,3096400,15.822206
2016-04-29,19.32,19.610001,16.299999,17.620001,4200900,17.456936
2016-04-28,17.799999,17.969999,17.219999,17.35,1116400,17.189435
2016-04-27,17.959999,18.17,17.639999,17.92,815400,17.754159
2016-04-26,17.92,18.09,17.67,17.959999,549000,17.793788
2016-04-25,17.879999,18.02,17.60,17.90,905000,17.734344
2016-04-22,17.91,18.07,17.709999,17.959999,1099200,17.793788
2016-04-21,18.02,18.200001,17.84,17.93,581900,17.764067
2016-04-20,18.24,18.290001,17.889999,17.90,653100,17.734344
2016-04-19,18.290001,18.41,18.059999,18.209999,495500,18.041474
2016-04-18,17.870001,18.280001,17.799999,18.200001,367300,18.031569
2016-04-15,17.870001,18.16,17.75,18.08,472700,17.912678
2016-04-14,18.01,18.60,17.639999,17.969999,1220900,17.803696
2016-04-13,17.530001,18.02,17.530001,17.98,860500,17.813603
2016-04-12,17.49,17.780001,17.02,17.530001,642700,17.367769
2016-04-11,17.620001,18.040001,17.42,17.48,581400,17.318231
2016-04-08,17.82,17.969999,17.450001,17.50,697700,17.338046
2016-04-07,17.65,17.870001,17.27,17.469999,1117000,17.308323
2016-04-06,17.50,17.809999,17.42,17.719999,1113600,17.556009
2016-04-05,17.469999,17.709999,17.299999,17.42,1448300,17.258786
2016-04-04,17.57,17.700001,17.26,17.639999,1972700,17.47675
2016-04-01,18.24,18.49,16.610001,17.40,7263200,17.238971
2016-03-31,20.469999,20.879999,20.43,20.51,573400,20.32019
2016-03-30,20.82,21.049999,20.370001,20.50,555800,20.310282
2016-03-29,19.530001,20.90,19.309999,20.889999,977100,20.696673
2016-03-28,19.85,20.030001,19.530001,19.610001,779600,19.42852
2016-03-24,20.25,20.51,19.25,19.809999,1787400,19.626668
2016-03-23,20.93,21.219999,20.07,20.07,893300,19.884262
2016-03-22,20.799999,21.32,20.67,21.049999,627100,20.855192
2016-03-21,21.360001,21.790001,20.700001,20.84,746900,20.647136
2016-03-18,21.25,22.450001,20.969999,21.57,1509700,21.37038
2016-03-17,21.549999,21.549999,21.049999,21.139999,615200,20.944359
2016-03-16,20.889999,21.66,20.52,21.57,688900,21.37038
2016-03-15,21.83,21.860001,21.02,21.040001,661200,20.845286
2016-03-14,21.719999,22.02,21.32,21.98,571400,21.776585
2016-03-11,21.75,22.16,21.209999,21.76,529900,21.558622
2016-03-10,22.129999,22.17,21.129999,21.51,560100,21.310936
2016-03-09,21.90,22.389999,21.75,22.01,576800,21.806308
2016-03-08,22.33,22.43,21.77,21.809999,500000,21.608158
2016-03-07,23.01,23.17,22.200001,22.41,656000,22.202606
2016-03-04,22.50,23.34,22.139999,23.129999,869600,22.915942
2016-03-03,21.440001,22.940001,21.00,22.50,1168600,22.291773
2016-03-02,21.75,22.639999,20.40,21.379999,3502400,21.182138
2016-03-01,22.879999,23.700001,22.76,23.440001,1150400,23.223075
2016-02-29,22.65,23.16,22.620001,22.780001,740900,22.569183
2016-02-26,22.360001,22.68,22.209999,22.639999,815400,22.430477
2016-02-25,22.10,22.33,21.969999,22.200001,764200,21.994551
2016-02-24,21.639999,22.209999,21.530001,22.10,1007700,21.895476
2016-02-23,21.530001,22.290001,21.370001,21.82,1338200,21.618066
2016-02-22,22.85,22.93,21.190001,21.530001,2221800,21.330751
2016-02-19,21.32,22.780001,21.299999,22.639999,2127200,22.430477
2016-02-18,21.08,21.35,20.889999,21.190001,1704200,20.993897
2016-02-17,21.32,21.40,20.92,21.040001,1551500,20.845286
2016-02-16,21.059999,21.35,20.870001,21.23,2848700,21.033526
2016-02-12,19.25,21.23,18.309999,20.84,3436200,20.647136
2016-02-11,17.719999,18.049999,17.200001,17.879999,1140700,17.714528
2016-02-10,17.91,18.51,17.65,17.91,1721900,17.744251
2016-02-09,18.42,18.75,17.700001,17.790001,1226000,17.625363
2016-02-08,17.99,18.76,17.799999,18.709999,1197500,18.536847
2016-02-05,19.41,19.42,18.34,18.34,1242600,18.170272
2016-02-04,19.40,19.940001,18.52,19.559999,1076000,19.378981
2016-02-03,19.02,19.530001,18.629999,19.530001,1063900,19.34926
2016-02-02,18.690001,18.85,18.459999,18.76,939300,18.586386
2016-02-01,19.00,19.290001,18.00,18.92,1200200,18.744905
2016-01-29,18.99,19.75,18.950001,19.459999,1825600,19.279906
2016-01-28,18.690001,18.950001,18.51,18.870001,954000,18.695368
2016-01-27,18.530001,19.139999,18.25,18.530001,903300,18.358515
2016-01-26,18.200001,18.75,17.719999,18.68,1095300,18.507126
2016-01-25,18.129999,18.59,18.01,18.059999,842500,17.892863
2016-01-22,18.49,18.49,18.040001,18.290001,1398000,18.120736
2016-01-21,18.120001,18.959999,17.82,18.02,2400100,17.853234
2016-01-20,17.059999,18.379999,16.73,18.120001,1662600,17.952309
2016-01-19,17.58,17.74,17.07,17.389999,1459900,17.229063
2016-01-15,16.83,17.450001,16.549999,17.42,1806100,17.258786
2016-01-14,16.719999,17.68,16.459999,17.440001,1625800,17.278602
2016-01-13,16.85,17.209999,16.530001,16.65,1973100,16.495912
2016-01-12,16.82,17.280001,16.33,16.709999,1896800,16.555356
2016-01-11,16.52,16.76,16.280001,16.629999,1774200,16.476097
2016-01-08,16.459999,16.85,16.389999,16.469999,2099400,16.317577
2016-01-07,16.700001,17.15,16.33,16.389999,3142600,16.238318
2016-01-06,16.74,17.16,16.700001,17.01,1611300,16.852581
2016-01-05,17.08,17.219999,16.620001,17.110001,2246200,16.951656
2016-01-04,16.379999,17.299999,16.25,17.09,2437100,16.93184
2015-12-31,16.59,16.98,16.43,16.66,1213800,16.50582
2015-12-30,16.610001,17.030001,16.48,16.73,2534500,16.575172
2015-12-29,17.559999,17.77,16.370001,16.60,4846900,16.446375
2015-12-28,16.200001,18.18,16.15,17.709999,6862500,17.546102
2015-12-24,15.22,15.90,14.88,15.86,3826000,15.713223
2015-12-23,13.91,16.00,13.91,14.66,9426300,14.524329
2015-12-22,10.97,11.38,10.88,11.35,746900,11.244962
2015-12-21,10.94,11.26,10.78,10.93,1030400,10.828848
2015-12-18,10.89,11.00,10.59,10.81,4184200,10.709959
2015-12-17,10.98,11.08,10.69,11.02,1649100,10.918016
2015-12-16,10.88,10.98,10.72,10.96,1526700,10.858571
2015-12-15,10.49,10.92,10.38,10.81,1096500,10.709959
2015-12-14,10.54,10.55,10.26,10.42,2362200,10.323568
2015-12-11,10.51,10.70,10.49,10.55,1931100,10.452365
2015-12-10,10.50,10.87,10.37,10.71,1140500,10.610884
2015-12-09,10.74,11.05,10.34,10.51,832800,10.412735
2015-12-08,10.78,10.89,10.62,10.76,772600,10.660422
2015-12-07,11.18,11.20,10.83,10.97,953700,10.868478
2015-12-04,11.15,11.60,11.02,11.24,1831400,11.135979
2015-12-03,11.73,11.82,11.09,11.11,1293800,11.007182
2015-12-02,11.73,11.97,11.62,11.71,1357500,11.60163
2015-12-01,11.87,11.93,11.59,11.76,852100,11.651167
2015-11-30,11.75,11.93,11.58,11.81,1285600,11.700705
2015-11-27,11.84,11.90,11.62,11.69,524700,11.581814
2015-11-25,11.36,11.86,11.21,11.77,1259600,11.661075
2015-11-24,10.94,11.41,10.85,11.37,1260100,11.264776
2015-11-23,10.36,11.14,10.02,11.05,2128800,10.947738
2015-11-20,10.40,10.61,10.25,10.27,877100,10.174957
2015-11-19,10.46,10.58,10.31,10.34,1649300,10.244308
2015-11-18,9.93,10.54,9.77,10.52,1874200,10.422643
2015-11-17,10.11,10.14,9.73,9.96,11669100,9.867825
2015-11-16,9.64,10.10,9.50,10.09,1250100,9.996622
2015-11-13,9.57,9.81,9.55,9.68,1301400,9.590417
2015-11-12,9.66,9.84,9.51,9.62,1239700,9.530971
2015-11-11,9.82,9.95,9.63,9.77,799200,9.679584
2015-11-10,9.84,10.02,9.30,9.77,1654900,9.679584
2015-11-09,9.85,10.18,9.85,9.92,1056500,9.828195
2015-11-06,9.75,10.10,9.66,10.09,1041600,9.996622
2015-11-05,9.78,9.99,9.75,9.80,976900,9.709306
2015-11-04,9.88,9.89,9.64,9.74,1180000,9.649861
2015-11-03,9.46,9.95,9.46,9.83,1496200,9.739028
2015-11-02,9.19,9.66,9.17,9.46,2013100,9.372452
2015-10-30,8.88,9.29,8.69,9.15,2395000,9.065321
2015-10-29,10.00,10.19,8.01,8.69,7633700,8.609578
2015-10-28,10.76,11.32,10.72,11.28,2455000,11.175609
2015-10-27,11.05,11.16,10.70,10.72,1232500,10.620792
2015-10-26,10.95,11.04,10.81,11.01,1662200,10.908108
2015-10-23,11.01,11.22,10.83,10.94,1256100,10.838755
2015-10-22,10.70,10.94,10.61,10.79,1076700,10.690144
2015-10-21,11.20,11.20,10.61,10.62,1012400,10.521717
2015-10-20,11.40,11.66,11.09,11.10,1270000,10.997275
2015-10-19,11.36,11.49,11.24,11.40,1073800,11.294498
2015-10-16,11.26,11.50,11.16,11.44,934200,11.334128
2015-10-15,11.24,11.52,10.92,11.22,901200,11.116165
2015-10-14,10.84,11.26,10.84,11.23,1155300,11.126071
2015-10-13,10.88,11.24,10.88,10.88,1112300,10.779311
2015-10-12,11.20,11.27,10.89,10.94,1893200,10.838755
2015-10-09,11.20,11.23,10.86,11.16,5259000,11.056719
2015-10-08,11.22,11.38,11.07,11.17,1769100,11.066627
2015-10-07,11.48,11.68,11.15,11.31,2097200,11.205332
2015-10-06,11.36,11.56,11.24,11.44,1502700,11.334128
2015-10-05,11.02,11.41,10.88,11.31,1260400,11.205332
2015-10-02,10.02,10.89,9.90,10.88,1312900,10.779311
2015-10-01,10.49,10.61,10.01,10.19,699300,10.095696
2015-09-30,10.25,10.55,10.16,10.49,1391400,10.39292
2015-09-29,9.80,10.23,9.71,10.14,1297300,10.04616
2015-09-28,9.85,10.18,9.75,9.77,1629500,9.679584
2015-09-25,10.58,10.61,9.87,9.87,1168300,9.778658
2015-09-24,10.02,10.46,9.93,10.44,1941700,10.343382
2015-09-23,10.68,10.70,10.14,10.15,1442000,10.056066
2015-09-22,10.80,11.06,10.61,10.63,983400,10.531625
2015-09-21,11.09,11.43,10.94,10.95,1023000,10.848663
2015-09-18,11.18,11.31,10.95,11.00,1787700,10.8982
2015-09-17,11.48,11.74,11.40,11.44,997700,11.334128
2015-09-16,11.65,11.85,11.64,11.67,756700,11.562
2015-09-15,11.40,11.74,11.40,11.61,1015800,11.502555
2015-09-14,11.94,11.95,11.33,11.41,1018300,11.304406
2015-09-11,11.60,12.02,11.50,11.96,1415800,11.849316
2015-09-10,11.31,11.85,11.26,11.71,1639900,11.60163
2015-09-09,11.26,11.64,11.23,11.28,1698500,11.175609
2015-09-08,10.96,11.30,10.75,11.15,1259600,11.046812
2015-09-04,10.69,10.81,10.58,10.72,743800,10.620792
2015-09-03,10.74,10.97,10.60,10.86,1064100,10.759496
2015-09-02,10.47,10.71,10.31,10.66,828400,10.561347
2015-09-01,10.81,10.98,10.38,10.43,1296800,10.333476
2015-08-31,10.97,11.36,10.85,11.07,1344400,10.967552
2015-08-28,10.71,11.11,10.71,10.98,1397600,10.878385
2015-08-27,10.41,10.80,10.38,10.74,1270300,10.640606
2015-08-26,10.23,10.43,10.04,10.38,1889300,10.283938
2015-08-25,10.60,10.60,9.94,9.96,2662900,9.867825
2015-08-24,9.65,10.24,9.21,9.67,2116700,9.580509
2015-08-21,10.34,10.54,10.16,10.16,1492000,10.065974
2015-08-20,10.75,10.88,10.51,10.51,1114500,10.412735
2015-08-19,11.07,11.10,10.73,10.89,1310300,10.789219
2015-08-18,11.30,11.31,11.03,11.15,933300,11.046812
2015-08-17,11.75,11.77,11.09,11.28,1599200,11.175609
2015-08-14,11.51,11.85,11.48,11.79,1564000,11.680889
2015-08-13,11.43,11.87,11.36,11.59,2902600,11.48274
2015-08-12,11.24,11.70,11.19,11.64,1740700,11.532278
2015-08-11,11.37,11.57,11.13,11.42,2186000,11.314314
2015-08-10,10.92,11.44,10.89,11.43,3282100,11.324221
2015-08-07,10.76,10.95,10.75,10.90,3293800,10.799125
2015-08-06,10.76,10.76,10.46,10.69,2022400,10.591069
2015-08-05,10.73,10.88,10.69,10.72,2661300,10.620792
2015-08-04,10.56,10.85,10.46,10.66,2830000,10.561347
2015-08-03,10.90,10.90,10.51,10.55,2452500,10.452365
2015-07-31,11.35,12.34,10.95,10.99,4107400,10.888293
2015-07-30,12.44,13.00,12.35,12.78,2121600,12.661727
2015-07-29,12.43,12.64,12.20,12.53,1940900,12.414041
2015-07-28,12.23,12.54,12.05,12.54,2353300,12.423948
2015-07-27,12.27,12.48,11.82,12.23,2225200,12.116817
2015-07-24,12.75,12.75,12.09,12.29,2673500,12.176262
2015-07-23,12.85,12.97,12.64,12.66,1664400,12.542838
2015-07-22,13.21,13.25,12.76,12.82,1991600,12.701357
2015-07-21,13.53,13.62,13.35,13.39,1844700,13.266082
2015-07-20,13.27,13.84,13.13,13.58,2102500,13.454324
2015-07-17,14.02,14.22,13.28,13.63,3997900,13.503861
2015-07-16,14.85,14.99,13.36,14.00,8955100,13.870437
2015-07-15,17.42,17.540001,17.18,17.540001,1281800,17.377677
2015-07-14,17.040001,17.32,16.85,17.26,1491400,17.100267
2015-07-13,16.77,17.18,16.73,17.00,1520000,16.842673
2015-07-10,16.77,16.82,16.540001,16.610001,581900,16.456283
2015-07-09,16.40,16.83,16.40,16.57,1278600,16.416652
2015-07-08,15.48,16.27,15.44,16.25,1771200,16.099614
2015-07-07,15.35,15.70,14.88,15.56,2157900,15.416
2015-07-06,15.88,16.049999,15.32,15.45,2017400,15.307018
2015-07-02,15.92,16.08,15.78,16.030001,836700,15.881651
2015-07-01,16.110001,16.110001,15.68,15.94,1744600,15.792483
2015-06-30,15.93,16.16,15.88,15.95,1653000,15.80239
2015-06-29,17.35,17.450001,15.57,15.79,3523500,15.643871
2015-06-26,17.23,17.629999,17.059999,17.52,10703200,17.357861
2015-06-25,17.34,17.41,17.01,17.25,763300,17.09036
2015-06-24,17.66,17.780001,17.25,17.309999,684000,17.149804
2015-06-23,17.93,17.99,17.530001,17.639999,784500,17.47675
2015-06-22,17.27,18.00,17.25,17.99,793300,17.823511
2015-06-19,17.35,17.379999,17.139999,17.18,1298800,17.021008
2015-06-18,17.290001,17.370001,17.07,17.299999,598200,17.139896
2015-06-17,17.110001,17.33,16.99,17.280001,659100,17.120083
2015-06-16,16.469999,17.17,16.35,17.049999,858700,16.89221
2015-06-15,17.110001,17.110001,16.42,16.43,1410400,16.277949
2015-06-12,17.74,17.799999,17.26,17.33,1181800,17.169619
2015-06-11,17.540001,17.879999,17.49,17.870001,2048300,17.704623
2015-06-10,16.91,17.52,16.860001,17.51,993400,17.347954
2015-06-09,16.780001,16.93,16.50,16.91,991400,16.753506
2015-06-08,16.93,17.209999,16.709999,16.709999,686400,16.555356
2015-06-05,17.10,17.25,16.870001,17.15,704300,16.991285
2015-06-04,17.35,17.540001,16.950001,17.17,955100,17.0111
2015-06-03,17.08,17.559999,16.940001,17.43,1200700,17.268694
2015-06-02,16.66,17.27,16.610001,17.129999,1022800,16.971469
2015-06-01,16.91,17.07,16.26,16.75,1448200,16.594987
2015-05-29,16.950001,17.049999,16.75,16.76,1373100,16.604895
2015-05-28,16.450001,17.02,16.440001,17.01,2265200,16.852581
2015-05-27,16.459999,16.540001,15.97,16.52,4548900,16.367116
2015-05-26,17.23,17.280001,16.440001,16.48,1388600,16.327485
2015-05-22,16.719999,17.049999,16.67,16.90,1202800,16.743598
2015-05-21,16.299999,16.889999,16.219999,16.809999,1482300,16.654431
2015-05-20,16.75,16.84,16.17,16.299999,1760200,16.149151
2015-05-19,16.950001,17.00,16.370001,16.49,1689600,16.337393
2015-05-18,16.969999,17.00,16.58,16.65,1415700,16.495912
2015-05-15,16.73,17.17,16.49,16.969999,1338100,16.81295
2015-05-14,17.040001,17.24,16.76,16.809999,1268600,16.654431
2015-05-13,17.08,17.33,16.90,17.00,1340500,16.842673
2015-05-12,16.60,17.02,16.18,16.969999,2355100,16.81295
2015-05-11,17.52,17.77,16.65,16.700001,2811800,16.54545
2015-05-08,17.82,18.030001,17.120001,17.50,2432600,17.338046
2015-05-07,17.16,17.98,17.129999,17.610001,3195900,17.447029
2015-05-06,17.799999,18.00,17.129999,17.26,2231200,17.100267
2015-05-05,16.93,17.84,16.93,17.49,2694800,17.328138
2015-05-04,17.389999,17.76,17.27,17.40,2116200,17.238971
2015-05-01,19.059999,19.059999,17.280001,17.450001,3180200,17.288509
2015-04-30,18.76,18.92,18.200001,18.51,3611800,18.338699
2015-04-29,18.85,19.17,18.50,18.879999,2366200,18.705274
2015-04-28,19.40,19.58,18.85,19.07,2276500,18.893516
2015-04-27,19.50,19.90,19.48,19.51,1514800,19.329445
2015-04-24,19.379999,19.58,19.209999,19.48,1467000,19.299722
2015-04-23,19.34,19.57,19.059999,19.299999,1690400,19.121387
2015-04-22,19.370001,19.700001,18.879999,19.459999,1618100,19.279906
2015-04-21,19.00,19.68,18.99,19.360001,2565100,19.180833
2015-04-20,18.059999,19.629999,17.950001,19.110001,3075100,18.933147
2015-04-17,17.93,18.02,17.030001,17.59,2051500,17.427213
2015-04-16,18.35,18.360001,17.98,18.07,1337300,17.902771
2015-04-15,18.48,18.690001,17.959999,18.58,1773600,18.408051
2015-04-14,18.67,18.67,18.00,18.01,1121900,17.843326
2015-04-13,18.389999,18.65,18.190001,18.32,1157900,18.150457
2015-04-10,18.32,18.57,18.09,18.450001,1096300,18.279255
2015-04-09,18.26,18.40,18.110001,18.200001,1354600,18.031569
2015-04-08,18.219999,18.65,18.08,18.26,2545000,18.091013
2015-04-07,18.040001,18.290001,17.90,18.219999,2097500,18.051382
2015-04-06,17.57,18.290001,17.559999,18.02,2205300,17.853234
2015-04-02,18.040001,18.34,17.559999,17.700001,3061600,17.536196
2015-04-01,18.219999,18.76,17.870001,18.030001,1984300,17.863142
2015-03-31,18.799999,19.00,18.18,18.209999,2997300,18.041474
2015-03-30,18.51,18.959999,18.41,18.84,1766400,18.665645
2015-03-27,18.66,18.77,18.059999,18.48,4210900,18.308976
2015-03-26,19.030001,19.92,18.559999,18.73,5748800,18.556662
2015-03-25,20.92,21.190001,18.120001,18.42,6551200,18.249532
2015-03-24,22.01,22.26,20.870001,20.92,2701100,20.726396
2015-03-23,22.25,22.75,21.959999,22.01,2344200,21.806308
2015-03-20,22.110001,22.34,21.959999,22.200001,2055500,21.994551
2015-03-19,21.780001,22.10,21.58,21.99,2055300,21.786493
2015-03-18,20.74,22.049999,20.68,22.030001,2361900,21.826124
2015-03-17,21.07,21.299999,20.469999,20.68,2817600,20.488617
2015-03-16,21.83,21.98,21.26,21.290001,1118100,21.092972
2015-03-13,22.10,22.27,21.309999,21.77,1422600,21.56853
2015-03-12,21.889999,22.379999,21.59,22.17,1365500,21.964827
2015-03-11,22.209999,22.389999,21.52,21.60,1461300,21.400103
2015-03-10,22.059999,22.370001,21.799999,22.219999,1960200,22.014364
2015-03-09,22.049999,22.190001,21.83,22.17,1639500,21.964827
2015-03-06,22.32,22.530001,21.629999,21.950001,1743400,21.746864
2015-03-05,21.950001,22.50,21.870001,22.440001,1543200,22.232329
2015-03-04,22.549999,22.780001,21.690001,21.73,1893300,21.528899
2015-03-03,22.99,23.360001,22.07,22.84,1866200,22.628627
2015-03-02,23.52,24.51,22.809999,22.889999,3715200,22.678164
2015-02-27,23.00,26.440001,23.00,24.879999,9243500,24.649747
2015-02-26,23.92,24.40,22.870001,22.940001,1723100,22.727702
2015-02-25,24.40,24.610001,24.10,24.209999,672800,23.985947
2015-02-24,24.15,24.50,23.559999,24.42,1079500,24.194005
2015-02-23,23.700001,24.040001,23.33,23.67,735300,23.450946
2015-02-20,24.32,24.32,22.77,23.85,981300,23.62928
2015-02-19,23.74,24.309999,23.74,24.139999,405900,23.916595
2015-02-18,24.049999,24.10,23.809999,23.92,362200,23.698632
2015-02-17,24.299999,24.309999,23.91,24.059999,456800,23.837336
2015-02-13,23.610001,24.23,23.610001,24.209999,401700,23.985947
2015-02-12,23.76,23.76,23.49,23.66,245700,23.441038
2015-02-11,23.030001,23.57,23.00,23.559999,363900,23.341963
2015-02-10,22.780001,23.049999,22.58,23.030001,250800,22.816869
2015-02-09,23.33,23.33,22.540001,22.65,418600,22.440385
2015-02-06,23.26,23.57,23.129999,23.48,311100,23.262704
2015-02-05,23.41,23.66,23.049999,23.309999,578400,23.094277
2015-02-04,23.280001,23.75,23.139999,23.370001,393100,23.153723
2015-02-03,23.15,23.42,22.940001,23.34,626900,23.124
2015-02-02,23.07,23.17,22.540001,23.10,919800,22.886221
2015-01-30,22.26,23.129999,22.120001,23.110001,990600,22.896129
2015-01-29,22.34,22.42,22.01,22.389999,651900,22.182791
2015-01-28,22.74,22.76,22.17,22.219999,453100,22.014364
2015-01-27,22.60,22.719999,22.08,22.530001,461300,22.321496
2015-01-26,22.360001,22.92,22.129999,22.90,477300,22.688071
2015-01-23,22.309999,22.58,22.24,22.42,531500,22.212514
2015-01-22,21.74,22.440001,21.389999,22.42,649800,22.212514
2015-01-21,21.610001,21.92,21.440001,21.67,488000,21.469455
2015-01-20,21.76,21.860001,21.27,21.610001,596200,21.410011
2015-01-16,21.549999,21.92,21.549999,21.799999,547900,21.598251
2015-01-15,23.35,23.379999,21.540001,21.66,853800,21.459547
2015-01-14,22.99,23.309999,22.58,23.190001,636100,22.975388
2015-01-13,23.49,23.959999,22.709999,23.290001,1329900,23.074463
2015-01-12,23.299999,23.389999,23.07,23.34,1044500,23.124
2015-01-09,23.389999,23.48,22.85,23.34,721700,23.124
2015-01-08,22.540001,23.48,22.35,23.43,1252500,23.213167
2015-01-07,22.219999,22.219999,21.780001,21.940001,487300,21.736956
2015-01-06,22.200001,22.299999,21.34,22.08,721700,21.87566
2015-01-05,22.17,22.360001,21.889999,22.15,489700,21.945012
2015-01-02,22.940001,22.98,22.23,22.559999,615200,22.351218
2014-12-31,22.620001,22.969999,22.469999,22.59,591600,22.380941
2014-12-30,22.84,23.02,22.57,22.639999,329000,22.430477
2014-12-29,22.870001,23.02,22.66,22.879999,661900,22.668256
2014-12-26,23.09,23.09,22.85,22.879999,378100,22.668256
2014-12-24,22.98,23.209999,22.77,22.959999,150000,22.747515
2014-12-23,23.049999,23.379999,22.889999,22.92,613300,22.707887
2014-12-22,22.82,23.110001,22.76,22.93,673800,22.717794
2014-12-19,22.280001,22.790001,22.280001,22.76,1174300,22.549367
2014-12-18,21.280001,22.25,21.18,22.209999,692500,22.004456
2014-12-17,20.610001,21.040001,20.40,20.92,538200,20.726396
2014-12-16,20.709999,21.35,20.309999,20.58,705000,20.389542
2014-12-15,21.040001,21.639999,20.59,20.77,527600,20.577784
2014-12-12,21.16,21.440001,21.01,21.030001,343800,20.835378
2014-12-11,21.25,21.790001,21.25,21.35,256300,21.152416
2014-12-10,21.74,21.799999,21.08,21.139999,389500,20.944359
2014-12-09,21.389999,21.92,21.120001,21.790001,531300,21.588345
2014-12-08,22.200001,22.209999,21.469999,21.559999,488100,21.360472
2014-12-05,22.219999,22.450001,22.16,22.27,427900,22.063902
2014-12-04,21.93,22.190001,21.90,22.129999,325300,21.925197
2014-12-03,21.68,22.110001,21.52,21.940001,460800,21.736956
2014-12-02,21.84,22.02,21.639999,21.700001,746500,21.499178
2014-12-01,22.200001,22.42,21.799999,21.889999,455000,21.687418
2014-11-28,22.540001,22.620001,22.219999,22.280001,228000,22.07381
2014-11-26,22.40,22.75,22.09,22.58,365600,22.371033
2014-11-25,22.370001,22.59,21.65,22.360001,379400,22.15307
2014-11-24,22.17,22.50,21.98,22.389999,396900,22.182791
2014-11-21,22.40,22.59,22.08,22.200001,422800,21.994551
2014-11-20,21.77,22.389999,21.73,22.190001,333800,21.984643
2014-11-19,22.01,22.059999,21.700001,21.91,406700,21.707233
2014-11-18,21.83,22.459999,21.709999,22.08,783100,21.87566
2014-11-17,21.98,22.129999,21.76,21.83,383700,21.627974
2014-11-14,21.940001,22.18,21.74,22.01,453600,21.806308
2014-11-13,22.309999,22.309999,21.77,21.92,509800,21.717141
2014-11-12,21.59,22.27,21.469999,22.25,678900,22.044087
2014-11-11,21.27,21.790001,21.190001,21.65,602100,21.449639
2014-11-10,21.16,21.25,20.91,21.219999,471800,21.023619
2014-11-07,20.01,21.209999,19.809999,21.17,763500,20.974082
2014-11-06,20.52,21.00,20.51,20.74,711600,20.548061
2014-11-05,21.00,21.24,20.530001,20.59,576100,20.39945
2014-11-04,20.83,21.01,20.530001,20.719999,302100,20.528246
2014-11-03,20.860001,21.280001,20.73,20.85,453200,20.657044
2014-10-31,20.790001,20.889999,20.299999,20.879999,458600,20.686765
2014-10-30,20.60,20.719999,20.129999,20.42,326000,20.231023
2014-10-29,20.559999,20.709999,20.379999,20.709999,445700,20.518338
2014-10-28,20.32,20.67,20.32,20.58,446100,20.389542
2014-10-27,20.25,20.32,19.969999,20.26,304200,20.072504
2014-10-24,20.200001,20.379999,20.049999,20.27,293500,20.082411
2014-10-23,20.129999,20.440001,20.049999,20.16,312300,19.973429
2014-10-22,19.959999,20.389999,19.76,19.889999,786000,19.705927
2014-10-21,19.389999,19.98,19.129999,19.969999,419400,19.785187
2014-10-20,19.07,19.309999,18.83,19.309999,412200,19.131295
2014-10-17,19.43,19.66,19.129999,19.17,412600,18.992591
2014-10-16,18.41,19.23,18.379999,19.219999,1025000,19.042128
2014-10-15,17.85,19.02,17.76,18.709999,860900,18.536847
2014-10-14,17.790001,18.219999,17.620001,18.110001,1201500,17.942401
2014-10-13,17.98,18.139999,17.52,17.610001,611100,17.447029
2014-10-10,18.860001,19.00,17.92,17.940001,746000,17.773975
2014-10-09,19.67,19.84,18.93,18.93,532700,18.754812
2014-10-08,19.17,19.799999,19.040001,19.76,795300,19.577131
2014-10-07,19.469999,19.60,19.07,19.139999,600300,18.962868
2014-10-06,19.809999,20.00,19.60,19.620001,511700,19.438427
2014-10-03,19.91,20.02,19.629999,19.74,641500,19.557316
2014-10-02,19.83,19.93,19.360001,19.790001,844400,19.606854
2014-10-01,19.66,19.98,19.530001,19.809999,1582700,19.626668
2014-09-30,19.90,20.09,19.549999,19.75,996600,19.567223
2014-09-29,19.99,20.16,19.799999,19.870001,696400,19.686114
2014-09-26,20.34,20.34,19.84,20.07,316900,19.884262
2014-09-25,20.24,20.40,19.90,20.01,446700,19.824817
2014-09-24,20.60,20.60,20.16,20.27,433800,20.082411
2014-09-23,20.700001,20.889999,20.530001,20.559999,436000,20.369727
2014-09-22,21.280001,21.280001,20.700001,20.74,521600,20.548061
2014-09-19,21.60,21.790001,21.32,21.33,759500,21.132601
2014-09-18,21.440001,21.73,21.379999,21.59,420800,21.390195
2014-09-17,21.389999,21.790001,21.360001,21.370001,713900,21.172232
2014-09-16,20.85,21.379999,20.67,21.360001,708300,21.162324
2014-09-15,20.860001,21.01,20.42,20.889999,733800,20.696673
2014-09-12,21.190001,21.24,20.860001,20.90,637500,20.70658
2014-09-11,21.10,21.25,21.01,21.120001,599000,20.924545
2014-09-10,21.809999,21.82,20.860001,21.25,806600,21.053342
2014-09-09,22.25,22.32,21.59,21.73,667800,21.528899
2014-09-08,22.57,22.639999,22.16,22.34,325600,22.133254
2014-09-05,22.50,22.65,22.26,22.57,270600,22.361125
2014-09-04,23.00,23.139999,22.43,22.50,426000,22.291773
2014-09-03,23.299999,23.41,22.950001,23.030001,586300,22.816869
2014-09-02,22.83,23.50,22.83,23.26,788300,23.04474
2014-08-29,23.07,23.200001,22.719999,23.129999,334300,22.915942
2014-08-28,23.139999,23.26,22.99,23.030001,286200,22.816869
2014-08-27,23.620001,23.620001,23.10,23.290001,325300,23.074463
2014-08-26,23.26,23.700001,23.120001,23.559999,376400,23.341963
2014-08-25,23.280001,23.379999,22.99,23.16,240700,22.945665
2014-08-22,23.360001,23.40,23.030001,23.190001,205200,22.975388
2014-08-21,23.18,23.540001,23.01,23.360001,384300,23.143815
2014-08-20,23.209999,23.34,23.059999,23.219999,191300,23.005109
2014-08-19,23.360001,23.50,23.120001,23.26,210700,23.04474
2014-08-18,23.040001,23.33,22.860001,23.33,199100,23.114092
2014-08-15,23.049999,23.08,22.57,22.92,355700,22.707887
2014-08-14,22.91,23.27,22.799999,22.90,281300,22.688071
2014-08-13,22.48,22.940001,22.33,22.860001,315700,22.648442
2014-08-12,22.190001,22.459999,22.110001,22.40,638000,22.192698
2014-08-11,22.209999,22.57,22.129999,22.200001,458500,21.994551
2014-08-08,22.16,22.34,21.98,22.09,596400,21.885568
2014-08-07,22.440001,22.549999,22.16,22.200001,600900,21.994551
2014-08-06,22.049999,22.459999,22.030001,22.32,816600,22.113439
2014-08-05,22.059999,22.34,21.98,22.190001,1216200,21.984643
2014-08-04,22.09,22.33,22.01,22.16,767700,21.95492
2014-08-01,23.17,23.50,21.98,22.110001,1106400,21.905383
2014-07-31,24.75,25.120001,23.16,23.370001,830800,23.153723
2014-07-30,23.469999,23.870001,23.440001,23.709999,564900,23.490575
2014-07-29,23.360001,23.49,22.950001,23.299999,544600,23.084369
2014-07-28,23.43,23.610001,23.15,23.370001,396100,23.153723
2014-07-25,23.370001,23.57,23.139999,23.43,338800,23.213167
2014-07-24,23.290001,23.65,23.25,23.41,280500,23.193352
2014-07-23,23.52,23.67,23.26,23.290001,270700,23.074463
2014-07-22,23.190001,23.790001,22.940001,23.59,538600,23.371686
2014-07-21,23.059999,23.190001,22.790001,23.059999,312000,22.84659
2014-07-18,23.01,23.43,22.82,23.16,420900,22.945665
2014-07-17,23.360001,23.610001,22.99,22.99,410300,22.777238
2014-07-16,23.450001,23.57,23.09,23.440001,520700,23.223075
2014-07-15,23.540001,23.790001,23.09,23.33,401700,23.114092
2014-07-14,23.860001,23.99,23.52,23.639999,292900,23.421223
2014-07-11,23.620001,23.870001,23.34,23.73,239600,23.51039
2014-07-10,23.35,23.91,23.25,23.66,463200,23.441038
2014-07-09,23.85,23.969999,23.43,23.74,379200,23.520298
2014-07-08,24.040001,24.040001,23.43,23.780001,510200,23.559928
2014-07-07,24.040001,24.280001,23.870001,24.02,383000,23.797707
2014-07-03,24.18,24.389999,24.08,24.209999,359100,23.985947
2014-07-02,24.48,24.83,24.129999,24.16,383900,23.936411
2014-07-01,24.049999,24.82,23.98,24.59,824900,24.362432
2014-06-30,23.77,24.16,23.42,23.959999,750900,23.738261
2014-06-27,23.440001,23.85,23.42,23.790001,982300,23.569836
2014-06-26,23.83,23.85,23.41,23.540001,501800,23.32215
2014-06-25,23.459999,24.09,23.459999,23.780001,543500,23.559928
2014-06-24,23.549999,24.09,23.459999,23.52,448500,23.302334
2014-06-23,23.68,23.809999,23.219999,23.639999,661300,23.421223
2014-06-20,23.950001,23.98,23.33,23.639999,1454700,23.421223
2014-06-19,24.040001,24.040001,23.60,23.91,372500,23.688724
2014-06-18,24.17,24.34,23.690001,23.959999,645400,23.738261
2014-06-17,23.809999,24.620001,23.799999,24.10,1006300,23.876967
2014-06-16,24.129999,24.129999,23.450001,23.889999,727400,23.668909
2014-06-13,23.969999,24.25,23.799999,24.200001,342300,23.976041
2014-06-12,24.48,24.559999,23.74,23.889999,405700,23.668909
2014-06-11,24.08,24.66,23.92,24.530001,498500,24.302987
2014-06-10,24.290001,24.440001,24.02,24.219999,436800,23.995855
2014-06-09,24.41,24.59,24.08,24.360001,641700,24.134561
2014-06-06,24.33,24.50,24.040001,24.41,346300,24.184097
2014-06-05,24.209999,24.450001,23.82,24.26,532600,24.035486
2014-06-04,24.16,24.440001,24.01,24.16,402100,23.936411
2014-06-03,23.93,24.370001,23.57,24.209999,550600,23.985947
2014-06-02,24.41,24.41,23.559999,24.02,432600,23.797707
2014-05-30,24.629999,24.629999,23.969999,24.17,550800,23.946318
2014-05-29,24.74,25.09,24.58,24.59,831700,24.362432
2014-05-28,24.58,24.66,24.120001,24.60,500600,24.372339
2014-05-27,24.51,24.85,24.51,24.60,588600,24.372339
2014-05-23,24.18,24.57,23.959999,24.389999,335200,24.164282
2014-05-22,23.690001,24.24,23.690001,24.129999,542000,23.906688
2014-05-21,23.290001,23.809999,22.969999,23.690001,470300,23.470761
2014-05-20,23.129999,23.43,22.75,23.18,333000,22.965481
2014-05-19,22.77,23.610001,22.77,23.200001,595900,22.985296
2014-05-16,23.129999,23.129999,22.24,22.76,406400,22.549367
2014-05-15,23.00,23.07,22.120001,23.049999,475300,22.836683
2014-05-14,23.120001,23.40,23.030001,23.09,360600,22.876313
2014-05-13,23.48,23.559999,22.92,23.16,424800,22.945665
2014-05-12,22.59,23.60,22.59,23.440001,377900,23.223075
2014-05-09,22.23,22.49,21.98,22.43,279200,22.222422
2014-05-08,22.24,23.219999,21.75,22.27,499700,22.063902
2014-05-07,22.51,22.889999,21.77,22.280001,525400,22.07381
2014-05-06,22.83,23.08,22.41,22.450001,550800,22.242237
2014-05-05,22.26,23.049999,22.00,22.93,597200,22.717794
2014-05-02,22.10,22.73,22.040001,22.440001,470700,22.232329
2014-05-01,23.540001,23.540001,21.889999,22.059999,823600,21.855845
2014-04-30,22.10,22.389999,21.790001,22.290001,533500,22.083718
2014-04-29,21.879999,22.41,21.709999,22.27,786600,22.063902
2014-04-28,22.200001,22.25,21.25,21.65,1055400,21.449639
2014-04-25,22.43,22.540001,22.049999,22.09,648200,21.885568
2014-04-24,22.690001,22.98,22.27,22.540001,753000,22.331404
2014-04-23,22.450001,22.59,22.200001,22.469999,510500,22.26205
2014-04-22,22.02,22.59,21.959999,22.389999,741800,22.182791
2014-04-21,21.790001,22.129999,21.610001,22.00,964600,21.796401
2014-04-17,21.200001,21.77,21.129999,21.700001,1023900,21.499178
2014-04-16,21.200001,21.35,20.959999,21.25,558800,21.053342
2014-04-15,21.049999,21.34,20.59,20.98,844500,20.78584
2014-04-14,21.639999,21.809999,20.889999,21.00,1165800,20.805655
2014-04-11,21.790001,21.879999,21.43,21.49,695500,21.29112
2014-04-10,22.49,22.639999,21.870001,21.90,1811300,21.697326
2014-04-09,20.540001,22.73,20.51,22.40,2834400,22.192698
2014-04-08,23.219999,23.42,19.50,20.50,6579100,20.310282
2014-04-07,23.50,23.85,23.25,23.26,1167200,23.04474
2014-04-04,24.129999,24.299999,23.780001,23.790001,1095100,23.569836
2014-04-03,24.790001,24.809999,23.75,23.870001,1161800,23.649096
2014-04-02,23.58,24.860001,23.58,24.76,1419700,24.530858
2014-04-01,22.82,23.639999,22.76,23.58,1091700,23.361778
2014-03-31,22.549999,22.83,22.459999,22.780001,637700,22.569183
2014-03-28,22.34,22.84,22.299999,22.440001,824200,22.232329
2014-03-27,22.280001,22.540001,21.950001,22.32,1015200,22.113439
2014-03-26,23.32,23.610001,22.309999,22.33,1038800,22.123347
2014-03-25,23.620001,23.940001,22.92,23.25,1199400,23.034833
2014-03-24,24.65,24.85,23.49,23.540001,1515600,23.32215
2014-03-21,25.00,25.23,24.58,24.59,1894900,24.362432
2014-03-20,24.549999,25.049999,24.389999,24.83,709500,24.60021
2014-03-19,24.709999,24.84,24.450001,24.58,607800,24.352524
2014-03-18,24.360001,24.950001,24.15,24.719999,1197400,24.491228
2014-03-17,24.75,24.809999,24.18,24.25,917200,24.025578
2014-03-14,23.98,24.719999,23.959999,24.57,865500,24.342616
2014-03-13,24.809999,24.959999,23.91,24.09,1107200,23.867059
2014-03-12,24.43,25.040001,24.27,24.83,958600,24.60021
2014-03-11,24.92,25.10,24.50,24.540001,947200,24.312895
2014-03-10,24.82,25.07,24.52,24.84,1055500,24.610118
2014-03-07,24.91,25.120001,24.790001,24.84,1051200,24.610118
2014-03-06,24.91,25.00,24.629999,24.85,951300,24.620026
2014-03-05,24.870001,25.02,24.67,24.790001,859800,24.560581
2014-03-04,24.559999,25.00,24.040001,24.90,1372500,24.669562
2014-03-03,22.60,24.530001,22.389999,24.32,2451800,24.09493
2014-02-28,24.969999,25.24,24.59,24.84,1492800,24.610118
2014-02-27,24.639999,25.059999,24.639999,24.99,1219900,24.758729
2014-02-26,25.040001,25.24,24.379999,24.700001,1410600,24.471414
2014-02-25,24.969999,25.34,24.950001,25.200001,1658800,24.966787
2014-02-24,24.280001,24.940001,24.280001,24.92,1106800,24.689378
2014-02-21,24.379999,24.51,24.16,24.280001,753600,24.055301
2014-02-20,24.00,24.58,23.940001,24.35,1362900,24.124653
2014-02-19,23.790001,24.27,23.790001,24.02,1325100,23.797707
2014-02-18,22.219999,23.98,22.09,23.74,1683100,23.520298
2014-02-14,23.280001,23.799999,22.129999,22.76,1554100,22.549367
2014-02-13,22.290001,24.10,21.950001,23.450001,2351000,23.232982
2014-02-12,22.59,22.889999,22.040001,22.309999,1143500,22.103531
2014-02-11,22.18,23.15,22.049999,22.620001,1297000,22.410664
2014-02-10,21.360001,21.98,21.35,21.879999,1152100,21.67751
2014-02-07,20.98,21.50,20.98,21.290001,999200,21.092972
2014-02-06,20.91,21.15,20.690001,20.940001,804200,20.746211
2014-02-05,20.57,20.950001,20.35,20.879999,881200,20.686765
2014-02-04,20.469999,20.790001,20.299999,20.620001,972100,20.429173
2014-02-03,20.870001,21.190001,20.10,20.35,1771600,20.161671
2014-01-31,21.459999,21.52,20.84,21.209999,2455600,21.013711
2014-01-30,21.65,21.98,21.50,21.65,1132200,21.449639
2014-01-29,21.76,22.00,21.43,21.450001,806900,21.251491
2014-01-28,21.309999,21.959999,21.24,21.889999,950500,21.687418
2014-01-27,21.809999,22.35,21.459999,21.530001,1507700,21.330751
2014-01-24,21.790001,22.16,21.709999,22.120001,965000,21.915291
2014-01-23,21.59,21.98,21.459999,21.969999,628000,21.766678
2014-01-22,21.799999,22.57,21.379999,21.66,745400,21.459547
2014-01-21,21.77,21.940001,21.60,21.67,617400,21.469455
2014-01-17,22.15,22.43,21.51,21.68,1013500,21.479362
2014-01-16,22.73,22.84,22.049999,22.15,862300,21.945012
2014-01-15,21.889999,22.879999,21.790001,22.73,1487400,22.519644
2014-01-14,22.129999,22.139999,21.809999,21.90,953900,21.697326
2014-01-13,21.959999,22.370001,21.959999,22.040001,1797900,21.836031
2014-01-10,22.120001,22.18,21.809999,21.92,1376100,21.717141
2014-01-09,21.51,22.65,21.50,22.040001,3766100,21.836031
2014-01-08,23.370001,23.40,21.549999,21.709999,3746900,21.509084
2014-01-07,20.309999,21.33,20.309999,21.09,1403500,20.894822
2014-01-06,20.379999,20.610001,20.200001,20.24,1246400,20.052688
2014-01-03,19.84,20.360001,19.629999,20.27,736600,20.082411
2014-01-02,19.66,19.870001,19.559999,19.85,653700,19.666298
2013-12-31,19.40,19.780001,19.389999,19.690001,519800,19.507779
2013-12-30,19.34,19.469999,19.18,19.379999,408100,19.200647
2013-12-27,19.24,19.43,19.129999,19.290001,304000,19.111481
2013-12-26,19.559999,19.77,19.190001,19.200001,461800,19.022314
2013-12-24,18.98,19.59,18.91,19.530001,378500,19.34926
2013-12-23,18.709999,19.00,18.57,18.959999,680700,18.784533
2013-12-20,17.799999,18.549999,17.68,18.530001,1056300,18.358515
2013-12-19,17.950001,18.07,17.690001,17.82,751500,17.655084
2013-12-18,17.969999,18.030001,17.690001,17.959999,668500,17.793788
2013-12-17,17.73,18.02,17.690001,17.950001,626000,17.783882
2013-12-16,17.33,17.799999,17.219999,17.719999,844200,17.556009
2013-12-13,17.440001,17.52,17.17,17.309999,794800,17.149804
2013-12-12,17.639999,17.65,17.280001,17.40,776400,17.238971
2013-12-11,18.450001,18.57,17.68,17.68,904900,17.51638
2013-12-10,18.50,18.700001,18.26,18.40,796600,18.229717
2013-12-09,18.58,18.92,18.52,18.530001,1485900,18.358515
2013-12-06,18.700001,18.780001,18.50,18.59,1059800,18.417959
2013-12-05,18.40,18.60,18.290001,18.559999,851900,18.388236
2013-12-04,18.190001,18.450001,18.110001,18.389999,829200,18.219809
2013-12-03,18.57,18.790001,18.299999,18.34,712000,18.170272
2013-12-02,18.57,18.75,18.309999,18.66,1314200,18.487311
2013-11-29,18.190001,18.549999,18.15,18.40,314000,18.229717
2013-11-27,18.129999,18.35,17.940001,18.17,647300,18.001846
2013-11-26,18.280001,18.290001,17.950001,18.09,771200,17.922586
2013-11-25,18.25,18.40,18.200001,18.24,906700,18.071197
2013-11-22,18.18,18.309999,18.08,18.25,747900,18.081105
2013-11-21,18.129999,18.290001,17.99,18.16,925700,17.991938
2013-11-20,17.389999,18.059999,17.389999,17.99,1221400,17.823511
2013-11-19,17.25,17.48,17.10,17.33,1532500,17.169619
2013-11-18,17.360001,17.43,17.10,17.26,1591800,17.100267
2013-11-15,17.059999,17.59,17.059999,17.34,1146000,17.179527
2013-11-14,16.860001,17.049999,16.84,17.040001,846900,16.882304
2013-11-13,16.860001,17.01,16.73,16.93,541800,16.773321
2013-11-12,17.23,17.59,16.969999,16.99,1361200,16.832766
2013-11-11,16.469999,16.700001,16.389999,16.700001,458200,16.54545
2013-11-08,16.68,16.84,16.32,16.469999,987800,16.317577
2013-11-07,16.52,16.809999,16.42,16.67,1377300,16.515727
2013-11-06,16.65,16.66,16.34,16.52,915500,16.367116
2013-11-05,16.10,16.66,16.10,16.540001,2175800,16.386931
2013-11-04,16.860001,16.92,16.68,16.75,980900,16.594987
2013-11-01,16.41,16.790001,16.360001,16.780001,1321200,16.62471
2013-10-31,17.74,17.91,16.00,16.76,3827700,16.604895
2013-10-30,19.450001,19.540001,18.959999,18.969999,1232900,18.794441
2013-10-29,19.10,19.450001,18.940001,19.43,734800,19.250185
2013-10-28,19.370001,19.370001,18.969999,19.110001,516100,18.933147
2013-10-25,19.42,19.58,19.27,19.34,620200,19.161018
2013-10-24,18.90,19.32,18.879999,19.25,537600,19.071851
2013-10-23,19.200001,19.209999,18.790001,18.90,573300,18.725089
2013-10-22,19.16,19.32,18.889999,19.299999,752700,19.121387
2013-10-21,18.91,19.35,18.91,19.059999,1221100,18.883608
2013-10-18,18.559999,18.93,18.450001,18.91,873700,18.734997
2013-10-17,18.40,18.790001,18.40,18.50,1266000,18.328791
2013-10-16,18.42,18.610001,18.299999,18.459999,4051300,18.289161
2013-10-15,18.610001,18.65,18.219999,18.33,1244100,18.160365
2013-10-14,18.76,18.860001,18.58,18.620001,1583300,18.447682
2013-10-11,18.809999,18.870001,18.700001,18.84,960900,18.665645
2013-10-10,18.809999,19.129999,18.790001,18.879999,1821200,18.705274
2013-10-09,19.200001,19.24,18.51,18.65,1137600,18.477403
2013-10-08,19.66,19.690001,19.120001,19.200001,586800,19.022314
2013-10-07,19.559999,19.969999,19.549999,19.629999,643100,19.448333
2013-10-04,19.48,20.059999,19.35,19.799999,778000,19.61676
2013-10-03,19.440001,19.559999,19.129999,19.450001,856700,19.27
2013-10-02,19.40,19.68,19.27,19.51,865300,19.329445
2013-10-01,18.950001,19.60,18.93,19.49,1255200,19.309629
2013-09-30,18.809999,19.209999,18.74,19.17,862400,18.992591
2013-09-27,18.85,19.15,18.85,19.030001,602500,18.853887
2013-09-26,18.879999,19.27,18.83,19.030001,703300,18.853887
2013-09-25,18.360001,18.959999,18.26,18.90,1102700,18.725089
2013-09-24,18.42,18.709999,18.32,18.35,1022500,18.18018
2013-09-23,18.18,18.25,17.92,18.110001,608800,17.942401
2013-09-20,18.16,18.34,18.059999,18.16,1163400,17.991938
2013-09-19,17.90,18.17,17.870001,18.07,641400,17.902771
2013-09-18,17.67,17.959999,17.50,17.879999,660300,17.714528
2013-09-17,17.67,17.90,17.60,17.690001,424800,17.526288
2013-09-16,17.82,17.83,17.60,17.67,484700,17.506473
2013-09-13,17.73,17.73,17.549999,17.65,468000,17.486657
2013-09-12,17.82,17.959999,17.65,17.73,391100,17.565917
2013-09-11,17.809999,17.91,17.639999,17.84,449100,17.6749
2013-09-10,17.93,18.139999,17.73,17.870001,502100,17.704623
2013-09-09,17.85,18.17,17.82,17.879999,870100,17.714528
2013-09-06,17.77,18.110001,17.32,17.85,950500,17.684807
2013-09-05,17.67,18.049999,17.620001,17.73,713400,17.565917
2013-09-04,17.629999,17.93,17.450001,17.620001,1168300,17.456936
2013-09-03,17.48,18.049999,17.299999,17.719999,1574800,17.556009
2013-08-30,18.459999,18.530001,17.93,17.93,867700,17.764067
2013-08-29,18.450001,18.639999,18.379999,18.43,547600,18.25944
2013-08-28,18.370001,18.540001,18.27,18.52,767700,18.348607
2013-08-27,18.690001,18.690001,18.24,18.34,984900,18.170272
2013-08-26,19.219999,19.24,18.76,18.940001,781400,18.76472
2013-08-23,19.41,19.75,19.23,19.23,840200,19.052035
2013-08-22,18.84,19.469999,18.809999,19.40,543300,19.220462
2013-08-21,18.879999,19.10,18.709999,18.799999,712800,18.626014
2013-08-20,18.620001,19.07,18.610001,19.00,831900,18.824164
2013-08-19,18.889999,18.889999,18.549999,18.620001,721200,18.447682
2013-08-16,18.700001,19.02,18.530001,18.950001,792300,18.774628
2013-08-15,18.60,18.73,18.370001,18.68,1249000,18.507126
2013-08-14,18.870001,18.940001,18.68,18.84,652700,18.665645
2013-08-13,19.059999,19.16,18.790001,18.889999,916700,18.715182
2013-08-12,18.65,19.190001,18.65,19.02,880000,18.84398
2013-08-09,18.85,18.950001,18.66,18.83,799000,18.655737
2013-08-08,18.299999,18.90,18.299999,18.85,1210800,18.675553
2013-08-07,18.00,18.290001,17.959999,18.24,1166400,18.071197
2013-08-06,18.40,18.459999,18.07,18.10,1622900,17.932494
2013-08-05,18.67,18.719999,18.43,18.459999,1315800,18.289161
2013-08-02,19.25,19.40,18.73,18.77,1768600,18.596293
2013-08-01,18.10,20.610001,17.799999,19.43,4404100,19.250185
2013-07-31,22.51,22.83,22.459999,22.530001,1629100,22.321496
2013-07-30,22.49,22.540001,22.309999,22.51,959200,22.301681
2013-07-29,22.610001,22.83,22.440001,22.440001,672400,22.232329
2013-07-26,22.709999,22.809999,22.50,22.700001,509500,22.489923
2013-07-25,22.790001,22.940001,22.57,22.82,373600,22.608812
2013-07-24,23.15,23.280001,22.799999,22.85,642300,22.638535
2013-07-23,23.049999,23.34,22.98,23.049999,459000,22.836683
2013-07-22,23.08,23.139999,22.91,23.01,536000,22.797054
2013-07-19,23.00,23.23,22.83,23.120001,537100,22.906036
2013-07-18,23.209999,23.33,23.10,23.209999,455000,22.995202
2013-07-17,23.139999,23.370001,23.08,23.17,618400,22.955573
2013-07-16,23.49,23.540001,23.07,23.09,758200,22.876313
2013-07-15,23.57,23.75,23.35,23.469999,527100,23.252796
2013-07-12,23.49,23.73,23.09,23.549999,914600,23.332055
2013-07-11,23.34,23.52,22.959999,23.440001,1261600,23.223075
2013-07-10,22.950001,23.139999,22.73,22.950001,1186100,22.73761
2013-07-09,22.98,23.24,22.84,22.99,1152000,22.777238
2013-07-08,22.860001,23.02,22.76,22.90,766800,22.688071
2013-07-05,22.75,22.85,22.540001,22.76,703900,22.549367
2013-07-03,22.49,22.860001,22.459999,22.60,349400,22.390848
2013-07-02,22.719999,22.85,22.299999,22.65,1514500,22.440385
2013-07-01,22.860001,23.23,22.799999,22.85,758500,22.638535
2013-06-28,23.040001,23.049999,22.67,22.84,2234800,22.628627
2013-06-27,23.02,23.219999,22.950001,23.059999,824800,22.84659
2013-06-26,23.09,23.18,22.860001,22.879999,954100,22.668256
2013-06-25,22.90,23.129999,22.629999,22.940001,1084900,22.727702
2013-06-24,22.889999,22.98,22.07,22.709999,1853400,22.499829
2013-06-21,24.34,24.469999,23.379999,23.59,1521900,23.371686
2013-06-20,24.40,24.700001,24.200001,24.26,1931700,24.035486
2013-06-19,24.870001,24.98,24.60,24.66,765600,24.431784
2013-06-18,25.02,25.10,24.83,24.91,599800,24.67947
2013-06-17,24.93,25.24,24.809999,24.99,1091500,24.758729
2013-06-14,24.92,25.18,24.73,24.780001,571700,24.550674
2013-06-13,24.559999,25.16,24.33,25.08,628300,24.847897
2013-06-12,25.129999,25.129999,24.51,24.610001,651400,24.382247
2013-06-11,25.190001,25.57,24.82,24.969999,789400,24.738914
2013-06-10,25.440001,25.73,24.200001,25.440001,2351800,25.204566
2013-06-07,25.90,26.549999,25.799999,26.51,522000,26.264663
2013-06-06,25.360001,25.98,25.280001,25.73,628500,25.491881
2013-06-05,25.889999,26.00,25.33,25.360001,831000,25.125306
2013-06-04,25.870001,26.49,25.67,26.02,840800,25.779198
2013-06-03,25.790001,26.15,25.280001,25.799999,570600,25.561233
2013-05-31,25.889999,26.16,25.799999,25.799999,850300,25.561233
2013-05-30,25.24,26.059999,25.24,26.01,1153500,25.76929
2013-05-29,25.01,25.360001,24.790001,25.32,971900,25.085675
2013-05-28,24.75,25.17,24.67,25.139999,552800,24.907341
2013-05-24,24.620001,24.709999,24.43,24.620001,349300,24.392155
2013-05-23,24.32,24.74,23.91,24.719999,856000,24.491228
2013-05-22,24.879999,25.17,24.35,24.469999,852000,24.243541
2013-05-21,25.059999,25.24,25.00,25.049999,762800,24.818174
2013-05-20,24.940001,25.25,24.92,25.08,948900,24.847897
2013-05-17,24.969999,25.18,24.969999,25.01,979300,24.778545
2013-05-16,24.52,25.58,24.40,25.02,1891400,24.788452
2013-05-15,24.120001,24.42,24.059999,24.41,736900,24.184097
2013-05-14,23.73,24.129999,23.73,24.10,907200,23.876967
2013-05-13,23.690001,23.82,23.639999,23.67,554400,23.450946
2013-05-10,23.01,23.700001,23.01,23.68,666600,23.460853
2013-05-09,23.09,23.110001,22.93,23.030001,1099800,22.816869
2013-05-08,22.91,23.120001,22.91,23.110001,1837200,22.896129
2013-05-07,23.01,23.049999,22.780001,22.98,1193200,22.767331
2013-05-06,22.98,23.01,22.860001,22.940001,1882200,22.727702
2013-05-03,22.50,23.10,22.50,22.809999,675800,22.598904
2013-05-02,23.950001,24.00,21.940001,22.559999,1855200,22.351218
2013-05-01,23.309999,23.52,23.209999,23.290001,875200,23.074463
2013-04-30,23.01,23.40,22.91,23.389999,624400,23.173536
2013-04-29,23.08,23.290001,22.85,23.040001,613500,22.826777
2013-04-26,22.75,23.049999,22.620001,22.85,837600,22.638535
2013-04-25,22.50,22.85,22.35,22.83,959800,22.618719
2013-04-24,22.33,22.51,22.23,22.41,531300,22.202606
2013-04-23,22.280001,22.43,22.040001,22.389999,508300,22.182791
2013-04-22,22.08,22.23,21.620001,22.129999,574700,21.925197
2013-04-19,21.719999,22.24,21.57,22.120001,773600,21.915291
2013-04-18,21.709999,21.90,21.459999,21.620001,802600,21.419918
2013-04-17,21.76,21.84,21.309999,21.59,1068100,21.390195
2013-04-16,21.559999,22.40,21.559999,21.959999,1113300,21.75677
2013-04-15,21.370001,21.620001,21.00,21.01,843600,20.815563
2013-04-12,21.27,21.559999,21.01,21.51,483500,21.310936
2013-04-11,21.23,21.59,21.049999,21.370001,549400,21.172232
2013-04-10,20.690001,21.43,20.690001,21.33,489300,21.132601
2013-04-09,20.549999,20.84,20.530001,20.639999,420200,20.448986
2013-04-08,20.26,20.530001,20.129999,20.52,452200,20.330098
2013-04-05,20.34,20.440001,20.00,20.280001,605900,20.092319
2013-04-04,20.450001,20.700001,20.280001,20.629999,644700,20.439079
2013-04-03,21.00,21.15,20.389999,20.459999,871400,20.270652
2013-04-02,21.209999,21.26,20.74,20.790001,707000,20.5976
2013-04-01,21.40,21.459999,20.860001,21.059999,695700,20.865099
2013-03-28,21.18,21.43,21.07,21.41,584200,21.211861
2013-03-27,21.129999,21.24,20.98,21.24,1220600,21.043434
2013-03-26,21.200001,21.25,20.870001,21.139999,515500,20.944359
2013-03-25,21.049999,21.290001,20.860001,21.059999,625100,20.865099
2013-03-22,21.209999,21.33,20.84,21.049999,588300,20.855192
2013-03-21,21.200001,21.299999,20.940001,21.18,644000,20.98399
2013-03-20,21.219999,21.51,21.10,21.26,1294400,21.063249
2013-03-19,21.559999,21.610001,20.889999,21.02,1160800,20.825471
2013-03-18,21.15,21.51,21.02,21.35,956000,21.152416
2013-03-15,21.139999,21.42,21.040001,21.370001,2445300,21.172232
2013-03-14,21.200001,21.43,21.08,21.23,1353500,21.033526
2013-03-13,21.49,21.620001,21.07,21.219999,1742500,21.023619
2013-03-12,21.08,21.540001,21.07,21.43,1339400,21.231676
2013-03-11,21.290001,21.370001,20.51,21.08,1788500,20.884915
2013-03-08,20.10,20.74,19.91,20.67,1860600,20.478709
2013-03-07,18.23,20.00,18.23,19.870001,2735700,19.686114
2013-03-06,18.09,18.290001,17.98,18.040001,1095800,17.873049
2013-03-05,18.07,18.35,18.00,18.059999,891900,17.892863
2013-03-04,17.82,18.48,17.82,18.049999,1459800,17.882955
2013-03-01,17.700001,18.02,17.25,17.84,3001100,17.6749
2013-02-28,17.790001,18.08,17.790001,17.799999,1841200,17.635269
2013-02-27,17.549999,17.889999,17.540001,17.790001,891100,17.625363
2013-02-26,17.700001,17.799999,17.389999,17.610001,1613900,17.447029
2013-02-25,18.01,18.10,17.57,17.57,1230400,17.407398
2013-02-22,17.99,18.129999,17.76,17.889999,901400,17.724436
2013-02-21,17.940001,18.139999,17.83,17.92,907800,17.754159
2013-02-20,18.200001,18.309999,17.940001,18.02,1470100,17.853234
2013-02-19,17.969999,18.50,17.969999,18.24,1117400,18.071197
2013-02-15,18.200001,18.309999,17.940001,18.00,1207600,17.833419
2013-02-14,17.26,18.32,17.15,18.10,1539700,17.932494
2013-02-13,17.10,17.42,17.10,17.25,948700,17.09036
2013-02-12,17.139999,17.299999,17.00,17.040001,640300,16.882304
2013-02-11,17.33,17.35,17.00,17.10,364500,16.941748
2013-02-08,17.10,17.43,17.08,17.360001,306600,17.199342
2013-02-07,17.10,17.209999,17.00,17.10,435000,16.941748
2013-02-06,16.85,17.209999,16.65,17.10,445400,16.941748
2013-02-05,16.959999,17.030001,16.799999,16.950001,877800,16.793137
2013-02-04,16.969999,17.16,16.799999,16.92,613600,16.763414
2013-02-01,17.110001,17.25,16.860001,17.139999,1248600,16.981377
2013-01-31,17.26,17.48,17.209999,17.290001,614700,17.12999
2013-01-30,17.120001,17.370001,16.950001,17.24,769200,17.080452
2013-01-29,17.59,17.65,17.10,17.190001,664700,17.030915
2013-01-28,17.549999,17.809999,17.540001,17.65,865600,17.486657
2013-01-25,17.10,17.60,17.10,17.549999,1059600,17.387583
2013-01-24,16.360001,17.290001,16.219999,17.02,3294700,16.862489
2013-01-23,16.309999,16.440001,16.299999,16.379999,542500,16.22841
2013-01-22,16.450001,16.530001,16.24,16.290001,788300,16.139245
2013-01-18,16.469999,16.60,16.389999,16.49,361000,16.337393
2013-01-17,16.610001,16.82,16.42,16.469999,844600,16.317577
2013-01-16,16.59,16.639999,16.41,16.549999,1454800,16.396837
2013-01-15,16.51,16.719999,16.469999,16.65,1643700,16.495912
2013-01-14,16.559999,16.68,16.50,16.629999,468900,16.476097
2013-01-11,16.68,16.84,16.60,16.65,822400,16.495912
2013-01-10,16.440001,16.77,16.200001,16.690001,3307000,16.535543
2013-01-09,16.790001,17.00,16.629999,16.870001,553800,16.713877
2013-01-08,16.48,16.82,16.43,16.709999,1717400,16.555356
2013-01-07,17.00,17.059999,16.57,16.58,808600,16.42656
2013-01-04,17.02,17.129999,16.42,16.780001,3786800,16.62471
2013-01-03,15.90,16.049999,15.78,15.85,763900,15.703316
2013-01-02,16.049999,16.25,15.62,15.89,739000,15.742946
2012-12-31,15.22,15.45,15.01,15.43,501100,15.287203
2012-12-28,15.21,15.47,15.03,15.24,485500,15.098961
2012-12-27,15.60,15.60,15.13,15.29,530500,15.148498
2012-12-26,15.63,15.80,15.39,15.54,380600,15.396185
2012-12-24,15.45,15.66,15.03,15.56,217900,15.416
2012-12-21,15.50,15.59,15.18,15.40,2605500,15.25748
2012-12-20,15.86,15.95,15.44,15.77,545900,15.624057
2012-12-19,16.01,16.08,15.78,15.80,634500,15.653779
2012-12-18,15.78,16.08,15.78,15.98,792000,15.832112
2012-12-17,15.62,15.97,15.60,15.78,609900,15.633963
2012-12-14,15.95,16.00,15.49,15.61,641100,15.465537
2012-12-13,16.18,16.32,15.90,16.00,504600,15.851928
2012-12-12,16.290001,16.42,16.00,16.219999,1358600,16.069891
2012-12-11,15.92,16.280001,15.91,16.280001,515100,16.129337
2012-12-10,15.71,15.87,15.66,15.83,467900,15.683501
2012-12-07,15.80,15.89,15.56,15.75,424000,15.604241
2012-12-06,15.51,15.83,15.33,15.73,348400,15.584426
2012-12-05,15.84,15.93,15.48,15.55,490900,15.406092
2012-12-04,15.95,16.00,15.59,15.83,527500,15.683501
2012-12-03,15.47,16.059999,15.33,16.00,1538100,15.851928
2012-11-30,15.51,15.51,15.15,15.34,697900,15.198036
2012-11-29,15.44,15.57,15.28,15.50,552000,15.356555
2012-11-28,15.10,15.50,15.10,15.34,589300,15.198036
2012-11-27,14.78,15.38,14.72,15.17,1145400,15.029609
2012-11-26,14.73,15.10,14.69,14.82,915100,14.682848
2012-11-23,14.23,14.86,14.23,14.84,534400,14.702663
2012-11-21,14.37,14.53,14.29,14.44,1063300,14.306364
2012-11-20,14.89,14.97,14.16,14.32,1220500,14.187475
2012-11-19,14.66,14.99,14.59,14.90,928400,14.762107
2012-11-16,14.69,15.06,14.45,14.53,1080800,14.395532
2012-11-15,14.58,15.49,14.53,14.63,852700,14.494607
2012-11-14,14.99,15.11,14.50,14.53,1356100,14.395532
2012-11-13,15.22,15.36,14.85,14.89,715800,14.752201
2012-11-12,15.48,15.58,15.16,15.29,686600,15.148498
2012-11-09,15.35,15.60,15.33,15.44,741600,15.29711
2012-11-08,15.45,15.67,15.25,15.43,1036000,15.287203
2012-11-07,15.68,15.95,15.30,15.40,1084100,15.25748
2012-11-06,15.59,16.040001,15.54,15.86,1175400,15.713223
2012-11-05,15.39,15.90,15.22,15.51,1164400,15.366463
2012-11-02,16.290001,16.309999,15.04,15.37,2939200,15.227758
2012-11-01,13.56,14.34,13.25,14.34,1828700,14.20729
2012-10-31,13.64,13.84,13.28,13.53,302800,13.404786
2012-10-26,13.50,13.60,13.35,13.57,592200,13.444416
2012-10-25,13.62,13.77,13.48,13.48,680800,13.355249
2012-10-24,13.88,13.96,13.42,13.53,455700,13.404786
2012-10-23,13.38,13.84,13.29,13.82,612100,13.692102
2012-10-22,13.58,13.72,13.42,13.59,534700,13.464231
2012-10-19,14.28,14.28,13.44,13.60,888400,13.474139
2012-10-18,14.53,14.70,14.14,14.34,729100,14.20729
2012-10-17,14.53,14.62,14.06,14.57,1064600,14.435161
2012-10-16,14.29,14.65,14.27,14.51,1165000,14.375717
2012-10-15,14.14,14.52,14.04,14.22,687900,14.088401
2012-10-12,14.47,14.58,14.04,14.20,864500,14.068586
2012-10-11,13.90,14.51,13.82,14.47,1344100,14.336087
2012-10-10,13.79,13.93,13.63,13.84,912500,13.711918
2012-10-09,13.94,14.00,13.59,13.62,1182300,13.493953
2012-10-08,13.59,14.02,13.38,13.96,1359200,13.830807
2012-10-05,13.79,13.94,13.50,13.57,2561000,13.444416
2012-10-04,14.04,14.10,13.48,13.67,5268300,13.543491
2012-10-03,14.34,14.35,13.91,13.99,1183200,13.860529
2012-10-02,14.33,14.51,14.14,14.29,747200,14.157753
2012-10-01,14.57,14.60,14.13,14.24,1259500,14.108215
2012-09-28,14.39,14.72,14.14,14.51,1718000,14.375717
2012-09-27,14.71,14.79,14.27,14.35,1055700,14.217198
2012-09-26,14.88,15.08,14.34,14.62,1237500,14.484699
2012-09-25,15.28,15.36,14.87,14.90,1337000,14.762107
2012-09-24,15.34,15.39,15.01,15.18,2179900,15.039517
2012-09-21,15.77,15.92,15.28,15.40,1679800,15.25748
2012-09-20,15.85,16.030001,15.60,15.74,998700,15.594334
2012-09-19,16.110001,16.41,15.86,15.90,833300,15.752853
2012-09-18,16.299999,16.52,16.09,16.129999,758000,15.980724
2012-09-17,16.639999,16.68,16.200001,16.360001,661300,16.208597
2012-09-14,16.24,16.91,16.110001,16.60,1325600,16.446375
2012-09-13,16.379999,16.450001,16.08,16.129999,1066400,15.980724
2012-09-12,16.360001,16.52,16.24,16.35,1027700,16.198689
2012-09-11,16.049999,16.370001,15.95,16.309999,1205300,16.159058
2012-09-10,15.95,16.190001,15.84,16.01,856100,15.861835
2012-09-07,15.44,16.00,15.32,15.97,1153200,15.822206
2012-09-06,15.38,15.76,15.29,15.48,1477200,15.33674
2012-09-05,15.09,15.40,14.95,15.30,890900,15.158406
2012-09-04,14.13,15.33,14.08,15.20,1705300,15.059331
2012-08-31,15.04,15.55,14.91,15.35,1842700,15.207944
2012-08-30,14.91,15.01,14.76,14.93,680000,14.79183
2012-08-29,14.83,15.03,14.67,15.00,566500,14.861182
2012-08-28,14.58,14.87,14.47,14.81,713900,14.672941
2012-08-27,14.91,14.91,14.57,14.58,965700,14.445069
2012-08-24,14.86,15.06,14.74,14.80,764600,14.663033
2012-08-23,14.87,15.07,14.66,14.90,957400,14.762107
2012-08-22,15.09,15.20,14.85,14.89,1159800,14.752201
2012-08-21,14.57,15.30,14.32,15.13,1823000,14.989979
2012-08-20,15.00,15.04,14.39,14.51,1940900,14.375717
2012-08-17,15.00,15.18,14.84,15.03,1458800,14.890904
2012-08-16,15.05,15.29,14.81,14.99,1890300,14.851275
2012-08-15,14.69,15.12,14.52,14.96,1613400,14.821552
2012-08-14,14.79,14.94,14.58,14.78,1031900,14.643218
2012-08-13,14.80,15.08,14.57,14.76,840300,14.623404
2012-08-10,14.80,15.15,14.68,14.80,997600,14.663033
2012-08-09,14.66,15.08,14.61,14.89,1512600,14.752201
2012-08-08,14.76,14.87,14.50,14.66,1486100,14.524329
2012-08-07,14.71,15.35,14.71,14.83,1997700,14.692755
2012-08-06,14.33,14.80,14.29,14.68,1417000,14.544144
2012-08-03,13.35,14.94,13.22,14.52,5049300,14.385625
2012-08-02,13.63,13.71,12.83,13.33,3176300,13.206637
2012-08-01,13.03,13.52,12.98,13.41,2027700,13.285897
2012-07-31,13.13,13.49,13.07,13.38,1510000,13.256175
2012-07-30,13.28,13.30,13.01,13.28,1164400,13.1571
2012-07-27,13.11,13.29,12.97,13.23,1167600,13.107562
2012-07-26,13.17,13.19,12.87,13.05,2747600,12.929229
2012-07-25,12.63,13.18,12.51,12.96,2765400,12.840062
2012-07-24,12.47,12.83,12.47,12.62,3399200,12.503208
2012-07-23,12.32,12.67,11.94,12.58,3938000,12.463578
2012-07-20,11.46,12.55,11.40,12.50,8464600,12.384319
2012-07-19,10.15,11.61,10.03,11.60,9038400,11.492648
2012-07-18,11.84,11.85,9.91,10.01,31507900,9.917363
2012-07-17,17.60,17.799999,17.42,17.65,1622900,17.486657
2012-07-16,17.49,17.629999,17.280001,17.549999,762900,17.387583
2012-07-13,17.459999,17.68,17.43,17.51,812700,17.347954
2012-07-12,17.780001,17.84,17.200001,17.41,877800,17.248879
2012-07-11,18.02,18.33,17.870001,17.98,959400,17.813603
2012-07-10,18.25,18.459999,17.92,18.040001,996300,17.873049
2012-07-09,18.389999,18.440001,17.950001,18.129999,826300,17.962215
2012-07-06,18.93,18.959999,18.25,18.41,850900,18.239624
2012-07-05,18.870001,19.26,18.639999,19.139999,1031300,18.962868
2012-07-03,18.73,19.08,18.73,18.91,633400,18.734997
2012-07-02,19.559999,19.709999,18.68,18.799999,1718600,18.626014
2012-06-29,19.959999,20.09,19.50,19.620001,1203900,19.438427
2012-06-28,19.370001,19.60,19.01,19.559999,644500,19.378981
2012-06-27,19.559999,19.67,19.27,19.530001,974000,19.34926
2012-06-26,19.40,19.719999,19.32,19.49,1325000,19.309629
2012-06-25,20.200001,20.23,19.33,19.389999,1614700,19.210554
2012-06-22,21.27,21.50,20.530001,20.549999,3463500,20.359819
2012-06-21,21.75,21.90,21.15,21.27,1282400,21.073157
2012-06-20,21.309999,21.85,21.24,21.790001,933800,21.588345
2012-06-19,20.98,21.700001,20.83,21.35,1941700,21.152416
2012-06-18,20.91,21.17,20.76,20.799999,1485400,20.607505
2012-06-15,21.200001,21.290001,20.92,21.139999,1628400,20.944359
2012-06-14,21.469999,21.49,20.860001,21.16,1294700,20.964174
2012-06-13,22.23,22.35,21.360001,21.459999,1938800,21.261397
2012-06-12,22.32,22.559999,22.09,22.35,721300,22.143162
2012-06-11,23.65,23.76,22.23,22.27,842100,22.063902
2012-06-08,23.219999,23.51,22.83,23.41,1086200,23.193352
2012-06-07,24.530001,24.549999,23.309999,23.35,1295500,23.133907
2012-06-06,24.299999,24.639999,24.040001,24.120001,1215800,23.896782
2012-06-05,23.07,24.129999,23.040001,24.040001,538400,23.817522
2012-06-04,23.57,23.76,22.93,23.299999,1077900,23.084369
2012-06-01,23.799999,24.10,23.309999,23.48,1106300,23.262704
2012-05-31,25.049999,25.049999,23.879999,24.43,1523000,24.203912
2012-05-30,25.32,25.32,24.700001,25.02,611600,24.788452
2012-05-29,25.50,25.940001,25.18,25.629999,631600,25.392806
2012-05-25,24.74,25.25,24.719999,25.190001,529900,24.956879
2012-05-24,24.639999,24.82,24.34,24.799999,1125000,24.570487
2012-05-23,25.00,25.08,24.16,24.52,2235900,24.29308
2012-05-22,25.969999,26.02,25.02,25.25,896400,25.016323
2012-05-21,24.67,25.90,24.360001,25.879999,688100,25.640492
2012-05-18,25.120001,25.25,24.50,24.60,933000,24.372339
2012-05-17,25.709999,25.780001,24.98,24.98,1089800,24.748822
2012-05-16,26.049999,26.49,25.719999,25.74,761900,25.501789
2012-05-15,26.18,26.35,25.780001,25.889999,664300,25.6504
2012-05-14,25.940001,26.360001,25.85,26.129999,705600,25.888179
2012-05-11,25.879999,26.58,25.809999,26.32,1283800,26.076421
2012-05-10,26.700001,26.940001,25.98,26.10,991000,25.858458
2012-05-09,26.129999,26.66,25.969999,26.459999,1051600,26.215125
2012-05-08,26.559999,26.73,25.68,26.540001,1362400,26.294386
2012-05-07,26.639999,26.950001,26.549999,26.799999,1975800,26.551978
2012-05-04,25.209999,27.07,23.32,26.860001,6143800,26.611424
2012-05-03,28.389999,28.540001,27.790001,28.25,1608700,27.98856
2012-05-02,28.51,28.93,28.219999,28.459999,1719800,28.196616
2012-05-01,28.620001,29.59,28.530001,28.889999,1326200,28.622636
2012-04-30,29.129999,29.190001,28.549999,28.639999,626100,28.37495
2012-04-27,29.23,29.50,28.82,29.26,518600,28.989213
2012-04-26,28.85,29.34,28.58,29.07,571400,28.800971
2012-04-25,28.370001,29.02,28.209999,28.950001,619300,28.682083
2012-04-24,28.24,28.24,27.83,27.959999,530000,27.701243
2012-04-23,28.15,28.360001,27.75,28.27,728300,28.008375
2012-04-20,28.959999,29.16,28.290001,28.50,888300,28.236246
2012-04-19,29.42,29.870001,28.60,28.75,952300,28.483933
2012-04-18,29.52,29.860001,29.27,29.48,523400,29.207176
2012-04-17,29.09,30.32,28.959999,29.780001,1303000,29.504401
2012-04-16,29.27,29.639999,28.67,28.809999,1031000,28.543377
2012-04-13,29.889999,30.23,29.139999,29.18,1145900,28.909954
2012-04-12,29.65,30.24,29.540001,30.08,1564000,29.801624
