Date,Open,High,Low,Close,Volume,Adj Close
2018-04-02,3.3,3.38,3.19,3.19,418735,3.19
2018-03-29,3.44,3.51,3.34,3.36,461908,3.36
2018-03-28,3.37,3.48,3.3,3.42,578822,3.42
2018-03-27,3.51,3.5386,3.36,3.37,547547,3.37
2018-03-26,3.43,3.55,3.2,3.5,816980,3.5
2018-03-23,3.53,3.58,3.36,3.36,1067367,3.36
2018-03-22,3.19,3.599,3.17,3.53,1855512,3.53
2018-03-21,3.3,3.34,3.1,3.21,1519806,3.21
2018-03-20,3.21,3.25,3.08,3.1,882877,3.1
2018-03-19,3,3.32,3,3.16,1399166,3.16
2018-03-16,2.77,3.39,2.69,3,5028726,3
2018-03-15,2.63,2.675,2.43,2.48,1625249,2.48
2018-03-14,2.57,2.65,2.51,2.63,893092,2.63
2018-03-13,2.72,2.76,2.55,2.57,681358,2.57
2018-03-12,2.73,2.8,2.69,2.7,306408,2.7
2018-03-09,2.68,2.71,2.63,2.69,289119,2.69
2018-03-08,2.8,2.83,2.59,2.66,478598,2.66
2018-03-07,2.84,2.92,2.78,2.79,427338,2.79
2018-03-06,2.7,2.89,2.67,2.85,766863,2.85
2018-03-05,2.67,2.77,2.66,2.7,334576,2.7
2018-03-02,2.71,2.78,2.63,2.68,292072,2.68
2018-03-01,2.78,2.81,2.67,2.71,241233,2.71
2018-02-28,2.96,2.96,2.79,2.8,424875,2.8
2018-02-27,3.01,3.03,2.94,2.96,249201,2.96
2018-02-26,3.03,3.06,2.92,3,229347,3
2018-02-23,3.05,3.05,2.95,3,226421,3
2018-02-22,3.05,3.09,3,3.02,154278,3.02
2018-02-21,3.03,3.12,3.01,3.03,217120,3.03
2018-02-20,3.11,3.18,3.01,3.04,1090839,3.04
2018-02-16,3.08,3.16,3.01,3.14,1295237,3.14
2018-02-15,3.1,3.21,3.09,3.13,317480,3.13
2018-02-14,2.98,3.19,2.95,3.08,442059,3.08
2018-02-13,2.98,3.07,2.96,3.01,638186,3.01
2018-02-12,2.95,3.03,2.93,3,524064,3
2018-02-09,3.04,3.04,2.85,2.94,300658,2.94
2018-02-08,3.08,3.13,2.98,3,406149,3
2018-02-07,3.02,3.095,2.96,3.06,239740,3.06
2018-02-06,2.8,3.08,2.7726,3.02,376403,3.02
2018-02-05,2.85,2.985,2.8,2.85,819838,2.85
2018-02-02,2.98,3,2.75,2.89,752138,2.89
2018-02-01,3.05,3.05,2.95,3,582283,3
2018-01-31,3.19,3.2,3.04,3.05,516035,3.05
2018-01-30,3.14,3.21,3.03,3.18,552602,3.18
2018-01-29,3.3,3.335,3.17,3.18,362494,3.18
2018-01-26,3.29,3.33,3.24,3.31,341177,3.31
2018-01-25,3.31,3.38,3.22,3.28,382507,3.28
2018-01-24,3.34,3.44,3.29,3.29,299378,3.29
2018-01-23,3.39,3.44,3.29,3.3,454886,3.3
2018-01-22,3.49,3.51,3.35,3.4,261193,3.4
2018-01-19,3.52,3.53,3.45,3.48,575711,3.48
2018-01-18,3.72,3.72,3.44,3.53,834906,3.53
2018-01-17,3.43,3.83,3.28,3.71,1236108,3.71
2018-01-16,3.58,3.64,3.33,3.4,1141444,3.4
2018-01-12,3.79,3.8114,3.51,3.58,934739,3.58
2018-01-11,3.79,3.89,3.74,3.77,312927,3.77
2018-01-10,3.8,3.84,3.72,3.8,306242,3.8
2018-01-09,3.85,3.97,3.8,3.81,278303,3.81
2018-01-08,3.87,3.87,3.72,3.85,232798,3.85
2018-01-05,4.1,4.14,3.81,3.87,454922,3.87
2018-01-04,3.94,4.11,3.94,4.05,645252,4.05
2018-01-03,3.84,3.96,3.74,3.91,417025,3.91
2018-01-02,3.67,3.85,3.62,3.85,366316,3.85
2017-12-29,3.56,3.75,3.55,3.63,404417,3.63
2017-12-28,3.62,3.67,3.52,3.59,439730,3.59
2017-12-27,3.72,3.83,3.56,3.6,385340,3.6
2017-12-26,3.66,3.74,3.61,3.73,368276,3.73
2017-12-22,3.58,3.78,3.47,3.68,437647,3.68
2017-12-21,3.7,3.75,3.58,3.61,245122,3.61
2017-12-20,3.76,3.84,3.69,3.7,278949,3.7
2017-12-19,3.79,3.88,3.75,3.75,352772,3.75
2017-12-18,3.92,3.98,3.79,3.81,295830,3.81
2017-12-15,3.85,3.995,3.81,3.92,610998,3.92
2017-12-14,3.89,4.05,3.79,3.85,468334,3.85
2017-12-13,3.9,3.93,3.73,3.89,461792,3.89
2017-12-12,4.07,4.17,3.93,3.94,497821,3.94
2017-12-11,3.8,4.0701,3.5,4.07,889693,4.07
2017-12-08,3.73,3.85,3.71,3.82,590500,3.82
2017-12-07,3.7,3.81,3.67,3.75,223827,3.75
2017-12-06,3.78,3.79,3.63,3.71,321053,3.71
2017-12-05,3.71,3.87,3.69,3.77,339974,3.77
2017-12-04,4.03,4.09,3.71,3.73,450254,3.73
2017-12-01,4.05,4.09,3.77,3.98,741984,3.98
2017-11-30,3.79,4.08,3.66,4.02,999347,4.02
2017-11-29,3.75,3.77,3.65,3.76,575164,3.76
2017-11-28,3.71,3.75,3.52,3.73,705335,3.73
2017-11-27,3.9,3.935,3.53,3.7,764914,3.7
2017-11-24,3.76,3.91,3.74,3.85,392133,3.85
2017-11-22,3.33,3.81,3.33,3.66,1234928,3.66
2017-11-21,3.44,3.4986,3.29,3.32,621111,3.32
2017-11-20,3.6,3.64,3.34,3.38,848613,3.38
2017-11-17,3.52,3.64,3.51,3.59,386905,3.59
2017-11-16,3.39,3.54,3.34,3.51,838157,3.51
2017-11-15,3.48,3.5,3.29,3.36,1000026,3.36
2017-11-14,3.53,3.7,3.445,3.51,1091082,3.51
2017-11-13,3.71,3.71,3.38,3.48,1368748,3.48
2017-11-10,3.36,3.9,3.33,3.74,2750255,3.74
2017-11-09,2.98,3.215,2.95,3.12,1551396,3.12
2017-11-08,3.09,3.44,2.88,2.97,2177620,2.97
2017-11-07,3.1,3.35,2.82,2.96,8354551,2.96
2017-11-06,5.19,5.36,4.99,5.25,726140,5.25
2017-11-03,5.39,5.435,5.135,5.17,513214,5.17
2017-11-02,5.54,5.58,5.29,5.4,479122,5.4
2017-11-01,5.73,5.9,5.52,5.53,217267,5.53
2017-10-31,5.87,5.97,5.56,5.68,456783,5.68
2017-10-30,5.87,5.95,5.72,5.81,394999,5.81
2017-10-27,6,6.09,5.9086,5.93,226792,5.93
2017-10-26,6.02,6.16,5.9,6.01,298270,6.01
2017-10-25,6.1,6.1,5.931,6,432745,6
2017-10-24,6.28,6.365,6.14,6.14,161020,6.14
2017-10-23,6.43,6.47,6.2,6.24,335921,6.24
2017-10-20,6.6,6.68,6.44,6.46,151197,6.46
2017-10-19,6.4,6.62,6.4,6.53,310558,6.53
2017-10-18,6.53,6.56,6.42,6.45,324599,6.45
2017-10-17,6.66,6.71,6.45,6.46,493502,6.46
2017-10-16,6.79,7.08,6.64,6.69,238838,6.69
2017-10-13,6.86,6.8606,6.76,6.78,113051,6.78
2017-10-12,7.01,7.01,6.82,6.88,151819,6.88
2017-10-11,6.96,7.08,6.95,7.01,151733,7.01
2017-10-10,7,7.02,6.92,7,176647,7
2017-10-09,7.07,7.23,6.99,7.01,215458,7.01
2017-10-06,7.07,7.2274,7.07,7.1,150278,7.1
2017-10-05,7.06,7.22,7.03,7.12,203453,7.12
2017-10-04,7.17,7.34,7.08,7.1,272629,7.1
2017-10-03,7.26,7.26,6.94,7.18,450949,7.18
2017-10-02,6.76,7.29,6.76,7.27,919946,7.27
2017-09-29,6.89,6.89,6.69,6.71,319646,6.71
2017-09-28,6.92,6.94,6.77,6.86,222044,6.86
2017-09-27,6.73,7.0225,6.67,6.89,395471,6.89
2017-09-26,6.84,6.88,6.66,6.67,194234,6.67
2017-09-25,6.82,6.95,6.74,6.86,278960,6.86
2017-09-22,6.8,6.91,6.66,6.86,293413,6.86
2017-09-21,6.75,6.92,6.69,6.76,190301,6.76
2017-09-20,6.7,6.78,6.56,6.73,342626,6.73
2017-09-19,7.04,7.06,6.62,6.65,764279,6.65
2017-09-18,7.15,7.21,6.87,6.9,367732,6.9
2017-09-15,6.82,7.22,6.72,7.19,1079949,7.19
2017-09-14,6.84,6.87,6.72,6.8,450874,6.8
2017-09-13,6.85,6.89,6.7,6.86,325662,6.86
2017-09-12,6.88,6.98,6.79,6.86,244722,6.86
2017-09-11,6.9,6.98,6.75,6.82,184769,6.82
2017-09-08,6.83,6.89,6.7,6.83,352490,6.83
2017-09-07,6.86,6.9,6.72,6.85,234236,6.85
2017-09-06,6.8,6.87,6.67,6.83,479450,6.83
2017-09-05,6.8,6.84,6.665,6.78,336414,6.78
2017-09-01,6.91,6.94,6.75,6.82,320112,6.82
2017-08-31,6.71,7.005,6.71,6.91,490388,6.91
2017-08-30,6.58,6.78,6.52,6.7,404853,6.7
2017-08-29,6.6,6.64,6.53,6.62,352016,6.62
2017-08-28,6.53,6.74,6.47,6.64,498197,6.64
2017-08-25,6.5,6.54,6.4,6.48,359574,6.48
2017-08-24,6.41,6.52,6.33,6.48,259705,6.48
2017-08-23,6.47,6.47,6.22,6.38,476873,6.38
2017-08-22,6.09,6.51,6.09,6.49,577880,6.49
2017-08-21,6.11,6.17,6.04,6.1,433457,6.1
2017-08-18,6.14,6.25,5.97,6.15,504648,6.15
2017-08-17,6.3,6.41,6.17,6.18,438009,6.18
2017-08-16,6.28,6.51,6.23,6.32,302674,6.32
2017-08-15,6.46,6.55,6.16,6.27,365996,6.27
2017-08-14,6.45,6.64,6.45,6.5,378935,6.5
2017-08-11,6.61,6.7,6.325,6.42,673952,6.42
2017-08-10,6.76,6.79,6.6,6.635,508410,6.635
2017-08-09,6.01,6.82,6,6.77,1059883,6.77
2017-08-08,7.16,7.28,6.94,7.02,559715,7.02
2017-08-07,7.08,7.21,7.03,7.16,461767,7.16
2017-08-04,7.03,7.17,6.93,7.09,434320,7.09
2017-08-03,7.4,7.46,6.99,7.05,838839,7.05
2017-08-02,7.6,7.6,7.395,7.43,316310,7.43
2017-08-01,7.9,7.94,7.48,7.6,616142,7.6
2017-07-31,7.89,8,7.68,7.88,685490,7.88
2017-07-28,7.91,7.95,7.68,7.69,512745,7.69
2017-07-27,8.19,8.3,7.69,7.87,465059,7.87
2017-07-26,8.41,8.51,8.13,8.14,743822,8.14
2017-07-25,8.44,8.67,8.33,8.39,531778,8.39
2017-07-24,8.43,8.49,8.2,8.39,328833,8.39
2017-07-21,8.8,8.8,8.26,8.435,352746,8.435
2017-07-20,8.41,8.68,8.34,8.5,264707,8.5
2017-07-19,8.64,8.77,8.36,8.4,306977,8.4
2017-07-18,8.93,8.95,8.52,8.56,208898,8.56
2017-07-17,8.99,9.27,8.87,8.87,639313,8.87
2017-07-14,8.84,9.01,8.77,8.94,198727,8.94
2017-07-13,8.82,8.89,8.69,8.84,132806,8.84
2017-07-12,8.95,9.015,8.85,8.89,148836,8.89
2017-07-11,8.81,9.05,8.81,8.88,184585,8.88
2017-07-10,8.9,8.96,8.811,8.86,165914,8.86
2017-07-07,8.91,8.99,8.86,8.98,120956,8.98
2017-07-06,8.92,9.045,8.76,8.82,250010,8.82
2017-07-05,9.15,9.22,8.9803,9,415374,9
2017-07-03,9.16,9.23,9.081,9.15,100131,9.15
2017-06-30,9.26,9.35,9.14,9.15,147796,9.15
2017-06-29,9.26,9.34,9.1,9.24,428197,9.24
2017-06-28,9.25,9.3,9.13,9.3,235393,9.3
2017-06-27,9.25,9.36,9.22,9.23,326089,9.23
2017-06-26,9.4,9.41,9.06,9.28,300693,9.28
2017-06-23,9.31,9.43,9.09,9.41,865717,9.41
2017-06-22,9.31,9.54,9.18,9.25,438764,9.25
2017-06-21,8.87,9.27,8.84,9.26,646016,9.26
2017-06-20,8.83,9.1,8.74,8.8,385531,8.8
2017-06-19,8.71,8.9,8.68,8.81,182474,8.81
2017-06-16,8.54,8.72,8.51,8.63,238433,8.63
2017-06-15,8.6,8.72,8.45,8.64,185649,8.64
2017-06-14,8.64,8.76,8.57,8.66,140678,8.66
2017-06-13,8.63,8.67,8.51,8.61,429862,8.61
2017-06-12,8.84,8.92,8.5598,8.63,209745,8.63
2017-06-09,8.87,8.98,8.8,8.85,267783,8.85
2017-06-08,8.9,8.99,8.81,8.86,305157,8.86
2017-06-07,8.85,9.05,8.715,8.88,307098,8.88
2017-06-06,8.6,8.91,8.51,8.86,635422,8.86
2017-06-05,8.7,8.71,8.36,8.63,318124,8.63
2017-06-02,8.5,8.74,8.5,8.66,358018,8.66
2017-06-01,8.29,8.56,8.28,8.47,239184,8.47
2017-05-31,8.26,8.32,8.1,8.28,192120,8.28
2017-05-30,8.62,8.62,8.27,8.29,192384,8.29
2017-05-26,8.61,8.73,8.56,8.62,144366,8.62
2017-05-25,8.69,8.71,8.56,8.62,144868,8.62
2017-05-24,8.69,8.76,8.53,8.64,208319,8.64
2017-05-23,8.74,8.74,8.61,8.67,128923,8.67
2017-05-22,8.71,8.78,8.62,8.7,174654,8.7
2017-05-19,8.69,8.75,8.64,8.69,237977,8.69
2017-05-18,8.77,8.95,8.65,8.68,620669,8.68
2017-05-17,8.77,8.89,8.68,8.85,268251,8.85
2017-05-16,9,9.205,8.8,8.95,534789,8.95
2017-05-15,8.97,9.15,8.83,9.03,674797,9.03
2017-05-12,8.85,9.01,8.76,8.87,265800,8.87
2017-05-11,8.81,8.92,8.68,8.86,146200,8.86
2017-05-10,8.85,9.12,8.67,8.86,579300,8.86
2017-05-09,8.52,8.93,8.49,8.85,1046100,8.85
2017-05-08,8.24,8.70,8.17,8.55,677500,8.55
2017-05-05,8.28,8.37,8.13,8.25,335300,8.25
2017-05-04,8.50,8.58,8.07,8.26,298100,8.26
2017-05-03,8.25,8.72,8.22,8.47,811400,8.47
2017-05-02,8.22,8.22,8.00,8.13,274400,8.13
2017-05-01,7.95,8.19,7.95,8.16,335800,8.16
2017-04-28,7.95,7.95,7.81,7.89,173400,7.89
2017-04-27,8.07,8.12,7.95,7.97,235800,7.97
2017-04-26,8.15,8.20,8.00,8.07,293300,8.07
2017-04-25,8.00,8.15,7.94,8.15,307500,8.15
2017-04-24,7.98,8.15,7.89,7.99,301900,7.99
2017-04-21,8.00,8.23,7.86,7.89,178500,7.89
2017-04-20,7.89,8.08,7.87,7.99,146500,7.99
2017-04-19,7.84,7.94,7.82,7.85,143100,7.85
2017-04-18,7.86,7.94,7.65,7.84,225900,7.84
2017-04-17,7.94,8.01,7.85,7.92,95300,7.92
2017-04-13,7.96,8.12,7.82,7.92,193500,7.92
2017-04-12,8.06,8.11,7.94,7.99,117000,7.99
2017-04-11,8.02,8.23,7.98,8.05,228500,8.05
2017-04-10,8.00,8.27,7.94,7.97,317500,7.97
2017-04-07,7.91,8.02,7.84,8.00,403300,8.00
2017-04-06,7.79,7.93,7.69,7.91,286900,7.91
2017-04-05,7.93,7.96,7.77,7.77,306200,7.77
2017-04-04,7.74,7.98,7.74,7.89,290900,7.89
2017-04-03,7.81,7.85,7.60,7.74,332200,7.74
2017-03-31,7.93,7.96,7.75,7.81,313200,7.81
2017-03-30,8.08,8.30,7.90,7.92,429800,7.92
2017-03-29,7.92,8.11,7.92,8.04,545400,8.04
2017-03-28,7.69,7.99,7.69,7.97,659500,7.97
2017-03-27,7.18,7.70,7.17,7.68,416300,7.68
2017-03-24,7.34,7.36,7.19,7.25,240500,7.25
2017-03-23,7.18,7.48,7.17,7.29,552800,7.29
2017-03-22,7.32,7.43,7.24,7.28,296200,7.28
2017-03-21,7.76,7.76,7.35,7.36,275600,7.36
2017-03-20,7.57,7.75,7.46,7.73,285500,7.73
2017-03-17,7.56,7.63,7.44,7.57,345900,7.57
2017-03-16,7.71,7.75,7.42,7.60,314300,7.60
2017-03-15,7.40,7.74,7.27,7.71,428800,7.71
2017-03-14,7.60,7.60,7.36,7.38,396500,7.38
2017-03-13,7.31,7.60,7.24,7.59,310700,7.59
2017-03-10,7.20,7.33,7.03,7.27,450500,7.27
2017-03-09,7.10,7.25,7.10,7.14,310900,7.14
2017-03-08,7.06,7.60,6.89,7.12,1039000,7.12
2017-03-07,6.67,6.74,6.46,6.55,321100,6.55
2017-03-06,7.02,7.02,6.60,6.65,389500,6.65
2017-03-03,7.15,7.15,6.75,6.85,455400,6.85
2017-03-02,7.13,7.24,7.06,7.09,205600,7.09
2017-03-01,7.31,7.32,7.12,7.13,276000,7.13
2017-02-28,7.44,7.50,7.14,7.15,198700,7.15
2017-02-27,7.42,7.58,7.35,7.49,320400,7.49
2017-02-24,7.18,7.46,7.18,7.41,197400,7.41
2017-02-23,7.30,7.38,7.11,7.27,160300,7.27
2017-02-22,7.37,7.43,7.06,7.23,226500,7.23
2017-02-21,7.57,7.64,7.34,7.40,147600,7.40
2017-02-17,7.44,7.57,7.28,7.57,210000,7.57
2017-02-16,7.57,7.60,7.27,7.44,133100,7.44
2017-02-15,7.35,7.58,7.34,7.53,495500,7.53
2017-02-14,7.19,7.35,7.16,7.34,222400,7.34
2017-02-13,7.16,7.26,7.13,7.23,147300,7.23
2017-02-10,7.09,7.22,7.05,7.13,124600,7.13
2017-02-09,7.11,7.24,7.06,7.08,212700,7.08
2017-02-08,7.03,7.07,6.92,7.05,125100,7.05
2017-02-07,7.10,7.15,6.94,6.97,113100,6.97
2017-02-06,7.03,7.13,7.02,7.10,185700,7.10
2017-02-03,6.98,7.13,6.92,7.09,136900,7.09
2017-02-02,7.05,7.11,6.93,6.93,124500,6.93
2017-02-01,7.06,7.15,6.99,7.05,161100,7.05
2017-01-31,6.77,7.01,6.62,7.00,264400,7.00
2017-01-30,7.00,7.00,6.75,6.80,179900,6.80
2017-01-27,7.18,7.18,6.96,7.01,206200,7.01
2017-01-26,7.29,7.34,7.08,7.12,224300,7.12
2017-01-25,7.04,7.34,7.00,7.30,235500,7.30
2017-01-24,7.00,7.10,6.88,6.99,168800,6.99
2017-01-23,6.77,7.00,6.75,7.00,295900,7.00
2017-01-20,6.63,6.83,6.62,6.80,303500,6.80
2017-01-19,6.75,6.76,6.60,6.63,707200,6.63
2017-01-18,6.88,6.90,6.69,6.78,199400,6.78
2017-01-17,6.90,6.93,6.70,6.88,823500,6.88
2017-01-13,6.85,7.01,6.80,6.93,472500,6.93
2017-01-12,6.95,7.09,6.77,6.82,467400,6.82
2017-01-11,7.00,7.12,6.71,7.00,362900,7.00
2017-01-10,6.94,7.02,6.89,7.02,122600,7.02
2017-01-09,6.91,7.06,6.82,6.91,175300,6.91
2017-01-06,7.09,7.16,6.85,6.90,215600,6.90
2017-01-05,7.22,7.25,7.06,7.11,134500,7.11
2017-01-04,7.07,7.27,7.07,7.22,324700,7.22
2017-01-03,7.10,7.14,6.74,7.05,375600,7.05
2016-12-30,6.43,6.70,6.41,6.61,255700,6.61
2016-12-29,6.30,6.44,6.17,6.39,308000,6.39
2016-12-28,6.52,6.54,6.26,6.29,169300,6.29
2016-12-27,6.77,6.89,6.45,6.52,242100,6.52
2016-12-23,6.37,6.75,6.37,6.73,209200,6.73
2016-12-22,6.48,6.60,6.32,6.39,170900,6.39
2016-12-21,6.48,6.63,6.38,6.47,295900,6.47
2016-12-20,6.76,6.79,6.42,6.45,455500,6.45
2016-12-19,6.62,6.76,6.59,6.65,383800,6.65
2016-12-16,6.63,6.94,6.57,6.60,494500,6.60
2016-12-15,6.85,6.99,6.63,6.66,304400,6.66
2016-12-14,7.01,7.11,6.80,6.83,229900,6.83
2016-12-13,7.05,7.13,6.92,7.01,304900,7.01
2016-12-12,7.21,7.25,6.96,6.98,53400,6.98
2016-12-09,7.21,7.35,7.01,7.24,200800,7.24
2016-12-08,7.15,7.20,7.01,7.14,191200,7.14
2016-12-07,7.21,7.32,7.01,7.07,166700,7.07
2016-12-06,7.20,7.35,7.09,7.28,166300,7.28
2016-12-05,7.34,7.43,7.15,7.20,220000,7.20
2016-12-02,6.93,7.42,6.82,7.22,243900,7.22
2016-12-01,7.20,7.37,6.86,6.91,211900,6.91
2016-11-30,7.39,7.47,7.11,7.19,196200,7.19
2016-11-29,7.37,7.45,7.20,7.22,198600,7.22
2016-11-28,7.50,7.52,7.33,7.36,131200,7.36
2016-11-25,7.50,7.54,7.26,7.51,50900,7.51
2016-11-23,7.16,7.49,7.08,7.45,162400,7.45
2016-11-22,7.47,7.47,7.11,7.25,255000,7.25
2016-11-21,7.36,7.49,7.26,7.46,130400,7.46
2016-11-18,7.50,7.60,7.27,7.34,161400,7.34
2016-11-17,7.35,7.55,7.32,7.49,179400,7.49
2016-11-16,7.44,7.59,7.21,7.36,158900,7.36
2016-11-15,7.58,7.67,7.37,7.50,273200,7.50
2016-11-14,7.58,7.79,7.43,7.73,406700,7.73
2016-11-11,7.12,7.62,7.01,7.57,562800,7.57
2016-11-10,6.88,7.17,6.77,7.11,450800,7.11
2016-11-09,6.20,6.87,6.20,6.81,575700,6.81
2016-11-08,6.22,6.23,6.00,6.14,242800,6.14
2016-11-07,6.20,6.34,6.05,6.26,386300,6.26
2016-11-04,6.08,6.24,5.94,6.06,373600,6.06
2016-11-03,6.36,6.40,5.75,5.80,731300,5.80
2016-11-02,6.48,6.61,6.32,6.33,251500,6.33
2016-11-01,6.51,6.66,6.27,6.50,458500,6.50
2016-10-31,6.79,6.79,6.50,6.51,387000,6.51
2016-10-28,6.88,6.94,6.12,6.80,679500,6.80
2016-10-27,6.90,6.93,6.81,6.90,261500,6.90
2016-10-26,7.09,7.13,6.83,6.87,172000,6.87
2016-10-25,7.32,7.36,7.09,7.11,194600,7.11
2016-10-24,7.28,7.40,7.25,7.31,111700,7.31
2016-10-21,7.27,7.50,7.22,7.38,121500,7.38
2016-10-20,7.18,7.38,7.17,7.29,117500,7.29
2016-10-19,7.24,7.32,7.17,7.18,105300,7.18
2016-10-18,7.19,7.25,7.07,7.23,212400,7.23
2016-10-17,7.20,7.26,7.00,7.08,217300,7.08
2016-10-14,7.28,7.41,6.95,7.15,565000,7.15
2016-10-13,7.44,7.58,7.20,7.23,197400,7.23
2016-10-12,7.75,7.78,7.46,7.51,175300,7.51
2016-10-11,7.84,7.90,7.60,7.76,179700,7.76
2016-10-10,7.73,7.99,7.61,7.92,208600,7.92
2016-10-07,7.57,7.71,7.49,7.68,97300,7.68
2016-10-06,7.58,7.64,7.44,7.57,145100,7.57
2016-10-05,7.60,7.84,7.55,7.62,405100,7.62
2016-10-04,7.65,7.75,7.47,7.54,101400,7.54
2016-10-03,7.57,7.74,7.45,7.65,111100,7.65
2016-09-30,7.26,7.71,7.26,7.60,335200,7.60
2016-09-29,7.52,7.67,7.00,7.25,378400,7.25
2016-09-28,7.59,7.64,7.42,7.57,126700,7.57
2016-09-27,7.64,7.66,7.50,7.62,136000,7.62
2016-09-26,7.72,7.74,7.58,7.58,165500,7.58
2016-09-23,7.80,7.92,7.73,7.75,144600,7.75
2016-09-22,7.82,7.94,7.72,7.83,195800,7.83
2016-09-21,7.76,7.85,7.52,7.82,217800,7.82
2016-09-20,7.85,7.90,7.71,7.75,129300,7.75
2016-09-19,8.03,8.06,7.76,7.78,138600,7.78
2016-09-16,7.96,8.09,7.83,8.02,487800,8.02
2016-09-15,7.76,7.97,7.66,7.93,144400,7.93
2016-09-14,7.64,7.88,7.62,7.77,154300,7.77
2016-09-13,7.71,7.72,7.50,7.65,125700,7.65
2016-09-12,7.43,7.77,7.43,7.76,134100,7.76
2016-09-09,7.81,7.95,7.49,7.51,168200,7.51
2016-09-08,7.91,7.92,7.71,7.90,143400,7.90
2016-09-07,7.58,7.92,7.58,7.92,179300,7.92
2016-09-06,7.47,7.70,7.47,7.55,92200,7.55
2016-09-02,7.54,7.58,7.40,7.45,141600,7.45
2016-09-01,7.41,7.52,7.35,7.50,130300,7.50
2016-08-31,7.65,7.65,7.31,7.42,180700,7.42
2016-08-30,7.72,7.74,7.62,7.63,121900,7.63
2016-08-29,7.77,7.77,7.60,7.72,640000,7.72
2016-08-26,7.80,7.92,7.71,7.80,180800,7.80
2016-08-25,7.63,7.86,7.58,7.80,517700,7.80
2016-08-24,8.05,8.19,7.61,7.63,304200,7.63
2016-08-23,8.01,8.20,7.96,8.03,165200,8.03
2016-08-22,8.00,8.23,7.82,8.01,274100,8.01
2016-08-19,7.87,7.99,7.82,7.98,108900,7.98
2016-08-18,7.93,8.04,7.83,7.91,130700,7.91
2016-08-17,8.28,8.28,7.96,7.97,159500,7.97
2016-08-16,8.16,8.36,8.12,8.31,245000,8.31
2016-08-15,8.09,8.24,7.91,8.22,342200,8.22
2016-08-12,8.20,8.20,7.99,8.09,128000,8.09
2016-08-11,8.29,8.34,8.16,8.19,190700,8.19
2016-08-10,8.32,8.44,8.14,8.29,188800,8.29
2016-08-09,8.27,8.43,8.18,8.35,193600,8.35
2016-08-08,8.31,8.35,8.17,8.23,117000,8.23
2016-08-05,8.34,8.46,8.26,8.32,233600,8.32
2016-08-04,8.26,8.55,8.26,8.35,233400,8.35
2016-08-03,8.26,8.27,8.14,8.25,329400,8.25
2016-08-02,8.30,8.30,8.08,8.23,319100,8.23
2016-08-01,8.15,8.36,8.15,8.29,314500,8.29
2016-07-29,8.44,8.66,8.09,8.12,623700,8.12
2016-07-28,8.21,8.33,7.83,7.92,373400,7.92
2016-07-27,8.26,8.39,8.06,8.27,366800,8.27
2016-07-26,8.39,8.45,8.18,8.24,264200,8.24
2016-07-25,8.31,8.48,8.27,8.43,558300,8.43
2016-07-22,8.33,8.46,8.23,8.34,177900,8.34
2016-07-21,8.42,8.49,8.26,8.32,398000,8.32
2016-07-20,8.13,8.43,8.03,8.39,230200,8.39
2016-07-19,8.19,8.25,8.07,8.08,143800,8.08
2016-07-18,8.13,8.35,8.12,8.22,177500,8.22
2016-07-15,8.37,8.37,8.02,8.13,380100,8.13
2016-07-14,8.21,8.33,8.03,8.29,265600,8.29
2016-07-13,8.45,8.45,8.07,8.12,339000,8.12
2016-07-12,8.37,8.48,8.30,8.38,467500,8.38
2016-07-11,8.15,8.37,8.00,8.33,423400,8.33
2016-07-08,7.77,8.12,7.75,8.07,527300,8.07
2016-07-07,7.47,7.72,7.46,7.69,259800,7.69
2016-07-06,7.33,7.65,7.28,7.49,695200,7.49
2016-07-05,7.30,7.47,7.22,7.36,219800,7.36
2016-07-01,7.18,7.45,6.96,7.44,339200,7.44
2016-06-30,7.15,7.19,6.94,7.14,285600,7.14
2016-06-29,7.28,7.39,6.96,7.12,749400,7.12
2016-06-28,6.71,7.32,6.70,7.15,1045200,7.15
2016-06-27,6.70,6.74,6.39,6.62,256200,6.62
2016-06-24,6.38,6.82,6.35,6.74,429200,6.74
2016-06-23,6.59,6.72,6.45,6.64,470700,6.64
2016-06-22,6.11,6.30,5.89,6.07,209200,6.07
2016-06-21,6.26,6.40,6.05,6.13,230100,6.13
2016-06-20,6.23,6.44,6.10,6.26,198100,6.26
2016-06-17,6.56,6.74,6.16,6.17,329100,6.17
2016-06-16,6.38,6.56,6.31,6.54,218000,6.54
2016-06-15,6.49,6.66,6.36,6.46,165100,6.46
2016-06-14,6.30,6.45,6.17,6.43,229600,6.43
2016-06-13,6.25,6.46,6.21,6.33,112300,6.33
2016-06-10,6.36,6.59,6.28,6.31,207800,6.31
2016-06-09,6.60,6.74,6.40,6.46,318700,6.46
2016-06-08,6.38,6.67,6.16,6.62,207600,6.62
2016-06-07,6.75,6.75,6.32,6.38,186900,6.38
2016-06-06,6.25,6.56,6.13,6.55,216300,6.55
2016-06-03,6.44,6.45,6.13,6.21,144200,6.21
2016-06-02,6.35,6.54,6.22,6.48,282700,6.48
2016-06-01,5.99,6.32,5.99,6.28,266500,6.28
2016-05-31,5.86,6.06,5.80,5.99,217500,5.99
2016-05-27,5.86,5.91,5.69,5.80,182100,5.80
2016-05-26,5.89,5.89,5.70,5.83,125800,5.83
2016-05-25,5.87,5.89,5.74,5.86,157900,5.86
2016-05-24,5.64,5.91,5.58,5.85,271400,5.85
2016-05-23,5.58,5.74,5.55,5.61,140600,5.61
2016-05-20,5.33,5.61,5.21,5.61,155500,5.61
2016-05-19,5.33,5.40,5.21,5.28,141800,5.28
2016-05-18,5.22,5.42,5.20,5.35,561100,5.35
2016-05-17,5.34,5.40,5.15,5.22,446600,5.22
2016-05-16,5.20,5.50,5.16,5.32,577700,5.32
2016-05-13,5.11,5.32,5.09,5.15,176100,5.15
2016-05-12,5.45,5.45,5.04,5.10,195600,5.10
2016-05-11,5.45,5.50,5.37,5.40,170400,5.40
2016-05-10,5.43,5.52,5.30,5.49,142500,5.49
2016-05-09,5.27,5.52,5.24,5.40,161600,5.40
2016-05-06,5.54,5.57,5.26,5.28,263000,5.28
2016-05-05,5.70,5.70,5.48,5.59,176100,5.59
2016-05-04,5.81,5.87,5.52,5.68,292800,5.68
2016-05-03,5.80,5.99,5.70,5.90,262200,5.90
2016-05-02,5.53,5.91,5.44,5.87,754900,5.87
2016-04-29,5.58,6.19,5.41,5.52,1299400,5.52
2016-04-28,5.15,5.26,5.01,5.07,337900,5.07
2016-04-27,5.35,5.53,5.12,5.15,473100,5.15
2016-04-26,5.66,5.66,5.32,5.38,397500,5.38
2016-04-25,5.76,5.76,5.52,5.64,236100,5.64
2016-04-22,5.76,5.94,5.75,5.80,264200,5.80
2016-04-21,5.54,5.78,5.54,5.77,345700,5.77
2016-04-20,5.43,5.60,5.41,5.53,123200,5.53
2016-04-19,5.64,5.69,5.43,5.44,166000,5.44
2016-04-18,5.63,5.64,5.51,5.59,204100,5.59
2016-04-15,5.35,5.73,5.35,5.65,334500,5.65
2016-04-14,5.33,5.45,5.25,5.39,191700,5.39
2016-04-13,5.14,5.35,5.08,5.30,363400,5.30
2016-04-12,5.15,5.26,5.00,5.12,157400,5.12
2016-04-11,5.20,5.30,5.09,5.18,151400,5.18
2016-04-08,5.37,5.37,5.16,5.17,150300,5.17
2016-04-07,5.37,5.56,5.31,5.34,282500,5.34
2016-04-06,5.07,5.47,5.05,5.36,386800,5.36
2016-04-05,5.19,5.21,5.01,5.06,302600,5.06
2016-04-04,5.03,5.35,5.03,5.23,381300,5.23
2016-04-01,4.85,5.08,4.79,5.05,321800,5.05
2016-03-31,4.64,5.00,4.63,4.90,627700,4.90
2016-03-30,4.80,4.88,4.64,4.66,316200,4.66
2016-03-29,4.75,4.75,4.63,4.72,516100,4.72
2016-03-28,4.79,4.82,4.60,4.80,483200,4.80
2016-03-24,4.75,4.91,4.70,4.80,218300,4.80
2016-03-23,4.99,5.08,4.76,4.80,359500,4.80
2016-03-22,4.80,5.07,4.79,5.04,359700,5.04
2016-03-21,4.80,4.93,4.67,4.86,435900,4.86
2016-03-18,4.66,4.69,4.46,4.60,614500,4.60
2016-03-17,4.81,4.91,4.50,4.62,575200,4.62
2016-03-16,5.05,5.12,4.78,4.80,526200,4.80
2016-03-15,5.28,5.29,4.91,5.09,593200,5.09
2016-03-14,5.00,5.42,5.00,5.37,562800,5.37
2016-03-11,4.93,4.99,4.53,4.92,805400,4.92
2016-03-10,5.55,5.60,4.85,4.90,1714800,4.90
2016-03-09,5.72,5.75,5.40,5.62,362000,5.62
2016-03-08,6.05,6.07,5.66,5.70,366600,5.70
2016-03-07,6.06,6.28,6.01,6.10,326000,6.10
2016-03-04,6.05,6.15,5.96,6.06,179700,6.06
2016-03-03,6.28,6.36,5.95,6.05,300600,6.05
2016-03-02,6.12,6.40,6.02,6.31,368800,6.31
2016-03-01,5.89,6.16,5.71,6.16,370400,6.16
2016-02-29,6.20,6.27,5.81,5.85,321500,5.85
2016-02-26,6.03,6.35,6.03,6.22,269800,6.22
2016-02-25,5.91,5.94,5.71,5.90,222500,5.90
2016-02-24,5.99,6.00,5.88,5.93,203300,5.93
2016-02-23,5.98,6.08,5.92,6.00,162300,6.00
2016-02-22,6.00,6.19,5.86,5.99,173100,5.99
2016-02-19,5.99,6.20,5.89,5.98,214100,5.98
2016-02-18,6.22,6.22,5.80,6.02,366600,6.02
2016-02-17,6.22,6.34,6.09,6.23,245700,6.23
2016-02-16,6.20,6.29,6.05,6.20,248300,6.20
2016-02-12,6.09,6.13,5.82,6.12,257100,6.12
2016-02-11,5.95,6.06,5.84,5.98,206400,5.98
2016-02-10,6.08,6.32,5.96,6.07,319600,6.07
2016-02-09,6.08,6.22,5.84,5.97,307200,5.97
2016-02-08,6.67,6.69,6.06,6.17,370700,6.17
2016-02-05,7.00,7.02,6.71,6.71,466300,6.71
2016-02-04,7.00,7.18,6.90,7.07,311200,7.07
2016-02-03,7.45,7.45,6.62,7.10,218700,7.10
2016-02-02,7.35,7.62,7.19,7.38,342900,7.38
2016-02-01,7.12,7.66,7.03,7.18,197000,7.18
2016-01-29,7.33,7.40,7.01,7.18,476600,7.18
2016-01-28,7.49,7.69,7.27,7.32,492800,7.32
2016-01-27,7.46,7.51,7.23,7.44,375600,7.44
2016-01-26,7.30,7.54,7.14,7.50,261800,7.50
2016-01-25,7.26,7.52,7.16,7.29,193400,7.29
2016-01-22,7.07,7.32,6.92,7.27,228900,7.27
2016-01-21,7.05,7.16,6.75,6.95,210200,6.95
2016-01-20,6.50,7.18,6.47,7.00,294200,7.00
2016-01-19,6.57,6.82,6.49,6.60,516200,6.60
2016-01-15,6.65,6.65,6.24,6.45,420200,6.45
2016-01-14,6.57,7.13,6.29,6.85,358400,6.85
2016-01-13,6.96,6.98,6.48,6.54,301800,6.54
2016-01-12,7.05,7.35,6.57,6.89,432600,6.89
2016-01-11,7.60,7.60,6.86,7.01,446300,7.01
2016-01-08,7.88,7.94,7.36,7.37,388300,7.37
2016-01-07,8.42,8.55,7.76,7.82,401100,7.82
2016-01-06,8.52,8.79,8.45,8.53,237700,8.53
2016-01-05,8.87,8.88,8.46,8.61,155100,8.61
2016-01-04,8.75,8.88,8.48,8.81,279400,8.81
2015-12-31,8.82,9.07,8.80,8.90,363400,8.90
2015-12-30,9.18,9.18,8.66,8.78,178200,8.78
2015-12-29,8.85,9.02,8.79,9.01,286100,9.01
2015-12-28,8.68,8.86,8.61,8.84,168000,8.84
2015-12-24,8.66,8.81,8.61,8.77,100700,8.77
2015-12-23,8.14,8.61,8.00,8.58,272900,8.58
2015-12-22,8.40,8.51,7.95,8.05,290500,8.05
2015-12-21,8.50,8.76,8.35,8.37,271500,8.37
2015-12-18,8.50,8.71,8.34,8.34,1724100,8.34
2015-12-17,8.82,9.12,8.55,8.56,317100,8.56
2015-12-16,8.75,9.00,8.75,8.93,327500,8.93
2015-12-15,8.64,9.08,8.55,8.90,368400,8.90
2015-12-14,8.35,8.65,8.25,8.59,222700,8.59
2015-12-11,8.52,8.85,8.35,8.39,521600,8.39
2015-12-10,8.26,8.60,8.26,8.50,259300,8.50
2015-12-09,8.30,8.49,8.28,8.34,182700,8.34
2015-12-08,7.97,8.41,7.96,8.30,148800,8.30
2015-12-07,8.39,8.40,7.96,8.12,320900,8.12
2015-12-04,8.36,8.70,8.25,8.49,121100,8.49
2015-12-03,8.78,8.98,8.31,8.38,208700,8.38
2015-12-02,8.61,8.98,8.61,8.83,523700,8.83
2015-12-01,8.41,8.74,8.31,8.72,277500,8.72
2015-11-30,8.40,8.84,8.14,8.48,297600,8.48
2015-11-27,8.76,8.76,8.21,8.35,156100,8.35
2015-11-25,8.47,8.82,8.27,8.70,289900,8.70
2015-11-24,8.37,8.50,8.14,8.47,173300,8.47
2015-11-23,8.16,8.48,8.16,8.38,223800,8.38
2015-11-20,8.11,8.53,8.10,8.35,194600,8.35
2015-11-19,7.90,8.23,7.88,8.07,339600,8.07
2015-11-18,7.92,8.18,7.89,8.08,279700,8.08
2015-11-17,8.04,8.18,7.77,7.89,280700,7.89
2015-11-16,7.58,8.08,7.53,8.04,288200,8.04
2015-11-13,7.38,7.68,7.37,7.61,165400,7.61
2015-11-12,7.64,7.83,7.36,7.47,315500,7.47
2015-11-11,7.76,7.89,7.54,7.72,255300,7.72
2015-11-10,8.04,8.14,7.65,7.76,275200,7.76
2015-11-09,8.19,8.33,8.04,8.09,221200,8.09
2015-11-06,7.88,8.40,7.70,8.25,351400,8.25
2015-11-05,7.79,8.18,7.71,7.93,293600,7.93
2015-11-04,7.72,7.81,7.38,7.81,386400,7.81
2015-11-03,7.65,7.79,7.59,7.72,412400,7.72
2015-11-02,7.26,7.85,7.26,7.67,459500,7.67
2015-10-30,7.34,7.42,7.02,7.27,262100,7.27
2015-10-29,7.51,7.57,7.22,7.34,293300,7.34
2015-10-28,7.15,7.76,7.10,7.51,346300,7.51
2015-10-27,7.69,7.70,7.06,7.15,500400,7.15
2015-10-26,7.68,7.94,7.48,7.70,335200,7.70
