Date,Open,High,Low,Close,Volume,Adj Close
2016-11-25,63.849998,65.480003,63.689999,64.82,400400,64.82
2016-11-23,63.439999,63.849998,62.990002,63.529999,640100,63.529999
2016-11-22,63.150002,63.459999,62.709999,63.419998,543700,63.419998
2016-11-21,61.259998,62.990002,60.720001,62.84,969600,62.84
2016-11-18,62.700001,63.130001,61.419998,61.529999,834200,61.529999
2016-11-17,61.779999,63.00,61.709999,62.43,704300,62.43
2016-11-16,62.43,62.43,60.849998,61.32,995000,61.32
2016-11-15,63.529999,64.290001,61.73,62.540001,1177200,62.540001
2016-11-14,61.400002,64.120003,61.200001,63.639999,1702700,63.639999
2016-11-11,60.529999,62.220001,60.139999,61.060001,1351100,61.060001
2016-11-10,58.310001,61.740002,58.299999,61.150002,2711300,61.150002
2016-11-09,54.720001,58.700001,54.700001,58.009998,1518600,58.009998
2016-11-08,55.57,56.389999,54.98,55.93,1022400,55.93
2016-11-07,55.43,56.169998,55.299999,55.66,797300,55.66
2016-11-04,53.439999,56.200001,53.419998,54.509998,852800,54.509998
2016-11-03,55.07,55.52,53.82,54.029999,835200,54.029999
2016-11-02,53.970001,55.59,53.830002,55.02,1293800,55.02
2016-11-01,53.849998,54.580002,53.59,54.110001,1061400,54.110001
2016-10-31,54.740002,54.860001,54.040001,54.07,1180700,54.07
2016-10-28,54.869999,55.299999,53.82,54.57,1240800,54.57
2016-10-27,54.50,57.950001,53.470001,54.740002,3406500,54.740002
2016-10-26,51.240002,51.57,50.549999,51.00,1883200,51.00
2016-10-25,51.700001,52.02,50.740002,51.450001,1116500,51.450001
2016-10-24,52.560001,52.599998,51.509998,52.110001,907500,52.110001
2016-10-21,51.939999,52.040001,51.049999,51.700001,1151100,51.700001
2016-10-20,52.349998,52.470001,51.599998,52.400002,1866100,52.400002
2016-10-19,52.549999,53.709999,52.18,53.02,691600,53.02
2016-10-18,52.740002,53.32,52.16,52.599998,858400,52.599998
2016-10-17,51.869999,52.50,51.57,52.07,1319500,52.07
2016-10-14,51.32,52.099998,50.990002,52.00,1704900,52.00
2016-10-13,51.23,51.580002,50.759998,50.939999,1425100,50.939999
2016-10-12,51.830002,52.279999,51.450001,51.529999,1333400,51.529999
2016-10-11,52.369999,52.52,51.689999,51.939999,1684800,51.939999
2016-10-10,52.799999,53.639999,52.349998,52.349998,1245200,52.349998
2016-10-07,53.790001,54.18,52.34,52.799999,957200,52.799999
2016-10-06,53.540001,53.919998,53.200001,53.57,912300,53.57
2016-10-05,53.41,54.380001,53.259998,53.389999,1312000,53.389999
2016-10-04,54.52,54.740002,53.00,53.52,1360100,53.52
2016-10-03,56.919998,57.040001,54.200001,54.299999,2566000,54.299999
2016-09-30,55.50,57.18,54.240002,56.740002,2738000,56.740002
2016-09-29,56.630001,58.290001,54.50,55.240002,4733300,55.240002
2016-09-28,57.889999,58.75,56.00,57.77,14743200,57.77
2016-09-27,74.639999,75.150002,74.080002,74.449997,831200,74.449997
2016-09-26,76.07,76.32,74.43,74.50,843200,74.50
2016-09-23,77.220001,77.599998,76.440002,76.470001,818500,76.470001
2016-09-22,77.650002,78.190002,76.849998,77.639999,720200,77.639999
2016-09-21,75.839996,76.779999,75.43,76.690002,988300,76.690002
2016-09-20,76.709999,76.709999,74.980003,75.290001,615100,75.290001
2016-09-19,75.510002,77.07,75.269997,76.199997,894600,76.199997
2016-09-16,75.629997,76.230003,74.93,75.00,2299000,75.00
2016-09-15,75.190002,76.209999,74.620003,75.93,791200,75.93
2016-09-14,76.18,77.110001,75.279999,75.43,825700,75.43
2016-09-13,76.839996,77.220001,74.300003,75.540001,1507500,75.540001
2016-09-12,76.480003,78.440002,75.919998,78.019997,1149300,78.019997
2016-09-09,79.629997,79.93,76.580002,77.099998,953700,77.099998
2016-09-08,81.610001,81.75,80.150002,80.169998,661400,80.169998
2016-09-07,80.510002,82.32,80.150002,82.040001,1207900,82.040001
2016-09-06,78.379997,80.419998,76.910004,80.269997,1803600,80.269997
2016-09-02,78.639999,79.720001,78.160004,78.339996,630500,78.339996
2016-09-01,78.510002,79.00,77.620003,78.150002,612200,78.150002
2016-08-31,78.68,79.260002,77.559998,78.419998,527700,78.419998
2016-08-30,78.910004,79.279999,77.889999,78.610001,528400,78.610001
2016-08-29,78.889999,79.559998,78.139999,79.010002,581100,79.010002
2016-08-26,79.32,80.040001,78.019997,78.809998,601300,78.809998
2016-08-25,78.849998,79.379997,78.220001,78.959999,478700,78.959999
2016-08-24,80.00,80.519997,78.720001,79.019997,475500,79.019997
2016-08-23,80.040001,80.779999,79.830002,80.25,653800,80.25
2016-08-22,79.010002,79.860001,78.57,79.330002,442500,79.330002
2016-08-19,78.980003,79.860001,78.82,79.199997,471000,79.199997
2016-08-18,79.089996,79.449997,78.919998,79.220001,661300,79.220001
2016-08-17,78.889999,79.50,78.440002,79.07,800700,79.07
2016-08-16,78.989998,79.440002,78.589996,79.260002,570300,79.260002
2016-08-15,78.550003,79.830002,78.550003,79.43,611200,79.43
2016-08-12,78.529999,78.57,77.830002,78.330002,802500,78.330002
2016-08-11,78.699997,79.309998,78.330002,78.550003,646000,78.550003
2016-08-10,78.800003,79.150002,78.300003,78.589996,536600,78.589996
2016-08-09,78.580002,78.949997,77.779999,78.540001,976400,78.540001
2016-08-08,79.50,79.599998,77.18,78.760002,2842300,78.760002
2016-08-05,77.279999,78.00,76.650002,77.32,1588500,77.32
2016-08-04,76.370003,77.230003,75.790001,76.169998,1026300,76.169998
2016-08-03,75.940002,77.669998,75.870003,76.370003,1272800,76.370003
2016-08-02,76.25,76.800003,74.839996,76.239998,1359500,76.239998
2016-08-01,75.239998,77.07,74.900002,76.330002,2324200,76.330002
2016-07-29,74.269997,76.139999,73.50,75.629997,3549800,75.629997
2016-07-28,74.400002,74.940002,71.169998,74.040001,9642800,74.040001
2016-07-27,63.310001,63.529999,62.049999,63.389999,2502800,63.389999
2016-07-26,61.509998,63.02,61.349998,63.02,2290800,63.02
2016-07-25,61.00,61.48,60.150002,61.48,1525900,61.48
2016-07-22,60.23,61.669998,59.66,61.369999,1343200,61.369999
2016-07-21,59.119999,60.98,58.009998,60.130001,1549100,60.130001
2016-07-20,59.560001,60.490002,58.84,60.330002,969100,60.330002
2016-07-19,59.360001,59.849998,59.049999,59.369999,636500,59.369999
2016-07-18,59.310001,59.779999,59.00,59.52,825600,59.52
2016-07-15,58.669998,59.48,57.82,59.439999,1243900,59.439999
2016-07-14,58.650002,58.939999,58.09,58.41,1066600,58.41
2016-07-13,58.869999,59.32,57.490002,57.98,1394700,57.98
2016-07-12,57.380001,59.439999,56.849998,58.880001,1471100,58.880001
2016-07-11,56.970001,57.450001,56.48,56.939999,867100,56.939999
2016-07-08,55.439999,56.950001,55.049999,56.400002,1468000,56.400002
2016-07-07,55.029999,55.900002,54.299999,54.849998,966500,54.849998
2016-07-06,53.27,54.709999,52.970001,54.610001,1266000,54.610001
2016-07-05,54.369999,54.849998,52.669998,53.950001,1535100,53.950001
2016-07-01,55.490002,55.900002,54.25,54.98,1620300,54.98
2016-06-30,57.00,57.049999,54.73,55.32,2056800,55.32
2016-06-29,56.849998,57.57,56.419998,57.060001,1174300,57.060001
2016-06-28,54.77,56.439999,54.669998,56.009998,1523800,56.009998
2016-06-27,55.00,55.00,51.779999,53.950001,2327600,53.950001
2016-06-24,57.900002,58.130001,55.349998,55.619999,2623200,55.619999
2016-06-23,60.34,61.18,60.16,60.369999,969600,60.369999
2016-06-22,59.720001,60.369999,59.200001,59.669998,1251500,59.669998
2016-06-21,60.450001,60.66,58.919998,59.25,1448400,59.25
2016-06-20,58.810001,60.150002,58.669998,59.330002,1387700,59.330002
2016-06-17,57.049999,58.970001,56.880001,57.93,1543500,57.93
2016-06-16,58.16,58.209999,56.639999,57.360001,1092500,57.360001
2016-06-15,58.400002,59.459999,57.599998,58.139999,1179800,58.139999
2016-06-14,57.880001,58.59,56.779999,57.869999,1030100,57.869999
2016-06-13,58.619999,59.439999,57.880001,57.900002,1343100,57.900002
2016-06-10,59.439999,60.27,57.799999,59.18,4008700,59.18
2016-06-09,62.73,62.73,60.25,60.98,2438000,60.98
2016-06-08,62.549999,63.139999,62.34,62.759998,1471800,62.759998
2016-06-07,61.450001,63.25,61.27,62.740002,1166500,62.740002
2016-06-06,60.650002,61.880001,60.360001,61.330002,1155000,61.330002
2016-06-03,61.580002,61.939999,59.889999,60.610001,1524100,60.610001
2016-06-02,62.09,63.040001,61.450001,61.950001,1086900,61.950001
2016-06-01,58.07,62.009998,57.790001,61.889999,2530700,61.889999
2016-05-31,59.400002,59.810001,57.799999,58.220001,1809200,58.220001
2016-05-27,58.290001,59.59,58.23,59.549999,799200,59.549999
2016-05-26,59.16,59.16,58.169998,58.34,1237400,58.34
2016-05-25,59.029999,59.360001,58.07,58.939999,1303800,58.939999
2016-05-24,57.509998,58.970001,57.509998,58.599998,1288700,58.599998
2016-05-23,58.220001,58.59,57.200001,57.470001,1228600,57.470001
2016-05-20,57.810001,58.580002,56.959999,58.389999,2015700,58.389999
2016-05-19,56.43,58.32,56.27,57.34,1376100,57.34
2016-05-18,57.380001,58.009998,56.169998,56.740002,994400,56.740002
2016-05-17,56.75,58.330002,56.099998,57.23,1125600,57.23
2016-05-16,56.799999,57.50,56.630001,56.84,777700,56.84
2016-05-13,57.619999,58.200001,56.32,56.650002,1438100,56.650002
2016-05-12,60.130001,60.779999,56.669998,58.009998,2375700,58.009998
2016-05-11,59.490002,59.700001,58.310001,59.66,1625700,59.66
2016-05-10,58.450001,60.470001,58.389999,59.91,1209800,59.91
2016-05-09,59.00,59.77,57.91,58.630001,1282200,58.630001
2016-05-06,59.759998,60.509998,58.790001,59.25,1098200,59.25
2016-05-05,61.950001,62.580002,59.900002,60.299999,1455600,60.299999
2016-05-04,61.48,63.700001,61.07,62.41,2642900,62.41
2016-05-03,60.540001,60.73,59.139999,59.709999,1189700,59.709999
2016-05-02,60.759998,61.48,60.110001,61.18,1480500,61.18
2016-04-29,58.880001,62.119999,58.52,60.669998,2547700,60.669998
2016-04-28,56.540001,59.970001,56.27,58.48,5153000,58.48
2016-04-27,58.919998,59.619999,58.400002,58.720001,1591700,58.720001
2016-04-26,56.400002,59.009998,56.400002,58.939999,1790300,58.939999
2016-04-25,57.18,57.32,56.080002,56.470001,1442700,56.470001
2016-04-22,59.470001,59.57,56.599998,57.330002,2686200,57.330002
2016-04-21,60.50,61.810001,60.299999,60.709999,1302400,60.709999
2016-04-20,59.25,60.490002,59.150002,60.32,1305300,60.32
2016-04-19,59.299999,60.02,58.900002,59.290001,838100,59.290001
2016-04-18,58.990002,59.689999,58.540001,59.23,929800,59.23
2016-04-15,59.860001,59.860001,58.77,59.299999,1041400,59.299999
2016-04-14,60.23,60.91,59.740002,59.860001,723800,59.860001
2016-04-13,58.439999,60.369999,58.27,60.150002,936100,60.150002
2016-04-12,59.040001,59.07,57.599998,58.279999,917000,58.279999
2016-04-11,59.139999,59.93,58.759998,58.77,1279900,58.77
2016-04-08,58.889999,59.490002,58.32,58.799999,1353000,58.799999
2016-04-07,59.52,60.009998,57.25,58.060001,1700000,58.060001
2016-04-06,59.970001,60.099998,58.84,59.990002,923100,59.990002
2016-04-05,60.00,60.75,59.00,60.049999,2033100,60.049999
2016-04-04,61.509998,62.150002,60.470001,60.68,1002200,60.68
2016-04-01,60.349998,61.360001,60.00,61.220001,1036200,61.220001
2016-03-31,60.23,60.990002,60.040001,60.790001,1171600,60.790001
2016-03-30,60.299999,60.889999,60.080002,60.389999,646300,60.389999
2016-03-29,59.380001,60.330002,59.299999,60.130001,945300,60.130001
2016-03-28,57.639999,60.080002,57.43,59.439999,893700,59.439999
2016-03-24,57.619999,58.009998,56.950001,57.810001,1066900,57.810001
2016-03-23,59.470001,59.48,57.880001,57.880001,1153700,57.880001
2016-03-22,59.240002,60.099998,57.509998,59.470001,1496100,59.470001
2016-03-21,63.209999,63.209999,60.060001,60.52,1611500,60.52
2016-03-18,62.09,64.620003,62.09,63.189999,2625300,63.189999
2016-03-17,61.080002,62.75,60.360001,61.970001,1245900,61.970001
2016-03-16,58.540001,61.549999,58.540001,61.080002,1756400,61.080002
2016-03-15,58.450001,59.080002,56.34,57.91,1542500,57.91
2016-03-14,57.740002,58.709999,57.380001,58.150002,1507200,58.150002
2016-03-11,57.779999,58.240002,56.009998,57.779999,1145800,57.779999
2016-03-10,59.380001,59.380001,55.900002,57.049999,1054300,57.049999
2016-03-09,59.849998,59.950001,58.119999,58.91,685400,58.91
2016-03-08,61.73,62.970001,59.119999,59.259998,975400,59.259998
2016-03-07,61.00,63.279999,60.400002,62.57,1710000,62.57
2016-03-04,61.860001,62.490002,60.869999,61.18,1094900,61.18
2016-03-03,60.290001,61.810001,60.00,61.740002,877700,61.740002
2016-03-02,60.119999,61.049999,59.779999,60.32,754700,60.32
2016-03-01,58.139999,60.389999,57.50,60.060001,815700,60.060001
2016-02-29,58.580002,59.040001,57.66,57.669998,834700,57.669998
2016-02-26,58.200001,58.919998,57.290001,58.68,780400,58.68
2016-02-25,57.669998,58.43,56.529999,57.939999,1149500,57.939999
2016-02-24,56.43,57.98,56.029999,57.619999,802900,57.619999
2016-02-23,57.689999,58.380001,56.509998,56.939999,693900,56.939999
2016-02-22,56.220001,57.93,55.950001,57.650002,954400,57.650002
2016-02-19,55.279999,55.860001,54.200001,55.830002,947300,55.830002
2016-02-18,56.240002,56.360001,54.849998,55.549999,1010100,55.549999
2016-02-17,56.450001,57.689999,55.689999,55.810001,1711600,55.810001
2016-02-16,54.57,56.369999,54.00,56.299999,1078400,56.299999
2016-02-12,54.310001,54.75,51.950001,54.130001,1923400,54.130001
2016-02-11,53.560001,54.650002,52.880001,53.389999,1455800,53.389999
2016-02-10,54.00,55.299999,53.709999,54.310001,1301200,54.310001
2016-02-09,52.450001,53.91,51.630001,53.580002,1922400,53.580002
2016-02-08,52.919998,54.060001,51.259998,52.509998,1898500,52.509998
2016-02-05,56.25,57.459999,53.009998,53.209999,2059600,53.209999
2016-02-04,55.189999,56.75,51.360001,56.060001,5930400,56.060001
2016-02-03,61.459999,61.560001,58.48,60.389999,2166100,60.389999
2016-02-02,60.77,62.09,59.880001,60.950001,1280800,60.950001
2016-02-01,59.549999,62.27,58.93,61.43,1717900,61.43
2016-01-29,58.439999,60.380001,57.700001,60.34,1261500,60.34
2016-01-28,58.220001,59.099998,57.220001,57.950001,1349300,57.950001
2016-01-27,56.360001,57.700001,55.830002,57.439999,1373000,57.439999
2016-01-26,57.299999,57.98,55.860001,56.939999,1603600,56.939999
2016-01-25,58.619999,59.279999,57.07,57.189999,1175500,57.189999
2016-01-22,57.779999,60.290001,57.779999,59.18,1828300,59.18
2016-01-21,54.970001,57.32,53.759998,56.709999,1737600,56.709999
2016-01-20,53.400002,55.389999,50.799999,54.75,2460200,54.75
2016-01-19,60.00,60.00,54.310001,54.619999,3287100,54.619999
2016-01-15,60.200001,61.09,58.75,60.360001,1366900,60.360001
2016-01-14,62.169998,63.150002,61.290001,62.02,1247700,62.02
2016-01-13,65.940002,66.300003,61.599998,62.040001,1509600,62.040001
2016-01-12,64.370003,66.120003,64.18,65.849998,998200,65.849998
2016-01-11,64.709999,65.160004,62.970001,63.82,975600,63.82
2016-01-08,66.230003,66.889999,63.98,64.169998,1201500,64.169998
2016-01-07,66.120003,68.099998,65.019997,65.699997,937100,65.699997
2016-01-06,68.199997,69.389999,67.239998,68.00,1086000,68.00
2016-01-05,69.290001,70.019997,68.720001,69.32,831100,69.32
2016-01-04,69.309998,69.360001,67.339996,69.290001,1038000,69.290001
2015-12-31,70.879997,71.059998,69.93,70.459999,579600,70.459999
2015-12-30,71.279999,72.07,70.550003,70.650002,461200,70.650002
2015-12-29,71.580002,72.290001,70.989998,71.470001,412100,71.470001
2015-12-28,71.07,71.550003,70.330002,70.989998,433500,70.989998
2015-12-24,72.209999,72.68,71.459999,71.639999,188300,71.639999
2015-12-23,71.650002,72.50,71.410004,72.25,492400,72.25
2015-12-22,71.00,71.620003,69.860001,71.139999,469300,71.139999
2015-12-21,71.489998,72.550003,69.120003,70.82,768100,70.82
2015-12-18,73.879997,73.889999,71.169998,71.269997,1415000,71.269997
2015-12-17,75.540001,75.709999,73.389999,73.879997,416500,73.879997
2015-12-16,74.470001,75.830002,73.93,75.57,429900,75.57
2015-12-15,73.25,74.529999,72.82,73.849998,527600,73.849998
2015-12-14,73.599998,75.300003,72.410004,72.739998,761400,72.739998
2015-12-11,74.870003,75.080002,73.760002,74.010002,596800,74.010002
2015-12-10,75.860001,76.300003,75.120003,75.599998,463900,75.599998
2015-12-09,77.07,78.669998,75.440002,75.620003,485200,75.620003
2015-12-08,77.599998,78.620003,76.959999,77.470001,602800,77.470001
2015-12-07,79.360001,80.529999,77.669998,78.389999,431100,78.389999
2015-12-04,77.919998,79.150002,77.099998,79.029999,611800,79.029999
2015-12-03,80.940002,81.389999,76.760002,77.349998,644200,77.349998
2015-12-02,80.839996,81.379997,80.190002,80.580002,570000,80.580002
2015-12-01,79.230003,80.970001,78.730003,80.709999,960900,80.709999
2015-11-30,80.550003,80.580002,79.25,79.50,727600,79.50
2015-11-27,80.93,81.239998,80.150002,80.230003,322200,80.230003
2015-11-25,81.199997,81.660004,80.830002,81.050003,392100,81.050003
2015-11-24,79.699997,81.260002,79.339996,81.00,452000,81.00
2015-11-23,79.910004,80.739998,79.339996,80.50,899400,80.50
2015-11-20,80.330002,81.010002,79.68,79.830002,649700,79.830002
2015-11-19,80.25,80.529999,79.389999,79.830002,330400,79.830002
2015-11-18,78.889999,80.550003,77.730003,80.379997,456500,80.379997
2015-11-17,79.230003,80.629997,77.82,78.669998,726000,78.669998
2015-11-16,76.57,78.709999,76.040001,78.419998,698300,78.419998
2015-11-13,79.160004,79.190002,76.510002,76.709999,1039600,76.709999
2015-11-12,79.339996,80.010002,78.660004,79.709999,449000,79.709999
2015-11-11,81.239998,81.57,79.900002,80.099998,589700,80.099998
2015-11-10,81.120003,82.019997,80.540001,81.099998,1088700,81.099998
2015-11-09,81.599998,81.849998,78.900002,81.00,695300,81.00
2015-11-06,81.779999,82.610001,80.480003,81.889999,548600,81.889999
2015-11-05,80.790001,81.919998,80.50,81.849998,757000,81.849998
2015-11-04,80.309998,81.080002,79.410004,80.489998,942800,80.489998
2015-11-03,78.860001,81.00,77.489998,79.769997,948300,79.769997
2015-11-02,78.230003,79.330002,77.68,78.760002,674200,78.760002
2015-10-30,76.870003,78.449997,76.029999,77.839996,894600,77.839996
2015-10-29,75.550003,78.00,74.82,76.620003,2403600,76.620003
2015-10-28,74.269997,76.419998,74.029999,76.32,1753000,76.32
2015-10-27,73.389999,74.559998,71.739998,73.480003,1515100,73.480003
2015-10-26,70.75,73.330002,70.300003,73.25,976400,73.25
2015-10-23,73.080002,74.080002,70.870003,70.949997,1006100,70.949997
2015-10-22,71.360001,72.419998,70.849998,72.279999,655500,72.279999
2015-10-21,72.690002,72.949997,70.709999,71.139999,588300,71.139999
2015-10-20,72.800003,73.849998,72.019997,72.339996,554800,72.339996
2015-10-19,71.849998,73.110001,71.339996,72.800003,820600,72.800003
2015-10-16,72.870003,73.300003,71.839996,71.970001,881100,71.970001
2015-10-15,73.610001,73.760002,71.489998,72.830002,972700,72.830002
2015-10-14,75.580002,76.139999,73.199997,73.489998,575800,73.489998
2015-10-13,77.160004,78.150002,75.620003,75.709999,437800,75.709999
2015-10-12,77.160004,77.839996,76.50,77.690002,310800,77.690002
2015-10-09,75.989998,77.580002,75.639999,77.110001,513100,77.110001
2015-10-08,73.629997,75.989998,73.559998,75.860001,557300,75.860001
2015-10-07,74.559998,74.690002,73.199997,73.919998,971400,73.919998
2015-10-06,74.660004,75.669998,73.260002,73.839996,438300,73.839996
2015-10-05,73.730003,75.00,73.650002,74.57,628000,74.57
2015-10-02,72.32,73.410004,70.790001,73.379997,747400,73.379997
2015-10-01,71.540001,73.599998,71.300003,73.400002,782700,73.400002
2015-09-30,71.650002,72.589996,70.940002,71.43,893700,71.43
2015-09-29,71.989998,74.120003,70.120003,70.849998,922800,70.849998
2015-09-28,75.599998,75.919998,71.669998,71.82,840100,71.82
2015-09-25,76.629997,76.949997,75.580002,75.980003,951200,75.980003
2015-09-24,75.559998,76.18,75.209999,75.699997,767600,75.699997
2015-09-23,76.43,76.690002,75.269997,76.040001,598400,76.040001
2015-09-22,75.830002,76.610001,74.510002,76.050003,553400,76.050003
2015-09-21,77.209999,78.629997,76.339996,76.849998,576700,76.849998
2015-09-18,77.470001,78.699997,76.360001,76.779999,1198100,76.779999
2015-09-17,77.089996,79.75,76.599998,78.529999,672900,78.529999
2015-09-16,77.18,77.580002,76.389999,76.949997,504900,76.949997
2015-09-15,76.540001,77.370003,75.540001,77.029999,446900,77.029999
2015-09-14,76.610001,76.870003,74.629997,76.099998,489400,76.099998
2015-09-11,77.209999,78.00,76.00,76.870003,1085500,76.870003
2015-09-10,78.199997,80.18,78.07,78.639999,662000,78.639999
2015-09-09,79.739998,80.389999,78.269997,78.440002,933100,78.440002
2015-09-08,73.279999,78.769997,72.650002,78.480003,1699500,78.480003
2015-09-04,72.019997,72.699997,71.32,71.75,278100,71.75
2015-09-03,72.82,73.870003,72.580002,73.110001,473700,73.110001
2015-09-02,71.639999,72.580002,70.900002,72.529999,398500,72.529999
2015-09-01,71.599998,72.470001,70.699997,71.040001,634800,71.040001
2015-08-31,73.339996,73.830002,72.529999,73.019997,457400,73.019997
2015-08-28,73.620003,74.389999,72.919998,73.470001,448400,73.470001
2015-08-27,73.610001,74.440002,72.269997,73.809998,578100,73.809998
2015-08-26,71.830002,73.199997,70.550003,72.900002,537000,72.900002
2015-08-25,73.059998,73.220001,70.309998,70.32,610500,70.32
2015-08-24,68.220001,73.440002,62.84,71.25,1093300,71.25
2015-08-21,75.279999,76.160004,74.440002,74.510002,588300,74.510002
2015-08-20,77.389999,77.889999,75.790001,75.860001,326900,75.860001
2015-08-19,77.82,78.459999,77.139999,78.040001,294200,78.040001
2015-08-18,78.50,78.790001,77.830002,78.129997,446100,78.129997
2015-08-17,77.489998,78.779999,77.18,78.169998,546400,78.169998
2015-08-14,77.470001,78.00,76.720001,77.769997,308800,77.769997
2015-08-13,76.059998,77.889999,75.889999,77.489998,388300,77.489998
2015-08-12,75.300003,76.650002,74.300003,76.199997,539300,76.199997
2015-08-11,76.339996,76.440002,75.400002,75.940002,460900,75.940002
2015-08-10,76.900002,77.839996,76.519997,76.830002,511900,76.830002
2015-08-07,76.389999,76.709999,76.00,76.610001,621400,76.610001
2015-08-06,76.519997,76.970001,75.760002,76.489998,610700,76.489998
2015-08-05,76.910004,77.360001,76.25,76.529999,564500,76.529999
2015-08-04,75.830002,77.169998,75.25,76.480003,717500,76.480003
2015-08-03,75.959999,76.699997,75.019997,75.870003,699600,75.870003
2015-07-31,73.639999,77.93,73.510002,75.550003,2336400,75.550003
2015-07-30,70.739998,71.989998,70.610001,71.349998,770300,71.349998
2015-07-29,70.779999,71.419998,69.889999,71.150002,564800,71.150002
2015-07-28,68.610001,70.300003,68.120003,70.230003,765900,70.230003
2015-07-27,68.260002,68.75,67.389999,68.440002,540900,68.440002
2015-07-24,68.739998,69.150002,67.730003,67.93,1054200,67.93
2015-07-23,70.00,70.00,68.309998,68.489998,681200,68.489998
2015-07-22,69.620003,70.190002,69.620003,69.919998,407100,69.919998
2015-07-21,69.639999,70.459999,69.339996,69.720001,305600,69.720001
2015-07-20,70.139999,70.199997,69.510002,69.68,375500,69.68
2015-07-17,70.879997,71.43,69.339996,69.970001,467000,69.970001
2015-07-16,71.489998,71.489998,70.699997,71.169998,862100,71.169998
2015-07-15,70.949997,71.400002,70.489998,70.970001,737800,70.970001
2015-07-14,70.32,71.040001,70.32,71.010002,645500,71.010002
2015-07-13,70.300003,70.650002,69.970001,70.400002,471400,70.400002
2015-07-10,69.230003,70.050003,69.110001,69.889999,393300,69.889999
2015-07-09,68.459999,69.349998,68.029999,68.589996,603600,68.589996
2015-07-08,67.269997,67.940002,66.989998,67.50,543200,67.50
2015-07-07,68.089996,68.519997,66.660004,67.949997,760800,67.949997
2015-07-06,67.330002,68.690002,67.120003,67.860001,713400,67.860001
2015-07-02,68.260002,68.589996,67.349998,67.699997,715100,67.699997
2015-07-01,67.18,68.050003,66.620003,67.599998,1298700,67.599998
2015-06-30,66.00,66.260002,65.080002,65.900002,1508700,65.900002
2015-06-29,66.709999,66.949997,65.220001,65.279999,644500,65.279999
2015-06-26,66.309998,67.360001,65.839996,67.18,694800,67.18
2015-06-25,65.559998,66.410004,65.230003,66.110001,688500,66.110001
2015-06-24,66.00,66.330002,65.330002,65.410004,424100,65.410004
2015-06-23,65.830002,66.040001,65.43,65.93,433000,65.93
2015-06-22,64.949997,66.019997,64.720001,65.669998,498600,65.669998
2015-06-19,64.879997,65.190002,64.300003,64.440002,791000,64.440002
2015-06-18,65.150002,65.650002,64.790001,64.879997,579000,64.879997
2015-06-17,65.089996,65.57,64.68,65.050003,718700,65.050003
2015-06-16,63.970001,65.00,63.490002,64.879997,833400,64.879997
2015-06-15,64.00,64.480003,63.27,64.089996,680900,64.089996
2015-06-12,63.080002,64.510002,62.900002,64.379997,643100,64.379997
2015-06-11,63.77,64.519997,63.290001,63.610001,610000,63.610001
2015-06-10,62.98,63.830002,62.830002,63.75,532700,63.75
2015-06-09,62.610001,62.790001,61.880001,62.68,454800,62.68
2015-06-08,62.43,62.990002,62.189999,62.610001,582500,62.610001
2015-06-05,62.00,62.639999,61.310001,62.57,345500,62.57
2015-06-04,62.009998,62.470001,61.639999,62.009998,439400,62.009998
2015-06-03,60.459999,62.259998,60.389999,62.240002,667100,62.240002
2015-06-02,60.48,60.68,60.040001,60.349998,348700,60.349998
2015-06-01,59.75,61.389999,59.630001,60.57,949300,60.57
2015-05-29,59.560001,60.389999,59.139999,59.59,684700,59.59
2015-05-28,59.529999,60.049999,59.32,59.470001,810200,59.470001
2015-05-27,58.950001,59.869999,58.669998,59.779999,429100,59.779999
2015-05-26,59.779999,60.119999,58.77,59.00,393900,59.00
2015-05-22,60.209999,60.52,59.720001,59.93,344300,59.93
2015-05-21,60.66,61.139999,60.09,60.290001,442000,60.290001
2015-05-20,61.41,61.450001,60.150002,60.779999,503600,60.779999
2015-05-19,61.790001,62.73,61.310001,61.419998,805200,61.419998
2015-05-18,60.150002,60.880001,60.049999,60.810001,696000,60.810001
2015-05-15,59.490002,60.169998,59.16,60.119999,533800,60.119999
2015-05-14,59.599998,59.790001,58.75,59.50,910200,59.50
2015-05-13,59.00,59.450001,57.900002,59.349998,738300,59.349998
2015-05-12,59.23,59.650002,58.139999,59.029999,1280200,59.029999
2015-05-11,61.810001,62.849998,59.549999,59.82,1747300,59.82
2015-05-08,60.700001,62.849998,60.57,62.00,1744800,62.00
2015-05-07,59.549999,60.419998,59.169998,60.060001,379100,60.060001
2015-05-06,60.549999,60.669998,58.889999,59.509998,577100,59.509998
2015-05-05,60.689999,62.349998,60.220001,60.259998,874600,60.259998
2015-05-04,61.529999,61.669998,60.75,61.029999,702400,61.029999
2015-05-01,61.369999,61.650002,60.799999,61.349998,785200,61.349998
2015-04-30,61.799999,62.720001,60.799999,60.91,1166900,60.91
2015-04-29,61.09,62.34,60.610001,61.380001,1381100,61.380001
2015-04-28,59.799999,60.709999,58.82,60.299999,1133000,60.299999
2015-04-27,60.68,61.060001,59.759998,60.040001,883000,60.040001
2015-04-24,61.049999,61.099998,60.200001,60.939999,610600,60.939999
2015-04-23,59.16,61.23,58.73,61.080002,1260600,61.080002
2015-04-22,58.630001,59.279999,58.009998,59.09,1559300,59.09
2015-04-21,57.509998,58.119999,57.099998,57.880001,606300,57.880001
2015-04-20,57.52,57.52,56.75,57.240002,407900,57.240002
2015-04-17,57.389999,57.389999,56.43,57.119999,360000,57.119999
2015-04-16,58.860001,58.860001,57.02,57.669998,591100,57.669998
2015-04-15,58.130001,58.91,58.130001,58.799999,636400,58.799999
2015-04-14,58.00,58.52,57.509998,58.080002,433100,58.080002
2015-04-13,58.00,58.419998,57.860001,57.98,741300,57.98
2015-04-10,57.400002,58.209999,57.209999,58.18,404100,58.18
2015-04-09,57.900002,58.029999,56.919998,57.380001,291400,57.380001
2015-04-08,56.52,57.869999,56.400002,57.82,888300,57.82
2015-04-07,57.75,57.990002,56.349998,56.349998,792800,56.349998
2015-04-06,57.50,58.459999,57.220001,57.689999,1113300,57.689999
2015-04-02,56.470001,57.41,56.110001,57.360001,498500,57.360001
2015-04-01,57.16,57.290001,56.009998,56.869999,445000,56.869999
2015-03-31,57.509998,58.849998,57.490002,57.740002,515700,57.740002
2015-03-30,56.84,58.060001,56.790001,57.57,556900,57.57
2015-03-27,56.060001,56.630001,55.779999,56.43,451200,56.43
2015-03-26,57.66,57.66,55.98,56.049999,562900,56.049999
2015-03-25,58.389999,58.959999,57.759998,57.799999,304100,57.799999
2015-03-24,58.389999,59.040001,57.810001,58.330002,388700,58.330002
2015-03-23,59.09,59.200001,58.369999,58.389999,561000,58.389999
2015-03-20,57.880001,59.209999,57.41,59.139999,905000,59.139999
2015-03-19,56.110001,57.740002,56.110001,57.68,696100,57.68
2015-03-18,55.619999,56.52,54.93,56.25,652600,56.25
2015-03-17,55.349998,55.91,54.720001,55.650002,665400,55.650002
2015-03-16,55.209999,55.82,54.66,55.50,691100,55.50
2015-03-13,56.299999,56.299999,54.610001,55.040001,674300,55.040001
2015-03-12,55.98,56.419998,55.66,56.41,451000,56.41
2015-03-11,56.029999,56.200001,55.290001,55.66,584200,55.66
2015-03-10,55.560001,56.18,55.290001,56.00,445400,56.00
2015-03-09,55.91,56.18,55.509998,55.830002,484100,55.830002
2015-03-06,56.580002,56.790001,55.509998,55.73,560100,55.73
2015-03-05,57.299999,57.439999,56.619999,56.849998,438700,56.849998
2015-03-04,57.400002,57.400002,56.32,57.18,565200,57.18
2015-03-03,56.959999,57.669998,56.790001,57.50,596800,57.50
2015-03-02,57.509998,57.66,56.740002,57.009998,967500,57.009998
2015-02-27,57.470001,57.77,56.810001,57.509998,669200,57.509998
2015-02-26,57.310001,57.560001,56.349998,57.459999,592200,57.459999
2015-02-25,56.900002,57.439999,56.380001,57.349998,951700,57.349998
2015-02-24,56.599998,57.040001,56.41,56.880001,820100,56.880001
2015-02-23,54.25,56.759998,54.25,56.669998,1130900,56.669998
2015-02-20,54.299999,54.549999,53.75,54.040001,881600,54.040001
2015-02-19,55.07,55.540001,54.209999,54.349998,720200,54.349998
2015-02-18,56.27,56.349998,54.779999,55.009998,997900,55.009998
2015-02-17,55.50,57.59,55.09,56.470001,2135100,56.470001
2015-02-13,53.689999,55.650002,53.119999,55.619999,1345500,55.619999
2015-02-12,53.540001,54.16,52.689999,53.91,1147900,53.91
2015-02-11,53.41,53.529999,52.650002,53.130001,1007300,53.130001
2015-02-10,49.950001,54.369999,49.509998,53.48,2935400,53.48
2015-02-09,49.77,50.48,49.009998,49.169998,1095200,49.169998
2015-02-06,50.50,51.139999,49.00,50.139999,7897300,50.139999
2015-02-05,56.23,56.669998,55.650002,55.849998,1263100,55.849998
2015-02-04,55.799999,57.09,55.52,56.34,2074400,56.34
2015-02-03,54.860001,55.73,54.290001,55.619999,1418700,55.619999
2015-02-02,55.310001,55.349998,53.73,54.75,1070700,54.75
2015-01-30,55.470001,55.990002,54.389999,55.029999,1413000,55.029999
2015-01-29,55.009998,56.23,54.549999,54.990002,772200,54.990002
2015-01-28,55.200001,55.650002,54.299999,54.84,718500,54.84
2015-01-27,54.740002,55.360001,54.150002,54.810001,707000,54.810001
2015-01-26,55.150002,55.889999,54.779999,54.91,781500,54.91
2015-01-23,55.029999,55.66,54.610001,55.099998,713300,55.099998
2015-01-22,56.040001,56.419998,54.52,55.119999,1416400,55.119999
2015-01-21,54.419998,55.880001,54.119999,55.580002,565000,55.580002
2015-01-20,54.41,55.060001,53.849998,54.529999,812300,54.529999
2015-01-16,52.439999,54.110001,52.080002,54.07,627700,54.07
2015-01-15,55.02,55.02,52.59,52.669998,662100,52.669998
2015-01-14,53.599998,55.049999,53.549999,54.830002,676300,54.830002
2015-01-13,54.880001,56.080002,53.389999,54.139999,722500,54.139999
2015-01-12,54.299999,55.16,53.419998,54.490002,658400,54.490002
2015-01-09,54.00,54.450001,53.700001,54.209999,547400,54.209999
2015-01-08,53.970001,54.41,53.259998,54.200001,1116000,54.200001
2015-01-07,52.169998,53.630001,52.110001,53.279999,516700,53.279999
2015-01-06,52.630001,52.68,50.98,51.639999,1257000,51.639999
2015-01-05,53.380001,53.580002,52.080002,52.450001,818000,52.450001
2015-01-02,55.18,55.209999,53.110001,53.860001,766200,53.860001
2014-12-31,55.77,56.110001,54.880001,54.91,558200,54.91
2014-12-30,55.18,56.040001,54.849998,55.73,387300,55.73
2014-12-29,54.970001,55.91,54.740002,55.299999,435000,55.299999
2014-12-26,55.240002,56.07,54.889999,55.049999,371600,55.049999
2014-12-24,55.220001,55.759998,54.73,54.98,207300,54.98
2014-12-23,54.360001,55.50,54.189999,55.130001,469200,55.130001
2014-12-22,53.400002,54.279999,53.119999,54.200001,455800,54.200001
2014-12-19,55.119999,55.150002,53.07,53.48,1432700,53.48
2014-12-18,54.68,55.459999,54.32,55.07,555300,55.07
2014-12-17,52.25,54.119999,51.950001,53.950001,1087200,53.950001
2014-12-16,53.25,53.689999,52.459999,52.52,945900,52.52
2014-12-15,53.540001,54.290001,52.740002,53.349998,691100,53.349998
2014-12-12,53.009998,53.919998,53.009998,53.400002,510900,53.400002
2014-12-11,53.610001,54.380001,53.23,53.279999,388300,53.279999
2014-12-10,54.009998,54.41,53.119999,53.290001,498600,53.290001
2014-12-09,53.380001,54.34,52.709999,54.150002,514400,54.150002
2014-12-08,54.32,54.48,53.689999,54.029999,421300,54.029999
2014-12-05,55.049999,55.080002,54.259998,54.439999,619000,54.439999
2014-12-04,54.68,54.900002,54.110001,54.830002,679300,54.830002
2014-12-03,54.689999,55.48,54.259998,54.759998,657000,54.759998
2014-12-02,56.959999,57.060001,54.290001,54.720001,1582300,54.720001
2014-12-01,56.810001,57.380001,56.509998,56.98,1040000,56.98
2014-11-28,56.880001,57.290001,56.599998,57.049999,338700,57.049999
2014-11-26,56.59,57.240002,56.259998,56.790001,1115100,56.790001
2014-11-25,57.290001,57.599998,56.27,56.599998,410300,56.599998
2014-11-24,55.439999,56.66,55.439999,56.560001,542200,56.560001
2014-11-21,56.709999,56.709999,55.540001,55.549999,445500,55.549999
2014-11-20,55.060001,56.490002,55.060001,55.880001,414100,55.880001
2014-11-19,54.32,55.299999,54.009998,55.25,331400,55.25
2014-11-18,54.049999,54.77,54.02,54.299999,561900,54.299999
2014-11-17,54.490002,54.759998,54.060001,54.150002,561200,54.150002
2014-11-14,55.080002,55.299999,54.560001,54.619999,474600,54.619999
2014-11-13,55.540001,55.599998,54.720001,55.040001,441800,55.040001
2014-11-12,54.849998,55.400002,54.290001,55.380001,510100,55.380001
2014-11-11,55.200001,55.810001,54.709999,54.880001,504700,54.880001
2014-11-10,54.66,55.220001,54.360001,55.080002,539200,55.080002
2014-11-07,54.939999,55.18,54.310001,54.549999,839100,54.549999
2014-11-06,53.700001,55.02,53.41,54.970001,1037500,54.970001
2014-11-05,53.549999,53.68,53.00,53.599998,1208900,53.599998
2014-11-04,53.540001,53.68,52.740002,53.27,1009500,53.27
2014-11-03,52.759998,53.540001,52.049999,53.529999,1293900,53.529999
2014-10-31,50.77,53.189999,50.349998,52.639999,7573100,52.639999
2014-10-30,57.580002,59.00,57.16,58.709999,1809200,58.709999
2014-10-29,58.110001,58.389999,57.110001,57.889999,1257100,57.889999
2014-10-28,57.689999,58.439999,57.189999,58.060001,921700,58.060001
2014-10-27,56.52,57.689999,55.529999,57.50,955400,57.50
2014-10-24,57.290001,57.310001,55.860001,56.889999,469700,56.889999
2014-10-23,56.84,58.110001,56.349998,57.200001,927700,57.200001
2014-10-22,55.459999,56.040001,54.93,55.130001,618000,55.130001
2014-10-21,54.700001,55.990002,54.700001,55.369999,881700,55.369999
2014-10-20,52.650002,54.639999,52.650002,54.119999,669300,54.119999
2014-10-17,52.240002,53.360001,51.900002,52.639999,452800,52.639999
2014-10-16,49.970001,52.200001,49.889999,51.700001,576900,51.700001
2014-10-15,48.119999,51.130001,48.119999,50.880001,969800,50.880001
2014-10-14,50.389999,50.950001,49.59,49.950001,984600,49.950001
2014-10-13,50.990002,51.619999,49.830002,50.02,758500,50.02
2014-10-10,52.02,52.490002,50.990002,51.060001,798200,51.060001
2014-10-09,54.040001,54.380001,51.970001,52.029999,660800,52.029999
2014-10-08,54.220001,54.389999,52.779999,54.139999,669400,54.139999
2014-10-07,54.529999,55.029999,53.84,54.09,660500,54.09
2014-10-06,55.360001,55.540001,54.619999,55.00,620000,55.00
2014-10-03,55.18,55.869999,54.799999,55.32,482700,55.32
2014-10-02,54.040001,54.740002,53.529999,54.619999,639100,54.619999
2014-10-01,56.029999,56.040001,54.099998,54.23,883300,54.23
2014-09-30,57.509998,57.509998,56.00,56.169998,479800,56.169998
2014-09-29,56.639999,57.790001,56.610001,57.50,372300,57.50
2014-09-26,57.299999,57.52,56.75,57.220001,477100,57.220001
2014-09-25,57.700001,58.130001,56.970001,57.25,597400,57.25
2014-09-24,57.759998,58.41,57.23,57.880001,739900,57.880001
2014-09-23,58.200001,58.59,57.720001,57.73,461300,57.73
2014-09-22,59.25,59.540001,58.220001,58.23,617300,58.23
2014-09-19,58.93,60.060001,58.48,59.459999,838500,59.459999
2014-09-18,60.00,60.150002,58.84,59.09,370200,59.09
2014-09-17,59.82,60.560001,59.439999,60.00,486800,60.00
2014-09-16,58.990002,59.990002,58.970001,59.619999,612300,59.619999
2014-09-15,59.470001,60.220001,59.119999,59.189999,449100,59.189999
2014-09-12,60.389999,60.509998,59.110001,59.419998,371300,59.419998
2014-09-11,60.080002,60.939999,60.02,60.380001,509100,60.380001
2014-09-10,60.93,61.240002,60.279999,60.490002,631800,60.490002
2014-09-09,61.07,61.720001,60.639999,60.939999,824100,60.939999
2014-09-08,60.950001,61.43,60.799999,61.00,709000,61.00
2014-09-05,59.830002,61.150002,59.68,61.049999,642500,61.049999
2014-09-04,59.41,61.029999,59.41,60.060001,860300,60.060001
2014-09-03,59.23,59.580002,58.48,59.529999,1041500,59.529999
2014-09-02,58.529999,59.470001,58.419998,58.900002,982300,58.900002
2014-08-29,57.93,58.599998,57.669998,58.52,615300,58.52
2014-08-28,57.82,58.150002,57.349998,57.709999,307100,57.709999
2014-08-27,58.02,58.380001,57.849998,58.169998,405900,58.169998
2014-08-26,57.48,58.240002,57.330002,57.759998,654200,57.759998
2014-08-25,58.259998,58.549999,57.43,57.459999,593700,57.459999
2014-08-22,57.880001,58.52,57.599998,58.240002,658700,58.240002
2014-08-21,58.459999,58.919998,57.369999,57.830002,1056200,57.830002
2014-08-20,58.799999,59.040001,58.349998,58.639999,495900,58.639999
2014-08-19,59.50,60.560001,59.02,59.02,773200,59.02
2014-08-18,58.77,59.18,58.580002,59.09,887400,59.09
2014-08-15,59.490002,59.669998,58.150002,58.220001,856200,58.220001
2014-08-14,58.93,59.25,58.75,59.00,729000,59.00
2014-08-13,59.02,59.48,58.639999,58.860001,686000,58.860001
2014-08-12,58.419998,58.830002,58.07,58.549999,468500,58.549999
2014-08-11,57.799999,59.43,57.799999,58.59,842700,58.59
2014-08-08,55.830002,56.98,55.73,56.830002,755700,56.830002
2014-08-07,55.299999,56.32,55.27,55.59,975300,55.59
2014-08-06,54.419998,55.290001,54.419998,54.880001,512800,54.880001
2014-08-05,54.759998,55.700001,54.57,54.919998,585000,54.919998
2014-08-04,54.57,55.759998,54.52,55.259998,945900,55.259998
2014-08-01,54.34,55.18,54.150002,54.459999,779700,54.459999
2014-07-31,54.459999,55.200001,54.459999,54.709999,756600,54.709999
2014-07-30,54.639999,55.200001,54.57,54.900002,742100,54.900002
2014-07-29,54.880001,55.389999,54.200001,54.279999,1028600,54.279999
2014-07-28,55.73,55.830002,54.299999,54.799999,1525900,54.799999
2014-07-25,57.50,58.790001,55.630001,55.75,3502700,55.75
2014-07-24,61.25,62.00,60.73,61.119999,1284900,61.119999
2014-07-23,60.709999,61.59,60.220001,61.110001,903700,61.110001
2014-07-22,60.59,61.110001,60.299999,60.59,793000,60.59
2014-07-21,59.990002,60.84,59.990002,60.27,708700,60.27
2014-07-18,60.130001,60.560001,59.799999,60.189999,871700,60.189999
2014-07-17,60.439999,60.970001,59.619999,59.889999,1702300,59.889999
2014-07-16,60.860001,60.869999,59.880001,60.07,928600,60.07
2014-07-15,61.200001,61.540001,60.349998,60.509998,762100,60.509998
2014-07-14,61.240002,61.700001,60.880001,61.34,939000,61.34
2014-07-11,60.650002,61.380001,60.41,60.799999,1038600,60.799999
2014-07-10,59.110001,60.93,58.540001,60.810001,1065300,60.810001
2014-07-09,59.290001,60.68,58.509998,60.049999,866600,60.049999
2014-07-08,59.75,59.75,58.43,59.25,1092200,59.25
2014-07-07,60.73,60.779999,59.619999,59.810001,487000,59.810001
2014-07-03,59.560001,60.599998,58.950001,60.490002,650100,60.490002
2014-07-02,59.68,60.259998,59.400002,59.450001,569500,59.450001
2014-07-01,59.700001,60.509998,59.529999,59.580002,868200,59.580002
2014-06-30,59.310001,59.759998,58.779999,59.700001,822400,59.700001
2014-06-27,58.950001,59.450001,58.599998,59.23,610200,59.23
2014-06-26,58.779999,59.360001,58.07,58.91,766600,58.91
2014-06-25,57.889999,59.330002,57.68,58.959999,807700,58.959999
2014-06-24,58.529999,59.200001,57.580002,57.84,945200,57.84
2014-06-23,58.369999,59.18,57.669998,58.529999,552800,58.529999
2014-06-20,58.73,58.799999,57.970001,58.080002,1135500,58.080002
2014-06-19,57.77,58.66,57.529999,58.639999,961000,58.639999
2014-06-18,57.73,57.990002,57.130001,57.77,481200,57.77
2014-06-17,57.549999,58.130001,56.810001,57.77,658300,57.77
2014-06-16,57.580002,58.18,56.98,57.639999,827000,57.639999
2014-06-13,57.73,57.740002,57.060001,57.27,415600,57.27
2014-06-12,58.599998,58.599998,57.009998,57.529999,603200,57.529999
2014-06-11,58.00,58.759998,57.93,58.650002,516100,58.650002
2014-06-10,59.02,59.27,58.220001,58.299999,810900,58.299999
2014-06-09,59.009998,59.849998,58.610001,59.07,825400,59.07
2014-06-06,57.610001,59.040001,57.16,59.02,1117900,59.02
2014-06-05,57.509998,57.860001,56.439999,57.610001,1119600,57.610001
2014-06-04,54.91,57.919998,54.619999,57.43,1558900,57.43
2014-06-03,55.07,55.23,54.119999,54.849998,839500,54.849998
2014-06-02,55.060001,55.560001,54.700001,55.380001,673600,55.380001
2014-05-30,54.709999,55.150002,54.27,54.959999,678400,54.959999
2014-05-29,54.919998,55.509998,54.43,54.560001,823100,54.560001
2014-05-28,55.860001,56.119999,54.700001,54.849998,833700,54.849998
2014-05-27,55.349998,56.25,55.00,56.029999,733300,56.029999
2014-05-23,54.139999,55.040001,53.950001,54.98,580400,54.98
2014-05-22,53.41,54.459999,53.060001,54.23,630700,54.23
2014-05-21,53.689999,53.959999,52.849998,53.34,380200,53.34
2014-05-20,54.07,54.48,53.23,53.529999,477400,53.529999
2014-05-19,53.869999,54.66,53.57,54.43,577400,54.43
2014-05-16,53.950001,54.540001,53.43,54.02,659400,54.02
2014-05-15,54.139999,54.59,53.00,53.84,998800,53.84
2014-05-14,54.77,55.049999,54.16,54.490002,671400,54.490002
2014-05-13,54.849998,55.169998,54.59,54.869999,802700,54.869999
2014-05-12,53.639999,54.880001,53.540001,54.77,697900,54.77
2014-05-09,52.27,53.220001,51.990002,53.189999,798300,53.189999
2014-05-08,52.73,54.00,52.09,52.490002,1205300,52.490002
2014-05-07,52.330002,53.150002,51.689999,52.869999,881400,52.869999
2014-05-06,52.82,52.959999,52.110001,52.349998,943700,52.349998
2014-05-05,52.860001,53.75,52.009998,52.950001,1256300,52.950001
2014-05-02,52.50,54.470001,51.25,53.209999,2031300,53.209999
2014-05-01,50.310001,51.290001,49.66,50.549999,1595200,50.549999
2014-04-30,48.75,50.23,48.75,50.18,1480700,50.18
2014-04-29,48.779999,48.98,48.400002,48.93,870600,48.93
2014-04-28,49.360001,49.990002,47.73,48.619999,1033400,48.619999
2014-04-25,50.490002,50.490002,49.23,49.360001,992600,49.360001
2014-04-24,50.200001,51.310001,49.400002,50.830002,747800,50.830002
2014-04-23,50.68,51.380001,49.700001,49.919998,1187500,49.919998
2014-04-22,49.93,51.07,49.810001,50.799999,1022900,50.799999
2014-04-21,48.580002,50.009998,48.25,49.849998,877600,49.849998
2014-04-17,48.25,48.720001,47.599998,48.360001,653000,48.360001
2014-04-16,47.880001,48.32,47.509998,48.240002,543300,48.240002
2014-04-15,47.389999,48.330002,46.52,47.639999,841300,47.639999
2014-04-14,48.169998,48.400002,46.939999,47.25,456200,47.25
2014-04-11,47.200001,48.040001,47.00,47.700001,786600,47.700001
2014-04-10,48.599998,49.110001,47.259998,47.580002,938900,47.580002
2014-04-09,47.880001,48.490002,47.009998,48.41,525100,48.41
2014-04-08,46.759998,48.060001,46.509998,47.700001,720100,47.700001
2014-04-07,49.470001,49.470001,46.669998,46.790001,1447400,46.790001
2014-04-04,50.560001,52.349998,49.490002,49.610001,950400,49.610001
2014-04-03,50.419998,51.00,50.00,50.240002,889500,50.240002
2014-04-02,49.950001,51.34,49.43,50.48,697700,50.48
2014-04-01,50.529999,51.18,49.630001,50.009998,1195500,50.009998
2014-03-31,49.950001,51.310001,49.779999,50.669998,692100,50.669998
2014-03-28,48.91,50.400002,48.790001,49.700001,723500,49.700001
2014-03-27,49.330002,49.700001,48.50,48.849998,710200,48.849998
2014-03-26,51.02,51.75,49.400002,49.450001,619500,49.450001
2014-03-25,50.389999,50.98,50.139999,50.650002,596700,50.650002
2014-03-24,50.919998,51.040001,49.200001,50.150002,969900,50.150002
2014-03-21,51.669998,51.869999,50.68,50.790001,899100,50.790001
2014-03-20,51.580002,51.810001,51.02,51.360001,521100,51.360001
2014-03-19,51.439999,52.790001,51.189999,51.580002,710000,51.580002
2014-03-18,51.07,51.84,50.900002,51.700001,390700,51.700001
2014-03-17,50.630001,51.330002,50.279999,50.959999,538400,50.959999
2014-03-14,49.41,50.549999,49.209999,50.369999,654900,50.369999
2014-03-13,51.00,51.00,49.07,49.41,1361800,49.41
2014-03-12,49.689999,50.939999,49.400002,50.869999,1216700,50.869999
2014-03-11,50.169998,50.700001,49.279999,49.82,889800,49.82
2014-03-10,50.990002,51.459999,49.93,50.09,605500,50.09
2014-03-07,51.720001,52.040001,50.669998,51.09,603700,51.09
2014-03-06,51.799999,52.040001,51.09,51.549999,468200,51.549999
2014-03-05,51.130001,51.939999,51.130001,51.669998,556600,51.669998
2014-03-04,52.099998,52.630001,51.00,51.240002,674200,51.240002
2014-03-03,51.169998,51.880001,50.970001,51.599998,833700,51.599998
2014-02-28,50.73,51.950001,50.490002,51.869999,923400,51.869999
2014-02-27,50.07,50.84,49.830002,50.82,792600,50.82
2014-02-26,49.27,50.810001,49.00,50.279999,1045500,50.279999
2014-02-25,49.450001,49.75,48.82,49.00,716800,49.00
2014-02-24,49.540001,49.799999,49.23,49.43,1017100,49.43
2014-02-21,49.50,50.00,49.029999,49.639999,936200,49.639999
2014-02-20,49.00,49.869999,48.48,49.470001,772900,49.470001
2014-02-19,47.93,49.549999,47.93,48.830002,722100,48.830002
2014-02-18,49.209999,50.84,48.709999,48.84,1254300,48.84
2014-02-14,47.279999,48.130001,46.860001,48.130001,767700,48.130001
2014-02-13,46.16,47.689999,45.869999,47.439999,1013000,47.439999
2014-02-12,46.099998,46.68,45.900002,46.48,873300,46.48
2014-02-11,45.650002,46.84,45.07,45.950001,1110900,45.950001
2014-02-10,46.950001,47.18,45.50,45.639999,1948700,45.639999
2014-02-07,48.00,51.419998,45.669998,47.130001,3542400,47.130001
2014-02-06,47.470001,49.869999,47.00,49.700001,1704900,49.700001
2014-02-05,47.810001,48.09,46.889999,47.43,739600,47.43
2014-02-04,47.529999,48.669998,47.220001,48.099998,826900,48.099998
2014-02-03,49.290001,49.290001,46.939999,47.34,1830400,47.34
2014-01-31,48.349998,49.849998,48.310001,49.290001,735000,49.290001
2014-01-30,47.650002,50.00,47.529999,49.189999,1162500,49.189999
2014-01-29,46.790001,47.380001,46.330002,47.209999,924400,47.209999
2014-01-28,48.16,48.580002,46.779999,46.959999,1076700,46.959999
2014-01-27,47.779999,48.549999,47.040001,48.130001,897000,48.130001
2014-01-24,49.25,49.41,47.439999,47.709999,864200,47.709999
2014-01-23,48.48,49.09,47.889999,49.00,685200,49.00
2014-01-22,48.130001,49.369999,48.02,48.849998,617800,48.849998
2014-01-21,48.509998,49.02,47.139999,47.959999,578700,47.959999
2014-01-17,48.560001,48.68,48.099998,48.150002,509200,48.150002
2014-01-16,48.790001,48.880001,47.860001,48.52,1102800,48.52
2014-01-15,49.700001,50.040001,48.740002,48.880001,775700,48.880001
2014-01-14,49.639999,50.25,49.02,49.759998,756500,49.759998
2014-01-13,51.25,51.400002,49.099998,49.419998,807300,49.419998
2014-01-10,51.299999,51.959999,50.68,51.439999,604200,51.439999
2014-01-09,52.580002,52.73,50.98,51.310001,481100,51.310001
2014-01-08,51.360001,52.349998,51.169998,52.080002,691500,52.080002
2014-01-07,51.509998,51.950001,50.639999,51.349998,1062500,51.349998
2014-01-06,53.119999,53.310001,50.32,51.139999,1946600,51.139999
2014-01-03,54.759998,55.200001,54.00,54.380001,732200,54.380001
2014-01-02,53.810001,55.25,53.27,54.389999,1402000,54.389999
2013-12-31,54.189999,54.310001,53.41,53.959999,518700,53.959999
2013-12-30,53.25,54.380001,53.080002,54.189999,596300,54.189999
2013-12-27,53.439999,53.630001,52.740002,53.310001,426800,53.310001
2013-12-26,52.82,54.130001,52.41,53.439999,589700,53.439999
2013-12-24,52.91,53.349998,52.619999,52.700001,225200,52.700001
2013-12-23,51.709999,52.98,51.57,52.869999,720100,52.869999
2013-12-20,51.200001,51.700001,50.400002,51.439999,1411300,51.439999
2013-12-19,51.630001,51.93,51.040001,51.150002,539200,51.150002
2013-12-18,51.290001,51.990002,50.610001,51.810001,1115400,51.810001
2013-12-17,51.48,51.560001,50.389999,50.950001,874600,50.950001
2013-12-16,49.84,51.849998,49.84,51.540001,553500,51.540001
2013-12-13,49.959999,50.09,49.529999,49.82,555900,49.82
2013-12-12,50.110001,50.110001,49.349998,49.779999,372600,49.779999
2013-12-11,51.34,51.450001,49.779999,50.009998,534000,50.009998
2013-12-10,51.049999,51.93,51.009998,51.27,671200,51.27
2013-12-09,51.310001,51.91,51.07,51.32,665500,51.32
2013-12-06,51.43,51.860001,50.360001,51.169998,743800,51.169998
2013-12-05,51.25,51.25,50.130001,50.68,826700,50.68
2013-12-04,49.790001,51.139999,49.68,50.220001,929800,50.220001
2013-12-03,50.25,50.25,49.43,49.77,993100,49.77
2013-12-02,50.869999,51.84,50.299999,50.41,1142100,50.41
2013-11-29,50.27,51.34,49.790001,51.02,334700,51.02
2013-11-27,50.380001,50.529999,49.66,50.110001,606200,50.110001
2013-11-26,49.48,50.490002,49.48,50.200001,808700,50.200001
2013-11-25,48.919998,49.59,48.380001,49.369999,705900,49.369999
2013-11-22,48.790001,49.330002,48.330002,49.00,604700,49.00
2013-11-21,47.09,49.330002,46.93,48.939999,1799300,48.939999
2013-11-20,46.900002,48.130001,46.77,47.049999,760200,47.049999
2013-11-19,46.380001,47.389999,46.130001,46.75,684900,46.75
2013-11-18,46.790001,47.290001,46.25,46.369999,1345600,46.369999
2013-11-15,46.77,46.84,46.09,46.540001,1338300,46.540001
2013-11-14,45.599998,46.880001,45.139999,46.759998,896000,46.759998
2013-11-13,44.119999,45.93,44.00,45.689999,981300,45.689999
2013-11-12,44.290001,44.990002,43.82,44.240002,863400,44.240002
2013-11-11,44.07,45.330002,43.810001,44.790001,953900,44.790001
2013-11-08,45.029999,45.790001,44.610001,44.880001,1664200,44.880001
2013-11-07,45.439999,47.369999,44.799999,44.959999,8508900,44.959999
2013-11-06,40.48,40.490002,39.709999,40.110001,3712200,40.110001
2013-11-05,40.009998,40.73,39.610001,40.310001,1234800,40.310001
2013-11-04,39.009998,40.869999,38.970001,40.389999,1191700,40.389999
2013-11-01,38.240002,39.009998,37.93,38.98,912000,38.98
2013-10-31,38.84,38.84,37.950001,38.349998,741400,38.349998
2013-10-30,38.919998,39.610001,38.380001,38.869999,983900,38.869999
2013-10-29,38.650002,38.889999,37.279999,38.810001,2011300,38.810001
2013-10-28,39.099998,39.27,38.220001,38.459999,1014700,38.459999
2013-10-25,40.619999,40.619999,38.91,39.119999,1028100,39.119999
2013-10-24,40.16,40.869999,40.009998,40.439999,752100,40.439999
2013-10-23,39.73,40.990002,39.650002,40.150002,1428000,40.150002
2013-10-22,39.200001,40.099998,38.389999,39.860001,1229900,39.860001
2013-10-21,39.220001,39.900002,38.779999,39.040001,1270500,39.040001
2013-10-18,39.099998,39.450001,38.439999,39.290001,1552200,39.290001
2013-10-17,37.599998,38.990002,37.330002,38.700001,4513600,38.700001
2013-10-16,40.16,40.189999,38.98,39.810001,2173200,39.810001
2013-10-15,40.849998,40.959999,39.080002,39.84,2519200,39.84
2013-10-14,41.099998,41.59,40.970001,41.279999,812700,41.279999
2013-10-11,40.790001,41.59,40.400002,41.52,1871800,41.52
2013-10-10,41.490002,41.810001,40.259998,40.84,2059300,40.84
2013-10-09,42.139999,42.240002,40.450001,40.98,1975800,40.98
2013-10-08,44.57,44.939999,41.700001,41.849998,1782900,41.849998
2013-10-07,44.529999,45.400002,44.009998,44.450001,822600,44.450001
2013-10-04,45.330002,45.740002,44.720001,45.110001,817000,45.110001
2013-10-03,44.93,45.369999,44.349998,45.16,962900,45.16
2013-10-02,44.529999,45.380001,43.93,44.93,1078600,44.93
2013-10-01,43.990002,45.470001,43.619999,45.00,2485800,45.00
2013-09-30,43.48,44.360001,43.259998,43.959999,1448100,43.959999
2013-09-27,43.759998,44.259998,43.400002,43.869999,931200,43.869999
2013-09-26,44.23,44.720001,43.310001,44.34,1083900,44.34
2013-09-25,43.220001,44.619999,43.130001,44.080002,1114800,44.080002
2013-09-24,42.57,43.900002,42.330002,43.110001,758300,43.110001
2013-09-23,43.75,43.779999,42.310001,42.439999,945600,42.439999
2013-09-20,44.529999,44.639999,43.209999,43.82,1207500,43.82
2013-09-19,45.41,45.98,43.73,44.50,1004300,44.50
2013-09-18,42.950001,45.77,42.950001,45.360001,2188800,45.360001
2013-09-17,42.07,43.110001,41.950001,43.060001,868600,43.060001
2013-09-16,43.099998,43.220001,41.889999,42.00,768400,42.00
2013-09-13,42.02,42.68,41.57,42.490002,968300,42.490002
2013-09-12,42.02,42.310001,41.619999,42.029999,1089400,42.029999
2013-09-11,41.43,42.189999,39.84,42.060001,2143900,42.060001
2013-09-10,43.50,43.919998,40.07,41.630001,3340100,41.630001
2013-09-09,42.490002,43.220001,42.220001,42.75,2565300,42.75
2013-09-06,39.900002,42.650002,39.759998,42.150002,3954800,42.150002
2013-09-05,41.880001,42.220001,41.200001,41.759998,1033200,41.759998
2013-09-04,40.209999,42.57,40.209999,41.959999,2984600,41.959999
2013-09-03,39.209999,40.00,39.099998,39.75,2054100,39.75
2013-08-30,38.740002,39.259998,38.330002,38.509998,963500,38.509998
2013-08-29,37.740002,39.299999,37.380001,38.779999,1135500,38.779999
2013-08-28,37.34,37.939999,37.34,37.77,578100,37.77
2013-08-27,37.900002,38.34,37.200001,37.459999,820600,37.459999
2013-08-26,38.360001,38.84,38.16,38.450001,1157700,38.450001
2013-08-23,37.220001,38.549999,36.77,38.349998,1520400,38.349998
2013-08-22,36.580002,37.189999,36.369999,36.68,644500,36.68
2013-08-21,37.259998,37.470001,36.310001,36.360001,909700,36.360001
2013-08-20,36.310001,37.889999,36.16,37.459999,1241100,37.459999
2013-08-19,37.02,37.139999,36.119999,36.16,1420900,36.16
2013-08-16,36.98,38.169998,36.950001,36.98,1091800,36.98
2013-08-15,38.009998,38.169998,37.040001,37.200001,1954100,37.200001
2013-08-14,39.509998,39.509998,38.459999,38.630001,1207300,38.630001
2013-08-13,40.130001,40.130001,39.509998,39.759998,552100,39.759998
2013-08-12,39.299999,40.349998,39.049999,40.110001,1590400,40.110001
2013-08-09,39.459999,39.939999,39.169998,39.619999,813100,39.619999
2013-08-08,39.59,39.950001,39.369999,39.639999,1076800,39.639999
2013-08-07,39.66,40.009998,39.27,39.459999,1342100,39.459999
2013-08-06,40.360001,40.419998,39.419998,40.080002,1498100,40.080002
2013-08-05,39.68,40.509998,39.68,40.50,1226600,40.50
2013-08-02,39.75,40.25,39.310001,39.869999,854900,39.869999
2013-08-01,40.110001,41.619999,40.009998,40.099998,2218700,40.099998
2013-07-31,39.110001,40.16,39.009998,39.650002,2207200,39.650002
2013-07-30,37.02,39.84,37.00,39.060001,3052500,39.060001
2013-07-29,37.099998,37.32,36.509998,36.610001,1904300,36.610001
2013-07-26,37.049999,39.099998,36.700001,37.049999,5889800,37.049999
2013-07-25,42.169998,42.610001,41.57,41.959999,2063500,41.959999
2013-07-24,43.529999,43.66,42.049999,42.48,1103900,42.48
2013-07-23,44.110001,44.25,43.490002,43.599998,885000,43.599998
2013-07-22,43.849998,44.630001,43.450001,43.990002,1032300,43.990002
2013-07-19,43.709999,44.509998,43.290001,43.889999,1020800,43.889999
2013-07-18,44.59,45.849998,43.700001,43.860001,1418600,43.860001
2013-07-17,45.099998,45.369999,44.509998,44.91,1429400,44.91
2013-07-16,45.50,45.700001,44.41,45.00,1145100,45.00
2013-07-15,46.360001,46.509998,45.400002,45.48,1186900,45.48
2013-07-12,46.93,47.279999,45.880001,46.32,1402500,46.32
2013-07-11,46.669998,47.799999,46.669998,46.93,1795800,46.93
2013-07-10,44.43,46.560001,44.43,45.889999,1420500,45.889999
2013-07-09,43.93,44.700001,43.43,44.52,1081100,44.52
2013-07-08,44.580002,44.959999,43.43,43.540001,655900,43.540001
2013-07-05,44.299999,44.650002,42.810001,44.490002,651500,44.490002
2013-07-03,43.73,44.369999,43.48,44.009998,322500,44.009998
2013-07-02,44.889999,45.189999,43.860001,44.080002,722200,44.080002
2013-07-01,43.970001,45.349998,43.75,44.810001,1152000,44.810001
2013-06-28,43.810001,44.400002,43.580002,43.900002,836400,43.900002
2013-06-27,42.060001,44.790001,41.77,44.099998,1608300,44.099998
2013-06-26,42.080002,42.889999,41.700001,41.720001,1521600,41.720001
2013-06-25,40.959999,42.00,40.66,41.619999,1094600,41.619999
2013-06-24,40.779999,40.93,39.439999,40.290001,1335000,40.290001
2013-06-21,41.720001,41.880001,39.549999,41.279999,1867800,41.279999
2013-06-20,44.07,44.07,41.07,41.490002,1947500,41.490002
2013-06-19,45.650002,45.869999,44.68,44.720001,819600,44.720001
2013-06-18,44.77,45.689999,44.639999,45.68,810000,45.68
2013-06-17,44.439999,45.029999,43.880001,44.759998,915400,44.759998
2013-06-14,44.450001,44.970001,43.490002,44.049999,670600,44.049999
2013-06-13,42.669998,44.759998,42.279999,44.48,952000,44.48
2013-06-12,43.50,43.880001,42.619999,42.77,670000,42.77
2013-06-11,43.18,43.98,42.709999,43.049999,658400,43.049999
2013-06-10,44.169998,44.52,43.23,44.02,548900,44.02
2013-06-07,43.509998,44.740002,42.900002,44.099998,1123600,44.099998
2013-06-06,41.77,43.560001,41.740002,43.34,1632000,43.34
2013-06-05,41.459999,43.700001,41.02,41.59,2038600,41.59
2013-06-04,41.52,42.50,40.490002,41.209999,1151900,41.209999
2013-06-03,42.25,42.290001,39.98,41.41,1888200,41.41
2013-05-31,42.209999,43.09,42.049999,42.279999,660200,42.279999
2013-05-30,41.720001,43.220001,41.720001,42.43,1322600,42.43
2013-05-29,42.549999,43.07,41.349998,41.900002,1505100,41.900002
2013-05-28,43.580002,44.939999,42.43,42.849998,1865500,42.849998
2013-05-24,42.240002,43.259998,42.00,43.080002,803200,43.080002
2013-05-23,42.700001,43.099998,42.07,42.439999,2032500,42.439999
2013-05-22,47.41,47.580002,43.110001,43.279999,3785100,43.279999
2013-05-21,47.18,47.939999,46.77,47.549999,888200,47.549999
2013-05-20,47.75,48.240002,46.889999,47.139999,1177400,47.139999
2013-05-17,46.869999,48.27,46.830002,47.900002,892200,47.900002
2013-05-16,48.34,48.779999,46.790001,46.810001,1086400,46.810001
2013-05-15,47.720001,48.540001,47.540001,48.41,771200,48.41
2013-05-14,47.279999,47.82,46.75,47.779999,1313100,47.779999
2013-05-13,48.619999,48.619999,47.02,47.27,1050700,47.27
2013-05-10,47.32,48.990002,47.299999,48.610001,1127800,48.610001
2013-05-09,46.16,47.790001,45.849998,47.299999,1660000,47.299999
2013-05-08,45.299999,46.25,44.689999,46.16,1534700,46.16
2013-05-07,45.57,46.27,44.080002,45.25,2278800,45.25
2013-05-06,46.200001,46.57,45.16,45.439999,1997300,45.439999
2013-05-03,46.52,47.380001,45.299999,46.169998,4026400,46.169998
2013-05-02,47.400002,48.02,46.880001,47.799999,1372800,47.799999
2013-05-01,48.330002,48.810001,46.93,47.16,1166900,47.16
2013-04-30,49.139999,49.830002,48.299999,48.50,1027400,48.50
2013-04-29,48.939999,49.919998,48.470001,49.259998,820300,49.259998
2013-04-26,48.93,49.380001,48.32,48.790001,475200,48.790001
2013-04-25,48.790001,49.200001,48.68,48.919998,455700,48.919998
2013-04-24,48.310001,48.82,47.27,48.549999,747700,48.549999
2013-04-23,47.279999,48.889999,47.279999,48.369999,898500,48.369999
2013-04-22,46.25,47.189999,45.509998,46.950001,746300,46.950001
2013-04-19,45.759998,46.48,44.919998,46.009998,871300,46.009998
2013-04-18,45.459999,46.400002,44.700001,45.650002,1173300,45.650002
2013-04-17,46.23,46.23,44.360001,45.560001,1285100,45.560001
2013-04-16,46.919998,47.27,45.450001,46.73,1395300,46.73
2013-04-15,47.98,48.080002,45.759998,46.330002,1577700,46.330002
2013-04-12,47.369999,48.75,47.169998,48.220001,1398800,48.220001
2013-04-11,47.400002,48.470001,47.189999,47.52,970300,47.52
2013-04-10,47.419998,47.950001,47.220001,47.380001,931000,47.380001
2013-04-09,47.529999,47.919998,46.619999,47.07,609700,47.07
2013-04-08,46.68,47.650002,46.470001,47.529999,725200,47.529999
2013-04-05,45.669998,46.599998,45.029999,46.509998,582200,46.509998
2013-04-04,46.740002,47.16,46.240002,46.669998,593300,46.669998
2013-04-03,48.799999,49.220001,46.209999,46.610001,1916200,46.610001
2013-04-02,49.34,49.599998,48.25,48.580002,2437900,48.580002
2013-04-01,49.82,50.490002,48.950001,49.049999,710200,49.049999
2013-03-28,49.790001,50.540001,49.09,49.630001,910300,49.630001
2013-03-27,46.59,51.02,46.59,50.07,3275800,50.07
2013-03-26,46.450001,46.970001,46.389999,46.810001,577200,46.810001
2013-03-25,45.459999,47.150002,45.34,46.310001,1158400,46.310001
2013-03-22,45.669998,46.119999,45.00,45.450001,846000,45.450001
2013-03-21,46.00,46.610001,45.150002,45.419998,831200,45.419998
2013-03-20,46.43,47.130001,46.240002,46.490002,956100,46.490002
2013-03-19,46.599998,46.939999,45.240002,46.009998,985300,46.009998
2013-03-18,45.09,46.98,45.00,46.360001,1668700,46.360001
2013-03-15,45.209999,46.02,44.580002,45.650002,3282700,45.650002
2013-03-14,45.779999,45.91,45.299999,45.540001,1062900,45.540001
2013-03-13,45.52,46.060001,44.900002,45.540001,1766000,45.540001
2013-03-12,46.509998,46.639999,45.110001,45.490002,1397700,45.490002
2013-03-11,45.130001,45.990002,44.400002,45.970001,1708500,45.970001
2013-03-08,45.599998,46.439999,44.619999,45.099998,7220600,45.099998
2013-03-07,42.939999,43.400002,42.360001,42.619999,1599200,42.619999
2013-03-06,42.990002,43.700001,42.66,42.880001,1574500,42.880001
2013-03-05,40.91,43.720001,40.849998,43.00,2508400,43.00
2013-03-04,39.50,41.43,38.630001,41.41,3798100,41.41
2013-03-01,40.799999,41.400002,39.830002,40.700001,1178000,40.700001
2013-02-28,41.099998,41.779999,40.43,41.07,1903500,41.07
2013-02-27,38.290001,41.240002,38.290001,41.189999,3357300,41.189999
2013-02-26,37.110001,38.32,36.599998,37.880001,1912300,37.880001
2013-02-25,37.23,38.380001,36.50,37.00,2604500,37.00
2013-02-22,35.810001,37.080002,35.34,37.049999,1873600,37.049999
2013-02-21,36.00,36.450001,35.080002,35.540001,1843100,35.540001
2013-02-20,39.060001,39.43,36.130001,36.139999,3385100,36.139999
2013-02-19,38.57,39.25,38.150002,39.23,1250900,39.23
2013-02-15,38.900002,39.560001,38.16,38.450001,1268000,38.450001
2013-02-14,39.450001,39.450001,38.139999,39.02,1719600,39.02
2013-02-13,39.080002,40.450001,39.080002,39.700001,3229900,39.700001
2013-02-12,38.369999,39.650002,38.23,39.169998,1881000,39.169998
2013-02-11,38.380001,38.720001,38.029999,38.41,762100,38.41
2013-02-08,38.580002,38.799999,37.830002,38.41,713700,38.41
2013-02-07,38.57,38.98,37.93,38.529999,1390000,38.529999
2013-02-06,38.669998,39.139999,38.470001,38.580002,950100,38.580002
2013-02-05,38.91,39.41,38.509998,38.700001,1525900,38.700001
2013-02-04,38.900002,39.540001,38.360001,38.73,1065600,38.73
2013-02-01,39.369999,39.869999,38.880001,39.029999,1106300,39.029999
2013-01-31,39.810001,39.98,38.830002,38.959999,1768500,38.959999
2013-01-30,40.27,41.110001,39.939999,39.98,2248700,39.98
2013-01-29,40.080002,40.470001,39.389999,39.84,1371600,39.84
2013-01-28,39.970001,40.709999,38.91,40.150002,3971800,40.150002
2013-01-25,42.049999,43.450001,40.369999,40.790001,11118300,40.790001
2013-01-24,35.419998,38.599998,35.419998,38.349998,6960900,38.349998
2013-01-23,35.299999,35.959999,34.950001,35.119999,2227100,35.119999
2013-01-22,35.060001,35.360001,34.549999,35.189999,1790500,35.189999
2013-01-18,35.07,35.419998,34.59,34.990002,1643000,34.990002
2013-01-17,34.849998,35.23,34.529999,34.98,1828100,34.98
2013-01-16,35.02,35.41,34.59,34.619999,906900,34.619999
2013-01-15,34.75,35.68,34.400002,35.16,1167900,35.16
2013-01-14,35.259998,35.849998,34.50,34.98,1453200,34.98
2013-01-11,34.869999,35.59,34.060001,35.299999,2250000,35.299999
2013-01-10,34.040001,35.150002,34.029999,34.849998,1773700,34.849998
2013-01-09,33.689999,34.259998,33.529999,33.91,878100,33.91
2013-01-08,33.57,33.75,32.849998,33.52,1763000,33.52
2013-01-07,34.349998,34.990002,33.43,33.509998,1048900,33.509998
2013-01-04,33.779999,34.599998,33.540001,34.439999,961400,34.439999
2013-01-03,32.669998,34.220001,32.529999,33.650002,1575700,33.650002
2013-01-02,32.119999,32.889999,32.110001,32.689999,1174200,32.689999
2012-12-31,30.209999,31.690001,29.77,31.49,754200,31.49
2012-12-28,29.790001,30.58,29.719999,30.34,585500,30.34
2012-12-27,30.940001,31.10,29.50,29.98,1099300,29.98
2012-12-26,30.34,31.09,30.290001,30.85,771300,30.85
2012-12-24,30.790001,31.360001,30.26,30.33,337700,30.33
2012-12-21,30.450001,30.85,29.85,30.700001,2628600,30.700001
2012-12-20,31.450001,31.51,30.49,30.950001,1484500,30.950001
2012-12-19,31.799999,32.27,31.120001,31.49,3096700,31.49
2012-12-18,30.74,32.00,30.74,31.639999,1501900,31.639999
2012-12-17,30.24,30.940001,29.790001,30.690001,1454400,30.690001
2012-12-14,30.459999,31.09,29.700001,30.10,1593500,30.10
2012-12-13,28.40,30.809999,28.40,30.60,2883800,30.60
2012-12-12,28.17,29.18,28.09,28.50,1121600,28.50
2012-12-11,28.00,28.379999,27.799999,28.00,1223200,28.00
2012-12-10,27.32,28.030001,27.01,27.99,1333700,27.99
2012-12-07,27.360001,27.57,26.91,27.200001,985400,27.200001
2012-12-06,27.280001,27.690001,26.91,27.360001,1484600,27.360001
2012-12-05,25.76,27.74,25.51,27.40,2423500,27.40
2012-12-04,26.50,27.49,26.360001,27.41,1845100,27.41
2012-12-03,26.620001,26.99,25.780001,26.120001,1293400,26.120001
2012-11-30,26.26,26.879999,26.040001,26.65,2354200,26.65
2012-11-29,26.450001,26.65,25.77,26.209999,2210400,26.209999
2012-11-28,26.190001,26.60,25.90,26.43,806200,26.43
2012-11-27,26.280001,26.84,26.209999,26.27,814500,26.27
2012-11-26,25.969999,26.65,25.75,26.24,810000,26.24
2012-11-23,25.60,26.299999,25.540001,25.799999,410500,25.799999
2012-11-21,24.84,25.450001,24.549999,25.32,1132700,25.32
2012-11-20,24.780001,24.870001,24.280001,24.700001,1426400,24.700001
2012-11-19,25.15,26.059999,24.75,24.889999,1036500,24.889999
2012-11-16,24.50,24.870001,24.120001,24.65,1232200,24.65
2012-11-15,24.75,24.959999,24.02,24.540001,1111000,24.540001
2012-11-14,25.540001,25.57,24.75,24.77,1220600,24.77
2012-11-13,25.60,25.85,25.34,25.379999,959100,25.379999
2012-11-12,26.559999,26.629999,25.709999,25.82,770100,25.82
2012-11-09,26.15,26.75,25.32,26.48,1257100,26.48
2012-11-08,27.08,27.15,25.950001,26.15,1702900,26.15
2012-11-07,26.60,27.139999,26.25,27.10,1646800,27.10
2012-11-06,26.870001,27.24,26.639999,26.99,1061500,26.99
2012-11-05,27.02,27.02,26.51,26.77,1229200,26.77
2012-11-02,27.700001,27.98,26.870001,27.040001,1525800,27.040001
2012-11-01,26.60,27.639999,26.60,27.559999,1494600,27.559999
2012-10-31,25.40,26.610001,25.25,26.440001,1757900,26.440001
2012-10-26,25.73,26.10,24.959999,25.40,2086100,25.40
2012-10-25,25.719999,26.18,25.66,25.82,1864600,25.82
2012-10-24,25.99,26.24,24.50,25.66,10678100,25.66
2012-10-23,32.720001,33.00,31.73,31.870001,2709600,31.870001
2012-10-22,33.099998,33.720001,32.48,33.41,1521000,33.41
2012-10-19,32.939999,33.189999,32.560001,33.119999,1152400,33.119999
2012-10-18,33.119999,33.209999,32.029999,33.189999,1300400,33.189999
2012-10-17,32.740002,33.619999,32.650002,33.389999,1533200,33.389999
2012-10-16,33.110001,33.650002,32.580002,32.709999,1114400,32.709999
2012-10-15,32.41,33.00,32.130001,32.82,1022000,32.82
2012-10-12,32.619999,33.400002,31.68,32.369999,1484800,32.369999
2012-10-11,32.939999,33.189999,32.139999,32.709999,1206200,32.709999
2012-10-10,32.779999,32.91,32.02,32.470001,1360500,32.470001
2012-10-09,34.029999,34.290001,32.810001,32.82,1597900,32.82
2012-10-08,32.18,34.279999,31.84,34.110001,1905000,34.110001
2012-10-05,32.32,33.25,32.32,32.540001,1333400,32.540001
2012-10-04,30.940001,32.23,30.379999,32.130001,2077000,32.130001
2012-10-03,30.98,31.77,30.379999,30.530001,2402800,30.530001
2012-10-02,31.09,31.190001,30.440001,30.780001,2210100,30.780001
2012-10-01,29.75,30.98,29.65,30.90,2581700,30.90
2012-09-28,30.110001,30.389999,29.01,29.889999,3394000,29.889999
2012-09-27,30.870001,32.990002,30.07,30.639999,11821300,30.639999
2012-09-26,27.57,27.57,26.16,26.780001,1429100,26.780001
2012-09-25,28.48,28.950001,27.50,27.57,2132900,27.57
2012-09-24,29.879999,30.01,27.75,28.18,2270600,28.18
2012-09-21,31.629999,31.99,30.059999,30.10,1642000,30.10
2012-09-20,32.220001,32.34,31.059999,31.32,1096500,31.32
2012-09-19,32.869999,33.23,32.450001,32.580002,712500,32.580002
2012-09-18,33.509998,33.84,32.259998,32.700001,1180800,32.700001
2012-09-17,34.560001,34.59,33.540001,33.610001,686300,33.610001
2012-09-14,35.16,36.110001,34.490002,34.75,1598200,34.75
2012-09-13,33.290001,35.50,32.959999,34.950001,1227600,34.950001
2012-09-12,32.900002,33.389999,32.619999,33.349998,888800,33.349998
2012-09-11,31.620001,32.830002,31.59,32.619999,1221500,32.619999
2012-09-10,31.66,31.99,31.26,31.629999,809600,31.629999
2012-09-07,31.84,32.279999,31.10,31.709999,1947100,31.709999
2012-09-06,32.049999,33.220001,32.049999,33.189999,1733400,33.189999
2012-09-05,31.76,31.879999,31.049999,31.75,659800,31.75
2012-09-04,31.15,31.940001,31.00,31.620001,1095400,31.620001
2012-08-31,31.59,31.73,30.969999,31.24,1463200,31.24
2012-08-30,32.48,32.889999,31.18,31.280001,1540500,31.280001
2012-08-29,32.25,32.950001,31.41,32.700001,952000,32.700001
2012-08-28,32.360001,33.07,32.07,32.150002,969600,32.150002
2012-08-27,32.349998,32.990002,31.790001,32.41,1636700,32.41
2012-08-24,31.709999,32.400002,31.110001,32.259998,971100,32.259998
2012-08-23,31.799999,32.68,31.50,31.719999,777000,31.719999
2012-08-22,32.939999,33.27,31.60,31.82,1109300,31.82
2012-08-21,32.869999,33.490002,32.799999,33.040001,1061200,33.040001
2012-08-20,33.529999,33.549999,32.310001,32.75,1189100,32.75
2012-08-17,32.759998,33.650002,32.16,33.52,1136300,33.52
2012-08-16,31.25,32.849998,31.209999,32.759998,1001200,32.759998
2012-08-15,31.700001,31.719999,30.77,31.209999,957600,31.209999
2012-08-14,31.35,31.83,30.99,31.73,1179400,31.73
2012-08-13,30.809999,31.26,30.190001,31.129999,794700,31.129999
2012-08-10,31.280001,31.67,30.40,30.76,1142800,30.76
2012-08-09,31.459999,31.860001,31.110001,31.549999,925400,31.549999
2012-08-08,31.65,32.34,31.23,31.40,1618500,31.40
2012-08-07,30.17,32.349998,30.110001,31.809999,1541100,31.809999
2012-08-06,28.879999,30.790001,28.75,30.110001,1856600,30.110001
2012-08-03,28.33,29.129999,28.139999,28.85,1718900,28.85
2012-08-02,28.530001,29.01,27.25,27.76,1719000,27.76
2012-08-01,28.83,29.559999,28.68,28.77,1410400,28.77
2012-07-31,29.280001,29.620001,28.35,28.49,2163700,28.49
2012-07-30,31.17,31.17,28.98,29.450001,3157200,29.450001
2012-07-27,30.23,31.559999,29.889999,31.34,1998100,31.34
2012-07-26,30.02,30.33,28.870001,30.139999,2436800,30.139999
2012-07-25,29.129999,31.629999,28.98,29.67,8523500,29.67
2012-07-24,27.049999,27.290001,26.120001,27.110001,3814400,27.110001
2012-07-23,25.74,27.209999,25.50,27.01,2247300,27.01
2012-07-20,27.360001,27.469999,26.18,26.540001,2136600,26.540001
2012-07-19,26.440001,27.860001,26.00,27.57,4243000,27.57
2012-07-18,25.25,25.77,24.809999,25.530001,2147200,25.530001
2012-07-17,24.24,25.389999,23.83,25.309999,2405400,25.309999
2012-07-16,25.700001,25.85,24.940001,25.32,1327300,25.32
2012-07-13,24.43,26.24,24.370001,25.690001,2429400,25.690001
2012-07-12,23.68,24.50,23.370001,24.280001,1772000,24.280001
2012-07-11,23.51,23.98,23.110001,23.84,1471300,23.84
2012-07-10,24.030001,24.25,23.23,23.48,1523800,23.48
2012-07-09,23.950001,24.77,23.629999,23.940001,2841400,23.940001
2012-07-06,23.35,24.719999,23.08,24.209999,2635400,24.209999
2012-07-05,22.75,23.870001,22.67,23.700001,2183300,23.700001
2012-07-03,22.33,22.91,22.18,22.83,853600,22.83
2012-07-02,23.32,23.49,22.08,22.35,1880800,22.35
2012-06-29,22.639999,23.709999,22.35,23.389999,2777800,23.389999
2012-06-28,21.41,23.43,21.41,22.219999,3980000,22.219999
2012-06-27,21.23,21.90,20.940001,21.75,2353800,21.75
2012-06-26,21.23,21.530001,20.700001,21.02,3399800,21.02
2012-06-25,21.860001,22.08,21.15,21.200001,2300300,21.200001
2012-06-22,21.90,22.23,21.73,22.030001,2191200,22.030001
2012-06-21,23.40,23.50,21.52,21.67,4232700,21.67
2012-06-20,23.49,23.870001,23.18,23.34,2594700,23.34
2012-06-19,23.719999,24.139999,23.450001,23.540001,2488200,23.540001
2012-06-18,23.690001,23.690001,23.049999,23.450001,2731800,23.450001
2012-06-15,23.200001,24.190001,23.18,24.18,6196700,24.18
2012-06-14,23.09,23.33,22.58,23.23,4619100,23.23
2012-06-13,24.129999,24.440001,22.76,23.00,5919200,23.00
2012-06-12,23.540001,23.99,22.950001,23.870001,4276900,23.870001
2012-06-11,25.34,25.790001,23.32,23.41,8204300,23.41
2012-06-08,22.84,25.700001,22.610001,25.540001,17047000,25.540001
2012-06-07,22.389999,22.780001,21.049999,22.389999,18994900,22.389999
2012-06-06,26.709999,26.879999,21.92,22.389999,41773800,22.389999
2012-06-05,42.610001,43.880001,41.529999,43.669998,2101700,43.669998
2012-06-04,43.52,43.66,41.59,42.700001,2812600,42.700001
2012-06-01,45.139999,45.139999,42.130001,43.139999,4396500,43.139999
2012-05-31,47.290001,47.290001,45.169998,46.209999,2219200,46.209999
2012-05-30,48.57,48.599998,46.50,47.299999,1943200,47.299999
2012-05-29,49.540001,49.740002,48.709999,48.959999,1538900,48.959999
2012-05-25,48.220001,50.84,48.189999,48.970001,2359900,48.970001
2012-05-24,48.099998,48.560001,46.389999,47.099998,2351000,47.099998
2012-05-23,48.389999,48.549999,46.73,47.75,2986400,47.75
2012-05-22,48.25,49.209999,47.830002,48.810001,2286400,48.810001
2012-05-21,46.439999,48.150002,45.720001,48.060001,1881800,48.060001
2012-05-18,46.400002,47.959999,45.759998,46.07,3343100,46.07
2012-05-17,49.400002,49.669998,46.220001,46.360001,3073800,46.360001
2012-05-16,51.650002,51.700001,49.07,49.380001,3001200,49.380001
2012-05-15,51.00,52.240002,50.27,51.400002,13381100,51.400002
2012-05-14,52.310001,52.880001,50.77,51.029999,3062500,51.029999
2012-05-11,51.349998,53.189999,50.720001,52.299999,4892400,52.299999
2012-05-10,52.43,53.560001,49.650002,49.919998,4943500,49.919998
2012-05-09,46.91,51.25,46.790001,48.790001,4888500,48.790001
2012-05-08,47.990002,47.990002,44.50,46.59,6857500,46.59
2012-05-07,55.560001,56.919998,45.439999,48.290001,19613400,48.290001
2012-05-04,58.209999,58.66,56.459999,56.709999,2163000,56.709999
2012-05-03,60.970001,61.290001,58.599998,59.040001,1838400,59.040001
2012-05-02,58.799999,62.00,58.290001,61.18,3632000,61.18
2012-05-01,58.759998,59.560001,58.139999,58.950001,2886400,58.950001
2012-04-30,59.740002,59.91,58.380001,58.84,2796200,58.84
2012-04-27,60.00,60.209999,58.740002,59.639999,2061400,59.639999
2012-04-26,62.099998,62.099998,57.93,60.00,6056100,60.00
2012-04-25,60.599998,62.450001,59.790001,62.029999,3147700,62.029999
2012-04-24,64.93,65.360001,59.080002,61.34,8285000,61.34
2012-04-23,65.830002,66.519997,63.880001,65.120003,3172300,65.120003
2012-04-20,69.769997,70.32,64.510002,66.529999,14965100,66.529999
2012-04-19,86.169998,86.589996,83.190002,83.75,3678600,83.75
2012-04-18,85.589996,87.43,84.980003,87.260002,1496500,87.260002
2012-04-17,86.57,86.790001,85.540001,86.260002,858900,86.260002
2012-04-16,86.610001,87.269997,85.139999,85.720001,1352600,85.720001
2012-04-13,84.739998,86.360001,84.739998,86.019997,1352900,86.019997
2012-04-12,83.519997,84.919998,83.449997,84.809998,854500,84.809998
