Date,Open,High,Low,Close,Volume,Adj Close
2016-11-25,35.68,35.84,34.849998,35.07,1543300,35.07
2016-11-23,37.09,37.849998,35.529999,35.68,5314400,35.68
2016-11-22,37.599998,38.200001,36.799999,37.389999,3623800,37.389999
2016-11-21,37.509998,38.880001,36.509998,36.799999,7342100,36.799999
2016-11-18,35.41,36.880001,34.549999,36.880001,4317700,36.880001
2016-11-17,37.419998,37.439999,34.75,35.209999,5867700,35.209999
2016-11-16,35.389999,37.84,35.00,37.049999,10955900,37.049999
2016-11-15,31.700001,34.849998,31.389999,34.73,5989700,34.73
2016-11-14,31.709999,32.970001,31.209999,31.389999,4061500,31.389999
2016-11-11,31.08,32.279999,31.030001,31.559999,2257900,31.559999
2016-11-10,33.139999,34.00,30.719999,31.50,5153300,31.50
2016-11-09,30.360001,33.700001,30.299999,31.809999,6392700,31.809999
2016-11-08,30.60,31.879999,29.92,31.41,6292200,31.41
2016-11-07,32.970001,33.099998,30.43,30.52,7343600,30.52
2016-11-04,34.16,35.200001,31.50,31.57,9990000,31.57
2016-11-03,33.869999,34.549999,32.41,32.599998,7687200,32.599998
2016-11-02,35.73,36.369999,33.450001,34.150002,5118300,34.150002
2016-11-01,35.400002,36.790001,34.709999,35.880001,9924500,35.880001
2016-10-31,35.41,36.25,33.75,34.119999,8314200,34.119999
2016-10-28,36.790001,37.700001,34.740002,35.419998,7189300,35.419998
2016-10-27,39.52,39.75,36.720001,37.259998,7109700,37.259998
2016-10-26,38.419998,40.43,38.25,39.240002,5316400,39.240002
2016-10-25,40.73,41.630001,38.549999,38.599998,7002500,38.599998
2016-10-24,42.200001,42.799999,40.639999,40.73,7135300,40.73
2016-10-21,41.00,43.099998,40.189999,41.060001,18570100,41.060001
2016-10-20,45.799999,46.949001,43.540001,44.139999,4040700,44.139999
2016-10-19,48.099998,48.18,45.50,46.509998,2969900,46.509998
2016-10-18,45.889999,48.939999,44.410999,47.77,6565000,47.77
2016-10-17,45.389999,47.217999,44.310001,44.450001,5101600,44.450001
2016-10-14,47.799999,49.59,45.68,46.110001,6714100,46.110001
2016-10-13,49.869999,49.950001,47.049999,47.240002,9154400,47.240002
2016-10-12,53.459999,53.59,50.040001,50.799999,2594600,50.799999
2016-10-11,54.43,54.599998,51.341,52.439999,5416000,52.439999
2016-10-10,57.630001,58.91,51.389999,52.02,8667900,52.02
2016-10-07,61.330002,61.98,59.27,60.580002,1737300,60.580002
2016-10-06,60.720001,62.77,60.071999,60.689999,1921800,60.689999
2016-10-05,62.09,63.139999,61.050999,61.470001,2417300,61.470001
2016-10-04,65.260002,65.730003,60.259998,60.939999,4149400,60.939999
2016-10-03,62.50,66.639999,62.43,65.019997,3766900,65.019997
2016-09-30,69.50,69.610001,63.009998,64.360001,7818000,64.360001
2016-09-29,69.129997,69.900002,68.199997,68.720001,3269900,68.720001
2016-09-28,70.489998,70.959999,67.440002,68.970001,6732500,68.970001
2016-09-27,66.00,68.989998,65.559998,68.220001,7971000,68.220001
2016-09-26,63.00,65.68,62.380001,64.239998,3880300,64.239998
2016-09-23,64.449997,68.400002,63.799999,64.07,7570100,64.07
2016-09-22,62.450001,66.480003,62.029999,64.919998,8998300,64.919998
2016-09-21,57.50,61.849998,56.849998,61.700001,5058300,61.700001
2016-09-20,57.869999,58.988998,56.599998,56.759998,2233000,56.759998
2016-09-19,57.540001,59.400002,56.900002,57.279999,4253400,57.279999
2016-09-16,54.299999,56.990002,53.66,56.75,4355300,56.75
2016-09-15,53.880001,54.849998,53.259998,54.00,2284200,54.00
2016-09-14,54.970001,55.00,52.77,53.119999,2714100,53.119999
2016-09-13,55.779999,56.75,53.599998,53.970001,4026100,53.970001
2016-09-12,55.080002,57.880001,54.580002,56.700001,3497400,56.700001
2016-09-09,57.00,58.00,55.02,56.00,4478700,56.00
2016-09-08,57.400002,58.450001,56.509998,57.450001,3661100,57.450001
2016-09-07,60.200001,60.400002,56.310001,56.630001,5303600,56.630001
2016-09-06,58.240002,60.689999,57.791,59.18,7321400,59.18
2016-09-02,54.93,57.740002,54.93,57.619999,3741000,57.619999
2016-09-01,53.610001,56.740002,53.599998,54.380001,5952900,54.380001
2016-08-31,53.990002,54.59,52.139999,53.619999,2177900,53.619999
2016-08-30,53.849998,54.93,53.509998,53.799999,3393300,53.799999
2016-08-29,54.549999,56.00,53.200001,53.82,4455700,53.82
2016-08-26,51.93,54.330002,49.611,54.25,7093700,54.25
2016-08-25,54.25,55.099998,51.257,51.93,5511100,51.93
2016-08-24,56.080002,58.07,53.349998,53.599998,7644700,53.599998
2016-08-23,60.150002,61.349998,55.709999,56.080002,7620800,56.080002
2016-08-22,56.23,59.75,55.34,58.650002,7201500,58.650002
2016-08-19,52.32,56.470001,51.849998,54.880001,6905500,54.880001
2016-08-18,59.139999,59.360001,54.150002,54.400002,7445200,54.400002
2016-08-17,60.900002,61.50,57.049999,58.860001,6795900,58.860001
2016-08-16,60.57,64.160004,59.060001,59.34,12272200,59.34
2016-08-15,56.75,66.399002,55.132999,58.470001,22052400,58.470001
2016-08-12,49.049999,53.369999,48.599998,53.290001,9286000,53.290001
2016-08-11,43.450001,49.00,43.450001,48.709999,8139400,48.709999
2016-08-10,43.220001,43.950001,41.900002,43.630001,2493600,43.630001
2016-08-09,44.32,45.689999,41.349998,43.009998,7377900,43.009998
2016-08-08,42.700001,42.919998,40.580002,42.50,3250000,42.50
2016-08-05,40.970001,41.720001,40.75,41.490002,1442500,41.490002
2016-08-04,38.900002,41.07,38.900002,40.59,1659600,40.59
2016-08-03,38.099998,39.00,37.200001,38.549999,1382800,38.549999
2016-08-02,39.099998,40.25,37.50,37.93,2648000,37.93
2016-08-01,40.630001,41.639999,39.110001,39.330002,2661800,39.330002
2016-07-29,42.75,42.881001,40.549999,40.630001,4887700,40.630001
2016-07-28,42.959999,43.700001,41.02,42.169998,4156600,42.169998
2016-07-27,40.919998,43.25,40.77,42.540001,4813900,42.540001
2016-07-26,40.549999,41.782001,39.75,40.389999,2247900,40.389999
2016-07-25,40.700001,41.490002,39.57,40.75,2240800,40.75
2016-07-22,40.32,41.759998,40.099998,40.810001,1938000,40.810001
2016-07-21,41.709999,42.549999,39.830002,40.119999,2634100,40.119999
2016-07-20,39.50,42.574001,38.509998,41.73,4511900,41.73
2016-07-19,40.529999,41.00,39.040001,39.07,2223600,39.07
2016-07-18,41.25,42.484001,40.150002,41.029999,3758300,41.029999
2016-07-15,42.740002,43.75,41.200001,43.00,2921400,43.00
2016-07-14,43.400002,44.799999,40.799999,41.75,7230800,41.75
2016-07-13,41.290001,42.75,40.209999,42.25,8547900,42.25
2016-07-12,37.990002,38.939999,36.814999,38.299999,4178900,38.299999
2016-07-11,36.299999,38.299999,35.790001,37.299999,5734700,37.299999
2016-07-08,37.25,37.400002,35.25,35.540001,3250100,35.540001
2016-07-07,38.41,38.619999,36.00,36.509998,4066600,36.509998
2016-07-06,33.41,37.93,33.27,37.93,5074100,37.93
2016-07-05,34.869999,35.43,33.07,34.040001,3998700,34.040001
2016-07-01,36.970001,37.34,33.650002,34.029999,7005300,34.029999
2016-06-30,39.68,41.889999,34.799999,36.50,18512600,36.50
2016-06-29,31.98,37.189999,31.75,37.080002,13783000,37.080002
2016-06-28,30.40,33.410999,29.57,29.92,10608500,29.92
2016-06-27,27.35,28.190001,26.299999,27.25,3907500,27.25
2016-06-24,27.540001,28.739,26.049999,26.299999,4667800,26.299999
2016-06-23,23.99,29.610001,23.66,28.790001,21272000,28.790001
