Date,Open,High,Low,Close,Volume,Adj Close
2016-11-25,31.23,31.639999,31.030001,31.23,98900,31.23
2016-11-23,31.74,31.74,31.09,31.309999,171200,31.309999
2016-11-22,31.709999,31.93,30.68,31.93,178400,31.93
2016-11-21,31.370001,32.50,31.01,31.879999,243000,31.879999
2016-11-18,31.969999,32.18,31.58,31.84,195700,31.185001
2016-11-17,31.860001,32.060001,31.26,31.780001,155900,31.126236
2016-11-16,31.02,31.959999,31.02,31.75,122200,31.096852
2016-11-15,30.690001,31.58,30.48,31.33,142800,30.685492
2016-11-14,30.059999,30.51,29.860001,30.32,109500,29.696269
2016-11-11,29.98,30.40,29.549999,30.309999,137900,29.686475
2016-11-10,30.200001,30.92,30.200001,30.34,144600,29.715858
2016-11-09,28.25,30.530001,28.25,30.059999,191300,29.441617
2016-11-08,28.66,29.219999,28.629999,28.83,174300,28.236921
2016-11-07,28.76,29.110001,28.76,28.959999,178200,28.364246
2016-11-04,28.299999,28.74,27.99,28.620001,146900,28.031242
2016-11-03,28.120001,28.540001,27.67,28.50,141000,27.91371
2016-11-02,28.559999,28.60,28.00,28.09,106700,27.512144
2016-11-01,28.950001,29.07,28.639999,28.99,132100,28.393629
2016-10-31,29.73,29.809999,28.809999,28.870001,210800,28.276099
2016-10-28,30.16,30.309999,29.799999,29.84,85900,29.226144
2016-10-27,30.26,30.540001,30.26,30.379999,139300,29.755034
2016-10-26,29.809999,30.309999,29.780001,30.219999,85500,29.598326
2016-10-25,30.17,30.27,29.809999,30.129999,87500,29.510177
2016-10-24,30.120001,30.49,30.059999,30.190001,75100,29.568944
2016-10-21,29.99,30.26,29.91,30.139999,90200,29.519972
2016-10-20,29.84,30.15,29.82,29.99,53900,29.373058
2016-10-19,29.84,30.25,29.73,30.110001,83300,29.49059
2016-10-18,30.18,30.34,29.60,29.610001,122300,29.000876
2016-10-17,29.91,30.200001,29.90,30.09,82000,29.471001
2016-10-14,29.92,30.10,29.870001,29.969999,66400,29.353469
2016-10-13,30.059999,30.34,29.82,29.950001,156300,29.333882
2016-10-12,30.389999,30.50,30.16,30.34,62000,29.715858
2016-10-11,30.57,30.57,29.91,30.530001,133500,29.90195
2016-10-10,29.809999,30.57,29.809999,30.540001,74100,29.911745
2016-10-07,29.93,29.98,29.60,29.700001,65100,29.089025
2016-10-06,29.950001,30.10,29.60,29.790001,70600,29.177173
2016-10-05,30.01,30.16,29.82,29.98,93500,29.363263
2016-10-04,30.17,30.290001,29.48,29.73,207100,29.118406
2016-10-03,30.75,30.90,30.219999,30.219999,120000,29.598326
2016-09-30,30.74,30.85,30.360001,30.75,60200,30.117424
2016-09-29,30.370001,30.58,30.030001,30.440001,120300,29.813801
2016-09-28,29.950001,30.52,29.51,30.35,139000,29.725653
2016-09-27,30.00,30.01,29.66,29.76,74700,29.14779
2016-09-26,30.60,30.860001,30.110001,30.24,97800,29.617915
2016-09-23,30.690001,30.950001,30.34,30.57,112500,29.941126
2016-09-22,30.549999,30.90,30.379999,30.90,132000,30.264338
2016-09-21,29.43,30.10,29.43,30.00,76300,29.382852
2016-09-20,29.450001,29.620001,29.33,29.360001,67600,28.756019
2016-09-19,29.50,29.60,29.33,29.49,112500,28.883344
2016-09-16,28.82,29.299999,28.719999,29.190001,109300,28.589516
2016-09-15,28.83,29.299999,28.790001,28.98,104900,28.383835
2016-09-14,28.73,29.389999,28.620001,28.92,101300,28.32507
2016-09-13,29.940001,29.940001,28.75,28.870001,143200,28.276099
2016-09-12,30.059999,30.17,29.84,29.940001,166100,29.324087
2016-09-09,31.10,31.190001,30.32,30.41,98300,29.784418
2016-09-08,31.139999,31.629999,31.10,31.43,157200,30.783435
2016-09-07,30.58,31.08,30.58,31.059999,91800,30.421046
2016-09-06,30.15,30.459999,30.15,30.379999,116200,29.755034
2016-09-02,30.32,30.530001,30.139999,30.139999,183100,29.519972
2016-09-01,30.25,30.639999,30.139999,30.18,210200,29.55915
2016-08-31,31.10,31.10,30.35,30.48,170400,29.852978
2016-08-30,31.02,31.15,30.77,30.860001,126100,30.225161
2016-08-29,31.459999,31.459999,30.92,30.93,118500,30.293721
2016-08-26,31.35,31.67,31.200001,31.459999,108900,30.812817
2016-08-25,31.110001,31.299999,31.049999,31.17,85500,30.528784
2016-08-24,31.66,31.690001,31.23,31.299999,135900,30.656109
2016-08-23,31.190001,31.93,31.120001,31.84,129400,31.185001
2016-08-22,31.620001,31.620001,31.059999,31.110001,190000,30.470018
2016-08-19,32.700001,32.799999,32.380001,32.470001,97000,31.160515
2016-08-18,32.77,32.93,32.549999,32.669998,138400,31.352447
2016-08-17,32.93,32.93,32.41,32.59,182700,31.275675
2016-08-16,32.169998,33.049999,31.91,32.959999,174400,31.630752
2016-08-15,31.84,32.07,31.68,32.07,246500,30.776646
2016-08-12,30.91,31.60,30.91,31.52,135200,30.248827
2016-08-11,31.290001,31.469999,30.719999,30.90,350500,29.65383
2016-08-10,31.68,31.690001,30.860001,31.35,208400,30.085683
2016-08-09,31.90,31.90,31.41,31.639999,193700,30.363987
2016-08-08,31.42,32.00,31.379999,31.84,115900,30.555922
2016-08-05,31.17,31.43,30.940001,31.309999,97500,30.047295
2016-08-04,30.67,31.200001,30.50,31.190001,123400,29.932136
2016-08-03,29.950001,30.719999,29.950001,30.719999,112300,29.481089
2016-08-02,29.85,30.33,29.530001,29.85,213600,28.646177
2016-08-01,30.93,30.93,30.01,30.15,179600,28.934077
2016-07-29,30.73,31.190001,30.709999,30.90,196500,29.65383
2016-07-28,31.52,31.870001,31.129999,31.190001,161300,29.932136
2016-07-27,32.02,32.57,31.66,31.66,153500,30.383181
2016-07-26,31.51,32.09,31.50,31.860001,161400,30.575116
2016-07-25,32.34,32.470001,31.73,31.790001,122600,30.507939
2016-07-22,32.009998,32.43,31.940001,32.349998,96500,31.045352
2016-07-21,32.32,32.689999,31.91,32.169998,132200,30.872611
2016-07-20,31.610001,32.240002,31.549999,32.18,72600,30.88221
2016-07-19,31.60,31.790001,31.379999,31.77,99900,30.488745
2016-07-18,31.370001,31.620001,31.200001,31.620001,149200,30.344795
2016-07-15,31.33,31.49,31.09,31.200001,100500,29.941733
2016-07-14,30.76,31.33,30.629999,31.280001,156200,30.018506
2016-07-13,31.639999,31.639999,30.690001,30.690001,96600,29.4523
2016-07-12,30.90,31.82,30.90,31.35,163000,30.085683
2016-07-11,30.549999,30.85,30.459999,30.700001,209100,29.461897
2016-07-08,30.10,30.48,29.959999,30.469999,93100,29.241172
2016-07-07,30.129999,30.700001,29.73,29.91,124200,28.703757
2016-07-06,30.25,30.26,29.90,30.059999,54200,28.847707
2016-07-05,30.41,30.50,29.790001,30.389999,103000,29.164398
2016-07-01,30.65,31.00,30.65,30.75,128700,29.50988
2016-06-30,30.75,30.879999,30.26,30.780001,110500,29.538671
2016-06-29,30.40,30.67,30.309999,30.450001,173500,29.22198
2016-06-28,30.280001,31.139999,29.950001,30.00,294200,28.790127
2016-06-27,29.65,30.059999,29.129999,30.00,208700,28.790127
2016-06-24,30.629999,31.00,29.98,30.23,130700,29.010851
2016-06-23,31.26,31.35,30.57,31.24,232800,29.980119
2016-06-22,30.190001,30.860001,30.030001,30.50,395700,29.269962
2016-06-21,29.67,30.40,29.610001,30.18,339600,28.962868
2016-06-20,29.780001,30.08,29.50,29.68,109600,28.483033
2016-06-17,29.23,29.48,29.00,29.32,122700,28.137551
2016-06-16,28.950001,29.049999,28.40,28.93,112200,27.763279
2016-06-15,28.17,29.049999,28.00,29.049999,227600,27.878439
2016-06-14,28.559999,28.809999,28.120001,28.42,239600,27.273847
2016-06-13,29.290001,29.459999,28.700001,28.799999,159900,27.638521
2016-06-10,30.40,30.67,29.60,29.629999,209100,28.435048
2016-06-09,30.50,30.99,30.34,30.959999,220500,29.71141
2016-06-08,30.719999,31.030001,30.66,30.889999,168500,29.644234
2016-06-07,30.450001,30.879999,30.35,30.620001,194000,29.385124
2016-06-06,30.129999,30.530001,30.120001,30.34,210500,29.116415
2016-06-03,29.620001,30.139999,29.42,30.129999,301500,28.914883
2016-06-02,28.879999,29.799999,28.77,29.68,218400,28.483033
2016-06-01,27.90,29.059999,27.90,29.01,210300,27.840053
2016-05-31,29.690001,29.889999,27.719999,27.90,436200,26.774818
2016-05-27,28.91,29.219999,28.719999,29.139999,214200,27.964809
2016-05-26,29.90,29.90,28.92,28.940001,321300,27.772876
2016-05-25,29.67,29.93,29.139999,29.77,289800,28.569403
2016-05-24,29.67,29.83,29.17,29.32,217000,28.137551
2016-05-23,29.43,29.82,29.309999,29.629999,180500,28.435048
2016-05-20,29.77,29.889999,29.360001,29.67,201900,28.473436
2016-05-19,29.73,30.360001,29.35,30.27,248200,28.420655
2016-05-18,30.27,30.299999,29.73,29.90,209700,28.073259
2016-05-17,30.280001,30.620001,30.01,30.139999,325400,28.298596
2016-05-16,29.450001,30.40,29.200001,30.40,218700,28.542712
2016-05-13,29.07,29.200001,28.60,29.00,214000,27.228245
2016-05-12,29.120001,29.15,28.83,29.07,258100,27.293968
2016-05-11,28.02,28.85,27.40,28.85,190600,27.08741
2016-05-10,28.309999,28.690001,28.059999,28.299999,130100,26.571011
2016-05-09,28.10,28.24,27.24,28.200001,148300,26.477122
2016-05-06,28.469999,28.77,28.17,28.209999,196700,26.486509
2016-05-05,28.809999,29.280001,28.23,28.52,144700,26.777571
2016-05-04,28.309999,28.450001,27.799999,28.049999,172100,26.336285
2016-05-03,28.450001,28.450001,27.34,28.049999,307700,26.336285
2016-05-02,30.00,30.00,28.82,28.969999,219900,27.200077
2016-04-29,29.65,29.879999,29.290001,29.860001,195900,28.035704
2016-04-28,29.76,29.82,29.129999,29.50,257600,27.697698
2016-04-27,29.25,29.860001,29.17,29.700001,302700,27.885479
2016-04-26,28.48,29.120001,28.290001,28.98,584700,27.209466
2016-04-25,28.299999,28.42,27.450001,27.92,224800,26.214228
2016-04-22,28.34,28.65,28.25,28.299999,227500,26.571011
2016-04-21,28.389999,28.59,28.00,28.25,240300,26.524066
2016-04-20,27.120001,28.280001,27.00,27.99,215400,26.279951
2016-04-19,25.83,27.24,25.83,27.219999,328000,25.556993
2016-04-18,24.50,25.879999,24.41,25.66,260900,24.092302
2016-04-15,25.440001,25.75,24.959999,25.23,210900,23.688573
2016-04-14,25.860001,25.860001,25.27,25.51,197400,23.951467
2016-04-13,25.139999,25.610001,24.75,25.549999,289000,23.989022
2016-04-12,24.74,25.280001,24.610001,25.120001,352100,23.585294
2016-04-11,24.99,25.290001,24.52,24.620001,127500,23.115842
2016-04-08,24.75,25.049999,24.629999,24.83,333600,23.313011
2016-04-07,24.00,24.23,23.77,24.16,149300,22.683945
2016-04-06,23.639999,24.209999,23.620001,24.07,144300,22.599443
2016-04-05,23.65,23.74,23.290001,23.389999,178500,21.960987
2016-04-04,24.200001,24.27,23.52,23.780001,225600,22.327162
2016-04-01,24.299999,24.360001,23.74,24.10,230000,22.627611
2016-03-31,23.440001,24.66,23.33,24.60,512900,23.097063
2016-03-30,23.440001,24.01,23.33,23.41,278600,21.979766
2016-03-29,22.90,23.35,22.52,23.24,178800,21.820152
2016-03-28,23.74,23.76,23.01,23.01,133500,21.604204
2016-03-24,23.65,24.049999,23.200001,23.540001,192200,22.101825
2016-03-23,24.26,24.50,23.75,23.93,205500,22.467997
2016-03-22,24.360001,24.91,24.25,24.629999,171900,23.125229
2016-03-21,25.18,25.18,24.440001,24.51,194600,23.012562
2016-03-18,25.90,26.219999,24.52,24.950001,307100,23.42568
2016-03-17,25.77,26.16,25.450001,25.540001,355200,23.979635
2016-03-16,24.90,25.60,24.690001,25.559999,324100,23.998411
2016-03-15,24.43,24.68,23.65,24.68,221500,23.172176
2016-03-14,24.700001,25.120001,24.459999,24.68,191500,23.172176
2016-03-11,24.73,25.17,24.389999,24.83,339400,23.313011
2016-03-10,24.91,25.219999,24.32,24.370001,208000,22.881116
2016-03-09,24.82,25.00,24.59,24.799999,207100,23.284843
2016-03-08,26.23,26.23,24.34,24.379999,272300,22.890503
2016-03-07,26.059999,26.68,26.049999,26.290001,231500,24.683813
2016-03-04,26.59,26.76,26.209999,26.309999,204000,24.70259
2016-03-03,25.610001,26.57,25.610001,26.27,331500,24.665035
2016-03-02,24.559999,25.90,24.49,25.790001,225800,24.214361
2016-03-01,24.68,25.32,24.469999,24.879999,282800,23.359956
2016-02-29,23.959999,24.93,23.74,24.26,357100,22.777836
2016-02-26,23.74,24.440001,23.51,23.58,351800,22.13938
2016-02-25,23.209999,23.559999,22.91,23.200001,260400,21.782597
2016-02-24,22.57,23.530001,22.32,23.469999,327200,22.0361
2016-02-23,23.799999,23.99,23.129999,23.129999,294100,21.716872
2016-02-22,23.030001,24.27,23.02,24.27,350100,22.787225
2016-02-19,22.780001,22.780001,22.200001,22.32,406200,20.956359
2016-02-18,22.879999,23.10,22.17,22.90,292800,21.500924
2016-02-17,22.15,23.209999,22.049999,23.16,489200,21.130056
2016-02-16,21.610001,22.450001,21.27,21.719999,392900,19.81627
2016-02-12,19.65,20.790001,19.26,20.690001,374800,18.876549
2016-02-11,19.65,20.08,18.67,19.08,472800,17.407663
2016-02-10,20.139999,20.870001,19.889999,20.120001,436200,18.356509
2016-02-09,20.299999,21.139999,19.73,20.459999,567300,18.666707
2016-02-08,23.15,23.15,21.200001,21.98,323400,20.053481
2016-02-05,24.379999,24.66,23.370001,23.50,200600,21.440256
2016-02-04,23.459999,24.639999,23.25,24.52,357400,22.370855
2016-02-03,23.389999,23.700001,22.48,23.370001,320900,21.321651
2016-02-02,23.10,23.139999,22.52,23.00,299300,20.98408
2016-02-01,23.879999,23.879999,22.82,23.57,277800,21.50412
2016-01-29,22.90,24.34,22.879999,24.34,692400,22.206631
2016-01-28,22.940001,23.309999,22.23,22.809999,554700,20.810733
2016-01-27,22.52,22.780001,21.66,22.02,550800,20.089976
2016-01-26,22.10,23.09,21.42,22.530001,388200,20.555276
2016-01-25,21.51,22.84,21.200001,21.84,343500,19.925753
2016-01-22,20.360001,21.99,20.360001,21.959999,538300,20.035234
2016-01-21,19.24,20.59,18.860001,19.49,744500,17.781727
2016-01-20,20.549999,20.549999,18.50,19.440001,524400,17.73611
2016-01-19,22.41,22.84,20.379999,21.139999,384600,19.287106
2016-01-15,22.040001,22.57,21.51,22.27,281100,20.318064
2016-01-14,21.77,23.450001,21.209999,23.139999,523700,21.111809
2016-01-13,23.75,24.16,21.57,21.700001,407000,19.798024
2016-01-12,24.200001,24.68,22.00,23.379999,492800,21.330773
2016-01-11,25.24,25.24,23.51,23.75,226200,21.668344
2016-01-08,25.139999,25.799999,24.85,25.120001,252600,22.918266
2016-01-07,26.00,26.610001,25.049999,25.049999,342800,22.8544
2016-01-06,27.440001,27.540001,26.27,26.629999,310900,24.295915
2016-01-05,28.17,28.17,27.299999,27.879999,223800,25.436354
2016-01-04,27.370001,28.33,26.92,28.07,456700,25.609701
2015-12-31,25.34,28.08,25.059999,27.82,904900,25.381613
2015-12-30,24.950001,26.25,24.58,25.74,1036100,23.483923
2015-12-29,25.92,26.08,24.82,25.07,830000,22.872647
2015-12-28,27.32,27.57,25.25,25.469999,954000,23.237587
2015-12-24,28.389999,28.59,27.50,27.73,417900,25.299501
2015-12-23,25.73,28.110001,25.73,28.00,1641800,25.545837
2015-12-22,23.940001,25.709999,23.809999,25.469999,839700,23.237587
2015-12-21,23.74,23.99,23.360001,23.76,827600,21.677467
2015-12-18,23.85,24.379999,23.379999,23.620001,759400,21.549739
2015-12-17,24.18,24.18,23.030001,23.91,762600,21.81432
2015-12-16,22.52,24.209999,22.42,24.139999,750100,22.02416
2015-12-15,22.57,23.17,22.110001,22.58,661800,20.600893
2015-12-14,22.559999,22.559999,21.629999,22.219999,725100,20.272445
2015-12-11,24.08,24.08,22.40,22.58,881300,20.600893
2015-12-10,23.67,24.620001,23.530001,24.309999,904300,22.17926
2015-12-09,22.700001,24.190001,22.700001,23.709999,1146700,21.631849
2015-12-08,21.799999,23.59,21.35,22.40,948600,20.436669
2015-12-07,23.85,24.879999,21.309999,22.27,1124400,20.318064
2015-12-04,24.620001,24.67,23.700001,24.440001,1448900,22.297867
2015-12-03,25.40,25.809999,24.450001,24.809999,931500,22.635436
2015-12-02,25.950001,26.16,25.09,25.41,1079400,23.182847
2015-12-01,26.469999,26.98,26.00,26.209999,538600,23.912727
2015-11-30,26.809999,27.110001,26.43,26.57,686100,24.241174
2015-11-27,26.059999,26.620001,26.040001,26.540001,148800,24.213805
2015-11-25,26.299999,26.42,25.99,26.17,521900,23.876234
2015-11-24,26.43,27.07,26.16,26.370001,644600,24.058705
2015-11-23,27.01,27.17,26.040001,26.08,467400,23.794122
2015-11-20,27.51,27.98,26.75,26.90,437800,24.54225
2015-11-19,28.48,28.52,27.360001,27.459999,348900,25.053166
2015-11-18,28.540001,29.42,28.540001,29.120001,546500,25.970081
2015-11-17,29.370001,29.559999,28.24,28.299999,411100,25.238779
2015-11-16,28.25,29.67,28.209999,29.440001,457000,26.255466
2015-11-13,27.90,28.030001,27.209999,28.00,335200,24.971231
2015-11-12,28.299999,28.34,27.549999,27.799999,323500,24.792864
2015-11-11,29.10,29.280001,28.26,28.549999,195500,25.461736
2015-11-10,29.379999,29.85,29.01,29.08,241400,25.934407
2015-11-09,29.91,30.120001,29.24,29.59,222200,26.38924
2015-11-06,29.84,30.57,29.559999,30.120001,440200,26.86191
2015-11-05,30.700001,31.120001,30.00,30.16,255300,26.897583
2015-11-04,31.610001,31.620001,30.51,31.00,323900,27.64672
2015-11-03,30.91,31.60,30.91,31.51,484700,28.101553
2015-11-02,30.299999,31.129999,30.299999,30.73,305900,27.405925
2015-10-30,29.98,30.65,29.41,30.65,343900,27.334579
2015-10-29,28.549999,29.969999,28.549999,29.77,317700,26.54977
2015-10-28,27.299999,28.99,27.01,28.76,395500,25.649021
2015-10-27,27.809999,28.110001,26.76,27.200001,396600,24.257768
2015-10-26,29.51,29.51,28.23,28.23,277100,25.176351
2015-10-23,29.65,29.860001,29.219999,29.530001,319200,26.335731
2015-10-22,31.530001,31.57,29.67,29.709999,466000,26.496259
2015-10-21,31.91,32.18,31.450001,31.450001,279400,28.048044
2015-10-20,31.51,32.139999,31.23,32.040001,384000,28.574223
2015-10-19,31.780001,31.870001,31.209999,31.59,206000,28.172899
2015-10-16,31.879999,32.450001,31.75,32.02,248700,28.556386
2015-10-15,31.66,32.25,31.469999,31.76,235100,28.324511
2015-10-14,31.219999,32.119999,31.17,31.790001,334600,28.351266
2015-10-13,31.639999,32.119999,31.209999,31.360001,146000,27.967779
2015-10-12,32.07,32.07,31.23,31.870001,224600,28.422612
2015-10-09,32.23,32.790001,31.93,32.130001,276800,28.654488
2015-10-08,31.59,32.240002,31.389999,32.220001,147300,28.734753
2015-10-07,31.700001,31.74,31.10,31.700001,253400,28.271001
2015-10-06,29.77,31.25,29.57,31.200001,303100,27.825086
2015-10-05,29.549999,30.190001,29.33,29.52,323900,26.326812
2015-10-02,27.66,29.18,27.370001,29.18,213000,26.02359
2015-10-01,27.32,28.16,27.17,28.040001,298200,25.006905
2015-09-30,26.610001,28.129999,26.41,27.110001,644800,24.177503
2015-09-29,29.469999,29.469999,26.52,26.540001,600600,23.66916
2015-09-28,30.32,30.32,29.40,29.530001,372900,26.335731
2015-09-25,31.27,31.389999,30.23,30.530001,152900,27.22756
2015-09-24,31.049999,31.17,30.27,30.959999,237000,27.611046
2015-09-23,32.299999,32.34,31.299999,31.33,191600,27.941023
2015-09-22,32.139999,32.48,32.040001,32.369999,205400,28.868525
2015-09-21,32.419998,32.650002,32.02,32.57,261100,29.046892
2015-09-18,32.299999,32.68,32.130001,32.34,229200,28.841772
2015-09-17,32.939999,33.259998,32.52,32.709999,160900,29.171748
2015-09-16,32.73,33.040001,32.34,32.950001,329100,29.385788
2015-09-15,32.119999,32.740002,32.080002,32.549999,290000,29.029055
2015-09-14,32.529999,32.580002,32.110001,32.34,203600,28.841772
2015-09-11,33.400002,33.400002,32.509998,32.580002,173700,29.055812
2015-09-10,33.540001,33.98,33.049999,33.50,211600,29.876294
2015-09-09,34.439999,34.869999,33.50,33.59,172700,29.956559
2015-09-08,35.52,35.73,34.200001,34.439999,228500,30.714613
2015-09-04,34.32,35.470001,34.130001,35.389999,224200,31.561851
2015-09-03,35.049999,35.50,34.470001,34.560001,296500,30.821635
2015-09-02,35.990002,36.040001,34.799999,35.009998,212500,31.222955
2015-09-01,34.790001,35.830002,34.490002,35.630001,362200,31.775892
2015-08-31,35.599998,36.02,34.919998,35.880001,390000,31.998849
2015-08-28,34.220001,35.950001,34.220001,35.73,201600,31.865074
2015-08-27,32.880001,34.759998,32.700001,34.450001,350300,30.723533
2015-08-26,32.669998,32.77,32.00,32.560001,275500,29.037975
2015-08-25,32.310001,32.599998,31.60,32.139999,255000,28.663405
2015-08-24,31.370001,32.68,31.02,31.299999,457000,27.914268
2015-08-21,33.900002,34.099998,33.200001,33.200001,185100,29.608746
2015-08-20,34.580002,34.869999,33.950001,34.09,217700,30.402474
2015-08-19,35.799999,36.040001,35.169998,35.360001,171200,30.955409
2015-08-18,35.619999,35.880001,35.509998,35.880001,141800,31.410636
2015-08-17,35.259998,35.84,35.110001,35.720001,185800,31.270567
2015-08-14,33.91,35.360001,33.91,35.18,227900,30.797831
2015-08-13,33.880001,34.259998,33.50,33.970001,307300,29.738554
2015-08-12,33.049999,34.200001,33.00,33.939999,451300,29.712289
2015-08-11,33.049999,33.509998,32.330002,33.189999,419500,29.055712
2015-08-10,32.18,33.720001,32.18,33.689999,226300,29.49343
2015-08-07,32.880001,32.970001,32.200001,32.25,229100,28.232804
2015-08-06,32.84,33.200001,31.799999,32.68,417100,28.609241
2015-08-05,34.740002,35.02,32.860001,32.900002,272700,28.801838
2015-08-04,35.25,35.330002,34.490002,34.529999,237000,30.228796
2015-08-03,35.509998,35.689999,35.02,35.189999,225200,30.806584
2015-07-31,36.509998,36.700001,35.650002,35.669998,374000,31.226792
2015-07-30,36.099998,36.639999,35.799999,36.48,233100,31.935896
2015-07-29,35.50,36.23,35.130001,36.099998,252000,31.60323
2015-07-28,34.389999,35.619999,34.119999,35.470001,324700,31.051708
2015-07-27,33.560001,34.540001,33.299999,34.470001,263100,30.176272
2015-07-24,33.02,33.82,32.799999,33.790001,245600,29.580975
2015-07-23,33.00,33.619999,32.75,33.009998,270900,28.898133
2015-07-22,33.639999,33.810001,32.689999,32.889999,283800,28.793082
2015-07-21,34.060001,34.639999,33.619999,33.639999,218900,29.449659
2015-07-20,35.18,35.220001,34.060001,34.150002,270600,29.896133
2015-07-17,35.720001,35.84,35.009998,35.209999,215200,30.824093
2015-07-16,36.48,36.48,35.669998,35.75,314600,31.296829
2015-07-15,37.400002,37.41,36.380001,36.52,162500,31.970915
2015-07-14,37.18,37.900002,37.139999,37.349998,206300,32.697525
2015-07-13,37.279999,37.380001,37.130001,37.25,106700,32.609982
2015-07-10,36.740002,37.18,36.66,37.049999,145600,32.434895
2015-07-09,36.59,36.91,36.360001,36.549999,118100,31.997177
2015-07-08,36.619999,36.810001,36.02,36.169998,113600,31.66451
2015-07-07,36.380001,36.93,35.299999,36.93,186800,32.329843
2015-07-06,36.529999,36.529999,36.07,36.080002,154400,31.585724
2015-07-02,36.310001,36.720001,36.169998,36.610001,246000,32.049704
2015-07-01,37.09,37.09,36.080002,36.330002,518800,31.804583
2015-06-30,36.369999,36.950001,36.07,36.91,504300,32.312334
2015-06-29,37.720001,37.73,36.16,36.27,369200,31.752056
2015-06-26,38.75,38.75,37.669998,37.73,159600,33.030191
2015-06-25,38.950001,39.119999,38.740002,38.740002,83900,33.914383
2015-06-24,38.889999,39.209999,38.889999,39.099998,92900,34.229537
2015-06-23,39.099998,39.259998,38.860001,38.970001,121600,34.115733
2015-06-22,39.48,39.560001,39.049999,39.09,77800,34.220784
2015-06-19,39.549999,39.790001,39.380001,39.380001,92400,34.474662
2015-06-18,40.09,40.189999,39.619999,39.740002,89900,34.789819
2015-06-17,40.009998,40.150002,39.849998,40.110001,91800,35.113729
2015-06-16,39.869999,40.060001,39.77,39.869999,84200,34.903623
2015-06-15,39.360001,39.869999,39.360001,39.799999,215000,34.842343
2015-06-12,39.84,40.00,39.52,39.650002,115000,34.71103
2015-06-11,40.43,40.540001,40.00,40.009998,146200,35.026184
2015-06-10,40.91,40.959999,40.540001,40.57,131100,35.516429
2015-06-09,41.23,41.43,40.82,40.880001,129400,35.787815
2015-06-08,41.310001,41.700001,41.040001,41.279999,131200,36.137987
2015-06-05,40.529999,41.490002,40.389999,41.32,166300,36.173006
2015-06-04,41.16,41.240002,40.50,40.799999,179100,35.717779
2015-06-03,41.959999,41.959999,41.110001,41.130001,114200,36.006674
2015-06-02,41.93,42.02,41.77,41.880001,131900,36.663251
2015-06-01,42.139999,42.610001,41.900002,41.919998,168200,36.698266
2015-05-29,42.169998,42.240002,41.669998,42.02,200900,36.785811
2015-05-28,42.02,42.02,41.790001,41.880001,97300,36.663251
2015-05-27,42.02,42.240002,41.75,42.099998,178700,36.855845
2015-05-26,41.869999,42.150002,41.279999,41.950001,289600,36.724531
2015-05-22,41.959999,42.049999,41.669998,41.869999,201400,36.654495
2015-05-21,42.52,42.549999,41.970001,42.02,192700,36.785811
2015-05-20,42.98,42.98,42.32,42.32,287200,37.048442
2015-05-19,44.139999,44.369999,43.400002,43.490002,165900,37.508048
2015-05-18,44.349998,44.669998,44.240002,44.27,167600,38.18076
2015-05-15,44.48,44.599998,44.110001,44.419998,190400,38.310126
2015-05-14,43.990002,44.599998,43.860001,44.369999,159100,38.267004
2015-05-13,43.299999,43.830002,43.139999,43.75,169000,37.732284
2015-05-12,42.540001,43.18,42.52,43.099998,112100,37.171689
2015-05-11,43.50,43.669998,42.849998,42.849998,217900,36.956076
2015-05-08,44.220001,44.23,43.709999,43.709999,131500,37.697785
2015-05-07,44.18,44.290001,43.599998,43.919998,135600,37.878899
2015-05-06,44.59,44.639999,43.869999,44.290001,211800,38.198009
2015-05-05,44.450001,44.68,44.080002,44.549999,167300,38.422245
2015-05-04,44.349998,44.52,44.080002,44.41,175900,38.301502
2015-05-01,44.549999,44.549999,43.830002,44.459999,126300,38.344624
2015-04-30,44.049999,44.490002,43.93,44.400002,194200,38.292879
2015-04-29,43.369999,44.23,43.02,44.119999,165000,38.051391
2015-04-28,43.50,43.549999,43.25,43.459999,120800,37.482172
2015-04-27,43.759998,43.84,43.41,43.450001,121400,37.473549
2015-04-24,43.279999,43.860001,43.279999,43.740002,145400,37.723661
2015-04-23,43.369999,43.75,43.25,43.310001,113400,37.352806
2015-04-22,43.099998,43.349998,43.07,43.200001,61200,37.257936
2015-04-21,43.139999,43.25,42.91,43.189999,77800,37.24931
2015-04-20,43.169998,43.470001,42.939999,43.07,86900,37.145816
2015-04-17,43.27,43.360001,42.759998,42.849998,107700,36.956076
2015-04-16,43.18,43.73,43.110001,43.369999,86300,37.404551
2015-04-15,42.82,43.349998,42.720001,43.290001,98700,37.335557
2015-04-14,42.080002,42.700001,42.080002,42.68,147000,36.809461
2015-04-13,42.560001,42.66,42.150002,42.150002,52700,36.352362
2015-04-10,42.790001,42.93,42.560001,42.619999,67000,36.757712
2015-04-09,42.459999,43.049999,42.369999,42.700001,72500,36.82671
2015-04-08,42.900002,43.119999,42.43,42.48,103600,36.636969
2015-04-07,42.549999,43.200001,42.52,42.98,143800,37.068196
2015-04-06,42.279999,42.610001,42.279999,42.57,82900,36.71459
2015-04-02,42.200001,42.400002,42.009998,42.279999,79500,36.464478
2015-04-01,42.07,42.330002,41.91,42.150002,154800,36.352362
2015-03-31,41.75,42.09,41.73,42.029999,155200,36.248865
2015-03-30,41.75,41.990002,41.619999,41.919998,146500,36.153995
2015-03-27,41.950001,42.150002,41.509998,41.75,127600,36.00738
2015-03-26,42.16,42.25,41.709999,41.860001,125800,36.10225
2015-03-25,41.93,41.990002,41.669998,41.720001,156800,35.981507
2015-03-24,42.27,42.27,41.84,41.869999,134400,36.110873
2015-03-23,42.130001,42.400002,41.93,42.139999,189900,36.343736
2015-03-20,42.02,42.209999,41.799999,41.950001,174700,36.179871
2015-03-19,41.709999,41.970001,41.310001,41.950001,118100,36.179871
2015-03-18,41.360001,42.220001,41.27,41.939999,175000,36.171244
2015-03-17,41.990002,42.060001,41.400002,41.540001,173700,35.826266
2015-03-16,43.470001,43.610001,42.00,42.049999,240200,36.266115
2015-03-13,43.549999,43.599998,43.32,43.459999,261400,37.482172
2015-03-12,43.23,43.700001,43.09,43.700001,141900,37.689162
2015-03-11,43.57,43.57,43.029999,43.299999,213100,37.34418
2015-03-10,43.50,43.610001,43.25,43.48,254600,37.499422
2015-03-09,44.23,44.490002,43.720001,43.799999,140400,37.775406
2015-03-06,44.290001,44.439999,43.880001,44.299999,94400,38.206632
2015-03-05,44.349998,44.740002,44.200001,44.529999,72500,38.404996
2015-03-04,44.240002,44.349998,43.939999,44.310001,101500,38.215259
2015-03-03,43.700001,44.279999,43.560001,44.27,132300,38.18076
2015-03-02,43.689999,43.830002,43.419998,43.57,104200,37.577042
2015-02-27,43.970001,44.139999,43.599998,43.790001,116300,37.766783
2015-02-26,44.240002,44.27,43.630001,43.73,89800,37.715035
2015-02-25,43.73,44.369999,43.73,44.310001,104200,38.215259
2015-02-24,43.560001,43.73,43.349998,43.73,169300,37.715035
2015-02-23,43.689999,43.830002,43.150002,43.32,180200,37.361429
2015-02-20,43.57,44.09,43.459999,43.689999,132800,37.680536
2015-02-19,42.919998,43.549999,42.919998,43.529999,89600,37.542544
2015-02-18,43.529999,43.700001,43.299999,43.380001,99500,37.413178
2015-02-17,44.310001,44.400002,44.00,44.299999,129900,37.654662
2015-02-13,44.630001,45.240002,44.540001,44.580002,85500,37.892663
2015-02-12,43.82,44.540001,43.82,44.369999,62900,37.714162
2015-02-11,44.299999,44.48,43.720001,43.740002,114200,37.178669
2015-02-10,45.02,45.09,44.130001,44.299999,70500,37.654662
2015-02-09,45.639999,45.860001,44.619999,44.700001,182400,37.994661
2015-02-06,45.310001,45.720001,45.029999,45.599998,100300,38.759652
2015-02-05,44.549999,45.09,44.41,45.060001,157300,38.300658
2015-02-04,44.450001,44.630001,43.810001,44.259998,129800,37.620662
2015-02-03,43.759998,44.93,43.689999,44.68,187600,37.97766
2015-02-02,43.220001,43.700001,43.029999,43.549999,132500,37.017168
2015-01-30,42.73,43.639999,42.419998,43.099998,86600,36.634671
2015-01-29,42.57,43.060001,42.009998,42.880001,79300,36.447675
2015-01-28,43.639999,43.639999,42.490002,42.540001,124900,36.158677
2015-01-27,43.389999,43.540001,43.02,43.439999,117900,36.923668
2015-01-26,43.349998,43.919998,43.349998,43.610001,108400,37.068169
2015-01-23,43.41,43.59,43.16,43.41,128900,36.89817
2015-01-22,43.93,43.98,43.189999,43.610001,132600,37.068169
2015-01-21,42.790001,43.529999,42.68,43.48,226200,36.957669
2015-01-20,43.009998,43.360001,42.580002,42.709999,173500,36.303174
2015-01-16,41.439999,43.23,41.439999,43.040001,200600,36.583673
2015-01-15,41.790001,41.880001,41.189999,41.439999,185100,35.223684
2015-01-14,40.450001,42.099998,40.259998,41.490002,329600,35.266186
2015-01-13,41.150002,41.560001,40.939999,41.040001,616400,34.883689
2015-01-12,42.669998,43.139999,40.630001,41.09,423900,34.926188
2015-01-09,42.740002,43.060001,42.029999,43.060001,249100,36.600674
2015-01-08,41.889999,42.610001,41.779999,42.560001,278900,36.175677
2015-01-07,42.880001,43.139999,41.470001,41.560001,241100,35.325685
2015-01-06,43.25,43.68,42.310001,42.549999,200500,36.167176
2015-01-05,44.389999,44.389999,42.82,43.330002,184000,36.830172
2015-01-02,43.740002,44.720001,43.740002,44.720001,65100,38.011661
2014-12-31,43.93,44.389999,43.75,43.77,147000,37.204167
2014-12-30,44.060001,44.330002,43.720001,44.139999,187600,37.518664
2014-12-29,43.93,44.360001,43.75,44.060001,202900,37.450666
2014-12-26,43.75,44.18,43.419998,44.18,152600,37.552664
2014-12-24,43.630001,43.849998,43.540001,43.73,119800,37.170167
2014-12-23,43.669998,44.150002,43.419998,43.73,195300,37.170167
2014-12-22,45.360001,45.360001,43.240002,43.349998,221800,36.847169
2014-12-19,44.93,46.00,44.560001,45.290001,226700,38.496156
2014-12-18,44.220001,44.779999,43.59,44.630001,195600,37.935161
2014-12-17,41.040001,43.709999,41.040001,43.540001,200200,37.00867
2014-12-16,40.610001,41.599998,40.130001,41.169998,365100,34.994185
2014-12-15,41.59,41.91,40.66,40.959999,320600,34.815688
2014-12-12,42.400002,42.450001,41.360001,41.380001,307900,35.172686
2014-12-11,42.73,43.689999,42.599998,42.75,309700,36.337175
2014-12-10,43.580002,43.580002,42.580002,42.73,266600,36.320175
2014-12-09,43.240002,44.130001,42.799999,43.91,205600,37.323166
2014-12-08,45.099998,45.099998,43.02,43.43,295200,36.91517
2014-12-05,45.669998,45.880001,45.150002,45.220001,163100,38.436657
2014-12-04,45.799999,46.240002,45.349998,45.66,96900,38.810653
2014-12-03,45.509998,46.25,45.509998,46.009998,113400,39.108149
2014-12-02,44.419998,45.490002,44.07,45.360001,153900,38.555656
2014-12-01,45.669998,45.84,43.240002,44.419998,421300,37.756661
2014-11-28,47.950001,48.279999,46.040001,46.099998,189200,39.184648
2014-11-26,48.25,48.59,48.009998,48.57,69500,41.28413
2014-11-25,48.419998,48.490002,48.080002,48.23,84300,40.995133
2014-11-24,48.43,48.700001,47.869999,48.18,112500,40.952634
2014-11-21,48.59,48.93,48.07,48.169998,137100,40.944132
2014-11-20,47.619999,47.950001,47.490002,47.950001,69100,40.757136
2014-11-19,47.150002,48.00,46.93,47.619999,163600,40.476637
2014-11-18,47.700001,47.91,47.529999,47.700001,100800,40.021892
2014-11-17,47.330002,48.099998,47.060001,47.599998,88800,39.937987
2014-11-14,47.18,47.490002,46.880001,47.34,85900,39.71984
2014-11-13,48.099998,48.150002,47.130001,47.240002,200100,39.635938
2014-11-12,47.099998,48.00,47.049999,47.959999,152600,40.240039
2014-11-11,46.25,47.25,45.91,47.150002,205500,39.560424
2014-11-10,45.77,46.330002,45.619999,46.299999,219600,38.847244
2014-11-07,44.82,46.07,44.82,45.880001,141300,38.494852
2014-11-06,44.650002,45.169998,44.52,45.099998,129200,37.840403
2014-11-05,44.470001,44.959999,44.060001,44.959999,161800,37.722939
2014-11-04,45.509998,45.66,44.16,44.400002,286700,37.253083
2014-11-03,45.889999,46.16,45.560001,45.700001,100600,38.343825
2014-10-31,46.029999,46.279999,45.450001,45.889999,204100,38.503241
2014-10-30,46.290001,46.360001,45.84,46.040001,80300,38.629097
2014-10-29,46.43,46.779999,46.189999,46.439999,92000,38.964708
2014-10-28,46.799999,46.82,46.279999,46.439999,87800,38.964708
2014-10-27,46.68,46.720001,46.080002,46.720001,72800,39.19964
2014-10-24,46.540001,47.029999,46.400002,46.93,81600,39.375836
2014-10-23,46.439999,46.889999,46.349998,46.639999,91000,39.132516
2014-10-22,46.049999,46.68,45.82,46.130001,94300,38.70461
2014-10-21,45.060001,46.360001,45.060001,46.040001,114200,38.629097
2014-10-20,45.110001,45.52,44.360001,44.860001,120700,37.639037
2014-10-17,44.650002,46.490002,44.610001,45.09,328500,37.832015
2014-10-16,41.16,45.32,41.00,44.189999,315900,37.076883
2014-10-15,40.09,42.23,39.150002,41.860001,357200,35.121937
2014-10-14,41.540001,41.639999,39.66,40.75,473500,34.19061
2014-10-13,43.950001,44.25,41.599998,41.610001,237800,34.912179
2014-10-10,44.619999,44.740002,41.560001,43.950001,431200,36.875517
2014-10-09,46.189999,46.189999,44.709999,44.720001,173300,37.521573
2014-10-08,46.610001,46.779999,45.709999,46.130001,93100,38.70461
2014-10-07,47.299999,47.299999,46.73,46.75,65700,39.22481
2014-10-06,48.040001,48.150002,47.389999,47.389999,56800,39.761791
2014-10-03,47.900002,48.110001,47.560001,47.990002,62700,40.265213
2014-10-02,47.84,47.990002,47.07,47.810001,102800,40.114186
2014-10-01,48.09,48.57,47.66,47.830002,91800,40.130967
2014-09-30,47.709999,48.099998,47.419998,48.099998,99300,40.357504
2014-09-29,47.060001,47.669998,46.889999,47.619999,105000,39.954768
2014-09-26,46.470001,47.23,46.349998,47.23,160300,39.627545
2014-09-25,45.970001,46.299999,45.799999,46.290001,133300,38.838855
2014-09-24,46.200001,46.27,45.59,45.919998,156500,38.528411
2014-09-23,46.639999,46.82,46.18,46.330002,138600,38.872417
2014-09-22,47.50,47.50,46.599998,46.639999,129400,39.132516
2014-09-19,47.560001,47.720001,47.169998,47.48,66900,39.837304
2014-09-18,47.189999,47.50,46.950001,47.41,93300,39.778572
2014-09-17,47.610001,47.610001,47.060001,47.150002,113300,39.560424
2014-09-16,47.380001,47.77,47.099998,47.400002,77800,39.770183
2014-09-15,47.540001,47.560001,47.009998,47.439999,86900,39.803742
2014-09-12,48.34,48.369999,47.50,47.810001,132400,40.114186
2014-09-11,48.48,48.669998,48.32,48.560001,64500,40.743461
2014-09-10,48.869999,48.889999,47.779999,48.66,134400,40.827363
2014-09-09,48.59,48.73,48.57,48.689999,109000,40.852533
2014-09-08,48.57,48.580002,48.439999,48.50,89100,40.693118
2014-09-05,48.52,48.68,48.52,48.610001,66100,40.785412
2014-09-04,48.709999,48.919998,48.490002,48.59,111200,40.768631
2014-09-03,48.75,48.91,48.59,48.799999,126500,40.944828
2014-09-02,49.080002,49.080002,48.669998,48.720001,127900,40.877707
2014-08-29,48.68,49.00,48.509998,49.00,102000,41.112635
2014-08-28,48.25,48.580002,48.23,48.560001,89800,40.743461
2014-08-27,48.18,48.369999,48.009998,48.32,107300,40.542092
2014-08-26,48.009998,48.119999,47.91,48.040001,83900,40.307164
2014-08-25,47.830002,48.299999,47.709999,47.91,171900,40.198088
2014-08-22,48.509998,48.560001,47.509998,47.790001,118500,40.097405
2014-08-21,48.349998,48.740002,48.279999,48.380001,106500,40.592435
2014-08-20,48.389999,48.599998,48.23,48.400002,153500,40.609216
2014-08-19,48.580002,48.93,48.349998,48.900002,82400,40.516923
2014-08-18,48.529999,48.799999,48.279999,48.389999,89900,40.094352
2014-08-15,48.299999,48.50,48.169998,48.490002,56700,40.177211
2014-08-14,47.599998,48.290001,47.599998,48.18,66000,39.920354
2014-08-13,47.630001,47.990002,47.240002,47.740002,77100,39.555786
2014-08-12,47.299999,47.580002,46.919998,47.529999,117100,39.381784
2014-08-11,47.169998,48.09,47.130001,47.349998,121900,39.232642
2014-08-08,45.349998,45.82,45.209999,45.759998,55900,37.91522
2014-08-07,45.509998,45.630001,45.009998,45.290001,68700,37.525796
2014-08-06,45.299999,45.450001,45.049999,45.299999,118400,37.53408
2014-08-05,45.849998,46.080002,45.139999,45.310001,121600,37.542368
2014-08-04,45.849998,46.209999,45.549999,46.119999,115400,38.213505
2014-08-01,46.150002,46.48,45.50,45.84,163400,37.981507
2014-07-31,47.060001,47.25,46.189999,46.299999,143400,38.362647
2014-07-30,48.470001,48.470001,47.439999,47.709999,102900,39.530926
2014-07-29,48.299999,48.549999,48.060001,48.23,55400,39.961782
2014-07-28,48.34,48.630001,48.34,48.43,65700,40.127496
2014-07-25,48.43,48.650002,48.299999,48.48,68400,40.168923
2014-07-24,48.490002,48.619999,48.349998,48.439999,51700,40.13578
2014-07-23,48.279999,48.540001,48.029999,48.389999,72700,40.094352
2014-07-22,47.73,48.209999,47.709999,48.110001,169500,39.862354
2014-07-21,47.709999,47.84,47.509998,47.639999,107400,39.472927
2014-07-18,47.700001,47.869999,47.57,47.68,151800,39.50607
2014-07-17,47.630001,47.939999,47.330002,47.59,256300,39.431499
2014-07-16,48.279999,48.290001,47.700001,47.779999,143600,39.588926
2014-07-15,48.119999,48.200001,47.91,48.02,49900,39.787783
2014-07-14,48.240002,48.43,48.060001,48.099998,56000,39.854067
2014-07-11,47.970001,48.360001,47.900002,48.110001,64400,39.862354
2014-07-10,48.130001,48.23,47.900002,48.080002,70000,39.837498
2014-07-09,48.23,48.400002,47.950001,48.400002,77800,40.10264
2014-07-08,48.860001,49.00,48.009998,48.310001,107700,40.028069
2014-07-07,49.299999,49.490002,48.75,49.00,112700,40.599779
2014-07-03,49.310001,49.380001,48.900002,49.310001,52100,40.856635
2014-07-02,47.68,49.490002,47.68,49.310001,145600,40.856635
2014-07-01,49.369999,49.490002,49.259998,49.349998,114000,40.889776
2014-06-30,49.450001,49.57,49.150002,49.450001,104500,40.972634
2014-06-27,49.57,49.669998,49.43,49.59,149300,41.088633
2014-06-26,49.98,49.98,49.119999,49.849998,105600,41.304059
2014-06-25,49.470001,49.84,49.099998,49.73,153500,41.204632
2014-06-24,49.080002,49.50,49.00,49.130001,87400,40.707493
2014-06-23,48.450001,49.259998,48.450001,49.02,61200,40.61635
2014-06-20,48.709999,48.709999,48.459999,48.490002,48000,40.177211
2014-06-19,48.830002,48.830002,48.439999,48.509998,67900,40.193779
2014-06-18,48.669998,48.669998,48.240002,48.59,67700,40.260066
2014-06-17,48.900002,48.93,48.50,48.57,30300,40.243495
2014-06-16,48.52,48.849998,48.25,48.77,102900,40.409209
2014-06-13,48.740002,48.740002,48.32,48.540001,30200,40.218639
2014-06-12,49.419998,49.540001,47.610001,48.50,106400,40.185495
2014-06-11,49.150002,49.650002,49.009998,49.279999,40200,40.831776
2014-06-10,49.139999,49.50,49.02,49.029999,30600,40.624635
2014-06-09,49.400002,49.959999,49.150002,49.169998,60200,40.740633
2014-06-06,49.009998,49.630001,48.849998,49.400002,61900,40.931207
2014-06-05,48.869999,49.290001,48.869999,49.009998,45300,40.608063
2014-06-04,48.610001,49.00,48.450001,48.959999,40300,40.566635
2014-06-03,48.830002,48.900002,48.450001,48.48,40000,40.168923
2014-06-02,48.450001,48.740002,48.330002,48.73,67100,40.376065
2014-05-30,48.349998,48.59,48.23,48.34,64200,40.052924
2014-05-29,48.369999,48.369999,47.990002,48.119999,61600,39.870639
2014-05-28,48.18,48.349998,48.049999,48.310001,33900,40.028069
2014-05-27,48.740002,48.84,47.919998,47.950001,53400,39.729784
2014-05-23,48.669998,48.970001,48.360001,48.439999,58900,40.13578
2014-05-22,48.73,48.900002,48.599998,48.740002,27400,40.384353
2014-05-21,48.669998,49.259998,48.459999,48.490002,38000,40.177211
2014-05-20,49.43,49.50,48.799999,48.830002,43200,40.458924
2014-05-19,50.00,50.00,49.529999,49.709999,31200,40.707491
2014-05-16,48.849998,49.779999,48.50,49.759998,31400,40.748435
2014-05-15,48.880001,48.919998,48.529999,48.900002,36800,40.044184
2014-05-14,49.040001,49.23,48.860001,49.07,28500,40.183396
2014-05-13,49.09,49.110001,48.689999,49.049999,45800,40.167018
2014-05-12,48.939999,49.029999,48.650002,48.880001,35100,40.027806
2014-05-09,48.779999,48.889999,48.220001,48.529999,16400,39.741189
2014-05-08,48.849998,48.849998,48.50,48.540001,43900,39.74938
2014-05-07,47.990002,48.77,47.799999,48.75,45600,39.921348
2014-05-06,47.73,47.779999,47.490002,47.709999,52200,39.069692
2014-05-05,47.310001,47.700001,47.310001,47.529999,26800,38.92229
2014-05-02,47.790001,47.880001,47.27,47.580002,20600,38.963237
2014-05-01,48.040001,48.09,47.439999,47.669998,47500,39.036935
2014-04-30,47.669998,47.860001,47.400002,47.700001,31500,39.061505
2014-04-29,47.110001,47.959999,47.09,47.529999,34900,38.92229
2014-04-28,47.540001,47.57,47.00,47.139999,44700,38.60292
2014-04-25,47.439999,47.540001,47.029999,47.380001,45600,38.799457
2014-04-24,46.959999,47.23,46.91,47.18,42700,38.635676
2014-04-23,46.529999,46.77,46.360001,46.77,75600,38.299928
2014-04-22,46.040001,46.450001,46.029999,46.450001,47900,38.03788
2014-04-21,46.009998,46.290001,45.779999,46.040001,46400,37.702132
2014-04-17,46.009998,46.290001,45.970001,46.049999,32300,37.710319
2014-04-16,46.279999,46.32,46.009998,46.02,41100,37.685753
2014-04-15,46.380001,46.380001,45.900002,46.169998,38500,37.808586
2014-04-14,46.27,46.389999,46.049999,46.110001,45800,37.759454
2014-04-11,45.77,45.900002,45.50,45.849998,27100,37.546539
2014-04-10,46.119999,46.130001,45.560001,45.580002,33400,37.325439
2014-04-09,46.150002,46.150002,45.900002,46.029999,22500,37.693941
2014-04-08,45.970001,46.110001,45.77,45.880001,21900,37.571108
2014-04-07,46.110001,46.240002,45.790001,45.82,23500,37.521973
2014-04-04,46.189999,46.310001,45.91,46.02,33800,37.685753
2014-04-03,46.009998,46.07,45.75,45.889999,32000,37.579295
2014-04-02,46.299999,46.299999,45.709999,45.82,43000,37.521973
2014-04-01,45.73,46.189999,45.66,46.189999,33300,37.824965
2014-03-31,46.110001,46.34,45.66,45.799999,42500,37.505594
2014-03-28,46.02,46.09,45.790001,46.09,29800,37.743076
2014-03-27,45.82,46.00,45.509998,45.77,39700,37.481028
2014-03-26,45.939999,46.200001,45.610001,45.650002,45500,37.382761
2014-03-25,45.720001,46.169998,45.720001,46.07,45800,37.726698
2014-03-24,46.200001,46.200001,45.490002,45.759998,56600,37.472838
2014-03-21,45.799999,46.23,45.669998,46.060001,50200,37.71851
2014-03-20,45.599998,45.900002,45.02,45.509998,63600,37.268113
2014-03-19,46.00,46.41,45.50,45.720001,49200,37.440084
2014-03-18,46.099998,46.369999,45.82,46.009998,48200,37.677562
2014-03-17,46.209999,46.32,45.700001,46.049999,67800,37.710319
2014-03-14,45.57,46.080002,45.200001,45.900002,59800,37.587486
2014-03-13,46.139999,46.23,45.279999,45.759998,43800,37.472838
2014-03-12,46.110001,46.349998,45.77,45.900002,67700,37.587486
2014-03-11,46.490002,46.810001,46.290001,46.389999,52200,37.988745
2014-03-10,46.139999,46.990002,46.049999,46.630001,60100,38.185282
2014-03-07,46.419998,46.50,46.099998,46.389999,30700,37.988745
2014-03-06,46.380001,46.389999,46.07,46.169998,60900,37.808586
2014-03-05,45.950001,46.240002,45.75,46.18,35200,37.816777
2014-03-04,45.630001,46.00,45.52,45.950001,37800,37.62843
2014-03-03,44.599998,45.450001,44.290001,45.290001,86100,37.087957
2014-02-28,44.490002,44.650002,44.07,44.650002,114300,36.563862
2014-02-27,44.099998,44.400002,43.98,44.310001,72400,36.285436
2014-02-26,43.759998,43.959999,43.540001,43.959999,60000,35.998819
2014-02-25,43.50,43.73,43.310001,43.540001,77900,35.654883
2014-02-24,43.459999,43.459999,43.169998,43.380001,147700,35.523859
2014-02-21,43.59,43.599998,43.290001,43.470001,73000,35.59756
2014-02-20,43.709999,43.93,43.09,43.330002,124000,35.482915
2014-02-19,43.959999,44.16,43.16,43.32,217400,35.474724
2014-02-18,44.07,44.400002,43.779999,44.139999,127000,35.672898
2014-02-14,43.91,44.02,43.610001,43.799999,56700,35.398118
2014-02-13,43.540001,44.240002,43.41,43.810001,87900,35.406201
2014-02-12,43.57,43.849998,43.189999,43.50,92800,35.155666
2014-02-11,44.669998,44.669998,43.650002,43.709999,101700,35.325382
2014-02-10,44.349998,44.84,43.639999,44.490002,90200,35.955761
2014-02-07,43.84,44.599998,43.450001,44.599998,71700,36.044658
2014-02-06,43.119999,43.599998,42.98,43.50,92600,35.155666
2014-02-05,42.939999,43.080002,42.509998,42.880001,183500,34.654597
2014-02-04,42.50,42.75,42.32,42.66,66400,34.476797
2014-02-03,43.169998,43.310001,42.060001,42.220001,122300,34.121201
2014-01-31,41.990002,43.07,41.990002,43.049999,81700,34.791986
2014-01-30,42.040001,42.48,41.98,42.43,73900,34.290917
2014-01-29,42.380001,42.380001,40.639999,41.880001,244600,33.846421
2014-01-28,42.299999,42.77,42.080002,42.450001,201100,34.307081
2014-01-27,44.360001,45.450001,42.25,42.459999,194800,34.315162
2014-01-24,44.07,44.09,43.349998,43.450001,140000,35.115257
2014-01-23,44.290001,44.41,44.009998,44.25,135300,35.761798
2014-01-22,44.369999,44.400002,43.630001,44.32,146300,35.81837
2014-01-21,44.50,44.650002,44.099998,44.189999,172200,35.713306
2014-01-17,44.950001,44.959999,44.32,44.349998,120500,35.842614
2014-01-16,45.16,45.290001,44.669998,44.950001,146900,36.327522
2014-01-15,46.00,46.279999,44.939999,45.349998,100500,36.65079
2014-01-14,46.490002,46.490002,44.900002,46.110001,216600,37.265006
2014-01-13,47.040001,47.099998,46.52,46.52,57500,37.596358
2014-01-10,46.889999,47.529999,46.869999,46.91,46600,37.911546
2014-01-09,47.869999,48.060001,47.02,47.07,65900,38.040854
2014-01-08,48.59,48.59,47.400002,47.970001,76600,38.768214
2014-01-07,48.860001,49.16,48.450001,48.700001,67600,39.358183
2014-01-06,48.099998,49.02,47.98,48.889999,65200,39.511735
2014-01-03,47.330002,48.549999,46.77,48.169998,61800,38.929847
2014-01-02,47.25,47.419998,46.209999,47.060001,72100,38.032774
2013-12-31,47.32,47.900002,47.060001,47.669998,32400,38.525759
2013-12-30,47.25,47.75,47.02,47.310001,56400,38.234818
2013-12-27,47.48,47.84,47.220001,47.57,55700,38.444943
2013-12-26,48.700001,48.700001,47.580002,47.580002,46600,38.453026
2013-12-24,47.509998,48.889999,47.240002,48.66,35300,39.325855
2013-12-23,46.650002,47.369999,46.450001,47.310001,35900,38.234818
2013-12-20,46.200001,46.790001,46.07,46.299999,69900,37.418558
2013-12-19,46.130001,46.220001,45.889999,46.139999,66300,37.28925
2013-12-18,46.00,46.209999,45.799999,46.009998,53800,37.184187
2013-12-17,46.189999,46.509998,45.860001,46.18,39200,37.321578
2013-12-16,46.48,46.48,46.00,46.080002,30100,37.240762
2013-12-13,46.880001,46.880001,46.02,46.209999,50400,37.345822
2013-12-12,46.259998,46.799999,45.950001,46.18,70800,37.321578
2013-12-11,46.93,47.02,46.32,46.580002,56700,37.64485
2013-12-10,47.599998,47.599998,46.509998,47.200001,71000,38.145918
2013-12-09,49.049999,49.139999,47.720001,47.959999,37300,38.760131
2013-12-06,49.049999,49.130001,48.68,48.75,44700,39.398591
2013-12-05,49.450001,49.48,48.779999,48.98,52700,39.584471
2013-12-04,49.18,49.869999,48.849998,49.209999,42100,39.770351
2013-12-03,49.900002,50.240002,49.279999,49.549999,58400,40.045131
2013-12-02,49.560001,50.639999,49.110001,50.209999,71900,40.578527
2013-11-29,49.380001,49.990002,49.290001,49.799999,29400,40.247175
2013-11-27,49.360001,49.380001,48.779999,49.18,34700,39.746107
2013-11-26,48.490002,49.290001,48.360001,49.009998,49200,39.608715
2013-11-25,48.849998,49.169998,48.509998,48.700001,45700,39.358183
2013-11-22,48.369999,48.950001,48.130001,48.849998,33600,39.479407
2013-11-21,47.700001,48.950001,47.450001,48.610001,160600,39.285447
2013-11-20,47.849998,47.91,47.009998,47.799999,35300,38.630823
2013-11-19,49.099998,49.099998,48.060001,48.349998,53100,38.610615
2013-11-18,48.68,49.279999,48.529999,48.709999,22400,38.898099
2013-11-15,48.50,49.400002,48.060001,48.669998,29100,38.866156
2013-11-14,47.68,48.50,47.43,48.380001,23500,38.634574
2013-11-13,47.02,47.610001,46.720001,47.209999,31000,37.700252
2013-11-12,46.549999,46.75,46.310001,46.599998,28400,37.213126
2013-11-11,46.84,46.950001,46.470001,46.68,22600,37.277013
2013-11-08,46.91,47.209999,46.509998,46.91,21300,37.460683
2013-11-07,48.080002,48.080002,46.689999,47.02,67600,37.548525
2013-11-06,48.279999,48.360001,47.91,48.220001,34400,38.506804
2013-11-05,48.290001,48.490002,47.970001,48.209999,52500,38.498816
2013-11-04,47.580002,48.560001,47.029999,48.330002,50200,38.594646
2013-11-01,48.00,48.200001,47.25,47.700001,31900,38.09155
2013-10-31,47.93,47.970001,47.580002,47.970001,22800,38.307163
2013-10-30,47.50,47.849998,47.419998,47.669998,30600,38.067591
2013-10-29,46.950001,47.34,46.91,47.34,26900,37.804066
2013-10-28,47.150002,47.34,46.790001,46.919998,42600,37.468667
2013-10-25,46.830002,47.02,46.509998,46.880001,21000,37.436727
2013-10-24,46.630001,47.040001,46.509998,46.599998,26000,37.213126
2013-10-23,46.77,46.98,46.439999,46.950001,20400,37.492626
2013-10-22,46.810001,46.810001,46.34,46.669998,25700,37.269026
2013-10-21,46.389999,46.389999,46.00,46.200001,24400,36.893702
2013-10-18,45.099998,46.23,45.099998,46.07,45900,36.789888
2013-10-17,44.900002,45.470001,44.779999,45.41,57500,36.262835
2013-10-16,44.779999,44.860001,44.23,44.799999,36300,35.77571
2013-10-15,45.00,45.00,44.25,44.43,20800,35.480242
2013-10-14,44.209999,45.00,44.16,45.00,13800,35.935424
2013-10-11,44.419998,44.669998,44.060001,44.529999,34000,35.560097
2013-10-10,44.790001,44.790001,44.16,44.27,44400,35.352472
2013-10-09,44.59,44.59,43.779999,44.169998,25900,35.272613
2013-10-08,45.200001,45.200001,44.200001,44.349998,22600,35.416355
2013-10-07,45.060001,45.389999,44.639999,44.959999,65300,35.90348
2013-10-04,45.77,45.84,45.330002,45.43,26900,36.278807
2013-10-03,45.779999,45.919998,45.299999,45.630001,32600,36.43852
2013-10-02,46.299999,46.43,45.619999,45.700001,36900,36.49442
2013-10-01,46.09,46.369999,45.709999,46.299999,43600,36.973558
2013-09-30,46.299999,46.299999,44.59,45.900002,81100,36.654133
2013-09-27,46.98,46.990002,46.220001,46.990002,37200,37.524569
2013-09-26,47.00,47.130001,46.889999,47.009998,61300,37.540538
2013-09-25,46.990002,47.23,46.610001,47.00,52000,37.532554
2013-09-24,45.610001,46.75,45.25,46.740002,58200,37.324928
2013-09-23,44.810001,45.41,44.549999,45.34,54300,36.206936
2013-09-20,45.389999,45.389999,44.57,45.02,59200,35.951395
2013-09-19,44.50,45.099998,44.060001,45.099998,82700,36.015279
2013-09-18,43.299999,44.200001,42.82,44.200001,54900,35.296572
2013-09-17,43.389999,43.389999,42.860001,43.220001,75600,34.513979
2013-09-16,43.50,43.50,43.119999,43.25,40000,34.537935
2013-09-13,42.759998,43.299999,42.50,43.00,60400,34.338294
2013-09-12,42.259998,42.599998,41.919998,42.529999,53000,33.962967
2013-09-11,42.049999,42.34,41.849998,42.130001,74200,33.643543
2013-09-10,42.700001,43.00,42.049999,42.16,130100,33.667499
2013-09-09,43.869999,43.869999,42.470001,42.689999,84100,34.090737
2013-09-06,43.939999,44.060001,43.529999,43.610001,33700,34.825419
2013-09-05,44.360001,44.360001,43.650002,43.919998,44700,35.072972
2013-09-04,43.849998,44.400002,43.849998,44.139999,70500,35.248657
2013-09-03,43.700001,44.099998,43.150002,43.990002,60400,35.128874
2013-08-30,45.27,45.27,43.130001,43.34,95700,34.609806
2013-08-29,45.310001,45.380001,45.02,45.099998,36500,36.015279
2013-08-28,44.740002,45.450001,44.740002,45.099998,49100,36.015279
2013-08-27,44.27,44.650002,43.990002,44.540001,66200,35.568085
2013-08-26,44.310001,45.009998,44.310001,44.48,51400,35.52017
2013-08-23,44.369999,44.68,44.25,44.400002,33000,35.456286
2013-08-22,44.110001,44.779999,44.110001,44.360001,52100,35.424343
2013-08-21,43.779999,44.48,43.450001,44.09,60700,35.20873
2013-08-20,44.029999,44.419998,43.799999,44.299999,62300,34.91885
2013-08-19,43.830002,44.349998,43.66,44.060001,61800,34.729675
2013-08-16,43.790001,44.169998,43.619999,43.619999,56700,34.382849
2013-08-15,43.700001,44.220001,43.700001,43.900002,70900,34.603557
2013-08-14,44.040001,44.200001,43.869999,44.049999,50100,34.721791
2013-08-13,44.380001,44.490002,43.970001,43.970001,49200,34.658734
2013-08-12,44.849998,44.849998,44.32,44.439999,47900,35.029202
2013-08-09,44.98,45.349998,44.889999,44.889999,91600,35.383909
2013-08-08,45.459999,45.459999,44.560001,44.900002,38600,35.391793
2013-08-07,45.040001,45.27,44.529999,44.91,54200,35.399674
2013-08-06,45.16,45.91,44.880001,45.150002,40600,35.588852
2013-08-05,46.119999,46.119999,45.169998,45.349998,46400,35.746497
2013-08-02,46.34,46.389999,45.66,46.060001,51700,36.306147
2013-08-01,46.860001,46.860001,46.099998,46.34,48100,36.526852
2013-07-31,46.91,47.369999,46.470001,46.50,54700,36.652969
2013-07-30,46.98,47.029999,46.610001,46.75,57200,36.850028
2013-07-29,47.220001,47.220001,46.43,46.529999,36300,36.676616
2013-07-26,46.98,47.299999,46.82,47.189999,41400,37.196851
2013-07-25,46.50,47.169998,46.220001,47.169998,69500,37.181086
2013-07-24,47.25,47.580002,46.509998,46.889999,41700,36.960381
2013-07-23,47.490002,47.509998,46.919998,47.220001,37100,37.2205
2013-07-22,46.580002,47.18,46.369999,47.150002,62400,37.165324
2013-07-19,46.799999,46.919998,46.18,46.919998,81200,36.984027
2013-07-18,45.919998,46.880001,45.919998,46.75,69800,36.850028
2013-07-17,46.279999,46.279999,45.48,45.900002,102800,36.180029
2013-07-16,46.630001,46.630001,45.650002,45.970001,31600,36.235205
2013-07-15,46.029999,46.650002,45.939999,46.610001,29200,36.739676
2013-07-12,45.73,45.950001,45.380001,45.91,22300,36.18791
2013-07-11,45.619999,45.880001,45.380001,45.619999,61300,35.959321
2013-07-10,45.50,45.59,44.869999,45.43,61900,35.809557
2013-07-09,44.900002,45.43,44.720001,45.360001,38800,35.754381
2013-07-08,44.720001,44.990002,44.419998,44.599998,41500,35.15532
2013-07-05,45.139999,45.139999,44.50,44.509998,39600,35.084379
2013-07-03,46.16,46.360001,44.950001,44.950001,55500,35.431204
2013-07-02,46.889999,47.650002,46.330002,46.330002,76400,36.518971
2013-07-01,46.84,47.34,46.639999,47.25,105800,37.244146
2013-06-28,46.380001,46.630001,45.43,46.50,49800,36.652969
2013-06-27,44.549999,46.16,44.279999,46.029999,80800,36.282498
2013-06-26,43.799999,44.400002,43.450001,44.32,35000,34.934615
2013-06-25,42.220001,43.34,42.200001,43.240002,53600,34.083322
2013-06-24,43.68,43.68,41.27,42.049999,96100,33.145319
2013-06-21,42.279999,43.950001,41.869999,43.830002,40600,34.548381
2013-06-20,44.799999,44.869999,43.009998,43.59,65100,34.359203
2013-06-19,45.450001,45.450001,44.82,45.02,61700,35.486381
2013-06-18,45.150002,45.75,45.150002,45.450001,67400,35.825322
2013-06-17,44.75,45.599998,44.639999,45.599998,91700,35.943556
2013-06-14,43.73,44.470001,43.509998,44.470001,62200,35.052852
2013-06-13,42.75,43.650002,42.509998,43.59,68700,34.359203
2013-06-12,42.619999,43.060001,42.32,42.900002,125600,33.815321
2013-06-11,42.450001,42.830002,42.400002,42.450001,48800,33.460615
2013-06-10,43.360001,43.360001,42.830002,42.900002,68600,33.815321
2013-06-07,43.049999,43.349998,42.939999,43.25,165000,34.091203
2013-06-06,42.709999,43.029999,42.330002,42.77,73100,33.71285
2013-06-05,43.75,43.900002,42.75,42.860001,49300,33.783791
2013-06-04,44.02,44.080002,43.509998,43.73,91400,34.469556
2013-06-03,44.700001,44.75,43.68,43.900002,66300,34.603557
2013-05-31,45.689999,45.860001,44.43,44.43,101800,35.021321
2013-05-30,45.77,45.77,45.00,45.59,78200,35.935675
2013-05-29,46.099998,46.209999,45.259998,45.59,73200,35.935675
2013-05-28,46.75,46.75,46.060001,46.189999,30200,36.408615
2013-05-24,46.23,46.23,45.880001,46.049999,46200,36.298263
2013-05-23,46.290001,46.400002,46.049999,46.099998,79200,36.337674
2013-05-22,46.91,47.25,46.470001,46.830002,43900,36.913089
2013-05-21,47.139999,47.310001,46.77,46.91,62200,36.976146
2013-05-20,47.57,47.799999,47.32,47.389999,136100,36.905205
2013-05-17,47.709999,48.150002,47.52,48.00,94100,37.380246
2013-05-16,48.27,48.709999,46.860001,47.32,113700,36.850692
2013-05-15,49.27,49.279999,47.84,48.560001,124200,37.81635
2013-05-14,48.650002,49.299999,48.650002,49.279999,81400,38.377052
2013-05-13,47.200001,48.459999,46.720001,48.459999,150400,37.738473
2013-05-10,45.540001,46.93,45.540001,46.93,67900,36.546978
2013-05-09,45.099998,45.77,45.099998,45.77,39200,35.643623
2013-05-08,44.950001,45.27,44.810001,45.18,73800,35.184157
2013-05-07,44.580002,44.880001,44.509998,44.880001,80200,34.950531
2013-05-06,44.549999,44.799999,44.509998,44.599998,63100,34.732478
2013-05-03,44.549999,44.91,44.43,44.599998,82200,34.732478
2013-05-02,44.259998,44.66,44.259998,44.450001,98500,34.615666
2013-05-01,44.52,44.630001,44.279999,44.299999,57400,34.498852
2013-04-30,44.73,44.830002,44.209999,44.639999,115400,34.763628
2013-04-29,44.93,45.200001,44.139999,44.889999,87800,34.958317
2013-04-26,45.310001,45.610001,45.080002,45.200001,66300,35.199732
2013-04-25,45.790001,45.790001,45.200001,45.490002,72400,35.425572
2013-04-24,46.009998,46.169998,45.48,45.490002,133700,35.425572
2013-04-23,46.82,46.98,46.209999,46.209999,97600,35.986274
2013-04-22,47.470001,47.720001,46.889999,46.889999,100600,36.515827
2013-04-19,46.880001,47.610001,46.869999,47.59,24700,37.060957
2013-04-18,46.98,47.450001,46.73,46.950001,67700,36.562554
2013-04-17,46.799999,47.450001,46.720001,47.00,46000,36.601491
2013-04-16,46.599998,47.25,46.439999,47.23,77200,36.780604
2013-04-15,46.77,46.810001,46.23,46.349998,42800,36.095299
2013-04-12,46.560001,47.080002,46.459999,47.029999,56300,36.624853
2013-04-11,46.400002,47.150002,46.27,46.919998,66400,36.539189
2013-04-10,46.790001,47.110001,46.380001,46.459999,37700,36.180963
2013-04-09,45.98,46.759998,45.82,46.759998,56700,36.414588
2013-04-08,45.830002,46.540001,45.830002,46.369999,39400,36.110874
2013-04-05,46.200001,46.330002,45.75,45.84,79900,35.698135
2013-04-04,47.299999,47.57,46.189999,46.419998,101200,36.149812
2013-04-03,49.240002,49.240002,47.110001,47.279999,94000,36.819542
2013-04-02,48.830002,49.34,48.650002,48.650002,67500,37.886438
2013-04-01,49.389999,49.389999,48.580002,48.799999,89800,38.00325
2013-03-28,50.099998,50.630001,49.299999,49.380001,111800,38.454929
2013-03-27,49.98,50.099998,49.759998,50.099998,72600,39.015631
2013-03-26,49.139999,50.189999,49.060001,50.00,140400,38.937756
2013-03-25,48.709999,48.900002,48.360001,48.900002,77600,38.081127
2013-03-22,48.57,48.950001,47.73,48.490002,80400,37.761837
2013-03-21,47.389999,48.720001,47.279999,48.599998,75100,37.847498
2013-03-20,46.66,47.41,46.540001,47.41,36200,36.920781
2013-03-19,46.040001,46.599998,46.040001,46.529999,39300,36.235475
2013-03-18,45.549999,46.259998,45.509998,46.220001,43100,35.994063
2013-03-15,45.68,46.07,45.610001,45.799999,62100,35.666984
2013-03-14,45.959999,45.959999,45.220001,45.849998,52400,35.705921
2013-03-13,45.549999,45.950001,45.419998,45.509998,86500,35.441145
2013-03-12,45.849998,45.939999,45.41,45.509998,45600,35.441145
2013-03-11,45.849998,46.450001,45.650002,45.700001,71600,35.58911
2013-03-08,45.849998,46.240002,45.700001,46.110001,47300,35.908399
2013-03-07,46.400002,46.400002,45.599998,45.700001,45200,35.58911
2013-03-06,46.869999,47.00,46.130001,46.169998,64900,35.955123
2013-03-05,47.68,47.77,46.810001,46.970001,84600,36.578129
2013-03-04,47.490002,48.279999,47.330002,47.330002,167500,36.858482
2013-03-01,47.139999,48.209999,46.400002,47.450001,131900,36.951931
2013-02-28,47.02,47.43,46.950001,47.25,65000,36.79618
2013-02-27,46.779999,47.25,46.639999,47.16,88600,36.726092
2013-02-26,45.549999,47.139999,45.529999,46.919998,159300,36.539189
2013-02-25,45.310001,45.73,45.279999,45.400002,68600,35.355484
2013-02-22,45.259998,45.580002,45.029999,45.220001,39100,35.215308
2013-02-21,44.740002,45.009998,44.400002,45.009998,71000,35.051767
2013-02-20,45.02,45.75,44.779999,44.98,71900,35.028405
2013-02-19,45.220001,45.369999,44.549999,44.959999,56800,35.01283
2013-02-15,45.150002,45.689999,44.950001,45.529999,70100,35.014387
2013-02-14,43.98,45.169998,43.869999,45.150002,109100,34.722154
2013-02-13,43.599998,43.990002,43.349998,43.990002,49100,33.830068
2013-02-12,44.830002,45.119999,43.509998,43.610001,187200,33.537832
2013-02-11,45.34,45.490002,44.720001,44.889999,77500,34.522202
2013-02-08,45.380001,45.509998,45.029999,45.18,39400,34.745224
2013-02-07,45.099998,45.48,44.779999,45.18,73500,34.745224
2013-02-06,44.849998,45.389999,44.650002,44.990002,80700,34.599108
2013-02-05,44.349998,44.84,44.220001,44.810001,72300,34.46068
2013-02-04,44.240002,44.360001,43.869999,44.349998,64500,34.10692
2013-02-01,44.25,44.529999,44.169998,44.360001,58300,34.114612
2013-01-31,43.52,44.240002,43.439999,43.98,82400,33.822376
2013-01-30,43.279999,43.599998,43.09,43.41,43700,33.384023
2013-01-29,42.57,43.290001,42.57,43.200001,76900,33.222526
2013-01-28,43.380001,43.380001,42.580002,43.00,106100,33.068717
2013-01-25,42.700001,43.259998,42.610001,43.259998,68900,33.268666
2013-01-24,42.349998,42.50,42.200001,42.439999,37800,32.638054
2013-01-23,42.459999,42.610001,42.16,42.299999,53100,32.530388
2013-01-22,41.82,42.48,41.82,42.389999,71800,32.599602
2013-01-18,41.279999,41.990002,41.130001,41.900002,56100,32.222774
2013-01-17,41.00,41.50,40.939999,41.419998,59800,31.853632
2013-01-16,40.459999,40.970001,40.259998,40.860001,105200,31.422972
2013-01-15,40.25,40.810001,40.130001,40.599998,108200,31.22302
2013-01-14,39.66,40.630001,39.66,40.439999,59300,31.099974
2013-01-11,40.50,40.630001,40.009998,40.290001,53800,30.984619
2013-01-10,40.57,40.790001,40.310001,40.369999,86300,31.046141
2013-01-09,39.830002,40.50,39.810001,40.50,86800,31.146117
2013-01-08,39.900002,40.439999,39.599998,39.810001,71200,30.615481
2013-01-07,39.650002,40.119999,39.610001,40.09,67700,30.830811
2013-01-04,40.060001,40.27,39.75,39.889999,70900,30.677002
2013-01-03,39.099998,40.200001,39.099998,40.060001,78000,30.807741
2013-01-02,38.299999,39.610001,38.299999,39.490002,82400,30.369388
2012-12-31,36.93,38.00,36.799999,37.900002,92600,29.146614
2012-12-28,37.349998,37.560001,37.00,37.130001,80300,28.554453
2012-12-27,37.400002,37.549999,37.259998,37.389999,95400,28.754402
2012-12-26,37.700001,37.799999,37.27,37.310001,63000,28.692881
2012-12-24,38.360001,38.360001,37.48,37.50,70500,28.838997
2012-12-21,37.93,38.700001,37.93,38.299999,115800,29.454229
2012-12-20,38.400002,38.900002,38.27,38.43,86900,29.554205
2012-12-19,37.650002,38.490002,37.529999,38.490002,116900,29.600348
2012-12-18,37.68,38.220001,37.50,37.720001,129900,29.008187
2012-12-17,37.75,38.18,37.240002,37.82,248800,29.08509
2012-12-14,38.32,38.490002,37.650002,37.869999,67800,29.123541
2012-12-13,38.419998,38.790001,38.200001,38.400002,45900,29.531134
2012-12-12,39.029999,39.380001,38.439999,38.549999,82000,29.646489
2012-12-11,39.18,39.560001,38.869999,39.080002,111200,30.054082
2012-12-10,38.860001,39.32,38.75,38.939999,50600,29.946414
2012-12-07,38.919998,39.23,38.82,39.049999,45800,30.031009
2012-12-06,38.529999,38.73,38.09,38.73,61100,29.784916
2012-12-05,38.880001,38.900002,38.50,38.540001,76000,29.6388
2012-12-04,38.869999,39.150002,38.669998,38.939999,42200,29.946414
2012-12-03,39.330002,40.040001,39.029999,39.029999,46500,30.015627
2012-11-30,39.049999,39.490002,38.91,39.169998,48000,30.123293
2012-11-29,38.73,39.00,38.73,38.849998,72400,29.8772
2012-11-28,38.740002,39.099998,38.66,38.900002,81000,29.915654
2012-11-27,39.169998,39.560001,38.290001,38.84,88900,29.869511
2012-11-26,40.18,40.18,39.049999,39.360001,85800,30.269412
2012-11-23,40.099998,40.150002,39.91,39.959999,41000,30.730835
2012-11-21,40.200001,40.349998,39.59,39.82,54000,30.62317
2012-11-20,40.18,40.48,39.73,40.00,47400,30.761597
2012-11-19,40.50,41.240002,40.50,40.650002,65100,30.826968
2012-11-16,39.52,40.75,39.259998,40.279999,80500,30.546376
2012-11-15,39.889999,40.09,38.830002,39.50,80500,29.954863
2012-11-14,40.240002,40.689999,39.790001,39.889999,58800,30.25062
2012-11-13,40.360001,40.360001,39.68,40.009998,44200,30.341621
2012-11-12,40.939999,41.200001,40.32,40.389999,49800,30.629795
2012-11-09,41.049999,41.669998,40.810001,41.080002,138600,31.153059
2012-11-08,41.439999,41.50,40.869999,40.869999,25000,30.993803
2012-11-07,41.490002,41.639999,41.16,41.299999,70500,31.319894
2012-11-06,41.759998,41.919998,41.419998,41.419998,23200,31.410896
2012-11-05,41.650002,41.98,41.50,41.790001,38600,31.691488
2012-11-02,41.27,41.650002,41.27,41.650002,22200,31.585319
2012-11-01,41.389999,41.540001,41.16,41.259998,36400,31.28956
2012-10-31,41.689999,41.720001,41.220001,41.279999,45400,31.304727
2012-10-26,41.459999,41.700001,41.25,41.540001,47500,31.5019
2012-10-25,41.049999,41.32,41.029999,41.299999,27700,31.319894
2012-10-24,40.959999,41.130001,40.91,41.029999,38700,31.115139
2012-10-23,40.77,40.970001,40.549999,40.970001,25200,31.06964
2012-10-22,41.060001,41.110001,40.810001,40.93,24400,31.039305
2012-10-19,40.900002,41.049999,40.900002,41.040001,41000,31.122724
2012-10-18,41.00,41.130001,40.950001,41.00,28900,31.09239
2012-10-17,41.07,41.25,41.07,41.099998,10800,31.168224
2012-10-16,41.200001,41.25,40.950001,41.029999,38400,31.115139
2012-10-15,40.779999,41.060001,40.759998,41.02,77500,31.107557
2012-10-12,40.700001,40.700001,40.529999,40.630001,37700,30.811801
2012-10-11,40.32,40.990002,40.32,40.709999,51400,30.872467
2012-10-10,40.689999,40.759998,40.360001,40.400002,24900,30.63738
2012-10-09,40.970001,41.00,40.619999,40.689999,36800,30.8573
2012-10-08,41.00,41.049999,40.810001,40.849998,32900,30.978636
2012-10-05,40.900002,41.16,40.639999,40.950001,46900,31.054473
2012-10-04,40.799999,41.07,40.68,40.799999,81900,30.940719
2012-10-03,40.330002,40.799999,40.299999,40.650002,42400,30.826968
2012-10-02,40.450001,40.849998,40.389999,40.439999,56600,30.667712
2012-10-01,40.41,40.59,40.34,40.439999,25700,30.667712
2012-09-28,40.490002,40.720001,40.139999,40.48,41400,30.698047
2012-09-27,40.790001,40.939999,40.349998,40.360001,45900,30.607046
2012-09-26,40.349998,40.57,40.200001,40.290001,38400,30.553961
2012-09-25,40.50,40.91,40.41,40.41,55700,30.644963
2012-09-24,40.610001,40.73,40.400002,40.580002,33200,30.773884
2012-09-21,40.549999,40.630001,40.389999,40.610001,26200,30.796633
2012-09-20,40.490002,40.540001,40.240002,40.529999,58200,30.735964
2012-09-19,40.34,40.50,40.299999,40.400002,40800,30.63738
2012-09-18,40.150002,40.459999,40.150002,40.299999,29300,30.561543
2012-09-17,40.389999,40.52,40.279999,40.299999,36700,30.561543
2012-09-14,40.52,40.689999,40.189999,40.540001,50200,30.743549
2012-09-13,40.549999,40.799999,40.470001,40.48,30400,30.698047
2012-09-12,40.32,40.689999,40.32,40.650002,33800,30.826968
2012-09-11,40.209999,40.549999,40.209999,40.32,44800,30.576711
2012-09-10,40.509998,40.669998,40.240002,40.240002,56800,30.516044
2012-09-07,40.299999,40.689999,40.299999,40.689999,38400,30.8573
2012-09-06,40.869999,40.990002,40.48,40.52,41800,30.728382
2012-09-05,40.50,41.049999,40.50,40.900002,61500,31.016556
2012-09-04,40.400002,40.599998,40.200001,40.509998,49100,30.720796
2012-08-31,39.93,40.25,39.900002,40.23,17800,30.508459
2012-08-30,39.779999,40.009998,39.77,39.98,41600,30.318871
2012-08-29,39.93,40.099998,39.810001,39.869999,44000,30.235452
2012-08-28,40.41,40.450001,39.709999,39.93,60900,30.280954
2012-08-27,39.82,40.27,39.77,40.189999,37500,30.478124
2012-08-24,39.599998,39.889999,39.560001,39.869999,28000,30.235452
2012-08-23,39.599998,39.779999,39.52,39.650002,30600,30.068617
2012-08-22,39.459999,39.82,39.360001,39.75,58600,30.144451
2012-08-21,40.32,40.52,40.18,40.259998,28300,30.104257
2012-08-20,40.470001,40.740002,40.220001,40.23,41500,30.081826
2012-08-17,41.07,41.07,40.48,40.50,36400,30.283717
2012-08-16,40.73,41.259998,40.619999,41.150002,38200,30.769754
2012-08-15,40.700001,40.950001,40.549999,40.860001,27800,30.552907
2012-08-14,40.830002,40.900002,40.59,40.790001,71000,30.500565
2012-08-13,40.849998,40.849998,40.509998,40.529999,29300,30.306149
2012-08-10,40.32,40.790001,40.23,40.790001,37900,30.500565
2012-08-09,40.490002,40.490002,39.740002,40.349998,33100,30.171554
2012-08-08,39.77,40.360001,39.77,40.299999,67800,30.134168
2012-08-07,39.93,40.240002,39.830002,40.110001,45900,29.992097
2012-08-06,39.790001,39.959999,39.529999,39.68,48000,29.670566
2012-08-03,39.93,40.25,39.52,39.52,48600,29.550927
2012-08-02,39.880001,40.220001,39.43,39.98,57000,29.894889
2012-08-01,40.240002,40.41,39.720001,40.049999,52100,29.947231
2012-07-31,40.080002,40.400002,40.00,40.32,49100,30.149123
2012-07-30,39.889999,40.040001,39.830002,39.860001,36900,29.80516
2012-07-27,39.799999,40.34,39.779999,40.080002,57200,29.969665
2012-07-26,40.490002,40.549999,39.759998,39.919998,63300,29.850023
2012-07-25,40.75,40.860001,40.130001,40.130001,45200,30.007052
2012-07-24,40.610001,40.900002,40.419998,40.43,92800,30.231375
2012-07-23,40.799999,41.049999,40.509998,40.75,49200,30.470654
2012-07-20,41.549999,41.549999,40.950001,41.16,31800,30.77723
2012-07-19,41.450001,41.619999,41.25,41.259998,64300,30.852003
2012-07-18,41.419998,41.610001,41.41,41.560001,36400,31.076329
2012-07-17,41.259998,41.740002,41.209999,41.700001,62600,31.181013
2012-07-16,40.50,41.529999,40.450001,41.529999,37100,31.053895
2012-07-13,39.970001,40.509998,39.939999,40.43,37100,30.231375
2012-07-12,39.849998,40.48,39.759998,40.119999,54300,29.999573
2012-07-11,39.880001,40.189999,39.59,40.00,28000,29.909844
2012-07-10,39.720001,40.220001,39.639999,40.009998,42300,29.917321
2012-07-09,39.810001,40.18,39.790001,39.82,31900,29.77525
2012-07-06,39.50,40.130001,39.50,40.060001,21000,29.95471
2012-07-05,40.049999,40.220001,39.880001,39.970001,42500,29.887413
2012-07-03,40.16,40.25,40.00,40.169998,31000,30.03696
2012-07-02,39.75,40.860001,39.75,40.16,82900,30.029484
2012-06-29,39.439999,40.00,39.259998,39.900002,70200,29.835071
2012-06-28,38.349998,39.16,38.349998,38.779999,56900,28.997593
2012-06-27,38.73,39.209999,38.73,39.02,40300,29.177054
2012-06-26,38.720001,39.119999,38.599998,38.639999,52700,28.892909
2012-06-25,38.380001,38.68,38.130001,38.619999,44400,28.877954
2012-06-22,38.869999,38.869999,37.84,38.470001,45700,28.765794
2012-06-21,38.470001,38.790001,38.139999,38.290001,63700,28.631199
2012-06-20,38.43,38.799999,38.209999,38.380001,36600,28.698496
2012-06-19,37.459999,38.290001,37.459999,38.279999,44500,28.62372
2012-06-18,37.799999,38.27,37.23,37.310001,88300,27.898408
2012-06-15,38.900002,38.900002,37.990002,38.02,57100,28.429307
2012-06-14,38.830002,39.240002,38.610001,39.099998,48600,29.236872
2012-06-13,38.849998,39.41,38.849998,38.900002,27300,29.087325
2012-06-12,38.919998,39.110001,38.549999,39.060001,44300,29.206964
2012-06-11,38.990002,39.049999,38.740002,38.779999,34800,28.997593
2012-06-08,37.91,38.799999,37.889999,38.790001,41300,29.005072
2012-06-07,38.259998,38.59,38.009998,38.099998,38500,28.489126
2012-06-06,37.849998,38.529999,37.650002,38.18,74600,28.548947
2012-06-05,36.91,37.470001,36.169998,37.470001,38400,28.018048
2012-06-04,37.810001,37.82,36.77,37.099998,106500,27.74138
2012-06-01,37.029999,37.82,36.619999,37.639999,130000,28.145163
2012-05-31,37.52,37.639999,37.040001,37.360001,50400,27.935795
2012-05-30,37.310001,37.619999,37.299999,37.419998,49900,27.980658
2012-05-29,37.939999,37.939999,37.040001,37.599998,221500,28.115253
2012-05-25,38.25,38.59,38.119999,38.220001,70800,28.578857
2012-05-24,38.959999,39.16,38.459999,38.73,87300,28.960206
2012-05-23,38.48,39.029999,38.48,38.98,54000,29.147143
2012-05-22,39.169998,39.59,38.849998,38.869999,83600,29.06489
2012-05-21,38.990002,39.900002,38.68,39.369999,118900,29.438764
2012-05-18,37.98,39.75,37.16,39.599998,240500,29.192006
2012-05-17,38.91,39.009998,37.869999,38.049999,85200,28.04939
2012-05-16,39.93,40.049999,38.810001,38.810001,92200,28.609642
2012-05-15,40.799999,41.16,39.689999,39.709999,178000,29.273095
2012-05-14,41.040001,41.66,40.84,41.02,64300,30.238791
2012-05-11,41.040001,41.459999,41.040001,41.299999,51000,30.445198
2012-05-10,40.700001,41.009998,40.689999,40.970001,49800,30.201933
2012-05-09,40.259998,40.849998,40.150002,40.509998,50000,29.862832
2012-05-08,40.919998,41.189999,40.669998,41.040001,43400,30.253535
2012-05-07,40.290001,41.439999,40.00,41.389999,96000,30.511544
2012-05-04,39.990002,40.709999,39.810001,40.509998,66900,29.862832
2012-05-03,40.77,40.889999,40.209999,40.209999,91000,29.641681
2012-05-02,40.790001,41.049999,40.759998,40.799999,55000,30.076612
2012-05-01,41.299999,41.59,41.130001,41.139999,63700,30.327251
2012-04-30,41.490002,41.77,41.439999,41.48,98000,30.57789
2012-04-27,41.639999,41.900002,41.610001,41.639999,78900,30.695837
2012-04-26,42.57,42.57,41.919998,41.93,67200,30.909618
2012-04-25,42.790001,42.790001,42.330002,42.560001,73400,31.374037
2012-04-24,41.84,42.549999,41.77,42.509998,61400,31.337176
2012-04-23,40.830002,41.860001,40.810001,41.700001,99900,30.740068
2012-04-20,40.720001,41.119999,40.720001,41.110001,14300,30.305137
2012-04-19,40.59,40.889999,40.560001,40.75,99000,30.039754
2012-04-18,40.470001,40.84,40.470001,40.75,125500,30.039754
2012-04-17,40.700001,41.00,40.650002,40.740002,63900,30.032384
2012-04-16,40.990002,40.990002,40.650002,40.709999,51800,30.010267
2012-04-13,40.700001,40.919998,40.630001,40.720001,31800,30.01764
2012-04-12,40.75,41.240002,40.509998,40.830002,70400,30.09873
