Date,Open,High,Low,Close,Volume,Adj Close
2017-06-02,1.42,1.42,1.38,1.3899,94472,1.3899
2017-06-01,1.41,1.44,1.39,1.4,101231,1.4
2017-05-31,1.47,1.475,1.38,1.4,108851,1.4
2017-05-30,1.47,1.5,1.44,1.47,197089,1.47
2017-05-26,1.42,1.42,1.38,1.41,141306,1.41
2017-05-25,1.41,1.43,1.39,1.41,81856,1.41
2017-05-24,1.42,1.42,1.38,1.41,247038,1.41
2017-05-23,1.42,1.45,1.39,1.41,122898,1.41
2017-05-22,1.43,1.44,1.37,1.37,121281,1.37
2017-05-19,1.38,1.44,1.38,1.425,169792,1.425
2017-05-18,1.44,1.44,1.37,1.39,147179,1.39
2017-05-17,1.42,1.46,1.4,1.44,145585,1.44
2017-05-16,1.5,1.52,1.45,1.47,161236,1.47
2017-05-15,1.55,1.56,1.5,1.52,130266,1.52
2017-05-12,1.58,1.60,1.53,1.54,48700,1.54
2017-05-11,1.55,1.61,1.52,1.58,179700,1.58
2017-05-10,1.60,1.60,1.52,1.56,108700,1.56
2017-05-09,1.65,1.65,1.56,1.58,111800,1.58
2017-05-08,1.54,1.65,1.54,1.62,341600,1.62
2017-05-05,1.57,1.58,1.46,1.55,297300,1.55
2017-05-04,1.75,1.77,1.60,1.62,425900,1.62
2017-05-03,2.04,2.04,1.96,1.97,113200,1.97
2017-05-02,2.08,2.10,2.04,2.05,107400,2.05
2017-05-01,2.05,2.09,2.02,2.05,58600,2.05
2017-04-28,2.00,2.03,1.93,2.01,107800,2.01
2017-04-27,2.04,2.06,1.99,2.00,46200,2.00
2017-04-26,2.08,2.08,2.04,2.05,98600,2.05
2017-04-25,2.07,2.12,2.07,2.09,109500,2.09
2017-04-24,2.18,2.20,2.03,2.07,126500,2.07
2017-04-21,2.07,2.17,2.06,2.17,242700,2.17
2017-04-20,1.99,2.06,1.96,2.04,103700,2.04
2017-04-19,1.89,1.98,1.87,1.98,149600,1.98
2017-04-18,2.03,2.03,1.82,1.86,253800,1.86
2017-04-17,1.97,2.01,1.97,2.00,30500,2.00
2017-04-13,2.00,2.00,1.97,1.98,32700,1.98
2017-04-12,2.00,2.02,1.98,1.98,18700,1.98
2017-04-11,2.04,2.04,2.00,2.00,35200,2.00
2017-04-10,1.97,2.06,1.97,2.04,94900,2.04
2017-04-07,2.03,2.05,1.99,1.99,61300,1.99
2017-04-06,2.00,2.02,1.97,2.02,48800,2.02
2017-04-05,2.07,2.07,1.97,1.97,80200,1.97
2017-04-04,1.94,2.04,1.92,2.04,217800,2.04
2017-04-03,1.85,1.92,1.79,1.91,98800,1.91
2017-03-31,1.76,1.84,1.76,1.83,49400,1.83
2017-03-30,1.85,1.85,1.76,1.78,47100,1.78
2017-03-29,1.84,1.86,1.82,1.82,32100,1.82
2017-03-28,1.85,1.88,1.84,1.84,118400,1.84
2017-03-27,1.92,1.93,1.78,1.85,96200,1.85
2017-03-24,1.91,1.96,1.88,1.88,208200,1.88
2017-03-23,1.87,1.91,1.85,1.91,135700,1.91
2017-03-22,1.88,1.88,1.82,1.87,44300,1.87
2017-03-21,1.95,1.99,1.85,1.87,113600,1.87
2017-03-20,1.78,1.94,1.78,1.91,234700,1.91
2017-03-17,1.79,1.82,1.79,1.79,50200,1.781
2017-03-16,1.78,1.81,1.78,1.79,108700,1.781
2017-03-15,1.76,1.79,1.74,1.78,83700,1.77105
2017-03-14,1.78,1.79,1.77,1.78,31100,1.77105
2017-03-13,1.76,1.81,1.76,1.79,49600,1.781
2017-03-10,1.78,1.78,1.75,1.77,59200,1.761101
2017-03-09,1.77,1.79,1.76,1.76,25000,1.751151
2017-03-08,1.74,1.81,1.73,1.77,27400,1.761101
2017-03-07,1.73,1.79,1.73,1.76,48100,1.751151
2017-03-06,1.81,1.81,1.76,1.79,45600,1.781
2017-03-03,1.80,1.83,1.79,1.81,25400,1.800899
2017-03-02,1.81,1.84,1.80,1.81,48500,1.800899
2017-03-01,1.75,1.84,1.75,1.80,37400,1.79095
2017-02-28,1.78,1.81,1.75,1.78,58500,1.77105
2017-02-27,1.82,1.84,1.76,1.81,40500,1.800899
2017-02-24,1.86,1.86,1.80,1.83,32100,1.820799
2017-02-23,1.85,1.88,1.85,1.86,55700,1.850648
2017-02-22,1.85,1.87,1.83,1.86,129700,1.850648
2017-02-21,1.90,1.91,1.86,1.86,167900,1.850648
2017-02-17,1.91,1.93,1.88,1.91,86200,1.900397
2017-02-16,1.91,1.98,1.87,1.91,75300,1.900397
2017-02-15,1.76,1.95,1.76,1.94,279800,1.930246
2017-02-14,1.74,1.77,1.72,1.76,76100,1.751151
2017-02-13,1.77,1.77,1.72,1.74,111600,1.731251
2017-02-10,1.71,1.76,1.71,1.74,97300,1.731251
2017-02-09,1.65,1.73,1.65,1.71,130400,1.701402
2017-02-08,1.63,1.63,1.59,1.61,30100,1.601905
2017-02-07,1.64,1.65,1.61,1.62,25700,1.611855
2017-02-06,1.64,1.65,1.62,1.65,26300,1.641704
2017-02-03,1.66,1.67,1.64,1.64,32000,1.631754
2017-02-02,1.69,1.70,1.65,1.66,40900,1.651654
2017-02-01,1.65,1.69,1.62,1.67,82300,1.661603
2017-01-31,1.64,1.68,1.62,1.63,109200,1.621804
2017-01-30,1.72,1.72,1.64,1.65,71300,1.641704
2017-01-27,1.73,1.73,1.69,1.71,121400,1.701402
2017-01-26,1.72,1.74,1.71,1.72,27200,1.711352
2017-01-25,1.72,1.75,1.72,1.73,40400,1.721302
2017-01-24,1.66,1.72,1.66,1.72,72800,1.711352
2017-01-23,1.65,1.67,1.63,1.64,47900,1.631754
2017-01-20,1.65,1.66,1.62,1.65,24400,1.641704
2017-01-19,1.63,1.66,1.62,1.65,32000,1.641704
2017-01-18,1.70,1.70,1.60,1.62,63000,1.611855
2017-01-17,1.63,1.71,1.63,1.68,102200,1.671553
2017-01-13,1.63,1.67,1.63,1.64,17400,1.631754
2017-01-12,1.68,1.70,1.64,1.65,24700,1.641704
2017-01-11,1.65,1.68,1.65,1.66,39300,1.651654
2017-01-10,1.72,1.73,1.61,1.64,48600,1.631754
2017-01-09,1.73,1.75,1.72,1.72,55900,1.711352
2017-01-06,1.77,1.78,1.73,1.75,50800,1.741201
2017-01-05,1.77,1.77,1.74,1.76,47400,1.751151
2017-01-04,1.77,1.77,1.71,1.75,48800,1.741201
2017-01-03,1.63,1.73,1.63,1.72,99500,1.711352
2016-12-30,1.61,1.65,1.60,1.63,71900,1.621804
2016-12-29,1.61,1.62,1.57,1.62,71300,1.611855
2016-12-28,1.66,1.66,1.58,1.59,32500,1.582006
2016-12-27,1.68,1.69,1.65,1.67,39000,1.661603
2016-12-23,1.70,1.70,1.64,1.66,80600,1.651654
2016-12-22,1.58,1.69,1.58,1.69,109000,1.681503
2016-12-21,1.56,1.63,1.56,1.59,84900,1.582006
2016-12-20,1.51,1.61,1.51,1.57,143000,1.562106
2016-12-19,1.50,1.50,1.47,1.47,58200,1.462609
2016-12-16,1.50,1.52,1.48,1.48,83300,1.472559
2016-12-15,1.52,1.52,1.49,1.50,38500,1.492458
2016-12-14,1.61,1.62,1.50,1.54,180200,1.532257
2016-12-13,1.55,1.57,1.49,1.57,63100,1.562106
2016-12-12,1.55,1.55,1.53,1.53,33800,1.512358
2016-12-09,1.59,1.65,1.56,1.56,206600,1.542012
2016-12-08,1.52,1.57,1.48,1.57,82000,1.551896
2016-12-07,1.41,1.56,1.40,1.55,112200,1.532127
2016-12-06,1.40,1.43,1.39,1.41,42800,1.393741
2016-12-05,1.44,1.44,1.37,1.41,126000,1.393741
2016-12-02,1.36,1.38,1.36,1.37,50600,1.354203
2016-12-01,1.39,1.39,1.35,1.37,52300,1.354203
2016-11-30,1.35,1.36,1.34,1.35,26100,1.334433
2016-11-29,1.34,1.35,1.33,1.33,42900,1.314664
2016-11-28,1.38,1.38,1.34,1.35,40900,1.334433
2016-11-25,1.34,1.36,1.34,1.36,8300,1.344318
2016-11-23,1.34,1.36,1.34,1.35,17800,1.334433
2016-11-22,1.30,1.37,1.30,1.35,48300,1.334433
2016-11-21,1.28,1.33,1.28,1.32,46500,1.304779
2016-11-18,1.32,1.32,1.29,1.29,32800,1.275125
2016-11-17,1.29,1.34,1.28,1.32,23700,1.304779
2016-11-16,1.28,1.37,1.28,1.31,71500,1.294894
2016-11-15,1.31,1.32,1.27,1.29,68900,1.275125
2016-11-14,1.33,1.33,1.28,1.31,43300,1.294894
2016-11-11,1.35,1.35,1.30,1.31,72300,1.294894
2016-11-10,1.38,1.38,1.35,1.36,43900,1.344318
2016-11-09,1.39,1.39,1.36,1.38,48000,1.364087
2016-11-08,1.41,1.43,1.38,1.43,35400,1.413511
2016-11-07,1.37,1.41,1.36,1.41,133400,1.393741
2016-11-04,1.35,1.41,1.35,1.35,51800,1.334433
2016-11-03,1.39,1.44,1.36,1.37,45500,1.354203
2016-11-02,1.47,1.48,1.38,1.41,90800,1.393741
2016-11-01,1.44,1.48,1.44,1.48,16400,1.462934
2016-10-31,1.47,1.48,1.43,1.43,21500,1.413511
2016-10-28,1.47,1.48,1.45,1.46,14700,1.443165
2016-10-27,1.49,1.49,1.46,1.46,23500,1.443165
2016-10-26,1.51,1.55,1.49,1.49,6100,1.472819
2016-10-25,1.50,1.54,1.50,1.51,81900,1.492588
2016-10-24,1.44,1.49,1.42,1.47,30600,1.453049
2016-10-21,1.51,1.51,1.44,1.44,58200,1.423395
2016-10-20,1.51,1.51,1.48,1.50,73400,1.482704
2016-10-19,1.51,1.54,1.50,1.50,19300,1.482704
2016-10-18,1.55,1.55,1.50,1.51,29300,1.492588
2016-10-17,1.53,1.55,1.52,1.52,7000,1.502473
2016-10-14,1.52,1.55,1.52,1.53,8500,1.512358
2016-10-13,1.52,1.53,1.51,1.52,9400,1.502473
2016-10-12,1.51,1.53,1.51,1.52,4800,1.502473
2016-10-11,1.54,1.54,1.51,1.52,68500,1.502473
2016-10-10,1.50,1.58,1.50,1.58,17300,1.561781
2016-10-07,1.51,1.54,1.50,1.52,28200,1.502473
2016-10-06,1.53,1.54,1.51,1.52,26000,1.502473
2016-10-05,1.52,1.55,1.52,1.54,37200,1.522242
2016-10-04,1.56,1.56,1.53,1.53,5000,1.512358
2016-10-03,1.52,1.57,1.52,1.54,43000,1.522242
2016-09-30,1.65,1.65,1.53,1.54,31000,1.522242
2016-09-29,1.58,1.60,1.55,1.57,11700,1.551896
2016-09-28,1.54,1.61,1.52,1.59,62200,1.571666
2016-09-27,1.51,1.55,1.50,1.52,112800,1.502473
2016-09-26,1.51,1.54,1.50,1.51,26400,1.492588
2016-09-23,1.55,1.55,1.51,1.51,44600,1.492588
2016-09-22,1.57,1.57,1.53,1.55,24600,1.532127
2016-09-21,1.52,1.58,1.50,1.52,157500,1.502473
2016-09-20,1.55,1.56,1.51,1.52,42800,1.502473
2016-09-19,1.63,1.63,1.54,1.55,44200,1.532127
2016-09-16,1.55,1.62,1.54,1.61,32000,1.591435
2016-09-15,1.53,1.57,1.53,1.54,116400,1.522242
2016-09-14,1.56,1.56,1.50,1.52,171900,1.502473
2016-09-13,1.61,1.61,1.53,1.54,75500,1.513346
2016-09-12,2.08,2.08,1.56,1.64,200600,1.611615
2016-09-09,1.66,1.67,1.60,1.61,68800,1.582135
2016-09-08,1.68,1.71,1.68,1.68,23700,1.650923
2016-09-07,1.74,1.74,1.68,1.70,28800,1.670577
2016-09-06,1.70,1.76,1.70,1.71,53200,1.680404
2016-09-02,1.69,1.71,1.66,1.70,42800,1.670577
2016-09-01,1.66,1.72,1.63,1.69,63500,1.66075
2016-08-31,1.70,1.70,1.64,1.67,9300,1.641096
2016-08-30,1.66,1.71,1.64,1.69,23200,1.66075
2016-08-29,1.60,1.67,1.56,1.65,66600,1.621442
2016-08-26,1.67,1.71,1.53,1.59,111300,1.562481
2016-08-25,1.78,1.78,1.66,1.68,81000,1.650923
2016-08-24,1.79,1.79,1.76,1.77,25400,1.739365
2016-08-23,1.77,1.80,1.77,1.77,35600,1.739365
2016-08-22,1.75,1.80,1.75,1.77,56500,1.739365
2016-08-19,1.79,1.80,1.77,1.79,38700,1.759019
2016-08-18,1.82,1.85,1.79,1.80,32000,1.768846
2016-08-17,1.81,1.83,1.79,1.82,19100,1.7885
2016-08-16,1.84,1.85,1.80,1.82,43900,1.7885
2016-08-15,1.82,1.83,1.76,1.82,37000,1.7885
2016-08-12,1.81,1.83,1.77,1.79,54200,1.759019
2016-08-11,1.79,1.86,1.79,1.82,51100,1.7885
2016-08-10,1.82,1.86,1.78,1.80,56200,1.768846
2016-08-09,1.79,1.84,1.78,1.81,75600,1.778673
2016-08-08,1.76,1.80,1.75,1.77,212800,1.739365
2016-08-05,1.79,1.79,1.70,1.76,129300,1.729538
2016-08-04,1.80,1.85,1.79,1.79,60700,1.759019
2016-08-03,1.82,1.84,1.78,1.79,69700,1.759019
2016-08-02,1.85,1.85,1.73,1.81,165600,1.778673
2016-08-01,1.80,1.85,1.76,1.82,99700,1.7885
2016-07-29,2.04,2.05,1.80,1.83,528900,1.798327
2016-07-28,2.23,2.40,2.12,2.12,273300,2.083307
2016-07-27,2.59,2.59,2.53,2.58,65900,2.535346
2016-07-26,2.55,2.59,2.55,2.57,33800,2.525519
2016-07-25,2.59,2.59,2.53,2.55,59900,2.505865
2016-07-22,2.59,2.61,2.56,2.57,52700,2.525519
2016-07-21,2.55,2.61,2.52,2.59,34400,2.545173
2016-07-20,2.59,2.59,2.50,2.54,38500,2.496038
2016-07-19,2.59,2.59,2.54,2.57,38100,2.525519
2016-07-18,2.61,2.61,2.55,2.57,41600,2.525519
2016-07-15,2.62,2.62,2.57,2.59,18200,2.545173
2016-07-14,2.57,2.65,2.57,2.61,58100,2.564827
2016-07-13,2.61,2.67,2.57,2.58,23900,2.535346
2016-07-12,2.60,2.68,2.60,2.64,76000,2.594308
2016-07-11,2.50,2.58,2.44,2.56,62200,2.515692
2016-07-08,2.52,2.53,2.50,2.50,68700,2.456731
2016-07-07,2.52,2.57,2.50,2.50,38300,2.456731
2016-07-06,2.48,2.54,2.43,2.53,49600,2.486211
2016-07-05,2.56,2.56,2.49,2.51,66900,2.466558
2016-07-01,2.51,2.59,2.51,2.56,20900,2.515692
2016-06-30,2.63,2.63,2.50,2.54,45400,2.496038
2016-06-29,2.48,2.64,2.48,2.62,99100,2.574654
2016-06-28,2.52,2.54,2.46,2.47,28200,2.42725
2016-06-27,2.49,2.59,2.44,2.48,112700,2.437077
2016-06-24,2.56,2.65,2.39,2.59,155700,2.545173
2016-06-23,2.67,2.73,2.66,2.69,35900,2.643442
2016-06-22,2.65,2.71,2.62,2.66,49100,2.613961
2016-06-21,2.67,2.69,2.56,2.66,45000,2.613961
2016-06-20,2.64,2.76,2.62,2.64,50200,2.594308
2016-06-17,2.63,2.67,2.60,2.64,59600,2.594308
2016-06-16,2.65,2.68,2.55,2.64,96900,2.594308
2016-06-15,2.51,2.71,2.49,2.66,111100,2.613961
2016-06-14,2.79,2.82,2.50,2.54,316700,2.496038
2016-06-13,2.92,2.97,2.77,2.82,122200,2.771192
2016-06-10,2.98,3.00,2.94,2.97,98400,2.918596
2016-06-09,3.00,3.03,2.95,3.00,101600,2.948077
2016-06-08,2.97,3.04,2.96,3.02,97000,2.957903
2016-06-07,2.98,3.01,2.93,2.96,50800,2.899137
2016-06-06,2.94,2.98,2.93,2.96,148900,2.899137
2016-06-03,2.90,2.94,2.88,2.91,67800,2.850165
2016-06-02,2.81,2.86,2.75,2.86,111400,2.801193
2016-06-01,2.80,2.82,2.74,2.79,82800,2.732633
2016-05-31,2.86,2.87,2.81,2.83,65000,2.77181
2016-05-27,2.84,2.87,2.81,2.85,47400,2.791399
2016-05-26,2.86,2.87,2.80,2.84,84100,2.781605
2016-05-25,2.72,2.83,2.72,2.80,120700,2.742427
2016-05-24,2.75,2.75,2.65,2.69,52600,2.634689
2016-05-23,2.68,2.77,2.67,2.76,96100,2.70325
2016-05-20,2.66,2.68,2.61,2.67,49000,2.6151
2016-05-19,2.65,2.66,2.56,2.63,63400,2.575923
2016-05-18,2.55,2.70,2.55,2.67,193200,2.6151
2016-05-17,2.51,2.64,2.51,2.58,129000,2.526951
2016-05-16,2.55,2.55,2.47,2.47,50200,2.419212
2016-05-13,2.52,2.57,2.47,2.50,62800,2.448596
2016-05-12,2.59,2.63,2.49,2.54,70000,2.487773
2016-05-11,2.58,2.60,2.53,2.57,127600,2.517156
2016-05-10,2.47,2.56,2.45,2.56,82600,2.507362
2016-05-09,2.40,2.46,2.40,2.44,94400,2.389829
2016-05-06,2.32,2.41,2.32,2.40,43100,2.350652
2016-05-05,2.38,2.40,2.30,2.33,36200,2.282091
2016-05-04,2.29,2.40,2.29,2.36,66100,2.311474
2016-05-03,2.32,2.35,2.26,2.34,105400,2.291885
2016-05-02,2.30,2.34,2.30,2.33,175100,2.282091
2016-04-29,2.29,2.32,2.29,2.30,71600,2.252708
2016-04-28,2.23,2.34,2.23,2.28,64600,2.233119
2016-04-27,2.25,2.30,2.19,2.22,423200,2.174353
2016-04-26,2.17,2.23,2.17,2.19,59200,2.14497
2016-04-25,2.20,2.22,2.14,2.16,40000,2.115587
2016-04-22,2.22,2.23,2.21,2.22,159800,2.174353
2016-04-21,2.23,2.23,2.19,2.20,19000,2.154764
2016-04-20,2.25,2.25,2.20,2.22,51500,2.174353
2016-04-19,2.21,2.25,2.21,2.22,31400,2.174353
2016-04-18,2.23,2.23,2.18,2.21,39500,2.164559
2016-04-15,2.24,2.24,2.20,2.22,49000,2.174353
2016-04-14,2.26,2.29,2.24,2.26,22300,2.21353
2016-04-13,2.25,2.28,2.23,2.26,54100,2.21353
2016-04-12,2.25,2.27,2.20,2.23,47500,2.184147
2016-04-11,2.28,2.31,2.24,2.26,60500,2.21353
2016-04-08,2.24,2.29,2.23,2.26,50500,2.21353
2016-04-07,2.21,2.25,2.19,2.21,195700,2.164559
2016-04-06,2.13,2.25,2.13,2.22,100700,2.174353
2016-04-05,2.20,2.20,2.11,2.15,59500,2.105792
2016-04-04,2.26,2.29,2.19,2.22,174200,2.174353
2016-04-01,2.28,2.35,2.19,2.26,121000,2.21353
2016-03-31,2.26,2.30,2.23,2.29,185200,2.242914
2016-03-30,2.14,2.25,2.13,2.23,222500,2.184147
2016-03-29,1.97,2.14,1.97,2.11,52000,2.066615
2016-03-28,2.10,2.10,1.94,2.00,143400,1.958876
2016-03-24,2.15,2.15,2.09,2.12,189200,2.076409
2016-03-23,2.02,2.14,2.02,2.12,118100,2.076409
2016-03-22,2.04,2.05,2.00,2.01,49900,1.968671
2016-03-21,1.98,2.09,1.98,2.03,100500,1.98826
2016-03-18,2.10,2.10,1.98,1.98,105000,1.939288
2016-03-17,1.95,2.08,1.95,2.05,212800,1.998054
2016-03-16,1.94,1.98,1.91,1.96,60900,1.910335
2016-03-15,1.96,1.96,1.91,1.93,62300,1.881095
2016-03-14,1.90,1.97,1.90,1.97,90100,1.920081
2016-03-11,1.92,1.96,1.91,1.92,70000,1.871348
2016-03-10,1.94,1.97,1.88,1.89,149700,1.842108
2016-03-09,1.89,1.97,1.88,1.93,89700,1.881095
2016-03-08,1.96,1.96,1.86,1.87,119100,1.822615
2016-03-07,1.88,1.99,1.88,1.95,147900,1.900588
2016-03-04,1.87,1.89,1.85,1.87,150800,1.822615
2016-03-03,1.81,1.87,1.81,1.84,148900,1.793375
2016-03-02,1.78,1.87,1.78,1.79,130900,1.744642
2016-03-01,1.82,1.91,1.81,1.81,315600,1.764135
2016-02-29,1.80,1.87,1.77,1.81,300400,1.764135
2016-02-26,1.68,1.80,1.66,1.80,378200,1.754389
2016-02-25,1.60,1.66,1.60,1.64,173600,1.598443
2016-02-24,1.53,1.61,1.50,1.61,154100,1.569203
2016-02-23,1.51,1.55,1.51,1.53,227500,1.491231
2016-02-22,1.50,1.58,1.49,1.51,158900,1.471737
2016-02-19,1.51,1.51,1.47,1.50,96100,1.461991
2016-02-18,1.43,1.53,1.43,1.51,153300,1.471737
2016-02-17,1.42,1.46,1.42,1.43,249800,1.393764
2016-02-16,1.33,1.39,1.33,1.39,144500,1.354778
2016-02-12,1.22,1.31,1.21,1.29,262900,1.257312
2016-02-11,1.22,1.23,1.18,1.22,166600,1.189086
2016-02-10,1.20,1.24,1.20,1.22,69600,1.189086
2016-02-09,1.18,1.18,1.13,1.18,97700,1.150099
2016-02-08,1.18,1.19,1.11,1.12,72100,1.09162
2016-02-05,1.27,1.27,1.19,1.19,134800,1.159846
2016-02-04,1.25,1.26,1.17,1.21,220700,1.179339
2016-02-03,1.11,1.19,1.11,1.17,76600,1.140353
2016-02-02,1.10,1.11,1.08,1.11,48100,1.081873
2016-02-01,1.14,1.17,1.09,1.11,122800,1.081873
2016-01-29,1.12,1.19,1.05,1.14,142900,1.111113
2016-01-28,1.14,1.17,1.10,1.11,54200,1.081873
2016-01-27,1.08,1.24,1.04,1.14,196100,1.111113
2016-01-26,1.01,1.06,1.00,1.06,51200,1.03314
2016-01-25,1.00,1.06,0.99,0.99,212500,0.964914
2016-01-22,1.06,1.09,1.01,1.02,152000,0.994154
2016-01-21,1.00,1.07,0.97,1.05,92000,1.023393
2016-01-20,0.97,1.00,0.93,1.00,161100,0.974661
2016-01-19,1.03,1.04,0.97,0.97,141400,0.945421
2016-01-15,1.05,1.06,1.01,1.05,178100,1.023393
2016-01-14,1.08,1.09,1.05,1.07,125600,1.042887
2016-01-13,1.07,1.10,1.07,1.09,176500,1.06238
2016-01-12,1.07,1.12,1.04,1.05,170500,1.023393
2016-01-11,1.10,1.10,1.04,1.07,148900,1.042887
2016-01-08,1.11,1.13,1.04,1.06,262600,1.03314
2016-01-07,1.13,1.13,1.09,1.10,203900,1.072127
2016-01-06,1.17,1.18,1.10,1.13,376500,1.101366
2016-01-05,1.22,1.22,1.16,1.20,262500,1.169593
2016-01-04,1.33,1.33,1.21,1.23,222600,1.198832
2015-12-31,1.30,1.35,1.30,1.32,166500,1.286552
2015-12-30,1.26,1.34,1.26,1.30,516400,1.267059
2015-12-29,1.27,1.34,1.22,1.28,303600,1.247565
2015-12-28,1.32,1.32,1.21,1.25,165400,1.218326
2015-12-24,1.30,1.34,1.24,1.32,123200,1.286552
2015-12-23,1.18,1.59,1.18,1.31,1794600,1.276805
2015-12-22,1.09,1.17,1.09,1.17,117400,1.140353
2015-12-21,1.09,1.12,1.09,1.10,89300,1.072127
2015-12-18,1.11,1.13,1.10,1.12,25600,1.09162
2015-12-17,1.11,1.14,1.11,1.13,50900,1.101366
2015-12-16,1.10,1.16,1.10,1.13,42500,1.101366
2015-12-15,1.10,1.13,1.09,1.13,35500,1.101366
2015-12-14,1.10,1.14,1.07,1.10,121100,1.072127
2015-12-11,1.16,1.20,1.10,1.11,55300,1.081873
2015-12-10,1.15,1.21,1.13,1.18,123300,1.141327
2015-12-09,1.07,1.16,1.06,1.13,97100,1.092966
2015-12-08,1.03,1.10,1.03,1.09,28500,1.054277
2015-12-07,1.08,1.12,1.03,1.04,219500,1.005916
2015-12-04,1.08,1.11,1.07,1.10,60200,1.063949
2015-12-03,1.13,1.13,1.05,1.08,199100,1.044605
2015-12-02,1.11,1.13,1.09,1.13,104700,1.092966
2015-12-01,1.12,1.19,1.12,1.12,104100,1.083294
2015-11-30,1.09,1.14,1.09,1.12,155800,1.083294
2015-11-27,1.05,1.11,1.04,1.09,71200,1.054277
2015-11-25,1.10,1.11,1.06,1.07,111800,1.034933
2015-11-24,1.14,1.14,1.08,1.10,40900,1.063949
2015-11-23,1.14,1.16,1.12,1.14,179300,1.102638
2015-11-20,1.07,1.16,1.06,1.16,183200,1.121983
2015-11-19,1.00,1.09,0.99,1.05,117900,1.015588
2015-11-18,0.98,1.02,0.97,0.99,137100,0.957554
2015-11-17,0.97,1.02,0.97,0.98,359500,0.947882
2015-11-16,1.06,1.08,0.98,1.00,260600,0.967227
2015-11-13,1.10,1.10,1.01,1.06,126500,1.02526
2015-11-12,1.06,1.09,1.05,1.09,123400,1.054277
2015-11-11,1.05,1.13,1.05,1.08,74100,1.044605
2015-11-10,1.12,1.12,1.08,1.10,220500,1.063949
2015-11-09,1.16,1.18,1.11,1.13,312400,1.092966
2015-11-06,1.19,1.19,1.12,1.17,306200,1.131655
2015-11-05,1.39,1.39,1.10,1.19,1024200,1.151
2015-11-04,1.75,1.76,1.30,1.39,757000,1.344445
2015-11-03,1.87,1.92,1.86,1.91,63200,1.847403
2015-11-02,1.86,1.88,1.85,1.87,60000,1.808714
2015-10-30,1.86,1.89,1.85,1.86,33600,1.799042
2015-10-29,1.86,1.87,1.85,1.87,21200,1.808714
2015-10-28,1.85,1.93,1.83,1.85,60300,1.789369
2015-10-27,1.88,1.88,1.83,1.84,20900,1.779697
2015-10-26,1.94,1.94,1.88,1.88,35000,1.818386
2015-10-23,1.89,1.94,1.86,1.92,48400,1.857075
2015-10-22,1.92,1.92,1.87,1.88,63800,1.818386
2015-10-21,1.97,1.98,1.88,1.88,32800,1.818386
2015-10-20,1.91,1.96,1.91,1.96,22400,1.895764
2015-10-19,1.92,1.94,1.89,1.91,25800,1.847403
2015-10-16,1.98,1.98,1.91,1.94,51000,1.87642
2015-10-15,1.97,1.97,1.94,1.96,24400,1.895764
2015-10-14,1.98,2.00,1.95,1.95,8000,1.886092
2015-10-13,1.99,2.00,1.95,1.96,18300,1.895764
2015-10-12,2.01,2.03,1.95,2.02,14800,1.953798
2015-10-09,1.93,2.01,1.93,1.99,32100,1.924781
2015-10-08,1.95,1.99,1.93,1.93,38300,1.866747
2015-10-07,1.90,1.96,1.89,1.94,37400,1.87642
2015-10-06,1.88,1.93,1.86,1.88,29000,1.818386
2015-10-05,1.87,1.90,1.85,1.86,40200,1.799042
2015-10-02,1.87,1.90,1.85,1.86,33300,1.799042
2015-10-01,1.82,1.91,1.82,1.86,76600,1.799042
2015-09-30,1.80,1.82,1.77,1.82,35200,1.760353
2015-09-29,1.82,1.82,1.73,1.75,83700,1.692647
2015-09-28,1.83,1.84,1.80,1.80,56900,1.741008
2015-09-25,1.88,1.88,1.83,1.84,46600,1.779697
2015-09-24,1.88,1.88,1.83,1.87,44600,1.808714
2015-09-23,1.90,1.91,1.87,1.88,29000,1.818386
2015-09-22,1.89,1.91,1.87,1.89,25000,1.828058
2015-09-21,1.93,1.95,1.90,1.90,35700,1.837731
2015-09-18,2.00,2.00,1.88,1.92,73500,1.857075
2015-09-17,2.02,2.05,1.88,1.98,137700,1.915109
2015-09-16,2.02,2.08,2.02,2.04,241300,1.973142
2015-09-15,2.04,2.05,2.03,2.04,26200,1.934453
2015-09-14,2.03,2.06,2.01,2.02,134400,1.915488
2015-09-11,1.97,2.01,1.93,2.00,44300,1.896523
2015-09-10,1.97,1.97,1.95,1.96,42900,1.858592
2015-09-09,2.02,2.02,1.95,1.97,5900,1.868075
2015-09-08,2.00,2.00,1.94,1.98,17300,1.877558
2015-09-04,1.99,2.00,1.95,1.97,27000,1.868075
2015-09-03,1.93,2.02,1.93,1.99,31700,1.88704
2015-09-02,2.00,2.02,1.92,1.92,81200,1.820662
2015-09-01,2.03,2.03,1.96,1.98,31000,1.877558
2015-08-31,1.98,2.04,1.94,2.03,20700,1.924971
2015-08-28,1.91,2.00,1.91,1.99,24700,1.88704
2015-08-27,1.89,2.00,1.89,1.95,62400,1.84911
2015-08-26,1.86,1.88,1.84,1.87,37400,1.773249
2015-08-25,1.85,1.90,1.83,1.83,86600,1.735318
2015-08-24,1.81,1.88,1.79,1.83,86000,1.735318
2015-08-21,1.98,1.98,1.91,1.93,72300,1.830145
2015-08-20,2.00,2.02,1.98,1.98,41000,1.877558
2015-08-19,2.06,2.07,2.01,2.02,24500,1.915488
2015-08-18,2.05,2.10,2.05,2.09,31700,1.981866
2015-08-17,2.11,2.11,2.07,2.09,13200,1.981866
2015-08-14,2.05,2.12,2.05,2.10,30900,1.991349
2015-08-13,2.05,2.05,2.01,2.02,36900,1.915488
2015-08-12,2.14,2.14,2.05,2.05,87200,1.943936
2015-08-11,2.22,2.22,2.10,2.11,23500,2.000832
2015-08-10,2.16,2.21,2.11,2.19,74400,2.076693
2015-08-07,2.08,2.18,2.08,2.16,59100,2.048245
2015-08-06,2.14,2.16,2.06,2.11,60500,2.000832
2015-08-05,2.16,2.20,2.15,2.15,67300,2.038762
2015-08-04,2.09,2.18,2.07,2.17,118400,2.057727
2015-08-03,2.09,2.12,2.06,2.11,78800,2.000832
2015-07-31,2.04,2.10,2.02,2.10,76900,1.991349
2015-07-30,1.90,2.06,1.90,2.03,59100,1.924971
2015-07-29,2.09,2.09,1.88,1.90,210700,1.801697
2015-07-28,1.99,1.99,1.93,1.97,63700,1.868075
2015-07-27,2.07,2.07,1.97,1.98,42000,1.877558
2015-07-24,2.02,2.06,1.98,2.04,24500,1.934453
2015-07-23,2.04,2.07,2.02,2.04,54400,1.934453
2015-07-22,2.05,2.08,2.04,2.06,25200,1.953419
2015-07-21,2.07,2.09,2.05,2.05,28900,1.943936
2015-07-20,2.09,2.12,2.07,2.07,36300,1.962901
2015-07-17,2.14,2.17,2.12,2.14,49400,2.02928
2015-07-16,2.16,2.18,2.15,2.15,21300,2.038762
2015-07-15,2.15,2.19,2.14,2.17,36200,2.057727
2015-07-14,2.12,2.20,2.12,2.15,19200,2.038762
2015-07-13,2.10,2.16,2.10,2.10,48000,1.991349
2015-07-10,2.14,2.15,2.09,2.09,59600,1.981866
2015-07-09,2.18,2.22,2.10,2.10,87200,1.991349
2015-07-08,2.23,2.25,2.15,2.15,150600,2.038762
2015-07-07,2.24,2.28,2.18,2.18,151900,2.06721
2015-07-06,2.20,2.25,2.16,2.23,51800,2.114623
2015-07-02,2.33,2.33,2.26,2.30,42200,2.181001
2015-07-01,2.33,2.35,2.30,2.32,28400,2.199966
2015-06-30,2.18,2.34,2.18,2.32,118300,2.199966
2015-06-29,2.37,2.40,2.21,2.23,172600,2.114623
2015-06-26,2.38,2.42,2.35,2.39,66400,2.266345
2015-06-25,2.49,2.49,2.38,2.41,125200,2.28531
2015-06-24,2.49,2.49,2.45,2.47,51300,2.342206
2015-06-23,2.43,2.49,2.43,2.47,32100,2.342206
2015-06-22,2.36,2.48,2.36,2.45,89300,2.323241
2015-06-19,2.48,2.48,2.39,2.39,81800,2.266345
2015-06-18,2.44,2.50,2.44,2.49,77200,2.361171
2015-06-17,2.48,2.51,2.45,2.45,36700,2.323241
2015-06-16,2.46,2.51,2.44,2.51,71100,2.380136
2015-06-15,2.50,2.52,2.46,2.46,102000,2.332723
2015-06-12,2.49,2.51,2.49,2.50,51600,2.370654
2015-06-11,2.51,2.52,2.47,2.49,108200,2.361171
2015-06-10,2.47,2.54,2.45,2.50,337000,2.370654
2015-06-09,2.49,2.52,2.47,2.51,124700,2.339361
2015-06-08,2.48,2.52,2.44,2.49,413800,2.320721
2015-06-05,2.41,2.44,2.36,2.43,115400,2.2648
2015-06-04,2.36,2.42,2.33,2.40,216500,2.236839
2015-06-03,2.47,2.47,2.29,2.30,1068300,2.143637
2015-06-02,2.50,2.60,2.27,2.44,2011600,2.27412
2015-06-01,2.09,2.13,2.04,2.12,61300,1.975874
2015-05-29,2.07,2.14,2.04,2.07,112900,1.929274
2015-05-28,1.96,2.08,1.93,2.08,105300,1.938594
2015-05-27,1.96,1.97,1.94,1.97,71600,1.836072
2015-05-26,1.93,1.99,1.89,1.99,201000,1.854712
2015-05-22,2.08,2.09,2.01,2.01,136200,1.873353
2015-05-21,2.05,2.12,2.05,2.12,72400,1.975874
2015-05-20,2.05,2.05,2.02,2.04,47200,1.901313
2015-05-19,2.14,2.14,2.02,2.03,242200,1.891993
2015-05-18,2.14,2.20,2.12,2.16,62800,2.013155
2015-05-15,2.14,2.17,2.12,2.14,107000,1.994515
2015-05-14,2.19,2.23,2.15,2.15,57900,2.003835
2015-05-13,2.21,2.24,2.17,2.19,93800,2.041116
2015-05-12,2.21,2.24,2.20,2.20,101200,2.050436
2015-05-11,2.24,2.25,2.21,2.23,15100,2.078396
2015-05-08,2.29,2.29,2.21,2.26,60000,2.106357
2015-05-07,2.19,2.30,2.17,2.30,91400,2.143637
2015-05-06,2.33,2.33,2.14,2.14,130700,1.994515
2015-05-05,2.44,2.44,2.29,2.34,126800,2.180918
2015-05-04,2.40,2.43,2.37,2.39,65400,2.227519
2015-05-01,2.40,2.44,2.38,2.43,58300,2.2648
2015-04-30,2.44,2.46,2.32,2.45,319800,2.28344
2015-04-29,2.60,2.61,2.47,2.47,142400,2.30208
2015-04-28,2.60,2.68,2.47,2.47,69700,2.30208
2015-04-27,2.69,2.69,2.59,2.59,148900,2.413922
2015-04-24,2.63,2.67,2.62,2.66,97100,2.479163
2015-04-23,2.47,2.62,2.47,2.61,137100,2.432562
2015-04-22,2.47,2.47,2.44,2.47,25700,2.30208
2015-04-21,2.51,2.51,2.45,2.47,61800,2.30208
2015-04-20,2.51,2.52,2.48,2.48,20000,2.3114
2015-04-17,2.47,2.51,2.44,2.49,15100,2.320721
2015-04-16,2.48,2.48,2.45,2.46,8300,2.29276
2015-04-15,2.44,2.48,2.43,2.48,44700,2.3114
2015-04-14,2.50,2.50,2.45,2.46,20200,2.29276
2015-04-13,2.50,2.50,2.47,2.47,27300,2.30208
2015-04-10,2.49,2.50,2.47,2.49,37000,2.320721
2015-04-09,2.50,2.52,2.47,2.48,85900,2.3114
2015-04-08,2.50,2.53,2.48,2.48,24100,2.3114
2015-04-07,2.51,2.55,2.49,2.51,32900,2.339361
2015-04-06,2.51,2.54,2.48,2.51,31700,2.339361
2015-04-02,2.43,2.48,2.43,2.47,16700,2.30208
2015-04-01,2.47,2.52,2.42,2.43,46900,2.2648
2015-03-31,2.41,2.47,2.41,2.47,22000,2.30208
2015-03-30,2.45,2.45,2.41,2.45,74200,2.28344
2015-03-27,2.41,2.46,2.40,2.44,34700,2.27412
2015-03-26,2.42,2.43,2.39,2.39,37700,2.227519
2015-03-25,2.46,2.46,2.38,2.39,108800,2.227519
2015-03-24,2.41,2.51,2.41,2.51,65500,2.339361
2015-03-23,2.46,2.51,2.40,2.43,106000,2.2648
2015-03-20,2.52,2.56,2.38,2.46,228000,2.29276
2015-03-19,2.54,2.54,2.51,2.52,64000,2.348681
2015-03-18,2.53,2.61,2.52,2.59,26800,2.374778
2015-03-17,2.52,2.55,2.52,2.54,40600,2.328932
2015-03-16,2.56,2.56,2.50,2.50,48500,2.292256
2015-03-13,2.55,2.57,2.51,2.57,67700,2.356439
2015-03-12,2.56,2.60,2.54,2.56,91100,2.34727
2015-03-11,2.56,2.57,2.54,2.54,29200,2.328932
2015-03-10,2.55,2.58,2.54,2.54,54700,2.328932
2015-03-09,2.55,2.60,2.55,2.55,34900,2.338101
2015-03-06,2.55,2.59,2.55,2.56,56500,2.34727
2015-03-05,2.59,2.62,2.55,2.62,76700,2.402285
2015-03-04,2.60,2.61,2.56,2.60,103200,2.383947
2015-03-03,2.67,2.67,2.59,2.61,133100,2.393116
2015-03-02,2.64,2.67,2.60,2.67,147600,2.44813
2015-02-27,2.68,2.69,2.62,2.64,106200,2.420623
2015-02-26,2.68,2.71,2.66,2.67,94200,2.44813
2015-02-25,2.69,2.70,2.67,2.69,66500,2.466468
2015-02-24,2.66,2.69,2.64,2.68,37700,2.457299
2015-02-23,2.67,2.67,2.65,2.66,31700,2.438961
2015-02-20,2.66,2.67,2.64,2.67,60200,2.44813
2015-02-19,2.71,2.72,2.67,2.67,102100,2.44813
2015-02-18,2.75,2.75,2.70,2.70,88200,2.475637
2015-02-17,2.74,2.78,2.71,2.78,44800,2.548989
2015-02-13,2.70,2.72,2.67,2.71,39100,2.484806
2015-02-12,2.70,2.73,2.67,2.72,64300,2.493975
2015-02-11,2.65,2.69,2.65,2.66,57800,2.438961
2015-02-10,2.74,2.74,2.67,2.67,37300,2.44813
2015-02-09,2.73,2.75,2.72,2.74,36400,2.512313
2015-02-06,2.69,2.77,2.69,2.76,65200,2.530651
2015-02-05,2.68,2.74,2.64,2.71,107600,2.484806
2015-02-04,2.76,2.76,2.65,2.70,55400,2.475637
2015-02-03,2.70,2.75,2.66,2.75,73800,2.521482
2015-02-02,2.77,2.77,2.67,2.69,77500,2.466468
2015-01-30,2.80,2.80,2.65,2.73,188000,2.503144
2015-01-29,2.81,2.90,2.78,2.90,366200,2.659017
2015-01-28,2.98,3.10,2.98,3.01,97200,2.759877
2015-01-27,3.05,3.05,2.95,3.03,97000,2.778215
2015-01-26,3.13,3.13,3.05,3.06,56100,2.805722
2015-01-23,3.18,3.20,3.12,3.13,31100,2.869905
2015-01-22,3.14,3.19,3.10,3.19,61700,2.924919
2015-01-21,3.22,3.29,3.12,3.14,39800,2.879074
2015-01-20,3.20,3.29,3.16,3.19,81500,2.924919
2015-01-16,3.08,3.16,3.05,3.05,17400,2.796553
2015-01-15,3.04,3.15,3.04,3.07,31800,2.814891
2015-01-14,3.12,3.14,3.06,3.06,47500,2.805722
2015-01-13,3.16,3.19,3.14,3.16,26300,2.897412
2015-01-12,3.22,3.22,3.11,3.16,42300,2.897412
2015-01-09,3.15,3.24,3.14,3.18,72100,2.91575
2015-01-08,3.07,3.22,3.05,3.17,103700,2.906581
2015-01-07,2.90,3.08,2.90,3.05,67500,2.796553
2015-01-06,2.93,2.95,2.88,2.90,82500,2.659017
2015-01-05,3.02,3.02,2.93,2.98,87800,2.73237
2015-01-02,2.99,3.04,2.98,3.02,30800,2.769046
2014-12-31,2.95,3.00,2.95,2.99,71500,2.741539
2014-12-30,2.97,2.98,2.95,2.95,40700,2.704863
2014-12-29,3.00,3.02,2.93,3.02,140400,2.769046
2014-12-26,2.99,3.14,2.96,3.09,36300,2.833229
2014-12-24,2.95,2.96,2.93,2.96,145700,2.714032
2014-12-23,2.99,2.99,2.94,2.95,136700,2.704863
2014-12-22,2.99,3.00,2.94,2.99,176600,2.741539
2014-12-19,3.06,3.06,2.97,2.99,44800,2.741539
2014-12-18,3.00,3.06,3.00,3.06,30600,2.805722
2014-12-17,2.95,3.03,2.95,2.97,42900,2.723201
2014-12-16,2.91,3.00,2.91,2.97,55800,2.723201
2014-12-15,2.94,2.98,2.93,2.94,176000,2.695694
2014-12-12,3.03,3.06,2.93,2.96,82800,2.714032
2014-12-11,3.12,3.14,3.02,3.04,79100,2.787384
2014-12-10,3.17,3.20,3.12,3.12,83900,2.860736
2014-12-09,3.24,3.30,3.21,3.26,36300,2.948759
2014-12-08,3.18,3.30,3.14,3.24,46600,2.930668
2014-12-05,3.11,3.19,3.10,3.18,36700,2.876397
2014-12-04,3.06,3.13,3.06,3.11,46700,2.813079
2014-12-03,3.15,3.20,3.10,3.11,72300,2.813079
2014-12-02,3.11,3.20,3.11,3.14,20700,2.840215
2014-12-01,3.14,3.21,3.13,3.15,49100,2.849261
2014-11-28,3.25,3.25,3.16,3.17,40800,2.867351
2014-11-26,3.29,3.33,3.29,3.31,37900,2.993985
2014-11-25,3.33,3.33,3.29,3.32,21800,3.00303
2014-11-24,3.31,3.33,3.28,3.31,31900,2.993985
2014-11-21,3.33,3.35,3.29,3.31,14700,2.993985
2014-11-20,3.27,3.31,3.27,3.30,20200,2.98494
2014-11-19,3.32,3.33,3.25,3.25,23800,2.939713
2014-11-18,3.35,3.39,3.31,3.34,40800,3.021121
2014-11-17,3.37,3.41,3.37,3.40,25000,3.075393
2014-11-14,3.37,3.45,3.35,3.42,50400,3.093483
2014-11-13,3.42,3.42,3.35,3.37,14200,3.048257
2014-11-12,3.36,3.46,3.34,3.40,31500,3.075393
2014-11-11,3.30,3.40,3.30,3.36,32000,3.039211
2014-11-10,3.37,3.39,3.33,3.38,40300,3.057302
2014-11-07,3.37,3.39,3.33,3.37,46600,3.048257
2014-11-06,3.26,3.35,3.24,3.35,51600,3.030166
2014-11-05,3.31,3.37,3.26,3.26,43300,2.948759
2014-11-04,3.28,3.36,3.28,3.31,47400,2.993985
2014-11-03,3.29,3.38,3.28,3.32,75700,3.00303
2014-10-31,3.15,3.33,3.15,3.32,200100,3.00303
2014-10-30,3.12,3.18,3.06,3.13,272900,2.83117
2014-10-29,3.22,3.35,3.12,3.14,96200,2.840215
2014-10-28,3.15,3.23,3.14,3.18,31900,2.876397
2014-10-27,3.11,3.15,3.10,3.14,17700,2.840215
2014-10-24,3.22,3.22,3.13,3.17,22700,2.867351
2014-10-23,3.15,3.23,3.14,3.21,73300,2.903532
2014-10-22,3.17,3.23,3.13,3.14,30000,2.840215
2014-10-21,3.16,3.23,3.12,3.17,68200,2.867351
2014-10-20,3.04,3.14,3.04,3.11,69200,2.813079
2014-10-17,2.99,3.12,2.99,3.08,99000,2.785944
2014-10-16,2.95,3.02,2.91,2.99,97900,2.704536
2014-10-15,2.88,2.96,2.88,2.96,67100,2.677401
2014-10-14,3.05,3.05,2.88,2.88,134100,2.605038
2014-10-13,2.94,3.05,2.94,3.04,40100,2.749763
2014-10-10,3.09,3.09,2.97,2.97,139900,2.686446
2014-10-09,3.14,3.15,3.09,3.09,84200,2.794989
2014-10-08,3.16,3.19,3.10,3.14,57200,2.840215
2014-10-07,3.27,3.27,3.14,3.14,80000,2.840215
2014-10-06,3.30,3.30,3.19,3.26,146200,2.948759
2014-10-03,3.15,3.26,3.06,3.25,381700,2.939713
2014-10-02,3.12,3.25,2.99,3.20,542500,2.894487
2014-10-01,3.57,3.61,3.51,3.51,91200,3.17489
2014-09-30,3.61,3.61,3.53,3.60,41700,3.256298
2014-09-29,3.59,3.67,3.53,3.62,124900,3.274388
2014-09-26,3.56,3.62,3.54,3.62,102600,3.274388
2014-09-25,3.61,3.63,3.53,3.56,65600,3.220117
2014-09-24,3.57,3.62,3.52,3.59,92900,3.247253
2014-09-23,3.52,3.58,3.51,3.57,92200,3.229162
2014-09-22,3.60,3.67,3.51,3.51,86700,3.17489
2014-09-19,3.56,3.64,3.50,3.64,77600,3.292479
2014-09-18,3.61,3.63,3.51,3.54,71600,3.202026
2014-09-17,3.62,3.72,3.57,3.61,36500,3.265343
2014-09-16,3.64,3.72,3.54,3.59,93400,3.247253
2014-09-15,3.80,3.83,3.61,3.67,67800,3.319615
2014-09-12,3.73,3.78,3.72,3.77,28600,3.410067
2014-09-11,3.70,3.75,3.66,3.73,24300,3.373886
2014-09-10,3.57,3.74,3.57,3.68,107000,3.32866
2014-09-09,3.93,3.93,3.59,3.65,288000,3.259916
2014-09-08,3.85,3.90,3.84,3.90,52000,3.483198
2014-09-05,3.90,3.93,3.87,3.88,22500,3.465335
2014-09-04,3.89,4.01,3.85,3.88,154400,3.465335
2014-09-03,3.85,3.90,3.85,3.90,44800,3.483198
2014-09-02,3.83,3.90,3.83,3.84,143800,3.42961
2014-08-29,3.80,3.88,3.80,3.87,111000,3.456404
2014-08-28,3.86,3.86,3.77,3.81,66000,3.402816
2014-08-27,3.90,3.90,3.85,3.88,41200,3.465335
2014-08-26,3.82,3.94,3.82,3.87,90000,3.456404
2014-08-25,3.77,3.84,3.76,3.82,74500,3.411748
2014-08-22,3.80,3.83,3.75,3.79,41400,3.384954
2014-08-21,3.75,3.87,3.70,3.84,54600,3.42961
2014-08-20,3.65,3.79,3.65,3.76,121200,3.35816
2014-08-19,3.59,3.68,3.59,3.68,87000,3.28671
2014-08-18,3.56,3.62,3.56,3.61,103700,3.224191
2014-08-15,3.59,3.63,3.52,3.56,269100,3.179534
2014-08-14,3.58,3.63,3.58,3.61,66300,3.224191
2014-08-13,3.58,3.60,3.56,3.60,61400,3.21526
2014-08-12,3.58,3.60,3.56,3.57,51700,3.188466
2014-08-11,3.60,3.61,3.49,3.56,180800,3.179534
2014-08-08,3.42,3.56,3.36,3.56,102500,3.179534
2014-08-07,3.44,3.44,3.33,3.39,82100,3.027703
2014-08-06,3.27,3.37,3.26,3.36,217400,3.000909
2014-08-05,3.23,3.40,3.22,3.27,194900,2.920527
2014-08-04,3.25,3.42,3.24,3.40,297600,3.036634
2014-08-01,3.24,3.24,3.19,3.22,238500,2.875871
2014-07-31,3.25,3.25,3.19,3.22,82500,2.875871
2014-07-30,3.18,3.25,3.18,3.22,336300,2.875871
2014-07-29,3.07,3.14,3.00,3.14,89600,2.804421
2014-07-28,3.11,3.11,3.08,3.09,72900,2.759764
2014-07-25,3.11,3.11,3.08,3.09,47200,2.759764
2014-07-24,3.12,3.13,3.11,3.11,43100,2.777627
2014-07-23,3.13,3.15,3.11,3.14,215600,2.804421
2014-07-22,3.11,3.15,3.11,3.13,29000,2.79549
2014-07-21,3.11,3.14,3.11,3.11,19000,2.777627
2014-07-18,3.12,3.16,3.10,3.11,36000,2.777627
2014-07-17,3.08,3.15,3.08,3.09,59000,2.759764
2014-07-16,3.10,3.10,3.08,3.09,20300,2.759764
2014-07-15,3.13,3.13,3.08,3.08,96200,2.750833
2014-07-14,3.10,3.17,3.10,3.12,58700,2.786558
2014-07-11,3.15,3.15,3.12,3.13,48700,2.79549
2014-07-10,3.11,3.19,3.11,3.15,497000,2.813352
2014-07-09,3.16,3.16,3.11,3.14,22500,2.804421
2014-07-08,3.15,3.15,3.10,3.14,53400,2.804421
2014-07-07,3.20,3.20,3.15,3.16,135000,2.822284
2014-07-03,3.17,3.20,3.16,3.20,74000,2.858009
2014-07-02,3.15,3.19,3.15,3.18,136200,2.840146
2014-07-01,3.16,3.18,3.11,3.12,37100,2.786558
2014-06-30,3.14,3.18,3.14,3.18,57600,2.840146
2014-06-27,3.12,3.16,3.12,3.13,70200,2.79549
2014-06-26,3.15,3.15,3.12,3.14,61800,2.804421
2014-06-25,3.13,3.13,3.11,3.13,62100,2.79549
2014-06-24,3.16,3.16,3.10,3.11,53800,2.777627
2014-06-23,3.10,3.16,3.10,3.13,143600,2.79549
2014-06-20,3.16,3.16,3.08,3.08,201700,2.750833
2014-06-19,3.10,3.13,3.10,3.13,93300,2.79549
2014-06-18,3.11,3.11,3.07,3.09,52000,2.759764
2014-06-17,3.06,3.10,3.04,3.06,80600,2.732971
2014-06-16,3.03,3.09,3.03,3.06,42000,2.732971
2014-06-13,3.12,3.12,3.05,3.05,53000,2.724039
2014-06-12,3.08,3.10,3.06,3.07,120300,2.741902
2014-06-11,3.10,3.10,3.04,3.04,108000,2.715108
2014-06-10,3.10,3.11,3.03,3.09,141700,2.726719
2014-06-09,3.10,3.12,3.07,3.11,116300,2.744367
2014-06-06,3.05,3.10,3.02,3.10,89200,2.735543
2014-06-05,3.10,3.10,3.03,3.06,66700,2.700246
2014-06-04,3.07,3.09,3.05,3.09,78700,2.726719
2014-06-03,3.04,3.11,3.04,3.06,99500,2.700246
2014-06-02,3.13,3.13,3.04,3.04,82800,2.682597
2014-05-30,3.18,3.18,3.10,3.10,75300,2.735543
2014-05-29,3.14,3.15,3.11,3.13,38000,2.762016
2014-05-28,3.15,3.15,3.07,3.13,82600,2.762016
2014-05-27,3.04,3.17,3.03,3.13,232100,2.762016
2014-05-23,3.03,3.04,3.01,3.04,60700,2.682597
2014-05-22,2.98,3.03,2.98,3.01,45100,2.656124
2014-05-21,3.02,3.03,3.00,3.01,52800,2.656124
2014-05-20,3.00,3.05,2.98,3.03,209500,2.673773
2014-05-19,3.05,3.05,2.98,2.99,45000,2.638475
2014-05-16,2.97,3.06,2.94,3.00,109800,2.6473
2014-05-15,3.21,3.22,2.92,2.96,407300,2.612002
2014-05-14,3.27,3.28,3.24,3.24,61900,2.859084
2014-05-13,3.23,3.29,3.23,3.26,69200,2.876732
2014-05-12,3.22,3.28,3.21,3.23,72000,2.850259
2014-05-09,3.25,3.26,3.17,3.22,73600,2.841435
2014-05-08,3.31,3.33,3.25,3.28,92000,2.894381
2014-05-07,3.40,3.41,3.30,3.33,145700,2.938503
2014-05-06,3.42,3.43,3.37,3.39,324200,2.991449
2014-05-05,3.16,3.39,3.15,3.35,293700,2.956151
2014-05-02,3.10,3.18,3.09,3.15,203300,2.779665
2014-05-01,3.08,3.10,3.05,3.09,50800,2.726719
2014-04-30,3.09,3.11,3.06,3.10,218500,2.735543
2014-04-29,3.01,3.02,2.99,3.02,32500,2.664948
2014-04-28,3.03,3.04,2.96,2.98,39800,2.629651
2014-04-25,3.04,3.05,3.00,3.01,24500,2.656124
2014-04-24,3.05,3.06,3.01,3.04,35300,2.682597
2014-04-23,2.97,3.04,2.97,3.00,45300,2.6473
2014-04-22,2.93,2.98,2.92,2.96,71900,2.612002
2014-04-21,2.96,2.97,2.91,2.93,147300,2.585529
2014-04-17,2.95,2.96,2.91,2.95,31900,2.603178
2014-04-16,2.90,2.96,2.90,2.96,104100,2.612002
2014-04-15,2.92,2.93,2.90,2.90,88200,2.559056
2014-04-14,3.00,3.00,2.92,2.94,60100,2.594354
2014-04-11,3.02,3.02,2.95,2.96,124900,2.612002
2014-04-10,3.07,3.09,3.00,3.02,111400,2.664948
2014-04-09,2.93,3.19,2.93,3.06,1220000,2.700246
2014-04-08,2.94,2.98,2.90,2.94,65800,2.594354
2014-04-07,2.94,2.96,2.90,2.91,42500,2.567881
2014-04-04,3.02,3.02,2.93,2.95,51000,2.603178
2014-04-03,3.05,3.05,2.97,2.99,86600,2.638475
2014-04-02,3.00,3.04,2.99,3.01,164700,2.656124
2014-04-01,3.01,3.03,2.96,2.99,64100,2.638475
2014-03-31,2.97,2.99,2.90,2.98,171500,2.629651
2014-03-28,2.97,2.97,2.89,2.90,38900,2.559056
2014-03-27,2.91,3.02,2.89,2.92,575400,2.576705
2014-03-26,2.95,2.96,2.89,2.90,85300,2.559056
2014-03-25,2.98,2.98,2.95,2.95,84300,2.603178
2014-03-24,3.04,3.04,2.98,2.98,22200,2.629651
2014-03-21,3.01,3.04,3.01,3.04,17600,2.682597
2014-03-20,3.01,3.03,2.98,3.01,92900,2.656124
2014-03-19,3.03,3.05,3.00,3.02,69500,2.664948
2014-03-18,3.03,3.05,3.02,3.05,38100,2.659654
2014-03-17,3.03,3.05,3.01,3.01,67300,2.624773
2014-03-14,3.01,3.04,3.01,3.01,44400,2.624773
2014-03-13,3.07,3.08,3.02,3.02,78600,2.633493
2014-03-12,3.01,3.06,3.01,3.06,15900,2.668374
2014-03-11,3.05,3.09,3.02,3.03,57900,2.642213
2014-03-10,3.06,3.07,3.02,3.07,31000,2.677094
2014-03-07,3.09,3.09,3.04,3.05,61500,2.659654
2014-03-06,3.10,3.12,3.08,3.10,24700,2.703255
2014-03-05,3.08,3.09,3.07,3.09,40900,2.694534
2014-03-04,3.04,3.10,3.04,3.05,49200,2.659654
2014-03-03,3.07,3.09,3.06,3.07,26900,2.677094
2014-02-28,3.06,3.10,3.06,3.10,84800,2.703255
2014-02-27,3.07,3.09,3.05,3.05,28200,2.659654
2014-02-26,3.11,3.12,3.07,3.09,28100,2.694534
2014-02-25,3.13,3.14,3.10,3.11,17600,2.711975
2014-02-24,3.10,3.14,3.10,3.12,66000,2.720695
2014-02-21,3.08,3.10,3.07,3.09,29600,2.694534
2014-02-20,3.11,3.11,3.07,3.10,22500,2.703255
2014-02-19,3.10,3.16,3.10,3.11,32800,2.711975
2014-02-18,3.15,3.17,3.12,3.13,32400,2.729415
2014-02-14,3.12,3.19,3.12,3.16,36400,2.755576
2014-02-13,3.10,3.15,3.08,3.15,47000,2.746856
2014-02-12,3.09,3.12,3.09,3.10,40900,2.703255
2014-02-11,3.13,3.14,3.09,3.13,45400,2.729415
2014-02-10,3.15,3.17,3.11,3.14,33600,2.738135
2014-02-07,3.13,3.17,3.12,3.16,25500,2.755576
2014-02-06,3.11,3.17,3.09,3.14,120600,2.738135
2014-02-05,3.02,3.16,3.02,3.13,134000,2.729415
2014-02-04,2.90,3.00,2.88,2.95,97300,2.572452
2014-02-03,3.00,3.01,2.86,2.90,198400,2.528851
2014-01-31,3.08,3.08,2.99,3.00,123100,2.616053
2014-01-30,3.23,3.23,3.01,3.08,186100,2.685814
2014-01-29,3.01,3.05,3.00,3.04,64700,2.650934
2014-01-28,3.02,3.04,3.00,3.01,155100,2.624773
2014-01-27,3.07,3.08,3.01,3.06,101600,2.668374
2014-01-24,3.11,3.15,3.04,3.09,133900,2.694534
2014-01-23,3.16,3.16,3.10,3.10,53600,2.703255
2014-01-22,3.15,3.22,3.13,3.15,214700,2.746856
2014-01-21,3.20,3.20,3.13,3.15,96700,2.746856
2014-01-17,3.23,3.27,3.18,3.20,55700,2.790456
2014-01-16,3.22,3.27,3.20,3.25,64400,2.834057
2014-01-15,3.18,3.22,3.15,3.19,46600,2.781736
2014-01-14,3.15,3.18,3.12,3.15,67900,2.746856
2014-01-13,3.23,3.24,3.14,3.17,98000,2.764296
2014-01-10,3.22,3.23,3.16,3.21,62400,2.799177
2014-01-09,3.18,3.31,3.18,3.23,165600,2.816617
2014-01-08,3.31,3.34,3.31,3.34,131700,2.912539
2014-01-07,3.47,3.47,3.32,3.33,126600,2.903819
2014-01-06,3.32,3.46,3.32,3.44,159100,2.999741
2014-01-03,3.34,3.38,3.33,3.35,29800,2.921259
2014-01-02,3.35,3.37,3.31,3.32,55900,2.895098
2013-12-31,3.34,3.39,3.33,3.37,55900,2.938699
2013-12-30,3.32,3.38,3.25,3.35,59600,2.921259
2013-12-27,3.32,3.35,3.26,3.30,54800,2.877658
2013-12-26,3.26,3.46,3.26,3.38,99700,2.94742
2013-12-24,3.31,3.36,3.27,3.35,73600,2.921259
2013-12-23,3.20,3.37,3.20,3.34,268000,2.912539
2013-12-20,3.10,3.20,3.09,3.20,158000,2.790456
2013-12-19,3.00,3.15,3.00,3.11,102200,2.711975
2013-12-18,3.03,3.03,2.97,3.02,162800,2.633493
2013-12-17,3.07,3.11,3.03,3.06,238100,2.668374
2013-12-16,3.14,3.21,3.08,3.13,198600,2.729415
2013-12-13,3.21,3.21,3.13,3.13,26900,2.729415
2013-12-12,3.16,3.21,3.14,3.21,437700,2.799177
2013-12-11,3.16,3.21,3.16,3.19,22300,2.781736
2013-12-10,3.23,3.23,3.18,3.18,60700,2.739879
2013-12-09,3.18,3.22,3.18,3.20,40900,2.757111
2013-12-06,3.17,3.23,3.17,3.22,88400,2.774343
2013-12-05,3.23,3.23,3.19,3.20,50100,2.757111
2013-12-04,3.22,3.25,3.17,3.23,49900,2.782959
2013-12-03,3.20,3.22,3.17,3.20,82000,2.757111
2013-12-02,3.25,3.25,3.18,3.20,46600,2.757111
2013-11-29,3.25,3.26,3.22,3.26,16600,2.808807
2013-11-27,3.30,3.30,3.20,3.26,67700,2.808807
2013-11-26,3.16,3.24,3.14,3.24,130700,2.791575
2013-11-25,3.20,3.23,3.16,3.16,45600,2.722648
2013-11-22,3.23,3.24,3.20,3.20,28200,2.757111
2013-11-21,3.25,3.25,3.16,3.21,88600,2.765727
2013-11-20,3.25,3.28,3.18,3.21,76600,2.765727
2013-11-19,3.32,3.41,3.24,3.26,95500,2.808807
2013-11-18,3.26,3.30,3.26,3.26,50500,2.808807
2013-11-15,3.40,3.40,3.27,3.28,136600,2.826039
2013-11-14,3.35,3.35,3.21,3.31,91400,2.851887
2013-11-13,3.26,3.33,3.26,3.32,47600,2.860503
2013-11-12,3.25,3.30,3.19,3.26,176400,2.808807
2013-11-11,3.20,3.21,3.15,3.19,72400,2.748495
2013-11-08,3.15,3.20,3.13,3.18,67600,2.739879
2013-11-07,3.23,3.28,3.15,3.18,148100,2.739879
2013-11-06,3.27,3.30,3.18,3.21,356400,2.765727
2013-11-05,3.35,3.39,3.22,3.23,209500,2.782959
2013-11-04,3.19,3.35,3.19,3.33,303900,2.869119
2013-11-01,3.18,3.18,3.12,3.14,174400,2.705416
2013-10-31,3.19,3.19,3.12,3.15,179900,2.714032
2013-10-30,3.09,3.20,3.07,3.15,445200,2.714032
2013-10-29,3.08,3.09,2.95,2.99,391600,2.576176
2013-10-28,3.16,3.16,3.06,3.08,315500,2.65372
2013-10-25,3.12,3.21,3.02,3.13,678100,2.6968
2013-10-24,2.98,3.10,2.85,3.05,2905200,2.627872
2013-10-23,4.14,4.14,3.89,3.95,307100,3.403309
2013-10-22,4.41,4.61,4.04,4.07,812700,3.506701
2013-10-21,4.05,4.34,4.01,4.34,529800,3.739332
2013-10-18,4.18,4.18,4.00,4.02,68900,3.463621
2013-10-17,4.10,4.10,4.02,4.04,59500,3.480853
2013-10-16,4.10,4.10,3.98,3.98,49100,3.429157
2013-10-15,4.19,4.19,4.00,4.11,182800,3.541165
2013-10-14,3.93,4.15,3.93,4.14,40300,3.567013
2013-10-11,3.93,3.97,3.91,3.96,39500,3.411925
2013-10-10,3.84,4.00,3.78,3.90,239200,3.36023
2013-10-09,3.68,3.80,3.68,3.75,91000,3.23099
2013-10-08,3.80,3.81,3.70,3.73,57600,3.213758
2013-10-07,3.57,3.80,3.57,3.80,49900,3.27407
2013-10-04,3.79,3.80,3.70,3.75,20100,3.23099
2013-10-03,3.76,3.78,3.74,3.74,37700,3.222374
2013-10-02,3.83,3.83,3.72,3.73,13200,3.213758
2013-10-01,3.90,3.91,3.78,3.82,76200,3.291302
2013-09-30,3.90,3.92,3.84,3.86,54000,3.325765
2013-09-27,4.02,4.02,3.92,3.94,92800,3.394693
2013-09-26,4.00,4.00,3.91,3.93,61900,3.386077
2013-09-25,3.97,4.07,3.91,3.96,80900,3.411925
2013-09-24,3.88,4.03,3.87,3.97,129200,3.420541
2013-09-23,3.94,3.96,3.86,3.87,83800,3.334381
2013-09-20,3.97,3.97,3.83,3.94,90900,3.394693
2013-09-19,4.07,4.15,3.93,3.98,141600,3.429157
2013-09-18,3.67,4.30,3.64,4.07,564100,3.506701
2013-09-17,3.58,3.66,3.51,3.64,119400,3.136214
2013-09-16,3.39,3.69,3.39,3.51,186500,3.024207
2013-09-13,3.31,3.31,3.23,3.27,80100,2.817423
2013-09-12,3.40,3.40,3.24,3.26,70600,2.808807
2013-09-11,3.29,3.32,3.28,3.29,49800,2.834655
2013-09-10,3.30,3.30,3.28,3.30,30900,2.809669
2013-09-09,3.25,3.30,3.25,3.25,25200,2.767098
2013-09-06,3.26,3.27,3.24,3.26,38200,2.775612
2013-09-05,3.25,3.28,3.21,3.24,72500,2.758584
2013-09-04,3.20,3.27,3.20,3.26,18800,2.775612
2013-09-03,3.31,3.31,3.20,3.23,65300,2.75007
2013-08-30,3.28,3.29,3.26,3.27,3900,2.784126
2013-08-29,3.32,3.32,3.28,3.28,14300,2.792641
2013-08-28,3.30,3.38,3.30,3.31,6800,2.818183
2013-08-27,3.36,3.36,3.29,3.29,9500,2.801155
2013-08-26,3.39,3.42,3.32,3.36,12000,2.860754
2013-08-23,3.35,3.42,3.35,3.42,20000,2.911839
2013-08-22,3.33,3.41,3.33,3.36,36300,2.860754
2013-08-21,3.41,3.45,3.31,3.36,47900,2.860754
2013-08-20,3.34,3.50,3.31,3.41,9100,2.903325
2013-08-19,3.40,3.40,3.34,3.34,23400,2.843725
2013-08-16,3.38,3.40,3.27,3.36,35500,2.860754
2013-08-15,3.41,3.42,3.38,3.38,4100,2.877782
2013-08-14,3.43,3.48,3.41,3.41,15100,2.903325
2013-08-13,3.44,3.47,3.40,3.47,20600,2.954409
2013-08-12,3.60,3.60,3.38,3.39,43000,2.886296
2013-08-09,3.25,3.53,3.23,3.43,26500,2.920353
2013-08-08,3.42,3.49,3.27,3.30,69500,2.809669
2013-08-07,3.52,3.52,3.38,3.48,87400,2.962924
2013-08-06,3.50,3.63,3.48,3.51,118800,2.988466
2013-08-05,3.50,3.79,3.50,3.51,5300,2.988466
2013-08-02,3.62,3.66,3.54,3.54,24200,3.014008
2013-08-01,3.54,3.71,3.54,3.61,84400,3.073607
2013-07-31,3.52,3.61,3.48,3.54,35700,3.014008
2013-07-30,3.54,3.55,3.51,3.55,53200,3.022522
2013-07-29,3.57,3.64,3.50,3.58,51300,3.048065
2013-07-26,3.63,3.65,3.55,3.55,25000,3.022522
2013-07-25,3.73,3.73,3.65,3.65,36600,3.107664
2013-07-24,3.92,3.92,3.70,3.77,71400,3.209834
2013-07-23,3.80,3.86,3.77,3.80,38900,3.235376
2013-07-22,3.62,3.82,3.62,3.82,61300,3.252404
2013-07-19,3.57,3.71,3.57,3.64,63000,3.09915
2013-07-18,3.72,3.72,3.65,3.71,56000,3.158749
2013-07-17,3.79,3.79,3.64,3.71,184000,3.158749
2013-07-16,3.40,3.74,3.37,3.70,583300,3.150235
2013-07-15,4.69,4.69,3.15,3.25,698500,2.767098
2013-07-12,4.70,4.75,4.69,4.72,4900,4.018678
2013-07-11,4.49,4.70,4.45,4.66,37700,3.967593
2013-07-10,4.34,4.53,4.33,4.53,29200,3.856909
2013-07-09,4.52,4.52,4.26,4.30,124200,3.661084
2013-07-08,4.69,4.69,4.46,4.46,42000,3.79731
2013-07-05,4.69,4.69,4.63,4.63,22800,3.942051
2013-07-03,4.61,4.70,4.58,4.70,16800,4.001649
2013-07-02,4.73,4.73,4.60,4.63,64600,3.942051
2013-07-01,4.73,4.85,4.68,4.78,43700,4.069763
2013-06-28,4.57,4.63,4.50,4.61,70800,3.925022
2013-06-27,4.36,4.59,4.36,4.55,22500,3.873938
2013-06-26,4.45,4.51,4.34,4.35,60700,3.703654
2013-06-25,4.56,4.56,4.33,4.41,16500,3.754739
2013-06-24,4.58,4.58,4.32,4.43,30500,3.771767
2013-06-21,4.53,4.72,4.33,4.50,198900,3.831367
2013-06-20,4.20,4.20,4.11,4.12,22300,3.507829
2013-06-19,4.33,4.35,4.25,4.25,17800,3.618513
2013-06-18,4.28,4.33,4.23,4.32,6000,3.678112
2013-06-17,4.19,4.33,4.19,4.30,7700,3.661084
2013-06-14,4.14,4.17,4.14,4.16,3000,3.541885
2013-06-13,4.24,4.24,4.19,4.21,3300,3.584456
2013-06-12,4.28,4.28,4.12,4.27,7600,3.635541
2013-06-11,4.22,4.35,4.20,4.30,32000,3.627027
2013-06-10,4.26,4.32,4.24,4.29,27400,3.618592
2013-06-07,4.06,4.22,4.06,4.22,5300,3.559547
2013-06-06,4.03,4.06,4.01,4.03,9200,3.399284
2013-06-05,4.07,4.11,4.03,4.04,34000,3.407718
2013-06-04,4.12,4.14,4.01,4.14,33600,3.492068
2013-06-03,4.24,4.25,4.16,4.16,3800,3.508938
2013-05-31,4.30,4.37,4.23,4.25,19500,3.584852
2013-05-30,4.35,4.41,4.32,4.36,6600,3.677637
2013-05-29,4.37,4.42,4.33,4.38,9800,3.694507
2013-05-28,4.54,4.54,4.31,4.43,84100,3.736681
2013-05-24,4.22,4.36,4.11,4.16,20300,3.508938
2013-05-23,4.25,4.38,4.01,4.01,14000,3.382414
2013-05-22,4.42,4.42,4.27,4.29,23500,3.618592
2013-05-21,4.60,4.63,4.42,4.43,23500,3.736681
2013-05-20,4.64,4.81,4.52,4.52,23800,3.812596
2013-05-17,4.59,4.60,4.33,4.59,56900,3.871641
2013-05-16,4.25,4.48,4.25,4.48,17500,3.778856
2013-05-15,4.03,4.25,4.00,4.24,62000,3.576417
2013-05-14,4.02,4.08,4.00,4.00,7700,3.373979
2013-05-13,3.96,4.07,3.93,3.93,15800,3.314934
2013-05-10,3.91,3.98,3.90,3.94,2500,3.323369
2013-05-09,3.99,3.99,3.91,3.92,8400,3.306499
2013-05-08,4.04,4.04,3.88,3.93,47800,3.314934
2013-05-07,4.20,4.20,4.03,4.07,41700,3.433023
2013-05-06,4.12,4.25,4.08,4.21,23500,3.551113
2013-05-03,4.04,4.12,4.04,4.08,31400,3.441458
2013-05-02,3.98,4.12,3.98,4.04,27700,3.407718
2013-05-01,3.91,3.93,3.89,3.89,6100,3.281194
2013-04-30,3.75,3.95,3.75,3.95,15900,3.331804
2013-04-29,3.82,3.85,3.66,3.66,6100,3.087191
2013-04-26,3.75,3.80,3.75,3.79,3800,3.196845
2013-04-25,3.78,3.84,3.74,3.76,29100,3.17154
2013-04-24,3.75,3.80,3.63,3.63,15800,3.061886
2013-04-23,3.68,3.76,3.64,3.72,26400,3.1378
2013-04-22,3.74,3.74,3.62,3.63,11400,3.061886
2013-04-19,3.63,3.75,3.63,3.69,5600,3.112495
2013-04-18,3.64,3.64,3.57,3.58,9100,3.019711
2013-04-17,3.74,3.78,3.58,3.61,40800,3.045016
2013-04-16,3.72,3.82,3.72,3.76,27300,3.17154
2013-04-15,3.94,3.94,3.66,3.66,37100,3.087191
2013-04-12,3.88,3.96,3.86,3.95,65400,3.331804
2013-04-11,3.86,3.91,3.82,3.91,75600,3.298064
2013-04-10,3.88,3.88,3.80,3.83,50800,3.230584
2013-04-09,3.82,3.88,3.79,3.82,27500,3.22215
2013-04-08,3.90,3.90,3.80,3.83,27600,3.230584
2013-04-05,3.90,3.96,3.90,3.90,16000,3.289629
2013-04-04,4.06,4.13,3.99,4.00,13200,3.373979
2013-04-03,4.08,4.09,3.90,4.05,44200,3.416154
2013-04-02,4.03,4.16,4.00,4.16,16200,3.508938
2013-04-01,3.98,4.03,3.96,4.01,55800,3.382414
2013-03-28,4.25,4.25,3.89,3.98,64600,3.357109
2013-03-27,4.14,4.17,4.06,4.17,37800,3.517373
2013-03-26,4.36,4.36,4.15,4.18,22600,3.525808
2013-03-25,4.32,4.38,4.26,4.31,69700,3.635462
2013-03-22,4.47,4.47,4.28,4.30,28000,3.627027
2013-03-21,4.56,4.58,4.43,4.45,25900,3.753551
2013-03-20,4.37,4.52,4.37,4.52,19000,3.812596
2013-03-19,4.51,4.55,4.29,4.29,15900,3.585696
2013-03-18,4.52,4.60,4.51,4.53,15500,3.786294
2013-03-15,4.57,4.58,4.51,4.51,58800,3.769578
2013-03-14,4.64,4.65,4.50,4.50,5500,3.761219
2013-03-13,4.62,4.67,4.58,4.64,12100,3.878235
2013-03-12,4.78,4.78,4.59,4.63,14600,3.869877
2013-03-11,4.75,4.80,4.69,4.69,19100,3.920026
2013-03-08,4.41,4.79,4.41,4.79,126300,4.003609
2013-03-07,4.26,4.46,4.26,4.44,18500,3.71107
2013-03-06,4.17,4.30,4.13,4.22,79600,3.527188
2013-03-05,4.21,4.28,4.16,4.16,7900,3.477038
2013-03-04,4.30,4.31,4.16,4.16,7500,3.477038
2013-03-01,4.30,4.33,4.28,4.31,1400,3.602412
2013-02-28,4.35,4.36,4.24,4.29,20600,3.585696
2013-02-27,4.16,4.27,3.98,4.27,95900,3.568979
2013-02-26,4.32,4.32,4.19,4.19,51300,3.502113
2013-02-25,4.47,4.47,4.30,4.30,19300,3.594054
2013-02-22,4.43,4.43,4.38,4.42,18700,3.694353
2013-02-21,4.47,4.47,4.41,4.44,9100,3.71107
2013-02-20,4.47,4.49,4.45,4.46,53600,3.727786
2013-02-19,4.49,4.54,4.47,4.49,41800,3.752861
2013-02-15,4.57,4.58,4.52,4.52,157100,3.777936
2013-02-14,4.51,4.57,4.47,4.57,5500,3.819727
2013-02-13,4.55,4.58,4.49,4.49,124600,3.752861
2013-02-12,4.56,4.60,4.56,4.57,6700,3.819727
2013-02-11,4.60,4.60,4.53,4.53,6000,3.786294
2013-02-08,4.63,4.63,4.57,4.57,5900,3.819727
2013-02-07,4.58,4.63,4.58,4.63,3000,3.869877
2013-02-06,4.58,4.64,4.52,4.52,10700,3.777936
2013-02-05,4.60,4.62,4.57,4.62,9200,3.861518
2013-02-04,4.52,4.61,4.52,4.58,31800,3.828085
2013-02-01,4.55,4.65,4.55,4.63,14000,3.869877
2013-01-31,4.53,4.58,4.49,4.58,45500,3.828085
2013-01-30,4.58,4.58,4.48,4.52,25700,3.777936
2013-01-29,4.49,4.60,4.42,4.60,43600,3.844802
2013-01-28,4.52,4.57,4.44,4.45,19100,3.719428
2013-01-25,4.54,4.59,4.53,4.58,15900,3.828085
2013-01-24,4.51,4.61,4.51,4.60,15600,3.844802
2013-01-23,4.60,4.63,4.39,4.39,23100,3.669278
2013-01-22,4.66,4.66,4.56,4.63,10400,3.869877
2013-01-18,4.74,4.75,4.62,4.64,7700,3.878235
2013-01-17,4.77,4.78,4.71,4.71,90400,3.936743
2013-01-16,4.61,4.80,4.61,4.76,6000,3.978534
2013-01-15,4.61,4.66,4.55,4.55,12700,3.803011
2013-01-14,4.62,4.62,4.57,4.59,7600,3.836444
2013-01-11,4.58,4.62,4.55,4.58,3200,3.828085
2013-01-10,4.63,4.65,4.57,4.57,38600,3.819727
2013-01-09,4.64,4.68,4.61,4.65,8600,3.886593
2013-01-08,4.79,4.79,4.66,4.68,7200,3.911668
2013-01-07,4.81,4.81,4.75,4.76,52600,3.978534
2013-01-04,4.72,4.82,4.71,4.80,23500,4.011967
2013-01-03,4.73,4.73,4.66,4.73,12000,3.953459
2013-01-02,4.58,4.72,4.55,4.72,24400,3.945101
2012-12-31,4.49,4.56,4.47,4.54,21600,3.794652
2012-12-28,4.58,4.59,4.55,4.56,1700,3.811369
2012-12-27,4.51,4.63,4.49,4.59,16400,3.836444
2012-12-26,4.52,4.59,4.43,4.51,13400,3.769578
2012-12-24,4.50,4.55,4.48,4.54,13000,3.794652
2012-12-21,4.57,4.58,4.54,4.55,6900,3.803011
2012-12-20,4.72,4.72,4.63,4.63,14600,3.869877
2012-12-19,4.78,4.78,4.70,4.75,14300,3.970176
2012-12-18,4.72,4.79,4.71,4.78,4400,3.995251
2012-12-17,4.77,4.78,4.70,4.78,13600,3.995251
2012-12-14,4.66,4.79,4.66,4.77,23100,3.986892
2012-12-13,4.62,4.65,4.60,4.65,16200,3.886593
2012-12-12,4.66,4.73,4.55,4.73,11600,3.953459
2012-12-11,5.00,5.05,4.43,4.55,97400,3.773757
2012-12-10,4.98,4.98,4.93,4.95,12100,4.105515
2012-12-07,4.99,4.99,4.95,4.97,2300,4.122103
2012-12-06,5.04,5.04,4.91,4.93,13000,4.088927
2012-12-05,5.00,5.21,4.90,5.21,6400,4.321159
2012-12-04,5.07,5.08,4.90,5.01,33700,4.15528
2012-12-03,5.06,5.11,5.06,5.09,4100,4.221631
2012-11-30,4.91,5.09,4.90,5.07,11000,4.205043
2012-11-29,4.98,4.98,4.83,4.91,9900,4.07234
2012-11-28,4.95,4.96,4.90,4.90,15500,4.064046
2012-11-27,4.70,5.16,4.70,4.97,15400,4.122103
2012-11-26,4.80,4.80,4.70,4.70,45300,3.898166
2012-11-23,4.86,4.86,4.80,4.83,4100,4.005988
2012-11-21,4.80,4.82,4.80,4.82,5300,3.997694
2012-11-20,4.92,4.92,4.80,4.83,30700,4.005988
2012-11-19,5.05,5.05,4.92,4.93,5200,4.088927
2012-11-16,5.02,5.02,4.85,4.85,5000,4.022576
2012-11-15,4.98,5.03,4.90,5.00,8000,4.146985
2012-11-14,5.10,5.13,5.03,5.05,4900,4.188455
2012-11-13,5.15,5.15,5.07,5.12,10000,4.246513
2012-11-12,5.10,5.29,5.09,5.29,1300,4.387511
2012-11-09,5.06,5.27,5.02,5.02,29900,4.163573
2012-11-08,5.10,5.16,5.05,5.11,6000,4.238219
2012-11-07,5.04,5.20,5.02,5.02,16300,4.163573
2012-11-06,5.27,5.27,5.03,5.06,17900,4.196749
2012-11-05,5.45,5.45,5.24,5.31,2500,4.404098
2012-11-02,5.42,5.43,5.37,5.41,21100,4.487038
2012-11-01,5.38,5.48,5.36,5.42,41100,4.495332
2012-10-31,5.17,5.35,5.17,5.35,10000,4.437274
2012-10-26,5.33,5.34,5.11,5.22,8800,4.329453
2012-10-25,5.50,5.54,5.32,5.32,7500,4.412393
2012-10-24,5.60,5.65,5.45,5.46,19000,4.528508
2012-10-23,5.63,5.63,5.55,5.60,10300,4.644624
2012-10-22,5.70,5.71,5.63,5.67,8900,4.702682
2012-10-19,5.70,5.73,5.67,5.67,2700,4.702682
2012-10-18,5.83,5.83,5.78,5.80,4500,4.810503
2012-10-17,5.84,5.89,5.81,5.89,16400,4.885149
2012-10-16,5.70,5.86,5.68,5.85,19200,4.851973
2012-10-15,5.63,5.70,5.63,5.68,16700,4.710975
2012-10-12,5.58,5.66,5.50,5.63,12600,4.669506
2012-10-11,5.73,5.76,5.55,5.55,23500,4.603154
2012-10-10,5.70,5.73,5.69,5.69,5400,4.719269
2012-10-09,5.65,5.75,5.65,5.74,61300,4.760739
2012-10-08,5.54,5.81,5.54,5.60,9100,4.644624
2012-10-05,5.75,5.77,5.71,5.71,21300,4.735857
2012-10-04,5.65,5.75,5.62,5.71,13800,4.735857
2012-10-03,5.64,5.68,5.56,5.56,13500,4.611448
2012-10-02,5.68,5.80,5.66,5.68,14700,4.710975
2012-10-01,5.69,5.73,5.61,5.62,6000,4.661212
2012-09-28,5.62,5.65,5.60,5.61,14800,4.652918
2012-09-27,5.53,5.63,5.51,5.63,5600,4.669506
2012-09-26,5.65,5.69,5.51,5.52,19800,4.578272
2012-09-25,5.70,5.87,5.65,5.65,26000,4.686094
2012-09-24,5.56,5.72,5.52,5.70,69400,4.727563
2012-09-21,5.77,5.86,5.58,5.64,32100,4.677799
2012-09-20,5.59,5.73,5.58,5.73,28100,4.752445
2012-09-19,5.52,5.64,5.52,5.61,14600,4.652918
2012-09-18,5.50,5.56,5.50,5.52,16000,4.578272
2012-09-17,5.49,5.59,5.49,5.51,20900,4.569978
2012-09-14,5.45,5.52,5.45,5.46,11300,4.528508
2012-09-13,5.49,5.50,5.46,5.48,4700,4.545096
2012-09-12,5.43,5.43,5.32,5.33,6300,4.420686
2012-09-11,5.28,5.49,5.28,5.47,34400,4.507773
2012-09-10,5.20,5.28,5.20,5.25,12600,4.326473
2012-09-07,5.24,5.25,5.18,5.22,26800,4.301751
2012-09-06,5.17,5.25,5.15,5.19,15700,4.277028
2012-09-05,5.11,5.13,5.06,5.07,25700,4.178137
2012-09-04,5.21,5.21,5.10,5.13,11500,4.227583
2012-08-31,5.15,5.20,5.12,5.16,7500,4.252305
2012-08-30,5.26,5.26,5.13,5.16,26900,4.252305
2012-08-29,5.25,5.37,5.16,5.34,30400,4.400642
2012-08-28,5.04,5.25,5.04,5.21,27600,4.29351
2012-08-27,5.00,5.02,4.99,4.99,2900,4.11221
2012-08-24,4.94,5.00,4.93,4.98,12300,4.103969
2012-08-23,4.89,4.96,4.88,4.95,6100,4.079246
2012-08-22,4.93,4.96,4.90,4.95,4900,4.079246
2012-08-21,5.00,5.05,4.95,4.96,12900,4.087487
2012-08-20,4.97,4.98,4.95,4.97,12700,4.095728
2012-08-17,4.98,5.00,4.93,4.99,69500,4.11221
2012-08-16,4.93,5.01,4.93,4.99,3800,4.11221
2012-08-15,4.96,4.99,4.96,4.96,4700,4.087487
2012-08-14,4.92,4.93,4.91,4.93,5300,4.062764
2012-08-13,4.95,4.97,4.93,4.93,6500,4.062764
2012-08-10,4.95,5.03,4.93,5.00,12200,4.120451
2012-08-09,4.89,4.99,4.88,4.99,13300,4.11221
2012-08-08,4.95,4.95,4.87,4.90,5000,4.038042
2012-08-07,4.87,5.00,4.87,4.98,48900,4.103969
2012-08-06,4.79,4.83,4.74,4.83,19800,3.980356
2012-08-03,4.89,4.91,4.80,4.84,17200,3.988597
2012-08-02,4.78,5.00,4.70,4.87,109800,4.013319
2012-08-01,5.11,5.16,5.05,5.05,18400,4.161656
2012-07-31,4.99,5.09,4.94,5.09,11200,4.194619
2012-07-30,5.06,5.09,4.94,4.94,19400,4.071006
2012-07-27,4.94,5.05,4.94,4.99,6300,4.11221
2012-07-26,4.85,4.97,4.85,4.96,19500,4.087487
2012-07-25,4.70,4.81,4.70,4.76,8400,3.922669
2012-07-24,4.77,4.77,4.68,4.70,16000,3.873224
2012-07-23,4.81,4.83,4.76,4.78,13000,3.939151
2012-07-20,4.91,4.95,4.85,4.91,11800,4.046283
2012-07-19,4.90,4.98,4.90,4.95,5600,4.079246
2012-07-18,4.97,5.04,4.89,4.92,7000,4.054524
2012-07-17,4.80,4.98,4.80,4.94,8300,4.071006
2012-07-16,4.83,4.86,4.75,4.75,2000,3.914428
2012-07-13,4.73,4.98,4.73,4.98,11800,4.103969
2012-07-12,4.77,4.87,4.60,4.60,3900,3.790815
2012-07-11,4.81,4.85,4.77,4.82,17900,3.972115
2012-07-10,5.01,5.01,4.81,4.82,11300,3.972115
2012-07-09,5.50,5.50,4.94,4.94,35300,4.071006
2012-07-06,5.09,5.72,5.06,5.72,3000,4.713796
2012-07-05,5.06,5.20,5.06,5.14,14100,4.235823
2012-07-03,4.94,5.10,4.92,5.10,12700,4.20286
2012-07-02,4.37,5.11,4.37,4.88,19000,4.02156
2012-06-29,4.86,5.01,4.81,4.93,62300,4.062764
2012-06-28,4.81,4.87,4.71,4.79,40700,3.947392
2012-06-27,4.96,4.96,4.92,4.92,2100,4.054524
2012-06-26,4.91,5.00,4.87,4.94,15700,4.071006
2012-06-25,4.91,4.92,4.88,4.90,21000,4.038042
2012-06-22,5.02,5.03,4.92,4.99,13000,4.11221
2012-06-21,5.11,5.13,4.95,5.03,8400,4.145174
2012-06-20,5.18,5.18,5.13,5.13,7400,4.227583
2012-06-19,5.12,5.21,5.11,5.21,11700,4.29351
2012-06-18,4.91,5.12,4.90,5.08,18100,4.186378
2012-06-15,4.95,4.98,4.89,4.95,31600,4.079246
2012-06-14,5.07,5.07,4.90,4.93,32500,4.062764
2012-06-13,4.92,5.02,4.91,5.01,9100,4.128692
2012-06-12,4.97,4.98,4.91,4.97,9300,4.071005
2012-06-11,5.06,5.07,4.91,4.93,18300,4.038241
2012-06-08,4.96,5.00,4.85,5.00,9700,4.095579
2012-06-07,5.10,5.14,4.94,4.94,13900,4.046432
2012-06-06,4.98,5.06,4.97,5.05,30500,4.136535
2012-06-05,4.82,4.93,4.82,4.92,7700,4.03005
2012-06-04,4.89,4.89,4.82,4.86,15300,3.980903
2012-06-01,4.79,4.88,4.78,4.85,18900,3.972711
2012-05-31,4.84,4.92,4.80,4.89,18400,4.005476
2012-05-30,4.99,5.04,4.84,4.84,23800,3.96452
2012-05-29,5.05,5.07,4.95,5.07,15200,4.152917
2012-05-25,4.92,5.01,4.92,5.00,24300,4.095579
2012-05-24,4.81,4.89,4.79,4.89,7500,4.005476
2012-05-23,4.88,4.88,4.70,4.78,49900,3.915373
2012-05-22,4.85,4.93,4.76,4.88,23900,3.997285
2012-05-21,4.70,4.83,4.69,4.81,11300,3.939947
2012-05-18,4.80,4.80,4.72,4.79,52000,3.923564
2012-05-17,4.78,4.85,4.68,4.78,82700,3.915373
2012-05-16,4.72,4.80,4.64,4.64,45000,3.800697
2012-05-15,4.67,4.76,4.64,4.74,20700,3.882609
2012-05-14,4.77,4.83,4.58,4.68,92000,3.833462
2012-05-11,4.74,4.87,4.67,4.78,47300,3.915373
2012-05-10,4.99,4.99,4.76,4.77,60000,3.907182
2012-05-09,5.08,5.08,4.88,4.96,73900,4.062814
2012-05-08,5.35,5.35,5.09,5.19,58400,4.251211
2012-05-07,5.25,5.40,5.25,5.35,53300,4.382269
2012-05-04,5.56,5.56,5.31,5.32,33400,4.357696
2012-05-03,5.70,5.72,5.56,5.58,17200,4.570666
2012-05-02,5.61,5.74,5.59,5.74,15000,4.701724
2012-05-01,5.76,5.76,5.64,5.66,17000,4.636195
2012-04-30,5.66,5.75,5.54,5.75,14600,4.709916
2012-04-27,5.63,5.71,5.63,5.66,27700,4.636195
2012-04-26,5.55,5.73,5.54,5.66,15900,4.636195
2012-04-25,5.38,5.53,5.38,5.51,25800,4.513328
2012-04-24,5.44,5.59,5.36,5.40,23300,4.423225
2012-04-23,5.56,5.57,5.41,5.45,77500,4.464181
2012-04-20,5.71,5.76,5.65,5.65,12100,4.628004
2012-04-19,5.80,5.80,5.70,5.71,15000,4.677151
2012-04-18,5.79,5.83,5.75,5.80,12600,4.750872
2012-04-17,5.70,5.87,5.70,5.82,28000,4.767254
2012-04-16,5.71,5.75,5.63,5.66,78500,4.636195
2012-04-13,5.84,5.84,5.66,5.70,96800,4.66896
2012-04-12,5.94,6.03,5.76,5.84,127800,4.783636
