Date,Open,High,Low,Close,Volume,Adj Close
2016-11-25,8.27,8.27,8.27,8.27,000,8.27
2016-11-23,8.20,8.27,8.20,8.27,2000,8.27
2016-11-22,8.22,8.30,8.21,8.30,900,8.30
2016-11-21,8.22,8.23,8.11,8.20,2100,8.20
2016-11-18,8.23,8.23,8.23,8.23,000,8.23
2016-11-17,8.07,8.24,8.07,8.23,4400,8.23
2016-11-16,8.16,8.27,8.16,8.20,4400,8.20
2016-11-15,8.28,8.28,8.19,8.19,600,8.19
2016-11-14,8.28,8.28,8.28,8.28,600,8.28
2016-11-11,8.11,8.11,8.11,8.11,000,8.11
2016-11-10,8.12,8.13,8.10,8.11,2200,8.11
2016-11-09,8.18,8.18,8.18,8.18,000,8.18
2016-11-08,8.18,8.18,8.18,8.18,000,8.18
2016-11-07,8.18,8.24,8.05,8.18,2700,8.18
2016-11-04,8.12,8.12,8.12,8.12,000,8.12
2016-11-03,8.12,8.12,8.12,8.12,000,8.12
2016-11-02,8.02,8.12,8.02,8.12,500,8.12
2016-11-01,8.15,8.15,8.15,8.15,000,8.15
2016-10-31,8.15,8.15,8.15,8.15,000,8.15
2016-10-28,8.15,8.15,8.15,8.15,000,8.15
2016-10-27,8.09,8.15,8.09,8.15,4300,8.15
2016-10-26,8.13,8.13,8.10,8.10,1900,8.10
2016-10-25,8.17,8.24,8.12,8.12,4700,8.12
2016-10-24,8.17,8.18,8.15,8.17,800,8.17
2016-10-21,8.15,8.15,8.15,8.15,800,8.15
2016-10-20,8.25,8.25,8.25,8.25,1100,8.25
2016-10-19,8.25,8.25,8.25,8.25,500,8.25
2016-10-18,8.15,8.15,8.15,8.15,000,8.15
2016-10-17,8.15,8.15,8.15,8.15,500,8.15
2016-10-14,8.12,8.12,8.12,8.12,000,8.12
2016-10-13,8.12,8.16,8.12,8.12,2400,8.12
2016-10-12,8.11,8.11,8.11,8.11,000,8.11
2016-10-11,8.04,8.20,8.04,8.11,4300,8.11
2016-10-10,8.05,8.20,7.99,8.20,9300,8.20
2016-10-07,8.22,8.35,8.20,8.31,7900,8.31
2016-10-06,8.06,8.13,8.06,8.13,7900,8.13
2016-10-05,8.11,8.13,8.03,8.03,3000,8.03
2016-10-04,8.13,8.13,8.13,8.13,000,8.13
2016-10-03,8.13,8.13,8.13,8.13,000,8.13
2016-09-30,8.09,8.24,8.07,8.13,2400,8.13
2016-09-29,8.10,8.22,8.10,8.14,2100,8.14
2016-09-28,8.07,8.22,8.04,8.17,2400,8.17
2016-09-27,8.05,8.05,8.01,8.01,1500,8.01
2016-09-26,8.19,8.19,8.19,8.19,000,8.19
2016-09-23,8.26,8.26,8.15,8.19,1000,8.19
2016-09-22,8.03,8.24,8.03,8.24,4300,8.24
2016-09-21,8.10,8.10,8.00,8.01,1900,8.01
2016-09-20,8.03,8.14,8.02,8.14,2400,8.14
2016-09-19,8.05,8.14,8.05,8.14,700,8.14
2016-09-16,8.06,8.20,8.06,8.20,2000,8.20
2016-09-15,8.09,8.09,8.09,8.09,000,8.09
2016-09-14,8.05,8.22,8.05,8.09,5400,8.09
2016-09-13,8.20,8.20,8.02,8.05,2500,8.05
2016-09-12,8.01,8.07,8.00,8.01,5700,8.01
2016-09-09,8.15,8.18,8.01,8.01,2500,8.01
2016-09-08,8.21,8.25,8.18,8.18,2100,8.18
2016-09-07,8.00,8.25,8.00,8.18,4600,8.18
2016-09-06,8.01,8.12,7.91,7.93,1500,7.93
2016-09-02,7.95,8.09,7.95,7.98,6800,7.98
2016-09-01,8.16,8.16,7.95,7.96,5200,7.96
2016-08-31,8.10,8.14,8.10,8.14,4600,8.14
2016-08-30,8.26,8.26,8.26,8.26,000,8.26
2016-08-29,8.19,8.34,7.93,8.26,6900,8.26
2016-08-26,8.44,8.58,8.44,8.58,8600,8.192
2016-08-25,8.57,8.58,8.49,8.57,2000,8.182452
2016-08-24,8.58,8.58,8.44,8.50,3300,8.115618
2016-08-23,8.65,8.65,8.44,8.45,6500,8.067879
2016-08-22,8.65,8.65,8.44,8.44,4500,8.058331
2016-08-19,8.40,8.67,8.40,8.67,22400,8.27793
2016-08-18,8.25,8.34,8.11,8.34,3600,7.962853
2016-08-17,8.26,8.26,8.25,8.25,2500,7.876923
2016-08-16,8.22,8.40,8.09,8.09,7700,7.724159
2016-08-15,8.06,8.22,8.06,8.20,7200,7.829184
2016-08-12,8.27,8.27,8.17,8.19,5800,7.819636
2016-08-11,8.32,8.32,8.25,8.25,1400,7.876923
2016-08-10,8.31,8.40,8.18,8.36,4300,7.981948
2016-08-09,8.20,8.38,8.20,8.38,7000,8.001044
2016-08-08,8.26,8.43,8.02,8.02,20100,7.657324
2016-08-05,8.25,8.42,8.25,8.42,5100,8.039235
2016-08-04,8.29,8.29,8.29,8.29,1200,7.915114
2016-08-03,8.12,8.33,8.01,8.33,4700,7.953305
2016-08-02,8.40,8.40,8.22,8.26,2800,7.886471
2016-08-01,8.29,8.36,8.21,8.35,5800,7.972401
2016-07-29,8.22,8.26,8.15,8.26,6900,7.886471
2016-07-28,8.18,8.37,8.01,8.24,4600,7.867375
2016-07-27,8.35,8.44,8.20,8.20,8700,7.829184
2016-07-26,8.43,8.43,8.29,8.30,1900,7.924662
2016-07-25,8.41,8.41,8.12,8.29,600,7.915114
2016-07-22,8.20,8.20,8.12,8.19,1300,7.819636
2016-07-21,8.44,8.44,8.44,8.44,200,8.058331
2016-07-20,8.34,8.34,8.09,8.20,800,7.829184
2016-07-19,8.44,8.44,8.44,8.44,000,8.058331
2016-07-18,8.10,8.44,8.10,8.44,800,8.058331
2016-07-15,8.31,8.31,7.99,8.10,2200,7.733707
2016-07-14,7.97,8.28,7.97,8.10,7800,7.733707
2016-07-13,7.95,8.08,7.92,8.05,5100,7.685968
2016-07-12,7.92,7.98,7.92,7.92,1000,7.561846
2016-07-11,7.89,8.08,7.83,7.83,700,7.475916
2016-07-08,7.89,8.24,7.89,8.10,3700,7.733707
2016-07-07,7.92,7.92,7.59,7.90,8200,7.542751
2016-07-06,8.10,8.30,8.10,8.16,1600,7.790993
2016-07-05,8.20,8.30,8.03,8.20,6200,7.829184
2016-07-01,8.49,8.49,8.20,8.29,4100,7.915114
2016-06-30,8.48,8.49,8.39,8.39,1900,8.010592
2016-06-29,8.50,8.50,8.26,8.40,10500,8.020139
2016-06-28,8.40,8.40,8.11,8.30,11000,7.924662
2016-06-27,8.25,8.41,8.25,8.35,12300,7.972401
2016-06-24,8.20,8.21,8.00,8.18,5700,7.810089
2016-06-23,8.23,8.23,8.06,8.06,200,7.695516
2016-06-22,7.88,8.24,7.85,8.14,8200,7.771898
2016-06-21,8.06,8.06,7.82,8.04,7200,7.67642
2016-06-20,7.75,8.10,7.75,8.05,10900,7.685968
2016-06-17,7.75,8.00,7.61,7.67,8300,7.323152
2016-06-16,7.71,8.06,7.28,7.86,16600,7.50456
2016-06-15,7.98,8.10,7.75,7.77,13100,7.418629
2016-06-14,7.00,8.02,6.92,7.85,59800,7.495012
2016-06-13,6.75,6.82,6.75,6.82,6800,6.51159
2016-06-10,6.68,6.75,6.61,6.75,3600,6.444755
2016-06-09,6.75,6.75,6.75,6.75,100,6.444755
2016-06-08,6.79,6.79,6.62,6.77,1800,6.463851
2016-06-07,6.57,6.71,6.57,6.70,6400,6.397016
2016-06-06,6.62,6.79,6.58,6.58,2700,6.282443
2016-06-03,6.56,6.74,6.55,6.59,1100,6.291991
2016-06-02,6.64,6.64,6.64,6.64,000,6.339729
2016-06-01,6.75,6.75,6.60,6.64,3700,6.339729
2016-05-31,6.62,6.80,6.62,6.80,200,6.492494
2016-05-27,6.58,6.75,6.58,6.60,2000,6.301538
2016-05-26,6.59,6.70,6.59,6.65,600,6.349277
2016-05-25,6.70,6.82,6.51,6.57,4100,6.272895
2016-05-24,6.82,6.82,6.82,6.82,100,6.51159
2016-05-23,6.84,6.84,6.84,6.84,600,6.530685
2016-05-20,6.78,6.78,6.78,6.78,000,6.473399
2016-05-19,6.76,6.80,6.76,6.78,1500,6.473399
2016-05-18,6.81,6.92,6.81,6.92,2000,6.607068
2016-05-17,6.81,6.99,6.79,6.99,3300,6.673902
2016-05-16,6.97,7.00,6.86,6.95,2700,6.635711
2016-05-13,7.03,7.03,6.82,6.98,400,6.664354
2016-05-12,7.00,7.05,6.85,6.85,2600,6.540233
2016-05-11,6.99,7.00,6.76,7.00,8700,6.68345
2016-05-10,7.07,7.07,7.07,7.07,000,6.750285
2016-05-09,6.75,7.07,6.75,7.07,500,6.750285
2016-05-06,6.77,6.77,6.77,6.77,000,6.463851
2016-05-05,6.78,6.78,6.77,6.77,200,6.463851
2016-05-04,6.95,6.98,6.74,6.92,3200,6.607068
2016-05-03,6.99,6.99,6.90,6.90,1500,6.587972
2016-05-02,6.99,6.99,6.99,6.99,000,6.673902
2016-04-29,6.99,6.99,6.99,6.99,000,6.673902
2016-04-28,6.99,6.99,6.99,6.99,000,6.673902
2016-04-27,6.99,6.99,6.99,6.99,200,6.673902
2016-04-26,7.07,7.10,6.90,6.90,5200,6.587972
2016-04-25,7.09,7.10,6.90,6.95,2400,6.635711
2016-04-22,7.00,7.00,7.00,7.00,000,6.68345
2016-04-21,7.00,7.10,7.00,7.00,4300,6.68345
2016-04-20,6.98,7.10,6.90,7.10,5400,6.778928
2016-04-19,7.09,7.09,7.09,7.09,000,6.76938
2016-04-18,7.14,7.14,7.01,7.09,1600,6.76938
2016-04-15,7.10,7.14,6.85,7.11,3900,6.788476
2016-04-14,7.06,7.06,7.06,7.06,500,6.740737
2016-04-13,7.21,7.21,7.13,7.19,400,6.864858
2016-04-12,7.23,7.23,7.02,7.23,1600,6.903049
2016-04-11,7.06,7.23,6.75,7.11,20300,6.788476
2016-04-08,7.01,7.25,6.95,7.06,31100,6.740737
2016-04-07,6.79,6.98,6.68,6.98,6200,6.664354
2016-04-06,6.65,6.85,6.65,6.82,5300,6.51159
2016-04-05,7.00,7.00,5.70,6.64,46500,6.339729
2016-04-04,6.44,7.19,6.44,7.04,38300,6.721641
2016-04-01,6.05,6.50,5.94,6.22,12800,5.938722
2016-03-31,5.71,6.24,5.55,6.06,39200,5.785958
2016-03-30,5.50,5.65,5.35,5.64,4900,5.384951
2016-03-29,5.53,5.66,5.34,5.40,12100,5.155804
2016-03-28,5.56,5.83,5.50,5.50,9400,5.251282
2016-03-24,5.56,5.56,5.56,5.56,100,5.308569
2016-03-23,5.72,5.72,5.72,5.72,300,5.461333
2016-03-22,5.51,5.51,5.51,5.51,000,5.26083
2016-03-21,5.80,5.80,5.51,5.51,500,5.26083
2016-03-18,5.25,5.75,5.25,5.71,12800,5.451786
2016-03-17,5.47,5.50,5.28,5.48,2900,5.232186
2016-03-16,5.48,5.60,5.35,5.60,2800,5.34676
2016-03-15,5.65,5.68,5.38,5.56,6500,5.308569
2016-03-14,5.66,5.66,5.66,5.66,200,5.404046
2016-03-11,5.47,5.78,5.45,5.67,9300,5.413594
2016-03-10,5.50,5.50,5.50,5.50,000,5.251282
2016-03-09,5.30,5.50,5.25,5.50,2800,5.251282
2016-03-08,5.23,5.35,5.12,5.20,1700,4.964848
2016-03-07,5.30,5.50,5.17,5.45,2300,5.203543
2016-03-04,5.25,5.25,5.25,5.25,1600,5.012587
2016-03-03,5.38,5.41,5.08,5.10,7600,4.869371
2016-03-02,5.32,5.40,5.06,5.28,11600,5.041231
2016-03-01,5.32,5.36,5.07,5.18,1000,4.945753
2016-02-29,5.07,5.39,5.00,5.16,26000,4.926657
2016-02-26,4.91,4.91,4.68,4.88,700,4.659319
2016-02-25,5.53,5.53,4.98,5.03,3400,4.802536
2016-02-24,5.49,5.80,5.32,5.71,3400,5.081332
2016-02-23,5.72,5.77,5.40,5.55,20200,4.938948
2016-02-22,5.60,5.80,5.54,5.80,2700,5.161423
2016-02-19,5.27,5.58,5.15,5.58,6200,4.965644
2016-02-18,5.12,5.12,5.12,5.12,100,4.55629
2016-02-17,5.29,5.31,5.29,5.31,1400,4.725371
2016-02-16,5.29,5.29,5.08,5.10,4000,4.538492
2016-02-12,5.10,5.28,5.10,5.28,4800,4.698675
2016-02-11,5.04,5.05,5.04,5.05,1000,4.493997
2016-02-10,4.90,4.90,4.90,4.90,500,4.360512
2016-02-09,4.83,4.90,4.80,4.90,1300,4.360512
2016-02-08,4.99,5.22,4.90,4.94,2800,4.396108
2016-02-05,5.12,5.12,5.07,5.07,1400,4.511795
2016-02-04,5.11,5.12,4.95,4.95,2100,4.405007
2016-02-03,5.13,5.23,4.76,5.05,6200,4.493997
2016-02-02,4.86,5.12,4.65,5.12,12900,4.55629
2016-02-01,4.99,4.99,4.74,4.74,4100,4.218128
2016-01-29,4.63,4.72,4.63,4.72,1600,4.20033
2016-01-28,4.60,4.72,4.50,4.50,4700,4.004552
2016-01-27,4.51,4.54,4.42,4.42,7200,3.93336
2016-01-26,4.46,4.46,4.46,4.46,900,3.968956
2016-01-25,4.49,4.70,4.15,4.46,10600,3.968956
2016-01-22,4.62,4.62,4.26,4.58,3400,4.075744
2016-01-21,4.10,4.41,3.89,4.41,9400,3.924461
2016-01-20,4.86,4.88,4.11,4.35,8500,3.871067
2016-01-19,5.06,5.06,5.06,5.06,000,4.502896
2016-01-15,5.06,5.06,5.06,5.06,000,4.502896
2016-01-14,5.06,5.06,5.06,5.06,500,4.502896
2016-01-13,4.98,4.98,4.69,4.71,1200,4.191431
2016-01-12,4.72,4.72,4.72,4.72,100,4.20033
2016-01-11,4.70,4.70,4.68,4.68,200,4.164734
2016-01-08,4.52,4.73,4.30,4.35,9000,3.871067
2016-01-07,4.78,5.16,4.46,4.71,37800,4.191431
2016-01-06,4.53,4.85,4.34,4.67,24500,4.155835
2016-01-05,4.30,4.77,4.30,4.67,5000,4.155835
2016-01-04,4.46,4.46,4.09,4.17,3900,3.710885
2015-12-31,4.36,4.57,4.36,4.46,1000,3.968956
2015-12-30,4.18,4.38,4.12,4.35,800,3.871067
2015-12-29,4.79,5.01,4.50,4.50,2900,4.004552
2015-12-28,5.10,5.10,4.77,4.78,1700,4.253724
2015-12-24,4.98,4.99,4.95,4.99,2000,4.440603
2015-12-23,4.95,4.95,4.94,4.94,300,4.396108
2015-12-22,4.49,4.50,4.49,4.49,400,3.995653
2015-12-21,4.20,4.20,4.20,4.20,000,3.737582
2015-12-18,4.22,4.50,4.20,4.20,400,3.737582
2015-12-17,4.30,4.60,4.28,4.41,5100,3.924461
2015-12-16,3.86,4.01,3.83,3.94,4900,3.506208
2015-12-15,3.80,3.80,3.80,3.80,800,3.381622
2015-12-14,4.35,4.38,3.86,3.86,1700,3.435016
2015-12-11,4.75,4.75,3.77,4.03,14300,3.586299
2015-12-10,4.00,4.16,4.00,4.14,2500,3.684188
2015-12-09,4.29,4.29,3.67,3.95,3800,3.515107
2015-12-08,4.60,4.60,4.31,4.50,5100,4.004552
2015-12-07,4.85,4.85,4.70,4.78,2500,4.253724
2015-12-04,4.80,4.80,4.80,4.80,200,4.271522
2015-12-03,5.00,5.00,4.71,4.71,700,4.191431
2015-12-02,4.77,4.77,4.75,4.77,600,4.244825
2015-12-01,4.95,5.18,4.95,5.00,400,4.449502
2015-11-30,5.09,5.09,3.96,4.65,15900,4.138037
2015-11-27,5.78,5.78,5.17,5.17,2000,4.600785
2015-11-25,5.89,5.93,5.89,5.93,2100,5.277109
2015-11-24,5.98,5.98,5.80,5.94,1500,5.286009
2015-11-23,5.30,6.00,5.28,5.85,9000,5.205918
2015-11-20,5.21,5.21,4.85,4.89,2500,4.351613
2015-11-19,4.55,4.87,4.55,4.87,2600,4.333815
2015-11-18,5.02,5.02,4.20,4.55,13300,4.049047
2015-11-17,5.85,5.91,4.99,5.20,12700,4.627482
2015-11-16,6.05,6.05,6.05,6.05,000,5.383898
2015-11-13,6.05,6.05,6.05,6.05,700,5.383898
2015-11-12,6.22,6.22,5.59,5.70,12900,5.072432
2015-11-11,6.13,6.13,5.75,6.00,8000,5.339403
2015-11-10,6.36,6.36,6.36,6.36,200,5.659767
2015-11-09,6.46,6.46,6.43,6.46,1000,5.748757
2015-11-06,6.45,6.83,6.15,6.52,2200,5.802151
2015-11-05,6.44,6.44,6.40,6.43,600,5.72206
2015-11-04,6.76,6.76,6.65,6.71,2100,5.971232
2015-11-03,6.60,6.65,6.41,6.65,2200,5.917838
2015-11-02,6.33,6.33,6.24,6.24,500,5.552979
2015-10-30,6.56,6.56,6.05,6.05,4100,5.383898
2015-10-29,6.23,6.23,6.20,6.20,400,5.517383
2015-10-28,6.16,6.16,6.16,6.16,000,5.481787
2015-10-27,6.78,6.78,6.16,6.16,4000,5.481787
2015-10-26,6.57,6.81,6.45,6.68,17400,5.944535
2015-10-23,6.32,6.47,6.32,6.33,800,5.63307
2015-10-22,6.44,6.44,6.44,6.44,000,5.730959
2015-10-21,6.42,6.72,6.42,6.44,1200,5.730959
2015-10-20,6.12,6.81,6.12,6.47,7400,5.757656
2015-10-19,6.12,6.12,6.12,6.12,1400,5.446191
2015-10-16,6.05,6.12,6.05,6.05,2200,5.383898
2015-10-15,6.12,6.12,6.10,6.10,1600,5.428393
2015-10-14,6.05,6.05,6.05,6.05,3100,5.383898
2015-10-13,6.18,6.18,6.18,6.18,900,5.499585
2015-10-12,6.18,6.18,6.18,6.18,000,5.499585
2015-10-09,6.18,6.18,6.18,6.18,000,5.499585
2015-10-08,6.20,6.20,6.18,6.18,1800,5.499585
2015-10-07,6.15,6.15,6.15,6.15,000,5.472888
2015-10-06,6.15,6.15,6.15,6.15,000,5.472888
2015-10-05,6.15,6.15,6.15,6.15,1500,5.472888
2015-10-02,6.05,6.05,6.05,6.05,000,5.383898
2015-10-01,6.05,6.05,6.05,6.05,000,5.383898
2015-09-30,6.10,6.10,6.05,6.05,2400,5.383898
2015-09-29,6.15,6.15,6.15,6.15,000,5.472888
2015-09-28,6.15,6.15,6.15,6.15,1000,5.472888
2015-09-25,6.15,6.15,6.15,6.15,000,5.472888
2015-09-24,6.15,6.15,6.15,6.15,000,5.472888
2015-09-23,6.15,6.15,6.15,6.15,300,5.472888
2015-09-22,6.15,6.15,6.15,6.15,2800,5.472888
2015-09-21,6.10,6.10,6.10,6.10,500,5.428393
2015-09-18,6.17,6.17,6.17,6.17,000,5.490686
2015-09-17,6.17,6.17,6.17,6.17,000,5.490686
2015-09-16,6.06,6.17,6.06,6.17,2100,5.490686
2015-09-15,6.04,6.04,6.04,6.04,000,5.374999
2015-09-14,6.02,6.05,6.00,6.04,1800,5.374999
2015-09-11,6.15,6.15,6.15,6.15,100,5.472888
2015-09-10,6.23,6.38,6.20,6.20,6600,5.517383
2015-09-09,6.32,6.32,6.22,6.24,1400,5.552979
2015-09-08,6.38,6.45,6.36,6.45,1300,5.739858
2015-09-04,6.43,6.43,6.43,6.43,000,5.72206
2015-09-03,6.43,6.43,6.43,6.43,000,5.72206
2015-09-02,6.24,6.44,6.24,6.43,1100,5.72206
2015-09-01,6.44,6.44,6.29,6.29,400,5.597474
2015-08-31,6.45,6.45,6.45,6.45,000,5.739858
2015-08-28,6.23,6.45,6.23,6.45,1100,5.739858
2015-08-27,6.50,6.50,6.25,6.26,2700,5.570777
2015-08-26,6.95,6.95,6.85,6.88,3000,5.777234
2015-08-25,6.80,6.80,6.69,6.70,8700,5.626085
2015-08-24,6.60,6.90,6.50,6.55,6900,5.500128
2015-08-21,6.60,6.90,6.60,6.88,4600,5.777234
2015-08-20,6.79,6.79,6.59,6.59,1200,5.533717
2015-08-19,6.53,6.53,6.53,6.53,200,5.483334
2015-08-18,6.70,6.84,6.60,6.60,3600,5.542113
2015-08-17,6.82,6.82,6.51,6.51,2500,5.466539
2015-08-14,6.70,6.75,6.57,6.57,1600,5.516922
2015-08-13,6.83,6.85,6.83,6.85,1000,5.752042
2015-08-12,6.60,6.60,6.60,6.60,000,5.542113
2015-08-11,6.60,6.60,6.60,6.60,000,5.542113
2015-08-10,6.58,6.60,6.58,6.60,1800,5.542113
2015-08-07,6.55,6.58,6.40,6.40,2100,5.374171
2015-08-06,6.70,6.70,6.69,6.70,1000,5.626085
2015-08-05,6.54,6.54,6.54,6.54,000,5.491731
2015-08-04,6.54,6.54,6.54,6.54,000,5.491731
2015-08-03,6.58,6.58,6.54,6.54,500,5.491731
2015-07-31,6.40,6.40,6.38,6.38,2600,5.357376
2015-07-30,6.45,6.45,6.35,6.35,3000,5.332185
2015-07-29,6.45,6.45,6.40,6.40,1500,5.374171
2015-07-28,6.40,6.65,6.40,6.45,2800,5.416156
2015-07-27,6.65,6.65,6.40,6.40,2000,5.374171
2015-07-24,6.75,6.75,6.75,6.75,000,5.668071
2015-07-23,6.89,6.89,6.65,6.75,4600,5.668071
2015-07-22,6.64,6.94,6.64,6.80,3200,5.710057
2015-07-21,6.49,6.65,6.49,6.50,2400,5.458142
2015-07-20,6.50,6.50,6.50,6.50,000,5.458142
2015-07-17,6.47,6.50,6.47,6.50,600,5.458142
2015-07-16,6.45,6.47,6.25,6.32,1700,5.306994
2015-07-15,6.50,6.50,6.00,6.27,5300,5.265008
2015-07-14,6.40,6.50,6.36,6.50,3000,5.458142
2015-07-13,6.50,6.50,6.46,6.46,1400,5.424554
2015-07-10,6.48,6.48,6.35,6.43,1000,5.399362
2015-07-09,6.50,6.50,6.50,6.50,100,5.458142
2015-07-08,6.35,6.35,6.20,6.20,5800,5.206228
2015-07-07,7.06,7.06,6.40,6.43,10300,5.399362
2015-07-06,7.14,7.14,6.80,6.80,6300,5.710057
2015-07-02,7.14,7.14,7.14,7.14,000,5.995559
2015-07-01,7.14,7.14,7.14,7.14,000,5.995559
2015-06-30,7.14,7.14,7.14,7.14,200,5.995559
2015-06-29,7.00,7.07,7.00,7.00,1500,5.877999
2015-06-26,7.02,7.02,7.02,7.02,500,5.894793
2015-06-25,7.13,7.13,7.13,7.13,600,5.987162
2015-06-24,7.02,7.02,7.02,7.02,1000,5.894793
2015-06-23,7.02,7.05,7.02,7.05,200,5.919985
2015-06-22,6.94,6.94,6.70,6.80,3300,5.710057
2015-06-19,6.85,6.85,6.85,6.85,300,5.752042
2015-06-18,7.10,7.12,6.80,6.82,3000,5.726851
2015-06-17,7.09,7.18,6.73,6.77,7000,5.684865
2015-06-16,6.66,6.92,6.66,6.69,7200,5.617688
2015-06-15,6.65,6.65,6.59,6.63,1800,5.567305
2015-06-12,6.58,6.60,6.58,6.59,2800,5.533717
2015-06-11,6.48,6.48,6.45,6.45,1000,5.416156
2015-06-10,6.46,6.46,6.46,6.46,000,5.424554
2015-06-09,6.46,6.46,6.46,6.46,000,5.424554
2015-06-08,6.60,6.60,6.45,6.46,2400,5.424554
2015-06-05,6.60,6.60,6.60,6.60,000,5.542113
2015-06-04,6.60,6.60,6.60,6.60,000,5.542113
2015-06-03,6.60,6.60,6.55,6.60,2200,5.542113
2015-06-02,6.60,6.60,6.60,6.60,300,5.542113
2015-06-01,6.45,6.45,6.45,6.45,1000,5.416156
2015-05-29,6.44,6.44,6.44,6.44,000,5.407759
2015-05-28,6.55,6.55,6.38,6.44,3000,5.407759
2015-05-27,6.59,6.59,6.59,6.59,000,5.533717
2015-05-26,6.48,6.59,6.46,6.59,2300,5.533717
2015-05-22,6.48,6.48,6.48,6.48,100,5.441348
2015-05-21,6.49,6.49,6.48,6.48,2500,5.441348
2015-05-20,6.47,6.48,6.47,6.48,600,5.441348
2015-05-19,6.40,6.40,6.40,6.40,000,5.374171
2015-05-18,6.40,6.40,6.40,6.40,000,5.374171
2015-05-15,6.36,6.40,6.36,6.40,300,5.374171
2015-05-14,6.20,6.40,6.20,6.40,2200,5.374171
2015-05-13,6.28,6.28,6.28,6.28,000,5.273405
2015-05-12,6.28,6.28,6.28,6.28,000,5.273405
2015-05-11,6.30,6.31,6.25,6.28,8200,5.273405
2015-05-08,6.67,6.67,6.67,6.67,200,5.600894
2015-05-07,6.60,6.60,6.32,6.33,800,5.315391
2015-05-06,6.63,6.63,6.63,6.63,300,5.567305
2015-05-05,6.65,6.65,6.65,6.65,000,5.584099
2015-05-04,6.65,6.65,6.65,6.65,200,5.584099
2015-05-01,6.69,6.69,6.69,6.69,100,5.617688
2015-04-30,6.65,6.65,6.65,6.65,000,5.584099
2015-04-29,6.65,6.65,6.65,6.65,200,5.584099
2015-04-28,6.65,6.65,6.63,6.65,5300,5.584099
2015-04-27,6.61,6.61,6.61,6.61,000,5.550511
2015-04-24,6.61,6.61,6.61,6.61,000,5.550511
2015-04-23,6.69,6.69,6.61,6.61,900,5.550511
2015-04-22,6.49,6.65,6.49,6.65,1700,5.584099
2015-04-21,6.49,6.50,6.49,6.50,500,5.458142
2015-04-20,6.47,6.47,6.47,6.47,100,5.432951
2015-04-17,6.37,6.37,6.37,6.37,100,5.348979
2015-04-16,6.38,6.38,6.29,6.38,3600,5.357376
2015-04-15,6.47,6.50,6.37,6.38,1900,5.357376
2015-04-14,6.43,6.43,6.32,6.32,1500,5.306994
2015-04-13,6.20,6.45,6.20,6.42,4000,5.390965
2015-04-10,6.41,6.41,6.41,6.41,000,5.382568
2015-04-09,6.36,6.41,6.36,6.41,800,5.382568
2015-04-08,6.38,6.38,6.16,6.19,400,5.197831
2015-04-07,6.40,6.40,6.30,6.30,200,5.290199
2015-04-06,6.24,6.40,6.24,6.40,900,5.374171
2015-04-02,6.16,6.18,6.12,6.18,3000,5.189433
2015-04-01,6.15,6.15,6.15,6.15,3000,5.164242
2015-03-31,6.05,6.05,6.01,6.01,700,5.046682
2015-03-30,6.19,6.19,6.08,6.12,800,5.139051
2015-03-27,6.19,6.19,6.19,6.19,000,5.197831
2015-03-26,6.11,6.19,6.11,6.19,3300,5.197831
2015-03-25,6.15,6.15,6.15,6.15,100,5.164242
2015-03-24,6.15,6.15,6.15,6.15,500,5.164242
2015-03-23,6.14,6.15,6.14,6.15,2100,5.164242
2015-03-20,6.03,6.04,6.01,6.04,900,5.071874
2015-03-19,6.07,6.15,6.05,6.10,3600,5.122256
2015-03-18,6.10,6.10,6.10,6.10,000,5.122256
2015-03-17,6.12,6.12,6.10,6.10,3400,5.122256
2015-03-16,6.16,6.19,6.16,6.19,700,5.197831
2015-03-13,6.08,6.16,6.08,6.16,4300,5.172639
2015-03-12,6.06,6.11,6.06,6.11,2200,5.130654
2015-03-11,6.15,6.15,6.01,6.03,5200,5.063477
2015-03-10,6.12,6.12,6.12,6.12,100,5.139051
2015-03-09,6.07,6.07,6.06,6.06,1800,5.088668
2015-03-06,6.15,6.15,6.13,6.13,1300,5.147448
2015-03-05,6.12,6.12,6.05,6.05,2000,5.080271
2015-03-04,6.15,6.15,6.12,6.12,1000,5.139051
2015-03-03,6.04,6.15,6.04,6.12,4500,5.139051
2015-03-02,6.13,6.15,6.11,6.14,2100,5.155845
2015-02-27,6.15,6.15,6.00,6.01,2200,5.046682
2015-02-26,6.16,6.16,6.09,6.16,3600,5.172639
2015-02-25,6.84,6.84,5.95,6.24,16100,5.239816
2015-02-24,6.85,7.09,6.85,7.09,7300,5.627764
2015-02-23,7.16,7.16,7.16,7.16,300,5.683327
2015-02-20,7.11,7.20,6.98,7.17,4300,5.691265
2015-02-19,6.90,7.25,6.85,7.18,6900,5.699203
2015-02-18,6.99,6.99,6.89,6.89,600,5.469012
2015-02-17,6.83,7.07,6.83,7.07,3600,5.611889
2015-02-13,6.94,6.94,6.94,6.94,400,5.5087
2015-02-12,6.76,6.93,6.75,6.80,3000,5.397574
2015-02-11,6.70,6.70,6.70,6.70,200,5.318197
2015-02-10,6.70,6.89,6.70,6.77,11400,5.373761
2015-02-09,6.63,6.70,6.60,6.70,4300,5.318197
2015-02-06,6.65,6.65,6.65,6.65,1100,5.27851
2015-02-05,6.70,6.70,6.50,6.50,2000,5.159445
2015-02-04,6.47,6.62,6.47,6.62,500,5.254697
2015-02-03,6.45,6.45,6.44,6.45,2800,5.119757
2015-02-02,6.45,6.68,6.35,6.39,6300,5.072132
2015-01-30,5.50,5.50,5.50,5.50,000,4.365685
2015-01-29,6.33,6.33,6.33,6.33,000,5.024506
2015-01-28,6.56,6.56,6.31,6.33,1300,5.024506
2015-01-27,6.67,6.67,6.35,6.35,2700,5.040381
2015-01-26,6.60,6.60,6.45,6.45,1100,5.119757
2015-01-23,6.20,6.20,6.20,6.20,000,4.921317
2015-01-22,6.23,6.28,6.20,6.20,2100,4.921317
2015-01-21,6.00,6.00,6.00,6.00,000,4.762565
2015-01-20,5.95,6.10,5.95,6.00,3000,4.762565
2015-01-16,6.05,6.05,5.97,5.97,1700,4.738752
2015-01-15,6.13,6.13,6.13,6.13,000,4.865754
2015-01-14,6.11,6.13,6.11,6.13,200,4.865754
2015-01-13,6.20,6.20,6.05,6.05,1900,4.802253
2015-01-12,6.15,6.21,6.15,6.19,600,4.91338
2015-01-09,6.35,6.40,6.25,6.40,2100,5.080069
2015-01-08,6.30,6.42,6.30,6.40,1100,5.080069
2015-01-07,6.30,6.44,6.30,6.44,700,5.11182
2015-01-06,6.41,6.43,6.41,6.43,300,5.103882
2015-01-05,6.41,6.45,6.35,6.40,2900,5.080069
2015-01-02,6.30,6.30,6.30,6.30,000,5.000693
2014-12-31,6.30,6.30,6.30,6.30,100,5.000693
2014-12-30,6.12,6.33,6.12,6.33,2100,5.024506
2014-12-29,6.05,6.05,6.05,6.05,000,4.802253
2014-12-26,6.23,6.23,6.05,6.05,2000,4.802253
2014-12-24,6.15,6.15,6.15,6.15,000,4.881629
2014-12-23,6.05,6.34,6.05,6.15,2500,4.881629
2014-12-22,6.68,6.68,5.97,6.28,6400,4.984818
2014-12-19,6.30,6.30,6.30,6.30,000,5.000693
2014-12-18,6.30,6.68,6.30,6.30,1500,5.000693
2014-12-17,6.50,6.50,6.50,6.50,000,5.159445
2014-12-16,6.50,6.50,6.30,6.50,1000,5.159445
2014-12-15,6.35,6.80,5.98,6.80,9400,5.397574
2014-12-12,6.36,6.36,6.03,6.35,2500,5.040381
2014-12-11,6.33,6.33,6.33,6.33,300,5.024506
2014-12-10,6.46,6.46,6.46,6.46,000,5.127695
2014-12-09,6.50,6.88,6.46,6.46,2200,5.127695
2014-12-08,6.02,6.50,6.02,6.21,8400,4.929255
2014-12-05,6.08,6.14,5.81,6.02,6700,4.77844
2014-12-04,5.38,6.32,5.38,6.32,6700,5.016569
2014-12-03,5.39,5.44,5.33,5.38,7800,4.270433
2014-12-02,5.92,6.03,5.16,5.39,9800,4.278371
2014-12-01,6.22,6.22,4.53,5.85,24600,4.643501
2014-11-28,6.23,6.23,6.22,6.22,1300,4.937192
2014-11-26,6.20,6.23,6.20,6.21,8400,4.929255
2014-11-25,6.20,6.20,6.20,6.20,000,4.921317
2014-11-24,6.20,6.20,6.12,6.20,4300,4.921317
2014-11-21,6.25,6.35,6.05,6.18,7400,4.905442
2014-11-20,6.26,6.27,6.25,6.27,4900,4.97688
2014-11-19,6.25,6.45,6.25,6.40,2400,5.080069
2014-11-18,6.50,6.50,6.50,6.50,000,5.159445
2014-11-17,6.50,6.50,6.50,6.50,000,5.159445
2014-11-14,6.25,6.50,6.25,6.50,600,5.159445
2014-11-13,6.29,6.29,6.25,6.25,1800,4.961005
2014-11-12,6.49,6.49,6.40,6.40,1000,5.080069
2014-11-11,6.33,6.40,6.30,6.40,2800,5.080069
2014-11-10,6.40,6.40,6.40,6.40,000,5.080069
2014-11-07,6.40,6.40,6.40,6.40,600,5.080069
2014-11-06,6.40,6.40,6.40,6.40,1000,5.080069
2014-11-05,6.45,6.45,6.18,6.18,800,4.905442
2014-11-04,6.42,6.42,6.42,6.42,000,5.095945
2014-11-03,6.55,6.55,6.42,6.42,2400,5.095945
2014-10-31,6.52,6.52,6.52,6.52,000,5.175321
2014-10-30,6.52,6.52,6.52,6.52,000,5.175321
2014-10-29,6.52,6.52,6.52,6.52,100,5.175321
2014-10-28,6.52,6.65,6.52,6.65,700,5.27851
2014-10-27,6.85,6.85,6.85,6.85,000,5.437262
2014-10-24,6.70,6.85,6.55,6.85,1800,5.437262
2014-10-23,6.67,6.67,6.52,6.58,1600,5.222946
2014-10-22,6.86,6.86,6.86,6.86,000,5.445199
2014-10-21,6.86,6.86,6.86,6.86,700,5.445199
2014-10-20,6.65,6.68,6.65,6.68,1100,5.302322
2014-10-17,7.05,7.05,7.05,7.05,000,5.596014
2014-10-16,6.70,7.05,6.69,7.05,1800,5.596014
2014-10-15,6.70,6.75,6.70,6.70,600,5.318197
2014-10-14,6.70,6.75,6.70,6.75,2500,5.357886
2014-10-13,6.70,6.70,6.70,6.70,100,5.318197
2014-10-10,6.82,6.82,6.70,6.70,4000,5.318197
2014-10-09,6.82,6.82,6.82,6.82,300,5.413449
2014-10-08,6.88,6.88,6.88,6.88,200,5.461075
2014-10-07,6.90,6.90,6.82,6.82,1400,5.413449
2014-10-06,7.00,7.00,6.78,6.80,8200,5.397574
2014-10-03,6.83,7.19,6.70,7.19,600,5.70714
2014-10-02,7.25,7.25,7.25,7.25,100,5.754766
2014-10-01,7.30,7.30,7.17,7.17,3100,5.691265
2014-09-30,7.48,7.50,7.30,7.30,3000,5.794454
2014-09-29,7.50,7.50,7.30,7.30,600,5.794454
2014-09-26,7.21,7.25,7.21,7.25,700,5.754766
2014-09-25,7.20,7.20,7.19,7.19,2800,5.70714
2014-09-24,7.18,7.34,7.18,7.27,1000,5.770641
2014-09-23,7.48,7.50,7.48,7.50,1900,5.953206
2014-09-22,7.58,7.58,7.27,7.27,600,5.770641
2014-09-19,7.50,7.50,7.50,7.50,400,5.953206
2014-09-18,7.50,7.50,7.50,7.50,100,5.953206
2014-09-17,7.60,7.60,7.57,7.57,500,6.00877
2014-09-16,7.50,7.51,7.50,7.50,900,5.953206
2014-09-15,7.52,7.52,7.52,7.52,000,5.969081
2014-09-12,7.54,7.54,7.52,7.52,1900,5.969081
2014-09-11,7.80,7.80,7.80,7.80,000,6.191335
2014-09-10,7.58,7.93,7.55,7.80,8900,6.191335
2014-09-09,7.70,7.78,7.70,7.78,1500,6.175459
2014-09-08,7.75,7.75,7.70,7.70,5100,6.111958
2014-09-05,7.95,7.95,7.90,7.90,1800,6.270711
2014-09-04,7.52,7.79,7.52,7.55,16800,5.992894
2014-09-03,7.44,7.51,7.13,7.45,3400,5.913518
2014-09-02,7.65,7.65,7.08,7.44,6700,5.905581
2014-08-29,7.08,7.26,7.08,7.25,2800,5.754766
2014-08-28,7.16,7.16,7.07,7.08,2700,5.619827
2014-08-27,7.60,7.60,6.98,7.20,16400,5.715078
2014-08-26,7.96,8.11,7.95,7.95,3200,6.002419
2014-08-25,8.35,8.35,8.06,8.06,9400,6.085472
2014-08-22,8.00,8.10,7.96,7.96,4200,6.00997
2014-08-21,8.50,8.50,7.73,8.15,14700,6.153424
2014-08-20,7.50,8.42,7.50,8.00,32200,6.040171
2014-08-19,7.47,7.55,7.47,7.55,2400,5.700411
2014-08-18,7.28,7.65,7.28,7.65,3900,5.775913
2014-08-15,7.42,7.42,7.42,7.42,000,5.602258
2014-08-14,7.45,7.45,7.16,7.42,2800,5.602258
2014-08-13,7.50,7.50,7.50,7.50,000,5.66266
2014-08-12,7.44,7.50,7.44,7.50,1400,5.66266
2014-08-11,7.45,7.45,7.36,7.36,400,5.556957
2014-08-08,7.50,7.50,7.50,7.50,200,5.66266
2014-08-07,7.71,7.71,7.71,7.71,100,5.821215
2014-08-06,7.30,7.30,7.28,7.28,1200,5.496555
2014-08-05,7.48,7.48,7.28,7.28,8200,5.496555
2014-08-04,7.48,7.48,7.48,7.48,000,5.64756
2014-08-01,7.45,7.48,7.45,7.48,600,5.64756
2014-07-31,7.40,7.41,7.20,7.22,1900,5.451254
2014-07-30,7.30,7.30,7.30,7.30,000,5.511656
2014-07-29,7.43,7.60,7.30,7.30,1300,5.511656
2014-07-28,7.50,7.50,7.50,7.50,500,5.66266
2014-07-25,7.30,7.30,7.26,7.30,1900,5.511656
2014-07-24,7.30,7.30,7.30,7.30,000,5.511656
2014-07-23,7.19,7.30,7.19,7.30,1300,5.511656
2014-07-22,7.25,7.27,7.20,7.20,1300,5.436153
2014-07-21,7.20,7.20,7.06,7.14,1200,5.390852
2014-07-18,7.05,7.05,7.05,7.05,000,5.322901
2014-07-17,6.86,7.07,6.86,7.05,14300,5.322901
2014-07-16,7.59,7.59,7.11,7.23,6800,5.458804
2014-07-15,7.45,7.45,7.44,7.44,3000,5.617359
2014-07-14,7.45,7.45,7.38,7.39,2600,5.579608
2014-07-11,7.27,7.49,7.27,7.49,2100,5.65511
2014-07-10,7.30,7.30,7.25,7.25,2500,5.473905
2014-07-09,7.25,7.25,7.01,7.01,3200,5.2927
2014-07-08,7.24,7.24,7.24,7.24,000,5.466354
2014-07-07,7.25,7.25,7.23,7.24,1800,5.466354
2014-07-03,7.15,7.15,7.15,7.15,100,5.398403
2014-07-02,7.15,7.22,7.15,7.22,2800,5.451254
2014-07-01,7.07,7.15,7.07,7.10,3500,5.360651
2014-06-30,7.01,7.03,6.69,6.91,5900,5.217197
2014-06-27,7.06,7.06,7.06,7.06,900,5.330451
2014-06-26,7.00,7.00,6.96,6.96,1500,5.254949
2014-06-25,6.81,6.98,6.80,6.98,1300,5.270049
2014-06-24,6.69,6.94,6.69,6.94,700,5.239848
2014-06-23,6.67,6.87,6.67,6.83,4900,5.156796
2014-06-20,6.55,6.55,6.55,6.55,100,4.94539
2014-06-19,6.72,6.74,6.65,6.74,4100,5.088844
2014-06-18,6.75,6.76,6.43,6.50,4000,4.907639
2014-06-17,6.75,6.85,6.60,6.73,1000,5.081294
2014-06-16,6.50,6.50,6.50,6.50,000,4.907639
2014-06-13,6.68,6.68,6.50,6.50,3100,4.907639
2014-06-12,6.49,6.49,6.49,6.49,300,4.900088
2014-06-11,6.16,6.42,6.16,6.42,2700,4.847237
2014-06-10,6.47,6.55,6.47,6.55,2100,4.94539
2014-06-09,6.54,6.54,6.17,6.36,6000,4.801936
2014-06-06,6.50,6.54,6.17,6.54,2400,4.937839
2014-06-05,6.48,6.50,6.48,6.50,1500,4.907639
2014-06-04,6.20,6.43,6.20,6.43,5000,4.854787
2014-06-03,6.65,6.65,6.50,6.63,6800,5.005792
2014-06-02,6.50,6.56,6.50,6.54,3800,4.937839
2014-05-30,6.42,6.46,6.42,6.46,400,4.877438
2014-05-29,6.46,6.46,6.46,6.46,000,4.877438
2014-05-28,6.49,6.49,6.31,6.46,1500,4.877438
2014-05-27,6.48,6.48,6.48,6.48,100,4.892538
2014-05-23,6.40,6.50,6.31,6.31,1900,4.764185
2014-05-22,6.50,6.50,6.50,6.50,500,4.907639
2014-05-21,6.37,6.39,6.37,6.39,2000,4.824586
2014-05-20,6.31,6.44,6.31,6.44,500,4.862337
2014-05-19,6.65,6.65,6.35,6.38,9800,4.817036
2014-05-16,6.57,6.71,6.55,6.70,3300,5.058643
2014-05-15,6.75,6.75,6.75,6.75,400,5.096394
2014-05-14,6.67,6.67,6.67,6.67,000,5.035992
2014-05-13,6.67,6.67,6.67,6.67,1600,5.035992
2014-05-12,6.65,6.66,6.63,6.63,500,5.005792
2014-05-09,6.66,6.66,6.66,6.66,000,5.028442
2014-05-08,6.67,6.67,6.65,6.66,1200,5.028442
2014-05-07,6.65,6.80,6.65,6.66,7400,5.028442
2014-05-06,6.55,6.55,6.55,6.55,2700,4.94539
2014-05-05,6.55,6.62,6.50,6.51,2500,4.915189
2014-05-02,6.75,6.85,6.50,6.75,8700,5.096394
2014-05-01,6.82,6.84,6.74,6.74,1100,5.088844
2014-04-30,6.68,6.68,6.68,6.68,000,5.043542
2014-04-29,6.68,6.68,6.68,6.68,000,5.043542
2014-04-28,6.68,6.68,6.68,6.68,000,5.043542
2014-04-25,6.67,6.68,6.67,6.68,1500,5.043542
2014-04-24,6.77,6.77,6.75,6.75,1400,5.096394
2014-04-23,6.85,6.85,6.85,6.85,100,5.171896
2014-04-22,6.80,6.80,6.80,6.80,1100,5.134145
2014-04-21,6.85,6.85,6.79,6.79,3100,5.126595
2014-04-17,6.84,6.85,6.79,6.79,1400,5.126595
2014-04-16,6.63,6.74,6.62,6.74,1500,5.088844
2014-04-15,6.41,6.67,6.41,6.50,6900,4.907639
2014-04-14,6.61,6.61,6.41,6.45,7000,4.869887
2014-04-11,6.63,6.63,6.41,6.61,2100,4.990691
2014-04-10,6.76,6.76,6.65,6.65,6800,5.020892
2014-04-09,6.82,6.82,6.80,6.80,1000,5.134145
2014-04-08,6.99,6.99,6.99,6.99,700,5.277599
2014-04-07,6.80,6.80,6.78,6.78,400,5.119045
2014-04-04,7.00,7.00,7.00,7.00,1000,5.285149
2014-04-03,6.80,6.80,6.80,6.80,900,5.134145
2014-04-02,6.76,6.96,6.75,6.79,4300,5.126595
2014-04-01,6.97,6.99,6.97,6.99,300,5.277599
2014-03-31,6.82,6.82,6.75,6.75,600,5.096394
2014-03-28,6.86,7.00,6.77,6.82,4100,5.149246
2014-03-27,7.00,7.00,7.00,7.00,000,5.285149
2014-03-26,7.00,7.00,7.00,7.00,1600,5.285149
2014-03-25,7.00,7.00,7.00,7.00,000,5.285149
2014-03-24,7.00,7.00,6.99,7.00,1600,5.285149
2014-03-21,7.00,7.00,7.00,7.00,000,5.285149
2014-03-20,7.00,7.00,7.00,7.00,000,5.285149
2014-03-19,7.00,7.00,7.00,7.00,100,5.285149
2014-03-18,6.98,7.00,6.97,7.00,1700,5.285149
2014-03-17,6.95,6.95,6.95,6.95,1800,5.247398
2014-03-14,6.91,6.91,6.91,6.91,1600,5.217197
2014-03-13,6.92,6.92,6.91,6.91,200,5.217197
2014-03-12,7.00,7.00,6.91,6.91,2300,5.217197
2014-03-11,7.00,7.00,7.00,7.00,000,5.285149
2014-03-10,6.91,7.00,6.91,7.00,3600,5.285149
2014-03-07,6.86,6.92,6.86,6.92,900,5.224748
2014-03-06,6.59,6.86,6.59,6.86,3000,5.179446
2014-03-05,6.75,6.75,6.75,6.75,000,5.096394
2014-03-04,6.80,6.80,6.55,6.75,6200,5.096394
2014-03-03,6.90,6.90,6.41,6.79,6200,5.126595
2014-02-28,6.69,6.69,6.69,6.69,000,5.051093
2014-02-27,6.69,6.69,6.69,6.69,000,5.051093
2014-02-26,6.65,6.71,6.51,6.69,7000,5.051093
2014-02-25,6.94,7.07,6.93,7.06,900,5.037502
2014-02-24,7.21,7.21,7.15,7.15,1600,5.10172
2014-02-21,6.95,7.20,6.95,7.11,1600,5.073179
2014-02-20,7.01,7.20,6.90,7.01,1800,5.001826
2014-02-19,6.83,7.05,6.83,7.05,7900,5.030367
2014-02-18,6.78,7.00,6.77,6.82,2600,4.866256
2014-02-14,6.85,6.85,6.74,6.74,500,4.809174
2014-02-13,6.81,6.85,6.80,6.85,3200,4.887662
2014-02-12,6.73,6.81,6.72,6.81,6200,4.859121
2014-02-11,6.89,6.90,6.77,6.80,4000,4.851986
2014-02-10,6.87,6.89,6.87,6.89,3300,4.916203
2014-02-07,6.67,6.86,6.66,6.68,1300,4.766362
2014-02-06,6.65,6.66,6.65,6.66,800,4.752091
2014-02-05,6.90,6.90,6.90,6.90,200,4.923338
2014-02-04,7.00,7.00,6.72,6.91,1600,4.930473
2014-02-03,6.90,6.90,6.72,6.81,4000,4.859121
2014-01-31,6.94,6.94,6.85,6.85,2000,4.887662
2014-01-30,6.95,6.95,6.70,6.75,1400,4.816309
2014-01-29,6.75,6.90,6.75,6.90,5000,4.923338
2014-01-28,6.88,6.88,6.75,6.75,3300,4.816309
2014-01-27,6.88,6.88,6.88,6.88,500,4.909068
2014-01-24,6.80,6.85,6.75,6.75,2500,4.816309
2014-01-23,6.76,6.88,6.75,6.88,2600,4.909068
2014-01-22,6.84,6.85,6.80,6.85,2200,4.887662
2014-01-21,7.00,7.00,6.85,6.85,600,4.887662
2014-01-17,6.65,7.04,6.65,7.04,6800,5.023232
2014-01-16,6.66,6.66,6.66,6.66,100,4.752091
2014-01-15,6.96,6.96,6.65,6.69,3600,4.773497
2014-01-14,6.85,6.85,6.56,6.72,4700,4.794903
2014-01-13,7.02,7.14,6.80,6.80,7300,4.851986
2014-01-10,6.70,7.29,6.70,7.15,9500,5.10172
2014-01-09,7.21,7.21,6.04,6.68,29400,4.766362
2014-01-08,8.00,8.00,7.45,7.46,22600,5.322913
2014-01-07,7.94,7.94,7.94,7.94,000,5.665407
2014-01-06,7.94,7.94,7.94,7.94,000,5.665407
2014-01-03,7.93,7.94,7.93,7.94,1000,5.665407
2014-01-02,7.93,7.93,7.85,7.86,1700,5.608324
2013-12-31,7.95,7.95,7.90,7.94,2900,5.665407
2013-12-30,7.95,7.95,7.95,7.95,800,5.672542
2013-12-27,8.00,8.00,7.89,7.96,2800,5.679677
2013-12-26,7.85,8.00,7.85,7.86,6800,5.608324
2013-12-24,8.07,8.07,7.82,8.03,1900,5.729624
2013-12-23,8.29,8.29,8.02,8.08,1400,5.7653
2013-12-20,8.22,8.22,8.20,8.20,2400,5.850923
2013-12-19,8.35,8.35,8.20,8.25,7500,5.8866
2013-12-18,8.50,8.50,8.50,8.50,000,6.064982
2013-12-17,8.52,8.52,8.46,8.50,12000,6.064982
2013-12-16,8.52,8.52,8.52,8.52,100,6.079253
2013-12-13,8.51,8.51,8.51,8.51,000,6.072117
2013-12-12,8.51,8.51,8.51,8.51,600,6.072117
2013-12-11,8.63,8.63,8.51,8.51,2200,6.072117
2013-12-10,8.63,8.63,8.63,8.63,2300,6.15774
2013-12-09,8.53,8.53,8.53,8.53,500,6.086387
2013-12-06,8.50,8.50,8.50,8.50,000,6.064982
2013-12-05,8.55,8.55,8.50,8.50,1100,6.064982
2013-12-04,8.55,8.55,8.55,8.55,800,6.100658
2013-12-03,8.60,8.61,8.60,8.61,3000,6.143469
2013-12-02,8.26,8.46,8.26,8.46,2200,6.036441
2013-11-29,8.77,8.77,8.69,8.69,600,6.200552
2013-11-27,8.50,8.50,8.50,8.50,1100,6.064982
2013-11-26,8.58,8.64,8.58,8.64,500,6.164876
2013-11-25,8.54,8.55,8.41,8.43,2200,6.015035
2013-11-22,8.45,8.60,8.45,8.49,1000,6.057846
2013-11-21,8.60,8.60,8.39,8.42,5400,6.0079
2013-11-20,8.84,8.84,8.84,8.84,1100,6.307581
2013-11-19,8.60,8.60,8.60,8.60,000,6.136335
2013-11-18,8.60,8.60,8.60,8.60,1900,6.136335
2013-11-15,8.60,8.60,8.60,8.60,100,6.136335
2013-11-14,8.56,8.60,8.56,8.60,1100,6.136335
2013-11-13,8.45,8.64,8.25,8.64,2800,6.164876
2013-11-12,8.56,8.68,8.55,8.68,1300,6.193417
2013-11-11,8.55,8.57,8.55,8.57,500,6.114928
2013-11-08,8.55,8.55,8.45,8.50,2600,6.064982
2013-11-07,8.58,8.60,8.57,8.60,12200,6.136335
2013-11-06,8.50,8.50,8.50,8.50,800,6.064982
2013-11-05,8.51,8.53,8.45,8.45,2700,6.029305
2013-11-04,8.55,8.60,8.46,8.46,3600,6.036441
2013-11-01,8.54,8.55,8.50,8.50,3200,6.064982
2013-10-31,8.45,8.55,8.45,8.53,3500,6.086387
2013-10-30,8.57,8.57,8.57,8.57,500,6.114928
2013-10-29,8.63,8.63,8.45,8.45,2200,6.029305
2013-10-28,8.60,8.60,8.40,8.41,1900,6.000764
2013-10-25,8.48,8.63,8.48,8.62,4100,6.150605
2013-10-24,8.42,8.42,8.26,8.42,600,6.0079
2013-10-23,8.65,8.65,8.12,8.26,44100,5.893735
2013-10-22,8.70,8.70,8.70,8.70,000,6.207687
2013-10-21,8.70,8.70,8.70,8.70,000,6.207687
2013-10-18,8.70,8.70,8.70,8.70,000,6.207687
2013-10-17,8.70,8.70,8.70,8.70,100,6.207687
2013-10-16,8.70,8.72,8.70,8.70,500,6.207687
2013-10-15,8.77,8.77,8.77,8.77,500,6.257634
2013-10-14,8.56,8.56,8.56,8.56,000,6.107794
2013-10-11,8.56,8.56,8.56,8.56,200,6.107794
2013-10-10,8.62,8.62,8.62,8.62,000,6.150605
2013-10-09,8.62,8.62,8.62,8.62,000,6.150605
2013-10-08,8.62,8.63,8.57,8.62,3000,6.150605
2013-10-07,8.80,8.80,8.80,8.80,200,6.27904
2013-10-04,8.79,8.79,8.75,8.75,300,6.243364
2013-10-03,8.65,8.65,8.65,8.65,000,6.172011
2013-10-02,8.65,8.65,8.65,8.65,100,6.172011
2013-10-01,8.65,8.65,8.65,8.65,000,6.172011
2013-09-30,8.65,8.65,8.65,8.65,000,6.172011
2013-09-27,8.65,8.65,8.65,8.65,000,6.172011
2013-09-26,8.74,8.74,8.60,8.65,900,6.172011
2013-09-25,8.75,8.75,8.75,8.75,000,6.243364
2013-09-24,8.75,8.75,8.75,8.75,000,6.243364
2013-09-23,8.75,8.75,8.75,8.75,000,6.243364
2013-09-20,8.76,8.76,8.75,8.75,1100,6.243364
2013-09-19,8.67,8.82,8.67,8.82,1000,6.29331
2013-09-18,8.68,8.74,8.57,8.69,3600,6.200552
2013-09-17,8.69,8.69,8.69,8.69,400,6.200552
2013-09-16,8.76,8.76,8.75,8.75,900,6.243364
2013-09-13,8.80,8.80,8.80,8.80,000,6.27904
2013-09-12,8.80,8.80,8.75,8.80,300,6.27904
2013-09-11,8.72,8.72,8.71,8.71,400,6.214822
2013-09-10,8.70,8.70,8.70,8.70,100,6.207687
2013-09-09,9.00,9.00,9.00,9.00,000,6.421745
2013-09-06,9.00,9.00,9.00,9.00,700,6.421745
2013-09-05,8.81,8.81,8.68,8.80,4100,6.27904
2013-09-04,8.85,8.85,8.70,8.80,400,6.27904
2013-09-03,9.00,9.04,8.81,8.81,800,6.286175
2013-08-30,8.80,8.80,8.80,8.80,000,6.27904
2013-08-29,8.80,8.80,8.80,8.80,000,6.27904
2013-08-28,8.84,8.84,8.80,8.80,700,6.27904
2013-08-27,8.72,8.85,8.72,8.85,2000,6.037868
2013-08-26,8.80,8.96,8.75,8.75,6800,5.969643
2013-08-23,9.05,9.05,8.91,8.91,4700,6.078802
2013-08-22,8.99,9.01,8.99,8.99,1700,6.133381
2013-08-21,9.03,9.04,8.98,8.98,9500,6.126559
2013-08-20,9.11,9.11,9.10,9.10,1800,6.208429
2013-08-19,9.10,9.10,9.09,9.10,7800,6.208429
2013-08-16,9.11,9.12,9.11,9.11,2000,6.215251
2013-08-15,9.09,9.24,9.09,9.24,2500,6.303943
2013-08-14,9.10,9.10,9.10,9.10,400,6.208429
2013-08-13,9.21,9.24,9.15,9.15,10400,6.242541
2013-08-12,9.10,9.21,9.10,9.10,4500,6.208429
2013-08-09,9.10,9.10,9.10,9.10,300,6.208429
2013-08-08,9.09,9.09,9.09,9.09,300,6.201606
2013-08-07,9.10,9.15,9.10,9.15,600,6.242541
2013-08-06,9.16,9.16,9.16,9.16,000,6.249363
2013-08-05,9.23,9.23,9.10,9.16,19600,6.249363
2013-08-02,9.23,9.23,9.15,9.15,1000,6.242541
2013-08-01,9.10,9.23,9.10,9.23,5300,6.29712
2013-07-31,9.10,9.10,9.10,9.10,500,6.208429
2013-07-30,9.10,9.10,9.10,9.10,000,6.208429
2013-07-29,9.10,9.10,9.10,9.10,200,6.208429
2013-07-26,9.23,9.26,9.23,9.24,5700,6.303943
2013-07-25,9.18,9.24,9.17,9.24,1100,6.303943
2013-07-24,9.14,9.14,9.14,9.14,900,6.235719
2013-07-23,9.17,9.17,9.17,9.17,000,6.256186
2013-07-22,9.17,9.17,9.17,9.17,000,6.256186
2013-07-19,9.26,9.26,9.08,9.17,3100,6.256186
2013-07-18,9.08,9.24,9.08,9.24,4200,6.303943
2013-07-17,9.05,9.14,9.05,9.09,4100,6.201606
2013-07-16,9.05,9.05,9.04,9.05,1800,6.174316
2013-07-15,9.05,9.05,9.00,9.01,900,6.147027
2013-07-12,9.12,9.12,9.00,9.00,3500,6.140204
2013-07-11,8.98,8.98,8.98,8.98,200,6.126559
2013-07-10,8.97,8.97,8.95,8.96,2700,6.112914
2013-07-09,8.90,9.05,8.90,8.95,3300,6.106092
2013-07-08,9.15,9.15,8.96,8.97,600,6.119737
2013-07-05,9.39,9.39,9.00,9.00,2100,6.140204
2013-07-03,9.15,9.15,9.15,9.15,000,6.242541
2013-07-02,9.45,9.45,9.09,9.15,2000,6.242541
2013-07-01,9.36,9.36,9.17,9.17,600,6.256186
2013-06-28,9.13,9.15,9.13,9.15,1600,6.242541
2013-06-27,9.15,9.15,9.15,9.15,200,6.242541
2013-06-26,9.10,9.10,9.10,9.10,1000,6.208429
2013-06-25,8.80,8.80,8.80,8.80,200,6.003755
2013-06-24,9.01,9.01,8.81,8.90,2600,6.071979
2013-06-21,9.00,9.00,9.00,9.00,000,6.140204
2013-06-20,9.10,9.14,9.00,9.00,3900,6.140204
2013-06-19,9.17,9.17,9.00,9.15,1000,6.242541
2013-06-18,9.19,9.19,9.19,9.19,000,6.26983
2013-06-17,9.19,9.19,9.19,9.19,000,6.26983
2013-06-14,9.19,9.19,9.19,9.19,500,6.26983
2013-06-13,9.19,9.19,9.19,9.19,100,6.26983
2013-06-12,9.23,9.23,9.23,9.23,600,6.29712
2013-06-11,9.05,9.05,9.01,9.01,3800,6.147027
2013-06-10,9.03,9.03,9.03,9.03,000,6.160671
2013-06-07,9.09,9.34,9.03,9.03,3000,6.160671
2013-06-06,9.07,9.07,9.07,9.07,100,6.187961
2013-06-05,9.12,9.12,9.09,9.09,4300,6.201606
2013-06-04,9.12,9.12,9.12,9.12,000,6.222073
2013-06-03,9.12,9.12,9.12,9.12,000,6.222073
2013-05-31,9.14,9.14,9.12,9.12,1100,6.222073
2013-05-30,9.13,9.27,9.11,9.14,3800,6.235719
2013-05-29,9.12,9.19,9.12,9.19,3300,6.26983
2013-05-28,9.13,9.13,9.13,9.13,000,6.228896
2013-05-24,9.18,9.18,9.13,9.13,700,6.228896
2013-05-23,9.12,9.12,9.12,9.12,200,6.222073
2013-05-22,9.12,9.19,9.12,9.14,10800,6.235719
2013-05-21,9.15,9.15,9.12,9.12,2200,6.222073
2013-05-20,9.15,9.15,9.15,9.15,600,6.242541
2013-05-17,9.15,9.15,9.11,9.11,3700,6.215251
2013-05-16,9.15,9.15,9.15,9.15,000,6.242541
2013-05-15,9.15,9.15,9.12,9.15,2400,6.242541
2013-05-14,9.17,9.17,9.17,9.17,1900,6.256186
2013-05-13,9.19,9.19,9.04,9.06,4500,6.181139
2013-05-10,9.19,9.19,9.18,9.18,600,6.263008
2013-05-09,9.20,9.20,9.20,9.20,500,6.276653
2013-05-08,9.17,9.17,9.15,9.17,36400,6.256186
2013-05-07,9.17,9.17,9.14,9.14,2700,6.235719
2013-05-06,9.14,9.25,9.14,9.16,13900,6.249363
2013-05-03,9.16,9.16,9.16,9.16,000,6.249363
2013-05-02,9.16,9.16,9.07,9.16,10800,6.249363
2013-05-01,9.16,9.16,9.16,9.16,000,6.249363
2013-04-30,9.37,9.37,9.16,9.16,3500,6.249363
2013-04-29,9.15,9.15,9.06,9.06,300,6.181139
2013-04-26,9.20,9.20,9.20,9.20,000,6.276653
2013-04-25,9.11,9.20,9.01,9.20,2800,6.276653
2013-04-24,9.35,9.35,9.08,9.25,13200,6.310765
2013-04-23,9.26,9.38,9.26,9.29,3600,6.338055
2013-04-22,9.15,9.15,9.14,9.15,2800,6.242541
2013-04-19,9.13,9.25,9.13,9.25,2000,6.310765
2013-04-18,9.28,9.28,9.15,9.15,900,6.242541
2013-04-17,9.05,9.12,9.05,9.10,7100,6.208429
2013-04-16,8.91,8.99,8.91,8.91,400,6.078802
2013-04-15,9.04,9.05,8.88,8.89,4500,6.065157
2013-04-12,9.04,9.05,8.89,8.89,4300,6.065157
2013-04-11,9.05,9.05,9.05,9.05,000,6.174316
2013-04-10,9.05,9.05,9.05,9.05,000,6.174316
2013-04-09,8.95,9.05,8.95,9.05,2500,6.174316
2013-04-08,8.87,8.97,8.87,8.88,2200,6.058335
2013-04-05,8.87,8.93,8.85,8.93,800,6.092447
2013-04-04,8.86,9.05,8.86,8.87,1200,6.051512
2013-04-03,8.96,9.05,8.96,9.05,400,6.174316
2013-04-02,9.04,9.04,9.04,9.04,000,6.167494
2013-04-01,9.05,9.05,9.04,9.04,500,6.167494
2013-03-28,9.04,9.05,9.04,9.05,4300,6.174316
2013-03-27,9.05,9.05,9.03,9.03,1400,6.160671
2013-03-26,9.02,9.05,9.02,9.03,2900,6.160671
2013-03-25,8.90,8.92,8.90,8.91,3800,6.078802
2013-03-22,8.87,9.05,8.87,9.05,4000,6.174316
2013-03-21,9.00,9.04,8.93,9.00,2100,6.140204
2013-03-20,9.04,9.04,9.04,9.04,400,6.167494
2013-03-19,9.04,9.04,9.04,9.04,000,6.167494
2013-03-18,9.03,9.04,9.02,9.04,1500,6.167494
2013-03-15,8.97,8.97,8.97,8.97,500,6.119737
2013-03-14,9.02,9.04,8.98,8.98,4300,6.126559
2013-03-13,8.89,9.06,8.86,9.03,1300,6.160671
2013-03-12,8.85,8.85,8.85,8.85,1500,6.037868
2013-03-11,8.97,8.97,8.97,8.97,000,6.119737
2013-03-08,8.97,8.97,8.97,8.97,000,6.119737
2013-03-07,8.98,8.99,8.97,8.97,1200,6.119737
2013-03-06,8.85,8.90,8.85,8.85,17100,6.037868
2013-03-05,8.86,8.86,8.84,8.85,8500,6.037868
2013-03-04,8.96,8.96,8.85,8.89,3900,6.065157
2013-03-01,8.95,8.96,8.95,8.96,500,6.112914
2013-02-28,8.93,8.93,8.91,8.93,1900,6.092447
2013-02-27,8.93,8.93,8.93,8.93,000,6.092447
2013-02-26,9.28,9.28,8.92,8.93,15800,6.092447
2013-02-25,9.38,9.43,9.38,9.43,2800,6.168858
2013-02-22,9.44,9.44,9.44,9.44,300,6.1754
2013-02-21,9.41,9.42,9.40,9.42,3800,6.162317
2013-02-20,9.35,9.37,9.33,9.33,4300,6.103441
2013-02-19,9.32,9.35,9.32,9.35,3300,6.116525
2013-02-15,9.34,9.35,9.34,9.35,700,6.116525
2013-02-14,9.33,9.35,9.28,9.33,3800,6.103441
2013-02-13,9.30,9.30,9.30,9.30,400,6.083816
2013-02-12,9.29,9.29,9.29,9.29,000,6.077274
2013-02-11,9.24,9.29,9.24,9.29,400,6.077274
2013-02-08,9.33,9.33,9.33,9.33,200,6.103441
2013-02-07,9.30,9.30,9.23,9.25,700,6.051107
2013-02-06,9.28,9.28,9.23,9.23,1800,6.038023
2013-02-05,9.36,9.36,9.26,9.32,4500,6.096899
2013-02-04,9.33,9.33,9.26,9.26,900,6.057649
2013-02-01,9.16,9.16,9.15,9.15,1700,5.985689
2013-01-31,9.16,9.16,9.15,9.15,1700,5.985689
2013-01-30,9.36,9.36,9.30,9.30,2100,6.083816
2013-01-29,9.20,9.30,9.20,9.27,4500,6.064191
2013-01-28,9.15,9.25,9.15,9.20,6200,6.018398
2013-01-25,9.14,9.14,9.14,9.14,200,5.979148
2013-01-24,9.07,9.08,9.07,9.08,1800,5.939897
2013-01-23,9.07,9.07,9.07,9.07,000,5.933356
2013-01-22,9.10,9.19,9.02,9.07,3200,5.933356
2013-01-18,9.19,9.19,9.19,9.19,100,6.011856
2013-01-17,9.07,9.25,9.07,9.20,9900,6.018398
2013-01-16,9.11,9.11,9.06,9.06,6000,5.926814
2013-01-15,9.16,9.16,9.10,9.10,3200,5.952981
2013-01-14,9.17,9.17,9.17,9.17,000,5.998773
2013-01-11,9.26,9.27,9.17,9.17,1100,5.998773
2013-01-10,9.25,9.33,9.25,9.29,800,6.077274
2013-01-09,9.26,9.26,9.25,9.25,4800,6.051107
2013-01-08,9.25,9.25,9.25,9.25,000,6.051107
2013-01-07,9.28,9.28,9.22,9.25,1200,6.051107
2013-01-04,9.15,9.25,9.12,9.25,3300,6.051107
2013-01-03,9.22,9.22,9.22,9.22,000,6.031482
2013-01-02,8.97,9.24,8.97,9.22,4300,6.031482
2012-12-31,8.96,8.96,8.95,8.95,600,5.854855
2012-12-28,8.82,8.97,8.82,8.86,800,5.795979
2012-12-27,9.01,9.03,9.01,9.03,900,5.907189
2012-12-26,8.93,8.93,8.93,8.93,100,5.841772
2012-12-24,8.90,8.90,8.90,8.90,000,5.822146
2012-12-21,8.90,8.90,8.90,8.90,100,5.822146
2012-12-20,8.90,8.90,8.90,8.90,000,5.822146
2012-12-19,8.86,8.90,8.85,8.90,2000,5.822146
2012-12-18,8.95,9.03,8.95,9.03,1000,5.907189
2012-12-17,9.25,9.27,8.82,9.05,14300,5.920272
2012-12-14,9.00,9.00,9.00,9.00,7400,5.887564
2012-12-13,9.07,9.07,8.88,8.88,1700,5.809063
2012-12-12,8.97,8.97,8.97,8.97,000,5.867939
2012-12-11,8.90,8.97,8.80,8.97,9800,5.867939
2012-12-10,8.88,8.88,8.88,8.88,300,5.809063
2012-12-07,8.87,8.88,8.82,8.88,5800,5.809063
2012-12-06,8.76,8.85,8.75,8.85,3200,5.789438
2012-12-05,8.90,8.90,8.90,8.90,000,5.822146
2012-12-04,8.90,8.90,8.90,8.90,000,5.822146
2012-12-03,8.80,8.90,8.80,8.90,4300,5.822146
2012-11-30,8.80,8.80,8.80,8.80,400,5.756729
2012-11-29,8.90,8.90,8.85,8.85,1000,5.789438
2012-11-28,8.90,8.90,8.90,8.90,000,5.822146
2012-11-27,8.93,8.94,8.90,8.90,500,5.822146
2012-11-26,8.95,8.95,8.85,8.85,800,5.789438
2012-11-23,8.90,8.90,8.90,8.90,000,5.822146
2012-11-21,8.91,8.93,8.90,8.90,1200,5.822146
2012-11-20,8.81,8.81,8.77,8.81,600,5.763271
2012-11-19,8.91,8.96,8.81,8.85,2000,5.789438
2012-11-16,8.80,8.96,8.76,8.83,2200,5.776354
2012-11-15,8.97,8.97,8.75,8.92,5300,5.83523
2012-11-14,8.97,8.97,8.95,8.96,2500,5.861397
2012-11-13,8.98,8.98,8.98,8.98,000,5.87448
2012-11-12,9.09,9.09,8.98,8.98,2200,5.87448
2012-11-09,9.00,9.07,8.91,9.07,1600,5.933356
2012-11-08,9.00,9.04,9.00,9.04,1600,5.913731
2012-11-07,9.04,9.04,9.04,9.04,100,5.913731
2012-11-06,9.03,9.05,9.00,9.05,5700,5.920272
2012-11-05,9.07,9.07,9.05,9.05,1500,5.920272
2012-11-02,9.06,9.06,9.06,9.06,000,5.926814
2012-11-01,9.06,9.26,9.01,9.06,3800,5.926814
2012-10-31,9.02,9.02,9.00,9.00,1000,5.887564
2012-10-26,9.17,9.25,9.16,9.25,3400,6.051107
2012-10-25,9.15,9.16,9.14,9.14,1500,5.979148
2012-10-24,9.02,9.13,9.01,9.10,2500,5.952981
2012-10-23,9.11,9.11,9.11,9.11,000,5.959522
2012-10-22,9.06,9.15,9.00,9.11,6600,5.959522
2012-10-19,8.98,8.99,8.98,8.98,9000,5.87448
2012-10-18,8.98,8.99,8.98,8.99,2800,5.881022
2012-10-17,9.00,9.00,8.87,8.99,10800,5.881022
2012-10-16,9.00,9.00,8.99,8.99,2700,5.881022
2012-10-15,8.99,8.99,8.99,8.99,1000,5.881022
2012-10-12,8.99,9.05,8.99,9.00,2000,5.887564
2012-10-11,8.92,8.96,8.76,8.96,2000,5.861397
2012-10-10,8.91,8.99,8.90,8.90,2300,5.822146
2012-10-09,8.88,9.00,8.88,9.00,2800,5.887564
2012-10-08,9.01,9.05,8.81,8.81,5500,5.763271
2012-10-05,9.01,9.01,8.97,8.98,600,5.87448
2012-10-04,9.06,9.06,9.01,9.01,700,5.894105
2012-10-03,9.04,9.05,9.00,9.00,1400,5.887564
2012-10-02,9.00,9.00,9.00,9.00,000,5.887564
2012-10-01,9.04,9.04,8.99,9.00,18100,5.887564
2012-09-28,8.84,9.00,8.84,8.99,7900,5.881022
2012-09-27,8.89,8.89,8.82,8.83,2800,5.776354
2012-09-26,8.89,8.97,8.80,8.80,4600,5.756729
2012-09-25,8.87,9.00,8.85,8.85,13800,5.789438
2012-09-24,8.89,8.99,8.86,8.86,10500,5.795979
2012-09-21,8.89,9.05,8.89,8.98,6400,5.87448
2012-09-20,9.01,9.01,9.00,9.00,4500,5.887564
2012-09-19,8.99,9.05,8.98,9.05,3800,5.920272
2012-09-18,8.97,9.02,8.97,8.99,1300,5.881022
2012-09-17,8.92,8.92,8.92,8.92,300,5.83523
2012-09-14,9.04,9.04,8.95,9.01,6100,5.894105
2012-09-13,8.98,9.05,8.96,9.00,16200,5.887564
2012-09-12,9.01,9.27,9.01,9.06,6300,5.926814
2012-09-11,9.03,9.08,8.91,9.08,11300,5.939897
2012-09-10,9.10,9.10,9.01,9.07,12300,5.933356
2012-09-07,9.02,9.08,9.02,9.08,10000,5.939897
2012-09-06,9.01,9.10,9.01,9.10,4400,5.952981
2012-09-05,9.00,9.16,9.00,9.04,7900,5.913731
2012-09-04,9.05,9.09,9.00,9.09,5700,5.946439
2012-08-31,8.87,9.00,8.85,9.00,3400,5.887564
2012-08-30,9.12,9.18,9.01,9.01,4100,5.894105
2012-08-29,9.06,9.20,9.01,9.18,6300,6.005315
2012-08-28,9.39,9.46,9.39,9.40,3400,5.895414
2012-08-27,9.46,9.46,9.41,9.41,2600,5.901686
2012-08-24,9.40,9.40,9.38,9.38,2200,5.882871
2012-08-23,9.36,9.36,9.32,9.32,1800,5.84524
2012-08-22,9.37,9.47,9.30,9.30,7200,5.832697
2012-08-21,9.38,9.38,9.34,9.34,5200,5.857784
2012-08-20,9.39,9.39,9.38,9.38,700,5.882871
2012-08-17,9.36,9.40,9.36,9.40,3500,5.895414
2012-08-16,9.37,9.40,9.37,9.37,1800,5.876599
2012-08-15,9.39,9.40,9.38,9.39,1800,5.889142
2012-08-14,9.39,9.39,9.15,9.26,4700,5.80761
2012-08-13,9.26,9.26,9.22,9.25,3000,5.801338
2012-08-10,9.40,9.40,9.40,9.40,000,5.895414
2012-08-09,9.34,9.40,9.30,9.40,3100,5.895414
2012-08-08,9.36,9.36,9.25,9.35,4400,5.864056
2012-08-07,9.25,9.27,9.20,9.20,2600,5.769979
2012-08-06,9.40,9.40,9.22,9.40,3500,5.895414
2012-08-03,9.37,9.40,9.37,9.40,2100,5.895414
2012-08-02,9.23,9.23,9.23,9.23,2600,5.788794
2012-08-01,9.30,9.40,9.21,9.22,3200,5.782523
2012-07-31,9.30,9.30,9.30,9.30,1700,5.832697
2012-07-30,9.30,9.30,9.30,9.30,000,5.832697
2012-07-27,9.29,9.30,9.29,9.30,1900,5.832697
2012-07-26,9.29,9.29,9.29,9.29,000,5.826425
2012-07-25,9.29,9.29,9.29,9.29,1000,5.826425
2012-07-24,9.17,9.17,9.16,9.16,1000,5.744893
2012-07-23,9.16,9.30,9.16,9.30,700,5.832697
2012-07-20,9.17,9.29,9.16,9.29,1700,5.826425
2012-07-19,9.30,9.30,9.16,9.16,1100,5.744893
2012-07-18,9.20,9.25,9.20,9.25,5300,5.801338
2012-07-17,9.20,9.20,9.20,9.20,1500,5.769979
2012-07-16,9.19,9.20,9.19,9.20,3400,5.769979
2012-07-13,9.11,9.11,9.11,9.11,000,5.713534
2012-07-12,9.19,9.20,9.11,9.11,4500,5.713534
2012-07-11,9.20,9.20,9.20,9.20,4300,5.769979
2012-07-10,9.20,9.20,9.20,9.20,000,5.769979
2012-07-09,9.17,9.20,9.17,9.20,5600,5.769979
2012-07-06,9.03,9.03,9.02,9.02,600,5.657089
2012-07-05,9.18,9.18,9.18,9.18,000,5.757436
2012-07-03,9.18,9.18,9.18,9.18,1000,5.757436
2012-07-02,9.00,9.00,9.00,9.00,000,5.644545
2012-06-29,9.01,9.01,9.00,9.00,600,5.644545
2012-06-28,9.06,9.16,9.03,9.04,1800,5.669632
2012-06-27,9.20,9.20,9.00,9.09,4400,5.700991
2012-06-26,9.15,9.20,9.15,9.20,3500,5.769979
2012-06-25,9.20,9.20,9.20,9.20,1500,5.769979
2012-06-22,9.19,9.20,9.19,9.20,1400,5.769979
2012-06-21,9.15,9.15,9.15,9.15,1900,5.738621
2012-06-20,9.10,9.15,9.10,9.15,3000,5.738621
2012-06-19,9.12,9.13,9.10,9.10,7300,5.707263
2012-06-18,9.12,9.12,9.12,9.12,1200,5.719806
2012-06-15,8.90,9.10,8.90,9.10,3500,5.707263
2012-06-14,8.90,8.90,8.72,8.90,1300,5.581828
2012-06-13,9.01,9.01,9.01,9.01,000,5.650817
2012-06-12,9.01,9.01,9.01,9.01,000,5.650817
2012-06-11,8.70,9.01,8.70,9.01,1400,5.650817
2012-06-08,8.47,8.80,8.47,8.68,8000,5.443851
2012-06-07,8.90,8.90,8.71,8.71,1400,5.462665
2012-06-06,8.76,8.94,8.76,8.94,1000,5.606915
2012-06-05,8.81,8.85,8.76,8.76,2100,5.494024
2012-06-04,9.04,9.04,8.84,8.89,1000,5.575557
2012-06-01,9.13,9.13,8.93,9.05,1700,5.675904
2012-05-31,9.04,9.04,8.80,8.81,3900,5.525383
2012-05-30,8.80,8.80,8.80,8.80,000,5.519111
2012-05-29,8.80,8.80,8.80,8.80,600,5.519111
2012-05-25,9.20,9.20,9.02,9.02,400,5.657089
2012-05-24,8.80,8.97,8.76,8.97,4700,5.62573
2012-05-23,8.81,8.81,8.81,8.81,000,5.525383
2012-05-22,8.82,8.90,8.81,8.81,1300,5.525383
2012-05-21,8.90,8.90,8.90,8.90,000,5.581828
2012-05-18,8.97,9.00,8.89,8.90,5100,5.581828
2012-05-17,9.18,9.18,8.90,8.90,1800,5.581828
2012-05-16,9.20,9.20,8.95,8.95,2200,5.613187
2012-05-15,9.00,9.00,8.89,8.95,5900,5.613187
2012-05-14,9.07,9.07,9.00,9.00,6600,5.644545
2012-05-11,9.14,9.14,9.10,9.10,300,5.707263
2012-05-10,9.21,9.21,9.05,9.05,2100,5.675904
2012-05-09,9.05,9.20,9.05,9.20,1100,5.769979
2012-05-08,9.14,9.14,9.14,9.14,000,5.73235
2012-05-07,9.14,9.14,9.14,9.14,000,5.73235
2012-05-04,9.14,9.14,9.14,9.14,000,5.73235
2012-05-03,9.13,9.15,9.13,9.14,1400,5.73235
2012-05-02,9.14,9.15,9.14,9.15,1000,5.738621
2012-05-01,9.17,9.23,9.13,9.20,1900,5.769979
2012-04-30,9.00,9.00,9.00,9.00,1500,5.644545
2012-04-27,9.05,9.05,9.00,9.05,4000,5.675904
2012-04-26,9.05,9.05,9.05,9.05,000,5.675904
2012-04-25,9.05,9.09,9.05,9.05,1900,5.675904
2012-04-24,9.07,9.26,9.05,9.26,14100,5.80761
2012-04-23,9.09,9.09,9.00,9.05,4000,5.675904
2012-04-20,9.10,9.10,9.10,9.10,000,5.707263
2012-04-19,9.10,9.10,9.10,9.10,000,5.707263
2012-04-18,9.10,9.10,9.10,9.10,000,5.707263
2012-04-17,9.09,9.10,9.09,9.10,400,5.707263
2012-04-16,9.06,9.06,9.05,9.05,600,5.675904
2012-04-13,9.12,9.12,9.12,9.12,500,5.719806
2012-04-12,9.05,9.15,9.05,9.10,4400,5.707263
